-0.02535,0.82305,-0.005126,-0.013241,0.62108,0.053648,-0.20529,0.54223,0.071419,0.17388,0.54312,0.05251,-0.37896,0.28842,0.088397,0.30157,0.27372,0.072993,-0.61198,0.18876,0.034497,0.52572,0.18656,-0.049164,0.0017032,0.26016,0.055091,0,0.19371,0,-0.075736,0.093383,-0.008242,0.080325,0.12277,-0.018901,-0.030939,-0.5463,0.017161,0.0862,-0.39812,-0.041811,-0.044133,-1.0068,0.0187,0.095783,-0.74522,0.006581
-0.024027,0.78209,-0.009741,-0.010841,0.59796,0.06325,-0.20467,0.48267,0.067526,0.18257,0.49127,0.050591,-0.37446,0.25618,0.06824,0.30855,0.24732,0.05822,-0.60677,0.17726,-0.020523,0.52828,0.16399,-0.092581,0.00074608,0.21599,0.05709,0,0.15163,0,-0.077328,0.051469,-0.009049,0.081255,0.079216,-0.022407,-0.034666,-0.58908,0.004542,0.070108,-0.50891,-0.031193,-0.045054,-1.0063,0.020282,0.071252,-0.95395,0.013433
-0.024562,0.72154,-0.001428,-0.0076478,0.54201,0.057273,-0.20369,0.4423,0.066475,0.17871,0.45155,0.062206,-0.37149,0.20817,0.047423,0.30308,0.17732,0.049248,-0.6014,0.14941,-0.063894,0.50017,0.12005,-0.12148,-0.00052948,0.16636,0.056036,0,0.10083,0,-0.079235,-0.00019785,-0.013419,0.081879,0.034555,-0.014255,-0.045018,-0.61497,-0.015985,0.070899,-0.51111,-0.037537,-0.070307,-1.0072,0.034195,0.067347,-0.95226,0.029834
-0.015586,0.65418,-0.000893,-0.00016554,0.47711,0.061647,-0.19885,0.38566,0.067485,0.18066,0.38763,0.058595,-0.35917,0.15003,0.021646,0.30823,0.1388,0.031976,-0.57766,0.1075,-0.11963,0.49102,0.066302,-0.14665,0.0011791,0.10035,0.05697,0,0.035234,0,-0.081969,-0.049686,-0.013707,0.082032,-0.048171,-0.01523,-0.06205,-0.60559,-0.047388,0.055799,-0.51982,-0.075056,-0.050724,-1.0104,0.068552,0.062484,-0.9506,0.033263
-0.019519,0.60202,0.015099,-0.00071322,0.41893,0.069539,-0.19922,0.31088,0.066736,0.18504,0.32302,0.059688,-0.36451,0.10575,0.012013,0.30395,0.079075,0.022632,-0.56461,0.06513,-0.15685,0.47912,0.013406,-0.17542,0.0010932,0.044203,0.058379,0,-0.019332,0,-0.085757,-0.10596,-0.018044,0.086034,-0.10267,-0.014477,-0.073154,-0.6195,-0.060959,0.072384,-0.62392,-0.080081,-0.053423,-1.0122,0.07164,0.05578,-1.0216,0.074894
-0.013976,0.56315,0.009818,-0.0050136,0.37989,0.065256,-0.19719,0.2775,0.067254,0.1863,0.2812,0.058144,-0.35512,0.063316,-0.002973,0.30756,0.014342,0.010857,-0.54817,0.040331,-0.1838,0.47448,-0.024761,-0.19355,0.00050595,0.012309,0.058033,0,-0.050246,0,-0.085503,-0.13757,-0.012903,0.086843,-0.13364,-0.018371,-0.074436,-0.62245,-0.065625,0.081405,-0.62714,-0.077312,-0.034994,-1.0192,0.070316,0.058587,-1.023,0.076311
-0.015344,0.56407,0.010364,-0.0043999,0.37998,0.064641,-0.19655,0.27557,0.065322,0.18695,0.2796,0.05838,-0.35065,0.063409,-0.005634,0.30408,0.016509,0.021673,-0.52848,0.0087576,-0.19559,0.47171,-0.046913,-0.2016,0.00041355,0.011243,0.058078,0,-0.051879,0,-0.085922,-0.13905,-0.012685,0.087139,-0.13544,-0.018067,-0.073773,-0.6219,-0.06588,0.069091,-0.62442,-0.069956,-0.039142,-1.0069,0.064302,0.057735,-1.0221,0.077441
-0.012858,0.59502,-0.001241,0.0053096,0.40932,0.055662,-0.1892,0.3024,0.058869,0.18971,0.3073,0.054352,-0.33582,0.081125,-0.002059,0.30116,0.045017,0.025323,-0.51189,0.002971,-0.18455,0.47234,-0.05238,-0.1985,0.0013644,0.03264,0.057288,0,-0.032368,0,-0.088426,-0.11413,-0.011334,0.086314,-0.11689,-0.016274,-0.063787,-0.59991,-0.045506,0.071403,-0.62522,-0.038034,-0.038392,-1.0037,0.064133,0.058785,-1.0203,0.078026
-0.0093768,0.66685,-0.000792,0.012916,0.48906,0.063694,-0.18636,0.37868,0.063462,0.1861,0.39504,0.050212,-0.31481,0.14069,0.003225,0.31546,0.11536,0.024763,-0.48168,0.0012507,-0.14552,0.46106,-0.031869,-0.13951,0.0043408,0.10325,0.058345,0,0.036647,0,-0.085589,-0.04646,-0.010974,0.080868,-0.045612,-0.017542,-0.041149,-0.61003,0.009274,0.053163,-0.62594,0.015105,-0.037068,-1.0084,0.067335,0.063642,-1.0123,0.078003
-0.015414,0.71888,-0.009058,-0.0011559,0.54222,0.057177,-0.18566,0.43341,0.055959,0.18438,0.44957,0.051153,-0.30918,0.18984,0.021805,0.28651,0.16898,0.037786,-0.47727,0.026362,-0.09421,0.46298,-0.01358,-0.12366,0.00082436,0.16101,0.057567,0,0.094536,0,-0.080555,0.010665,-0.010833,0.080981,0.013758,-0.015462,-0.041608,-0.59326,0.011334,0.046898,-0.5718,0.008067,-0.06274,-0.97072,0.061928,0.052407,-0.97868,0.076256
-0.018408,0.75559,-0.018038,-0.0069318,0.57369,0.054107,-0.19418,0.48201,0.057991,0.17767,0.4879,0.041693,-0.31402,0.20728,0.027458,0.30091,0.19753,0.039993,-0.48976,0.035017,-0.056022,0.48804,0.019117,-0.084978,0.0011475,0.19725,0.057161,0,0.13156,0,-0.079187,0.04285,-0.007965,0.081861,0.05471,-0.017814,-0.049058,-0.51424,-0.028003,0.039603,-0.52201,-0.026872,-0.056618,-0.9067,0.099169,0.064646,-0.92872,0.12186
-0.017493,0.77249,-0.015292,-0.0047476,0.59908,0.054704,-0.1966,0.5229,0.062688,0.18131,0.51099,0.038133,-0.31451,0.24379,0.045928,0.31085,0.24235,0.046275,-0.49852,0.068422,0.004587,0.49926,0.060934,-0.044564,0.0021715,0.24562,0.057439,0,0.18357,0,-0.080345,0.096005,-0.005534,0.082681,0.099933,-0.022121,-0.047837,-0.43334,-0.059733,0.048142,-0.43749,-0.072002,-0.054753,-0.82389,0.14341,0.039086,-0.83472,0.11938
-0.017001,0.80376,-0.027321,-0.012462,0.61753,0.052031,-0.19748,0.53083,0.062529,0.17767,0.53532,0.032715,-0.31696,0.26549,0.055052,0.32177,0.25459,0.048513,-0.51405,0.10267,0.039248,0.51458,0.089969,-0.04311,0.0025962,0.25227,0.05729,0,0.18899,0,-0.079107,0.10253,-0.006815,0.083339,0.10815,-0.019717,-0.051462,-0.42923,-0.058129,0.066489,-0.38379,-0.092566,-0.027691,-0.8092,0.16205,0.037959,-0.76283,0.12853
-0.021727,0.81179,-0.02593,-0.015723,0.63357,0.050328,-0.20047,0.54561,0.064429,0.16908,0.55522,0.030288,-0.32707,0.27707,0.066538,0.31586,0.27706,0.055227,-0.52934,0.12066,0.051817,0.52395,0.13994,-0.035638,0.002845,0.25966,0.056968,0,0.19437,0,-0.077352,0.10821,-0.006841,0.082781,0.11574,-0.019492,-0.063536,-0.44315,-0.037013,0.070085,-0.40954,-0.067235,-0.032785,-0.81355,0.15994,0.033953,-0.79604,0.1419
-0.02583,0.81849,-0.031164,-0.016493,0.63961,0.048521,-0.2019,0.55987,0.059179,0.16713,0.55737,0.029198,-0.33304,0.28581,0.072626,0.31206,0.28199,0.056528,-0.54489,0.14253,0.05875,0.52523,0.14621,-0.036055,0.0018588,0.26186,0.056862,0,0.19563,0,-0.07596,0.11,-0.008014,0.082151,0.11672,-0.018029,-0.051199,-0.48522,0.00031,0.070052,-0.43496,-0.051701,-0.066594,-0.86143,0.09575,0.032696,-0.8616,0.074493
-0.029246,0.81348,-0.038961,-0.018029,0.63911,0.039791,-0.20325,0.55736,0.058938,0.16348,0.54889,0.019697,-0.33595,0.28636,0.074759,0.31083,0.28365,0.056466,-0.55846,0.1609,0.047108,0.52703,0.15628,-0.050304,0.0027611,0.25979,0.056233,0,0.19148,0,-0.075262,0.10544,-0.005769,0.081787,0.11336,-0.017256,-0.05337,-0.53223,0.029695,0.072261,-0.51549,-0.010553,-0.092726,-0.92895,0.024051,0.065173,-0.93818,0.030008
-0.037308,0.80487,-0.050551,-0.020795,0.62073,0.02289,-0.20476,0.53003,0.045289,0.16545,0.54427,0.020156,-0.35035,0.26751,0.075419,0.32503,0.26428,0.04211,-0.5759,0.15423,0.019091,0.53354,0.15078,-0.067672,0.0004709,0.25197,0.052743,0,0.18295,0,-0.075171,0.083779,-0.005666,0.08223,0.1111,-0.01408,-0.055773,-0.55397,0.037142,0.076414,-0.52886,-0.000252,-0.10357,-0.98216,0.017444,0.076962,-0.94961,0.007768
-0.034024,0.75814,-0.069702,-0.016729,0.58515,0.020783,-0.20071,0.5059,0.045819,0.1738,0.49862,0.011904,-0.35177,0.24206,0.069472,0.32108,0.24735,0.039743,-0.57753,0.13658,-0.002989,0.52056,0.12466,-0.11089,0.0015607,0.2007,0.049216,0,0.12937,0,-0.074497,0.049532,-0.002577,0.081526,0.047972,-0.009551,-0.048461,-0.58678,0.036855,0.081533,-0.56963,0.002276,-0.086433,-0.98734,0.029068,0.082569,-0.95933,0.005907
-0.037226,0.72523,-0.064676,-0.014055,0.54431,0.017375,-0.20555,0.43986,0.041299,0.17368,0.45913,0.009622,-0.35938,0.18837,0.056423,0.30939,0.19805,0.028245,-0.58295,0.098451,-0.043913,0.50589,0.080886,-0.13304,0.001678,0.17264,0.047244,0,0.10133,0,-0.079945,0.0062874,-0.002705,0.084721,0.019227,-0.009883,-0.048338,-0.60048,0.011706,0.084502,-0.585,-0.011323,-0.083208,-0.99637,0.042234,0.082889,-0.97807,0.01273
-0.034026,0.65734,-0.062139,-0.012802,0.48206,0.022445,-0.20194,0.39205,0.037574,0.17313,0.4012,0.014239,-0.34777,0.1593,0.042497,0.31383,0.14444,0.016174,-0.55833,0.058398,-0.076285,0.48831,0.037149,-0.16147,0.00083044,0.11339,0.046973,0,0.044212,0,-0.080756,-0.043524,-0.004471,0.085675,-0.036285,-0.009669,-0.048594,-0.60999,-0.004816,0.079141,-0.58944,-0.025871,-0.07073,-1.0165,0.074568,0.068207,-0.99465,0.042359
-0.032824,0.62279,-0.063688,-0.0072518,0.42665,0.029072,-0.20287,0.32829,0.032942,0.16775,0.34704,0.021411,-0.35667,0.097143,0.021503,0.29557,0.077434,0.018168,-0.57341,0.024303,-0.10735,0.48255,-0.016074,-0.18054,0.00044898,0.061111,0.047773,0,-0.0065141,0,-0.083692,-0.093542,-0.00586,0.086451,-0.085176,-0.010789,-0.049823,-0.61557,-0.031776,0.078955,-0.60727,-0.057842,-0.071713,-1.008,0.075606,0.066937,-1.0043,0.056915
-0.031797,0.60823,-0.050389,-0.0046288,0.41598,0.035274,-0.20506,0.31035,0.038457,0.17291,0.31905,0.024967,-0.35598,0.083544,0.023479,0.29066,0.069235,0.020101,-0.55881,0.0028695,-0.12383,0.47091,-0.027189,-0.17488,0.0010741,0.045498,0.049274,0,-0.02276,0,-0.086309,-0.11186,-0.008742,0.087671,-0.1058,-0.011506,-0.051446,-0.6196,-0.034354,0.080215,-0.61353,-0.057787,-0.056495,-1.0041,0.079489,0.063653,-1.0101,0.065729
-0.030634,0.60715,-0.045902,-0.0052574,0.41591,0.03382,-0.20499,0.30984,0.03803,0.17312,0.31854,0.026571,-0.35442,0.083109,0.021737,0.29012,0.066381,0.020894,-0.5519,-0.0060473,-0.12795,0.47057,-0.051697,-0.18251,0.00072695,0.044773,0.049287,0,-0.023759,0,-0.086489,-0.11252,-0.008569,0.088078,-0.10656,-0.011055,-0.050922,-0.6091,-0.032145,0.079667,-0.61423,-0.05281,-0.050677,-1.0044,0.080828,0.056018,-1.0111,0.067783
-0.024984,0.63553,-0.032715,-0.0070144,0.4475,0.03442,-0.20362,0.334,0.037659,0.17272,0.36144,0.037195,-0.34836,0.099728,0.020622,0.2942,0.082433,0.022738,-0.54243,-0.0081596,-0.11994,0.46821,-0.052234,-0.17285,-0.00067662,0.069637,0.04944,0,0.00038969,0,-0.086213,-0.085608,-0.009251,0.088532,-0.080751,-0.009594,-0.047942,-0.60319,-0.005296,0.073828,-0.60968,-0.017579,-0.048535,-1.004,0.080563,0.048144,-1.0087,0.064234
-0.029618,0.70062,-0.029165,-0.0092065,0.51887,0.038046,-0.19944,0.40768,0.036181,0.17295,0.42193,0.035517,-0.34145,0.15699,0.028124,0.30124,0.14129,0.028256,-0.52306,0.010675,-0.090347,0.45657,-0.018953,-0.11271,-0.0012438,0.13312,0.050507,0,0.062455,0,-0.081586,-0.023511,-0.009068,0.084946,-0.018153,-0.010053,-0.041742,-0.61565,0.035912,0.065572,-0.62073,0.02846,-0.056851,-1.0021,0.073794,0.057234,-1.0027,0.048268
-0.026981,0.74406,-0.036213,-0.016677,0.56183,0.042139,-0.20431,0.46049,0.038689,0.16715,0.47244,0.0316,-0.33807,0.2049,0.043007,0.29852,0.16679,0.037694,-0.53112,0.055302,-0.046278,0.47156,0.014741,-0.087118,-0.0016523,0.17383,0.051677,0,0.10337,0,-0.077732,0.016564,-0.009688,0.083712,0.02517,-0.010684,-0.04261,-0.60724,0.032643,0.070107,-0.60313,0.02062,-0.064821,-0.99445,0.062549,0.06921,-1.0009,0.044695
-0.028425,0.7681,-0.035727,-0.017206,0.58497,0.040473,-0.20235,0.49387,0.040803,0.16965,0.49841,0.033227,-0.33568,0.24663,0.06426,0.30075,0.23156,0.056803,-0.53745,0.10338,-0.013446,0.49074,0.056845,-0.030055,-0.0020031,0.21885,0.051739,0,0.15333,0,-0.0775,0.064905,-0.0098,0.085107,0.075304,-0.010003,-0.030604,-0.53279,-0.008268,0.062714,-0.51257,-0.023298,-0.066972,-0.9428,0.069725,0.079113,-0.92987,0.090234
-0.031859,0.79341,-0.031743,-0.023926,0.60856,0.043095,-0.20089,0.5258,0.040013,0.1632,0.52294,0.033035,-0.34163,0.26132,0.068074,0.30102,0.25292,0.067691,-0.55333,0.12752,0.003277,0.50181,0.091509,-0.017981,-0.0028885,0.23253,0.052634,0,0.16528,0,-0.074509,0.079919,-0.01054,0.083959,0.090318,-0.009802,-0.038247,-0.48123,-0.035023,0.070067,-0.4702,-0.041842,-0.056285,-0.87384,0.10432,0.029372,-0.88359,0.11944
-0.037954,0.80959,-0.02205,-0.026258,0.62392,0.046921,-0.20728,0.53675,0.044966,0.1571,0.52785,0.035467,-0.36046,0.27946,0.076205,0.2969,0.26565,0.070195,-0.5871,0.17005,0.01785,0.50236,0.11883,-0.018448,-0.0031251,0.24611,0.0537,0,0.1787,0,-0.073708,0.092337,-0.013165,0.08359,0.10387,-0.008749,-0.041197,-0.47408,-0.03644,0.064113,-0.46622,-0.042933,-0.059877,-0.86857,0.10248,0.020873,-0.87417,0.12992
-0.038548,0.81478,-0.017493,-0.030227,0.63191,0.051939,-0.21075,0.55585,0.049775,0.15236,0.57733,0.05108,-0.36382,0.29172,0.075037,0.29365,0.27864,0.071557,-0.58655,0.17498,0.014995,0.50455,0.14494,-0.01918,-0.0047793,0.2574,0.054982,0,0.19186,0,-0.072419,0.10318,-0.016194,0.083848,0.11938,-0.007969,-0.05204,-0.49634,-0.015581,0.062279,-0.46813,-0.039564,-0.073591,-0.88149,0.070881,-0.0042079,-0.8924,0.088687
-0.038304,0.81789,-0.014237,-0.0323,0.63368,0.053361,-0.21232,0.55751,0.051018,0.15247,0.57698,0.052099,-0.36466,0.29444,0.074416,0.29082,0.2827,0.069538,-0.58644,0.18956,-0.011952,0.50591,0.14948,-0.021717,-0.0049886,0.25826,0.055431,0,0.19274,0,-0.07201,0.10388,-0.016354,0.083828,0.11985,-0.008108,-0.057558,-0.53671,0.003347,0.05457,-0.52102,-0.009833,-0.08329,-0.89038,0.051712,0.034485,-0.92994,0.047575
-0.034507,0.79781,-0.003787,-0.0273,0.56828,0.055622,-0.2101,0.55187,0.050702,0.16059,0.55226,0.05473,-0.363,0.29225,0.066951,0.29351,0.28104,0.067944,-0.58124,0.18825,-0.030669,0.51793,0.1425,-0.052894,-0.0062167,0.25016,0.055669,0,0.19066,0,-0.072299,0.09915,-0.016699,0.080937,0.11792,-0.009723,-0.051927,-0.54125,0.00651,0.066173,-0.5121,-0.014214,-0.10069,-0.96728,-0.011725,0.038566,-0.94881,0.015322
-0.02734,0.79671,-0.006577,-0.025044,0.57915,0.059271,-0.20915,0.52807,0.053668,0.16439,0.52948,0.055787,-0.36156,0.26503,0.049607,0.29466,0.23908,0.056604,-0.58221,0.15564,-0.085649,0.51213,0.12323,-0.066877,-0.004631,0.23566,0.05673,0,0.17267,0,-0.072117,0.072433,-0.017334,0.081271,0.10547,-0.011156,-0.052451,-0.5686,-0.004467,0.073603,-0.51367,-0.016152,-0.096367,-0.96797,-0.012478,0.036017,-0.96037,0.010042
-0.026153,0.74641,0.003546,-0.019808,0.56922,0.065226,-0.20093,0.47547,0.050845,0.16287,0.48817,0.059762,-0.35795,0.21261,0.019721,0.29894,0.2101,0.053754,-0.56151,0.11867,-0.11778,0.50693,0.069166,-0.095225,-0.004076,0.19283,0.059033,0,0.12986,0,-0.071648,0.036175,-0.021021,0.079357,0.067695,-0.010673,-0.040697,-0.58766,-0.025055,0.076191,-0.51521,-0.036682,-0.095523,-0.98892,-0.001779,0.048774,-0.96393,0.02089
-0.033735,0.70035,0.00414,-0.019674,0.50956,0.066296,-0.20955,0.41874,0.050976,0.15772,0.42532,0.062135,-0.35642,0.15988,0.002496,0.28968,0.14386,0.043218,-0.55515,0.071492,-0.14651,0.49073,0.011706,-0.12634,-0.0046402,0.13535,0.058413,0,0.071696,0,-0.076799,-0.016282,-0.022288,0.084122,-0.0033152,-0.007739,-0.039476,-0.61225,-0.062491,0.07254,-0.50825,-0.05198,-0.095853,-0.99453,0.018725,0.042871,-0.95449,0.018393
-0.016534,0.63473,0.016617,-0.015023,0.44778,0.076116,-0.19761,0.34908,0.043085,0.16986,0.36206,0.060271,-0.34965,0.11241,-0.011128,0.30422,0.077425,0.040645,-0.53293,0.014343,-0.17456,0.4909,-0.029055,-0.1362,-0.0044884,0.069652,0.060033,0,0.0064773,0,-0.077847,-0.076794,-0.026573,0.083403,-0.073466,-0.006894,-0.043978,-0.59616,-0.084073,0.094791,-0.54524,-0.065504,-0.086608,-0.99456,0.030504,0.050438,-0.93068,0.012222
-0.016,0.61643,0.029424,-0.017817,0.42021,0.080152,-0.20155,0.29204,0.040723,0.17349,0.30194,0.071115,-0.35173,0.073772,-0.018532,0.30225,0.04627,0.047533,-0.53715,-0.016629,-0.18396,0.47336,-0.074976,-0.13236,-0.0068326,0.032675,0.060824,0,-0.032248,0,-0.082044,-0.11585,-0.029445,0.089347,-0.11912,-0.00604,-0.062973,-0.60853,-0.095061,0.085652,-0.5888,-0.080603,-0.092934,-1.0169,0.062078,0.033869,-1.0192,0.041079
-0.012826,0.60512,0.025446,-0.01387,0.40788,0.077422,-0.20041,0.28443,0.034042,0.17347,0.29437,0.068713,-0.35303,0.06206,-0.017232,0.30228,0.02749,0.047521,-0.52775,-0.037835,-0.18917,0.47047,-0.082848,-0.13222,-0.00675,0.02033,0.060496,0,-0.04489,0,-0.082989,-0.12791,-0.029202,0.088604,-0.12876,-0.005348,-0.076058,-0.612,-0.10019,0.086654,-0.59769,-0.081744,-0.091309,-1.02,0.06143,0.032308,-1.0291,0.038048
-0.014063,0.61066,0.028016,-0.014697,0.41427,0.076296,-0.19999,0.2904,0.029575,0.17238,0.3018,0.067444,-0.3498,0.065447,-0.018235,0.29935,0.033307,0.048697,-0.52848,-0.041301,-0.18083,0.46924,-0.084937,-0.13079,-0.0073177,0.027454,0.060391,0,-0.037554,0,-0.083372,-0.12162,-0.028888,0.089317,-0.11807,-0.004435,-0.071259,-0.60743,-0.085277,0.077418,-0.58688,-0.077944,-0.094381,-1.0114,0.054735,0.019031,-1.0214,0.031872
-0.012183,0.664,0.033631,-0.012713,0.47723,0.074565,-0.19842,0.35398,0.034837,0.17173,0.3657,0.064859,-0.34375,0.11429,-0.005767,0.30156,0.080593,0.064561,-0.52108,-0.022128,-0.14355,0.47985,-0.056434,-0.071129,-0.0059309,0.085828,0.060402,0,0.019545,0,-0.082919,-0.066946,-0.024613,0.087485,-0.058342,-0.00733,-0.050266,-0.60613,-0.030137,0.070656,-0.5302,-0.039305,-0.090012,-1.013,0.046089,0.020319,-0.97419,0.041592
-0.0084418,0.72668,0.036463,-0.0041133,0.53751,0.073498,-0.1906,0.41913,0.043827,0.17403,0.42594,0.071566,-0.34287,0.16009,0.019453,0.29669,0.13682,0.070406,-0.53263,0.020382,-0.093776,0.47878,-0.010272,-0.046479,-0.0043931,0.13891,0.060425,0,0.070781,0,-0.079845,-0.013582,-0.026989,0.081281,-0.0078644,-0.003703,-0.052725,-0.59661,-0.029589,0.062422,-0.51041,-0.03976,-0.083047,-1.0141,0.034964,0.033998,-0.95917,0.030483
-0.013207,0.77539,0.042369,-0.018439,0.57481,0.072633,-0.20241,0.47378,0.046984,0.16418,0.47995,0.074008,-0.35753,0.21523,0.046564,0.28807,0.18473,0.090283,-0.55226,0.07508,-0.055959,0.48448,0.039217,-0.016336,-0.0068121,0.18902,0.060397,0,0.12273,0,-0.076604,0.039242,-0.025877,0.083471,0.042959,-0.005289,-0.052964,-0.57354,-0.033295,0.050336,-0.51115,-0.045997,-0.083898,-1.0012,0.042391,0.01083,-0.95553,0.04083
-0.021582,0.7865,0.032153,-0.023945,0.59906,0.066237,-0.20691,0.51509,0.053774,0.15923,0.50008,0.066642,-0.36486,0.25004,0.057052,0.28491,0.22054,0.087489,-0.56861,0.11982,-0.040268,0.48549,0.07642,-0.00277,-0.0064909,0.22771,0.059147,0,0.1665,0,-0.075022,0.079923,-0.02107,0.084196,0.093136,-0.008791,-0.056935,-0.48576,-0.071691,0.046454,-0.49485,-0.067376,-0.092464,-0.92187,0.045287,-0.011591,-0.88364,0.10834
-0.020263,0.81139,0.041391,-0.020062,0.61661,0.069008,-0.20523,0.52627,0.056487,0.15862,0.52818,0.067983,-0.37128,0.26305,0.060544,0.29162,0.24991,0.1005,-0.57973,0.13715,-0.031812,0.50361,0.10141,-0.00871,-0.0053073,0.23995,0.059817,0,0.17682,0,-0.076046,0.09488,-0.021383,0.083795,0.099263,-0.009111,-0.05962,-0.42825,-0.093411,0.052314,-0.43532,-0.074756,-0.080047,-0.81973,0.12169,0.0063396,-0.82041,0.14697
-0.021358,0.8222,0.048822,-0.022281,0.63786,0.082773,-0.20612,0.53368,0.059763,0.15915,0.5391,0.065176,-0.37638,0.27906,0.064956,0.29493,0.26167,0.10185,-0.5863,0.15646,-0.02887,0.51932,0.13177,-0.015841,-0.0044402,0.25068,0.061416,0,0.18716,0,-0.07537,0.1032,-0.021775,0.08323,0.11,-0.011642,-0.0683,-0.43124,-0.084114,0.053072,-0.43778,-0.066827,-0.073768,-0.83243,0.11616,-0.0052779,-0.81799,0.16035
-0.021532,0.82799,0.053269,-0.021988,0.64144,0.084123,-0.2054,0.53998,0.062259,0.16056,0.54381,0.067931,-0.37998,0.28609,0.064565,0.29807,0.26672,0.098462,-0.58888,0.16271,-0.030882,0.51813,0.13901,-0.021755,-0.0044588,0.25525,0.061962,0,0.19182,0,-0.074693,0.10776,-0.023397,0.082486,0.1146,-0.01105,-0.086828,-0.46284,-0.047444,0.0554,-0.44275,-0.059341,-0.073844,-0.84964,0.1058,-0.0072483,-0.82838,0.15915
-0.018663,0.83138,0.05869,-0.02114,0.64205,0.084206,-0.20461,0.54142,0.065042,0.16356,0.5437,0.075294,-0.37865,0.28642,0.06332,0.30059,0.26421,0.092663,-0.58718,0.16473,-0.03571,0.51466,0.14257,-0.03774,-0.004992,0.2556,0.062154,0,0.19211,0,-0.074277,0.10793,-0.023715,0.081743,0.11447,-0.01109,-0.087397,-0.52534,-0.01048,0.060607,-0.50558,-0.022289,-0.10225,-0.95751,0.053234,0.023726,-0.92689,0.094225
-0.016476,0.82389,0.081049,-0.016156,0.57716,0.085219,-0.20507,0.53366,0.074187,0.16509,0.53863,0.078809,-0.37603,0.27957,0.05967,0.30183,0.24976,0.078584,-0.58403,0.14816,-0.054941,0.51992,0.12449,-0.060928,-0.0039517,0.24238,0.062808,0,0.18678,0,-0.074094,0.10248,-0.023315,0.080864,0.10865,-0.012691,-0.086061,-0.53629,-0.014342,0.066866,-0.53046,-0.019209,-0.10039,-0.96605,0.051695,0.057562,-0.96544,0.075934
-0.016449,0.79302,0.081575,-0.012903,0.54552,0.082738,-0.20196,0.48238,0.068252,0.17306,0.4902,0.087437,-0.37715,0.23387,0.039473,0.30024,0.21323,0.057509,-0.58332,0.11589,-0.085887,0.50595,0.095435,-0.098537,-0.0043118,0.19351,0.062706,0,0.1405,0,-0.074599,0.060397,-0.023789,0.079482,0.057543,-0.017077,-0.08439,-0.55555,-0.027824,0.064125,-0.57109,-0.030507,-0.10233,-0.97177,0.041984,0.056885,-0.97492,0.055742
-0.013144,0.74739,0.091207,-0.010501,0.55038,0.088228,-0.20216,0.44986,0.070863,0.17498,0.45464,0.086579,-0.36174,0.1979,0.030612,0.30311,0.1683,0.045828,-0.56008,0.083041,-0.11198,0.49163,0.047507,-0.11553,-0.0028958,0.17785,0.06334,0,0.11104,0,-0.07729,0.021772,-0.025607,0.08095,0.032598,-0.015519,-0.082108,-0.56829,-0.042956,0.066498,-0.58531,-0.042696,-0.099943,-0.98148,0.042565,0.052566,-0.97971,0.051357
-0.016383,0.69928,0.077684,-0.013585,0.50095,0.093776,-0.20186,0.38486,0.069619,0.17235,0.39311,0.082406,-0.35916,0.14059,0.015263,0.3064,0.11696,0.035134,-0.54073,0.024602,-0.13726,0.48468,-0.0037855,-0.1436,-0.0037489,0.11219,0.064124,0,0.049269,0,-0.076327,-0.035662,-0.022961,0.081256,-0.029666,-0.016289,-0.08425,-0.58241,-0.060259,0.06811,-0.59478,-0.067486,-0.099508,-0.98527,0.038959,0.052829,-0.97997,0.046606
-0.012661,0.64463,0.092177,-0.0090554,0.44153,0.09866,-0.1959,0.32122,0.060117,0.17561,0.33378,0.081942,-0.35567,0.10736,0.013321,0.30039,0.053982,0.028915,-0.52316,-0.020827,-0.14595,0.49019,-0.062229,-0.16936,-0.0040812,0.055981,0.064782,0,-0.0055016,0,-0.079688,-0.088112,-0.024766,0.082977,-0.085268,-0.016308,-0.085342,-0.59358,-0.065078,0.071901,-0.60557,-0.074554,-0.10866,-0.98582,0.063623,0.059407,-0.98971,0.06734
-0.01517,0.63894,0.086124,-0.0084012,0.42953,0.087388,-0.2016,0.30526,0.057352,0.17271,0.30683,0.072378,-0.35801,0.076938,-0.000375,0.30415,0.047322,0.025816,-0.52713,-0.051108,-0.15776,0.46269,-0.084506,-0.14689,-0.0034513,0.041726,0.062889,0,-0.022535,0,-0.079894,-0.10878,-0.020043,0.08306,-0.10469,-0.015018,-0.092667,-0.60017,-0.071562,0.072014,-0.61067,-0.079511,-0.11464,-0.99176,0.07903,0.055416,-0.99054,0.075201
-0.013891,0.63607,0.084636,-0.0083445,0.42871,0.085685,-0.20128,0.3034,0.056381,0.17242,0.30645,0.070299,-0.3568,0.073029,-0.000713,0.30654,0.044396,0.027838,-0.52481,-0.063677,-0.15111,0.46662,-0.088395,-0.14846,-0.0032415,0.040191,0.062729,0,-0.024359,0,-0.080794,-0.11,-0.020262,0.083952,-0.1061,-0.014495,-0.095277,-0.60047,-0.061701,0.074543,-0.61059,-0.048516,-0.10936,-0.98935,0.075619,0.047621,-0.99083,0.087748
-0.010725,0.64794,0.073549,-0.0060755,0.45463,0.078483,-0.19791,0.34067,0.053194,0.17532,0.3354,0.064274,-0.34378,0.088272,0.001661,0.31021,0.062899,0.04058,-0.51247,-0.055411,-0.14043,0.47854,-0.085269,-0.13135,-0.002676,0.063158,0.061981,0,-0.0020518,0,-0.083174,-0.083101,-0.017271,0.08487,-0.084126,-0.015045,-0.085916,-0.59369,-0.023047,0.068319,-0.61666,-0.00404,-0.10474,-0.98633,0.068044,0.054827,-0.99405,0.088821
-0.012962,0.71779,0.060391,-0.0053251,0.51725,0.059287,-0.20012,0.40027,0.050535,0.18044,0.40695,0.064323,-0.33945,0.13971,0.010409,0.3106,0.11784,0.053223,-0.51382,-0.018232,-0.10433,0.47041,-0.042099,-0.080766,-0.0026378,0.12829,0.059357,0,0.06068,0,-0.082436,-0.025585,-0.014651,0.084409,-0.022146,-0.012651,-0.075836,-0.59411,0.000652,0.059877,-0.60343,0.004946,-0.10086,-0.98878,0.052472,0.06416,-0.98785,0.078974
-0.018169,0.76158,0.054818,-0.0065442,0.57227,0.076251,-0.19243,0.45025,0.049185,0.17897,0.45291,0.055963,-0.33512,0.19148,0.020524,0.31058,0.15681,0.067619,-0.51502,0.026986,-0.071452,0.48806,0.004043,-0.049755,-0.0019491,0.16738,0.061825,0,0.097369,0,-0.079138,0.013612,-0.017254,0.081274,0.020768,-0.013429,-0.057463,-0.58569,0.004476,0.060024,-0.59953,0.003772,-0.095736,-0.98658,0.045622,0.060267,-0.97883,0.078393
-0.021757,0.79261,0.039383,-0.015633,0.58811,0.06621,-0.19979,0.48382,0.04713,0.1632,0.50505,0.050545,-0.34427,0.22673,0.028919,0.30056,0.21185,0.07244,-0.53519,0.065903,-0.041584,0.49529,0.046082,-0.027789,-0.0029476,0.21445,0.059804,0,0.15059,0,-0.075858,0.065135,-0.010216,0.082041,0.074843,-0.01768,-0.058119,-0.52665,-0.023345,0.065487,-0.54252,-0.014667,-0.084046,-0.92566,0.060276,0.06495,-0.96544,0.1059
-0.020778,0.80702,0.038689,-0.019733,0.60765,0.065803,-0.19956,0.51435,0.05191,0.16204,0.52228,0.050105,-0.35245,0.24839,0.036662,0.26994,0.23806,0.082355,-0.5599,0.10494,-0.020908,0.5039,0.080233,-0.015575,-0.0029225,0.23187,0.060092,0,0.16832,0,-0.074709,0.08282,-0.012032,0.081913,0.094733,-0.016292,-0.057136,-0.46672,-0.054902,0.071856,-0.44844,-0.061084,-0.070377,-0.8548,0.11194,0.034448,-0.86077,0.11951
-0.022137,0.81667,0.036692,-0.019414,0.62027,0.05984,-0.20165,0.53284,0.052814,0.16206,0.53872,0.055527,-0.3583,0.26742,0.038768,0.30938,0.25952,0.083262,-0.56868,0.12385,-0.032497,0.5081,0.10336,-0.018783,-0.0035329,0.24707,0.059312,0,0.18334,0,-0.074566,0.097444,-0.013869,0.081597,0.10765,-0.013204,-0.058617,-0.45564,-0.059562,0.073924,-0.43431,-0.064642,-0.063118,-0.83348,0.13304,0.018979,-0.83935,0.12679
-0.022907,0.82331,0.036322,-0.025445,0.63049,0.058529,-0.2024,0.53921,0.052605,0.16411,0.54298,0.055049,-0.36057,0.27845,0.040299,0.30858,0.26706,0.08065,-0.57511,0.1449,-0.047303,0.51863,0.12315,-0.036492,-0.004319,0.25461,0.059285,0,0.19014,0,-0.073498,0.10318,-0.01383,0.082306,0.11317,-0.013348,-0.067762,-0.46181,-0.049353,0.073801,-0.43717,-0.060388,-0.061078,-0.85019,0.10958,0.0081303,-0.81819,0.14111
-0.023419,0.82623,0.036293,-0.025809,0.63068,0.057191,-0.20262,0.54155,0.05332,0.16416,0.54312,0.054241,-0.36177,0.27796,0.038976,0.30857,0.26782,0.078065,-0.57859,0.14851,-0.05673,0.52837,0.12946,-0.060788,-0.0042844,0.25495,0.059032,0,0.19026,0,-0.072949,0.10348,-0.013379,0.082173,0.11325,-0.012791,-0.059857,-0.49156,-0.023567,0.084188,-0.474,-0.02365,-0.071379,-0.8757,0.082706,0.04837,-0.87876,0.10673
-0.024386,0.82227,0.02992,-0.026051,0.62374,0.054146,-0.20476,0.5376,0.048768,0.16528,0.53771,0.050957,-0.36438,0.2712,0.03022,0.30443,0.26474,0.066606,-0.58275,0.13628,-0.085203,0.5268,0.1249,-0.076071,-0.0045944,0.24733,0.05859,0,0.18192,0,-0.072455,0.093887,-0.012922,0.082116,0.10296,-0.011724,-0.063677,-0.54367,0.002764,0.083056,-0.51801,-0.019777,-0.067512,-0.89116,0.069012,0.058491,-0.90998,0.08106
-0.029102,0.79794,0.01828,-0.02264,0.60298,0.056084,-0.20388,0.49523,0.041332,0.16131,0.51205,0.046383,-0.37375,0.22817,0.007993,0.30179,0.2327,0.042213,-0.58106,0.11798,-0.1088,0.51689,0.096787,-0.12622,-0.0039424,0.20862,0.059256,0,0.13839,0,-0.07529,0.056955,-0.019109,0.082249,0.060867,-0.007494,-0.068454,-0.55567,-0.005305,0.079004,-0.57433,-0.017063,-0.092323,-0.97618,0.0135,0.070197,-0.95495,0.052715
-0.038592,0.74558,0.017398,-0.020304,0.55494,0.052429,-0.20705,0.45704,0.04344,0.16363,0.45863,0.045407,-0.36421,0.19509,-0.003883,0.30707,0.17606,0.02539,-0.5549,0.074994,-0.1401,0.50788,0.064667,-0.14639,-0.0036624,0.17572,0.058779,0,0.10952,0,-0.075843,0.019006,-0.014923,0.083054,0.03055,-0.008635,-0.053746,-0.60249,-0.026223,0.077504,-0.58376,-0.027838,-0.083252,-0.99802,0.043121,0.071459,-0.97861,0.04511
-0.022799,0.69012,0.021106,-0.017276,0.49705,0.047084,-0.19639,0.39904,0.031918,0.17421,0.40555,0.049899,-0.34531,0.14569,-0.021746,0.31164,0.14484,0.020978,-0.53125,0.027086,-0.16642,0.50532,0.0058028,-0.17737,-0.0053108,0.12019,0.057706,0,0.053724,0,-0.076347,-0.031017,-0.015368,0.082787,-0.026809,-0.007578,-0.043101,-0.60168,-0.035012,0.085834,-0.60762,-0.05619,-0.073821,-0.99727,0.046206,0.082753,-0.98679,0.047569
-0.02493,0.63789,0.020051,-0.012992,0.43416,0.059725,-0.19809,0.32276,0.023613,0.17094,0.34038,0.043394,-0.35548,0.088785,-0.031252,0.31338,0.075398,0.008135,-0.53004,-0.023559,-0.19568,0.47395,-0.03479,-0.17488,-0.0045601,0.056735,0.059606,0,-0.0080782,0,-0.079851,-0.093477,-0.017697,0.084671,-0.08676,-0.009826,-0.04444,-0.61803,-0.060712,0.088507,-0.6035,-0.063639,-0.073524,-1.0031,0.081099,0.073675,-1.0124,0.078871
-0.019605,0.61387,0.023211,-0.012294,0.41674,0.064105,-0.20089,0.29849,0.029827,0.17393,0.32051,0.053662,-0.35472,0.081866,-0.03065,0.29408,0.026599,0.013123,-0.51623,-0.047078,-0.19628,0.4781,-0.066213,-0.17083,-0.0048313,0.035498,0.060333,0,-0.029682,0,-0.081615,-0.11779,-0.020856,0.086221,-0.11141,-0.009254,-0.050064,-0.6182,-0.05577,0.090495,-0.60694,-0.05959,-0.070897,-1.0164,0.094009,0.06664,-1.0177,0.086668
-0.018995,0.61358,0.024374,-0.013265,0.4148,0.062248,-0.20207,0.29798,0.028834,0.17448,0.31334,0.053531,-0.34378,0.053891,-0.030466,0.29305,0.031308,0.012782,-0.52027,-0.051566,-0.19751,0.47636,-0.075833,-0.16718,-0.0053372,0.033766,0.059978,0,-0.031695,0,-0.08231,-0.12007,-0.019768,0.087754,-0.11346,-0.009091,-0.053118,-0.62354,-0.049409,0.086839,-0.62184,-0.044599,-0.070527,-1.0153,0.093547,0.062545,-1.0162,0.086267
-0.018767,0.63432,0.026503,-0.012808,0.45852,0.06805,-0.1995,0.31874,0.024259,0.17444,0.34183,0.055599,-0.3466,0.080372,-0.027156,0.29798,0.064967,0.02302,-0.511,-0.056721,-0.18201,0.47861,-0.078127,-0.16381,-0.0059986,0.059617,0.060674,0,-0.0082754,0,-0.083768,-0.090775,-0.020007,0.088168,-0.089654,-0.00899,-0.044155,-0.61338,-0.031066,0.065675,-0.62666,-0.024371,-0.070094,-1.0146,0.091018,0.063824,-1.0136,0.084616
-0.026908,0.69829,0.012312,-0.015848,0.50792,0.058689,-0.20682,0.39468,0.025135,0.17095,0.4106,0.054416,-0.34326,0.13398,-0.025183,0.30426,0.11621,0.033656,-0.50394,-0.030302,-0.15252,0.45222,-0.044476,-0.11436,-0.0063546,0.12229,0.059458,0,0.05549,0,-0.081224,-0.032237,-0.017782,0.087105,-0.024864,-0.009377,-0.053143,-0.60318,-0.016324,0.061022,-0.59933,-0.007014,-0.078442,-1.0013,0.06051,0.059743,-1.0106,0.077275
-0.027165,0.74612,0.011414,-0.019193,0.56327,0.066597,-0.19866,0.44225,0.030417,0.17019,0.45993,0.044892,-0.33809,0.18754,-0.01073,0.30602,0.14193,0.038226,-0.50847,0.020095,-0.11748,0.47353,-0.016758,-0.1004,-0.0048409,0.16187,0.0608,0,0.09169,0,-0.07705,0.0074391,-0.018191,0.083277,0.01549,-0.009548,-0.05992,-0.59087,-0.012509,0.064481,-0.59791,-0.010241,-0.074721,-0.96474,0.028914,0.073887,-0.98439,0.062537
-0.027482,0.77091,0.015017,-0.021079,0.58042,0.06897,-0.20083,0.47038,0.031934,0.16529,0.48022,0.043049,-0.33801,0.23329,0.012677,0.31017,0.19364,0.05551,-0.52197,0.063589,-0.05602,0.49225,0.033533,-0.041384,-0.0049562,0.19347,0.061255,0,0.12902,0,-0.076794,0.03911,-0.020048,0.0839,0.056886,-0.009467,-0.044325,-0.53866,-0.028814,0.066772,-0.55052,-0.029944,-0.086245,-0.90284,0.059912,0.06858,-0.98011,0.063283
-0.025217,0.79195,0.012856,-0.018831,0.60226,0.065919,-0.19994,0.50683,0.043998,0.16083,0.52572,0.041433,-0.34828,0.24857,0.026973,0.30753,0.21905,0.063092,-0.55199,0.10092,-0.035636,0.50779,0.074731,-0.019838,-0.0022856,0.22229,0.06068,0,0.1572,0,-0.075597,0.074754,-0.015064,0.082316,0.082083,-0.012687,-0.031686,-0.47238,-0.068105,0.078506,-0.45957,-0.064328,-0.066786,-0.8794,0.07844,0.029279,-0.87114,0.11862
-0.022758,0.8042,0.009339,-0.017621,0.60436,0.063849,-0.20027,0.51559,0.043293,0.16156,0.52697,0.038393,-0.35385,0.25626,0.036279,0.31356,0.23463,0.064503,-0.56323,0.11875,-0.032085,0.51269,0.093462,-0.027886,-0.0018559,0.22988,0.060173,0,0.1666,0,-0.075084,0.081578,-0.013911,0.081659,0.092653,-0.014285,-0.037982,-0.45773,-0.075253,0.085465,-0.41475,-0.091104,-0.087326,-0.80751,0.076991,0.016485,-0.80523,0.1242
-0.022789,0.80786,0.009581,-0.020187,0.61186,0.066706,-0.20075,0.52891,0.04674,0.15956,0.53458,0.038394,-0.36034,0.26125,0.039841,0.30874,0.26028,0.066452,-0.57977,0.14532,-0.038605,0.52526,0.12184,-0.030475,-0.001958,0.23844,0.060676,0,0.17563,0,-0.073219,0.092284,-0.015853,0.080821,0.1014,-0.01364,-0.05404,-0.4578,-0.074585,0.084481,-0.42623,-0.083265,-0.077941,-0.82869,0.06998,0.0059167,-0.82019,0.12379
-0.022596,0.80815,0.0114,-0.020448,0.61182,0.066716,-0.20134,0.53116,0.049464,0.1597,0.53578,0.040101,-0.36189,0.26199,0.040702,0.3076,0.26205,0.066307,-0.58816,0.15295,-0.060208,0.5283,0.12796,-0.031389,-0.0019164,0.23924,0.060704,0,0.17672,0,-0.07317,0.092952,-0.016317,0.080776,0.10223,-0.01321,-0.058437,-0.48983,-0.053797,0.075279,-0.47251,-0.053814,-0.079857,-0.87127,0.039199,0.026048,-0.87852,0.10541
-0.023467,0.80556,0.014669,-0.019468,0.60945,0.067257,-0.20123,0.5259,0.051786,0.16347,0.52966,0.045362,-0.36426,0.25787,0.038839,0.30828,0.25198,0.06168,-0.59666,0.14242,-0.089388,0.54028,0.11971,-0.068647,-0.002201,0.23606,0.060826,0,0.17324,0,-0.072882,0.081781,-0.0174,0.080412,0.1009,-0.013119,-0.060007,-0.54879,-0.028904,0.071364,-0.52388,-0.034807,-0.073546,-0.89206,0.031772,0.02209,-0.92606,0.060777
-0.031346,0.77155,0.013891,-0.019087,0.58356,0.067844,-0.20038,0.47249,0.041214,0.16827,0.50016,0.058406,-0.36625,0.23113,0.015125,0.31309,0.20233,0.03415,-0.58681,0.1122,-0.13276,0.52599,0.097305,-0.12186,-0.0048869,0.20491,0.060958,0,0.14089,0,-0.073008,0.038617,-0.020359,0.080016,0.076915,-0.01126,-0.059518,-0.55844,-0.036633,0.073733,-0.54255,-0.050277,-0.080298,-0.97948,0.009452,0.048601,-0.96743,0.043904
-0.022954,0.7205,0.01671,-0.0092139,0.52933,0.067504,-0.19321,0.44231,0.044123,0.17856,0.45137,0.057861,-0.35025,0.18689,-0.007822,0.31562,0.17807,0.026452,-0.54347,0.081946,-0.15425,0.52658,0.067461,-0.13973,-0.0034383,0.15981,0.060875,0,0.098547,0,-0.074485,0.003407,-0.019748,0.078137,0.028195,-0.011555,-0.045561,-0.59382,-0.060674,0.07764,-0.53901,-0.057264,-0.075555,-1.0125,0.065062,0.048062,-0.97743,0.069985
-0.020587,0.66266,0.021403,-0.013209,0.4718,0.071985,-0.19809,0.37989,0.047024,0.16977,0.38963,0.05316,-0.34512,0.13884,-0.0291,0.30623,0.12668,0.018523,-0.53426,0.033908,-0.18125,0.50727,0.0091923,-0.17641,-0.0028014,0.098226,0.061585,0,0.036044,0,-0.077249,-0.047299,-0.020295,0.082177,-0.043187,-0.011968,-0.053996,-0.59844,-0.074736,0.063381,-0.60499,-0.08281,-0.083301,-1.0066,0.048047,0.032831,-1.0034,0.059858
-0.014258,0.60412,0.033723,-0.015328,0.41727,0.082586,-0.1932,0.31663,0.040801,0.17077,0.32832,0.051595,-0.34801,0.095722,-0.032178,0.31364,0.07712,0.014317,-0.52033,-0.020366,-0.19676,0.48431,-0.039389,-0.20071,-0.0037344,0.038377,0.063119,0,-0.02353,0,-0.079094,-0.10551,-0.024223,0.084674,-0.10202,-0.011115,-0.066755,-0.60318,-0.08004,0.066841,-0.60403,-0.080802,-0.11359,-0.9698,0.032726,0.033409,-1.0031,0.063813
-0.013073,0.60219,0.041305,-0.013691,0.41358,0.087877,-0.19749,0.28434,0.037649,0.17492,0.29897,0.062932,-0.33684,0.048606,-0.037836,0.29865,0.020629,0.008849,-0.51427,-0.050756,-0.2083,0.48174,-0.080283,-0.19369,-0.0051925,0.025503,0.064312,0,-0.03863,0,-0.083196,-0.12536,-0.028495,0.087212,-0.11889,-0.010583,-0.070079,-0.60945,-0.07522,0.067726,-0.62061,-0.076784,-0.067805,-1.0194,0.07548,0.033022,-1.0029,0.068518
-0.012611,0.60267,0.043742,-0.011307,0.41079,0.085078,-0.19695,0.28418,0.036791,0.17515,0.29852,0.062517,-0.33609,0.051914,-0.0369,0.29952,0.020672,0.01118,-0.50841,-0.058392,-0.20565,0.48156,-0.092644,-0.19063,-0.0050417,0.023554,0.063945,0,-0.040576,0,-0.083896,-0.12659,-0.026675,0.087498,-0.12116,-0.011436,-0.050664,-0.62298,-0.058819,0.06404,-0.62535,-0.066883,-0.067858,-1.0207,0.079979,0.030169,-1.0049,0.070804
-0.012623,0.63446,0.04186,-0.011972,0.43817,0.085794,-0.19649,0.31468,0.033425,0.17178,0.3313,0.06086,-0.33346,0.078228,-0.030565,0.29397,0.047193,0.028561,-0.49545,-0.057062,-0.1903,0.47369,-0.096341,-0.16236,-0.0053684,0.044201,0.063752,0,-0.020504,0,-0.083494,-0.10323,-0.024289,0.087891,-0.097973,-0.012107,-0.043602,-0.60856,-0.02841,0.044427,-0.61793,-0.027908,-0.071893,-1.0187,0.076805,0.023662,-1.004,0.06663
-0.012228,0.70074,0.029549,-0.0033792,0.50731,0.078795,-0.19034,0.39374,0.041835,0.17288,0.39939,0.053847,-0.32036,0.12845,-0.036,0.30463,0.09795,0.02516,-0.48693,-0.035565,-0.15546,0.46035,-0.065602,-0.11044,-0.0021355,0.1114,0.06271,0,0.044955,0,-0.081142,-0.037274,-0.019031,0.082314,-0.033154,-0.013321,-0.042285,-0.60517,-0.015714,0.056537,-0.53857,-0.012521,-0.067009,-1.0117,0.070869,0.033102,-0.99362,0.060592
-0.010618,0.75206,0.033121,-0.0062011,0.56679,0.075448,-0.18764,0.44068,0.039164,0.17646,0.4527,0.055558,-0.32645,0.1905,-0.008667,0.30767,0.14701,0.045134,-0.49726,0.015722,-0.11466,0.46906,-0.020164,-0.077469,-0.0030206,0.16275,0.062287,0,0.093253,0,-0.078893,0.010305,-0.020603,0.080962,0.014309,-0.010142,-0.049769,-0.58945,-0.00819,0.053593,-0.56183,-0.008253,-0.075772,-0.98698,0.0498,0.05383,-0.96511,0.055973
-0.016356,0.77626,0.030361,-0.0091197,0.58052,0.076497,-0.19084,0.47919,0.044034,0.17216,0.49079,0.055445,-0.33544,0.20818,0.00374,0.30919,0.18307,0.054319,-0.52961,0.052409,-0.072041,0.48068,0.012127,-0.044388,-0.0030268,0.19284,0.06243,0,0.12939,0,-0.078288,0.051838,-0.020573,0.081734,0.047899,-0.011326,-0.056969,-0.55095,-0.022985,0.05046,-0.55494,-0.017102,-0.089614,-0.92738,0.060228,0.055738,-0.97204,0.069917
-0.01548,0.79933,0.03034,-0.011998,0.59514,0.071923,-0.19455,0.51411,0.050809,0.1653,0.51634,0.043778,-0.34245,0.26559,0.026565,0.31078,0.20453,0.059732,-0.52824,0.09897,-0.046899,0.50606,0.052939,-0.022873,-0.0010939,0.22211,0.061408,0,0.15998,0,-0.076451,0.075036,-0.017075,0.080714,0.088825,-0.014248,-0.044493,-0.46161,-0.061944,0.057489,-0.46225,-0.072067,-0.073235,-0.87904,0.093308,0.029621,-0.84163,0.12722
-0.017642,0.81468,0.018784,-0.015069,0.61467,0.06408,-0.19703,0.5315,0.046622,0.16771,0.53489,0.043684,-0.35255,0.27241,0.02999,0.30963,0.23753,0.060811,-0.55903,0.13068,-0.039893,0.50566,0.077045,-0.027805,-0.0021135,0.2444,0.060295,0,0.18202,0,-0.075391,0.096598,-0.016114,0.080504,0.10425,-0.014179,-0.045388,-0.45523,-0.075198,0.072779,-0.41839,-0.094549,-0.071643,-0.81852,0.10136,0.015911,-0.81835,0.11182
-0.018956,0.81766,0.018658,-0.01478,0.62181,0.061641,-0.19727,0.53773,0.042513,0.16884,0.53852,0.045781,-0.36832,0.27605,0.036275,0.31034,0.25375,0.058464,-0.5828,0.15226,-0.045213,0.51854,0.10518,-0.030951,-0.0029911,0.24873,0.060125,0,0.18544,0,-0.075267,0.099615,-0.016952,0.080636,0.10804,-0.012212,-0.050606,-0.4542,-0.073792,0.076563,-0.35737,-0.13245,-0.069862,-0.82255,0.096836,0.022704,-0.75731,0.075367
-0.018116,0.81956,0.019808,-0.01468,0.62238,0.061544,-0.19702,0.53921,0.042153,0.16949,0.53968,0.046174,-0.37235,0.27832,0.038931,0.30833,0.26229,0.057758,-0.58886,0.15605,-0.054304,0.52342,0.11223,-0.037988,-0.003078,0.24932,0.060119,0,0.18597,0,-0.075178,0.1005,-0.01736,0.080585,0.10839,-0.011837,-0.069504,-0.47635,-0.059603,0.07064,-0.45101,-0.073247,-0.076388,-0.86281,0.046854,0.026704,-0.84405,0.10004
-0.017627,0.81837,0.018794,-0.014142,0.62066,0.061615,-0.19661,0.53868,0.042666,0.17048,0.53973,0.04654,-0.37233,0.27753,0.035231,0.30793,0.26169,0.055779,-0.60287,0.14964,-0.089521,0.53274,0.11339,-0.06375,-0.0029524,0.24759,0.060136,0,0.18417,0,-0.074986,0.098339,-0.017128,0.080282,0.10669,-0.011901,-0.072473,-0.53848,-0.021265,0.071843,-0.47441,-0.070014,-0.084346,-0.91165,0.017998,0.040978,-0.90391,0.055518
-0.01396,0.80453,0.012712,-0.01052,0.60033,0.063616,-0.19506,0.51833,0.043446,0.17371,0.51502,0.046819,-0.36999,0.25776,0.016534,0.31066,0.23456,0.039652,-0.58742,0.1191,-0.1254,0.52291,0.088352,-0.11774,-0.0023283,0.22611,0.060463,0,0.16249,0,-0.075401,0.061365,-0.018937,0.079639,0.095634,-0.011327,-0.069003,-0.5621,-0.02818,0.070676,-0.54095,-0.049901,-0.086856,-0.97079,0.006438,0.059058,-0.96124,0.031271
0.00031867,0.74885,0.0153,-0.001226,0.57518,0.07047,-0.1925,0.4614,0.049137,0.18167,0.46285,0.05099,-0.35927,0.20977,-0.001983,0.31849,0.17939,0.026278,-0.55799,0.091108,-0.14492,0.52383,0.050734,-0.12803,-0.00010591,0.17294,0.061894,0,0.10591,0,-0.077259,0.028892,-0.019164,0.078401,0.024646,-0.011488,-0.057144,-0.58599,-0.043002,0.065493,-0.57594,-0.055209,-0.078541,-0.97906,0.012519,0.062717,-0.96307,0.03336
0.0028042,0.69652,0.020214,-0.0021312,0.50289,0.06802,-0.18584,0.41389,0.043121,0.1824,0.41846,0.054058,-0.34382,0.1576,-0.024027,0.31456,0.13387,0.018994,-0.534,0.036072,-0.16087,0.49729,0.0016753,-0.15637,-0.0016438,0.13147,0.061219,0,0.070954,0,-0.077868,-0.016189,-0.018579,0.078955,-0.0087919,-0.011836,-0.054034,-0.57859,-0.075316,0.059538,-0.57084,-0.068659,-0.069788,-0.99261,0.042672,0.045685,-0.97723,0.033046
-0.0075942,0.64203,0.033764,-0.010071,0.44934,0.075155,-0.18959,0.35111,0.053035,0.16783,0.35815,0.059527,-0.34345,0.11054,-0.026718,0.30564,0.077512,0.022425,-0.51992,-0.016565,-0.17763,0.47555,-0.050522,-0.16714,-0.0024236,0.070247,0.062188,0,0.007258,0,-0.075818,-0.069457,-0.024556,0.079431,-0.074642,-0.007619,-0.063396,-0.5899,-0.083406,0.062259,-0.62766,-0.091501,-0.078407,-0.99899,0.054754,0.037229,-1.0086,0.060257
-0.0055247,0.60968,0.044436,-0.0094823,0.41029,0.079652,-0.18464,0.29033,0.03778,0.17968,0.29536,0.062378,-0.31772,0.066542,-0.038766,0.31373,0.02766,0.017462,-0.50497,-0.056406,-0.17854,0.47465,-0.10909,-0.17633,-0.0049956,0.016545,0.062849,0,-0.048159,0,-0.080037,-0.12853,-0.027048,0.083465,-0.12953,-0.006637,-0.075694,-0.6034,-0.091837,0.068741,-0.60836,-0.094108,-0.07707,-1.0086,0.078292,0.042866,-1.012,0.073332
-0.0071836,0.60442,0.045757,-0.0088825,0.40113,0.078739,-0.18706,0.28278,0.035765,0.17983,0.28622,0.063379,-0.32121,0.027522,-0.042749,0.29334,0.00027865,0.025146,-0.5055,-0.085553,-0.19552,0.47368,-0.11791,-0.17234,-0.0053882,0.013922,0.062724,0,-0.050288,0,-0.080627,-0.13172,-0.027526,0.08428,-0.13218,-0.006342,-0.078958,-0.61867,-0.091788,0.068704,-0.6081,-0.091944,-0.077097,-1.0092,0.076056,0.039242,-1.0126,0.074561
-0.0069876,0.60444,0.046103,-0.0098208,0.40539,0.076297,-0.18675,0.28564,0.032212,0.17977,0.28966,0.062742,-0.33127,0.044623,-0.03619,0.29302,0.0052278,0.026439,-0.50241,-0.085312,-0.191,0.47449,-0.12378,-0.15628,-0.0059012,0.015839,0.062485,0,-0.049113,0,-0.081428,-0.13001,-0.027494,0.08484,-0.13126,-0.005986,-0.078176,-0.61259,-0.077124,0.057341,-0.60231,-0.07246,-0.076802,-1.0092,0.076504,0.034706,-1.0098,0.074057
-0.0046798,0.64804,0.034888,-0.0072338,0.46477,0.073133,-0.186,0.34092,0.034269,0.17927,0.34996,0.061791,-0.3197,0.098709,-0.032258,0.28571,0.07524,0.049867,-0.49941,-0.056374,-0.14414,0.4749,-0.097786,-0.1063,-0.0049235,0.07077,0.061879,0,0.0040613,0,-0.082766,-0.077698,-0.022847,0.085312,-0.076346,-0.008008,-0.046623,-0.59739,-0.027467,0.039384,-0.61394,-0.028305,-0.076244,-1.0093,0.081368,0.034053,-1.0077,0.076874
-0.0055676,0.71592,0.02021,-0.0022738,0.52274,0.066092,-0.18538,0.40283,0.032025,0.18383,0.41649,0.070103,-0.30124,0.1649,-0.019661,0.27427,0.14076,0.059831,-0.493,-0.020859,-0.11903,0.47421,-0.044157,-0.059621,-0.0054762,0.12598,0.060764,0,0.057626,0,-0.081543,-0.026388,-0.022409,0.082348,-0.023053,-0.006138,-0.048815,-0.60183,-0.006901,0.056996,-0.53474,-0.019931,-0.076934,-1.0045,0.074643,0.032394,-0.98759,0.070145
-0.012074,0.74691,0.022242,-0.016231,0.57192,0.073034,-0.19637,0.44514,0.033716,0.17605,0.45564,0.059615,-0.34811,0.20012,0.003384,0.30358,0.15211,0.060992,-0.52408,0.026839,-0.080447,0.49151,-0.0048933,-0.029895,-0.0060767,0.17183,0.061882,0,0.10421,0,-0.078816,0.018329,-0.020778,0.084649,0.025679,-0.010295,-0.0513,-0.58074,-0.005313,0.052528,-0.52634,-0.025579,-0.084731,-1.002,0.074986,0.02885,-0.97661,0.075004
-0.020235,0.7947,0.026774,-0.014987,0.58542,0.06916,-0.19855,0.49076,0.041427,0.16548,0.50044,0.046092,-0.34064,0.23468,0.021212,0.30879,0.20794,0.070485,-0.53493,0.074308,-0.04177,0.50209,0.045668,-0.003885,-0.0029049,0.19345,0.061295,0,0.12681,0,-0.077613,0.055405,-0.017446,0.083529,0.04077,-0.010919,-0.056033,-0.57855,0.016633,0.052933,-0.50283,-0.042664,-0.075583,-0.9014,0.11273,0.036098,-0.90662,0.13956
-0.025206,0.79918,0.013943,-0.018012,0.59877,0.058543,-0.20943,0.53396,0.042862,0.16589,0.52695,0.040828,-0.36391,0.24831,0.021447,0.30483,0.22972,0.063723,-0.57193,0.11221,-0.056835,0.50539,0.076969,-0.000725,-0.002944,0.23311,0.059005,0,0.17254,0,-0.077814,0.084624,-0.021447,0.082567,0.08479,-0.007501,-0.046992,-0.44482,-0.073787,0.066443,-0.43756,-0.072937,-0.074413,-0.8332,0.14528,0.012456,-0.83112,0.14827
-0.026428,0.81125,0.016022,-0.023631,0.61441,0.054035,-0.20945,0.53447,0.042064,0.16511,0.53747,0.041883,-0.36765,0.25965,0.025849,0.30254,0.25861,0.064646,-0.58,0.1307,-0.062288,0.51575,0.10929,-0.013283,-0.0036357,0.24409,0.058889,0,0.18071,0,-0.075925,0.092777,-0.020078,0.083735,0.10406,-0.00717,-0.048406,-0.44489,-0.072258,0.081397,-0.35913,-0.11248,-0.075091,-0.82857,0.13686,0.028781,-0.75508,0.10606
-0.025995,0.82368,0.008215,-0.02218,0.63419,0.04485,-0.20895,0.54352,0.037594,0.16492,0.54325,0.041044,-0.3667,0.26925,0.022014,0.30287,0.26601,0.060987,-0.58124,0.15171,-0.081943,0.51866,0.12997,-0.027157,-0.0041548,0.25372,0.058281,0,0.18717,0,-0.075074,0.098377,-0.018459,0.082935,0.11066,-0.006118,-0.052117,-0.46274,-0.048254,0.066381,-0.45458,-0.042321,-0.067547,-0.85255,0.091118,0.015366,-0.87296,0.11585
-0.026763,0.82247,0.004441,-0.022437,0.63349,0.043412,-0.20836,0.54299,0.032971,0.16526,0.54458,0.039582,-0.36847,0.27284,0.012635,0.30583,0.26613,0.057424,-0.57977,0.15239,-0.10369,0.51569,0.1372,-0.043645,-0.0046835,0.25391,0.058036,0,0.18728,0,-0.074503,0.098325,-0.0174,0.082935,0.11074,-0.005761,-0.057036,-0.52934,-0.004968,0.076112,-0.48786,-0.036701,-0.076572,-0.89694,0.031006,0.062759,-0.9453,0.041567
-0.026208,0.81556,-0.006307,-0.020335,0.61647,0.025912,-0.20536,0.52355,0.01159,0.16555,0.53288,0.029941,-0.37052,0.26272,-0.004303,0.30893,0.2571,0.04589,-0.56707,0.13387,-0.12234,0.53104,0.1122,-0.088046,-0.0059796,0.24292,0.054457,0,0.17317,0,-0.073625,0.083241,-0.013794,0.081459,0.095695,-0.003142,-0.048776,-0.55161,-0.00265,0.076359,-0.52886,-0.024523,-0.079815,-0.96249,-0.015055,0.066788,-0.91486,0.0367
-0.02381,0.79511,-0.011379,-0.018957,0.59772,0.019728,-0.19966,0.48712,0.004587,0.17486,0.48942,0.01861,-0.35452,0.23478,-0.02513,0.31901,0.22042,0.027069,-0.56448,0.09709,-0.16858,0.51477,0.093385,-0.12467,-0.0050643,0.20189,0.05038,0,0.1267,0,-0.073876,0.039806,-0.010679,0.081219,0.044948,-0.000691,-0.043878,-0.57323,-0.00584,0.082702,-0.52412,-0.025345,-0.070771,-0.98132,-0.006535,0.076377,-0.96461,0.022264
-0.02164,0.7313,-0.023636,-0.0076839,0.54691,0.016578,-0.19778,0.43697,-0.003307,0.17527,0.45514,0.02079,-0.34493,0.19101,-0.04482,0.31786,0.17003,0.009348,-0.52765,0.053705,-0.17644,0.50771,0.039737,-0.15048,-0.0045693,0.167,0.048279,0,0.095193,0,-0.077187,0.0061999,-0.007597,0.080781,0.01667,-0.00352,-0.032696,-0.60397,-0.024825,0.058573,-0.5969,-0.033919,-0.070757,-0.979,-0.0039,0.080352,-0.97823,0.028636
-0.027705,0.67958,-0.022879,-0.019586,0.48686,0.02797,-0.20154,0.37722,-0.001539,0.16454,0.39601,0.029524,-0.34233,0.14447,-0.045732,0.31065,0.12628,0.01501,-0.51499,0.0054309,-0.18983,0.48443,-0.010296,-0.17756,-0.007067,0.11217,0.049377,0,0.042914,0,-0.078865,-0.044539,-0.013448,0.086119,-0.034053,-0.0023,-0.0417,-0.59723,-0.033582,0.051468,-0.57504,-0.047622,-0.072083,-0.98507,0.027155,0.058797,-0.98742,0.047453
-0.021565,0.63105,0.005628,-0.013794,0.43726,0.046617,-0.19592,0.32382,0.017363,0.17806,0.34435,0.047524,-0.33653,0.089332,-0.054075,0.30851,0.076912,0.017573,-0.51367,-0.044678,-0.19733,0.4809,-0.063657,-0.18543,-0.0058073,0.058589,0.052862,0,-0.0091116,0,-0.081034,-0.096789,-0.019787,0.086217,-0.089171,-0.003199,-0.026429,-0.60021,-0.057106,0.063888,-0.58508,-0.05335,-0.05999,-0.99945,0.058259,0.051368,-1.006,0.067539
-0.028336,0.61659,0.011535,-0.014659,0.42244,0.052032,-0.20146,0.29243,0.017332,0.17109,0.31347,0.055632,-0.33745,0.072745,-0.051741,0.30187,0.035043,0.028032,-0.50573,-0.064288,-0.20331,0.48026,-0.08942,-0.17112,-0.0070308,0.038847,0.054261,0,-0.029287,0,-0.082325,-0.11758,-0.022082,0.087691,-0.10829,-0.002774,-0.030628,-0.60313,-0.05586,0.06768,-0.59321,-0.051161,-0.046297,-1.0063,0.068529,0.04931,-1.0065,0.074869
-0.031722,0.61268,0.017602,-0.017665,0.42211,0.052399,-0.20444,0.29221,0.017674,0.16747,0.31067,0.055555,-0.34034,0.068679,-0.049378,0.29902,0.03511,0.02805,-0.51055,-0.068489,-0.1983,0.47017,-0.094302,-0.15653,-0.0078358,0.03686,0.054818,0,-0.031599,0,-0.082965,-0.11956,-0.021632,0.090013,-0.11025,-0.003431,-0.034984,-0.60374,-0.054979,0.059925,-0.60756,-0.045686,-0.049592,-1.0069,0.068589,0.046077,-1.0064,0.075211
-0.02517,0.63318,0.021792,-0.0179,0.4469,0.056134,-0.20064,0.32841,0.025118,0.16713,0.33792,0.053055,-0.33882,0.076089,-0.043505,0.30592,0.058452,0.036315,-0.51324,-0.064685,-0.18297,0.46744,-0.089936,-0.14386,-0.0066131,0.057156,0.055706,0,-0.011315,0,-0.08256,-0.097648,-0.022038,0.089025,-0.088293,-0.003232,-0.029968,-0.60253,-0.028288,0.060076,-0.5884,-0.026241,-0.048843,-1.0056,0.06504,0.046734,-1.0057,0.072428
-0.016302,0.70656,0.015853,-0.0091808,0.51371,0.05842,-0.19466,0.39782,0.022297,0.16941,0.40688,0.058347,-0.34153,0.13985,-0.029494,0.31066,0.11275,0.044553,-0.50998,-0.030651,-0.13579,0.47242,-0.039946,-0.097975,-0.0062463,0.1181,0.056381,0,0.048431,0,-0.079666,-0.034456,-0.02225,0.082882,-0.03167,-0.003312,-0.035857,-0.61234,0.014478,0.05309,-0.61248,0.022323,-0.049028,-1.007,0.053151,0.053283,-1.0026,0.06355
-0.021594,0.76085,0.02227,-0.017661,0.5745,0.066508,-0.19991,0.44294,0.024739,0.17001,0.46108,0.044996,-0.33541,0.20151,-0.013621,0.30949,0.15948,0.049803,-0.51542,0.033619,-0.10079,0.4937,0.0018493,-0.048912,-0.0052573,0.1714,0.058121,0,0.10116,0,-0.077592,0.015006,-0.020492,0.083738,0.022431,-0.007737,-0.033352,-0.6066,0.010557,0.055215,-0.60634,0.018461,-0.054216,-0.98486,0.037779,0.048764,-0.98891,0.047245
-0.023589,0.7894,0.013597,-0.022285,0.59277,0.057424,-0.202,0.49584,0.023099,0.16545,0.5107,0.042526,-0.34253,0.25016,0.005797,0.30536,0.22173,0.064328,-0.53052,0.084411,-0.064062,0.49368,0.064136,-0.024854,-0.0062294,0.2002,0.056687,0,0.13192,0,-0.073777,0.047641,-0.019274,0.082144,0.053271,-0.005399,-0.022332,-0.54527,-0.016692,0.038514,-0.5745,-0.001684,-0.055175,-0.97151,0.047873,0.037456,-0.99251,0.059701
-0.023331,0.81476,0.009782,-0.022398,0.62542,0.053552,-0.206,0.53687,0.03689,0.16135,0.5387,0.036072,-0.35865,0.2688,0.022408,0.31235,0.2413,0.058105,-0.56063,0.12088,-0.048996,0.50913,0.094075,-0.030673,-0.0037206,0.25229,0.056787,0,0.18557,0,-0.072427,0.099949,-0.018938,0.080887,0.10827,-0.005951,-0.025694,-0.4553,-0.06298,0.050574,-0.4819,-0.050954,-0.03861,-0.8754,0.0875,0.032776,-0.88363,0.086215
-0.021399,0.8287,0.007223,-0.02305,0.63854,0.056375,-0.20318,0.55114,0.03886,0.16302,0.54792,0.033142,-0.36326,0.29729,0.035447,0.30965,0.27705,0.059435,-0.56392,0.15252,-0.047599,0.52182,0.12628,-0.025472,-0.0030849,0.26029,0.057312,0,0.19423,0,-0.072433,0.10925,-0.017953,0.080751,0.11711,-0.007637,-0.036856,-0.43498,-0.075432,0.06318,-0.42447,-0.062395,-0.032627,-0.82384,0.12629,0.030085,-0.83643,0.096517
-0.022235,0.83713,0.008126,-0.023523,0.65653,0.05655,-0.20358,0.55907,0.038539,0.16357,0.56775,0.039379,-0.36624,0.30229,0.034879,0.30467,0.28987,0.055975,-0.58678,0.17826,-0.064303,0.51737,0.15051,-0.029984,-0.0038167,0.27289,0.057636,0,0.20597,0,-0.072004,0.12028,-0.018193,0.080494,0.12835,-0.007516,-0.05208,-0.43687,-0.068443,0.062589,-0.42518,-0.06301,-0.042676,-0.82519,0.11645,0.025857,-0.82349,0.11641
-0.024557,0.84198,0.010871,-0.023532,0.65689,0.056948,-0.20536,0.56319,0.039248,0.16011,0.56909,0.039351,-0.36837,0.30651,0.03429,0.30307,0.29493,0.053901,-0.58658,0.18183,-0.070556,0.51743,0.15948,-0.046898,-0.0037806,0.27381,0.057928,0,0.20716,0,-0.07176,0.1214,-0.018645,0.080196,0.13092,-0.007125,-0.056462,-0.46754,-0.044421,0.065545,-0.4403,-0.049872,-0.064765,-0.81708,0.082804,0.0062035,-0.82813,0.084646
-0.026713,0.84511,0.0118,-0.026073,0.65842,0.059393,-0.20539,0.56312,0.038278,0.15938,0.57073,0.040698,-0.37677,0.30225,0.020949,0.3021,0.29573,0.051265,-0.58851,0.17765,-0.094781,0.51536,0.15728,-0.097934,-0.004233,0.27347,0.058219,0,0.207,0,-0.071503,0.12133,-0.018639,0.080123,0.13081,-0.007371,-0.065431,-0.51184,-0.02745,0.06384,-0.48873,-0.030378,-0.090463,-0.89354,0.019329,0.028189,-0.89401,0.053968
-0.026621,0.83637,0.022234,-0.02207,0.64075,0.062121,-0.20534,0.55697,0.044729,0.16269,0.5648,0.044856,-0.36993,0.28695,0.009236,0.30545,0.2823,0.038545,-0.58169,0.15562,-0.1415,0.5179,0.12671,-0.12316,-0.0034151,0.26164,0.058854,0,0.19625,0,-0.072091,0.1056,-0.017645,0.078895,0.12104,-0.010034,-0.067093,-0.53004,-0.019477,0.065019,-0.51451,-0.01386,-0.10019,-0.97183,-0.036895,0.052941,-0.95021,0.026913
-0.02035,0.80905,0.029373,-0.017422,0.60895,0.072747,-0.19831,0.51011,0.055287,0.16267,0.514,0.04989,-0.35487,0.25089,-0.01517,0.31292,0.21866,0.018968,-0.54188,0.12667,-0.15941,0.5013,0.08846,-0.14621,-0.0020323,0.23209,0.06058,0,0.16875,0,-0.071476,0.072463,-0.016503,0.078964,0.10575,-0.013559,-0.05912,-0.56327,-0.023794,0.068064,-0.52569,-0.043264,-0.097634,-0.97457,-0.031926,0.061295,-0.95174,0.02589
-0.026912,0.74322,0.02655,-0.023771,0.56451,0.075206,-0.19652,0.46393,0.055674,0.16895,0.46368,0.054209,-0.3461,0.20824,-0.026393,0.309,0.17307,0.009512,-0.52484,0.076483,-0.17024,0.49111,0.037781,-0.16753,-0.0038221,0.17535,0.061318,0,0.11026,0,-0.072071,0.028721,-0.019338,0.080742,0.033531,-0.012471,-0.048099,-0.59555,-0.049709,0.05635,-0.52988,-0.055786,-0.095598,-0.98927,-0.003794,0.052139,-0.988,0.024421
-0.029682,0.68779,0.038543,-0.023672,0.5006,0.074204,-0.20301,0.4082,0.050827,0.15476,0.41302,0.04774,-0.33293,0.15028,-0.041117,0.30144,0.13683,0.004166,-0.50504,0.02682,-0.20116,0.4784,-0.0071975,-0.17572,-0.0033584,0.12096,0.061238,0,0.057462,0,-0.0726,-0.026346,-0.014419,0.081024,-0.016427,-0.01718,-0.052591,-0.59538,-0.061746,0.074008,-0.53355,-0.072524,-0.1114,-0.98779,0.013688,0.047068,-0.98382,0.034576
-0.021517,0.64506,0.042267,-0.016348,0.44234,0.076973,-0.19394,0.33714,0.050332,0.17402,0.35451,0.05703,-0.30641,0.10242,-0.05509,0.31069,0.079548,0.002092,-0.48411,-0.022503,-0.20686,0.48153,-0.060043,-0.18328,-0.0031604,0.06357,0.061736,0,0.00074413,0,-0.073632,-0.083584,-0.018179,0.079638,-0.077162,-0.015459,-0.082952,-0.61663,-0.069968,0.089316,-0.54496,-0.070598,-0.11307,-1.0116,0.064443,0.037134,-0.97988,0.074696
-0.019697,0.63741,0.053964,-0.018981,0.43425,0.084299,-0.1932,0.30745,0.043158,0.17396,0.32021,0.060832,-0.3229,0.085836,-0.047335,0.31189,0.06002,0.01058,-0.48748,-0.041837,-0.21219,0.47026,-0.07335,-0.16423,-0.0054788,0.042956,0.063443,0,-0.022683,0,-0.076699,-0.10697,-0.027752,0.084159,-0.10451,-0.009308,-0.086229,-0.618,-0.057786,0.082384,-0.62456,-0.059111,-0.11418,-1.0116,0.069913,0.030699,-1.01,0.098401
-0.019391,0.6424,0.059339,-0.01723,0.43851,0.085186,-0.19382,0.31193,0.044909,0.17404,0.32128,0.061426,-0.31741,0.086242,-0.040937,0.31346,0.05681,0.015857,-0.48327,-0.044772,-0.20134,0.47917,-0.082121,-0.15225,-0.0051225,0.044994,0.06359,0,-0.020512,0,-0.078664,-0.10372,-0.027093,0.084877,-0.10096,-0.010238,-0.084652,-0.61722,-0.037517,0.072346,-0.62392,-0.034299,-0.11256,-1.0113,0.071643,0.030792,-1.008,0.09693
-0.013235,0.68973,0.055508,-0.0092297,0.49703,0.081238,-0.19119,0.3714,0.043445,0.17758,0.38361,0.059677,-0.32278,0.10803,-0.032023,0.31718,0.085383,0.039697,-0.48559,-0.043603,-0.1749,0.48252,-0.070195,-0.12421,-0.0034748,0.09994,0.062698,0,0.033503,0,-0.08261,-0.049751,-0.022425,0.085855,-0.046192,-0.011265,-0.058642,-0.61069,-0.012132,0.060147,-0.62889,0.00051,-0.10043,-1.0062,0.057058,0.042241,-0.98913,0.066526
-0.017585,0.74127,0.041343,-0.0099349,0.55592,0.079371,-0.19221,0.42365,0.04224,0.17234,0.43305,0.057394,-0.33023,0.15523,-0.026338,0.30928,0.13816,0.048071,-0.50164,-0.011196,-0.13524,0.48313,-0.020056,-0.079097,-0.0034406,0.14621,0.062751,0,0.075074,0,-0.080562,-0.009053,-0.022117,0.084062,-0.00062933,-0.009446,-0.058505,-0.60342,-0.004161,0.05446,-0.61527,0.002278,-0.082851,-0.98663,0.030394,0.03694,-0.98252,0.058363
-0.016995,0.78108,0.049858,-0.012286,0.57406,0.0773,-0.19182,0.47428,0.053976,0.17085,0.47293,0.053942,-0.33158,0.21056,0.011394,0.31115,0.15634,0.055477,-0.50449,0.040522,-0.088038,0.50819,0.00959,-0.034251,-0.0022109,0.17889,0.062211,0,0.1141,0,-0.079678,0.031646,-0.022685,0.084013,0.035145,-0.008654,-0.057758,-0.59236,-0.005838,0.057415,-0.59972,0.002586,-0.10206,-0.96883,0.019022,0.049281,-0.96373,0.058434
-0.020685,0.79811,0.038479,-0.016484,0.59912,0.071733,-0.19762,0.48989,0.04958,0.17123,0.51098,0.056397,-0.33545,0.2437,0.023192,0.30381,0.21752,0.072418,-0.52769,0.083497,-0.049587,0.50631,0.066196,-0.005239,-0.0031326,0.21793,0.061476,0,0.153,0,-0.079332,0.064932,-0.020451,0.084983,0.076146,-0.011159,-0.040893,-0.511,-0.038194,0.060169,-0.49927,-0.049475,-0.10613,-0.90031,0.044664,0.053443,-0.9139,0.075602
-0.022656,0.80522,0.031315,-0.021496,0.60819,0.065525,-0.20207,0.52331,0.054248,0.16769,0.51586,0.051679,-0.34913,0.25326,0.030064,0.30722,0.22677,0.077767,-0.55841,0.12081,-0.056147,0.51768,0.090422,0.007069,-0.0036532,0.23195,0.060196,0,0.16872,0,-0.074975,0.082747,-0.016916,0.083803,0.094033,-0.011231,-0.044478,-0.46181,-0.062846,0.072634,-0.45285,-0.068378,-0.092464,-0.85722,0.069263,0.036987,-0.82456,0.12693
-0.025409,0.80703,0.02294,-0.022791,0.61557,0.060064,-0.20451,0.52772,0.050104,0.1657,0.52016,0.046382,-0.35623,0.26168,0.02823,0.30711,0.24068,0.07412,-0.56904,0.12927,-0.065921,0.519,0.11067,-0.005654,-0.0035728,0.24288,0.059548,0,0.17931,0,-0.074631,0.092229,-0.015337,0.08324,0.10277,-0.012292,-0.048309,-0.46124,-0.069714,0.073611,-0.43968,-0.080167,-0.087132,-0.83091,0.078267,0.031102,-0.82248,0.11867
-0.02477,0.81196,0.025692,-0.022804,0.61705,0.059736,-0.20425,0.52933,0.049829,0.16555,0.52335,0.047375,-0.35969,0.26731,0.027939,0.3081,0.24813,0.070833,-0.57313,0.1466,-0.080984,0.52997,0.12519,-0.01628,-0.0036987,0.24416,0.059612,0,0.18047,0,-0.074281,0.093516,-0.015906,0.082745,0.10411,-0.011332,-0.056092,-0.46103,-0.068839,0.074032,-0.43938,-0.080755,-0.082689,-0.82564,0.074605,0.015774,-0.82476,0.094747
-0.025502,0.81147,0.02395,-0.023828,0.61574,0.058382,-0.2038,0.52499,0.048441,0.16424,0.52361,0.047181,-0.36425,0.26508,0.023491,0.30788,0.24786,0.067471,-0.58705,0.14208,-0.13591,0.53289,0.13065,-0.044578,-0.003959,0.23968,0.059454,0,0.17477,0,-0.073126,0.087911,-0.017306,0.081884,0.098399,-0.009201,-0.062368,-0.4938,-0.052823,0.073286,-0.48202,-0.071529,-0.08298,-0.87836,0.038848,0.019716,-0.82963,0.080282
-0.029224,0.79783,0.026746,-0.025385,0.60625,0.057312,-0.20529,0.50196,0.043902,0.16243,0.51013,0.045073,-0.37148,0.24956,0.004121,0.30555,0.22453,0.043571,-0.58995,0.13382,-0.15121,0.52246,0.11734,-0.069765,-0.0041399,0.21128,0.059711,0,0.14092,0,-0.072162,0.053018,-0.018348,0.080248,0.064104,-0.008143,-0.080035,-0.57211,-0.030974,0.076648,-0.53808,-0.064655,-0.089035,-0.97559,-0.009289,0.040963,-0.95526,0.026567
-0.021762,0.74654,0.009272,-0.01925,0.56201,0.051812,-0.19952,0.45129,0.033942,0.17826,0.45547,0.061402,-0.37077,0.21315,-0.027383,0.30965,0.18947,0.023301,-0.55572,0.096527,-0.17716,0.52445,0.074177,-0.12801,-0.0070612,0.17145,0.058901,0,0.10348,0,-0.074435,0.014237,-0.018373,0.081236,0.020338,-0.004993,-0.071796,-0.58275,-0.047733,0.072373,-0.57124,-0.068629,-0.087095,-0.98056,-0.000115,0.058364,-0.9718,0.020815
-0.013654,0.69544,0.017377,-0.0072184,0.51209,0.058355,-0.18958,0.41759,0.042368,0.17793,0.40525,0.05424,-0.34236,0.16963,-0.039668,0.31444,0.13651,0.016532,-0.52866,0.053758,-0.20562,0.5113,0.021944,-0.15468,-0.0032283,0.12584,0.059798,0,0.057999,0,-0.075177,-0.021205,-0.016511,0.07911,-0.019185,-0.009303,-0.05954,-0.60121,-0.064113,0.070957,-0.57704,-0.077185,-0.070179,-1.0151,0.036933,0.056475,-0.98313,0.023819
-0.018528,0.64575,0.02983,-0.02492,0.45493,0.059344,-0.19622,0.34765,0.042787,0.1782,0.35013,0.066189,-0.35123,0.12131,-0.053968,0.30663,0.085643,0.016557,-0.51458,-0.0008284,-0.22495,0.47909,-0.025997,-0.18157,-0.0071279,0.07724,0.059927,0,0.014394,0,-0.07462,-0.071638,-0.017731,0.084933,-0.071401,-0.009793,-0.049165,-0.61068,-0.08576,0.063353,-0.58149,-0.085315,-0.069905,-1.02,0.050395,0.048055,-1.0158,0.055964
-0.017139,0.60398,0.067327,-0.014294,0.4046,0.078369,-0.19588,0.28886,0.047262,0.17863,0.30575,0.069761,-0.33641,0.0732,-0.055969,0.31554,0.039934,0.021418,-0.50266,-0.043293,-0.22811,0.47702,-0.086575,-0.18851,-0.0050446,0.02331,0.062734,0,-0.03962,0,-0.08007,-0.12371,-0.027116,0.085416,-0.12167,-0.007662,-0.047716,-0.61784,-0.086529,0.075664,-0.63029,-0.091724,-0.067306,-1.0199,0.057761,0.048606,-1.0161,0.062771
-0.015255,0.60301,0.074215,-0.01457,0.40131,0.080754,-0.19752,0.28314,0.049801,0.17953,0.28791,0.077974,-0.3371,0.065103,-0.054631,0.29874,-0.0013343,0.028258,-0.49901,-0.064801,-0.22064,0.47168,-0.098802,-0.17266,-0.0062541,0.020078,0.063047,0,-0.04259,0,-0.080941,-0.12676,-0.027489,0.086978,-0.12552,-0.008679,-0.045402,-0.62501,-0.085399,0.076362,-0.62224,-0.084684,-0.069526,-1.0189,0.05911,0.037491,-1.0056,0.057561
-0.013386,0.60612,0.075989,-0.014943,0.40636,0.080335,-0.19733,0.2849,0.048027,0.17896,0.28922,0.077858,-0.33275,0.063567,-0.051462,0.30614,0.019465,0.031897,-0.49821,-0.072476,-0.20785,0.46242,-0.10555,-0.14376,-0.0065543,0.023606,0.062994,0,-0.039349,0,-0.082055,-0.12162,-0.027342,0.088005,-0.12274,-0.007965,-0.048289,-0.62049,-0.073042,0.066947,-0.60616,-0.068944,-0.056128,-1.0187,0.05856,0.036375,-1.0077,0.057176
-0.0095946,0.65744,0.057509,-0.015947,0.46944,0.080572,-0.18936,0.34198,0.04897,0.17862,0.34971,0.073826,-0.32245,0.10856,-0.027127,0.30885,0.070978,0.057194,-0.48784,-0.054718,-0.15108,0.4719,-0.086992,-0.11659,-0.0059831,0.078559,0.063137,0,0.01373,0,-0.08158,-0.068788,-0.024556,0.087274,-0.06647,-0.009435,-0.044954,-0.59997,-0.04341,0.063323,-0.53431,-0.047773,-0.05226,-1.018,0.0494,0.035627,-0.99082,0.040438
-0.020798,0.72757,0.041971,-0.01859,0.53361,0.069939,-0.19723,0.41507,0.046136,0.16662,0.41485,0.067191,-0.32967,0.14376,-0.01129,0.28404,0.12482,0.055977,-0.49704,-0.020762,-0.13029,0.46669,-0.036477,-0.068598,-0.0061719,0.13176,0.061692,0,0.062966,0,-0.077435,-0.019938,-0.019384,0.083805,-0.015419,-0.009595,-0.057755,-0.60642,-0.006973,0.043028,-0.60389,0.00257,-0.068394,-1.0052,0.025171,0.028126,-1.0066,0.040171
-0.018316,0.76315,0.042048,-0.016283,0.57753,0.061465,-0.20065,0.45352,0.038942,0.1735,0.46139,0.071297,-0.33705,0.19928,0.00332,0.30979,0.16327,0.083644,-0.51299,0.030416,-0.092006,0.48562,0.0062391,-0.046187,-0.0070842,0.18425,0.060301,0,0.11571,0,-0.079618,0.029834,-0.019851,0.085393,0.034836,-0.007381,-0.044296,-0.58318,-0.011107,0.046517,-0.58884,-0.006696,-0.071415,-0.97785,0.012213,0.06007,-0.95351,0.066458
-0.020725,0.80878,0.051719,-0.026348,0.60028,0.056593,-0.20216,0.50242,0.044008,0.16754,0.4957,0.05229,-0.34234,0.23383,0.009691,0.31164,0.21381,0.088766,-0.52809,0.066285,-0.063483,0.50075,0.047505,-0.018378,-0.0056786,0.2069,0.059621,0,0.13877,0,-0.074368,0.063251,-0.01449,0.084757,0.053415,-0.009212,-0.043698,-0.5239,-0.028384,0.05147,-0.58082,-0.009475,-0.080001,-0.88303,0.048593,0.075713,-0.88785,0.12528
-0.018008,0.81822,0.03068,-0.024412,0.61564,0.036784,-0.20159,0.52471,0.027529,0.16711,0.51889,0.036468,-0.35451,0.25495,0.000947,0.31559,0.23528,0.077952,-0.54266,0.086659,-0.06165,0.50999,0.083274,-0.016078,-0.0053936,0.25275,0.056342,0,0.1867,0,-0.072666,0.094119,-0.01054,0.081667,0.11126,-0.012202,-0.022537,-0.45665,-0.078529,0.068923,-0.52381,-0.011294,-0.082399,-0.8197,0.03424,0.0041521,-0.82037,0.13126
-0.021659,0.82717,0.025932,-0.021714,0.63294,0.040974,-0.20437,0.53956,0.02903,0.16818,0.54855,0.045047,-0.36365,0.26447,0.00424,0.31048,0.26724,0.079818,-0.56143,0.11084,-0.068122,0.50727,0.10071,-0.030126,-0.0058643,0.2615,0.056805,0,0.19549,0,-0.072775,0.10552,-0.010415,0.081457,0.11882,-0.011527,-0.026494,-0.44974,-0.080307,0.046372,-0.5152,-0.000444,-0.065648,-0.82998,0.089578,0.0075495,-0.8256,0.12432
-0.026578,0.83191,0.022249,-0.023305,0.63894,0.036868,-0.20662,0.54608,0.027379,0.16421,0.56093,0.04528,-0.36853,0.27973,0.00439,0.30995,0.26842,0.07428,-0.56308,0.12311,-0.071035,0.51744,0.11135,-0.043008,-0.0063105,0.27014,0.055989,0,0.2041,0,-0.071689,0.11432,-0.008788,0.081012,0.12919,-0.010398,-0.03985,-0.44441,-0.072455,0.055704,-0.50544,-0.000147,-0.070249,-0.8292,0.084188,0.029998,-0.81095,0.13651
-0.028702,0.83916,0.031454,-0.025071,0.63958,0.038686,-0.20787,0.54676,0.02606,0.16283,0.5604,0.045412,-0.36984,0.28079,0.003373,0.30913,0.26845,0.072664,-0.56868,0.12958,-0.07212,0.51969,0.11399,-0.049292,-0.0067387,0.26965,0.056183,0,0.2037,0,-0.071802,0.1141,-0.010122,0.081763,0.12825,-0.008342,-0.059881,-0.48059,-0.034892,0.09413,-0.44661,-0.051422,-0.076526,-0.83452,0.080661,0.030153,-0.84012,0.11812
