-0.05591586,0.8640631,3.400079,-0.03545786,0.6842391,3.470349,-0.2302197,0.5884894,3.491096,0.1389353,0.5808575,3.450459,-0.3936767,0.3518657,3.484803,0.2914101,0.3062981,3.405675,-0.5711848,0.1390128,3.383395,0.4401893,0.1280846,3.336265,-0.04075111,0.335122,3.501663,-0.0451573,0.265694,3.480884,-0.1260349,0.1796069,3.48532,0.03140209,0.1829353,3.474923,-0.1237271,-0.3545046,3.381824,0.0130431,-0.3366362,3.365483,-0.121018,-0.7426463,3.566375,-0.01908607,-0.7160909,3.562943
-0.05913953,0.866153,3.395219,-0.04086591,0.6921495,3.468586,-0.2324347,0.595524,3.49094,0.1366543,0.5899473,3.447516,-0.3880129,0.3813778,3.493837,0.2895542,0.3183218,3.419121,-0.5808095,0.1558949,3.424782,0.4433772,0.1283028,3.343036,-0.04253178,0.3423681,3.498871,-0.04624736,0.2727393,3.480647,-0.1267357,0.1863084,3.485128,0.03153799,0.1918676,3.475235,-0.123527,-0.3545058,3.381655,0.01526825,-0.2969169,3.346211,-0.1179123,-0.7478682,3.556421,-0.02565881,-0.6765308,3.542078
-0.06196089,0.8718013,3.389075,-0.04294615,0.6982478,3.467392,-0.2342265,0.5999373,3.489373,0.1340254,0.5952081,3.447124,-0.4091544,0.3691576,3.501437,0.28812,0.3264703,3.4332,-0.5905674,0.164505,3.437899,0.4558649,0.1244141,3.355108,-0.04393909,0.3482184,3.495751,-0.04710803,0.2784063,3.479697,-0.1270545,0.1911027,3.483713,0.03065668,0.1999031,3.474935,-0.1274993,-0.360246,3.383878,0.01586863,-0.3000979,3.346517,-0.140631,-0.7653822,3.50116,-0.02233165,-0.6902964,3.523968
-0.06345052,0.8711632,3.384801,-0.04357285,0.6986093,3.466838,-0.2355927,0.6024679,3.489222,0.1340788,0.5966678,3.447661,-0.4096216,0.3875116,3.518204,0.2894223,0.3370706,3.474639,-0.612959,0.1911408,3.457417,0.4687492,0.1581554,3.388199,-0.04508407,0.3488402,3.492215,-0.04804119,0.2791574,3.477595,-0.1278773,0.1917463,3.481407,0.02967386,0.2001291,3.472333,-0.1320138,-0.4142909,3.405525,0.0188005,-0.3860222,3.370596,-0.1532618,-0.799791,3.463312,-0.01116499,-0.7865195,3.510863
-0.06356855,0.8710453,3.384504,-0.04364373,0.6972548,3.465361,-0.2368437,0.6001457,3.488701,0.135019,0.5950919,3.451062,-0.4110935,0.3871236,3.518703,0.290113,0.3349172,3.477701,-0.6259556,0.2033362,3.469536,0.4739718,0.1661334,3.392547,-0.04553715,0.3425247,3.485673,-0.04814752,0.2716507,3.471056,-0.1275416,0.1830321,3.47221,0.02930704,0.1902109,3.465583,-0.1376737,-0.4704411,3.423363,0.01073776,-0.451102,3.387257,-0.1737574,-0.8655727,3.431515,-0.003412271,-0.8721597,3.456667
-0.065174,0.8580801,3.387929,-0.04308071,0.6716331,3.465239,-0.2433186,0.5756023,3.488211,0.1358077,0.5663098,3.456607,-0.4307532,0.3610043,3.523767,0.2870094,0.3263112,3.480397,-0.644281,0.2141337,3.467015,0.4762446,0.1862651,3.386946,-0.04987366,0.3172629,3.477158,-0.05306521,0.2472104,3.461034,-0.1332031,0.1578436,3.459889,0.02231616,0.1625145,3.453275,-0.141905,-0.5013517,3.434715,0.01545185,-0.4956931,3.401107,-0.1723356,-0.9381631,3.430219,-0.01085081,-0.9265126,3.417746
-0.06356928,0.8038958,3.392504,-0.0486211,0.6277741,3.472192,-0.2411614,0.5284818,3.487637,0.1353172,0.5372956,3.465219,-0.4311386,0.3481493,3.521092,0.2855224,0.2854697,3.487733,-0.6529105,0.2171716,3.449403,0.4944023,0.186546,3.368681,-0.05232372,0.2747506,3.472628,-0.05455261,0.2057153,3.452544,-0.1328125,0.1212212,3.448132,0.02124369,0.1243394,3.444401,-0.1446661,-0.5265799,3.430755,0.01366449,-0.5153613,3.401037,-0.163113,-0.9427649,3.433708,-0.007051554,-0.928045,3.419806
-0.06372539,0.7506808,3.403024,-0.04885426,0.5695917,3.475398,-0.2452959,0.471322,3.497021,0.1325104,0.4714955,3.466261,-0.4669773,0.2805941,3.49268,0.2813637,0.2701151,3.48034,-0.6884082,0.2106948,3.386136,0.5242711,0.1841049,3.324519,-0.0544989,0.2185196,3.473,-0.0577363,0.1507829,3.450068,-0.1381926,0.06356483,3.44428,0.01912913,0.06868403,3.43994,-0.1446506,-0.5443231,3.401821,0.004459491,-0.5380498,3.38748,-0.1554055,-0.9545478,3.449224,-0.0001053186,-0.9341808,3.429492
-0.05800107,0.7171214,3.410103,-0.0501502,0.5147115,3.485824,-0.2426369,0.4119546,3.492595,0.1296277,0.4018252,3.47174,-0.4900679,0.2389045,3.471598,0.2850339,0.1914491,3.457551,-0.7022158,0.212166,3.353732,0.518731,0.1824293,3.295844,-0.0561156,0.1605581,3.477854,-0.05884832,0.09317063,3.450537,-0.1378001,0.01029279,3.441678,0.01666932,0.009619546,3.439921,-0.1495693,-0.5487548,3.39458,0.00861755,-0.5439755,3.379177,-0.1935434,-0.9591028,3.496222,0.01205617,-0.9517655,3.474852
-0.0605457,0.6821241,3.433773,-0.053155,0.5030426,3.48883,-0.245041,0.3971449,3.496467,0.1313569,0.3891682,3.482199,-0.491866,0.2322504,3.466696,0.2795929,0.1889077,3.442891,-0.6857491,0.2117698,3.306356,0.5181778,0.1883254,3.240895,-0.05757007,0.1544445,3.481808,-0.05969733,0.08848059,3.451576,-0.1391111,0.004542843,3.442054,0.0165356,0.004131356,3.44116,-0.1606292,-0.5597384,3.406419,0.01044187,-0.5469848,3.381484,-0.1833628,-0.9635688,3.50398,0.01069228,-0.9529333,3.476456
-0.05573695,0.7042839,3.427673,-0.05101836,0.5122781,3.493106,-0.2440792,0.4050748,3.49584,0.131189,0.3978286,3.482417,-0.4691859,0.2398644,3.441277,0.2814111,0.2126924,3.421007,-0.6688368,0.2059646,3.283108,0.5059738,0.1886225,3.204597,-0.05751047,0.1566324,3.48469,-0.05983118,0.09053817,3.451643,-0.1390723,0.007561217,3.441883,0.01591298,0.006205598,3.440663,-0.1646633,-0.5686039,3.448214,0.01146828,-0.5832879,3.428333,-0.180985,-0.9646013,3.50241,0.007440437,-0.9569451,3.477723
-0.05026309,0.7586464,3.416139,-0.04574289,0.5730497,3.499865,-0.2425587,0.4704944,3.497694,0.1282644,0.4582049,3.470406,-0.4451432,0.2729661,3.440878,0.2884606,0.2377211,3.406795,-0.6159782,0.1970475,3.280049,0.4767415,0.171418,3.19638,-0.05640703,0.2129584,3.495273,-0.06116474,0.1458199,3.459918,-0.1438473,0.06276496,3.451888,0.01553887,0.06324192,3.447018,-0.1604717,-0.5583158,3.462201,0.004172369,-0.5553758,3.452001,-0.1545663,-0.9495865,3.448145,-0.00475716,-0.9531561,3.460153
-0.06201209,0.8428187,3.409264,-0.04922706,0.6657408,3.485678,-0.2397404,0.5628949,3.490046,0.1299766,0.5534424,3.462576,-0.4227583,0.3418277,3.444796,0.278381,0.3092805,3.404096,-0.5755001,0.1777155,3.310979,0.440384,0.1258958,3.240073,-0.05450492,0.309765,3.503149,-0.05828573,0.2410283,3.47255,-0.1371816,0.1561197,3.470273,0.01706491,0.1597188,3.464194,-0.1095114,-0.4489776,3.420545,-0.02053631,-0.46124,3.418363,-0.1217964,-0.8333748,3.507905,-0.02397198,-0.8299713,3.518079
-0.0611928,0.854616,3.414335,-0.0470624,0.6765252,3.486787,-0.2390176,0.5791433,3.48802,0.1291078,0.5570582,3.462675,-0.4196233,0.3458942,3.446147,0.2785062,0.3091918,3.403954,-0.5800768,0.1627631,3.335903,0.4320329,0.1164623,3.292277,-0.0546307,0.3190396,3.506203,-0.05851582,0.249815,3.476872,-0.1383527,0.1659354,3.474869,0.01685277,0.1694732,3.470296,-0.1362772,-0.3812126,3.384169,-0.0006657914,-0.3363765,3.357071,-0.1201033,-0.7822653,3.543211,-0.04203235,-0.7323105,3.523033
-0.06158452,0.8630525,3.413116,-0.04681092,0.6877175,3.486482,-0.2389794,0.5910078,3.492302,0.1214438,0.5931132,3.471989,-0.4384652,0.3387395,3.46804,0.2746545,0.3147343,3.416392,-0.59194,0.1501114,3.384786,0.4362101,0.1157321,3.325272,-0.0546498,0.3364832,3.509706,-0.05819641,0.2680203,3.482909,-0.1381384,0.1854037,3.481828,0.01736261,0.1902558,3.478338,-0.1279051,-0.3516228,3.369892,-0.003930753,-0.3090166,3.345389,-0.1235358,-0.7501695,3.534993,-0.04598873,-0.6974391,3.526002
-0.06289144,0.8707533,3.40501,-0.04826368,0.6915195,3.487855,-0.2411248,0.5951624,3.494257,0.121642,0.5937436,3.47291,-0.4134907,0.3810841,3.501152,0.2721636,0.3222278,3.462414,-0.5983327,0.1673535,3.421338,0.4470687,0.1196118,3.377178,-0.05485713,0.3410661,3.509913,-0.05813379,0.2725838,3.484181,-0.1383585,0.1881607,3.482536,0.01825059,0.1937532,3.479365,-0.1278098,-0.3523922,3.370523,-0.001961561,-0.3090672,3.348624,-0.1269997,-0.7506376,3.536425,-0.0448932,-0.6968699,3.530333
-0.06272858,0.8763447,3.402604,-0.04828008,0.6931304,3.488333,-0.2421381,0.5973431,3.496452,0.1217012,0.5950291,3.477843,-0.4142235,0.3806567,3.507618,0.273858,0.3244484,3.479015,-0.6262151,0.1663505,3.434496,0.4571298,0.1324999,3.403951,-0.05507676,0.3415987,3.509031,-0.05808476,0.2729225,3.484231,-0.138268,0.1883409,3.482459,0.01825546,0.194042,3.479454,-0.1382005,-0.3991745,3.394799,0.01067413,-0.3746552,3.385681,-0.1363939,-0.7928817,3.524265,-0.04382605,-0.7780905,3.53226
-0.06350013,0.8706247,3.405883,-0.0512778,0.689334,3.488789,-0.246013,0.5894281,3.498568,0.1231155,0.5913332,3.48251,-0.439521,0.3650442,3.518193,0.2754271,0.3235979,3.498361,-0.6338759,0.195208,3.458464,0.4651057,0.1463675,3.41822,-0.05567799,0.337374,3.507252,-0.05796954,0.2683563,3.482716,-0.1373156,0.1825112,3.479946,0.01906095,0.1863542,3.477031,-0.1404645,-0.4724887,3.437371,-0.0001506748,-0.4585897,3.416229,-0.1650708,-0.8426473,3.495593,-0.01814763,-0.8498498,3.514954
-0.06519029,0.8599115,3.408978,-0.0546912,0.6696301,3.496698,-0.2483215,0.5765574,3.503929,0.1259625,0.5668268,3.495916,-0.4560601,0.3455142,3.530312,0.2718754,0.3137904,3.513952,-0.6540027,0.2101845,3.460467,0.4730014,0.1593075,3.429759,-0.05867136,0.3142624,3.506539,-0.06013258,0.2451176,3.479604,-0.1384132,0.1594974,3.4737,0.01595936,0.16026,3.472511,-0.1472818,-0.4998273,3.454176,-0.001253696,-0.4987784,3.444692,-0.1588867,-0.915305,3.485578,-0.01680109,-0.9416393,3.473261
-0.05886915,0.8062935,3.439375,-0.05914607,0.614614,3.512375,-0.2466139,0.5278469,3.518467,0.1360516,0.5205098,3.516648,-0.4709083,0.3177638,3.528494,0.2708527,0.2908527,3.51896,-0.670954,0.2058827,3.451205,0.4889985,0.1650906,3.412001,-0.06133254,0.2763822,3.511459,-0.06185705,0.2134668,3.480685,-0.1398077,0.1274564,3.469367,0.01455775,0.1274259,3.474193,-0.1472072,-0.5252069,3.453046,-0.0010357,-0.5316682,3.445352,-0.1553114,-0.9490114,3.504856,-0.008154811,-0.9491547,3.513235
-0.06422649,0.7617067,3.439407,-0.05203379,0.5762706,3.531227,-0.2500691,0.4731953,3.52237,0.132898,0.4754012,3.524761,-0.4674014,0.2883705,3.519729,0.261623,0.2333067,3.515203,-0.6901693,0.2081627,3.413151,0.5109107,0.1677345,3.362603,-0.0591602,0.2208924,3.522893,-0.06048951,0.155479,3.487352,-0.1431106,0.06826895,3.471751,0.0184628,0.07202961,3.478733,-0.14802,-0.5514428,3.44393,-0.0003360134,-0.5585147,3.442924,-0.1727695,-0.9648662,3.531153,-0.003669318,-0.9680904,3.542496
-0.06271786,0.7087917,3.451648,-0.04961206,0.5119889,3.529993,-0.250103,0.4168341,3.523541,0.1310757,0.4148486,3.525278,-0.4785062,0.240216,3.493772,0.2698334,0.1808961,3.501024,-0.6927781,0.1981966,3.385613,0.5050704,0.1685246,3.345587,-0.06152142,0.1627774,3.524152,-0.06369495,0.09838298,3.486914,-0.1443401,0.01624888,3.471025,0.01115914,0.01043755,3.479315,-0.1523679,-0.5566464,3.441403,0.007771601,-0.5641565,3.443556,-0.1796514,-0.9736185,3.556062,-0.002446356,-0.971137,3.548492
-0.062637,0.6961426,3.462879,-0.05477999,0.5025841,3.538071,-0.2523672,0.4063702,3.530354,0.128884,0.4014408,3.525714,-0.4794198,0.2222209,3.496442,0.2675889,0.1787306,3.49803,-0.6903666,0.1935119,3.335398,0.5025196,0.1704422,3.291469,-0.06203803,0.1563342,3.528102,-0.06421302,0.09333165,3.488343,-0.1445198,0.00982675,3.47295,0.01135041,0.007115997,3.479026,-0.1593114,-0.5622609,3.447271,0.01907825,-0.5643505,3.454068,-0.1791901,-0.9726622,3.557165,-0.005451187,-0.9725584,3.565316
-0.06038389,0.7110295,3.466265,-0.05645718,0.5137864,3.538352,-0.2518899,0.413328,3.532034,0.1284065,0.4041339,3.525994,-0.4732226,0.2272269,3.494164,0.2634241,0.1825709,3.490478,-0.6780751,0.1881193,3.321171,0.4816884,0.1684862,3.277984,-0.06231921,0.1588363,3.530137,-0.06438515,0.09505018,3.488579,-0.1442753,0.01187445,3.47324,0.01115181,0.009018147,3.47917,-0.1691827,-0.565107,3.484682,0.03465043,-0.5598257,3.504403,-0.1773756,-0.9718989,3.558772,-0.0031897,-0.9616523,3.559702
-0.05795835,0.7658799,3.465714,-0.05393453,0.5783189,3.544647,-0.2451545,0.4832887,3.531415,0.1260803,0.4710504,3.524665,-0.4459152,0.2727077,3.470676,0.2521792,0.2470232,3.469842,-0.6411141,0.1855488,3.31265,0.4452451,0.1529478,3.252907,-0.06264677,0.2158642,3.53794,-0.0649909,0.1501981,3.494565,-0.1440474,0.07159936,3.480272,0.009796947,0.06350751,3.484101,-0.168371,-0.5662944,3.50015,0.01989425,-0.5645256,3.518704,-0.1577484,-0.9539182,3.51637,-0.01648102,-0.9642577,3.546736
-0.06318182,0.8220717,3.46736,-0.05779226,0.6300066,3.537446,-0.2491354,0.5306311,3.527023,0.1275275,0.5206655,3.517697,-0.4285602,0.3284845,3.473554,0.2569414,0.2711845,3.467438,-0.6273202,0.1747305,3.312285,0.4423796,0.1501608,3.255971,-0.06486335,0.2638506,3.542987,-0.06729814,0.1960734,3.500244,-0.1458296,0.1107002,3.487419,0.0075633,0.1110669,3.492621,-0.157916,-0.5481382,3.500706,0.003589118,-0.5476514,3.510752,-0.147613,-0.9195619,3.505651,-0.04976696,-0.9833261,3.522798
-0.06718514,0.8487011,3.467392,-0.05395576,0.666957,3.540018,-0.2467954,0.5591679,3.526869,0.1253311,0.5481251,3.514315,-0.4246886,0.3355329,3.478881,0.2598819,0.2927501,3.466803,-0.5796098,0.1778837,3.361415,0.436247,0.1279697,3.272575,-0.06008698,0.303429,3.549221,-0.06275813,0.236241,3.50635,-0.1407298,0.1529717,3.494574,0.01223991,0.1577089,3.500458,-0.1233673,-0.4555397,3.463051,-0.007122374,-0.4697089,3.461606,-0.1567212,-0.8178245,3.530715,-0.04999378,-0.8832404,3.546796
-0.06884681,0.8803899,3.475286,-0.05912418,0.6788404,3.539938,-0.2475502,0.5729227,3.52155,0.1224495,0.5645329,3.513508,-0.4196158,0.3511429,3.485039,0.2606549,0.2995493,3.465112,-0.5886381,0.1538977,3.379998,0.4249354,0.1137963,3.336138,-0.06175761,0.3191241,3.554199,-0.0631186,0.2522694,3.51229,-0.1410126,0.1654432,3.499631,0.01380892,0.1742743,3.508844,-0.1145664,-0.4000728,3.433526,0.002673366,-0.3776442,3.419418,-0.1470482,-0.8137525,3.544523,-0.05781325,-0.7869666,3.550086
-0.0686456,0.8834203,3.476297,-0.06056497,0.6844652,3.539262,-0.2478441,0.5906449,3.525628,0.1213232,0.569676,3.512052,-0.4207839,0.3519121,3.487817,0.2631398,0.3071924,3.474241,-0.5865428,0.155844,3.39644,0.4169039,0.1141813,3.38723,-0.06220102,0.3272012,3.55571,-0.06395224,0.2603763,3.514405,-0.1420946,0.1734246,3.502254,0.01331678,0.182598,3.511594,-0.1120396,-0.3900208,3.427059,0.007164308,-0.3214532,3.393466,-0.1350465,-0.8011553,3.558076,-0.05436501,-0.727406,3.532336
-0.06761489,0.8935905,3.47645,-0.0609205,0.692206,3.540544,-0.2501155,0.5934401,3.52995,0.1192983,0.5825641,3.514707,-0.4265417,0.3523769,3.505292,0.2662955,0.3111121,3.493774,-0.591351,0.1565019,3.425067,0.4166092,0.1219995,3.422734,-0.06188052,0.3328772,3.556485,-0.06387539,0.2655697,3.515138,-0.1423742,0.1787079,3.503529,0.01368842,0.1865627,3.511615,-0.1176063,-0.3937727,3.426349,0.007640023,-0.3276535,3.392237,-0.1385774,-0.7992036,3.552971,-0.05634424,-0.7317501,3.534787
-0.0670009,0.8990227,3.479816,-0.06257328,0.695295,3.5441,-0.2510555,0.5960003,3.533401,0.121224,0.5854654,3.519954,-0.4492726,0.3433394,3.525826,0.2703945,0.3118082,3.513157,-0.6088086,0.1574304,3.445688,0.4523039,0.1175165,3.457511,-0.06247205,0.3342729,3.556941,-0.06414451,0.2672371,3.514918,-0.1425251,0.1798911,3.50302,0.01356,0.1879136,3.510793,-0.1317849,-0.4244791,3.438243,0.00456675,-0.3415805,3.392556,-0.1444731,-0.8045214,3.535708,-0.04857796,-0.7515672,3.524508
-0.0691099,0.8940061,3.490751,-0.06329408,0.6935058,3.550833,-0.2510242,0.5910271,3.53685,0.1238054,0.5827412,3.524401,-0.4526315,0.3412517,3.531842,0.2633864,0.3161953,3.530178,-0.6425141,0.1675095,3.460319,0.4642885,0.1214036,3.465077,-0.0631097,0.331782,3.557487,-0.06490872,0.2649255,3.5132,-0.1430814,0.1782314,3.500765,0.01171647,0.1819056,3.504315,-0.1459575,-0.4749583,3.461787,-0.00110195,-0.4555752,3.434651,-0.163436,-0.8563432,3.50206,-0.03411073,-0.8595256,3.520299
-0.0689953,0.8544786,3.505048,-0.0602024,0.6737851,3.556882,-0.2534752,0.5634109,3.548804,0.1263926,0.5581694,3.537957,-0.4604176,0.3272464,3.541201,0.263091,0.3054507,3.540832,-0.6459797,0.1801569,3.462857,0.4697635,0.1378681,3.468436,-0.06559557,0.3046875,3.553918,-0.06830791,0.2377804,3.505814,-0.1459453,0.1531871,3.492542,0.005328121,0.1513294,3.492329,-0.1584926,-0.5062301,3.471801,-0.0081229,-0.5078493,3.459965,-0.1847115,-0.9274009,3.487002,-0.03136188,-0.9051994,3.520663
-0.05741723,0.804535,3.520373,-0.05425448,0.6210206,3.571189,-0.2502316,0.5046835,3.548035,0.1250888,0.5009472,3.546491,-0.4757205,0.2805674,3.548794,0.2704468,0.2554981,3.558789,-0.6754076,0.1825726,3.450495,0.4776549,0.1527604,3.461686,-0.0693617,0.2423141,3.55256,-0.07249743,0.1763467,3.500809,-0.1530204,0.09271911,3.482053,0.00121876,0.09405764,3.488066,-0.1600211,-0.5469689,3.467779,-0.01038331,-0.5470825,3.455303,-0.1755938,-0.953923,3.532873,-0.02037851,-0.9613523,3.519228
-0.0612805,0.7503015,3.527251,-0.0585304,0.5622392,3.572894,-0.2452958,0.4522594,3.553029,0.1252675,0.4479532,3.554002,-0.4712024,0.2701803,3.546942,0.2753116,0.2043773,3.553811,-0.6912078,0.2045005,3.409908,0.5081977,0.1655398,3.413719,-0.07229451,0.1915437,3.555565,-0.07474273,0.1285806,3.503071,-0.1529569,0.05263991,3.483413,-0.002764377,0.04323575,3.491078,-0.1596936,-0.5570624,3.448204,-0.01074933,-0.5577925,3.445483,-0.1785666,-0.9587803,3.537572,-0.02098124,-0.961563,3.524439
-0.06129509,0.7110482,3.531858,-0.05844892,0.5102122,3.571386,-0.2565653,0.3977077,3.563949,0.1226114,0.3953536,3.559516,-0.4880694,0.2190567,3.524093,0.2749941,0.1833923,3.542069,-0.6980743,0.2077106,3.398929,0.5062383,0.1758543,3.377766,-0.06906979,0.1555274,3.558673,-0.07179902,0.09400826,3.506135,-0.1509951,0.006968355,3.48597,0.00249366,0.007547899,3.495398,-0.166365,-0.5619531,3.440606,-0.009532662,-0.5584518,3.440028,-0.1882711,-0.966163,3.551454,-0.01717397,-0.9605671,3.540569
-0.06390269,0.7024785,3.541706,-0.05953684,0.5080453,3.573027,-0.2566732,0.3938451,3.565253,0.1206951,0.3878466,3.561991,-0.4814282,0.2202777,3.518586,0.2769402,0.1761943,3.531448,-0.6865847,0.2204387,3.348275,0.5054122,0.1882038,3.344693,-0.06986451,0.1448682,3.562246,-0.07207631,0.08118132,3.50918,-0.1510171,-0.0006569419,3.488629,0.002623747,-0.003814491,3.497983,-0.1715031,-0.5687692,3.447676,-0.005921726,-0.566519,3.448638,-0.1833249,-0.9703285,3.560462,-0.0176743,-0.9626137,3.549304
-0.06117431,0.7216207,3.55739,-0.06394688,0.526574,3.578017,-0.2566494,0.4046769,3.559924,0.118836,0.4001344,3.560214,-0.4804737,0.2264178,3.513534,0.2756163,0.1760298,3.511128,-0.6771792,0.2245785,3.333809,0.491882,0.2052762,3.315084,-0.07078423,0.1518411,3.565949,-0.07220927,0.08728668,3.512131,-0.1504978,0.007241108,3.493859,0.002664014,0.001868171,3.500242,-0.1710263,-0.5675972,3.498121,0.001903855,-0.5722162,3.504836,-0.1780463,-0.9720332,3.562797,-0.02227177,-0.9653902,3.56434
-0.05346763,0.7814007,3.560057,-0.06270862,0.5311923,3.574668,-0.2487025,0.4775483,3.561614,0.1239688,0.4684148,3.556812,-0.459874,0.2805597,3.515007,0.2594388,0.2571838,3.509671,-0.6550362,0.2252296,3.318613,0.4829118,0.2148288,3.267979,-0.06995412,0.2014178,3.573443,-0.07236262,0.1434182,3.522275,-0.1491787,0.06346345,3.505529,-0.0005863568,0.05732808,3.513912,-0.1633829,-0.5693191,3.532703,-0.01098068,-0.5812439,3.539653,-0.1705748,-0.9631913,3.547396,-0.02510952,-0.9699918,3.559504
-0.0553295,0.8267018,3.553754,-0.06421398,0.6399713,3.57205,-0.2486111,0.5375412,3.568157,0.1226396,0.5162647,3.551067,-0.4512693,0.3309573,3.493676,0.2636334,0.2995264,3.496396,-0.6067665,0.2296499,3.330865,0.4711516,0.2084616,3.261204,-0.07104317,0.2673833,3.586562,-0.07463786,0.199261,3.536516,-0.1523004,0.1199768,3.525782,-0.0009071407,0.1123138,3.528549,-0.155376,-0.5086513,3.527764,-0.01464754,-0.5466238,3.540777,-0.1568123,-0.89968,3.534389,-0.01911184,-0.9617344,3.550537
-0.05714993,0.8721177,3.549676,-0.06062908,0.6678252,3.571303,-0.2478587,0.5685278,3.571794,0.120111,0.5586959,3.547709,-0.4436728,0.3539152,3.499847,0.2639595,0.3176222,3.492643,-0.6011513,0.2220561,3.340375,0.4490215,0.1960965,3.280685,-0.06853334,0.3157466,3.597267,-0.07379499,0.2489847,3.551287,-0.1523008,0.16711,3.547279,-0.0008257787,0.1658252,3.542264,-0.1481567,-0.4486007,3.502419,-0.02083417,-0.4679112,3.511476,-0.1394846,-0.8435802,3.581463,-0.04581436,-0.8478423,3.594074
-0.05826324,0.8835639,3.549552,-0.06533441,0.6935385,3.579273,-0.2479808,0.5760672,3.570034,0.1197812,0.5647807,3.547093,-0.431085,0.369993,3.511363,0.2637232,0.3241976,3.489145,-0.5966275,0.198478,3.356312,0.4386228,0.1766295,3.318702,-0.06840866,0.3273872,3.602726,-0.07267761,0.2592531,3.557477,-0.151611,0.176135,3.551815,0.002989022,0.1780557,3.551136,-0.156625,-0.3687009,3.470033,-0.01663963,-0.3986006,3.481141,-0.1411302,-0.7675016,3.635392,-0.04339816,-0.7949454,3.65029
-0.06141376,0.8979682,3.546309,-0.0648659,0.7021858,3.578361,-0.249817,0.5918607,3.570827,0.1141815,0.5783311,3.549367,-0.4266264,0.3802625,3.523192,0.263966,0.331103,3.495537,-0.5913583,0.196115,3.407205,0.4188586,0.1762926,3.380314,-0.06821617,0.3392917,3.606307,-0.07203238,0.2705153,3.563925,-0.1510014,0.1879997,3.559283,0.004096923,0.1916146,3.559851,-0.1381878,-0.3302054,3.4557,-0.01291612,-0.3148364,3.450898,-0.1332628,-0.7214669,3.636563,-0.04804021,-0.6935629,3.651115
-0.06175548,0.9095333,3.549382,-0.06741954,0.7139397,3.580194,-0.2528652,0.6079524,3.578443,0.1105059,0.5961593,3.553074,-0.4287536,0.384021,3.537977,0.2649761,0.3305851,3.519631,-0.6077116,0.172989,3.438355,0.4345962,0.1527646,3.400853,-0.07048744,0.3534886,3.609579,-0.07452695,0.2842871,3.569492,-0.1543079,0.2013446,3.565907,0.002680093,0.2040926,3.564316,-0.1415211,-0.3326878,3.461803,-0.01250845,-0.3136165,3.451302,-0.1370702,-0.7222421,3.645977,-0.04797481,-0.6886306,3.657643
-0.06182473,0.9157345,3.554379,-0.06712455,0.716539,3.581119,-0.2535467,0.6094135,3.580768,0.1115842,0.6006329,3.55546,-0.4321063,0.3851697,3.556931,0.2623645,0.3314587,3.542772,-0.6133835,0.1810583,3.463818,0.4508356,0.1354702,3.458181,-0.0698464,0.3559039,3.609035,-0.07366572,0.2865271,3.570641,-0.1534597,0.2024907,3.567136,0.003582919,0.2065215,3.565071,-0.1558558,-0.3787972,3.510726,-0.01006388,-0.31387,3.452465,-0.1431503,-0.7672536,3.659675,-0.04565986,-0.6866705,3.662384
-0.06246321,0.9150385,3.555271,-0.06690978,0.7153373,3.582179,-0.2547964,0.6056134,3.58442,0.1150388,0.5915552,3.558985,-0.4534483,0.361272,3.583639,0.2670138,0.3311175,3.574865,-0.62945,0.1932398,3.516623,0.4564988,0.1405257,3.468741,-0.06976759,0.3541533,3.60832,-0.07341984,0.2845786,3.571314,-0.1531516,0.1989702,3.568336,0.003882181,0.2037904,3.565229,-0.1605778,-0.4223598,3.54042,-0.002476438,-0.392194,3.496363,-0.1638263,-0.8087991,3.636253,-0.015429,-0.7903503,3.663666
-0.06566218,0.9003978,3.561253,-0.06611156,0.702401,3.586512,-0.2559884,0.5919542,3.590584,0.1150962,0.5811797,3.563869,-0.4453351,0.3635875,3.591148,0.2650622,0.3268327,3.582795,-0.6344311,0.1965947,3.5277,0.468521,0.1511833,3.493603,-0.06987988,0.3380681,3.608993,-0.07378899,0.2680277,3.57239,-0.1523918,0.1817666,3.569226,0.001847746,0.1868632,3.564781,-0.1560345,-0.4679828,3.561979,-0.007799781,-0.4500284,3.52304,-0.1728659,-0.8448287,3.646567,-0.01607099,-0.8288748,3.662854
-0.06798872,0.8515017,3.575015,-0.06290133,0.6522717,3.597507,-0.2594892,0.5470046,3.599044,0.1124361,0.5464741,3.575226,-0.4785464,0.3125955,3.597603,0.2773955,0.2846922,3.608358,-0.6800246,0.1903909,3.547408,0.472046,0.1534044,3.492623,-0.07188818,0.282238,3.615274,-0.07650074,0.2116488,3.578224,-0.1542565,0.127432,3.576221,-0.003898728,0.1288837,3.567597,-0.1640894,-0.5318559,3.581392,-0.009413467,-0.5307323,3.555129,-0.182684,-0.9222925,3.654656,-0.01438015,-0.9350955,3.666306
-0.07738194,0.7974836,3.576255,-0.06995171,0.6101777,3.606232,-0.2595031,0.4903186,3.602274,0.1111358,0.4865488,3.578907,-0.4775673,0.2943197,3.599164,0.2783974,0.244225,3.5966,-0.6833421,0.1869473,3.527055,0.4999631,0.15178,3.46827,-0.07388769,0.2338009,3.61991,-0.07735797,0.1621681,3.581838,-0.157341,0.07588496,3.576098,-0.0001583508,0.0842518,3.572756,-0.164889,-0.5494448,3.572622,-0.01190023,-0.5482293,3.55263,-0.1755546,-0.958734,3.689234,-0.02416556,-0.96157,3.685424
-0.07721636,0.7356515,3.578235,-0.06886657,0.5447195,3.603134,-0.2630522,0.4324373,3.60599,0.1127329,0.4250643,3.578297,-0.5003678,0.2282632,3.593901,0.2834356,0.1968463,3.603033,-0.713387,0.16676,3.48697,0.5265454,0.1516281,3.427981,-0.07380535,0.1795336,3.623517,-0.07792664,0.1094952,3.587706,-0.1577934,0.02507752,3.58119,-0.001572029,0.0251968,3.582797,-0.1637149,-0.5570598,3.559371,-0.01576921,-0.5678504,3.551569,-0.1887195,-0.9600594,3.715417,-0.029253,-0.9748284,3.699884
-0.07753649,0.6862761,3.583384,-0.06764551,0.4912585,3.606027,-0.2618717,0.3812285,3.609051,0.1128291,0.3700044,3.589938,-0.4937024,0.2194702,3.589337,0.2862088,0.1666316,3.571598,-0.7195758,0.1619353,3.459645,0.5281221,0.1525462,3.393587,-0.07243971,0.1348196,3.626468,-0.07552828,0.06700255,3.591453,-0.1560555,-0.01299888,3.586497,0.002000129,-0.02132718,3.58506,-0.1679774,-0.5593197,3.561763,-0.01018599,-0.5741509,3.554962,-0.1876205,-0.9557161,3.732329,-0.03122594,-0.9597455,3.711967
-0.07730351,0.686047,3.586208,-0.06794904,0.4897277,3.60632,-0.2627128,0.3787994,3.609438,0.1136618,0.3702462,3.591274,-0.5044194,0.2054211,3.575362,0.2799852,0.169407,3.565069,-0.7073286,0.1644248,3.430702,0.5032101,0.1582022,3.365523,-0.07254862,0.1339238,3.625621,-0.0754711,0.06604771,3.591138,-0.1561121,-0.01561224,3.585784,0.002231866,-0.02211344,3.584617,-0.1803804,-0.5623113,3.591195,-0.0057703,-0.575075,3.564408,-0.1779229,-0.958508,3.732372,-0.03123555,-0.9600111,3.712047
-0.07548682,0.7277866,3.585464,-0.07300727,0.5385571,3.610123,-0.2632188,0.4061064,3.604054,0.1123458,0.4089366,3.586886,-0.4878743,0.2136768,3.572991,0.2819162,0.1891313,3.538343,-0.6712323,0.1679961,3.408675,0.465582,0.1593384,3.332391,-0.0722247,0.1568855,3.620109,-0.07442746,0.08575781,3.584023,-0.1531742,0.00210668,3.577127,0.003115865,0.003288488,3.574939,-0.1755763,-0.5678753,3.623819,0.0061233,-0.5669767,3.610681,-0.1781248,-0.9574646,3.725533,-0.02331227,-0.9518573,3.698197
-0.08096722,0.7862282,3.56853,-0.07118199,0.6026454,3.613455,-0.2594658,0.4827848,3.599325,0.1070655,0.4798834,3.573913,-0.4543656,0.2668515,3.560573,0.2634428,0.2529948,3.524226,-0.6325927,0.1735692,3.390007,0.4589339,0.1594355,3.330224,-0.06925782,0.2223531,3.615682,-0.07188972,0.1513832,3.575469,-0.1488826,0.07179272,3.566817,0.004846171,0.0670975,3.565226,-0.1593199,-0.5564037,3.62842,-0.001859759,-0.5641729,3.620008,-0.1623708,-0.9328977,3.688152,-0.02198595,-0.9493105,3.683702
-0.07444628,0.8440621,3.568878,-0.06661156,0.6519197,3.602775,-0.2560971,0.537767,3.595945,0.1131384,0.5333517,3.565486,-0.4539833,0.2980126,3.553821,0.2597678,0.2911806,3.520354,-0.6161301,0.1728123,3.392435,0.4450548,0.157115,3.335659,-0.06516121,0.2800298,3.613588,-0.068513,0.2099638,3.574411,-0.1449707,0.1257245,3.570007,0.007232213,0.1286091,3.562925,-0.1446055,-0.5076581,3.598911,-0.02474572,-0.5041683,3.594326,-0.1342027,-0.8912113,3.66714,-0.0368956,-0.8980443,3.65538
-0.07603441,0.8811108,3.557116,-0.07070776,0.6866162,3.59045,-0.2535312,0.5797762,3.591023,0.112889,0.5596922,3.554621,-0.4258878,0.3537722,3.553941,0.2568368,0.3127398,3.521181,-0.5753924,0.1726653,3.43364,0.4084716,0.1528811,3.380326,-0.06755175,0.3284588,3.611687,-0.07106622,0.2601845,3.575994,-0.1479276,0.1751237,3.576016,0.005915734,0.1801542,3.565839,-0.1285409,-0.4099473,3.520309,-0.01277885,-0.4235687,3.530347,-0.1184223,-0.8229066,3.646563,-0.04514551,-0.8264847,3.670112
-0.07634793,0.9003069,3.54155,-0.07052512,0.7113699,3.578821,-0.2501789,0.6015184,3.582148,0.1109361,0.5900128,3.546322,-0.4087521,0.3775088,3.551834,0.2586448,0.3191155,3.51237,-0.5750468,0.171739,3.434847,0.4101311,0.1306926,3.414729,-0.06677578,0.3454802,3.609692,-0.07009415,0.2744103,3.577579,-0.147351,0.1923632,3.578582,0.007615999,0.1956325,3.57042,-0.145315,-0.3232519,3.465247,-0.01186867,-0.3248281,3.460556,-0.1169353,-0.7305828,3.611312,-0.05304825,-0.7078905,3.653077
-0.07515759,0.922431,3.51989,-0.06859874,0.7287985,3.571415,-0.251238,0.6221999,3.577513,0.1049086,0.6066443,3.541424,-0.4090796,0.3799215,3.551181,0.2573684,0.3230608,3.512697,-0.5652445,0.1665709,3.47267,0.4000827,0.1232023,3.470002,-0.06503601,0.3658432,3.603172,-0.06821997,0.2941077,3.57444,-0.1453186,0.2102924,3.574798,0.009154124,0.2195805,3.570038,-0.1320185,-0.3092365,3.453959,-0.0001042698,-0.2830576,3.441256,-0.1121265,-0.7012475,3.63337,-0.05685307,-0.6588328,3.642775
-0.07391555,0.9349566,3.511846,-0.06941091,0.7357117,3.566749,-0.2527203,0.6315631,3.568225,0.1064769,0.6176443,3.538839,-0.4121875,0.381125,3.55347,0.2605664,0.3350275,3.519364,-0.5670861,0.1806622,3.501488,0.4028253,0.127695,3.483972,-0.06528278,0.3813828,3.597217,-0.0672514,0.31192,3.571012,-0.1449416,0.2264823,3.569889,0.0112055,0.2338097,3.569531,-0.1326473,-0.3099682,3.453126,0.003854658,-0.2822646,3.430672,-0.1146453,-0.7084162,3.583627,-0.05341671,-0.6617901,3.625858
-0.07421364,0.9382864,3.509689,-0.06834798,0.7399842,3.564573,-0.2529816,0.6351335,3.565877,0.1114022,0.629441,3.538573,-0.4141732,0.3864667,3.555325,0.2631606,0.3460261,3.52955,-0.5820568,0.1876968,3.520797,0.4110299,0.1422523,3.516677,-0.06367808,0.3894751,3.58939,-0.06522612,0.3208982,3.563665,-0.1425948,0.2312731,3.56207,0.01314325,0.2472364,3.559801,-0.1274825,-0.3616999,3.462384,0.005941404,-0.2905682,3.420458,-0.1352732,-0.751615,3.513877,-0.04992429,-0.7056805,3.539595
-0.07331398,0.9396224,3.510386,-0.06690636,0.7420961,3.562183,-0.25204,0.6372026,3.562595,0.1131707,0.629057,3.53782,-0.4155957,0.3912194,3.557627,0.26626,0.3466147,3.532697,-0.5951933,0.1996046,3.537397,0.4221487,0.1668836,3.526119,-0.06129294,0.3873453,3.578288,-0.06228708,0.3179671,3.550001,-0.1377169,0.2296823,3.543653,0.01516568,0.2403581,3.542796,-0.1189171,-0.3954486,3.462228,0.007262617,-0.3224977,3.405973,-0.1516017,-0.792266,3.453387,-0.03041894,-0.7406816,3.522222
-0.070308,0.9336724,3.510689,-0.06441858,0.7344151,3.557487,-0.2517553,0.6320659,3.557636,0.115597,0.6250618,3.536963,-0.4423535,0.3746981,3.564255,0.2706325,0.34402,3.536119,-0.622956,0.2088021,3.535156,0.4729014,0.1644368,3.506725,-0.05912549,0.357879,3.555855,-0.06036989,0.285768,3.521479,-0.1359852,0.1970063,3.511521,0.01579264,0.2056888,3.512236,-0.1230715,-0.4453781,3.468766,0.00829936,-0.41349,3.417197,-0.1538372,-0.8195811,3.442586,-0.00720179,-0.822264,3.490112
-0.0660681,0.8911135,3.5105,-0.05361255,0.7007701,3.556431,-0.2470756,0.5823475,3.551557,0.1303104,0.5866866,3.538309,-0.4480395,0.3679454,3.56338,0.2765121,0.3331091,3.546349,-0.641153,0.2211253,3.52603,0.477035,0.1693367,3.499901,-0.05803778,0.3337145,3.548938,-0.06010906,0.2652496,3.512232,-0.1370809,0.1769193,3.499994,0.01481094,0.1834317,3.50133,-0.1374802,-0.482446,3.465331,0.01259782,-0.4733917,3.425917,-0.1384512,-0.8827695,3.418457,-0.001239214,-0.9393407,3.441967
-0.05574212,0.8471216,3.52567,-0.05379689,0.6579,3.562092,-0.2442396,0.5542172,3.552987,0.1396895,0.5325271,3.544506,-0.462305,0.3422285,3.55579,0.2784829,0.2957501,3.545647,-0.6738238,0.2248397,3.454749,0.5111812,0.1843415,3.454191,-0.06026293,0.2890897,3.541805,-0.06206065,0.2220588,3.500246,-0.1383444,0.1392082,3.485109,0.01088298,0.1344792,3.485644,-0.1340416,-0.5199524,3.444025,0.01348299,-0.515127,3.414796,-0.1343171,-0.9672799,3.4298,0.0008836096,-0.9392303,3.437883
-0.05481746,0.7835971,3.531062,-0.04979994,0.5900829,3.570007,-0.2467648,0.4767452,3.549933,0.1274431,0.4721158,3.541049,-0.4845714,0.2934312,3.52978,0.2927815,0.2387643,3.533572,-0.6996619,0.2295814,3.414092,0.5297998,0.194116,3.385558,-0.05328088,0.2212543,3.538694,-0.0548778,0.1564156,3.493271,-0.1330437,0.07306635,3.47227,0.02135639,0.07479044,3.479738,-0.1323735,-0.5465925,3.412876,0.01381561,-0.5591326,3.396818,-0.1441571,-0.9567536,3.431118,0.01689852,-0.9503782,3.439065
-0.0518095,0.7287647,3.539233,-0.05850777,0.5402398,3.569086,-0.2413984,0.4210168,3.543577,0.1327637,0.4130531,3.548723,-0.4906124,0.2655953,3.495639,0.2888691,0.2065504,3.516449,-0.7030558,0.2363707,3.378178,0.5283586,0.2078857,3.334958,-0.05369273,0.1705694,3.536523,-0.05191427,0.1062673,3.489066,-0.1268675,0.02380875,3.464277,0.02554811,0.0235787,3.478057,-0.1428447,-0.5475777,3.398636,0.0177981,-0.5600685,3.395514,-0.174029,-0.9466309,3.453336,0.02468423,-0.9622988,3.490733
-0.05321647,0.7225342,3.54439,-0.05685309,0.5293331,3.56598,-0.2419311,0.4092772,3.543577,0.1319402,0.4017281,3.543308,-0.491904,0.2552781,3.472487,0.2863505,0.2017275,3.504909,-0.6781959,0.2415726,3.310835,0.4982055,0.2115741,3.289307,-0.05277953,0.1617604,3.536924,-0.05176216,0.09796693,3.488394,-0.1272033,0.0150716,3.464162,0.02569957,0.01574827,3.477515,-0.1497111,-0.5616325,3.419833,0.02770532,-0.5603607,3.421293,-0.1663337,-0.9589659,3.476863,0.02327575,-0.9611865,3.49171
-0.0532622,0.7250964,3.542976,-0.05676258,0.5340293,3.565834,-0.2419609,0.4122297,3.542604,0.1339137,0.4080651,3.539118,-0.4755781,0.2706356,3.443411,0.2819848,0.2282997,3.462217,-0.6648046,0.2475393,3.286767,0.4902315,0.2257674,3.234133,-0.05266871,0.1641429,3.538152,-0.05212357,0.1002453,3.488389,-0.1277167,0.01716736,3.464433,0.02538058,0.01740462,3.47729,-0.1568492,-0.5582236,3.440636,0.02701711,-0.5619344,3.451708,-0.1643546,-0.9574767,3.47053,0.02325234,-0.9612012,3.491697
-0.04939646,0.7889163,3.540452,-0.05231259,0.595993,3.563769,-0.2357568,0.480852,3.53596,0.1281344,0.4759563,3.525499,-0.4586738,0.2973208,3.437291,0.2665113,0.2677095,3.452562,-0.623404,0.2349048,3.250654,0.4493388,0.2100371,3.210859,-0.05479034,0.2183378,3.54474,-0.05657622,0.1519682,3.495199,-0.1326323,0.07431617,3.477584,0.01793306,0.06853249,3.48284,-0.1472995,-0.5558726,3.457303,0.01295957,-0.557103,3.463475,-0.1256912,-0.9614488,3.440174,-0.01305012,-0.9592816,3.452545
-0.0502459,0.8248187,3.530161,-0.05220954,0.6410157,3.56115,-0.2356584,0.5285542,3.539603,0.1323585,0.5289068,3.516832,-0.4464031,0.3155994,3.439675,0.2763526,0.2858965,3.438604,-0.5860049,0.2172865,3.259725,0.438944,0.1920792,3.206533,-0.05160321,0.2649263,3.554712,-0.05459886,0.1979119,3.506409,-0.1301565,0.1095668,3.488905,0.01980775,0.1193379,3.497515,-0.1316673,-0.5317529,3.453501,0.004597698,-0.5395818,3.453485,-0.1179142,-0.8930862,3.45609,-0.0380151,-0.9059941,3.473035
-0.05264517,0.8559269,3.524275,-0.04638064,0.6615394,3.556897,-0.2352337,0.564295,3.544376,0.128859,0.540926,3.514934,-0.4377002,0.3253676,3.441436,0.2744682,0.2967914,3.42569,-0.5631459,0.1851033,3.268855,0.4203238,0.1512426,3.234958,-0.04986584,0.3005689,3.560853,-0.05461756,0.2361432,3.513904,-0.1314385,0.1588474,3.504128,0.01821404,0.1571877,3.504553,-0.08911981,-0.4478321,3.419141,-0.009938064,-0.4421133,3.412107,-0.1166139,-0.8135298,3.521538,-0.02335577,-0.8579382,3.525076
-0.05291699,0.8632686,3.518806,-0.04480753,0.6716685,3.556396,-0.2361893,0.5676872,3.545682,0.1260469,0.5488729,3.515517,-0.4327035,0.3244121,3.440823,0.2744985,0.2964847,3.425836,-0.5573407,0.1626535,3.30433,0.4139867,0.09710055,3.257908,-0.04852876,0.3112259,3.566253,-0.05351979,0.24582,3.519198,-0.1310411,0.1655176,3.510157,0.02012618,0.166353,3.509368,-0.1207486,-0.3673911,3.381254,0.009859358,-0.374323,3.37933,-0.1101117,-0.7760998,3.526747,-0.03061758,-0.7760925,3.536285
-0.05498102,0.8750715,3.515886,-0.0493523,0.6804073,3.5592,-0.2370621,0.5720373,3.54731,0.1251608,0.5568463,3.517305,-0.4243438,0.331327,3.449357,0.2703584,0.2984139,3.429658,-0.5500957,0.1445245,3.357909,0.3930913,0.09137264,3.334558,-0.05031443,0.3223678,3.573256,-0.05466723,0.2568003,3.526665,-0.1323925,0.1756615,3.517966,0.02101637,0.1763797,3.517459,-0.1188187,-0.3536164,3.378921,0.003529629,-0.3113761,3.353715,-0.1113305,-0.7472466,3.556648,-0.03233102,-0.7070113,3.524476
-0.05734742,0.8759038,3.515028,-0.04992913,0.6823859,3.560023,-0.2396548,0.5761639,3.551839,0.1244487,0.5627123,3.520856,-0.4045834,0.3366238,3.509806,0.2664324,0.2998088,3.493726,-0.56201,0.1346129,3.41308,0.396078,0.0800547,3.381948,-0.05029389,0.3250136,3.574722,-0.05467224,0.2594693,3.52803,-0.132506,0.1778989,3.519497,0.02132956,0.1783437,3.518516,-0.1204135,-0.3539028,3.380867,0.006143761,-0.3114439,3.356706,-0.1131074,-0.7487656,3.556326,-0.03572864,-0.7019807,3.536303
-0.05851786,0.879015,3.518545,-0.04998494,0.6825157,3.560251,-0.2413779,0.5771278,3.556344,0.1242488,0.5635258,3.523854,-0.4079041,0.3367731,3.513983,0.2714903,0.2929518,3.505494,-0.5813487,0.1251014,3.434088,0.4384408,0.05923847,3.418988,-0.05015036,0.3250382,3.57494,-0.0546984,0.2595081,3.528089,-0.1325507,0.17786,3.51963,0.02132339,0.1783477,3.518517,-0.1270078,-0.3717128,3.391471,0.01296319,-0.326189,3.364209,-0.1311556,-0.7763147,3.546973,0.001781767,-0.7261568,3.529346
-0.06009761,0.8723208,3.526053,-0.05304504,0.6754347,3.565202,-0.242213,0.5693159,3.561954,0.1245912,0.5606943,3.52967,-0.4090394,0.3411485,3.533484,0.2731498,0.2900449,3.51578,-0.6033831,0.1366993,3.456968,0.4556184,0.07588621,3.429432,-0.05012654,0.3175367,3.57593,-0.05421065,0.2522316,3.52762,-0.1306505,0.1686886,3.517073,0.02188881,0.1713058,3.517989,-0.1351696,-0.4295302,3.420444,0.0230983,-0.4324975,3.414317,-0.1429868,-0.8113812,3.547367,-0.004006102,-0.838864,3.552953
-0.05765949,0.8381778,3.534122,-0.05587939,0.6472881,3.574987,-0.241314,0.5369159,3.575028,0.1305767,0.5174416,3.543077,-0.4523067,0.2934974,3.554639,0.2814535,0.2633362,3.534403,-0.6254672,0.1430643,3.476518,0.4698963,0.09577668,3.444551,-0.05291769,0.2735866,3.571983,-0.05656289,0.2066113,3.51947,-0.1316847,0.1238609,3.507065,0.01844599,0.1225381,3.503997,-0.1342989,-0.5019765,3.443928,0.01588504,-0.5025105,3.430519,-0.1473819,-0.9090422,3.541474,0.00578026,-0.8965747,3.540784
-0.05716941,0.7902694,3.546661,-0.05090554,0.6060624,3.585518,-0.2436924,0.4832866,3.580393,0.1307957,0.4855666,3.549566,-0.468416,0.2700824,3.554871,0.2823554,0.2497046,3.542717,-0.6676296,0.1550862,3.459395,0.4808282,0.1101268,3.435968,-0.05361071,0.2470712,3.573897,-0.05836099,0.1852815,3.520228,-0.1372235,0.0880188,3.506667,0.01743468,0.1127754,3.503913,-0.1384554,-0.5568167,3.452828,0.01502885,-0.5456901,3.449017,-0.1444085,-0.9631339,3.544154,0.01884157,-0.9597156,3.572745
-0.06125193,0.7358255,3.552259,-0.05283246,0.5519854,3.582342,-0.247155,0.4351926,3.58744,0.1318869,0.4293361,3.56057,-0.4635903,0.2592714,3.552365,0.2861074,0.1877183,3.534015,-0.6722862,0.158656,3.444118,0.5022098,0.1265543,3.409848,-0.05258101,0.1807269,3.57727,-0.05634956,0.1158122,3.523786,-0.1345483,0.03158477,3.510367,0.02049217,0.03174482,3.509189,-0.1381644,-0.5582077,3.452098,0.01426183,-0.5594047,3.448051,-0.1484205,-0.9700925,3.565902,0.02599735,-0.96473,3.593557
-0.06483102,0.7075573,3.570987,-0.05216905,0.5130023,3.588057,-0.25063,0.3863198,3.589106,0.1333049,0.3779092,3.560492,-0.48746,0.2079719,3.525235,0.2847969,0.17868,3.530742,-0.695497,0.1656404,3.403242,0.5223473,0.1514625,3.354891,-0.05145964,0.145061,3.582455,-0.05531453,0.08111195,3.528367,-0.134518,-0.005423714,3.513307,0.02271655,-0.004167132,3.514862,-0.1491173,-0.5753729,3.469283,0.02125201,-0.5685359,3.458053,-0.1524748,-0.9693274,3.576597,0.01866654,-0.9632659,3.597222
-0.06471843,0.7068223,3.572816,-0.05211883,0.5087028,3.588811,-0.2506569,0.3862949,3.589104,0.1332361,0.3778609,3.560571,-0.4844704,0.2083004,3.51837,0.2839313,0.1753613,3.526777,-0.6820277,0.1817322,3.37204,0.5158287,0.176874,3.326147,-0.0515346,0.1428999,3.583304,-0.05541936,0.07947345,3.528757,-0.1346149,-0.006195939,3.513799,0.02254842,-0.006341459,3.514777,-0.1542248,-0.5768349,3.507048,0.02804845,-0.5671667,3.498169,-0.1495775,-0.9685168,3.579984,0.01822003,-0.9684355,3.612975
-0.06117202,0.7307561,3.562756,-0.0530309,0.5419294,3.584431,-0.2457329,0.4237287,3.58582,0.127106,0.4160843,3.563379,-0.4333426,0.260984,3.508429,0.2867676,0.1753032,3.50659,-0.6665624,0.208638,3.328226,0.4967963,0.2091907,3.270977,-0.05244917,0.165242,3.586632,-0.05564839,0.09905215,3.532585,-0.1331219,0.01791356,3.522376,0.02077911,0.01747382,3.51855,-0.1503808,-0.5684201,3.532448,0.03185007,-0.5418759,3.537268,-0.1452571,-0.9662064,3.573227,0.01069359,-0.9641521,3.609407
-0.05944886,0.7910222,3.558555,-0.05611354,0.6014944,3.587401,-0.2433853,0.487608,3.582265,0.1250481,0.480951,3.554711,-0.4317038,0.2646208,3.505166,0.2717463,0.2206069,3.473232,-0.6255278,0.2156188,3.313934,0.4549132,0.235095,3.265987,-0.05147576,0.2274984,3.60038,-0.05477289,0.1596952,3.548232,-0.1326664,0.07487737,3.541021,0.02362063,0.07974732,3.535594,-0.1383319,-0.5535206,3.537967,0.01818428,-0.5442657,3.542365,-0.1363408,-0.9520366,3.56288,-0.02389356,-0.9521033,3.569922
-0.05761158,0.8219596,3.552648,-0.05638499,0.6318499,3.586907,-0.2420395,0.5270548,3.581306,0.1270735,0.508916,3.550995,-0.4301477,0.2946564,3.488824,0.2538125,0.3053143,3.497185,-0.5860572,0.2180483,3.311841,0.4485148,0.2374423,3.254917,-0.05501342,0.2610352,3.609705,-0.0592828,0.1925532,3.560692,-0.1366613,0.1086997,3.559056,0.01694594,0.1112248,3.547771,-0.1232009,-0.4991897,3.517219,0.0003931423,-0.5049996,3.514289,-0.1153089,-0.9006881,3.56578,-0.01621744,-0.8965005,3.584336
-0.06535019,0.8469403,3.537577,-0.05361765,0.6502185,3.583544,-0.2435953,0.5477884,3.582766,0.1272346,0.5419283,3.551699,-0.4263062,0.310504,3.470166,0.2603272,0.3120943,3.491867,-0.5816076,0.2135255,3.303794,0.4409813,0.2331533,3.242387,-0.05106704,0.3075801,3.623041,-0.05521454,0.2404777,3.581807,-0.1333558,0.1543918,3.58403,0.02160029,0.1589321,3.57414,-0.1315286,-0.4158416,3.475124,-0.006214431,-0.4182234,3.472537,-0.1152491,-0.8139135,3.59332,-0.02885939,-0.8198687,3.588515
-0.06595369,0.8534859,3.534045,-0.0533672,0.6629975,3.581414,-0.2439082,0.5628104,3.585277,0.1261871,0.5480065,3.552346,-0.4264433,0.3166308,3.468817,0.2670366,0.3144348,3.478237,-0.5686249,0.2031408,3.301034,0.4319904,0.2196458,3.238262,-0.05210061,0.3177899,3.623438,-0.05631851,0.2499639,3.586589,-0.1354869,0.1651412,3.590565,0.02109396,0.1692652,3.580382,-0.1221667,-0.3543509,3.454098,-0.01454383,-0.331828,3.436485,-0.1113109,-0.7658257,3.593887,-0.03659893,-0.7386762,3.586189
-0.06684242,0.8567868,3.533971,-0.05608568,0.6659207,3.581024,-0.2440279,0.5685558,3.585196,0.1198276,0.561094,3.552922,-0.4229056,0.325937,3.47222,0.2669833,0.3181354,3.477378,-0.5540147,0.1658874,3.340152,0.4268077,0.1778423,3.282941,-0.05425687,0.3239171,3.623136,-0.05787595,0.2563017,3.590768,-0.1365013,0.1728025,3.595478,0.01986792,0.1774301,3.586349,-0.1367988,-0.3147924,3.44181,-0.007892646,-0.3229237,3.432998,-0.1162879,-0.715896,3.604403,-0.01765558,-0.710189,3.623135
-0.06801741,0.8603845,3.533117,-0.05785596,0.6692356,3.581977,-0.2451486,0.5717158,3.584474,0.1196537,0.5615329,3.552958,-0.4025729,0.3357379,3.499213,0.2676062,0.3174732,3.483937,-0.5458992,0.1427183,3.375708,0.4356327,0.1491908,3.310431,-0.05592166,0.3282467,3.623082,-0.05899138,0.2603211,3.594613,-0.1376655,0.1758758,3.600019,0.01932041,0.1809859,3.589609,-0.1367935,-0.3161619,3.440801,-0.004606945,-0.3174605,3.431464,-0.1162314,-0.7182487,3.601372,-0.0143664,-0.7048535,3.618387
-0.06818503,0.8615987,3.534051,-0.05984297,0.6701979,3.582918,-0.2455058,0.5685952,3.583116,0.1193413,0.5595183,3.554285,-0.4017718,0.3316579,3.514996,0.2764563,0.2926333,3.516207,-0.5524689,0.1136173,3.402806,0.4467571,0.1085968,3.370691,-0.0564119,0.3275673,3.620723,-0.05865597,0.2591229,3.595624,-0.1369385,0.1744427,3.600405,0.02021114,0.1796418,3.591584,-0.116638,-0.3642969,3.4552,-0.003101862,-0.3176881,3.430066,-0.1306193,-0.7694588,3.57324,-0.03502718,-0.7216716,3.584971
-0.06819133,0.8572904,3.541726,-0.05972106,0.6635902,3.584132,-0.2483091,0.5602318,3.584587,0.1186749,0.546787,3.565711,-0.4097754,0.304642,3.544578,0.2745119,0.2876638,3.528672,-0.5843951,0.08678395,3.454628,0.4519065,0.09232903,3.421956,-0.05742234,0.3175037,3.619267,-0.05869424,0.2483378,3.59678,-0.1368065,0.1607628,3.599569,0.01988814,0.1689821,3.593895,-0.128331,-0.3904527,3.461624,0.001707403,-0.3292876,3.424448,-0.1263338,-0.796428,3.573661,-0.04067502,-0.7415408,3.557516
-0.06834938,0.8198375,3.563119,-0.05739275,0.6323292,3.590955,-0.2514997,0.5253156,3.58996,0.1151277,0.5230379,3.5711,-0.4061381,0.3034732,3.552037,0.2779825,0.2645274,3.559217,-0.5923504,0.1015555,3.490636,0.4719018,0.07576279,3.447707,-0.05740269,0.264391,3.615627,-0.05913328,0.1932814,3.592192,-0.1374638,0.1069634,3.590454,0.01831242,0.1150415,3.588393,-0.1137628,-0.4630205,3.464703,-0.001950901,-0.4554663,3.455205,-0.1439163,-0.8256204,3.584665,-0.03667578,-0.8234767,3.575333
-0.06602074,0.7820284,3.578837,-0.05900138,0.5847616,3.609373,-0.2494037,0.4679089,3.594172,0.1252936,0.4689015,3.597998,-0.4127925,0.2933671,3.558409,0.2722577,0.2318391,3.588857,-0.6141958,0.09548935,3.501543,0.4753772,0.07287276,3.447937,-0.05829919,0.2412264,3.616285,-0.05802534,0.1731601,3.590051,-0.136555,0.07489693,3.582677,0.02049111,0.09976842,3.585389,-0.1283475,-0.5310628,3.471731,-0.0001606372,-0.5052924,3.449537,-0.1126138,-0.952595,3.584325,-0.01817094,-0.8995075,3.575438
-0.06193294,0.7276269,3.589686,-0.05882292,0.5365719,3.616267,-0.2501377,0.4166684,3.59744,0.1258676,0.4165507,3.615241,-0.4717003,0.1914762,3.564013,0.2841104,0.1680116,3.585113,-0.6667193,0.07747978,3.474326,0.5124743,0.05097144,3.427259,-0.06092598,0.1814507,3.616546,-0.05972423,0.1141661,3.585763,-0.1393235,0.01752142,3.571796,0.01951416,0.04237636,3.581898,-0.1287447,-0.5317004,3.467447,0.001763759,-0.5179572,3.450371,-0.1111542,-0.9477521,3.595497,-0.03253692,-0.9249787,3.598251
-0.05659983,0.6613855,3.614487,-0.05429864,0.467463,3.631658,-0.2474235,0.3497993,3.604018,0.1186466,0.3487183,3.62792,-0.4696608,0.1714224,3.554101,0.281256,0.1390781,3.578368,-0.6749141,0.08289566,3.425954,0.5093014,0.05248195,3.382527,-0.0575444,0.1084922,3.619482,-0.055774,0.04205861,3.583669,-0.1328465,-0.04006542,3.565167,0.02073115,-0.03941691,3.578311,-0.1330402,-0.5474885,3.46603,0.002203625,-0.5150504,3.453976,-0.121379,-0.9441082,3.63899,-0.004931505,-0.9214631,3.606499
-0.05596301,0.6262751,3.622943,-0.05926642,0.4300636,3.649567,-0.2438844,0.3112787,3.602097,0.1150782,0.313524,3.628294,-0.4673938,0.1407054,3.530358,0.2743242,0.112955,3.575511,-0.6773276,0.08839005,3.36016,0.5056156,0.06484362,3.344249,-0.06036411,0.06921495,3.628397,-0.05781282,0.003602696,3.58864,-0.134179,-0.07974073,3.569649,0.01923545,-0.06850778,3.579792,-0.1395078,-0.5611327,3.474228,-0.00328988,-0.5735057,3.466105,-0.1211484,-0.9578127,3.646652,-0.03898439,-0.9642639,3.647637
-0.05613372,0.6261225,3.625145,-0.05938063,0.4294909,3.650668,-0.243726,0.3103335,3.601812,0.1153985,0.3124677,3.627525,-0.4490486,0.1264479,3.53144,0.2661116,0.1121148,3.567375,-0.6352871,0.09812873,3.331222,0.4610596,0.0859229,3.298032,-0.06061915,0.06872773,3.630459,-0.05797005,0.003593026,3.588762,-0.1346477,-0.07926452,3.569703,0.01893453,-0.06997151,3.579978,-0.138191,-0.5612222,3.474252,-0.008831492,-0.6008832,3.462154,-0.1210376,-0.9579682,3.646729,-0.04176081,-0.9836104,3.657654
-0.05057926,0.6616685,3.633607,-0.05746616,0.4734917,3.658181,-0.2385903,0.3387412,3.605559,0.1204738,0.3368714,3.630696,-0.430309,0.1447996,3.508035,0.2527906,0.1395745,3.529675,-0.603568,0.1036257,3.316358,0.3961965,0.08543099,3.333297,-0.06265613,0.09966357,3.630966,-0.06051984,0.03401493,3.58611,-0.1379112,-0.04026343,3.562655,0.01609338,-0.05038184,3.578015,-0.1365202,-0.5528564,3.485883,-0.008242029,-0.5584944,3.472588,-0.1175448,-0.9583157,3.63998,-0.04016394,-0.9508365,3.651918
-0.05262042,0.7302721,3.620208,-0.05324737,0.5331336,3.655092,-0.2358072,0.4143036,3.602687,0.1319561,0.4086833,3.626381,-0.3971858,0.2329601,3.509435,0.2592824,0.1813769,3.517092,-0.5819139,0.1093208,3.289914,0.4227124,0.09540359,3.270254,-0.06000669,0.1624759,3.625066,-0.05832446,0.09773897,3.577631,-0.1362159,0.01791121,3.555312,0.01767404,0.01523439,3.565831,-0.1509698,-0.5447329,3.531903,0.006164972,-0.5352613,3.505063,-0.1225335,-0.9455563,3.633497,-0.006025769,-0.9072323,3.593446
-0.04563025,0.791497,3.622272,-0.0512146,0.5957241,3.653566,-0.2345729,0.4817246,3.602937,0.1319056,0.4776616,3.61552,-0.3629518,0.2859892,3.531363,0.2360227,0.2399978,3.535763,-0.5162438,0.140292,3.337069,0.3708284,0.1246689,3.346868,-0.05581913,0.2250445,3.631144,-0.05503672,0.1599187,3.583396,-0.1319251,0.07881764,3.565592,0.02043096,0.07903458,3.569894,-0.1482162,-0.5387878,3.53485,0.01212744,-0.5263308,3.518954,-0.1531139,-0.9059165,3.60355,-0.0102687,-0.9237772,3.59852
-0.05035215,0.8317887,3.614982,-0.05797468,0.6429761,3.626407,-0.2402988,0.5330308,3.602991,0.1203091,0.5294578,3.598574,-0.3650691,0.3084489,3.523759,0.2421418,0.2560865,3.532817,-0.4922178,0.1556527,3.378498,0.3725477,0.1206548,3.352867,-0.05369509,0.2750545,3.632869,-0.0533945,0.208103,3.588834,-0.1275491,0.1293013,3.578971,0.02248662,0.1264636,3.579576,-0.1260555,-0.4471146,3.501656,0.008985016,-0.4827035,3.5149,-0.1298048,-0.8219693,3.618388,-0.01620242,-0.8874242,3.577816
-0.0521794,0.8736179,3.586575,-0.05900393,0.6685573,3.614809,-0.2394148,0.5543705,3.595205,0.1242526,0.5497146,3.591668,-0.3716316,0.3161437,3.523615,0.2467133,0.2807815,3.528903,-0.4914665,0.1467517,3.392616,0.3777926,0.09629161,3.373367,-0.05501198,0.3119082,3.634223,-0.05463852,0.244967,3.593764,-0.131068,0.1621239,3.586147,0.02370172,0.1627597,3.588312,-0.1275255,-0.3305577,3.443936,-0.004190416,-0.4560095,3.506654,-0.1174553,-0.7319523,3.607608,-0.04258487,-0.7779495,3.625757
-0.05976285,0.8802987,3.578459,-0.05945718,0.679165,3.605134,-0.2428411,0.5705726,3.590818,0.1217504,0.5664605,3.577861,-0.3714197,0.3182273,3.523329,0.2494635,0.2857865,3.529455,-0.5046556,0.1173906,3.412669,0.3853722,0.0683564,3.426791,-0.0535186,0.3292632,3.634445,-0.05388487,0.2627831,3.598423,-0.1321096,0.1814542,3.596057,0.02669456,0.1817051,3.594446,-0.09938733,-0.2983164,3.436292,0.01141253,-0.4302899,3.514806,-0.1148857,-0.6811594,3.634527,-0.04215728,-0.7153829,3.653539
-0.06379498,0.8883588,3.547396,-0.06380211,0.6887763,3.593809,-0.2444783,0.5764241,3.586854,0.1195866,0.5735661,3.571517,-0.3761016,0.3223225,3.527584,0.2546038,0.2982194,3.545178,-0.5110722,0.1058937,3.44415,0.3912143,0.07344782,3.484284,-0.0535195,0.3399416,3.633179,-0.05336823,0.2721874,3.602499,-0.1312574,0.1907829,3.603471,0.02865757,0.1922313,3.60071,-0.09922774,-0.2923229,3.433838,-0.0006923781,-0.2900361,3.446187,-0.1110575,-0.6782783,3.627022,-0.03350569,-0.6790284,3.63179
-0.06364183,0.8934449,3.546915,-0.06508651,0.7006894,3.579147,-0.2471237,0.5805748,3.58207,0.1209056,0.5783421,3.568554,-0.3799616,0.3278365,3.536593,0.2579362,0.3021156,3.553293,-0.5230008,0.1217908,3.489682,0.4036947,0.07477286,3.514985,-0.05392926,0.3474088,3.628198,-0.05329754,0.2771076,3.602444,-0.1315072,0.1931851,3.604076,0.02939942,0.19614,3.602194,-0.105453,-0.2954391,3.434106,0.003757158,-0.2976649,3.447449,-0.1042125,-0.7039615,3.582542,-0.03045538,-0.6899502,3.626787
-0.06470153,0.8944516,3.533761,-0.06431861,0.7013731,3.577078,-0.2479493,0.5826535,3.57849,0.1209388,0.5793924,3.56775,-0.3851405,0.3420904,3.549541,0.2688959,0.3076122,3.575798,-0.5465824,0.1359244,3.534737,0.4439787,0.07568274,3.563533,-0.0540871,0.3477403,3.624124,-0.05320378,0.2771808,3.601971,-0.1313971,0.1929143,3.603612,0.0293972,0.1962379,3.602146,-0.106693,-0.3562392,3.458514,0.01058937,-0.3282289,3.45014,-0.1199919,-0.7552784,3.560877,-0.0279206,-0.7481944,3.564137
-0.06212411,0.8913305,3.525572,-0.06417126,0.7005939,3.575636,-0.2483252,0.5826381,3.577785,0.1218322,0.5784539,3.566875,-0.3937092,0.3474801,3.568975,0.2715596,0.3109381,3.589347,-0.5629944,0.1418049,3.551729,0.4563326,0.1100886,3.56206,-0.05469912,0.3449651,3.616654,-0.05389356,0.2739244,3.5969,-0.1318168,0.1869643,3.597231,0.02800597,0.1932054,3.597368,-0.1038365,-0.4072268,3.472952,0.005299274,-0.4225414,3.483511,-0.1079192,-0.8115094,3.543591,-0.01904474,-0.8131794,3.552294
-0.06149168,0.8778265,3.528096,-0.06015047,0.6820408,3.573749,-0.2480002,0.5766779,3.575292,0.124593,0.5677902,3.566863,-0.4063621,0.3370189,3.578748,0.279092,0.3019022,3.608428,-0.5792124,0.1731315,3.569076,0.4739186,0.1285454,3.552037,-0.05132959,0.3205316,3.602807,-0.05021915,0.2481609,3.583141,-0.1255395,0.1608807,3.579279,0.02892139,0.1645811,3.583548,-0.09551112,-0.487068,3.493827,0.01592216,-0.4909976,3.50018,-0.1316485,-0.8608063,3.529738,-0.004647938,-0.8947689,3.540307
-0.05555055,0.8237027,3.527094,-0.0610817,0.6308129,3.585421,-0.242764,0.5348896,3.577443,0.1338654,0.5211534,3.578261,-0.4330497,0.3055118,3.58329,0.2798785,0.2920771,3.611166,-0.6418085,0.1764745,3.550785,0.4844256,0.1552944,3.551923,-0.05156321,0.2829375,3.596358,-0.04958599,0.2147351,3.574193,-0.1235457,0.1144521,3.563972,0.02914987,0.1429024,3.574345,-0.1111223,-0.543515,3.508037,0.02472392,-0.5150582,3.516732,-0.1384785,-0.9670969,3.53871,0.0195787,-0.9679553,3.552473
-0.05080984,0.7743561,3.533346,-0.06153795,0.5905865,3.586486,-0.2439249,0.4790927,3.580698,0.1326238,0.4696941,3.593315,-0.4570631,0.2684056,3.583396,0.3021031,0.2336228,3.615263,-0.6705415,0.186167,3.498262,0.5211377,0.173205,3.502765,-0.05404651,0.2342071,3.590932,-0.05151397,0.1654809,3.565512,-0.1263045,0.07446056,3.55478,0.02761111,0.09153219,3.563056,-0.1113516,-0.5587076,3.504188,0.02551952,-0.5596166,3.511841,-0.1444252,-0.9710239,3.544345,0.009567343,-0.9570408,3.577266
-0.05394756,0.7196532,3.541809,-0.05162472,0.5246015,3.585626,-0.2373494,0.4258869,3.581642,0.1338661,0.4159012,3.592701,-0.4793136,0.2402615,3.564189,0.299952,0.1947603,3.605809,-0.696021,0.1964865,3.461333,0.525631,0.1832697,3.45273,-0.04826379,0.1702542,3.588188,-0.04658265,0.1022692,3.560874,-0.1230403,0.0184926,3.549674,0.03186334,0.01949655,3.55677,-0.1202729,-0.5553684,3.497649,0.03357715,-0.5632167,3.506067,-0.167017,-0.9635148,3.598461,0.02718342,-0.9113082,3.585973
-0.05163749,0.7071543,3.549469,-0.05396469,0.5099059,3.587723,-0.2436401,0.4024304,3.584905,0.1339277,0.4003522,3.594666,-0.491765,0.2252153,3.536021,0.2955922,0.1803556,3.584521,-0.7002689,0.2296731,3.406761,0.5373936,0.1980813,3.399756,-0.04823,0.1596846,3.589519,-0.04630229,0.09277447,3.56034,-0.122639,0.005685616,3.549161,0.03301374,0.009667526,3.554965,-0.1320776,-0.5696639,3.518347,0.04351553,-0.567137,3.516069,-0.1645576,-0.9645081,3.597238,0.03176785,-0.9190782,3.600861
-0.04858803,0.7149922,3.555398,-0.05023579,0.5160252,3.591664,-0.2410093,0.4110025,3.585813,0.1347433,0.4061762,3.59122,-0.4774643,0.2390628,3.534435,0.2913288,0.1886572,3.568711,-0.6634294,0.2471845,3.371662,0.4987929,0.2132271,3.366193,-0.04787242,0.1609911,3.591441,-0.04649604,0.09415758,3.560178,-0.1231361,0.008418649,3.548494,0.03217191,0.01129818,3.554351,-0.1345728,-0.5657095,3.550809,0.03843253,-0.5716338,3.547971,-0.1316299,-0.9608395,3.581976,0.03337019,-0.9192579,3.601516
-0.04159974,0.7709991,3.556099,-0.04657143,0.5786657,3.590621,-0.2352771,0.4744766,3.58567,0.1374621,0.4568363,3.581007,-0.4604894,0.2813939,3.511431,0.2752747,0.2576664,3.555733,-0.6313096,0.2408599,3.336313,0.4738958,0.2177615,3.321963,-0.050188,0.2113556,3.595318,-0.05097396,0.1390699,3.56286,-0.1301216,0.05847235,3.555051,0.02640473,0.05372978,3.554965,-0.1321461,-0.5655454,3.560276,0.02282011,-0.5721053,3.573574,-0.1334796,-0.9637684,3.563694,0.023162,-0.9687712,3.599022
-0.04648682,0.8136104,3.532092,-0.04940192,0.6200232,3.586418,-0.2330123,0.530051,3.580241,0.1407529,0.5106729,3.566061,-0.4084786,0.3424519,3.518409,0.2727095,0.2764581,3.541497,-0.5689195,0.2392891,3.352555,0.4538046,0.2098576,3.31843,-0.05188328,0.2664621,3.60563,-0.0535842,0.1969578,3.577083,-0.1320108,0.1123034,3.574953,0.02330086,0.1133488,3.570154,-0.1220637,-0.5161033,3.544122,0.01112089,-0.5205203,3.550994,-0.1125617,-0.9238569,3.560346,-0.01913565,-0.9583899,3.569332
-0.04753737,0.8391339,3.526111,-0.05293541,0.6550704,3.574508,-0.2341516,0.5545324,3.577628,0.1384158,0.5418203,3.562988,-0.3945937,0.3680297,3.525386,0.2679639,0.2918859,3.536203,-0.5631585,0.2038433,3.336463,0.4291474,0.1893296,3.32272,-0.04910521,0.3106987,3.609116,-0.04932419,0.2438029,3.587789,-0.1257844,0.1564984,3.589994,0.02881636,0.1636246,3.586048,-0.1033589,-0.4235011,3.49218,0.008450412,-0.4537408,3.507409,-0.1093291,-0.8262016,3.576359,-0.02989208,-0.8304384,3.583324
-0.04897509,0.8533368,3.525082,-0.04902137,0.668628,3.574867,-0.2357153,0.566336,3.576993,0.1368844,0.5492644,3.56256,-0.3940932,0.3692106,3.525455,0.2671098,0.3063918,3.532571,-0.5455155,0.1883916,3.372285,0.4049973,0.1519732,3.358777,-0.04787847,0.3228158,3.610933,-0.0486653,0.2536893,3.592385,-0.1270247,0.1696172,3.595671,0.0298999,0.171305,3.591223,-0.09986009,-0.3571192,3.462765,0.01804878,-0.3296793,3.452635,-0.1183208,-0.7717974,3.590245,-0.03736909,-0.7472791,3.568381
-0.05002488,0.8658617,3.524721,-0.04995982,0.6769391,3.572694,-0.2357996,0.5752999,3.574037,0.1352393,0.5557299,3.560288,-0.3935528,0.3688245,3.524912,0.2667512,0.3054697,3.531783,-0.5286523,0.171996,3.40974,0.4084109,0.1031624,3.379841,-0.04843528,0.3337024,3.610759,-0.04905611,0.2647807,3.595688,-0.1284274,0.1817485,3.599887,0.0307184,0.1825434,3.59596,-0.08143551,-0.3002478,3.435733,0.01669612,-0.3115812,3.440778,-0.1189909,-0.7011894,3.597534,-0.04400526,-0.7017422,3.618428
-0.04770018,0.8724403,3.520752,-0.04990384,0.6802638,3.571548,-0.2353948,0.5775614,3.57284,0.1317844,0.5611181,3.55815,-0.3930159,0.3640665,3.526646,0.2701448,0.2991903,3.534996,-0.5495216,0.132628,3.446759,0.4057519,0.08960652,3.437682,-0.04883735,0.3398021,3.610178,-0.04958528,0.2713403,3.598005,-0.1285452,0.1855719,3.602013,0.02902566,0.1963604,3.600558,-0.08466879,-0.2961204,3.43328,0.01227307,-0.2922193,3.428928,-0.1179509,-0.6980643,3.59383,-0.04482097,-0.6813139,3.609686
-0.04759664,0.8730795,3.520436,-0.0493622,0.6809278,3.57181,-0.2360584,0.5784235,3.5734,0.1312961,0.5613034,3.558317,-0.3941451,0.357391,3.539794,0.269896,0.2873236,3.551467,-0.5625266,0.1370663,3.490359,0.445484,0.056286,3.464896,-0.04889961,0.339788,3.608246,-0.04960394,0.271352,3.598016,-0.1286692,0.185647,3.602062,0.02893322,0.195838,3.600358,-0.09425498,-0.3131199,3.429029,0.01294963,-0.2971481,3.430376,-0.1341086,-0.7214828,3.573921,-0.0605956,-0.7007169,3.575475
-0.04744898,0.8733788,3.521137,-0.04960557,0.6808103,3.573189,-0.2359979,0.5783851,3.573678,0.1326,0.5617746,3.560321,-0.4110047,0.338658,3.560509,0.2669073,0.29321,3.573518,-0.5733079,0.1481836,3.522364,0.4506618,0.08004634,3.488689,-0.0493885,0.33793,3.605501,-0.05008234,0.2686139,3.595935,-0.129439,0.1809488,3.597257,0.0284801,0.190578,3.596483,-0.1172988,-0.3922963,3.447807,0.007064495,-0.350824,3.426961,-0.1422997,-0.8101923,3.571455,-0.06245728,-0.7634679,3.551117
-0.04790002,0.861652,3.53783,-0.05153973,0.6630153,3.585658,-0.2354212,0.5692092,3.581364,0.1331772,0.5509254,3.570165,-0.4187417,0.330055,3.569252,0.2692471,0.2873467,3.586565,-0.590521,0.1519432,3.529629,0.4618806,0.08658916,3.496413,-0.05093406,0.3113624,3.597828,-0.05143088,0.2398101,3.583106,-0.1280435,0.1487048,3.576618,0.02524083,0.1609344,3.579085,-0.1185921,-0.4786842,3.471652,0.001238812,-0.4602301,3.46254,-0.14821,-0.8882021,3.54533,-0.01495252,-0.8908577,3.546576
-0.04409617,0.8147851,3.568274,-0.03673417,0.6193573,3.605044,-0.2347342,0.52083,3.595351,0.1376731,0.5156886,3.596987,-0.4242221,0.3106137,3.579748,0.2710568,0.2702486,3.608175,-0.6026658,0.1573773,3.527739,0.4684703,0.0956731,3.492727,-0.04908661,0.270809,3.590479,-0.05112451,0.2032253,3.568141,-0.130444,0.1111266,3.558486,0.02307116,0.1272274,3.55739,-0.116422,-0.5298899,3.475515,-0.007593596,-0.5029741,3.459931,-0.1267193,-0.9588879,3.555727,-0.0398602,-0.9299484,3.554177
-0.03093402,0.7625958,3.572605,-0.03605539,0.5844519,3.611418,-0.2324346,0.4653031,3.60384,0.1462435,0.4598559,3.622707,-0.4668465,0.2440476,3.580516,0.2840347,0.1982975,3.596272,-0.6700512,0.1521323,3.475761,0.5091244,0.09780413,3.45254,-0.05202768,0.2294965,3.588079,-0.05382834,0.1626268,3.559715,-0.1368403,0.07108609,3.545026,0.02197092,0.08422947,3.547344,-0.1224175,-0.531437,3.467956,-0.00810643,-0.522813,3.46065,-0.1280284,-0.9601477,3.557112,-0.04112172,-0.9475598,3.56237
-0.0318255,0.7143415,3.591638,-0.03880618,0.5140812,3.620875,-0.2285792,0.4120704,3.604964,0.1459939,0.3971164,3.630881,-0.4325955,0.2203646,3.553884,0.2854783,0.180414,3.585898,-0.667757,0.1524094,3.458427,0.5078644,0.106593,3.414888,-0.05264524,0.1581555,3.589717,-0.05309797,0.09251042,3.556658,-0.1335508,0.01181456,3.537111,0.02172723,0.007205016,3.545385,-0.1416029,-0.5563183,3.467165,-0.0002143058,-0.5746073,3.473619,-0.1696902,-0.969375,3.603392,-0.02220703,-0.9547537,3.612807
-0.02282937,0.6953873,3.599118,-0.04229288,0.5021483,3.62503,-0.2297969,0.3836013,3.600417,0.1426807,0.3753605,3.630528,-0.4326248,0.209158,3.55046,0.290743,0.1511974,3.552848,-0.6592228,0.1493078,3.394801,0.5160118,0.1170576,3.364846,-0.05298319,0.1392887,3.595729,-0.05211502,0.07245209,3.559927,-0.1304784,-0.008427684,3.540871,0.02273897,-0.01082024,3.5479,-0.1593177,-0.5736853,3.482308,0.004534864,-0.5749327,3.477627,-0.1585192,-0.9747581,3.648099,-0.003282492,-0.9132713,3.617705
-0.02360995,0.6946356,3.60004,-0.04233012,0.5013193,3.624988,-0.2299324,0.3831902,3.600031,0.1410927,0.3738309,3.621051,-0.4669898,0.2038339,3.514164,0.2816688,0.162255,3.54572,-0.6584293,0.158934,3.36556,0.5104237,0.128684,3.3348,-0.05247701,0.1378047,3.599077,-0.05214444,0.07130298,3.561179,-0.1306818,-0.01044819,3.54414,0.02277146,-0.01161625,3.548702,-0.164552,-0.5751572,3.532964,0.006611152,-0.569405,3.51525,-0.1596548,-0.9795498,3.624897,-0.04658623,-0.931914,3.645577
-0.02885978,0.7404746,3.590935,-0.02795376,0.5468102,3.604736,-0.2245294,0.4350584,3.595886,0.1438013,0.4279782,3.601041,-0.4227332,0.2513986,3.524318,0.2792417,0.1928979,3.530655,-0.6082079,0.1693699,3.346861,0.4720463,0.1368602,3.307432,-0.04790388,0.1715255,3.601595,-0.05069328,0.102361,3.56444,-0.1303899,0.02505757,3.55462,0.02165357,0.017002,3.552837,-0.1493821,-0.5455726,3.56035,0.003109745,-0.5577056,3.557987,-0.1517102,-0.942254,3.582916,-0.03220982,-0.9554298,3.614071
-0.0264325,0.7966489,3.585978,-0.02980108,0.6050808,3.603701,-0.2211883,0.4980497,3.597549,0.1500916,0.4881769,3.5845,-0.3955612,0.3101985,3.520384,0.2810458,0.2519729,3.519397,-0.5870688,0.1733174,3.347106,0.4623761,0.1349468,3.294665,-0.04357314,0.2321432,3.606947,-0.04764765,0.162011,3.570101,-0.1291231,0.0807053,3.564171,0.02713436,0.07714087,3.558158,-0.1393602,-0.5498899,3.564182,-0.006965811,-0.5461552,3.564169,-0.1396733,-0.9525476,3.579163,-0.03527887,-0.9531523,3.607226
-0.03261113,0.8267127,3.572783,-0.03693102,0.6285864,3.598303,-0.2139643,0.546237,3.600155,0.1468991,0.5371512,3.578303,-0.3897188,0.3277777,3.521305,0.2769534,0.2696065,3.51539,-0.5346454,0.1824768,3.377603,0.4454633,0.1327122,3.305256,-0.04123197,0.2857604,3.617159,-0.04387493,0.2180322,3.584562,-0.1187361,0.1355014,3.583023,0.02943342,0.1382772,3.576222,-0.1149331,-0.4623438,3.525941,-0.01127013,-0.4877073,3.534286,-0.1215629,-0.8915142,3.588441,-0.06616983,-0.8551034,3.636879
-0.03508878,0.8475664,3.563823,-0.03067461,0.6676493,3.603537,-0.2147657,0.5537145,3.598123,0.1457241,0.5440927,3.57469,-0.3693905,0.3544925,3.529973,0.2790368,0.2740003,3.513571,-0.5245925,0.1816049,3.387432,0.4357034,0.1076111,3.328354,-0.03924649,0.3042656,3.621237,-0.04288821,0.2354038,3.588927,-0.1202461,0.1549128,3.588798,0.03086958,0.1540403,3.579255,-0.1270737,-0.384412,3.485066,-0.02155471,-0.3970409,3.487874,-0.1088434,-0.8082092,3.593075,-0.03127403,-0.7932436,3.663393
-0.03273423,0.8680929,3.555406,-0.03155643,0.675678,3.59923,-0.2159322,0.5807807,3.598216,0.1461682,0.5578141,3.570134,-0.3697495,0.3545021,3.529539,0.2853295,0.2801672,3.519523,-0.5263934,0.1700918,3.408614,0.4283276,0.09119423,3.370579,-0.03739827,0.3285313,3.623037,-0.04098666,0.2619841,3.594249,-0.1199089,0.1815042,3.596739,0.03468902,0.1787318,3.585784,-0.1327852,-0.317699,3.463868,-0.002263233,-0.3145273,3.455217,-0.1155619,-0.7392188,3.579063,-0.0281102,-0.6974162,3.653663
-0.03107252,0.8863599,3.544951,-0.03151454,0.6856824,3.596065,-0.2153654,0.5846076,3.59814,0.1471127,0.5667138,3.568859,-0.3707974,0.356328,3.531413,0.2890274,0.2910558,3.530442,-0.5421671,0.1471556,3.435709,0.437061,0.07751362,3.404603,-0.0362733,0.3365847,3.623623,-0.0398619,0.2685027,3.597212,-0.1191169,0.1880389,3.601507,0.03654556,0.1859085,3.589006,-0.132752,-0.3167503,3.465398,-0.001771412,-0.3133703,3.454676,-0.09954228,-0.7033383,3.656551,-0.01501819,-0.6916176,3.661937
-0.03440236,0.8882052,3.534005,-0.0301566,0.6889902,3.594102,-0.213592,0.591449,3.597497,0.1485148,0.5716524,3.567564,-0.3781746,0.3566854,3.546552,0.2934082,0.2933725,3.537665,-0.5545933,0.1493975,3.476014,0.4516107,0.09042781,3.458392,-0.03424957,0.3421429,3.622432,-0.03763349,0.2740103,3.598595,-0.1169828,0.19223,3.603719,0.03895289,0.1925743,3.590587,-0.1327249,-0.3197201,3.46913,0.01434737,-0.3116968,3.45827,-0.1047915,-0.7135855,3.64777,0.01073593,-0.6977849,3.65286
-0.03502703,0.8897638,3.53777,-0.02825311,0.6886295,3.591059,-0.2137688,0.5916853,3.597508,0.149295,0.5727979,3.567048,-0.3868789,0.3521971,3.555473,0.2991041,0.2949097,3.543934,-0.5756215,0.1602123,3.52101,0.4642828,0.09885621,3.468079,-0.03371267,0.3422165,3.619911,-0.03711905,0.2738461,3.598372,-0.1163601,0.1913107,3.604025,0.03942253,0.1924303,3.590211,-0.1213444,-0.3831963,3.503241,0.02630447,-0.3273063,3.457026,-0.1236712,-0.7854335,3.616705,0.03020714,-0.7253378,3.629509
-0.03606487,0.8825076,3.535498,-0.02847061,0.683255,3.588986,-0.2130608,0.5800195,3.596796,0.1500016,0.5719267,3.566735,-0.3925864,0.3502709,3.566547,0.3043299,0.2999224,3.551718,-0.5728766,0.179817,3.540273,0.4833769,0.1205974,3.477158,-0.02989251,0.3304384,3.614357,-0.03200389,0.2601462,3.593961,-0.1086662,0.1739767,3.600277,0.04454849,0.1792121,3.584217,-0.1136312,-0.4304847,3.520468,0.04549123,-0.4242699,3.486714,-0.1186997,-0.8012722,3.603557,0.0498633,-0.8183702,3.614012
-0.03781681,0.8413934,3.542267,-0.02570511,0.646732,3.585668,-0.2128086,0.5528082,3.599471,0.1547048,0.5540472,3.567374,-0.401857,0.3337498,3.582186,0.3049133,0.2986214,3.552853,-0.6068407,0.1775729,3.551321,0.4920069,0.1343095,3.477304,-0.02439937,0.295519,3.60841,-0.02649096,0.226236,3.589295,-0.1029053,0.1402877,3.591953,0.04990604,0.144942,3.582435,-0.1040143,-0.518011,3.541472,0.05044835,-0.5121886,3.514861,-0.112059,-0.9092979,3.588056,0.05324518,-0.9133024,3.589533
-0.03725252,0.7924456,3.533011,-0.02557073,0.6156363,3.586726,-0.2136529,0.5058356,3.610543,0.1562777,0.5000288,3.562353,-0.4114157,0.3052078,3.585181,0.3108375,0.2707934,3.561475,-0.6278346,0.1781017,3.525681,0.5178196,0.1503312,3.460096,-0.0259656,0.2534785,3.603073,-0.02957719,0.1816045,3.583135,-0.1078239,0.09801391,3.587175,0.04713196,0.09727462,3.571826,-0.1020008,-0.5314085,3.538087,0.05101424,-0.5526484,3.526477,-0.1094963,-0.9179048,3.599548,0.07474108,-0.9593316,3.629797
-0.02849585,0.7474553,3.540277,-0.004023902,0.5517659,3.583382,-0.2071671,0.4506827,3.604896,0.1636,0.4402,3.566996,-0.411024,0.2801924,3.587742,0.3501044,0.197805,3.55197,-0.6593482,0.173645,3.493825,0.5542915,0.1470075,3.413881,-0.01243653,0.196306,3.600708,-0.01671567,0.1262274,3.581925,-0.09668019,0.04102929,3.585316,0.05825759,0.0440752,3.572435,-0.1010498,-0.535157,3.528674,0.04749315,-0.5712737,3.524393,-0.1064039,-0.9324185,3.608485,0.07106816,-0.979574,3.673605
-0.02704195,0.7011593,3.560607,-0.01608304,0.505735,3.59621,-0.2064684,0.4054465,3.609175,0.1620384,0.3936949,3.574238,-0.4291761,0.2261183,3.574207,0.3240246,0.1862805,3.542478,-0.6604887,0.1719076,3.468616,0.5499065,0.1513996,3.386955,-0.02050358,0.1483724,3.603562,-0.02389965,0.07838081,3.582039,-0.1015618,-0.004633486,3.585009,0.05074559,-0.004313582,3.568102,-0.1094694,-0.5610831,3.535854,0.0579,-0.5821185,3.525714,-0.1019413,-0.9589229,3.673951,0.07827003,-0.9821758,3.679989
-0.02704999,0.6990696,3.565694,-0.01628793,0.5018711,3.596407,-0.2087343,0.3907357,3.608428,0.1621806,0.3806465,3.57303,-0.4406465,0.2145883,3.565491,0.3202695,0.1836205,3.539466,-0.6599273,0.1728141,3.434219,0.5407138,0.1502543,3.337621,-0.01941247,0.1436072,3.60342,-0.02260917,0.07367755,3.580928,-0.1008499,-0.009862648,3.58336,0.05368678,-0.01050737,3.566664,-0.1089657,-0.5728332,3.559704,0.06408519,-0.5830581,3.532806,-0.09687909,-0.956056,3.682953,0.07847833,-0.9813302,3.677267
-0.02562509,0.7132453,3.565167,-0.01822957,0.5170867,3.592785,-0.2094449,0.4045634,3.604612,0.1608071,0.3981025,3.569099,-0.4318877,0.2145282,3.559306,0.3191091,0.1873254,3.537171,-0.6324716,0.1704184,3.403921,0.5275301,0.1496173,3.323341,-0.01872229,0.1567258,3.601371,-0.02151714,0.08658724,3.578501,-0.0991567,0.00183048,3.580933,0.05504671,0.004521823,3.564748,-0.1023406,-0.569471,3.583787,0.07808705,-0.5722108,3.562521,-0.09415612,-0.954623,3.676287,0.07675215,-0.9763392,3.667115
-0.02850353,0.7754136,3.56279,-0.02354235,0.5859976,3.585924,-0.2071352,0.4707284,3.597414,0.1607556,0.4719594,3.560006,-0.4185331,0.2415996,3.551336,0.3071283,0.2439185,3.510926,-0.6084487,0.1530949,3.366967,0.4807462,0.1429182,3.318192,-0.0153452,0.2223186,3.596411,-0.01659047,0.1512527,3.573628,-0.09239388,0.06257627,3.574985,0.06186439,0.07411673,3.562222,-0.08660682,-0.5536487,3.587256,0.07541902,-0.5550207,3.576451,-0.09190215,-0.9425359,3.607718,0.07652743,-0.9344378,3.616886
-0.03158961,0.8158154,3.553115,-0.01888843,0.6266425,3.586064,-0.2046617,0.5272126,3.595726,0.1601946,0.5215316,3.550884,-0.4052321,0.2929185,3.530262,0.3059966,0.2599607,3.501954,-0.5609587,0.1444205,3.413763,0.4768528,0.1297315,3.323636,-0.01351298,0.2567379,3.601211,-0.01577937,0.1842064,3.579718,-0.08964212,0.09761196,3.582049,0.05948274,0.1075141,3.570049,-0.08276904,-0.5472897,3.579962,0.05706162,-0.5438259,3.564332,-0.05629863,-0.9236374,3.6196,0.03157494,-0.964546,3.609852
-0.03752421,0.8401826,3.537633,-0.02140931,0.6563625,3.581442,-0.2089027,0.5571437,3.593665,0.1593289,0.5356405,3.547187,-0.3953422,0.3132702,3.532267,0.3003516,0.2827624,3.48658,-0.5410365,0.1499418,3.423882,0.4595875,0.1165523,3.346684,-0.01780396,0.3169309,3.60481,-0.02020122,0.2478657,3.587087,-0.09556124,0.160502,3.596195,0.05593576,0.1675022,3.575132,-0.05851128,-0.432736,3.511847,0.02951384,-0.4376051,3.501447,-0.05891826,-0.8273998,3.635013,0.01455102,-0.8307614,3.619367
-0.03586168,0.859583,3.527041,-0.02625837,0.6695919,3.570431,-0.2105409,0.5638424,3.593342,0.1576147,0.5609646,3.546252,-0.3553023,0.344831,3.543105,0.3018141,0.2832665,3.488567,-0.5160586,0.1487681,3.436589,0.4522227,0.09575111,3.390015,-0.01841994,0.3218409,3.601851,-0.02024415,0.2521988,3.587163,-0.09614752,0.1660504,3.597146,0.05719562,0.1712175,3.576481,-0.07106328,-0.3588677,3.466938,0.03234622,-0.3482454,3.446212,-0.0685442,-0.7463728,3.65951,0.01896034,-0.7364097,3.637225
-0.03845879,0.8722813,3.522548,-0.02658868,0.6782873,3.56352,-0.2149063,0.5741121,3.589068,0.1528518,0.5652164,3.541812,-0.355755,0.3435048,3.544992,0.30484,0.2861453,3.504596,-0.513877,0.1435352,3.449785,0.4534555,0.08334344,3.426269,-0.02064802,0.331819,3.59919,-0.02246965,0.26241,3.58807,-0.09971938,0.178029,3.601199,0.05556671,0.1814631,3.578557,-0.06480023,-0.3132467,3.443889,0.04051524,-0.3019012,3.437291,-0.06616734,-0.7034763,3.631707,0.009986611,-0.6879402,3.630435
-0.04113741,0.8774374,3.510536,-0.02751117,0.6797434,3.560715,-0.2156748,0.5779505,3.58749,0.1527685,0.5675547,3.541421,-0.3562498,0.3436946,3.546528,0.3044147,0.2859823,3.517807,-0.5250001,0.1344519,3.46466,0.4551335,0.09649041,3.458,-0.0211785,0.3369197,3.595549,-0.02244101,0.2683162,3.586635,-0.09982006,0.1819001,3.60071,0.05661068,0.1874155,3.577543,-0.06629131,-0.3148201,3.44278,0.04063579,-0.3015214,3.430684,-0.07898463,-0.71515,3.610876,0.0008579195,-0.6915318,3.615292
-0.04177421,0.8780369,3.508935,-0.02810173,0.6793486,3.560589,-0.2172192,0.5794732,3.584798,0.1532614,0.5671852,3.540818,-0.361877,0.3402493,3.558907,0.3054643,0.2834212,3.530864,-0.5382699,0.1656191,3.518768,0.4644598,0.1093912,3.475098,-0.02186842,0.3370552,3.592852,-0.02278097,0.2686363,3.585237,-0.1006442,0.1815563,3.597728,0.05676662,0.1875274,3.57646,-0.07686068,-0.3249101,3.435552,0.04494299,-0.3130273,3.424513,-0.09475109,-0.7429868,3.561765,-0.004337512,-0.7206626,3.570615
-0.04318048,0.875783,3.508491,-0.03316695,0.6733086,3.55933,-0.2197582,0.572306,3.57886,0.1514287,0.5661842,3.541028,-0.3720508,0.3382433,3.559173,0.2962888,0.2938221,3.549044,-0.555034,0.1685492,3.508975,0.4749655,0.1270394,3.474235,-0.02388243,0.3269628,3.583911,-0.02345828,0.2572024,3.575942,-0.09850234,0.1667149,3.582246,0.05640773,0.1794648,3.569128,-0.08924727,-0.4277439,3.462265,0.0451583,-0.4060309,3.437782,-0.1103969,-0.8206839,3.548113,0.01855794,-0.8055958,3.557338
-0.04014442,0.8507305,3.507699,-0.03490612,0.6600598,3.561452,-0.219879,0.5601991,3.578952,0.1511515,0.5568572,3.542798,-0.3975672,0.3197183,3.558941,0.3016704,0.2779273,3.557237,-0.6087385,0.1695235,3.476401,0.4858672,0.1431898,3.474315,-0.02286461,0.3050181,3.573079,-0.02169954,0.2338536,3.562112,-0.09416158,0.1469591,3.566502,0.05640978,0.1503423,3.549875,-0.1008472,-0.4916114,3.477761,0.0473947,-0.4681784,3.436271,-0.1229675,-0.8789708,3.534234,0.02830668,-0.8658185,3.537715
-0.03760338,0.7943262,3.517499,-0.03353036,0.6040484,3.560984,-0.2211754,0.5059805,3.572527,0.1608026,0.500219,3.549064,-0.4082295,0.2972884,3.549737,0.2983184,0.2623754,3.554614,-0.6216365,0.168849,3.463519,0.4935382,0.1497966,3.46284,-0.02887579,0.2505412,3.556169,-0.02903296,0.1813016,3.540569,-0.1067938,0.0945524,3.538661,0.05055472,0.0963302,3.528476,-0.1043741,-0.5448811,3.48269,0.04955801,-0.5309521,3.444121,-0.1339173,-0.957576,3.537891,0.03831892,-0.9522399,3.519587
-0.02799411,0.752865,3.528861,-0.02052694,0.5684499,3.567526,-0.2170742,0.4549519,3.57177,0.162286,0.4443536,3.558353,-0.4150018,0.261737,3.534945,0.3129596,0.1923001,3.544966,-0.6457991,0.1662352,3.39966,0.5188501,0.151716,3.411323,-0.02239284,0.1977898,3.554375,-0.02384207,0.1270888,3.53296,-0.1024461,0.0422502,3.522567,0.05276393,0.04224784,3.524092,-0.1076196,-0.5509133,3.472997,0.05091059,-0.5589102,3.437203,-0.1335031,-0.9662883,3.545524,0.04201309,-0.9530208,3.520211
-0.02608451,0.7007284,3.540912,-0.02798337,0.508699,3.578029,-0.2195207,0.394419,3.571309,0.1590678,0.3920341,3.560735,-0.4326836,0.210534,3.505668,0.3057436,0.1736921,3.535191,-0.641783,0.1661599,3.350676,0.5384946,0.1538194,3.36339,-0.02677791,0.1536339,3.561646,-0.02722206,0.08701927,3.535841,-0.104538,0.002790318,3.52516,0.05008144,0.003160684,3.524628,-0.1155276,-0.5645958,3.460916,0.05187951,-0.5636713,3.435935,-0.1370024,-0.967055,3.5555,0.04547308,-0.9605718,3.554277
-0.02423322,0.6969788,3.550747,-0.02885517,0.4974873,3.57977,-0.2179978,0.387039,3.570223,0.1585904,0.3801419,3.563803,-0.429382,0.2097566,3.501441,0.3039425,0.1670839,3.523881,-0.6197197,0.1621991,3.330228,0.5322596,0.1546914,3.321268,-0.02868485,0.1404751,3.562964,-0.02916175,0.07313234,3.533355,-0.1067338,-0.009724286,3.522721,0.04826557,-0.01076732,3.520326,-0.1208945,-0.5668548,3.464115,0.05353805,-0.5637785,3.438537,-0.1373086,-0.9711702,3.562916,0.04138668,-0.9599324,3.55949
-0.02284228,0.7072363,3.555398,-0.02415215,0.5137362,3.576493,-0.2167211,0.3992946,3.569248,0.1580281,0.3880822,3.562374,-0.4089479,0.2243026,3.476562,0.3089477,0.174526,3.511237,-0.5949304,0.149574,3.288394,0.5149361,0.1498203,3.296871,-0.02977373,0.1471239,3.562778,-0.03098823,0.07898183,3.530546,-0.1090828,-0.003682356,3.520074,0.04477207,-0.004085899,3.516919,-0.1298578,-0.5674909,3.500893,0.05345215,-0.5673184,3.469452,-0.1376302,-0.9707642,3.563523,0.04153589,-0.9605513,3.559218
-0.01992948,0.7728597,3.555254,-0.02654281,0.5805775,3.573069,-0.2178855,0.4676637,3.567147,0.1578772,0.4575018,3.551557,-0.3960629,0.2534313,3.470726,0.2953078,0.2457354,3.496222,-0.5698254,0.1411291,3.286507,0.4696117,0.1414155,3.30349,-0.0315381,0.2095996,3.56296,-0.03388926,0.1401626,3.528682,-0.1119712,0.059368,3.51904,0.04139544,0.05326332,3.516073,-0.1258242,-0.5650707,3.531015,0.05830209,-0.5568742,3.507772,-0.1338781,-0.9619547,3.553108,0.04533571,-0.9606275,3.552423
-0.02560479,0.8221822,3.547977,-0.02081806,0.638712,3.572961,-0.2123549,0.5274699,3.56279,0.1608656,0.5168751,3.544042,-0.3656959,0.3072103,3.477933,0.2950992,0.268026,3.49031,-0.5136177,0.157538,3.351924,0.46477,0.1365582,3.307389,-0.02753276,0.2667351,3.568224,-0.03066575,0.1971233,3.532375,-0.1081644,0.1162434,3.520458,0.04311463,0.1112673,3.523661,-0.1110359,-0.5202615,3.521984,0.05165231,-0.5479577,3.513673,-0.1110799,-0.9065346,3.536057,0.0396007,-0.9554285,3.540793
-0.0265664,0.8568496,3.538816,-0.03368547,0.6687372,3.568315,-0.2123497,0.5580658,3.557271,0.1530116,0.5475249,3.543462,-0.366797,0.3335914,3.485731,0.2988775,0.2807935,3.483119,-0.5119556,0.1470228,3.364077,0.4480027,0.1276555,3.334398,-0.02846782,0.3059058,3.574778,-0.02851189,0.2382761,3.540233,-0.1021959,0.1551908,3.534732,0.04815213,0.1623466,3.530698,-0.1104152,-0.4449827,3.480535,0.03347162,-0.4455797,3.474359,-0.1131325,-0.8180856,3.559308,0.002314137,-0.8324813,3.548479
-0.02564394,0.8837019,3.527801,-0.02786773,0.6928138,3.562957,-0.2154695,0.585243,3.556901,0.1539603,0.5673937,3.541982,-0.3699442,0.3367713,3.490621,0.2981865,0.2928576,3.489696,-0.5146285,0.1417388,3.400042,0.4476664,0.1131499,3.362514,-0.02716994,0.3303293,3.578795,-0.02836555,0.2607666,3.545911,-0.105725,0.1744667,3.542048,0.0492537,0.1793858,3.536858,-0.08582731,-0.3795034,3.446191,0.02709857,-0.3429818,3.423416,-0.1046389,-0.7979012,3.571947,-0.003010346,-0.7531325,3.56844
-0.03159343,0.895177,3.523379,-0.02694277,0.7048825,3.55986,-0.2173126,0.5954214,3.555394,0.1495647,0.5885464,3.53895,-0.3693477,0.3616602,3.517467,0.293259,0.307914,3.50252,-0.5403883,0.1400412,3.443448,0.4487278,0.1161712,3.403612,-0.02762331,0.3464259,3.580744,-0.02945133,0.277243,3.550195,-0.1083469,0.192744,3.549029,0.04835603,0.1981564,3.542952,-0.07916139,-0.3206092,3.413096,0.03264724,-0.308853,3.402752,-0.0974514,-0.7148188,3.593426,-0.02015386,-0.6942134,3.593509
