-0.02271329,0.6765043,3.021983,-0.02325173,0.5277721,3.173849,-0.1841967,0.4464866,3.202234,0.1465657,0.4581693,3.196193,-0.2312509,0.2062395,3.299278,0.2541719,0.2074923,3.335911,-0.318801,-0.002083898,3.359813,0.3801326,0.009729818,3.361685,-0.02020066,0.2062314,3.237935,-0.01947033,0.1411162,3.247769,-0.09994613,0.06698704,3.264379,0.06297223,0.06812106,3.254361,-0.1072709,-0.304138,3.001105,0.04746892,-0.3208567,3.020288,-0.06761473,-0.6710231,3.207421,0.02214745,-0.6277436,3.303099
-0.02205748,0.6763093,3.021376,-0.02368111,0.5304014,3.174368,-0.1831722,0.4509424,3.203954,0.1472598,0.4587648,3.19744,-0.2413726,0.2255253,3.315968,0.2607529,0.2245489,3.34498,-0.3573049,0.02633145,3.360743,0.4119222,0.05031662,3.388968,-0.01839667,0.211576,3.236359,-0.0170866,0.1472637,3.246222,-0.09761786,0.07305604,3.262558,0.0666207,0.07445585,3.252182,-0.1122813,-0.2884779,2.986144,0.04077348,-0.3068052,3.006216,-0.05519724,-0.5943016,3.265717,0.03274123,-0.5847567,3.316154
-0.02169491,0.6844225,3.020555,-0.02291674,0.5348576,3.176796,-0.1818544,0.4599165,3.208788,0.1479976,0.4609764,3.198888,-0.2504034,0.2380217,3.320116,0.2703567,0.2452622,3.349869,-0.4051568,0.08364499,3.400243,0.4356333,0.07763697,3.369316,-0.01731641,0.2176098,3.232965,-0.01607492,0.1540574,3.241844,-0.09745146,0.08096699,3.255326,0.06829494,0.08080298,3.247005,-0.1121879,-0.2877091,2.989243,0.03783564,-0.300667,3.00219,-0.06168774,-0.6031888,3.259994,0.036285,-0.5775653,3.313065
-0.02309865,0.6836715,3.019317,-0.02047672,0.5402259,3.179624,-0.1835852,0.4650218,3.212546,0.1488067,0.4638503,3.200588,-0.2741944,0.2669767,3.333509,0.2886363,0.2538392,3.341377,-0.4580899,0.1469288,3.411213,0.4859122,0.1218729,3.340256,-0.01664769,0.2206285,3.227578,-0.01581186,0.1570425,3.234542,-0.097294,0.08350506,3.24406,0.06753492,0.0827586,3.237202,-0.1147729,-0.3107159,3.020488,0.06490444,-0.3050078,3.001291,-0.064529,-0.6537967,3.258824,0.1028224,-0.6117802,3.282827
-0.02350302,0.6826017,3.018903,-0.02014156,0.5409201,3.181621,-0.1855859,0.4658642,3.216129,0.1491341,0.4651334,3.200862,-0.2820244,0.2722229,3.336402,0.2959099,0.2642718,3.330383,-0.5086152,0.1937949,3.372646,0.5102097,0.1617274,3.311329,-0.01660287,0.2177791,3.219539,-0.01605592,0.1522357,3.222637,-0.09754181,0.07439253,3.224207,0.06671782,0.0766218,3.222755,-0.1191122,-0.3854036,3.075411,0.08578608,-0.3686837,3.048646,-0.06789298,-0.7605996,3.265813,0.1194402,-0.7419367,3.245757
-0.0204602,0.6777853,3.022214,-0.01716827,0.5366251,3.18438,-0.1851105,0.4614895,3.218158,0.1510914,0.4646504,3.202831,-0.3583056,0.266016,3.342007,0.3148919,0.2622995,3.312064,-0.5928087,0.2284546,3.319767,0.5359951,0.1885373,3.252496,-0.01371348,0.1984473,3.205403,-0.01357907,0.1295581,3.206085,-0.09578504,0.05025065,3.208144,0.06867959,0.0540125,3.202939,-0.1181799,-0.5145267,3.125544,0.09992058,-0.4931546,3.082815,-0.08922055,-0.9347414,3.212847,0.1201753,-0.901268,3.200513
-0.01771898,0.6595674,3.035381,-0.01181843,0.5131257,3.184349,-0.185468,0.431186,3.221313,0.1583632,0.4387926,3.21437,-0.3736066,0.262185,3.325503,0.3442826,0.2409911,3.290218,-0.6095934,0.2617995,3.2841,0.5693685,0.2143522,3.205574,-0.01225288,0.1586853,3.188171,-0.01281571,0.08873969,3.18701,-0.09212903,0.009409666,3.186949,0.0652304,0.01008254,3.181859,-0.1230772,-0.5761648,3.130523,0.1121135,-0.5658306,3.094813,-0.09214197,-0.9966606,3.187972,0.1103035,-0.9883141,3.144564
-0.006933238,0.6357092,3.057569,-0.01467542,0.4542438,3.195641,-0.1858339,0.3691995,3.220772,0.1625495,0.3826983,3.225936,-0.3935287,0.2154432,3.294499,0.3595677,0.203156,3.261561,-0.6191432,0.2508879,3.215591,0.580765,0.207994,3.161641,-0.01037809,0.1084359,3.185737,-0.009450817,0.04017136,3.179369,-0.08768371,-0.04032649,3.173814,0.07054962,-0.03432208,3.174083,-0.1237551,-0.5885533,3.125232,0.1057863,-0.578858,3.089885,-0.09546107,-1.000382,3.193871,0.1093447,-0.9939156,3.138093
-0.01417497,0.5688512,3.086907,-0.01118988,0.3995292,3.202011,-0.1827193,0.2989123,3.212866,0.1537833,0.3097889,3.220802,-0.4100134,0.1636128,3.258508,0.3616732,0.1483267,3.238734,-0.6150078,0.2265067,3.14291,0.5543972,0.1738418,3.088918,-0.008225475,0.04419681,3.185918,-0.00739192,-0.0257343,3.174144,-0.08317491,-0.1017561,3.165884,0.06973805,-0.1005358,3.167869,-0.1137634,-0.6309245,3.108415,0.0901026,-0.6251932,3.069638,-0.1051109,-1.013408,3.260767,0.1004609,-1.035913,3.171703
-0.01774711,0.543702,3.097472,-0.0186857,0.3446657,3.20146,-0.1828404,0.2423682,3.206106,0.158555,0.25638,3.226912,-0.3949762,0.1081038,3.2099,0.3399506,0.1013064,3.226262,-0.6008067,0.1619001,3.090952,0.5196056,0.1153706,3.036517,-0.008739475,-0.006918623,3.190818,-0.005887883,-0.0758554,3.176814,-0.08306035,-0.1542179,3.168172,0.0759448,-0.1506223,3.171708,-0.116348,-0.6411502,3.107168,0.08501171,-0.6374546,3.062357,-0.1061771,-1.025391,3.275301,0.1001379,-1.034855,3.178172
-0.02644235,0.5131702,3.118195,-0.02056595,0.3361319,3.202247,-0.1833183,0.2358719,3.205099,0.1518362,0.2436117,3.220193,-0.3834433,0.08193593,3.191121,0.325106,0.08192277,3.21101,-0.5850236,0.08334156,3.039901,0.4798502,0.03969623,3.021737,-0.01257151,-0.01811778,3.195515,-0.01027407,-0.08750829,3.179569,-0.0861897,-0.1627641,3.171879,0.06983891,-0.1619334,3.173909,-0.1185582,-0.6444596,3.109284,0.0849316,-0.6381803,3.062912,-0.1067081,-1.026332,3.276527,0.101907,-1.037004,3.191632
-0.02649819,0.5138274,3.117883,-0.01852463,0.339434,3.200594,-0.1824588,0.2390986,3.204581,0.1535459,0.253351,3.210016,-0.3749579,0.07948621,3.187746,0.3181982,0.07359889,3.199781,-0.5452496,0.02046443,3.019919,0.4594383,-0.004617923,3.003057,-0.01132758,-0.01561571,3.197335,-0.009612781,-0.08496046,3.179701,-0.0855879,-0.1605093,3.172744,0.07007562,-0.1593935,3.17394,-0.1227963,-0.6427497,3.11975,0.09503379,-0.6394316,3.089287,-0.1081927,-1.023871,3.274409,0.1033182,-1.036492,3.190296
-0.02166379,0.5835819,3.122995,-0.006017491,0.4067245,3.198228,-0.1739345,0.3025081,3.197721,0.1552092,0.3185086,3.20141,-0.3405973,0.1164123,3.183809,0.3002814,0.07887635,3.200873,-0.4890186,-0.01821807,3.043194,0.4261646,-0.04411964,3.013825,-0.004013697,0.0428528,3.197402,-0.003446787,-0.02824364,3.178339,-0.07868957,-0.1047981,3.17483,0.07267017,-0.09960133,3.170625,-0.1211799,-0.6227308,3.183484,0.1082328,-0.623421,3.147632,-0.1031163,-1.013541,3.250451,0.1089727,-1.02554,3.182477
-0.02380446,0.6486135,3.115354,-0.01147028,0.4760496,3.192191,-0.1829562,0.3832329,3.202511,0.1486849,0.3846821,3.189244,-0.3164503,0.1639796,3.190553,0.2606508,0.1347037,3.210848,-0.4282048,-0.02607004,3.089147,0.3928421,-0.03704807,3.070756,-0.00721033,0.1105933,3.198807,-0.007279196,0.03879299,3.180459,-0.08178047,-0.03749643,3.179872,0.06865188,-0.03408945,3.17257,-0.1202834,-0.6177803,3.189456,0.1109315,-0.6085912,3.160233,-0.1056556,-0.9984981,3.19521,0.09303224,-0.989744,3.141955
-0.0156468,0.7163413,3.119402,-0.02309554,0.536758,3.193267,-0.1840637,0.4343589,3.199408,0.1512127,0.4474575,3.183736,-0.2799697,0.2001796,3.203318,0.2586546,0.1627391,3.231939,-0.3810419,-0.02432945,3.147233,0.3645104,-0.03719111,3.14651,-0.01023777,0.1688107,3.204504,-0.008775048,0.09619067,3.187044,-0.0822411,0.0188395,3.190276,0.06960996,0.02221086,3.177171,-0.111711,-0.5611066,3.164889,0.1039786,-0.5597916,3.144454,-0.08105057,-0.9639937,3.226823,0.07843085,-0.9732363,3.187305
-0.003806378,0.7644372,3.107936,-0.01678498,0.569227,3.188631,-0.180246,0.4726522,3.195289,0.1482752,0.4647628,3.185347,-0.2645539,0.2009368,3.212337,0.2473813,0.1893329,3.246128,-0.3340095,-0.02533665,3.179337,0.339857,-0.02911238,3.220803,-0.009789884,0.2057412,3.210895,-0.00910325,0.1338697,3.197755,-0.08422287,0.06099236,3.203251,0.0682228,0.06456998,3.192867,-0.1083542,-0.4704641,3.110553,0.08936664,-0.4543035,3.099111,-0.05211386,-0.8707441,3.250497,0.06336599,-0.8545434,3.24649
-0.002643051,0.7802548,3.107091,-0.01937503,0.5917088,3.18772,-0.1801073,0.4810855,3.196044,0.1497633,0.4784929,3.188229,-0.240205,0.2104657,3.244542,0.235049,0.2096768,3.264085,-0.29251,-0.02125007,3.230742,0.3194219,-0.01155041,3.270162,-0.01431271,0.2325695,3.215805,-0.01375729,0.1604339,3.205778,-0.09138938,0.08799907,3.212334,0.06609109,0.08231065,3.20014,-0.101959,-0.3446933,3.058652,0.07285535,-0.3666069,3.073318,-0.02050115,-0.7189121,3.243036,0.05958964,-0.7300662,3.289547
-0.003248171,0.7852343,3.109137,-0.02157917,0.5971221,3.188538,-0.1810339,0.4913451,3.199197,0.1493877,0.4886109,3.190931,-0.2345318,0.2139547,3.255936,0.2388737,0.2200391,3.289719,-0.2734475,-0.01802109,3.276245,0.3213542,0.008443266,3.346381,-0.01643258,0.2444812,3.2194,-0.01576135,0.1738833,3.212104,-0.09362502,0.1014486,3.219476,0.06456125,0.09807734,3.208719,-0.08347967,-0.2940752,2.997418,0.04525229,-0.3072364,3.007065,-0.01417697,-0.6555499,3.206944,0.05582877,-0.6229375,3.283051
-0.005572489,0.7985145,3.110646,-0.02111159,0.6009397,3.191034,-0.1807294,0.4920424,3.200068,0.1504214,0.4918431,3.193674,-0.2300965,0.2217546,3.265008,0.2383952,0.224573,3.303068,-0.2638764,-0.004746586,3.315017,0.322501,0.01931095,3.374938,-0.01463464,0.2505933,3.219715,-0.01356271,0.1803851,3.213454,-0.09214538,0.1064784,3.221632,0.0679649,0.1052318,3.20829,-0.08357864,-0.2823152,2.987453,0.04717979,-0.2977442,3.002089,-0.005515099,-0.6302761,3.213958,0.05746188,-0.5855494,3.304773
-0.00652382,0.794745,3.111956,-0.0187001,0.6036209,3.195795,-0.1801246,0.4929349,3.205672,0.151879,0.4923756,3.198006,-0.2274533,0.2289189,3.283666,0.2403099,0.2259829,3.321399,-0.2930779,0.01425566,3.348384,0.3317798,0.02032,3.384316,-0.0127511,0.2523171,3.219362,-0.01176666,0.1821252,3.213848,-0.09102368,0.1073211,3.222003,0.07042965,0.1074077,3.207599,-0.08925387,-0.2798701,2.985099,0.04562528,-0.295295,3.001566,-0.01040885,-0.6045182,3.240732,0.06051816,-0.578916,3.307673
-0.007550688,0.7875118,3.120851,-0.01763408,0.6012948,3.198039,-0.1789621,0.4903471,3.217086,0.1545713,0.4905483,3.205293,-0.2327241,0.2293682,3.31182,0.2443027,0.2323585,3.338816,-0.3083837,0.01253952,3.359718,0.3481928,0.03114669,3.397691,-0.01201883,0.2514683,3.217649,-0.01103004,0.1813258,3.212672,-0.09019503,0.1055423,3.219135,0.07137971,0.10653,3.206003,-0.08932979,-0.2841672,2.986901,0.04471957,-0.2970676,3.002398,-0.02166971,-0.5939635,3.261528,0.07772609,-0.5910394,3.298005
-0.006723302,0.7809334,3.130048,-0.01476405,0.591972,3.202176,-0.1761251,0.4777215,3.224459,0.1562782,0.4797223,3.217406,-0.2359677,0.2266862,3.322297,0.2534539,0.2285839,3.346912,-0.3629735,0.0389691,3.380641,0.3920163,0.04274257,3.386118,-0.006539114,0.2344352,3.21161,-0.004699103,0.1622301,3.203069,-0.08107693,0.08281858,3.20365,0.07584855,0.09039684,3.196143,-0.09403343,-0.3320638,3.024667,0.08695073,-0.3295291,3.030232,-0.04144827,-0.6779187,3.260422,0.1037247,-0.6782361,3.266947
-0.007446737,0.7626824,3.14496,-0.01244546,0.5614049,3.215553,-0.1747861,0.4563551,3.232726,0.1586809,0.4617597,3.228332,-0.2550138,0.2060715,3.337911,0.2627301,0.2136106,3.352583,-0.4286562,0.05071975,3.371724,0.4382622,0.05587026,3.367651,-0.002964962,0.2028972,3.209496,-0.001187798,0.1320264,3.196105,-0.07818698,0.05389851,3.194144,0.07996634,0.05948452,3.186314,-0.09466432,-0.4593861,3.061013,0.09513891,-0.4227013,3.042778,-0.06471159,-0.8371005,3.25281,0.09085022,-0.8005669,3.236326
-0.00491826,0.735023,3.159628,-0.009296564,0.5258526,3.218854,-0.1752876,0.4227028,3.239351,0.1614639,0.4152738,3.243504,-0.2694827,0.1855789,3.329809,0.2691854,0.1907616,3.353099,-0.4779619,0.06895801,3.33171,0.4745514,0.06291687,3.320152,0.0006466112,0.1482946,3.202109,0.002809481,0.07623155,3.182337,-0.07138675,-0.0008124024,3.175289,0.08092637,0.00265215,3.172316,-0.08749924,-0.5862691,3.101443,0.1023135,-0.5448382,3.081992,-0.073599,-0.995801,3.200948,0.0807072,-0.9609491,3.188043
0.000166446,0.6875917,3.180928,-0.01289014,0.4723918,3.229762,-0.1737316,0.3638378,3.24492,0.160097,0.3622738,3.249212,-0.3184946,0.1237813,3.315274,0.294844,0.1385988,3.337649,-0.550957,0.07484823,3.294225,0.5139477,0.05742437,3.280945,0.002828418,0.101892,3.205258,0.006266125,0.03042471,3.180388,-0.06598185,-0.04845119,3.16973,0.08477714,-0.03815865,3.170246,-0.08468768,-0.5956395,3.102916,0.1105781,-0.5953597,3.087661,-0.06153538,-1.00024,3.190902,0.08610177,-1.009973,3.170867
-0.008431014,0.6272258,3.210311,-0.0114391,0.4094957,3.230969,-0.1738359,0.2821495,3.2408,0.1712077,0.2907823,3.264473,-0.3388398,0.07946846,3.294313,0.2978596,0.09811306,3.313151,-0.5681711,0.091915,3.22008,0.5268576,0.05808482,3.230241,0.003482786,0.03683988,3.214237,0.008210981,-0.03420527,3.187407,-0.0677199,-0.1144031,3.1752,0.09096159,-0.1079977,3.179946,-0.06277598,-0.6594452,3.104951,0.08289076,-0.6530839,3.084113,-0.05513443,-1.034497,3.239907,0.07191804,-1.027516,3.192739
-0.005404367,0.5532546,3.214547,-0.008514349,0.3499077,3.233618,-0.1726566,0.220884,3.234507,0.1630498,0.2360935,3.263395,-0.3590515,0.03595693,3.275561,0.3517202,0.04034493,3.279344,-0.5788925,0.09918231,3.19801,0.5717778,0.05493895,3.177679,0.006930655,-0.01801929,3.225195,0.01242526,-0.08810072,3.196916,-0.06252988,-0.1655095,3.177541,0.09462906,-0.1623171,3.199046,-0.06565282,-0.6590472,3.100485,0.08205111,-0.6551297,3.077598,-0.0543227,-1.036503,3.241238,0.0600838,-1.03556,3.21092
-0.0033578,0.5231515,3.218376,-0.004872466,0.3256253,3.235732,-0.1700708,0.204142,3.229673,0.1658083,0.2178286,3.263754,-0.3637106,0.02690403,3.269219,0.352888,0.03543652,3.277754,-0.567983,0.07974631,3.146775,0.5590976,0.02710404,3.122513,0.008224716,-0.03640823,3.232532,0.01402385,-0.1054227,3.202746,-0.06105319,-0.1841463,3.185854,0.09588469,-0.1784225,3.203908,-0.0726975,-0.6556655,3.088301,0.08128778,-0.6539178,3.074815,-0.05343118,-1.037534,3.238971,0.05816879,-1.036118,3.2131
-0.0006335644,0.5229585,3.222962,-0.002162793,0.3264348,3.238472,-0.1661788,0.2071231,3.231883,0.1656552,0.2173819,3.26263,-0.3540456,0.03311468,3.259687,0.3530086,0.03207026,3.271935,-0.5567612,0.05828154,3.125178,0.5312908,-0.01892785,3.110233,0.008420121,-0.0372085,3.236311,0.01382818,-0.1061932,3.204602,-0.06134292,-0.183649,3.189399,0.09511043,-0.1788445,3.204782,-0.07701747,-0.6535348,3.088728,0.08248553,-0.6539514,3.075748,-0.05680785,-1.037917,3.236784,0.05705381,-1.038165,3.216982
0.004483377,0.5570093,3.226679,0.003130764,0.3713759,3.26556,-0.1565085,0.2507885,3.246468,0.1756125,0.2657191,3.271627,-0.3221702,0.07411716,3.247693,0.3497021,0.04298045,3.268307,-0.5107116,0.01332546,3.103387,0.5171134,-0.04203854,3.109591,0.01283025,0.001994424,3.250917,0.01734211,-0.06650457,3.21459,-0.05737299,-0.1429831,3.199152,0.09719365,-0.1376633,3.209239,-0.08661667,-0.6364887,3.127872,0.1070923,-0.6096269,3.108356,-0.06618366,-1.02077,3.227363,0.06300151,-1.024908,3.212485
0.01737274,0.6255399,3.244437,0.00537357,0.4381224,3.277783,-0.1500055,0.319036,3.262333,0.1763258,0.3228185,3.276762,-0.2924872,0.1265092,3.275146,0.3280867,0.09087916,3.272835,-0.453751,-0.006045192,3.1486,0.4837626,-0.07089983,3.130364,0.01679485,0.05857778,3.25966,0.02072768,-0.01116566,3.22034,-0.0519862,-0.08503936,3.204556,0.09840528,-0.08253875,3.213313,-0.08805022,-0.629621,3.16646,0.1097887,-0.6433029,3.176648,-0.06670584,-1.017418,3.215935,0.06928663,-1.019437,3.199335
0.0208974,0.6887434,3.239022,0.01047792,0.503418,3.279648,-0.1556548,0.3861993,3.275751,0.1706529,0.3877662,3.263661,-0.2889992,0.1482761,3.274822,0.2914577,0.1435957,3.271101,-0.4285754,-0.0155514,3.161113,0.4414663,-0.07663796,3.19964,0.02229919,0.1173537,3.272491,0.02312131,0.04541159,3.233324,-0.04782849,-0.02815216,3.227011,0.09809387,-0.02674911,3.220726,-0.08467157,-0.6245172,3.171109,0.1032754,-0.6220213,3.201073,-0.05990793,-1.009605,3.192477,0.06948566,-1.01028,3.176281
0.01951122,0.7544104,3.257143,0.01094315,0.549244,3.27565,-0.1579474,0.4320306,3.27812,0.1716733,0.4377256,3.253233,-0.27029,0.1747741,3.274645,0.2911655,0.1463097,3.278455,-0.3853092,-0.04190331,3.201043,0.3914926,-0.06899633,3.259576,0.02068891,0.1688542,3.286094,0.01943424,0.09589598,3.249846,-0.05381341,0.02502854,3.250189,0.0955442,0.01669504,3.236254,-0.07278167,-0.5390683,3.155987,0.09975608,-0.5881339,3.201373,-0.03484426,-0.931499,3.214427,0.06298509,-0.9843948,3.206462
0.02181909,0.771592,3.250808,0.009448994,0.5657439,3.275225,-0.1569249,0.443206,3.274424,0.1735707,0.4499596,3.254405,-0.2501537,0.1826407,3.282966,0.274656,0.1773949,3.325955,-0.3347028,-0.0393507,3.263871,0.3726182,-0.03534594,3.352953,0.02125233,0.2008426,3.3032,0.02154421,0.1304581,3.275135,-0.05379943,0.05326579,3.278249,0.1017167,0.06024716,3.269016,-0.04766659,-0.4555731,3.138582,0.09956282,-0.4609957,3.153727,-0.02432854,-0.8228297,3.278013,0.05797239,-0.8722494,3.271121
0.02828367,0.785168,3.246765,0.009208671,0.5791914,3.276677,-0.1563484,0.4490743,3.275715,0.1786117,0.4586517,3.265503,-0.2160161,0.1907418,3.305766,0.2713629,0.1837757,3.345512,-0.2848944,-0.03602427,3.310082,0.3599426,-0.03114928,3.38171,0.0225566,0.2196923,3.314008,0.02425841,0.1473339,3.289958,-0.05209064,0.07268405,3.29646,0.1059215,0.07206769,3.284255,-0.079663,-0.3140001,3.060198,0.1048618,-0.3528538,3.131376,-0.01717399,-0.6815369,3.263496,0.06840984,-0.7134746,3.292819
0.0274842,0.7853322,3.246802,0.009982674,0.5806385,3.278196,-0.1547757,0.4545084,3.28307,0.1798919,0.4654749,3.274321,-0.2092885,0.1897607,3.319128,0.2685653,0.1908245,3.366954,-0.2692937,-0.02619395,3.385027,0.3596946,-0.01486328,3.430444,0.02407664,0.2247783,3.317793,0.02615019,0.1530324,3.297829,-0.0503244,0.07758769,3.304091,0.1082405,0.07899174,3.294628,-0.04830735,-0.3046981,3.058978,0.07784957,-0.3231406,3.088289,-0.0006402247,-0.632377,3.319226,0.07557008,-0.6553392,3.347284
0.02507186,0.7894377,3.251482,0.01151908,0.5824253,3.281903,-0.151969,0.4604205,3.293321,0.1806823,0.4729537,3.291418,-0.2022084,0.2069981,3.372026,0.2644963,0.2083302,3.381984,-0.2696271,-0.0178618,3.396054,0.362709,0.007349521,3.449167,0.02525828,0.2289102,3.322982,0.0278351,0.1574106,3.306156,-0.04878091,0.08116578,3.311729,0.1100055,0.08504913,3.305093,-0.04995343,-0.298268,3.062187,0.07953684,-0.313735,3.092198,-0.0147024,-0.611403,3.339971,0.08725116,-0.6077975,3.390326
0.02224358,0.7846913,3.258514,0.01800363,0.5833389,3.30314,-0.1497721,0.461313,3.303076,0.1855251,0.4727846,3.31109,-0.2036078,0.210528,3.378284,0.2708833,0.2176202,3.396317,-0.2856485,-0.0008551627,3.436413,0.3863644,0.02062973,3.449142,0.02595299,0.2281812,3.325713,0.02858164,0.1576398,3.3085,-0.04833847,0.08110826,3.313129,0.1102275,0.08503909,3.305596,-0.03364339,-0.3068575,3.078598,0.09522209,-0.3218408,3.108138,-0.01172099,-0.6195822,3.35821,0.09039886,-0.6273912,3.39566
0.02472033,0.7800617,3.277891,0.01885611,0.5780666,3.308407,-0.145568,0.4590911,3.314766,0.1893647,0.4637146,3.332967,-0.208802,0.2077847,3.399801,0.2856023,0.2141585,3.418012,-0.3264221,0.0152889,3.461544,0.441267,0.03503224,3.466754,0.02561991,0.2229766,3.327351,0.0286339,0.1528153,3.310197,-0.04831057,0.07722981,3.3132,0.1097147,0.07938427,3.30662,-0.04104342,-0.3335833,3.1244,0.1305707,-0.3455725,3.143306,-0.03174437,-0.6747019,3.372631,0.121253,-0.6790465,3.400791
0.0284011,0.7737186,3.287295,0.02113368,0.5684304,3.32294,-0.142685,0.4411958,3.331301,0.1984049,0.4418806,3.360299,-0.2214607,0.1897828,3.42344,0.3027116,0.1929982,3.457243,-0.391026,0.03758688,3.478035,0.483535,0.04045255,3.467225,0.02821594,0.2033284,3.332225,0.03210447,0.1305266,3.312082,-0.04598574,0.05114745,3.308608,0.1145466,0.05488611,3.307348,-0.04589787,-0.4385276,3.173617,0.1304663,-0.4462753,3.18455,-0.007015865,-0.8074685,3.379985,0.1069855,-0.8246489,3.377409
0.03786785,0.7269355,3.312666,0.03315565,0.531655,3.356522,-0.1411312,0.412266,3.350941,0.2017453,0.4155266,3.372807,-0.2518702,0.1562549,3.441571,0.3031727,0.1808776,3.46537,-0.4619804,0.04196573,3.449549,0.5032622,0.04999114,3.449859,0.03693186,0.1645129,3.339831,0.03969863,0.09438971,3.311937,-0.0334635,-0.001188856,3.296518,0.116671,0.03653716,3.307333,-0.04474266,-0.5542583,3.234681,0.1378695,-0.565275,3.239543,-0.02912991,-0.9504257,3.394436,0.1226928,-0.9691675,3.381855
0.03880382,0.7066168,3.323372,0.02621857,0.4873101,3.366756,-0.1319944,0.3560759,3.367358,0.2074301,0.3632977,3.388465,-0.2616974,0.1290354,3.436339,0.309688,0.1514409,3.473219,-0.4953675,0.04517921,3.419384,0.5377609,0.03276514,3.406645,0.04334782,0.113692,3.348113,0.04869305,0.04397716,3.315995,-0.0239226,-0.04256197,3.294668,0.1283381,-0.01794631,3.315341,-0.03761044,-0.6167234,3.252488,0.1566006,-0.5102693,3.245669,-0.01613833,-1.000347,3.411367,0.1244006,-0.9248462,3.356979
0.04922301,0.6291424,3.350501,0.03298603,0.4144754,3.374375,-0.1285562,0.2892686,3.363952,0.2155049,0.2921101,3.401615,-0.2750574,0.07762826,3.413599,0.3449606,0.07093202,3.459504,-0.5032667,0.02551337,3.359238,0.5520117,-0.001028515,3.354472,0.0464484,0.0506365,3.363148,0.05282672,-0.01743933,3.330085,-0.02382095,-0.1056016,3.311492,0.1365399,-0.08308606,3.328233,-0.03253429,-0.6249663,3.251775,0.1360398,-0.6354358,3.24614,-0.01774287,-1.01063,3.432961,0.1083505,-1.019227,3.415579
0.039355,0.5600727,3.355514,0.03794255,0.3529626,3.365605,-0.1258374,0.2213694,3.368233,0.2106191,0.2363054,3.406844,-0.2756709,0.0308302,3.392288,0.3594648,0.02296613,3.430857,-0.5049787,-0.006741438,3.329269,0.5603621,-0.05088696,3.302986,0.0499486,-0.01376568,3.37171,0.05625451,-0.08389091,3.340866,-0.01852812,-0.1612337,3.32543,0.1374051,-0.1584641,3.343138,-0.03073629,-0.6309595,3.253712,0.1309897,-0.6405973,3.243007,-0.02552627,-1.010946,3.445766,0.1085513,-1.021398,3.419123
0.0361451,0.525097,3.352172,0.04081035,0.3202516,3.377658,-0.1265688,0.2001285,3.371037,0.2094108,0.2236118,3.408032,-0.2792473,0.009573243,3.374502,0.3755718,-0.01849542,3.404608,-0.5112868,-0.05545025,3.256928,0.5544393,-0.1111064,3.265361,0.04856213,-0.0375406,3.38228,0.05404801,-0.1057195,3.349867,-0.02142205,-0.1826837,3.332209,0.1343137,-0.1811614,3.354069,-0.0256614,-0.6363151,3.257439,0.1287652,-0.6435363,3.243887,-0.02400904,-1.016413,3.44952,0.1061887,-1.02685,3.428048
0.03608891,0.5221548,3.352244,0.04113174,0.3180343,3.378156,-0.1255143,0.2001149,3.372217,0.2102094,0.2200913,3.408536,-0.2781858,0.01478961,3.364543,0.3747773,-0.01830656,3.404735,-0.4760649,-0.07776084,3.257889,0.5394517,-0.1415295,3.259747,0.04818309,-0.03990335,3.386052,0.05349513,-0.1082978,3.353677,-0.02234655,-0.1857305,3.337383,0.1336627,-0.183039,3.35775,-0.02562303,-0.6369706,3.258526,0.1306759,-0.6442047,3.246852,-0.0232449,-1.019326,3.446779,0.1066565,-1.027393,3.428117
0.03915976,0.531338,3.353194,0.04301136,0.3355009,3.375947,-0.1133495,0.2455291,3.379712,0.2118323,0.2397946,3.40455,-0.2743438,0.04507793,3.350289,0.365472,-0.00610174,3.404534,-0.4552531,-0.09547338,3.227296,0.5278053,-0.1476159,3.262708,0.0503064,-0.02357637,3.390252,0.05472502,-0.09242716,3.359098,-0.01943265,-0.1657809,3.344848,0.1332773,-0.1652316,3.364589,-0.0385198,-0.637888,3.286418,0.1508879,-0.6374655,3.288773,-0.04762294,-1.008747,3.448607,0.1098641,-1.025273,3.4296
0.04947051,0.6049061,3.352631,0.04832645,0.4146713,3.392543,-0.1155511,0.3011188,3.372078,0.2181028,0.3093953,3.407331,-0.2626758,0.08505643,3.353502,0.3497062,0.05049244,3.420456,-0.4378999,-0.09995944,3.247698,0.4819053,-0.1267244,3.309232,0.05013782,0.04633924,3.396734,0.05448963,-0.02342538,3.362103,-0.01999268,-0.09866061,3.347024,0.1310854,-0.09842187,3.362243,-0.05409298,-0.6278035,3.340267,0.157373,-0.6282458,3.326986,-0.04896731,-1.004524,3.442861,0.111455,-1.022301,3.426
0.0457679,0.6767833,3.348323,0.04455945,0.4835085,3.391458,-0.1257901,0.3693126,3.378654,0.2114568,0.3872412,3.392493,-0.2513211,0.1185191,3.372002,0.3289244,0.1250364,3.432296,-0.3827429,-0.06763137,3.291445,0.4484724,-0.08473466,3.341738,0.04875769,0.1114786,3.399407,0.05103729,0.04070438,3.364406,-0.02355892,-0.03680347,3.353854,0.1278502,-0.03331396,3.361211,-0.04997069,-0.6158711,3.361215,0.157273,-0.6131683,3.368799,-0.04267726,-0.9930508,3.422322,0.1197998,-1.006746,3.40423
0.05677313,0.7434899,3.350273,0.04844385,0.5561053,3.383296,-0.124476,0.4317982,3.368391,0.2098259,0.4418468,3.389472,-0.2251033,0.1809849,3.386368,0.3213162,0.1523992,3.437899,-0.3327545,-0.03426759,3.322708,0.4470243,-0.0476753,3.39928,0.04690011,0.1750815,3.403588,0.04897462,0.1009545,3.37207,-0.02573834,0.02397335,3.36422,0.1238631,0.02746281,3.37187,-0.03598385,-0.5766473,3.340454,0.1534808,-0.5765572,3.363085,-0.01361606,-0.9833088,3.410866,0.1034548,-0.9852074,3.420694
0.04975402,0.783244,3.347839,0.04744253,0.5811594,3.384645,-0.1229155,0.4562279,3.368195,0.2056655,0.4797444,3.380835,-0.21989,0.1849481,3.397944,0.3164452,0.2096004,3.456838,-0.3166318,-0.03216003,3.386051,0.436123,-0.003087356,3.451336,0.04849913,0.2143013,3.415802,0.05015998,0.1422302,3.390158,-0.02543319,0.06827092,3.387814,0.1269277,0.07294137,3.392014,-0.03463386,-0.4632683,3.271589,0.1498012,-0.4285258,3.296204,0.0206396,-0.8459246,3.452615,0.09576654,-0.814484,3.471338
0.05903371,0.7999598,3.349675,0.04331145,0.5961192,3.385383,-0.1223241,0.4708298,3.373649,0.2054106,0.4821816,3.381443,-0.2073017,0.2062782,3.409212,0.3182145,0.2199605,3.46783,-0.2977149,-0.01079592,3.43088,0.4416442,0.001937871,3.461385,0.04752723,0.2316763,3.418802,0.04925189,0.1589227,3.396399,-0.02629922,0.08317206,3.392586,0.1270571,0.08746119,3.399671,-0.03028718,-0.3329532,3.216434,0.1485639,-0.3386515,3.253432,0.02853185,-0.7001921,3.422848,0.09621672,-0.6815882,3.495781
0.05742341,0.8020286,3.345888,0.04059937,0.6051915,3.383655,-0.1251767,0.4841652,3.383164,0.2077804,0.4890294,3.388443,-0.203456,0.2345144,3.444428,0.3130707,0.242118,3.500328,-0.3015646,0.02157205,3.470574,0.450416,0.04842052,3.49858,0.0453114,0.2472679,3.420179,0.04678544,0.1757793,3.401905,-0.03004695,0.0995992,3.400379,0.1262536,0.100445,3.405005,-0.02138126,-0.2983433,3.184242,0.1452522,-0.3167019,3.232899,0.03301034,-0.6424218,3.42469,0.1115019,-0.6165748,3.525184
0.05624257,0.8138539,3.344439,0.0383093,0.6131543,3.385703,-0.12579,0.4916024,3.389424,0.2086327,0.4952351,3.395334,-0.2054419,0.2447461,3.46757,0.3115053,0.2480734,3.506269,-0.3173357,0.0397222,3.498754,0.4616516,0.06484775,3.513212,0.04601299,0.2548862,3.420412,0.04802582,0.1830632,3.404452,-0.02895582,0.1061438,3.40274,0.1288436,0.1089399,3.408197,-0.02019966,-0.2898319,3.183019,0.1361195,-0.3053507,3.228142,0.02439096,-0.5437433,3.511856,0.1068546,-0.5628412,3.555992
0.05609176,0.8137994,3.348439,0.03572734,0.6156665,3.389773,-0.1260846,0.4954787,3.39585,0.2096968,0.4998331,3.408988,-0.2155871,0.2479351,3.486539,0.3107602,0.251034,3.513535,-0.3686086,0.08070874,3.545152,0.4765232,0.08130132,3.515893,0.04575751,0.2566864,3.417689,0.0485807,0.1855778,3.403071,-0.02824804,0.1085919,3.40018,0.1303724,0.1122256,3.405727,-0.01975106,-0.2893592,3.184524,0.1364286,-0.3036294,3.229863,-0.01701589,-0.5697125,3.495732,0.1740015,-0.5987394,3.075751
0.05524119,0.8124041,3.351259,0.03397315,0.6176728,3.401144,-0.1292019,0.4978854,3.409999,0.2119563,0.5011042,3.419175,-0.2386278,0.2461397,3.515581,0.3102809,0.2546136,3.51819,-0.4382445,0.1058216,3.55438,0.503351,0.116698,3.489544,0.04483651,0.2584339,3.414301,0.04693658,0.1893953,3.395382,-0.03020309,0.1119995,3.386695,0.1278537,0.1160939,3.391169,-0.01945033,-0.2975852,3.196158,0.1402077,-0.3064095,3.23421,-0.02210924,-0.6104418,3.477401,0.1677785,-0.6197741,3.130925
0.05190853,0.8090803,3.361548,0.03675439,0.6137844,3.406923,-0.1296568,0.4956087,3.415069,0.2109824,0.4990531,3.423776,-0.2448307,0.2523416,3.515009,0.3123455,0.2564466,3.519769,-0.4729771,0.146666,3.542621,0.5176818,0.1286547,3.481337,0.04664518,0.2522767,3.410287,0.04928326,0.1814405,3.38643,-0.0264466,0.1031489,3.374117,0.1292803,0.1068841,3.381158,-0.03393582,-0.3695199,3.244816,0.1476083,-0.3800243,3.269818,-0.04392506,-0.7148709,3.488806,0.1464227,-0.7023917,3.541059
0.04842282,0.7940804,3.383035,0.03619759,0.5954772,3.416439,-0.1317857,0.4656309,3.428028,0.2158676,0.4725996,3.435471,-0.2612853,0.2444182,3.499591,0.3435438,0.2356226,3.519998,-0.5075758,0.1560836,3.479911,0.5469265,0.1341809,3.432455,0.04772709,0.2203944,3.403641,0.05067904,0.1479087,3.374275,-0.02594039,0.06724036,3.357366,0.1326562,0.06896134,3.368171,-0.03959769,-0.4905338,3.295842,0.1577821,-0.49874,3.327378,-0.05045242,-0.8644419,3.498795,0.1450552,-0.8734539,3.528912
0.04828304,0.7636178,3.39374,0.03815252,0.5589815,3.435283,-0.1314311,0.4271091,3.425898,0.2180587,0.4221672,3.442454,-0.2756978,0.2179912,3.453791,0.3538046,0.2094334,3.507266,-0.5351422,0.1661089,3.41379,0.5621223,0.1260639,3.375781,0.04980781,0.1663565,3.406821,0.05364612,0.09369272,3.37281,-0.02343481,0.01292224,3.352953,0.1358784,0.01899518,3.366549,-0.0442668,-0.590968,3.344415,0.1589192,-0.584831,3.354688,-0.04517764,-0.9897044,3.482696,0.1364035,-0.9723731,3.494776
0.04973657,0.7070572,3.407886,0.03570499,0.442032,3.425154,-0.1238857,0.3724516,3.422116,0.215748,0.381896,3.448101,-0.2845703,0.1789406,3.439222,0.3702913,0.149763,3.475696,-0.5171335,0.1381563,3.342421,0.5588507,0.08035947,3.335442,0.04693805,0.1060988,3.407235,0.05164062,0.04534266,3.373139,-0.01928187,-0.02744205,3.356309,0.1281493,-0.02951046,3.364913,-0.04425554,-0.6297407,3.342569,0.160351,-0.6267975,3.357824,-0.04522996,-0.9947286,3.479864,0.1399726,-0.9916056,3.425892
0.05080886,0.6442047,3.424834,0.03749852,0.4413564,3.431764,-0.1198085,0.2979096,3.420093,0.2135381,0.3070281,3.43769,-0.2855495,0.1216861,3.398609,0.3683145,0.09886634,3.449678,-0.5207805,0.08058202,3.256515,0.5391642,0.006744079,3.299281,0.04960834,0.05005553,3.41714,0.05319319,-0.02276086,3.378922,-0.02000237,-0.09795612,3.358894,0.1304537,-0.09632865,3.374152,-0.03854717,-0.6364192,3.333576,0.1454124,-0.6415909,3.325991,-0.04467532,-1.016716,3.50915,0.1344098,-1.006254,3.445697
0.03824779,0.5737268,3.42604,0.036731,0.3709632,3.42276,-0.121104,0.2408224,3.424603,0.2108571,0.2476381,3.439204,-0.2912214,0.07799195,3.366503,0.3763771,0.04183415,3.42474,-0.4959323,0.01332321,3.237564,0.5330316,-0.05315254,3.260165,0.04803486,-0.005355645,3.426371,0.05189108,-0.07686206,3.392277,-0.02160399,-0.1531455,3.378957,0.1304335,-0.1496753,3.391077,-0.0393738,-0.6445436,3.332324,0.1328814,-0.6393403,3.302149,-0.05707206,-1.024392,3.525234,0.1334129,-1.012827,3.456868
0.03095532,0.5517836,3.408904,0.03220722,0.3581032,3.421381,-0.1230853,0.2285855,3.416367,0.2065351,0.2370455,3.436038,-0.3104278,0.04079165,3.343184,0.366095,0.02541723,3.421807,-0.4858309,-0.04427287,3.194075,0.5182533,-0.1019646,3.244868,0.04436415,-0.01565805,3.428036,0.04899567,-0.08678778,3.393409,-0.02395687,-0.161783,3.379586,0.1275053,-0.159376,3.393478,-0.04020167,-0.6464192,3.331757,0.1317039,-0.6393013,3.299188,-0.05783518,-1.027915,3.521939,0.133036,-1.013154,3.457039
0.03059931,0.5522666,3.408862,0.03381702,0.3577372,3.417699,-0.1218842,0.2312957,3.41287,0.204207,0.2394415,3.421239,-0.2788665,0.05666947,3.335248,0.353826,0.01987712,3.412235,-0.4458685,-0.06427642,3.203963,0.4987984,-0.1030285,3.256432,0.04550822,-0.01540787,3.428097,0.04896908,-0.08676396,3.393192,-0.02397649,-0.1617472,3.379504,0.127329,-0.1591889,3.393396,-0.0486026,-0.6494671,3.340231,0.1345488,-0.6390663,3.304195,-0.05710155,-1.034175,3.525364,0.1315458,-1.014695,3.459345
0.02792444,0.612708,3.399114,0.03366993,0.4179182,3.406734,-0.1189468,0.2944436,3.381927,0.2057972,0.3036141,3.405809,-0.2699813,0.07966606,3.328363,0.3508378,0.04955057,3.404854,-0.4246769,-0.06919652,3.213317,0.4935104,-0.1041205,3.259427,0.04341089,0.04017304,3.410249,0.04826725,-0.03096913,3.372926,-0.0240163,-0.1057115,3.358034,0.1252993,-0.1022484,3.372549,-0.06313509,-0.6406811,3.3873,0.1565744,-0.6246696,3.369654,-0.06650145,-1.018791,3.511155,0.1345605,-0.9991263,3.45823
0.03210346,0.6770142,3.384671,0.03371859,0.4255752,3.403927,-0.1257417,0.3649911,3.373153,0.2014343,0.3825431,3.39205,-0.2595336,0.1313638,3.338794,0.3490719,0.123637,3.401845,-0.3677666,-0.06184456,3.239425,0.4688286,-0.07091904,3.306037,0.04422556,0.09518109,3.399946,0.04844647,0.0330882,3.360442,-0.0207307,-0.04320572,3.346832,0.1229363,-0.0369866,3.355029,-0.06519245,-0.6238771,3.416983,0.1662054,-0.6007895,3.418283,-0.05034448,-1.008506,3.489956,0.1409734,-0.9850986,3.446034
0.03045973,0.7477146,3.37871,0.03354561,0.4974668,3.394878,-0.1340633,0.4190258,3.368938,0.2006793,0.4382748,3.384497,-0.232469,0.165165,3.364243,0.347157,0.159785,3.412374,-0.3445662,-0.04409419,3.263081,0.4697702,-0.03534152,3.341079,0.0420643,0.1536685,3.396904,0.04550194,0.0906147,3.356154,-0.02613595,0.01405693,3.345182,0.1215369,0.01754708,3.348054,-0.05647108,-0.5853008,3.405241,0.1644508,-0.5800285,3.41597,-0.01756048,-0.9936435,3.45987,0.1266222,-0.9850051,3.462315
0.02387422,0.8042489,3.370744,0.03324717,0.6112584,3.392682,-0.132613,0.4789076,3.364764,0.1923966,0.4955658,3.36987,-0.218848,0.1884177,3.384166,0.3379478,0.2179755,3.416228,-0.3072225,-0.02919595,3.334314,0.4707228,0.0207904,3.40476,0.03998638,0.2214514,3.397223,0.04179858,0.1484852,3.355489,-0.03203258,0.0733059,3.351045,0.118323,0.07791354,3.344083,-0.0412133,-0.5010495,3.322761,0.1488511,-0.5130457,3.36688,0.0191134,-0.8886932,3.493906,0.1138136,-0.9117473,3.521367
0.0298026,0.8383206,3.353472,0.03267257,0.630998,3.382801,-0.1330884,0.4934461,3.365337,0.2019628,0.5137752,3.365997,-0.2014135,0.2320847,3.402171,0.3398807,0.2374924,3.430311,-0.2782211,0.007129878,3.384162,0.4718621,0.03977372,3.421181,0.04020654,0.269023,3.395369,0.04159051,0.2006768,3.355894,-0.03513745,0.1178505,3.355934,0.1216809,0.1272116,3.343364,-0.03887599,-0.3683723,3.249615,0.1525836,-0.3810807,3.311148,0.0277136,-0.7210426,3.476552,0.1022933,-0.747574,3.521653
0.03293063,0.856614,3.336967,0.02674869,0.6496304,3.360909,-0.1350442,0.5101391,3.356316,0.2039349,0.5236488,3.365476,-0.1987182,0.2377367,3.410594,0.3364765,0.2683518,3.448795,-0.2850938,0.01716001,3.418067,0.4788623,0.07916491,3.457433,0.03907544,0.2786275,3.390067,0.04208161,0.2073887,3.353787,-0.03440686,0.1277581,3.352121,0.1230677,0.132919,3.34458,-0.01487926,-0.2938477,3.192164,0.1529735,-0.3074295,3.261529,0.02161111,-0.6142365,3.46419,0.1239665,-0.6109157,3.55154
0.03167044,0.8634092,3.331218,0.02747933,0.6528347,3.350769,-0.1325212,0.5255628,3.352807,0.2056706,0.5290543,3.365042,-0.1962705,0.2683688,3.431386,0.3252514,0.2904713,3.456017,-0.2994442,0.05833286,3.460494,0.4779728,0.1093662,3.463413,0.04027285,0.2878413,3.382058,0.04400095,0.2167286,3.349459,-0.03245926,0.1380811,3.348747,0.1256995,0.1415959,3.343026,-0.01197989,-0.2771741,3.172049,0.1488271,-0.2945197,3.23567,0.02218655,-0.5719839,3.46966,0.1302024,-0.5605872,3.558491
0.03229617,0.8633436,3.320425,0.02644608,0.6573471,3.338942,-0.1316608,0.5332681,3.347419,0.2035653,0.5340835,3.361066,-0.1995883,0.2850277,3.444003,0.319832,0.2954757,3.453489,-0.3286836,0.1003421,3.50686,0.4903767,0.1307152,3.458176,0.04179753,0.2929478,3.37348,0.04603286,0.2209512,3.34485,-0.02953178,0.1431736,3.344445,0.1281407,0.1472487,3.339958,-0.01833885,-0.2672881,3.155461,0.1435055,-0.2870262,3.223402,0.02236204,-0.5560697,3.457699,0.129603,-0.553733,3.545934
0.02693968,0.856247,3.303742,0.02374667,0.6567768,3.334134,-0.1321424,0.535131,3.342882,0.2010938,0.5373515,3.355862,-0.2216459,0.2878408,3.462027,0.3172218,0.3004346,3.453705,-0.3711139,0.1157012,3.516609,0.4989547,0.1477559,3.455424,0.04317213,0.2941281,3.364865,0.04833663,0.222615,3.338217,-0.02572953,0.144494,3.338013,0.131152,0.1508121,3.333223,-0.01267747,-0.2673092,3.15257,0.1485001,-0.2835245,3.217654,0.01814421,-0.5716842,3.441502,0.1266965,-0.5878786,3.507358
0.02481946,0.8519416,3.298996,0.0214179,0.6494565,3.326661,-0.1360087,0.532214,3.341196,0.1959424,0.534571,3.3454,-0.2313874,0.2896564,3.462534,0.3156552,0.3029938,3.453111,-0.423294,0.1626838,3.509549,0.5161803,0.175217,3.445543,0.04213358,0.2876606,3.352051,0.04668027,0.2165381,3.326651,-0.02684158,0.1372136,3.326923,0.1291572,0.1455171,3.32079,-0.01460819,-0.2969565,3.157783,0.1620481,-0.2934628,3.212363,0.002146184,-0.6303689,3.416926,0.1245077,-0.6123397,3.485806
0.02423049,0.8408502,3.298736,0.01968667,0.6429264,3.322795,-0.1432647,0.5127988,3.335137,0.1964564,0.5274847,3.34337,-0.2608812,0.2846582,3.444519,0.3278171,0.2950507,3.44004,-0.4751288,0.1622275,3.452272,0.5327417,0.1792782,3.392585,0.04380148,0.2689485,3.340173,0.04982249,0.1950488,3.313463,-0.02208696,0.1105854,3.311802,0.1333105,0.1227742,3.306169,-0.02045399,-0.400876,3.191175,0.1683243,-0.3969704,3.245188,-0.02982202,-0.7682909,3.405494,0.1487777,-0.7514431,3.477664
0.01776393,0.8131826,3.288241,0.01445133,0.6052722,3.312056,-0.1504108,0.4744526,3.317524,0.1901576,0.4902492,3.31797,-0.2741545,0.2648619,3.419186,0.3376291,0.2770252,3.432082,-0.5053715,0.1545745,3.399883,0.54021,0.1691796,3.356427,0.04409898,0.2219014,3.324156,0.05010647,0.147951,3.297138,-0.02070808,0.06543509,3.29393,0.1331716,0.08080527,3.292408,-0.0220133,-0.5277967,3.233307,0.1655315,-0.4999915,3.264707,-0.0344159,-0.9286914,3.358087,0.1515598,-0.8835909,3.405467
0.01981468,0.7687565,3.287014,0.01876577,0.5009322,3.288813,-0.1479469,0.4229885,3.302399,0.1967907,0.4315528,3.317506,-0.2792498,0.2206957,3.376925,0.3534238,0.222554,3.397476,-0.5044072,0.1094004,3.330293,0.5547291,0.1280862,3.299928,0.04484934,0.1617242,3.308365,0.05141838,0.09541499,3.283758,-0.01722089,0.01056966,3.276824,0.1325074,0.02564561,3.283754,-0.0300873,-0.5854362,3.235914,0.1713197,-0.5774571,3.268913,-0.0313816,-0.9874597,3.31622,0.155302,-0.9758945,3.35146
0.02123693,0.7100702,3.267749,0.01783257,0.5002965,3.288312,-0.1472303,0.3703867,3.287826,0.195414,0.3807883,3.299104,-0.2749084,0.1704726,3.329533,0.3517204,0.1623865,3.378331,-0.4913837,0.04651814,3.25475,0.5405053,0.06006465,3.262934,0.04383685,0.1208533,3.302879,0.0508556,0.04231476,3.277467,-0.01841604,-0.04036332,3.267934,0.1330056,-0.02898943,3.279799,-0.02999835,-0.6107453,3.232194,0.1747923,-0.5963546,3.261798,-0.02154359,-0.9993147,3.325175,0.1505429,-0.9839488,3.31727
0.01714088,0.6422914,3.272253,0.01609934,0.4285555,3.27898,-0.1404534,0.2925344,3.269512,0.1914569,0.3047317,3.29812,-0.2697592,0.0972909,3.285076,0.3487093,0.09960763,3.350633,-0.4485671,-0.05826735,3.252437,0.5164114,-0.01977217,3.218431,0.04370901,0.04892815,3.298754,0.0517844,-0.02570903,3.275747,-0.01803151,-0.10647,3.263796,0.1333845,-0.09495931,3.282291,-0.02568409,-0.6292742,3.222137,0.1675381,-0.627767,3.215307,-0.01075385,-1.027883,3.380195,0.1371652,-1.002979,3.326065
0.023648,0.5665256,3.260875,0.01020992,0.3595753,3.26814,-0.14003,0.2290318,3.252504,0.1927098,0.2436604,3.299026,-0.2723886,0.02048177,3.250232,0.3503801,0.03313512,3.317182,-0.4411709,-0.1381884,3.167238,0.5119288,-0.0931173,3.181145,0.04334879,-0.008433364,3.289286,0.05391436,-0.08079432,3.268174,-0.01522092,-0.1607215,3.255184,0.1379958,-0.1514662,3.276681,-0.01951442,-0.6665856,3.200288,0.1447766,-0.6320693,3.176235,-0.01161936,-1.047623,3.392947,0.1313945,-1.017927,3.334199
0.01504101,0.533062,3.241739,0.01170017,0.3428153,3.267183,-0.1393993,0.217008,3.247261,0.1915641,0.2251002,3.285491,-0.2669455,-0.01550194,3.235572,0.348988,0.004804113,3.3071,-0.429367,-0.1981911,3.138964,0.5098407,-0.1693074,3.155968,0.04355571,-0.0207018,3.28605,0.05313993,-0.09231092,3.265551,-0.01591581,-0.171095,3.251687,0.1364795,-0.1635989,3.274369,-0.01989118,-0.6650665,3.194818,0.1436033,-0.6435958,3.17234,-0.01393673,-1.04462,3.390227,0.1315701,-1.017429,3.331284
0.01487384,0.5352101,3.241176,0.01252508,0.3434837,3.265257,-0.1403235,0.218324,3.240996,0.1921495,0.2329957,3.279196,-0.2589759,-0.01016887,3.223532,0.3385786,0.0188776,3.309385,-0.4139132,-0.2109647,3.142852,0.4773524,-0.1827091,3.167154,0.04454654,-0.01830223,3.276222,0.0539829,-0.08857658,3.253035,-0.01590347,-0.1680299,3.239186,0.138149,-0.1589033,3.256003,-0.02633215,-0.6517283,3.188761,0.1505765,-0.6356593,3.17562,-0.0253189,-1.034467,3.377846,0.131372,-1.017427,3.331869
0.003687811,0.602464,3.23202,0.01534299,0.4085009,3.2406,-0.1439914,0.2767223,3.224363,0.1851351,0.2978351,3.253976,-0.2419753,0.02713171,3.230255,0.3295094,0.02579824,3.295491,-0.3665295,-0.1862358,3.172959,0.4474335,-0.1739525,3.193033,0.04469762,0.03416044,3.245411,0.05302541,-0.03835044,3.220599,-0.01700854,-0.1180874,3.210518,0.1355192,-0.1063664,3.219722,-0.03311815,-0.6402606,3.206867,0.1699305,-0.6291978,3.220069,-0.03730587,-1.006935,3.347095,0.1455081,-1.006397,3.310665
0.004758453,0.6792974,3.215241,0.01412746,0.4848316,3.222009,-0.1487304,0.3507933,3.211503,0.1832037,0.3697677,3.229195,-0.2326476,0.08157652,3.256239,0.3014949,0.0999368,3.273973,-0.3406679,-0.1397524,3.200048,0.4225959,-0.1117407,3.231879,0.03985478,0.1015557,3.229374,0.04647092,0.02702504,3.204189,-0.02342988,-0.05302992,3.196377,0.1268983,-0.04191924,3.201922,-0.04008989,-0.6253076,3.235977,0.1717256,-0.6215335,3.240497,-0.02896166,-1.003423,3.320871,0.140339,-0.9970078,3.293165
0.004812328,0.7378734,3.204269,0.01152136,0.5415498,3.202568,-0.1474681,0.4028239,3.203435,0.1827526,0.4253564,3.204523,-0.2244206,0.1146534,3.258325,0.3032292,0.1416728,3.271191,-0.3168513,-0.1042112,3.256217,0.4260561,-0.06198345,3.26021,0.03769528,0.1538734,3.219046,0.04294271,0.07756728,3.196262,-0.02607355,-0.001577181,3.195441,0.1220197,0.008150584,3.190854,-0.03924947,-0.6040658,3.231763,0.1615997,-0.5927708,3.231931,0.01748445,-1.004769,3.291331,0.1167011,-0.999014,3.292072
0.01159204,0.7923132,3.192901,0.009947291,0.5895506,3.183492,-0.1496737,0.4430125,3.195227,0.1798693,0.4638352,3.182185,-0.2174514,0.1781884,3.262948,0.3007824,0.2105294,3.27376,-0.3153975,-0.03795581,3.266111,0.4192718,0.004446894,3.268864,0.03597661,0.2094191,3.212139,0.04012496,0.1334505,3.194454,-0.03192318,0.05435181,3.198552,0.1219989,0.06404326,3.189644,-0.03030661,-0.4796399,3.134919,0.1475902,-0.4689576,3.147089,0.01766194,-0.8631766,3.318508,0.1102554,-0.8499609,3.337363
0.01584668,0.8173065,3.149001,0.01584856,0.6011708,3.173133,-0.1454406,0.4683877,3.183776,0.1799586,0.4763374,3.17637,-0.2206629,0.2172296,3.259035,0.3055959,0.219007,3.270374,-0.3177665,0.004572183,3.289872,0.4538532,0.03302884,3.252865,0.03502976,0.2272471,3.205569,0.03818723,0.1529861,3.19123,-0.03528433,0.0769019,3.196939,0.118535,0.08372308,3.187342,-0.02119795,-0.3508856,3.055279,0.1463348,-0.3502893,3.071354,0.02073376,-0.7025267,3.289901,0.08303084,-0.692904,3.313579
0.01818869,0.8235645,3.141422,0.0177346,0.6095388,3.159953,-0.1471481,0.4862996,3.181709,0.1806648,0.4852945,3.172784,-0.2200673,0.2431152,3.260345,0.3155111,0.2358811,3.270177,-0.3346887,0.03872022,3.288165,0.472854,0.05760705,3.249584,0.0371267,0.2482244,3.199413,0.04043873,0.1765277,3.189231,-0.03318815,0.0982279,3.197749,0.1212859,0.105588,3.187318,-0.02004802,-0.3010853,2.984643,0.1485282,-0.3160899,3.029075,0.01841476,-0.607002,3.272132,0.08337431,-0.6002613,3.332237
0.01281254,0.8331155,3.116349,0.02060364,0.6123996,3.142322,-0.1467161,0.4879788,3.179952,0.1816582,0.4930915,3.159506,-0.2230506,0.2482466,3.266605,0.3188463,0.2508179,3.26282,-0.3902807,0.09374543,3.322476,0.5034351,0.1014054,3.235422,0.03620381,0.2564172,3.191394,0.0383376,0.1846391,3.184412,-0.03733447,0.1111868,3.192614,0.1197405,0.1108156,3.184931,-0.02691798,-0.2778656,2.96027,0.1538852,-0.3060786,3.015097,0.0115435,-0.5837721,3.247751,0.06749986,-0.5487739,3.345441
0.01755716,0.8196837,3.104158,0.01173703,0.6003823,3.124172,-0.1491914,0.4883258,3.169324,0.1817344,0.4928446,3.148073,-0.2288258,0.2594311,3.271348,0.3304881,0.2594646,3.252718,-0.4249212,0.1434534,3.326772,0.5284385,0.1284384,3.223632,0.03549893,0.2570013,3.183586,0.03841485,0.1856639,3.179789,-0.03720441,0.1111456,3.190738,0.1214849,0.1123642,3.180356,-0.03199506,-0.2712307,2.947001,0.1456769,-0.2944278,2.984601,0.006464925,-0.5771253,3.234471,0.06829047,-0.5284145,3.322737
0.01064888,0.7948487,3.070678,0.0154185,0.597126,3.107162,-0.1483393,0.4879457,3.154357,0.1827213,0.4848038,3.130376,-0.2454513,0.2719789,3.271567,0.3478159,0.263919,3.234549,-0.4707718,0.1919034,3.304571,0.5606557,0.1614818,3.192797,0.03559098,0.2506477,3.15867,0.03813199,0.1798691,3.157025,-0.03884631,0.1036188,3.16761,0.1222588,0.108096,3.160218,-0.02649762,-0.2869869,2.938664,0.1349431,-0.3033827,2.97439,-0.007229548,-0.5774214,3.242189,0.08419667,-0.5882019,3.279469
0.009222605,0.7919018,3.061345,0.01145387,0.5929801,3.094293,-0.1503244,0.4777983,3.13769,0.1834185,0.4751199,3.110444,-0.3082567,0.2720998,3.25823,0.3611326,0.2704343,3.197643,-0.5416637,0.2265946,3.253548,0.5730689,0.1727916,3.137911,0.03259101,0.2402677,3.144852,0.03547595,0.1680513,3.144038,-0.03967482,0.08930367,3.154417,0.118823,0.09675838,3.14672,-0.04976725,-0.3334846,2.983771,0.1184954,-0.3212407,2.977054,-0.04768278,-0.6889119,3.216717,0.09485721,-0.6535254,3.238153
0.01132712,0.785764,3.049217,0.01406842,0.5780254,3.067093,-0.1454141,0.4521492,3.107477,0.1832395,0.4668036,3.095424,-0.3250495,0.2714362,3.220429,0.3725137,0.2580846,3.14744,-0.5613688,0.2444759,3.19996,0.5928228,0.177838,3.082367,0.02741136,0.2105053,3.117347,0.02939506,0.1352937,3.117855,-0.0454202,0.05757976,3.12779,0.1096383,0.0672607,3.12326,-0.06255905,-0.4906856,3.033738,0.1154262,-0.4342269,2.993201,-0.06563403,-0.8843279,3.152284,0.09610669,-0.812215,3.164328
0.01207285,0.7654327,3.034016,0.01379553,0.5594609,3.055536,-0.1450137,0.4405601,3.098047,0.1829681,0.4353415,3.065667,-0.3372995,0.2464321,3.188495,0.3818522,0.2341673,3.127571,-0.5692514,0.2176296,3.130569,0.6054569,0.1502507,3.011906,0.0278916,0.1764833,3.095662,0.02957025,0.09904567,3.095463,-0.04124501,0.02325234,3.104191,0.1051919,0.02481772,3.095193,-0.07418372,-0.5785611,3.051203,0.1143883,-0.5508088,3.006764,-0.06445698,-0.9991607,3.076615,0.09867612,-0.9635563,3.054791
0.02012881,0.7328607,3.023329,0.03308012,0.5059927,3.041646,-0.1367738,0.3933436,3.068007,0.1896672,0.4036205,3.059184,-0.3243341,0.2111052,3.142711,0.37987,0.1832309,3.098259,-0.5516005,0.1582249,3.082713,0.5699862,0.09542343,2.97203,0.03097288,0.1313272,3.078651,0.03034408,0.05696184,3.079419,-0.04251349,-0.01836464,3.082493,0.1027272,-0.01385804,3.084327,-0.0836124,-0.6208201,3.050988,0.1201709,-0.5951474,3.002561,-0.06214338,-1.006906,3.075467,0.1004416,-0.9846483,3.015147
0.0254777,0.6752311,3.007568,0.0296043,0.4502412,3.02069,-0.1304235,0.3307112,3.047465,0.191185,0.337608,3.04123,-0.3088664,0.1441413,3.104259,0.3726507,0.1130816,3.074377,-0.5740997,0.07884156,3.025402,0.556209,0.01447428,2.946222,0.02901856,0.07462177,3.060582,0.02873426,-0.001090594,3.062503,-0.04218347,-0.07385915,3.067927,0.09937347,-0.07279985,3.066254,-0.08429998,-0.633745,3.035357,0.112596,-0.6255898,2.982439,-0.06566516,-1.021966,3.090553,0.106502,-1.008341,3.025546
0.03728842,0.5982246,2.999752,0.02828829,0.3822757,3.025641,-0.1261966,0.2603929,3.033245,0.2034724,0.2567965,3.042223,-0.307111,0.06638435,3.077473,0.322176,0.03013107,3.097599,-0.567966,-0.0256179,2.980486,0.5317076,-0.07093775,2.933075,0.02791829,0.00926665,3.052817,0.02806893,-0.0656024,3.053112,-0.04785616,-0.1383684,3.048965,0.1039211,-0.1416606,3.062018,-0.09002262,-0.664284,2.983279,0.09485592,-0.6511416,2.941366,-0.06480011,-1.025716,3.099669,0.1068122,-1.027066,3.030622
0.03756545,0.5362688,2.981483,0.03076392,0.331246,3.000469,-0.1303636,0.2167335,3.024144,0.2023378,0.2335331,3.043596,-0.3002148,0.007077906,3.066999,0.3096534,-0.0199582,3.071975,-0.5212568,-0.0991723,2.974585,0.5205383,-0.140336,2.915647,0.02934948,-0.02352809,3.040137,0.02950419,-0.09450124,3.043684,-0.04753072,-0.1684724,3.042546,0.1062552,-0.1696817,3.053353,-0.08759868,-0.6657441,2.967522,0.08778271,-0.645965,2.921665,-0.05978859,-1.029988,3.110124,0.1076446,-1.028656,3.03127
0.03698377,0.5259988,2.974004,0.03115023,0.3302692,3.000083,-0.1301925,0.2124621,3.020559,0.2001161,0.2225861,3.036863,-0.291674,-0.002445503,3.066321,0.3081134,-0.01984822,3.074118,-0.4659317,-0.152101,2.990936,0.4751084,-0.1764337,2.930179,0.0300335,-0.02939097,3.034577,0.03008923,-0.1020348,3.037161,-0.04697472,-0.1759467,3.035767,0.1066234,-0.1768103,3.045818,-0.08662991,-0.6661609,2.965309,0.09026723,-0.6458994,2.919317,-0.0610755,-1.029467,3.109396,0.1083038,-1.030091,3.031455
0.03919601,0.5449361,2.972843,0.03471694,0.3576004,3.002767,-0.1316441,0.2340426,3.016167,0.2002744,0.2438207,3.028322,-0.2619747,0.00882041,3.066432,0.3086469,-0.009162117,3.072457,-0.4165857,-0.162217,2.994325,0.4534614,-0.1827413,2.940089,0.03247821,-0.007169341,3.019557,0.03233873,-0.07925919,3.019113,-0.04521759,-0.1553901,3.019364,0.1093292,-0.1496163,3.01609,-0.08367111,-0.6624934,2.972286,0.1085233,-0.641956,2.936276,-0.0617575,-1.029123,3.108247,0.1101414,-1.027112,3.031497
0.03968866,0.623485,2.967046,0.03519721,0.4330746,2.993485,-0.1326974,0.3177021,3.011127,0.194226,0.3248557,2.998581,-0.2336946,0.06776198,3.057076,0.2978782,0.05660594,3.056048,-0.3664719,-0.1550061,3.014299,0.412276,-0.1556868,2.988737,0.03378724,0.06192008,3.002015,0.03326593,-0.01222789,3.000748,-0.04080619,-0.08730637,3.001258,0.1066998,-0.0843157,2.998291,-0.082545,-0.640968,3.00132,0.1335762,-0.6236577,2.983742,-0.06390065,-1.010905,3.060297,0.1146377,-1.017792,3.022966
0.04359892,0.6943166,2.96476,0.03872513,0.5061542,2.992098,-0.1295386,0.3812026,3.004229,0.1895034,0.3886984,2.99794,-0.2190436,0.110025,3.05558,0.2866269,0.1129611,3.051817,-0.3234697,-0.1093095,3.045725,0.3951872,-0.1101282,3.0177,0.03702883,0.1222099,2.998376,0.0365552,0.04555275,2.996188,-0.03536014,-0.02626472,2.998995,0.1077929,-0.0264656,2.990549,-0.0787771,-0.6287708,3.001523,0.1343435,-0.6194322,2.986919,-0.05993778,-1.00562,3.0564,0.1125042,-1.000842,3.021709
0.04888176,0.752789,2.9631,0.03265447,0.5566476,2.981913,-0.1297794,0.433216,3.001431,0.1922269,0.4393875,2.986523,-0.2081354,0.1437018,3.057997,0.2819493,0.1681745,3.052216,-0.2909912,-0.07811229,3.069335,0.3807613,-0.04924058,3.058904,0.03283085,0.1813749,2.996983,0.03258935,0.1062918,2.997224,-0.04042157,0.03308572,3.003189,0.1055793,0.03412631,2.991953,-0.07100285,-0.5301975,2.94722,0.1304755,-0.5240415,2.95328,-0.007900814,-0.9314705,3.057421,0.09587822,-0.9230921,3.065259
0.03916606,0.7899944,2.953942,0.03184488,0.5745557,2.979307,-0.1297973,0.457412,3.000812,0.1908936,0.4500976,2.981957,-0.2026565,0.1800633,3.063116,0.2844179,0.1841197,3.048906,-0.282077,-0.0426494,3.077691,0.3960562,-0.02013716,3.085685,0.02970798,0.2115818,3.00137,0.02881376,0.1394868,3.004129,-0.04858583,0.07139985,3.015196,0.1046404,0.06503098,2.998014,-0.0667755,-0.3792586,2.871946,0.1249511,-0.3957173,2.892329,-0.00285542,-0.7480391,3.077377,0.1038246,-0.7646538,3.105259
0.03821404,0.7951209,2.950149,0.02809869,0.5856364,2.97555,-0.1306093,0.4679386,3.000604,0.1912487,0.4646992,2.979818,-0.1960839,0.2044185,3.070996,0.2919012,0.2036915,3.059928,-0.2878785,-0.01056027,3.103043,0.4183026,0.004884839,3.081182,0.03053801,0.2271281,3.002501,0.03079653,0.1556761,3.006659,-0.04642363,0.08381006,3.019073,0.108786,0.08197282,3.0006,-0.05379296,-0.3186378,2.812541,0.1025986,-0.3342724,2.825845,0.007076755,-0.6424909,3.078191,0.09172849,-0.6478035,3.10844
0.03683382,0.8048567,2.944976,0.02724542,0.5940208,2.970105,-0.1319531,0.473666,3.001387,0.1886214,0.4681745,2.977378,-0.1960306,0.2171824,3.0807,0.2958447,0.2171394,3.064947,-0.3153621,0.01925281,3.124771,0.4434131,0.03157035,3.073673,0.03286761,0.2353631,3.002564,0.03376331,0.163953,3.008098,-0.04307035,0.09354237,3.022902,0.1134033,0.09138437,3.00222,-0.03946167,-0.2836167,2.770891,0.1216639,-0.315448,2.8054,0.01397574,-0.5526919,3.088971,0.1039215,-0.5759855,3.133599
0.03351721,0.8049599,2.94023,0.02224458,0.5959923,2.966046,-0.1330877,0.4769152,3.001621,0.1866607,0.4700593,2.974749,-0.2015206,0.2236852,3.101007,0.3047043,0.2309699,3.069646,-0.3519892,0.0444614,3.131847,0.4802397,0.07009025,3.054866,0.03269667,0.2377149,3.001309,0.03414704,0.1664271,3.007481,-0.04247767,0.09512158,3.02263,0.114704,0.09487651,3.001759,-0.04557675,-0.2779336,2.764453,0.1235881,-0.3097299,2.800375,0.001372132,-0.5366771,3.091275,0.1058464,-0.5702559,3.12856
0.02023828,0.797012,2.929235,0.02054124,0.5941058,2.962067,-0.1359427,0.4774479,3.000113,0.1859578,0.4708557,2.972486,-0.2105619,0.2265023,3.1064,0.3209521,0.2419598,3.065883,-0.4009215,0.09262024,3.143677,0.5100967,0.1018378,3.016746,0.03354498,0.2383644,2.998015,0.0356194,0.1674187,3.004472,-0.04075696,0.09469913,3.019065,0.1172057,0.09601755,2.999298,-0.04009526,-0.2807748,2.764847,0.123813,-0.3060914,2.792862,0.001833934,-0.5815049,3.057298,0.07716484,-0.5955427,3.094967
0.01911882,0.7949452,2.927797,0.01841971,0.5892293,2.956871,-0.1392294,0.4758282,2.998033,0.1849166,0.4704816,2.967788,-0.2248357,0.2331385,3.108461,0.3382035,0.2479233,3.052673,-0.4460099,0.1233466,3.11521,0.5399609,0.1318046,2.989304,0.03375256,0.2356184,2.992705,0.0363127,0.1648799,2.99958,-0.0397189,0.0887423,3.010712,0.1184237,0.09434553,2.996538,-0.03886127,-0.3293597,2.826267,0.1286986,-0.3121708,2.799909,-0.05204374,-0.7088387,3.022496,0.1115114,-0.6421467,3.06444
0.01668572,0.7898785,2.924908,0.01526612,0.5821877,2.947266,-0.1419457,0.468037,2.989506,0.1846064,0.4663842,2.960235,-0.274352,0.2204803,3.087127,0.3415918,0.2513622,3.041131,-0.4967054,0.1355199,3.066159,0.5454727,0.150582,2.957292,0.0368957,0.2194442,2.981756,0.04138406,0.1459066,2.988683,-0.03085079,0.06437065,2.998164,0.1232432,0.07913202,2.988742,-0.03322621,-0.4828474,2.87934,0.1314549,-0.38701,2.825547,-0.05950467,-0.8888987,2.973068,0.1100054,-0.7713951,3.012677
0.01413886,0.7698917,2.923034,0.02586518,0.5055577,2.937121,-0.1392283,0.4446483,2.975488,0.1874875,0.4511678,2.949825,-0.2753328,0.2161936,3.076367,0.3567337,0.2378129,3.01722,-0.4892147,0.1227571,3.015774,0.5479605,0.140786,2.90041,0.04205009,0.1653105,2.960995,0.04508733,0.09714999,2.966415,-0.02294688,0.01396532,2.97257,0.1200621,0.03287034,2.966086,-0.03701533,-0.5873411,2.907573,0.1355331,-0.52525,2.861354,-0.04193153,-0.9823813,2.914495,0.1319415,-0.9364287,2.931812
0.01173051,0.7390094,2.914548,0.02442644,0.51204,2.934042,-0.1413196,0.4024303,2.965571,0.1876516,0.4092541,2.936169,-0.2802418,0.1792573,3.0404,0.3573981,0.199322,2.97826,-0.4954423,0.08130635,2.984234,0.5445997,0.1004229,2.856014,0.0413507,0.1519771,2.957451,0.04449661,0.07384924,2.962278,-0.0237964,-0.005388082,2.969914,0.1199418,0.004053435,2.960153,-0.03663242,-0.6067436,2.903614,0.1321382,-0.5945503,2.868624,-0.01471191,-1.022465,2.887749,0.1240941,-0.992202,2.87939
0.02261175,0.6851872,2.914541,0.02519603,0.4684043,2.932982,-0.1378426,0.3461128,2.959116,0.1948326,0.3520817,2.937755,-0.2707482,0.1206475,3.009134,0.367772,0.1318724,2.952682,-0.4753802,0.007972553,2.949556,0.5396727,0.02493149,2.814071,0.03984527,0.08917183,2.951706,0.04263132,0.0138849,2.956597,-0.02827958,-0.06404662,2.960535,0.1193036,-0.05782808,2.95615,-0.03436183,-0.6420844,2.884513,0.1327459,-0.6275369,2.862445,-0.001983823,-1.033671,2.90608,0.1282653,-1.01729,2.896001
0.03186201,0.6210777,2.917242,0.03497721,0.4043699,2.944072,-0.1330854,0.2670177,2.953405,0.202777,0.2823049,2.944932,-0.2723334,0.04663855,2.980995,0.3574276,0.06544726,2.936247,-0.4620718,-0.0831639,2.905642,0.5193658,-0.04891369,2.791121,0.04242503,0.02734576,2.951272,0.0438554,-0.04804171,2.953614,-0.03191248,-0.1259527,2.953456,0.1225917,-0.121394,2.952561,-0.02953538,-0.6619009,2.846713,0.1165139,-0.6405895,2.843329,0.002478517,-1.045088,2.9343,0.1260754,-1.035407,2.928139
0.03459154,0.5496984,2.919424,0.0328602,0.3462136,2.946458,-0.131003,0.2223969,2.955078,0.2015831,0.2231901,2.95074,-0.2460629,0.005116537,2.967536,0.3523645,0.006026692,2.92696,-0.4361815,-0.1613918,2.896912,0.508001,-0.1213542,2.786305,0.04669087,-0.0241239,2.951085,0.04941819,-0.09814374,2.952261,-0.02453775,-0.1728445,2.949897,0.1287623,-0.1718012,2.952237,-0.03362265,-0.6651033,2.837933,0.1165111,-0.645312,2.82711,0.002418533,-1.044998,2.93735,0.1277362,-1.04107,2.932022
0.03072443,0.5312566,2.91852,0.0315423,0.3334166,2.949714,-0.131065,0.2137974,2.958481,0.2003093,0.2191962,2.952304,-0.2501037,-0.02813001,2.966733,0.3410336,-0.005197117,2.934228,-0.4154765,-0.2112711,2.903951,0.4831472,-0.1840952,2.799783,0.04654022,-0.02987189,2.952543,0.04937989,-0.1028014,2.952609,-0.02410178,-0.1784399,2.949811,0.128634,-0.1752465,2.952411,-0.03757208,-0.6646351,2.833017,0.1199148,-0.6511121,2.823156,-0.001058521,-1.04711,2.943724,0.1302659,-1.044334,2.934341
0.03153284,0.5330023,2.919847,0.03222319,0.3390592,2.954184,-0.1291022,0.2195544,2.962665,0.2011427,0.2246518,2.95542,-0.2306694,-0.008851836,2.97691,0.3354533,-0.01780101,2.950994,-0.386023,-0.2257481,2.926956,0.4490281,-0.2077232,2.849977,0.04604727,-0.02559496,2.954774,0.04866339,-0.09837455,2.953223,-0.02493351,-0.1739222,2.950226,0.1276611,-0.1706564,2.952089,-0.03837354,-0.6635172,2.836733,0.133221,-0.660311,2.843615,-0.002844564,-1.043757,2.94304,0.1305652,-1.043373,2.934766
0.03837509,0.601274,2.931217,0.04160764,0.4131649,2.970293,-0.1284281,0.295871,2.980681,0.2007698,0.2984054,2.963038,-0.2121867,0.03313131,3.008446,0.3061064,0.03437523,2.990675,-0.3255055,-0.1808633,2.968774,0.4133709,-0.178381,2.919248,0.04941773,0.04212082,2.964409,0.05056826,-0.03167454,2.95883,-0.02199793,-0.1079678,2.954976,0.1261135,-0.1032697,2.954499,-0.03818854,-0.6473607,2.887017,0.1533134,-0.6481875,2.906462,-0.006964012,-1.032389,2.929793,0.1380544,-1.025807,2.926522
0.04043857,0.6714689,2.946167,0.04034464,0.4846483,2.976505,-0.1302201,0.364316,2.992735,0.2002328,0.3686647,2.97424,-0.1978173,0.09473065,3.03618,0.2932434,0.09635579,3.016176,-0.2821479,-0.1279327,3.020311,0.3926876,-0.1305548,2.98382,0.04808516,0.1080967,2.973199,0.04908497,0.03328174,2.966076,-0.02128184,-0.04354137,2.965655,0.1223308,-0.03857531,2.958727,-0.0382685,-0.6351678,2.903206,0.1584723,-0.6363271,2.931724,-0.007048216,-1.009257,2.908701,0.1381129,-1.006345,2.917076
0.04437967,0.7319427,2.953019,0.04183818,0.5431748,2.977683,-0.1271569,0.4219641,2.99577,0.1969958,0.4241107,2.97735,-0.1933618,0.1221848,3.050248,0.2894478,0.1428727,3.028211,-0.2709787,-0.1022304,3.055248,0.3809221,-0.07653609,3.029497,0.04616644,0.1633048,2.98614,0.04646926,0.08753498,2.981168,-0.02531193,0.01086237,2.983245,0.1197353,0.01811768,2.975987,-0.03001887,-0.5875553,2.910309,0.1536687,-0.5806671,2.93145,-0.004299959,-0.9475319,2.928002,0.1227121,-0.9661027,2.955475
0.04355077,0.7819162,2.963346,0.03046682,0.5733795,2.986722,-0.12995,0.4438812,3.006311,0.1944242,0.4460037,2.980038,-0.1954969,0.1760787,3.065449,0.28543,0.1885992,3.043766,-0.2688368,-0.04679118,3.093165,0.3771213,-0.02448961,3.084515,0.04194403,0.2079756,3.005766,0.04397663,0.1339459,3.003738,-0.02867695,0.05551155,3.009863,0.1218914,0.0659367,2.998221,-0.02845675,-0.4769789,2.873334,0.1501257,-0.4554149,2.889219,0.01600956,-0.8622368,2.999002,0.1205763,-0.8594776,3.035457
0.04586625,0.7926435,2.971267,0.03083681,0.5829433,2.990902,-0.1288779,0.4684855,3.015087,0.1978366,0.4688593,2.997067,-0.1952746,0.2056134,3.081719,0.2851284,0.2004138,3.064573,-0.2855127,-0.005104169,3.133228,0.3977754,-0.0007406771,3.1112,0.04146428,0.2249069,3.015097,0.04323548,0.1535283,3.01568,-0.03124261,0.07879488,3.024902,0.1218686,0.08186471,3.010001,-0.02716233,-0.3416016,2.837718,0.145682,-0.3414452,2.856821,0.01077621,-0.7080336,3.052764,0.1072133,-0.7005038,3.082645
0.04770373,0.8062326,2.97951,0.02991233,0.5911002,3.002869,-0.1304052,0.4829975,3.032983,0.2021959,0.4750192,3.021788,-0.2054614,0.2212795,3.098421,0.2929353,0.2149397,3.104664,-0.3155444,0.02336571,3.159053,0.4185351,0.01536812,3.125115,0.04271312,0.239008,3.027084,0.04510504,0.1684736,3.027921,-0.03100711,0.09045808,3.033643,0.1267782,0.09611133,3.024832,-0.008855343,-0.2976804,2.80112,0.1411406,-0.3088738,2.824475,0.01893714,-0.604958,3.089179,0.1272459,-0.5978123,3.130368
0.04564522,0.8057175,2.987386,0.02977693,0.5933306,3.014528,-0.1324561,0.4898694,3.050506,0.1995084,0.4785374,3.031609,-0.2213533,0.2369726,3.14359,0.2967554,0.2221886,3.121535,-0.360513,0.04910351,3.176058,0.4441077,0.03630868,3.130243,0.04354506,0.2453907,3.035004,0.04597773,0.1758303,3.036053,-0.03020037,0.09764229,3.040496,0.1281029,0.1047666,3.034272,-0.006248729,-0.2890993,2.805919,0.1430418,-0.2988854,2.83135,0.02190619,-0.5466855,3.135842,0.09715249,-0.5509237,3.163394
0.04385721,0.8015519,2.992528,0.03348169,0.5947835,3.047028,-0.1363484,0.4854324,3.067476,0.195269,0.4809952,3.054905,-0.2305494,0.2362713,3.159763,0.3040288,0.2275945,3.149095,-0.4063388,0.08586816,3.203417,0.4734665,0.06014998,3.133806,0.04306383,0.2463791,3.041567,0.04537928,0.1769786,3.038408,-0.03073639,0.09819496,3.040865,0.1273727,0.105858,3.035636,-0.006949866,-0.2929494,2.814373,0.1398177,-0.299727,2.836961,0.0170427,-0.5557778,3.140735,0.09603536,-0.558934,3.164102
0.03588844,0.7948925,3.007406,0.03004622,0.5926474,3.05857,-0.1399524,0.4836209,3.085199,0.1948122,0.4766967,3.06786,-0.2383907,0.2405798,3.16636,0.3056037,0.2300957,3.156008,-0.4495229,0.1142644,3.19812,0.4987743,0.0923072,3.121509,0.04304536,0.2439885,3.050014,0.04536032,0.1753019,3.041983,-0.03060517,0.09664296,3.042068,0.1273896,0.1048453,3.037176,-0.02395364,-0.3165319,2.860909,0.1460876,-0.3182066,2.883806,-0.0005746912,-0.6168908,3.155896,0.1158325,-0.6374604,3.159387
0.03913836,0.7826788,3.034458,0.02423493,0.5848605,3.081498,-0.1410522,0.4763732,3.094889,0.1993373,0.4712714,3.104205,-0.2707227,0.230958,3.175594,0.3088209,0.2284726,3.159696,-0.5044536,0.1275948,3.174661,0.513859,0.1134564,3.107924,0.04085401,0.2351749,3.06209,0.04448875,0.1674112,3.047575,-0.03094713,0.08984319,3.043418,0.1267778,0.09509999,3.041139,-0.05181545,-0.3669724,2.912103,0.1530256,-0.4071231,2.942993,-0.05062744,-0.6924329,3.182511,0.1237772,-0.7724893,3.160752
0.03842899,0.7670043,3.051051,0.02159864,0.5647558,3.097095,-0.1419051,0.4463627,3.113491,0.200932,0.4535589,3.119108,-0.2832487,0.2183155,3.176672,0.3201977,0.218522,3.170378,-0.5087921,0.1358529,3.15001,0.5248822,0.1141049,3.094282,0.04109886,0.1931073,3.079659,0.04548436,0.1197946,3.059295,-0.02742305,0.0416123,3.04867,0.1270965,0.04456602,3.050097,-0.05079642,-0.5055825,2.999734,0.1514429,-0.5378707,2.995882,-0.07157984,-0.8862561,3.193977,0.1274141,-0.9421425,3.142576
0.03191382,0.7374023,3.080574,0.02570532,0.5214487,3.119327,-0.141611,0.4060111,3.125662,0.1991092,0.4158256,3.135876,-0.3029198,0.1863694,3.166322,0.3341137,0.182733,3.169769,-0.5147836,0.09798989,3.089432,0.5398151,0.1017746,3.056288,0.04128094,0.1505455,3.090661,0.04508496,0.0805429,3.064712,-0.0264194,0.00235483,3.048697,0.1234842,0.007877835,3.057905,-0.05834181,-0.5979388,3.03047,0.1575471,-0.5943748,3.021805,-0.06798561,-0.9976846,3.188214,0.1355598,-0.9855998,3.106534
0.0402011,0.6913796,3.094797,0.02663145,0.4800111,3.125293,-0.1344161,0.3540372,3.12457,0.198129,0.3496517,3.14079,-0.305034,0.1269333,3.145325,0.3476457,0.1273092,3.159851,-0.5121477,0.03153532,3.063158,0.5486993,0.03961805,3.013615,0.03908861,0.09598048,3.102874,0.04293088,0.02377882,3.07449,-0.02833569,-0.05184679,3.056638,0.1195284,-0.04933872,3.071127,-0.05614421,-0.6300969,3.044651,0.1555734,-0.6204975,3.01965,-0.06991172,-0.9982154,3.187422,0.1374888,-0.9918809,3.108958
0.0296651,0.6195101,3.102944,0.02658601,0.403506,3.140848,-0.1362815,0.2748236,3.130299,0.2080155,0.2755986,3.153749,-0.2931816,0.06038307,3.125805,0.3479924,0.05395335,3.158931,-0.4903056,-0.05914747,3.052596,0.5190134,-0.0332022,3.004674,0.03804788,0.03029841,3.125909,0.04238151,-0.04033828,3.096038,-0.03383528,-0.1182018,3.077597,0.1240934,-0.116884,3.094309,-0.0579837,-0.6442882,3.046631,0.1382173,-0.6413894,3.011698,-0.08602482,-1.02519,3.240003,0.1272092,-1.029543,3.165234
0.03456182,0.556841,3.126157,0.02347621,0.3489609,3.141006,-0.1367925,0.2193289,3.12512,0.2036345,0.2247932,3.16457,-0.2648176,0.01840496,3.110534,0.3423569,0.002016603,3.146954,-0.4709567,-0.1504114,3.015542,0.5076318,-0.10378,2.996315,0.03830695,-0.0179593,3.139816,0.04494628,-0.08777476,3.110502,-0.02932593,-0.1662974,3.091154,0.1268082,-0.1636,3.114571,-0.05992202,-0.6575825,3.053452,0.1346518,-0.647703,3.009204,-0.09144374,-1.037332,3.248495,0.1260312,-1.0326,3.168972
0.03557234,0.5336344,3.128159,0.0268658,0.3366058,3.141143,-0.13627,0.2099472,3.122236,0.2025361,0.2211387,3.163086,-0.2756026,-0.04310887,3.095204,0.3416043,-0.001821996,3.146708,-0.4533154,-0.2069984,3.002061,0.4968245,-0.1518053,2.978679,0.03779342,-0.02703574,3.145746,0.04395499,-0.09705457,3.116469,-0.03099969,-0.1767436,3.101506,0.1250337,-0.1707207,3.118981,-0.06237403,-0.6642459,3.060469,0.1321609,-0.6526309,3.017567,-0.09534396,-1.036871,3.249707,0.1256325,-1.034086,3.170387
0.03470604,0.5341479,3.127672,0.02724266,0.3395706,3.140527,-0.1355914,0.2142217,3.120528,0.2031277,0.2272206,3.160038,-0.2621606,-0.02968602,3.097703,0.3408653,-0.001624301,3.147992,-0.4050471,-0.2098784,3.02255,0.4832397,-0.1673992,2.990493,0.03753206,-0.02313667,3.150064,0.04338374,-0.09297758,3.12199,-0.0318419,-0.170857,3.110952,0.1241155,-0.1669353,3.124504,-0.06609578,-0.660147,3.07468,0.1342348,-0.6575806,3.055196,-0.0970749,-1.034657,3.252304,0.1273633,-1.034963,3.173805
0.03279955,0.5987277,3.130983,0.03200726,0.4074907,3.146884,-0.1350273,0.2853783,3.125626,0.2023825,0.2993745,3.146397,-0.2388257,0.04091575,3.124302,0.3288267,0.04070776,3.148931,-0.3568039,-0.1663058,3.065557,0.4490484,-0.1552713,3.035613,0.03839509,0.04057209,3.159508,0.04168449,-0.03049669,3.131012,-0.03300719,-0.1081273,3.120741,0.1197336,-0.104821,3.131207,-0.07631907,-0.6275935,3.127946,0.1552318,-0.638716,3.126017,-0.09655921,-1.031748,3.253838,0.131311,-1.026978,3.166837
0.02980432,0.6772875,3.143024,0.03680241,0.4308911,3.151421,-0.1382798,0.3601547,3.139904,0.2015254,0.373388,3.147662,-0.2312195,0.08742149,3.152132,0.3256967,0.09213568,3.165389,-0.3325422,-0.1275689,3.108871,0.4326467,-0.1120891,3.092279,0.0423759,0.1004672,3.164192,0.04375914,0.0349131,3.135208,-0.02960628,-0.04343093,3.129931,0.1189561,-0.03931549,3.128707,-0.07845517,-0.6106882,3.157415,0.155898,-0.6235062,3.163168,-0.07581457,-0.9970105,3.193316,0.1309086,-1.026926,3.166806
0.03214213,0.7505096,3.162893,0.03957285,0.5532624,3.15642,-0.1379168,0.4206855,3.147424,0.1847133,0.4357613,3.136837,-0.2162361,0.136595,3.166251,0.3143922,0.148506,3.178495,-0.3161176,-0.07962205,3.158619,0.4245458,-0.05904697,3.126019,0.04158127,0.1691719,3.170368,0.04076422,0.0943979,3.142148,-0.03114379,0.02000171,3.139666,0.1130491,0.02365847,3.13595,-0.0693325,-0.5821216,3.15231,0.1484509,-0.5787926,3.144613,-0.05819634,-0.9854548,3.213521,0.1090279,-0.9505238,3.211711
0.03588532,0.8023932,3.159285,0.03159357,0.5947441,3.156015,-0.1367891,0.4639904,3.157944,0.1927275,0.4855526,3.151816,-0.210872,0.2013436,3.179765,0.3107473,0.1987921,3.197319,-0.3059946,-0.01690051,3.175961,0.4313317,-0.006651536,3.188495,0.04167519,0.2263456,3.186401,0.0432247,0.1522725,3.164238,-0.029882,0.07442879,3.162457,0.120435,0.08167484,3.164383,-0.05410416,-0.4806095,3.083546,0.1416983,-0.4485734,3.096569,-0.01271089,-0.8745542,3.250933,0.09280962,-0.8405287,3.266237
0.03890752,0.818385,3.151911,0.03046672,0.6151746,3.155814,-0.1342886,0.4873329,3.163505,0.1947742,0.4911305,3.153076,-0.2162724,0.2277093,3.202848,0.3085128,0.2216954,3.224938,-0.3281946,0.01763366,3.200454,0.4481566,0.02893524,3.200917,0.04180453,0.2491814,3.190842,0.04323882,0.1761847,3.173136,-0.03084061,0.1000463,3.172939,0.121676,0.1039943,3.175015,-0.02272999,-0.3498065,3.030986,0.1464603,-0.3288918,3.055977,3.492832E-05,-0.7014956,3.269769,0.07770243,-0.6711877,3.299088
0.04473822,0.8342583,3.149615,0.03100972,0.6260495,3.159807,-0.1316456,0.4993429,3.1704,0.199542,0.5018108,3.163965,-0.2207504,0.2609824,3.234761,0.3059139,0.2467037,3.247826,-0.3596661,0.06970482,3.251447,0.4625846,0.06765395,3.221547,0.04177183,0.2697023,3.197881,0.0434185,0.1979181,3.183429,-0.03324467,0.1233181,3.186767,0.1240088,0.1235851,3.183513,-0.01498857,-0.2813503,2.986393,0.1414837,-0.2980993,3.025388,0.004813852,-0.590094,3.274401,0.09253719,-0.5940628,3.322387
0.04624051,0.8352051,3.149334,0.03217445,0.6339675,3.164011,-0.1312198,0.5138415,3.18488,0.20102,0.5073335,3.175506,-0.2266364,0.265555,3.24445,0.3025118,0.259298,3.26511,-0.4172497,0.1026527,3.280351,0.4720675,0.09293973,3.2331,0.04407964,0.2782447,3.199867,0.04578616,0.2065405,3.187406,-0.03150133,0.1303557,3.190599,0.1276513,0.1332393,3.187487,-0.008429138,-0.270127,2.982096,0.1195274,-0.2790992,3.004069,0.01137259,-0.5788601,3.270095,0.07929906,-0.524269,3.3422
0.04652283,0.8346368,3.147993,0.03284518,0.6362627,3.167362,-0.1316921,0.5156268,3.188847,0.2048973,0.5105399,3.185609,-0.2405732,0.2769337,3.263025,0.302716,0.2649886,3.271962,-0.4547192,0.1528333,3.284643,0.4853643,0.1161068,3.223366,0.04464891,0.2826888,3.202248,0.04679826,0.2114994,3.191862,-0.03149709,0.133377,3.19389,0.1300274,0.1382005,3.192951,-0.007156651,-0.2658096,2.983083,0.1222286,-0.2714204,3.00328,0.01264464,-0.5745358,3.271076,0.08915776,-0.5313561,3.331748
0.04689695,0.8348012,3.149874,0.03406286,0.6371808,3.172686,-0.13119,0.5159867,3.192987,0.2071149,0.5155437,3.200443,-0.2514092,0.2870405,3.272286,0.299624,0.2784943,3.280123,-0.486457,0.1855506,3.260638,0.4970637,0.1441998,3.222041,0.04467787,0.2828017,3.201659,0.04722315,0.211748,3.192523,-0.03094068,0.1332859,3.194709,0.1302672,0.138517,3.193093,-0.01035544,-0.2685668,2.989174,0.1339587,-0.2752871,3.013591,0.01896248,-0.5606834,3.291961,0.1175695,-0.5766476,3.308845
0.04733162,0.8279097,3.166554,0.03234545,0.6364776,3.185147,-0.132623,0.514427,3.200378,0.209085,0.5134706,3.215816,-0.2783248,0.2851955,3.274388,0.3265034,0.266639,3.28288,-0.515698,0.1969482,3.208489,0.5319196,0.1636801,3.198462,0.0446634,0.2803896,3.202658,0.04770204,0.2095622,3.193644,-0.02987786,0.1307376,3.19488,0.1306634,0.135448,3.19355,-0.02350692,-0.2916904,3.030481,0.150865,-0.3264278,3.06461,-0.02330241,-0.6115454,3.307753,0.1503396,-0.6626145,3.323661
0.04805485,0.8287688,3.184621,0.03684094,0.6213939,3.198354,-0.1316118,0.5021976,3.210624,0.2105425,0.5016723,3.226291,-0.2921559,0.276307,3.266715,0.3297306,0.2616774,3.27969,-0.5138279,0.1947937,3.19934,0.5331749,0.1604181,3.187258,0.04748699,0.2574755,3.208743,0.05036686,0.1847272,3.1972,-0.02580657,0.1061996,3.195613,0.1310953,0.109339,3.194063,-0.03632038,-0.4007053,3.080925,0.1656702,-0.4135656,3.103355,-0.03195386,-0.7500222,3.323918,0.1706702,-0.7883649,3.309494
0.05028138,0.8020544,3.204347,0.04651776,0.5989395,3.230179,-0.1263905,0.4686293,3.221466,0.2150631,0.4817531,3.242351,-0.2978812,0.2577227,3.25215,0.3372741,0.2428166,3.27552,-0.5155965,0.157727,3.149151,0.5403708,0.1320536,3.130587,0.05323818,0.2168406,3.216996,0.05610875,0.1399725,3.196567,-0.01880865,0.06540888,3.186274,0.1339321,0.06054918,3.190747,-0.0451353,-0.5228312,3.140395,0.1758177,-0.5410342,3.155958,-0.04537945,-0.9183962,3.309309,0.1722703,-0.9636042,3.255919
0.05679156,0.7614107,3.211206,0.05052905,0.4989764,3.230513,-0.1239383,0.4182349,3.227985,0.2142206,0.4195626,3.246184,-0.2952212,0.2014456,3.228062,0.327223,0.1901014,3.27038,-0.4940258,0.1010531,3.115324,0.510568,0.08775006,3.134679,0.05636925,0.1538459,3.219036,0.05885215,0.08774544,3.195315,-0.01398303,0.01353378,3.18138,0.1347531,0.01048486,3.191433,-0.04510776,-0.584574,3.154849,0.181459,-0.5729759,3.152366,-0.04011875,-0.9891966,3.299656,0.1733237,-0.977658,3.250552
0.06359524,0.7012104,3.230078,0.04786842,0.4954906,3.235469,-0.121856,0.3473102,3.222269,0.2149883,0.3637552,3.257509,-0.2605643,0.1550997,3.220366,0.3371112,0.1335213,3.268679,-0.4240813,-0.004423767,3.139562,0.5043747,0.007488994,3.104418,0.05486577,0.107018,3.227128,0.05995804,0.03184992,3.199227,-0.0120265,-0.04529357,3.184554,0.1374632,-0.04184255,3.194755,-0.03741402,-0.6073779,3.153636,0.1787657,-0.6086946,3.144302,-0.04460163,-0.9993085,3.304335,0.1756376,-0.9966027,3.250626
0.0563462,0.6274225,3.236098,0.04608202,0.4120751,3.253644,-0.1146018,0.2813866,3.227416,0.2222379,0.2837227,3.266554,-0.2469378,0.08336721,3.205634,0.3380331,0.05010696,3.259012,-0.4125146,-0.080145,3.141573,0.4933164,-0.0815339,3.075919,0.05700342,0.03811852,3.23925,0.0627351,-0.03252423,3.208814,-0.01145794,-0.1085386,3.188823,0.1426048,-0.1080635,3.209031,-0.03164546,-0.621222,3.144713,0.1644743,-0.6326391,3.12375,-0.05788898,-0.9983301,3.346254,0.1735016,-1.024053,3.285643
0.0579221,0.561224,3.241338,0.05587585,0.3570119,3.250071,-0.1191914,0.2130468,3.223448,0.2158884,0.2242173,3.266786,-0.2449341,-0.0003145801,3.188074,0.3334491,-0.01431249,3.26429,-0.4050743,-0.1627759,3.087965,0.476786,-0.1521749,3.07949,0.05840366,-0.01990116,3.246386,0.06310946,-0.09165751,3.215461,-0.01306559,-0.1683866,3.197939,0.1417222,-0.16613,3.216877,-0.04242888,-0.6698051,3.157913,0.1584059,-0.6418715,3.115935,-0.06723018,-1.033521,3.373864,0.1714388,-1.024831,3.288267
0.05417967,0.525795,3.238222,0.047747,0.3151059,3.236052,-0.1196198,0.2034774,3.221456,0.2158076,0.2134533,3.264988,-0.241477,-0.06367406,3.18498,0.3296583,-0.0292092,3.263114,-0.396572,-0.2287076,3.070813,0.464018,-0.2034107,3.066189,0.05535932,-0.03199594,3.246453,0.06086192,-0.1008299,3.216278,-0.01510638,-0.178435,3.200423,0.1397804,-0.1750172,3.21832,-0.04275759,-0.6684648,3.157502,0.1586943,-0.6452458,3.116544,-0.06895696,-1.032289,3.376144,0.1695998,-1.023738,3.286858
0.05371785,0.5255467,3.237795,0.04828086,0.3201246,3.234308,-0.1201729,0.2019245,3.218992,0.2171369,0.2149666,3.26117,-0.1943407,-0.04769687,3.188488,0.3207471,-0.03385285,3.263532,-0.3523026,-0.2318358,3.095226,0.4592779,-0.2094694,3.072286,0.05549419,-0.03171811,3.246496,0.06087621,-0.1007652,3.216222,-0.01512022,-0.178436,3.200459,0.139908,-0.1750062,3.218289,-0.04429273,-0.6654707,3.158116,0.1577973,-0.6501763,3.123014,-0.07310981,-1.029358,3.372143,0.169263,-1.023672,3.287431
0.06104032,0.5834451,3.221429,0.05829405,0.3916354,3.234094,-0.114745,0.2553126,3.209419,0.2226308,0.2722498,3.241956,-0.2047061,0.009689039,3.197787,0.3283541,0.01247826,3.258287,-0.3167621,-0.2034709,3.126281,0.4329539,-0.1875551,3.114522,0.06065671,0.01795031,3.240441,0.06423249,-0.05601154,3.209764,-0.011087,-0.1333617,3.195761,0.1416736,-0.1311965,3.210866,-0.05263651,-0.6336758,3.178167,0.1623655,-0.6317153,3.150069,-0.07266048,-1.01593,3.364151,0.1696963,-1.02198,3.293443
0.06258611,0.6500851,3.211048,0.04957101,0.4605221,3.230118,-0.1128068,0.319387,3.204147,0.2173664,0.3358655,3.224058,-0.1893246,0.05930497,3.2125,0.326392,0.05011231,3.24997,-0.2864166,-0.1647656,3.155108,0.442388,-0.1495099,3.151159,0.05484244,0.07669597,3.230636,0.05796755,0.00382635,3.196398,-0.01471475,-0.07183122,3.186752,0.1333713,-0.06853887,3.190843,-0.05769573,-0.6258436,3.203324,0.1728943,-0.6140994,3.182581,-0.05872652,-1.001971,3.331215,0.1630617,-1.005778,3.275122
0.06095082,0.7243557,3.227133,0.05728326,0.5282497,3.219597,-0.1188747,0.3854147,3.204644,0.2208667,0.3916225,3.209055,-0.1855372,0.1126936,3.223609,0.328134,0.1144139,3.249641,-0.274032,-0.1084153,3.213882,0.4475891,-0.09816841,3.200181,0.06049724,0.1397407,3.22522,0.06158066,0.06558949,3.190635,-0.01271966,-0.01280972,3.182636,0.1372955,-0.008297163,3.184762,-0.05400739,-0.6140351,3.203638,0.1689066,-0.5840768,3.171762,-0.04221089,-0.9996858,3.320567,0.1452257,-0.9785695,3.270057
0.06396281,0.7777078,3.226765,0.06119628,0.5629707,3.203331,-0.1202113,0.4195021,3.204707,0.2278828,0.4273785,3.206483,-0.1871353,0.140926,3.238631,0.3313239,0.1483758,3.253381,-0.2870275,-0.07318263,3.25582,0.4546144,-0.05521043,3.230422,0.06213981,0.1970663,3.223511,0.06236779,0.1249299,3.193303,-0.01909494,0.04436981,3.189039,0.1440533,0.04832897,3.190133,-0.03103107,-0.4798009,3.119318,0.1554993,-0.4752466,3.106243,0.002419757,-0.8447773,3.339743,0.1295704,-0.8523178,3.29002
0.06238821,0.7844963,3.221687,0.0544235,0.5804657,3.200858,-0.117183,0.4439742,3.201346,0.2183999,0.4524895,3.190849,-0.1889812,0.1913372,3.262996,0.3378603,0.1884571,3.259831,-0.2924589,-0.0228458,3.262753,0.4705834,-0.008585021,3.229087,0.0613662,0.2092947,3.223118,0.06124584,0.1368572,3.19445,-0.01732963,0.06160711,3.193262,0.1415838,0.06379507,3.189767,-0.02553459,-0.3673128,3.057709,0.1478737,-0.3682791,3.06574,0.03466249,-0.7122381,3.300873,0.1271654,-0.7153145,3.312109
0.05943835,0.8094527,3.204366,0.05528927,0.5916079,3.19252,-0.1144233,0.4543592,3.201963,0.2181686,0.4549045,3.189543,-0.1919464,0.1960241,3.270448,0.3422171,0.1973445,3.263995,-0.3297242,0.005525529,3.295788,0.489749,0.01030013,3.248522,0.06165474,0.2227527,3.220589,0.06150582,0.1503031,3.195361,-0.01666379,0.07583061,3.196508,0.1415443,0.077162,3.191159,0.01057823,-0.3283157,2.996649,0.1474166,-0.3337589,3.004673,0.07077384,-0.6732326,3.239806,0.1207548,-0.6185182,3.315206
0.06182804,0.8131007,3.197763,0.05529208,0.5962913,3.187073,-0.1143082,0.4572914,3.205578,0.2193881,0.4571533,3.190577,-0.1920383,0.2124203,3.281532,0.3452638,0.2055068,3.26382,-0.3644193,0.05259249,3.307078,0.5212833,0.04497075,3.2483,0.06327364,0.2329268,3.216617,0.06348118,0.1613302,3.194567,-0.01498994,0.08502047,3.197983,0.1443153,0.08639248,3.189901,-0.03221428,-0.3130553,2.984476,0.1719904,-0.3108274,2.975868,0.1164953,-0.5761232,2.835347,-0.05559553,-0.5284028,2.864107
0.05401363,0.803308,3.180053,0.05525234,0.5962454,3.187106,-0.1144907,0.4575292,3.206382,0.2198236,0.4584237,3.190485,-0.1999134,0.2172056,3.288428,0.3484168,0.2187366,3.259634,-0.4002746,0.09540527,3.31745,0.5412393,0.07954702,3.232061,0.06366014,0.233699,3.213994,0.06410503,0.1624086,3.193524,-0.01424297,0.08562429,3.196697,0.1454846,0.08824966,3.188104,0.07682554,-0.2961299,2.971884,0.1601651,-0.314098,2.983302,-0.140516,-0.534031,2.894329,0.1346537,-0.6030666,2.80792
0.05405477,0.7930342,3.174911,0.05329298,0.5899079,3.183885,-0.1164381,0.4569606,3.208951,0.2191464,0.4587358,3.18956,-0.2228496,0.2197611,3.306981,0.3535423,0.2226808,3.258277,-0.4486902,0.1457413,3.310598,0.5637428,0.1191222,3.202007,0.06471778,0.2309791,3.206537,0.06559093,0.1601157,3.186352,-0.01172836,0.08014564,3.187751,0.1478942,0.0877936,3.178888,-0.001202756,-0.3210752,2.980598,0.1493004,-0.3155901,2.975987,-0.09442582,-0.6219594,2.869412,0.1759088,-0.6127319,2.817829
0.05427926,0.7822038,3.169378,0.05254566,0.5830482,3.180347,-0.116835,0.4558613,3.208901,0.2159503,0.455313,3.184223,-0.2368615,0.22391,3.299445,0.3638229,0.2251861,3.249943,-0.4835413,0.1776993,3.289255,0.5748773,0.1508193,3.154941,0.06594587,0.2184164,3.19554,0.06684648,0.1465567,3.174265,-0.008927491,0.06735262,3.177015,0.147853,0.07612406,3.165057,-0.01550736,-0.3587199,3.010726,0.1628853,-0.3655888,3.005834,-0.00572934,-0.6992227,3.265974,0.1992816,-0.7174351,3.244435
0.05016955,0.7726113,3.167579,0.04872606,0.5672191,3.173895,-0.1202565,0.4372518,3.206871,0.2147858,0.4443102,3.176338,-0.2480159,0.2202823,3.284214,0.3771332,0.2192469,3.204814,-0.4820514,0.1711649,3.229702,0.5921189,0.1519817,3.09491,0.06648096,0.1974486,3.184746,0.06774387,0.1248675,3.162822,-0.007049379,0.04363494,3.161865,0.1495159,0.05396125,3.154919,-0.01854936,-0.4988069,3.067213,0.1758256,-0.4952123,3.036603,-0.0005414049,-0.8682165,3.250354,0.2070671,-0.8801199,3.171443
0.05380698,0.7560092,3.161717,0.05243818,0.5454172,3.167116,-0.1209288,0.4059336,3.194081,0.2185671,0.40619,3.157764,-0.2569627,0.1936812,3.242819,0.3734303,0.1902867,3.16829,-0.4875711,0.1328859,3.179524,0.5672071,0.1263083,3.03215,0.0700632,0.1500669,3.165994,0.0701355,0.07537699,3.140635,-0.001869824,-0.005427158,3.139335,0.1474412,0.003406775,3.129815,-0.01468094,-0.5926134,3.084651,0.1836846,-0.5794453,3.04791,-0.00515097,-0.9770894,3.180164,0.1953828,-0.9655933,3.109214
0.05932874,0.7058258,3.152759,0.05040046,0.4882742,3.143655,-0.1117821,0.3653855,3.178262,0.2197261,0.3545656,3.141968,-0.2418384,0.1525612,3.214321,0.3619581,0.1399847,3.139352,-0.4763773,0.05723544,3.126837,0.5521049,0.05914155,2.970963,0.06815593,0.1091913,3.15758,0.06856225,0.0345972,3.134568,-0.002062249,-0.03922305,3.13343,0.1450239,-0.03710354,3.128423,-0.01385157,-0.6408211,3.077099,0.1813017,-0.607142,3.038294,-0.003158986,-1.005473,3.170556,0.1928268,-0.9985264,3.100133
0.05496504,0.6394948,3.14369,0.05450987,0.4165726,3.139734,-0.1095008,0.2879902,3.170513,0.2186697,0.2855452,3.132714,-0.2378087,0.07820082,3.184365,0.3503173,0.08177307,3.128435,-0.4521596,-0.03750307,3.115466,0.4982916,-0.02375041,2.961291,0.07058623,0.03730622,3.15739,0.07059399,-0.03763551,3.136239,-0.001522982,-0.1148155,3.134163,0.1479341,-0.107955,3.132896,-0.007358891,-0.6510252,3.06177,0.1695681,-0.6396234,3.013492,-0.001973039,-1.033192,3.19424,0.192622,-1.008955,3.105802
0.06179641,0.5769795,3.13481,0.05523787,0.3528133,3.141003,-0.1097026,0.2269366,3.162246,0.2193852,0.2230609,3.139913,-0.2343409,0.00915202,3.171744,0.3494404,0.005972655,3.101354,-0.4300629,-0.1470749,3.072646,0.4971965,-0.1191994,2.913624,0.07156678,-0.01833911,3.155539,0.07297175,-0.09139099,3.134046,-0.0005269567,-0.168099,3.129913,0.1523725,-0.1625187,3.131473,-0.00454036,-0.6650271,3.039916,0.164145,-0.6473587,3.006726,-0.002804853,-1.040673,3.198259,0.1965171,-1.035283,3.126323
0.05316693,0.5191652,3.126849,0.04884784,0.3153684,3.132995,-0.1114417,0.2021591,3.155621,0.2179079,0.2108101,3.140628,-0.2339831,-0.05658326,3.157459,0.3513808,-0.03825331,3.085872,-0.3994061,-0.2073781,3.053137,0.4830654,-0.1818656,2.893572,0.06912429,-0.03679487,3.152005,0.07168294,-0.107206,3.132141,-0.001065425,-0.1848083,3.12912,0.1514335,-0.1770588,3.12951,-0.006538331,-0.6677426,3.033983,0.1567503,-0.6544439,3.004457,0.0007456316,-1.04305,3.192997,0.1946542,-1.036975,3.127789
0.05212187,0.5195829,3.123748,0.04958658,0.3174857,3.132416,-0.1114866,0.2027454,3.152863,0.2174879,0.2108882,3.136376,-0.1965511,-0.05530364,3.176027,0.341224,-0.02806199,3.095366,-0.3569955,-0.2196381,3.037484,0.4514565,-0.1964876,2.914068,0.06908184,-0.03658831,3.150973,0.07154614,-0.1071138,3.132007,-0.001353511,-0.1846286,3.129086,0.151317,-0.1770188,3.129339,-0.006859452,-0.6663436,3.033853,0.1582392,-0.6531423,3.007426,-0.004422221,-1.03904,3.188122,0.1936174,-1.034162,3.126805
0.06058221,0.5782691,3.109938,0.05964707,0.3921926,3.144825,-0.1105122,0.2657427,3.145309,0.2188491,0.2677236,3.127462,-0.191201,0.01407125,3.152564,0.3229025,0.02028562,3.110172,-0.2923422,-0.1797877,3.045024,0.4225906,-0.1801987,2.939816,0.06966922,0.02000253,3.144542,0.07017369,-0.05214186,3.120282,-0.003400107,-0.1284277,3.114413,0.1472453,-0.1235021,3.113614,-0.01488791,-0.6489472,3.064456,0.1890647,-0.6382728,3.055491,-0.007694025,-1.034077,3.18828,0.1943641,-1.029763,3.125556
0.06805755,0.6518582,3.120136,0.0550165,0.4559727,3.142748,-0.1097863,0.3445938,3.150523,0.2148255,0.3416365,3.118191,-0.1731504,0.08024474,3.155197,0.3112916,0.07683796,3.121283,-0.2559391,-0.1325708,3.054762,0.4068578,-0.1550416,2.980904,0.06969356,0.08328236,3.141709,0.06972153,0.01133791,3.115299,-0.0006757276,-0.06468172,3.109831,0.1449283,-0.05806638,3.107474,-0.02483222,-0.6322017,3.09329,0.1937333,-0.6242282,3.068333,-0.01742073,-1.021336,3.168751,0.1918059,-1.007729,3.110509
0.06600422,0.7226945,3.11657,0.06054638,0.5278742,3.131768,-0.1136594,0.3983347,3.138013,0.218602,0.409953,3.120541,-0.1705832,0.1176937,3.157737,0.3084513,0.1220517,3.128868,-0.2487341,-0.1165231,3.080494,0.4064112,-0.09098479,3.049242,0.06995758,0.1502936,3.142868,0.07021313,0.07648813,3.118518,-0.002184276,-0.002395082,3.114563,0.1458084,0.006047994,3.113725,-0.02202256,-0.6054044,3.093266,0.1815242,-0.5714175,3.06776,-0.01076461,-0.9961932,3.1457,0.1579516,-0.9503783,3.128402
