-0.003243,0.6765,-0.22579,-0.0037814,0.52777,-0.07392,-0.16473,0.44649,-0.045535,0.16604,0.45817,-0.051576,-0.21178,0.20624,0.051509,0.27364,0.20749,0.088142,-0.29933,-0.0020839,0.11204,0.3996,0.0097298,0.11392,-0.00073033,0.20623,-0.009834,0,0.14112,0,-0.080476,0.066987,0.01661,0.082443,0.068121,0.006592,-0.087801,-0.30414,-0.24666,0.066939,-0.32086,-0.22748,-0.048144,-0.67102,-0.040348,0.041618,-0.62774,0.05533
-0.0049709,0.67631,-0.22485,-0.0065945,0.5304,-0.071854,-0.16609,0.45094,-0.042268,0.16435,0.45876,-0.048782,-0.22429,0.22553,0.069746,0.27784,0.22455,0.098758,-0.34022,0.026331,0.11452,0.42901,0.050317,0.14275,-0.0013101,0.21158,-0.009863,0,0.14726,0,-0.080531,0.073056,0.016336,0.083707,0.074456,0.00596,-0.095195,-0.28848,-0.26008,0.05786,-0.30681,-0.24001,-0.038111,-0.5943,0.019495,0.049828,-0.58476,0.069932
-0.00562,0.68442,-0.22129,-0.0068418,0.53486,-0.065048,-0.16578,0.45992,-0.033056,0.16407,0.46098,-0.042956,-0.23433,0.23802,0.078272,0.28643,0.24526,0.10803,-0.38908,0.083645,0.1584,0.45171,0.077637,0.12747,-0.0012415,0.21761,-0.008879,0,0.15406,0,-0.081377,0.080967,0.013482,0.08437,0.080803,0.005161,-0.096113,-0.28771,-0.2526,0.053911,-0.30067,-0.23965,-0.045613,-0.60319,0.01815,0.05236,-0.57757,0.071221
-0.0072868,0.68367,-0.21522,-0.0046649,0.54023,-0.054918,-0.16777,0.46502,-0.021996,0.16462,0.46385,-0.033954,-0.25838,0.26698,0.098967,0.30445,0.25384,0.10684,-0.44228,0.14693,0.17667,0.50172,0.12187,0.10571,-0.00083583,0.22063,-0.006964,0,0.15704,0,-0.081482,0.083505,0.009518,0.083347,0.082759,0.00266,-0.098961,-0.31072,-0.21405,0.080716,-0.30501,-0.23325,-0.048717,-0.6538,0.024282,0.11863,-0.61178,0.048285
-0.0074471,0.6826,-0.20373,-0.0040856,0.54092,-0.041016,-0.16953,0.46586,-0.006508,0.16519,0.46513,-0.021775,-0.26597,0.27222,0.11376,0.31197,0.26427,0.10775,-0.49256,0.19379,0.15001,0.52627,0.16173,0.088692,-0.00054695,0.21778,-0.003098,0,0.15224,0,-0.081486,0.074393,0.00157,0.082774,0.076622,0.000118,-0.10306,-0.3854,-0.14723,0.10184,-0.36868,-0.17399,-0.051837,-0.7606,0.043176,0.1355,-0.74194,0.02312
-0.0068811,0.67779,-0.18387,-0.0035892,0.53663,-0.021705,-0.17153,0.46149,0.012073,0.16467,0.46465,-0.003254,-0.34473,0.26602,0.13592,0.32847,0.2623,0.10598,-0.57923,0.22845,0.11368,0.54957,0.18854,0.046411,-0.00013441,0.19845,-0.000682,0,0.12956,0,-0.082206,0.050251,0.002059,0.082259,0.054012,-0.003146,-0.1046,-0.51453,-0.080541,0.1135,-0.49315,-0.12327,-0.075641,-0.93474,0.006762,0.13375,-0.90127,-0.005572
-0.0049033,0.65957,-0.15163,0.00099728,0.51313,-0.002661,-0.17265,0.43119,0.034303,0.17118,0.43879,0.02736,-0.36079,0.26219,0.13849,0.3571,0.24099,0.10321,-0.59678,0.2618,0.09709,0.58218,0.21435,0.018564,0.00056283,0.15869,0.001161,0,0.08874,0,-0.079313,0.0094097,-6.1e-05,0.078046,0.010083,-0.005151,-0.11026,-0.57616,-0.056487,0.12493,-0.56583,-0.092197,-0.079326,-0.99666,0.000962,0.12312,-0.98831,-0.042446
0.0025176,0.63571,-0.1218,-0.0052246,0.45424,0.016272,-0.17638,0.3692,0.041403,0.172,0.3827,0.046567,-0.38408,0.21544,0.11513,0.36902,0.20316,0.082192,-0.60969,0.25089,0.036222,0.59022,0.20799,-0.017728,-0.00092727,0.10844,0.006368,0,0.040171,0,-0.078233,-0.040326,-0.005555,0.08,-0.034322,-0.005286,-0.1143,-0.58855,-0.054137,0.11524,-0.57886,-0.089484,-0.08601,-1.0004,0.014502,0.1188,-0.99392,-0.041276
-0.0067831,0.56885,-0.087237,-0.003798,0.39953,0.027867,-0.17533,0.29891,0.038722,0.16118,0.30979,0.046658,-0.40262,0.16361,0.084364,0.36907,0.14833,0.06459,-0.60762,0.22651,-0.031234,0.56179,0.17384,-0.085226,-0.00083355,0.044197,0.011774,0,-0.025734,0,-0.075783,-0.10176,-0.00826,0.07713,-0.10054,-0.006275,-0.10637,-0.63092,-0.065729,0.097495,-0.62519,-0.10451,-0.097719,-1.0134,0.086623,0.10785,-1.0359,-0.002441
-0.011859,0.5437,-0.079342,-0.012798,0.34467,0.024646,-0.17695,0.24237,0.029292,0.16444,0.25638,0.050098,-0.38909,0.1081,0.033086,0.34584,0.10131,0.049448,-0.59492,0.1619,-0.085862,0.52549,0.11537,-0.1403,-0.0028516,-0.0069186,0.014004,0,-0.075855,0,-0.077172,-0.15422,-0.008642,0.081833,-0.15062,-0.005106,-0.11046,-0.64115,-0.069646,0.0909,-0.63745,-0.11446,-0.10029,-1.0254,0.098487,0.10603,-1.0349,0.001358
-0.016168,0.51317,-0.061374,-0.010292,0.33613,0.022678,-0.17304,0.23587,0.02553,0.16211,0.24361,0.040624,-0.37317,0.081936,0.011552,0.33538,0.081923,0.031441,-0.57475,0.083342,-0.13967,0.49012,0.039696,-0.15783,-0.0022974,-0.018118,0.015946,0,-0.087508,0,-0.075916,-0.16276,-0.00769,0.080113,-0.16193,-0.00566,-0.10828,-0.64446,-0.070285,0.095206,-0.63818,-0.11666,-0.096434,-1.0263,0.096958,0.11218,-1.037,0.012063
-0.016885,0.51383,-0.061818,-0.0089118,0.33943,0.020893,-0.17285,0.2391,0.02488,0.16316,0.25335,0.030315,-0.36535,0.079486,0.008045,0.32781,0.073599,0.02008,-0.53564,0.020464,-0.15978,0.46905,-0.0046179,-0.17664,-0.0017148,-0.015616,0.017634,0,-0.08496,0,-0.075975,-0.16051,-0.006957,0.079688,-0.15939,-0.005761,-0.11318,-0.64275,-0.059951,0.10465,-0.63943,-0.090414,-0.09858,-1.0239,0.094708,0.11293,-1.0365,0.010595
-0.018217,0.58358,-0.055344,-0.0025707,0.40672,0.019889,-0.17049,0.30251,0.019382,0.15866,0.31851,0.023071,-0.33715,0.11641,0.00547,0.30373,0.078876,0.022534,-0.48557,-0.018218,-0.13514,0.42961,-0.04412,-0.16451,-0.00056691,0.042853,0.019063,0,-0.028244,0,-0.075243,-0.1048,-0.003509,0.076117,-0.099601,-0.007714,-0.11773,-0.62273,0.005145,0.11168,-0.62342,-0.030707,-0.09967,-1.0135,0.072112,0.11242,-1.0255,0.004138
-0.016525,0.64861,-0.065105,-0.0041911,0.47605,0.011732,-0.17568,0.38323,0.022052,0.15596,0.38468,0.008785,-0.30917,0.16398,0.010094,0.26793,0.1347,0.030389,-0.42093,-0.02607,-0.091312,0.40012,-0.037048,-0.1097,6.8866e-05,0.11059,0.018348,0,0.038793,0,-0.074501,-0.037496,-0.000587,0.075931,-0.034089,-0.007889,-0.113,-0.61778,0.008997,0.11821,-0.60859,-0.020226,-0.098376,-0.9985,0.014751,0.10031,-0.98974,-0.038504
-0.0068718,0.71634,-0.067642,-0.01432,0.53676,0.006223,-0.17529,0.43436,0.012364,0.15999,0.44746,-0.003308,-0.27119,0.20018,0.016274,0.26743,0.16274,0.044895,-0.37227,-0.024329,-0.039811,0.37329,-0.037191,-0.040534,-0.0014627,0.16881,0.01746,0,0.096191,0,-0.073466,0.018839,0.003232,0.078385,0.022211,-0.009873,-0.10294,-0.56111,-0.022155,0.11275,-0.55979,-0.04259,-0.072276,-0.96399,0.039779,0.087206,-0.97324,0.000261
0.0052969,0.76444,-0.089819,-0.0076817,0.56923,-0.009124,-0.17114,0.47265,-0.002466,0.15738,0.46476,-0.012408,-0.25545,0.20094,0.014582,0.25648,0.18933,0.048373,-0.32491,-0.025337,-0.018418,0.34896,-0.029112,0.023048,-0.00068663,0.20574,0.01314,0,0.13387,0,-0.07512,0.060992,0.005496,0.077326,0.06457,-0.004888,-0.099251,-0.47046,-0.087202,0.09847,-0.4543,-0.098644,-0.043011,-0.87074,0.052742,0.072469,-0.85454,0.048735
0.011114,0.78025,-0.098687,-0.0056177,0.59171,-0.018058,-0.16635,0.48109,-0.009734,0.16352,0.47849,-0.017549,-0.22645,0.21047,0.038764,0.24881,0.20968,0.058307,-0.27875,-0.02125,0.024964,0.33318,-0.01155,0.064384,-0.00055542,0.23257,0.010027,0,0.16043,0,-0.077632,0.087999,0.006556,0.079848,0.082311,-0.005638,-0.088202,-0.34469,-0.14713,0.086613,-0.36661,-0.13246,-0.0067439,-0.71891,0.037258,0.073347,-0.73007,0.083769
0.012513,0.78523,-0.10297,-0.0058178,0.59712,-0.023566,-0.16527,0.49135,-0.012907,0.16515,0.48861,-0.021173,-0.21877,0.21395,0.043832,0.25464,0.22004,0.077615,-0.25769,-0.018021,0.064141,0.33712,0.0084433,0.13428,-0.00067123,0.24448,0.007296,0,0.17388,0,-0.077864,0.10145,0.007372,0.080323,0.098077,-0.003385,-0.067718,-0.29408,-0.21469,0.061014,-0.30724,-0.20504,0.0015844,-0.65555,-0.00516,0.07159,-0.62294,0.070947
0.0079902,0.79851,-0.10281,-0.0075489,0.60094,-0.02242,-0.16717,0.49204,-0.013386,0.16398,0.49184,-0.01978,-0.21653,0.22175,0.051554,0.25196,0.22457,0.089614,-0.25031,-0.0047466,0.10156,0.33606,0.019311,0.16148,-0.0010719,0.25059,0.006261,0,0.18039,0,-0.078583,0.10648,0.008178,0.081528,0.10523,-0.005164,-0.070016,-0.28232,-0.226,0.060742,-0.29774,-0.21137,0.0080476,-0.63028,0.000504,0.071025,-0.58555,0.091319
0.0052428,0.79475,-0.10189,-0.0069334,0.60362,-0.018053,-0.16836,0.49293,-0.008176,0.16365,0.49238,-0.015842,-0.21569,0.22892,0.069818,0.25208,0.22598,0.10755,-0.28131,0.014256,0.13454,0.34355,0.02032,0.17047,-0.00098444,0.25232,0.005514,0,0.18213,0,-0.079257,0.10732,0.008155,0.082196,0.10741,-0.006249,-0.077487,-0.27987,-0.22875,0.057392,-0.29529,-0.21228,0.0013578,-0.60452,0.026884,0.072285,-0.57892,0.093825
0.0034794,0.78751,-0.091821,-0.006604,0.60129,-0.014633,-0.16793,0.49035,0.004414,0.1656,0.49055,-0.007379,-0.22169,0.22937,0.099148,0.25533,0.23236,0.12614,-0.29735,0.01254,0.14705,0.35922,0.031147,0.18502,-0.00098879,0.25147,0.004977,0,0.18133,0,-0.079165,0.10554,0.006463,0.08241,0.10653,-0.006669,-0.0783,-0.28417,-0.22577,0.05575,-0.29707,-0.21027,-0.01064,-0.59396,0.048856,0.088756,-0.59104,0.085333
-0.0020242,0.78093,-0.073021,-0.010065,0.59197,-0.000893,-0.17143,0.47772,0.02139,0.16098,0.47972,0.014337,-0.23127,0.22669,0.11923,0.25815,0.22858,0.14384,-0.35827,0.038969,0.17757,0.39672,0.042743,0.18305,-0.00184,0.23444,0.008541,0,0.16223,0,-0.076378,0.082819,0.000581,0.080548,0.090397,-0.006926,-0.089334,-0.33206,-0.1784,0.09165,-0.32953,-0.17284,-0.036749,-0.67792,0.057353,0.10842,-0.67824,0.063878
-0.0062589,0.76268,-0.051145,-0.011258,0.5614,0.019448,-0.1736,0.45636,0.036621,0.15987,0.46176,0.032227,-0.25383,0.20607,0.14181,0.26392,0.21361,0.15648,-0.42747,0.05072,0.17562,0.43945,0.05587,0.17155,-0.0017772,0.2029,0.013391,0,0.13203,0,-0.076999,0.053899,-0.001961,0.081154,0.059485,-0.009791,-0.093477,-0.45939,-0.13509,0.096327,-0.4227,-0.15333,-0.063524,-0.8371,0.056705,0.092038,-0.80057,0.040221
-0.0077277,0.73502,-0.022709,-0.012106,0.52585,0.036517,-0.1781,0.4227,0.057014,0.15865,0.41527,0.061167,-0.27229,0.18558,0.14747,0.26638,0.19076,0.17076,-0.48077,0.068958,0.14937,0.47174,0.062917,0.13782,-0.0021629,0.14829,0.019772,0,0.076232,0,-0.074196,-0.0008124,-0.007048,0.078117,0.0026521,-0.010021,-0.090309,-0.58627,-0.080894,0.099504,-0.54484,-0.10034,-0.076408,-0.9958,0.018611,0.077898,-0.96095,0.005706
-0.0060997,0.68759,0.00054,-0.019156,0.47239,0.049374,-0.18,0.36384,0.064532,0.15383,0.36227,0.068824,-0.32476,0.12378,0.13489,0.28858,0.1386,0.15726,-0.55722,0.074848,0.11384,0.50768,0.057424,0.10056,-0.0034377,0.10189,0.02487,0,0.030425,0,-0.072248,-0.048451,-0.010658,0.078511,-0.038159,-0.010142,-0.090954,-0.59564,-0.077472,0.10431,-0.59536,-0.092727,-0.067802,-1.0002,0.010514,0.079836,-1.01,-0.009521
-0.016642,0.62723,0.022904,-0.01965,0.4095,0.043562,-0.18205,0.28215,0.053393,0.163,0.29078,0.077066,-0.34705,0.079468,0.10691,0.28965,0.098113,0.12574,-0.57638,0.091915,0.032673,0.51865,0.058085,0.042834,-0.0047282,0.03684,0.02683,0,-0.034205,0,-0.075931,-0.1144,-0.012207,0.082751,-0.108,-0.007461,-0.070987,-0.65945,-0.082456,0.07468,-0.65308,-0.10329,-0.063345,-1.0345,0.0525,0.063707,-1.0275,0.005332
-0.01783,0.55325,0.017631,-0.02094,0.34991,0.036702,-0.18508,0.22088,0.037591,0.15062,0.23609,0.066479,-0.37148,0.035957,0.078645,0.33929,0.040345,0.082428,-0.59132,0.099182,0.001094,0.55935,0.054939,-0.019237,-0.0054946,-0.018019,0.028279,0,-0.088101,0,-0.074955,-0.16551,-0.019375,0.082204,-0.16232,0.00213,-0.078078,-0.65905,-0.096431,0.069626,-0.65513,-0.11932,-0.066748,-1.0365,0.044322,0.047659,-1.0356,0.014004
-0.017382,0.52315,0.01563,-0.018896,0.32563,0.032986,-0.18409,0.20414,0.026927,0.15178,0.21783,0.061008,-0.37773,0.026904,0.066473,0.33886,0.035437,0.075008,-0.58201,0.079746,-0.055971,0.54507,0.027104,-0.080233,-0.0057991,-0.036408,0.029786,0,-0.10542,0,-0.075077,-0.18415,-0.016892,0.081861,-0.17842,0.001162,-0.086721,-0.65567,-0.11444,0.067264,-0.65392,-0.12793,-0.067455,-1.0375,0.036225,0.044145,-1.0361,0.010354
-0.014462,0.52296,0.01836,-0.015991,0.32643,0.03387,-0.18001,0.20712,0.027281,0.15183,0.21738,0.058028,-0.36787,0.033115,0.055085,0.33918,0.03207,0.067333,-0.57059,0.058282,-0.079424,0.51746,-0.018928,-0.094369,-0.0054081,-0.037208,0.031709,0,-0.10619,0,-0.075171,-0.18365,-0.015203,0.081282,-0.17884,0.00018,-0.090846,-0.65353,-0.11587,0.068657,-0.65395,-0.12885,-0.070636,-1.0379,0.032182,0.043226,-1.0382,0.01238
-0.012859,0.55701,0.012089,-0.014211,0.37138,0.05097,-0.17385,0.25079,0.031878,0.15827,0.26572,0.057037,-0.33951,0.074117,0.033103,0.33236,0.04298,0.053717,-0.52805,0.013325,-0.1112,0.49977,-0.042039,-0.105,-0.0045119,0.0019944,0.036327,0,-0.066505,0,-0.074715,-0.14298,-0.015438,0.079852,-0.13766,-0.005351,-0.10396,-0.63649,-0.086718,0.08975,-0.60963,-0.10623,-0.083526,-1.0208,0.012773,0.045659,-1.0249,-0.002105
-0.0033549,0.62554,0.024097,-0.015354,0.43812,0.057443,-0.17073,0.31904,0.041993,0.1556,0.32282,0.056422,-0.31321,0.12651,0.054806,0.30736,0.090879,0.052495,-0.47448,-0.0060452,-0.07174,0.46303,-0.0709,-0.089976,-0.0039328,0.058578,0.03932,0,-0.011166,0,-0.072714,-0.085039,-0.015784,0.077678,-0.082539,-0.007027,-0.10878,-0.62962,-0.05388,0.089061,-0.6433,-0.043692,-0.087434,-1.0174,-0.004405,0.048559,-1.0194,-0.021005
-0.0022239,0.68874,0.005698,-0.012643,0.50342,0.046324,-0.17878,0.3862,0.042427,0.14753,0.38777,0.030337,-0.31212,0.14828,0.041498,0.26834,0.1436,0.037777,-0.4517,-0.015551,-0.072211,0.41834,-0.076638,-0.033684,-0.00082212,0.11735,0.039167,0,0.045412,0,-0.07095,-0.028152,-0.006313,0.074973,-0.026749,-0.012598,-0.10779,-0.62452,-0.062215,0.080154,-0.62202,-0.032251,-0.083029,-1.0096,-0.040847,0.046364,-1.0103,-0.057043
7.698e-05,0.75441,0.007297,-0.0084911,0.54924,0.025804,-0.17738,0.43203,0.028274,0.15224,0.43773,0.003387,-0.28972,0.17477,0.024799,0.27173,0.14631,0.028609,-0.40474,-0.041903,-0.048803,0.37206,-0.068996,0.00973,0.0012547,0.16885,0.036248,0,0.095896,0,-0.073248,0.025029,0.000343,0.07611,0.016695,-0.013592,-0.092216,-0.53907,-0.093859,0.080322,-0.58813,-0.048473,-0.054279,-0.9315,-0.035419,0.043551,-0.98439,-0.043384
0.00027488,0.77159,-0.024327,-0.012095,0.56574,9e-05,-0.17847,0.44321,-0.000711,0.15203,0.44996,-0.02073,-0.2717,0.18264,0.007831,0.25311,0.17739,0.05082,-0.35625,-0.039351,-0.011264,0.35107,-0.035346,0.077818,-0.00029188,0.20084,0.028065,0,0.13046,0,-0.075344,0.053266,0.003114,0.080172,0.060247,-0.006119,-0.069211,-0.45557,-0.13655,0.078019,-0.461,-0.12141,-0.045873,-0.82283,0.002878,0.036428,-0.87225,-0.004014
0.0040253,0.78517,-0.043193,-0.01505,0.57919,-0.013281,-0.18061,0.44907,-0.014243,0.15435,0.45865,-0.024455,-0.24027,0.19074,0.015808,0.2471,0.18378,0.055554,-0.30915,-0.036024,0.020124,0.33568,-0.031149,0.091752,-0.0017018,0.21969,0.02405,0,0.14733,0,-0.076349,0.072684,0.006502,0.081663,0.072068,-0.005703,-0.10392,-0.314,-0.22976,0.080603,-0.35285,-0.15858,-0.041432,-0.68154,-0.026462,0.044151,-0.71347,0.002861
0.001334,0.78533,-0.051027,-0.016168,0.58064,-0.019633,-0.18093,0.45451,-0.014759,0.15374,0.46547,-0.023508,-0.23544,0.18976,0.021299,0.24242,0.19082,0.069125,-0.29544,-0.026194,0.087198,0.33354,-0.014863,0.13261,-0.0020736,0.22478,0.019964,0,0.15303,0,-0.076475,0.077588,0.006262,0.08209,0.078992,-0.003201,-0.074458,-0.3047,-0.23885,0.051699,-0.32314,-0.20954,-0.02679,-0.63238,0.021397,0.04942,-0.65534,0.049455
-0.0027632,0.78944,-0.054674,-0.016316,0.58243,-0.024253,-0.1798,0.46042,-0.012835,0.15285,0.47295,-0.014738,-0.23004,0.207,0.06587,0.23666,0.20833,0.075828,-0.29746,-0.017862,0.089898,0.33487,0.0073495,0.14301,-0.0025768,0.22891,0.016826,0,0.15741,0,-0.076616,0.081166,0.005573,0.08217,0.085049,-0.001063,-0.077789,-0.29827,-0.24397,0.051702,-0.31373,-0.21396,-0.042537,-0.6114,0.033815,0.059416,-0.6078,0.08417
-0.0063381,0.78469,-0.049986,-0.010578,0.58334,-0.00536,-0.17835,0.46131,-0.005424,0.15694,0.47278,0.00259,-0.23219,0.21053,0.069784,0.2423,0.21762,0.087817,-0.31423,-0.00085516,0.12791,0.35778,0.02063,0.14064,-0.0026286,0.22818,0.017213,0,0.15764,0,-0.07692,0.081108,0.004629,0.081646,0.085039,-0.002904,-0.062225,-0.30686,-0.2299,0.06664,-0.32184,-0.20036,-0.040303,-0.61958,0.04971,0.061817,-0.62739,0.08716
-0.0039136,0.78006,-0.032306,-0.0097778,0.57807,-0.00179,-0.1742,0.45909,0.004569,0.16073,0.46371,0.02277,-0.23744,0.20778,0.089604,0.25697,0.21416,0.10781,-0.35506,0.015289,0.15135,0.41263,0.035032,0.15656,-0.003014,0.22298,0.017154,0,0.15282,0,-0.076944,0.07723,0.003003,0.081081,0.079384,-0.003577,-0.069677,-0.33358,-0.1858,0.10194,-0.34557,-0.16689,-0.060378,-0.6747,0.062434,0.092619,-0.67905,0.090594
-0.0037034,0.77372,-0.024787,-0.010971,0.56843,0.010858,-0.17479,0.4412,0.019219,0.1663,0.44188,0.048217,-0.25357,0.18978,0.11136,0.27061,0.193,0.14516,-0.42313,0.037587,0.16595,0.45143,0.040453,0.15514,-0.0038885,0.20333,0.020143,0,0.13053,0,-0.07809,0.051147,-0.003474,0.082442,0.054886,-0.004734,-0.078002,-0.43853,-0.13847,0.098362,-0.44628,-0.12753,-0.03912,-0.80747,0.067903,0.074881,-0.82465,0.065327
-0.0018308,0.72694,0.000729,-0.006543,0.53165,0.044585,-0.18083,0.41227,0.039004,0.16205,0.41553,0.06087,-0.29157,0.15625,0.12963,0.26347,0.18088,0.15343,-0.50168,0.041966,0.13761,0.46356,0.049991,0.13792,-0.0027668,0.16451,0.027894,0,0.09439,0,-0.073162,-0.0011889,-0.015419,0.076972,0.036537,-0.004604,-0.084441,-0.55426,-0.077256,0.098171,-0.56527,-0.072394,-0.068829,-0.95043,0.082499,0.082994,-0.96917,0.069918
-0.0098892,0.70662,0.007377,-0.022474,0.48731,0.050761,-0.18069,0.35608,0.051363,0.15874,0.3633,0.07247,-0.31039,0.12904,0.12034,0.26099,0.15144,0.15722,-0.54406,0.045179,0.10339,0.48907,0.032765,0.09065,-0.0053452,0.11369,0.032118,0,0.043977,0,-0.072616,-0.042562,-0.021327,0.079645,-0.017946,-0.000654,-0.086303,-0.61672,-0.063507,0.10791,-0.51027,-0.070326,-0.064831,-1.0003,0.095372,0.075708,-0.92485,0.040984
-0.0036037,0.62914,0.020416,-0.019841,0.41448,0.04429,-0.18138,0.28927,0.033867,0.16268,0.29211,0.07153,-0.32788,0.077628,0.083514,0.29213,0.070932,0.12942,-0.55609,0.025513,0.029153,0.49918,-0.0010285,0.024387,-0.0063783,0.050637,0.033063,0,-0.017439,0,-0.076648,-0.1056,-0.018593,0.083713,-0.083086,-0.001852,-0.085361,-0.62497,-0.07831,0.083213,-0.63544,-0.083945,-0.07057,-1.0106,0.10288,0.055524,-1.0192,0.085494
-0.0169,0.56007,0.014648,-0.018312,0.35296,0.024739,-0.18209,0.22137,0.027367,0.15436,0.23631,0.065978,-0.33193,0.03083,0.051422,0.30321,0.022966,0.089991,-0.56123,-0.0067414,-0.011597,0.50411,-0.050887,-0.03788,-0.0063059,-0.013766,0.030844,0,-0.083891,0,-0.074783,-0.16123,-0.015436,0.081151,-0.15846,0.002272,-0.086991,-0.63096,-0.087154,0.074735,-0.6406,-0.097859,-0.081781,-1.0109,0.1049,0.052297,-1.0214,0.078257
-0.017903,0.5251,0.002305,-0.013238,0.32025,0.027791,-0.18062,0.20013,0.02117,0.15536,0.22361,0.058165,-0.3333,0.0095732,0.024635,0.32152,-0.018495,0.054741,-0.56533,-0.05545,-0.092939,0.50039,-0.11111,-0.084506,-0.0054859,-0.037541,0.032413,0,-0.10572,0,-0.07547,-0.18268,-0.017658,0.080266,-0.18116,0.004202,-0.079709,-0.63632,-0.092428,0.074717,-0.64354,-0.10598,-0.078057,-1.0164,0.099653,0.052141,-1.0269,0.078181
-0.017406,0.52215,-0.001433,-0.012363,0.31803,0.024479,-0.17901,0.20011,0.01854,0.15671,0.22009,0.054859,-0.33168,0.01479,0.010866,0.32128,-0.018307,0.051058,-0.52956,-0.077761,-0.095788,0.48596,-0.14153,-0.09393,-0.005312,-0.039903,0.032375,0,-0.1083,0,-0.075842,-0.18573,-0.016294,0.080168,-0.18304,0.004073,-0.079118,-0.63697,-0.095151,0.077181,-0.6442,-0.10682,-0.07674,-1.0193,0.093102,0.053161,-1.0274,0.07444
-0.015565,0.53134,-0.005904,-0.011714,0.3355,0.016849,-0.16807,0.24553,0.020614,0.15711,0.23979,0.045452,-0.32907,0.045078,-0.008809,0.31075,-0.0061017,0.045436,-0.50998,-0.095473,-0.1318,0.47308,-0.14762,-0.09639,-0.0044186,-0.023576,0.031154,0,-0.092427,0,-0.074158,-0.16578,-0.01425,0.078552,-0.16523,0.005491,-0.093245,-0.63789,-0.07268,0.096163,-0.63747,-0.070325,-0.10235,-1.0087,0.089509,0.055139,-1.0253,0.070502
-0.0050191,0.60491,-0.009472,-0.0061632,0.41467,0.03044,-0.17004,0.30112,0.009975,0.16361,0.3094,0.045228,-0.31717,0.085056,-0.008601,0.29522,0.050492,0.058353,-0.49239,-0.099959,-0.1144,0.42742,-0.12672,-0.052871,-0.0043518,0.046339,0.034631,0,-0.023425,0,-0.074482,-0.098661,-0.015079,0.076596,-0.098422,0.00014,-0.10858,-0.6278,-0.021836,0.10288,-0.62825,-0.035117,-0.10346,-1.0045,0.080758,0.056965,-1.0223,0.063897
-0.0052694,0.67678,-0.016083,-0.0064778,0.48351,0.027052,-0.17683,0.36931,0.014248,0.16042,0.38724,0.028087,-0.30236,0.11852,0.007596,0.27789,0.12504,0.06789,-0.43378,-0.067631,-0.072961,0.39744,-0.084735,-0.022668,-0.0022796,0.11148,0.035001,0,0.040704,0,-0.074596,-0.036803,-0.010552,0.076813,-0.033314,-0.003195,-0.10101,-0.61587,-0.003191,0.10624,-0.61317,0.004393,-0.093715,-0.99305,0.057916,0.068763,-1.0067,0.039824
0.0077985,0.74349,-0.021797,-0.00053077,0.55611,0.011226,-0.17345,0.4318,-0.003679,0.16085,0.44185,0.017402,-0.27408,0.18098,0.014298,0.27234,0.1524,0.065829,-0.38173,-0.034268,-0.049362,0.39805,-0.047675,0.02721,-0.0020745,0.17508,0.031518,0,0.10095,0,-0.074713,0.023973,-0.00785,0.074888,0.027463,-0.0002,-0.084958,-0.57665,-0.031616,0.10451,-0.57656,-0.008985,-0.062591,-0.98331,0.038796,0.05448,-0.98521,0.048624
-0.00040596,0.78324,-0.042319,-0.0027175,0.58116,-0.005513,-0.17308,0.45623,-0.021963,0.15551,0.47974,-0.009323,-0.27005,0.18495,0.007786,0.26629,0.2096,0.06668,-0.36679,-0.03216,-0.004107,0.38596,-0.0030874,0.061178,-0.0016608,0.2143,0.025644,0,0.14223,0,-0.075593,0.068271,-0.002344,0.076768,0.072941,0.001856,-0.084794,-0.46327,-0.11857,0.099641,-0.42853,-0.093954,-0.02952,-0.84592,0.062457,0.045607,-0.81448,0.08118
0.0097818,0.79996,-0.046724,-0.0059404,0.59612,-0.011016,-0.17158,0.47083,-0.02275,0.15616,0.48218,-0.014956,-0.25655,0.20628,0.012813,0.26896,0.21996,0.071431,-0.34697,-0.010796,0.034481,0.39239,0.0019379,0.064986,-0.0017247,0.23168,0.022403,0,0.15892,0,-0.075551,0.083172,-0.003813,0.077805,0.087461,0.003272,-0.079539,-0.33295,-0.17997,0.099312,-0.33865,-0.14297,-0.02072,-0.70019,0.026449,0.046965,-0.68159,0.099382
0.010638,0.80203,-0.056017,-0.0061861,0.60519,-0.01825,-0.17196,0.48417,-0.018741,0.16099,0.48903,-0.013462,-0.25024,0.23451,0.042523,0.26629,0.24212,0.098423,-0.34835,0.021572,0.068669,0.40363,0.048421,0.096675,-0.001474,0.24727,0.018274,0,0.17578,0,-0.076832,0.099599,-0.001526,0.079468,0.10045,0.0031,-0.068167,-0.29834,-0.21766,0.098467,-0.3167,-0.16901,-0.013775,-0.64242,0.022785,0.064716,-0.61657,0.12328
0.0082168,0.81385,-0.060013,-0.0097165,0.61315,-0.018749,-0.17382,0.4916,-0.015028,0.16061,0.49524,-0.009118,-0.25347,0.24475,0.063118,0.26348,0.24807,0.10182,-0.36536,0.039722,0.094302,0.41363,0.064848,0.10876,-0.0020128,0.25489,0.01596,0,0.18306,0,-0.076982,0.10614,-0.001712,0.080818,0.10894,0.003745,-0.068225,-0.28983,-0.22143,0.088094,-0.30535,-0.17631,-0.023635,-0.54374,0.1074,0.058829,-0.56284,0.15154
0.0075111,0.8138,-0.054632,-0.012853,0.61567,-0.013298,-0.17467,0.49548,-0.007221,0.16112,0.49983,0.005917,-0.26417,0.24794,0.083468,0.26218,0.25103,0.11046,-0.41719,0.080709,0.14208,0.42794,0.081301,0.11282,-0.0028232,0.25669,0.014618,0,0.18558,0,-0.076829,0.10859,-0.002891,0.081792,0.11223,0.002656,-0.068332,-0.28936,-0.21855,0.087848,-0.30363,-0.17321,-0.065597,-0.56971,0.092661,0.12542,-0.59874,-0.32732
0.0083046,0.8124,-0.044123,-0.012963,0.61767,0.005762,-0.17614,0.49789,0.014617,0.16502,0.5011,0.023793,-0.28556,0.24614,0.1202,0.26334,0.25461,0.12281,-0.48518,0.10582,0.159,0.45641,0.1167,0.094162,-0.0021001,0.25843,0.018919,0,0.1894,0,-0.07714,0.112,-0.008687,0.080917,0.11609,-0.004213,-0.066387,-0.29759,-0.19922,0.093271,-0.30641,-0.16117,-0.069046,-0.61044,0.082019,0.12084,-0.61977,-0.26446
0.0026253,0.80908,-0.024882,-0.012529,0.61378,0.020493,-0.17894,0.49561,0.028639,0.1617,0.49905,0.037346,-0.29411,0.25234,0.12858,0.26306,0.25645,0.13334,-0.52226,0.14667,0.15619,0.4684,0.12865,0.094907,-0.0026381,0.25228,0.023857,0,0.18144,0,-0.07573,0.10315,-0.012313,0.079997,0.10688,-0.005272,-0.083219,-0.36952,-0.14161,0.098325,-0.38002,-0.11661,-0.093208,-0.71487,0.10238,0.097139,-0.70239,0.15463
-0.0022562,0.79408,0.00876,-0.014481,0.59548,0.042164,-0.18246,0.46563,0.053753,0.16519,0.4726,0.061196,-0.31196,0.24442,0.12532,0.29286,0.23562,0.14572,-0.55825,0.15608,0.10564,0.49625,0.13418,0.05818,-0.002952,0.22039,0.029366,0,0.14791,0,-0.076619,0.06724,-0.016909,0.081977,0.068961,-0.006104,-0.090277,-0.49053,-0.078433,0.1071,-0.49874,-0.046897,-0.10113,-0.86444,0.12452,0.094376,-0.87345,0.15464
-0.0053631,0.76362,0.02093,-0.015494,0.55898,0.062473,-0.18508,0.42711,0.053088,0.16441,0.42217,0.069644,-0.32934,0.21799,0.080981,0.30016,0.20943,0.13446,-0.58879,0.16611,0.04098,0.50848,0.12606,0.002971,-0.0038383,0.16636,0.034011,0,0.093693,0,-0.077081,0.012922,-0.019857,0.082232,0.018995,-0.006261,-0.097913,-0.59097,-0.028395,0.10527,-0.58483,-0.018122,-0.098824,-0.9897,0.10989,0.082757,-0.97237,0.12197
-0.001904,0.70706,0.034747,-0.015936,0.44203,0.052015,-0.17553,0.37245,0.048977,0.16411,0.3819,0.074962,-0.33621,0.17894,0.066083,0.31865,0.14976,0.10256,-0.56877,0.13816,-0.030718,0.50721,0.080359,-0.037697,-0.0047026,0.1061,0.034096,0,0.045343,0,-0.070922,-0.027442,-0.01683,0.076509,-0.02951,-0.008226,-0.095896,-0.62974,-0.03057,0.10871,-0.6268,-0.015315,-0.096871,-0.99473,0.10672,0.088332,-0.99161,0.052753
-0.0023843,0.6442,0.045912,-0.015695,0.44136,0.052842,-0.173,0.29791,0.041171,0.16034,0.30703,0.058768,-0.33874,0.12169,0.019687,0.31512,0.098866,0.070756,-0.57397,0.080582,-0.12241,0.48597,0.0067441,-0.079641,-0.0035849,0.050056,0.038218,0,-0.022761,0,-0.073196,-0.097956,-0.020028,0.077261,-0.096329,-0.00477,-0.09174,-0.63642,-0.045346,0.092219,-0.64159,-0.052931,-0.097869,-1.0167,0.13023,0.081217,-1.0063,0.066775
-0.013643,0.57373,0.033763,-0.01516,0.37096,0.030483,-0.173,0.24082,0.032326,0.15897,0.24764,0.046927,-0.34311,0.077992,-0.025774,0.32449,0.041834,0.032463,-0.54782,0.013323,-0.15471,0.48114,-0.053153,-0.13211,-0.0038562,-0.0053556,0.034094,0,-0.076862,0,-0.073495,-0.15315,-0.01332,0.078542,-0.14968,-0.0012,-0.091265,-0.64454,-0.059953,0.08099,-0.63934,-0.090128,-0.10896,-1.0244,0.13296,0.081522,-1.0128,0.064591
-0.01804,0.55178,0.015495,-0.016788,0.3581,0.027972,-0.17208,0.22859,0.022958,0.15754,0.23705,0.042629,-0.35942,0.040792,-0.050225,0.3171,0.025417,0.028398,-0.53483,-0.044273,-0.19933,0.46926,-0.10196,-0.14854,-0.0046315,-0.015658,0.034627,0,-0.086788,0,-0.072953,-0.16178,-0.013823,0.07851,-0.15938,6.9e-05,-0.089197,-0.64642,-0.061652,0.082708,-0.6393,-0.094221,-0.10683,-1.0279,0.12853,0.08404,-1.0132,0.06363
-0.01837,0.55227,0.01567,-0.015152,0.35774,0.024507,-0.17085,0.2313,0.019678,0.15524,0.23944,0.028047,-0.32784,0.056669,-0.057944,0.30486,0.019877,0.019043,-0.49484,-0.064276,-0.18923,0.44983,-0.10303,-0.13676,-0.0034609,-0.015408,0.034905,0,-0.086764,0,-0.072946,-0.16175,-0.013688,0.07836,-0.15919,0.000204,-0.097572,-0.64947,-0.052961,0.08558,-0.63907,-0.088997,-0.10607,-1.0342,0.13217,0.082577,-1.0147,0.066153
-0.020343,0.61271,0.026188,-0.014597,0.41792,0.033808,-0.16721,0.29444,0.009001,0.15753,0.30361,0.032883,-0.31825,0.079666,-0.044563,0.30257,0.049551,0.031928,-0.47294,-0.069197,-0.15961,0.44524,-0.10412,-0.1135,-0.0048564,0.040173,0.037323,0,-0.030969,0,-0.072284,-0.10571,-0.014892,0.077032,-0.10225,-0.000377,-0.1114,-0.64068,0.014374,0.10831,-0.62467,-0.003272,-0.11477,-1.0188,0.13823,0.086293,-0.99913,0.085304
-0.016343,0.67701,0.024229,-0.014728,0.42558,0.043485,-0.17419,0.36499,0.012711,0.15299,0.38254,0.031608,-0.30798,0.13136,-0.021648,0.30063,0.12364,0.041403,-0.41621,-0.061845,-0.12102,0.42038,-0.070919,-0.054405,-0.0042209,0.095181,0.039504,0,0.033088,0,-0.069177,-0.043206,-0.01361,0.07449,-0.036987,-0.005413,-0.11364,-0.62388,0.056541,0.11776,-0.60079,0.057841,-0.098791,-1.0085,0.12951,0.092527,-0.9851,0.085592
-0.015042,0.74771,0.022556,-0.011956,0.49747,0.038724,-0.17957,0.41903,0.012784,0.15518,0.43827,0.028343,-0.27797,0.16517,0.008089,0.30166,0.15979,0.05622,-0.39007,-0.044094,-0.093073,0.42427,-0.035342,-0.015075,-0.0034376,0.15367,0.04075,0,0.090615,0,-0.071638,0.014057,-0.010972,0.076035,0.017547,-0.0081,-0.10197,-0.5853,0.049087,0.11895,-0.58003,0.059816,-0.063062,-0.99364,0.10372,0.08112,-0.98501,0.10616
-0.017924,0.80425,0.015255,-0.0085514,0.61126,0.037193,-0.17441,0.47891,0.009275,0.1506,0.49557,0.014381,-0.26065,0.18842,0.028677,0.29615,0.21798,0.060739,-0.34902,-0.029196,-0.021175,0.42892,0.02079,0.049271,-0.0018122,0.22145,0.041734,0,0.14849,0,-0.073831,0.073306,-0.004444,0.076524,0.077914,-0.011406,-0.083012,-0.50105,-0.032728,0.10705,-0.51305,0.011391,-0.022685,-0.88869,0.13842,0.072015,-0.91175,0.16588
-0.011788,0.83832,-0.002422,-0.0089179,0.631,0.026907,-0.17468,0.49345,0.009443,0.16037,0.51378,0.010103,-0.243,0.23208,0.046277,0.29829,0.23749,0.074417,-0.31981,0.0071299,0.028268,0.43027,0.039774,0.065287,-0.001384,0.26902,0.039475,0,0.20068,0,-0.076728,0.11785,4e-05,0.08009,0.12721,-0.01253,-0.080466,-0.36837,-0.10628,0.11099,-0.38108,-0.044746,-0.013877,-0.72104,0.12066,0.060703,-0.74757,0.16576
-0.009151,0.85661,-0.01682,-0.015333,0.64963,0.007122,-0.17713,0.51014,0.002529,0.16185,0.52365,0.011689,-0.2408,0.23774,0.056807,0.29439,0.26835,0.095008,-0.32718,0.01716,0.06428,0.43678,0.079165,0.10365,-0.0030062,0.27863,0.03628,0,0.20739,0,-0.076488,0.12776,-0.001666,0.080986,0.13292,-0.009207,-0.056961,-0.29385,-0.16162,0.11089,-0.30743,-0.092258,-0.02047,-0.61424,0.1104,0.081885,-0.61092,0.19775
-0.012331,0.86341,-0.018241,-0.016522,0.65283,0.00131,-0.17652,0.52556,0.003348,0.16167,0.52905,0.015583,-0.24027,0.26837,0.081927,0.28125,0.29047,0.10656,-0.34345,0.058333,0.11104,0.43397,0.10937,0.11395,-0.0037281,0.28784,0.032599,0,0.21673,0,-0.07646,0.13808,-0.000712,0.081699,0.1416,-0.006433,-0.055981,-0.27717,-0.17741,0.10483,-0.29452,-0.11379,-0.021814,-0.57198,0.1202,0.086201,-0.56059,0.20903
-0.013737,0.86334,-0.024425,-0.019587,0.65735,-0.005908,-0.17769,0.53327,0.002569,0.15753,0.53408,0.016216,-0.24562,0.28503,0.099153,0.2738,0.29548,0.10864,-0.37472,0.10034,0.16201,0.44434,0.13072,0.11333,-0.0042353,0.29295,0.02863,0,0.22095,0,-0.075565,0.14317,-0.000405,0.082108,0.14725,-0.004892,-0.064372,-0.26729,-0.18939,0.097473,-0.28703,-0.12145,-0.023671,-0.55607,0.11285,0.08357,-0.55373,0.20108
-0.021397,0.85625,-0.034475,-0.02459,0.65678,-0.004083,-0.18048,0.53513,0.004665,0.15276,0.53735,0.017645,-0.26998,0.28784,0.12381,0.26889,0.30043,0.11549,-0.41945,0.1157,0.17839,0.45062,0.14776,0.11721,-0.0051645,0.29413,0.026648,0,0.22262,0,-0.074066,0.14449,-0.000204,0.082815,0.15081,-0.004994,-0.061014,-0.26731,-0.18565,0.10016,-0.28352,-0.12056,-0.030192,-0.57168,0.10328,0.07836,-0.58788,0.16914
-0.021861,0.85194,-0.027655,-0.025262,0.64946,1e-05,-0.18269,0.53221,0.014545,0.14926,0.53457,0.018749,-0.27807,0.28966,0.13588,0.26897,0.30299,0.12646,-0.46997,0.16268,0.1829,0.4695,0.17522,0.11889,-0.0045467,0.28766,0.0254,0,0.21654,0,-0.073522,0.13721,0.000272,0.082477,0.14552,-0.005861,-0.061288,-0.29696,-0.16887,0.11537,-0.29346,-0.11429,-0.044534,-0.63037,0.090275,0.077827,-0.61234,0.15916
-0.025592,0.84085,-0.014727,-0.030136,0.64293,0.009332,-0.19309,0.5128,0.021674,0.14663,0.52748,0.029907,-0.3107,0.28466,0.13106,0.27799,0.29505,0.12658,-0.52495,0.16223,0.13881,0.48292,0.17928,0.079122,-0.006021,0.26895,0.02671,0,0.19505,0,-0.071909,0.11059,-0.001661,0.083488,0.12277,-0.007294,-0.070276,-0.40088,-0.12229,0.1185,-0.39697,-0.068275,-0.079645,-0.76829,0.092031,0.098955,-0.75144,0.1642
-0.032343,0.81318,-0.008897,-0.035655,0.60527,0.014918,-0.20052,0.47445,0.020386,0.14005,0.49025,0.020832,-0.32426,0.26486,0.12205,0.28752,0.27703,0.13494,-0.55548,0.15457,0.10275,0.4901,0.16918,0.059289,-0.0060075,0.2219,0.027018,0,0.14795,0,-0.070815,0.065435,-0.003208,0.083065,0.080805,-0.00473,-0.07212,-0.5278,-0.063831,0.11543,-0.49999,-0.032431,-0.084522,-0.92869,0.060949,0.10145,-0.88359,0.10833
-0.031604,0.76876,0.003256,-0.032653,0.50093,0.005055,-0.19937,0.42299,0.018641,0.14537,0.43155,0.033748,-0.33067,0.2207,0.093167,0.30201,0.22255,0.11372,-0.55583,0.1094,0.046535,0.50331,0.12809,0.01617,-0.006569,0.16172,0.024607,0,0.095415,0,-0.068639,0.01057,-0.006934,0.081089,0.025646,-4e-06,-0.081506,-0.58544,-0.047844,0.1199,-0.57746,-0.014845,-0.0828,-0.98746,0.032462,0.10388,-0.97589,0.067702
-0.029619,0.71007,-0.009718,-0.033023,0.5003,0.010845,-0.19809,0.37039,0.010359,0.14456,0.38079,0.021637,-0.32576,0.17047,0.052066,0.30086,0.16239,0.10086,-0.54224,0.046518,-0.022717,0.48965,0.060065,-0.014533,-0.0070188,0.12085,0.025412,0,0.042315,0,-0.069272,-0.040363,-0.009533,0.08215,-0.028989,0.002332,-0.080854,-0.61075,-0.045273,0.12394,-0.59635,-0.015669,-0.072399,-0.99931,0.047708,0.099687,-0.98395,0.039803
-0.034644,0.64229,-0.003494,-0.035685,0.42856,0.003233,-0.19224,0.29253,-0.006235,0.13967,0.30473,0.022373,-0.32154,0.097291,0.009329,0.29692,0.099608,0.074886,-0.50035,-0.058267,-0.02331,0.46463,-0.019772,-0.057316,-0.0080754,0.048928,0.023007,0,-0.025709,0,-0.069816,-0.10647,-0.011951,0.0816,-0.094959,0.006544,-0.077468,-0.62927,-0.05361,0.11575,-0.62777,-0.06044,-0.062538,-1.0279,0.10445,0.085381,-1.003,0.050318
-0.030266,0.56653,-0.007299,-0.043704,0.35958,-3.4e-05,-0.19394,0.22903,-0.01567,0.1388,0.24366,0.030852,-0.3263,0.020482,-0.017942,0.29647,0.033135,0.049008,-0.49509,-0.13819,-0.10094,0.45801,-0.093117,-0.087029,-0.010566,-0.0084334,0.021112,0,-0.080794,0,-0.069135,-0.16072,-0.01299,0.084081,-0.15147,0.008507,-0.073429,-0.66659,-0.067886,0.090862,-0.63207,-0.091939,-0.065534,-1.0476,0.12477,0.07748,-1.0179,0.066025
-0.038099,0.53306,-0.023812,-0.04144,0.34282,0.001632,-0.19254,0.21701,-0.01829,0.13842,0.2251,0.01994,-0.32009,-0.015502,-0.029979,0.29585,0.0048041,0.041549,-0.48251,-0.19819,-0.12659,0.4567,-0.16931,-0.10958,-0.0095842,-0.020702,0.020499,0,-0.092311,0,-0.069056,-0.1711,-0.013864,0.08334,-0.1636,0.008818,-0.073031,-0.66507,-0.070733,0.090463,-0.6436,-0.093211,-0.067077,-1.0446,0.12468,0.07843,-1.0174,0.065733
-0.039109,0.53521,-0.011859,-0.041458,0.34348,0.012222,-0.19431,0.21832,-0.012039,0.13817,0.233,0.026161,-0.31296,-0.010169,-0.029503,0.2846,0.018878,0.05635,-0.4679,-0.21096,-0.11018,0.42337,-0.18271,-0.085881,-0.0094364,-0.018302,0.023187,0,-0.088577,0,-0.069886,-0.16803,-0.013849,0.084166,-0.1589,0.002968,-0.080315,-0.65173,-0.064274,0.096594,-0.63566,-0.077415,-0.079302,-1.0345,0.12481,0.077389,-1.0174,0.078834
-0.049338,0.60246,0.011421,-0.037682,0.4085,0.020001,-0.19702,0.27672,0.003764,0.13211,0.29784,0.033377,-0.295,0.027132,0.009656,0.27648,0.025798,0.074892,-0.41955,-0.18624,-0.04764,0.39441,-0.17395,-0.027566,-0.0083278,0.03416,0.024812,0,-0.03835,0,-0.070034,-0.11809,-0.010081,0.082494,-0.10637,-0.000877,-0.086144,-0.64026,-0.013732,0.11691,-0.6292,-0.00053,-0.090331,-1.0069,0.1265,0.092483,-1.0064,0.090066
-0.041712,0.6793,0.011052,-0.032343,0.48483,0.01782,-0.1952,0.35079,0.007314,0.13673,0.36977,0.025006,-0.27912,0.081577,0.05205,0.25502,0.099937,0.069784,-0.38714,-0.13975,-0.004141,0.37612,-0.11174,0.02769,-0.0066161,0.10156,0.025185,0,0.027025,0,-0.069901,-0.05303,-0.007812,0.080427,-0.041919,-0.002267,-0.086561,-0.62531,0.031788,0.12525,-0.62153,0.036308,-0.075433,-1.0034,0.11668,0.093868,-0.99701,0.088976
-0.03813,0.73787,0.008007,-0.031421,0.54155,0.006306,-0.19041,0.40282,0.007173,0.13981,0.42536,0.008261,-0.26736,0.11465,0.062063,0.26029,0.14167,0.074929,-0.35979,-0.10421,0.059955,0.38311,-0.061983,0.063948,-0.0052474,0.15387,0.022784,0,0.077567,0,-0.069016,-0.0015772,-0.000821,0.079077,0.0081506,-0.005408,-0.082192,-0.60407,0.035501,0.11866,-0.59277,0.035669,-0.025458,-1.0048,0.095069,0.073758,-0.99901,0.09581
-0.028533,0.79231,-0.001553,-0.030178,0.58955,-0.010962,-0.1898,0.44301,0.000773,0.13974,0.46384,-0.012269,-0.25758,0.17819,0.068494,0.26066,0.21053,0.079306,-0.35552,-0.037956,0.071657,0.37915,0.0044469,0.07441,-0.0041484,0.20942,0.017685,0,0.13345,0,-0.072048,0.054352,0.004098,0.081874,0.064043,-0.00481,-0.070432,-0.47964,-0.059535,0.10747,-0.46896,-0.047365,-0.022463,-0.86318,0.12405,0.07013,-0.84996,0.14291
-0.022341,0.81731,-0.042229,-0.022339,0.60117,-0.018097,-0.18363,0.46839,-0.007454,0.14177,0.47634,-0.01486,-0.25885,0.21723,0.067805,0.26741,0.21901,0.079144,-0.35595,0.0045722,0.098642,0.41567,0.033029,0.061635,-0.0031575,0.22725,0.014339,0,0.15299,0,-0.073472,0.076902,0.005709,0.080348,0.083723,-0.003888,-0.059385,-0.35089,-0.13595,0.10815,-0.35029,-0.11988,-0.017453,-0.70253,0.098671,0.044844,-0.6929,0.12235
-0.02225,0.82356,-0.047809,-0.022704,0.60954,-0.029278,-0.18759,0.4863,-0.007522,0.14023,0.48529,-0.016447,-0.26051,0.24312,0.071114,0.27507,0.23588,0.080946,-0.37513,0.03872,0.098934,0.43242,0.057607,0.060353,-0.003312,0.24822,0.010182,0,0.17653,0,-0.073627,0.098228,0.008518,0.080847,0.10559,-0.001913,-0.060487,-0.30109,-0.20459,0.10809,-0.31609,-0.16016,-0.022024,-0.607,0.082901,0.042936,-0.60026,0.14301
-0.025525,0.83312,-0.068063,-0.017734,0.6124,-0.04209,-0.18505,0.48798,-0.00446,0.14332,0.49309,-0.024906,-0.26139,0.24825,0.082193,0.28051,0.25082,0.078408,-0.42862,0.093745,0.13806,0.4651,0.10141,0.05101,-0.0021338,0.25642,0.006982,0,0.18464,0,-0.075672,0.11119,0.008202,0.081403,0.11082,0.000519,-0.065256,-0.27787,-0.22414,0.11555,-0.30608,-0.16932,-0.026794,-0.58377,0.063339,0.029162,-0.54877,0.16103
-0.020858,0.81968,-0.075631,-0.026678,0.60038,-0.055617,-0.18761,0.48833,-0.010465,0.14332,0.49284,-0.031716,-0.26724,0.25943,0.091559,0.29207,0.25946,0.072929,-0.46334,0.14345,0.14698,0.49002,0.12844,0.043843,-0.0029159,0.257,0.003797,0,0.18566,0,-0.075619,0.11115,0.010949,0.08307,0.11236,0.000567,-0.07041,-0.27123,-0.23279,0.10726,-0.29443,-0.19519,-0.03195,-0.57713,0.054682,0.029876,-0.52841,0.14295
-0.027483,0.79485,-0.086347,-0.022713,0.59713,-0.049863,-0.18647,0.48795,-0.002668,0.14459,0.4848,-0.026649,-0.28358,0.27198,0.11454,0.30968,0.26392,0.077524,-0.5089,0.1919,0.14755,0.52252,0.16148,0.035772,-0.002541,0.25065,0.001645,0,0.17987,0,-0.076978,0.10362,0.010585,0.084127,0.1081,0.003193,-0.06463,-0.28699,-0.21836,0.096811,-0.30338,-0.18263,-0.045362,-0.57742,0.085164,0.046065,-0.5882,0.12244
-0.026253,0.7919,-0.082693,-0.024022,0.59298,-0.049745,-0.1858,0.4778,-0.006348,0.14794,0.47512,-0.033594,-0.34373,0.2721,0.11419,0.32566,0.27043,0.053605,-0.57714,0.22659,0.10951,0.53759,0.17279,-0.006127,-0.0028849,0.24027,0.000814,0,0.16805,0,-0.075151,0.089304,0.010379,0.083347,0.096758,0.002682,-0.085243,-0.33348,-0.16027,0.083019,-0.32124,-0.16698,-0.083159,-0.68891,0.072679,0.059381,-0.65353,0.094115
-0.018068,0.78576,-0.068638,-0.015327,0.57803,-0.050762,-0.17481,0.45215,-0.010378,0.15384,0.4668,-0.022431,-0.35444,0.27144,0.10257,0.34312,0.25808,0.029585,-0.59076,0.24448,0.082105,0.56343,0.17784,-0.035488,-0.0019837,0.21051,-0.000508,0,0.13529,0,-0.074815,0.05758,0.009935,0.080243,0.067261,0.005405,-0.091954,-0.49069,-0.084117,0.086031,-0.43423,-0.12465,-0.095029,-0.88433,0.034429,0.066712,-0.81222,0.046473
-0.017497,0.76543,-0.061447,-0.015775,0.55946,-0.039927,-0.17458,0.44056,0.002584,0.1534,0.43534,-0.029796,-0.36687,0.24643,0.093032,0.35228,0.23417,0.032108,-0.59882,0.21763,0.035106,0.57589,0.15025,-0.083557,-0.0016787,0.17648,0.000199,0,0.099046,0,-0.070815,0.023252,0.008728,0.075622,0.024818,-0.00027,-0.10375,-0.57856,-0.04426,0.084818,-0.55081,-0.088699,-0.094027,-0.99916,-0.018848,0.069106,-0.96356,-0.040672
-0.010215,0.73286,-0.05609,0.002736,0.50599,-0.037773,-0.16712,0.39334,-0.011412,0.15932,0.40362,-0.020235,-0.35468,0.21111,0.063292,0.34953,0.18323,0.01884,-0.58194,0.15822,0.003294,0.53964,0.095423,-0.10739,0.0006288,0.13133,-0.000768,0,0.056962,0,-0.072858,-0.018365,0.003074,0.072383,-0.013858,0.004908,-0.11396,-0.62082,-0.028431,0.089827,-0.59515,-0.076858,-0.092487,-1.0069,-0.003952,0.070098,-0.98465,-0.064272
-0.0032566,0.67523,-0.054935,0.00087004,0.45024,-0.041813,-0.15916,0.33071,-0.015038,0.16245,0.33761,-0.021273,-0.3376,0.14414,0.041756,0.34392,0.11308,0.011874,-0.60283,0.078842,-0.037101,0.52747,0.014474,-0.11628,0.0002843,0.074622,-0.001921,0,-0.0010906,0,-0.070918,-0.073859,0.005424,0.070639,-0.0728,0.003751,-0.11303,-0.63375,-0.027146,0.083862,-0.62559,-0.080064,-0.094399,-1.022,0.02805,0.077768,-1.0083,-0.036957
0.0092195,0.59822,-0.05336,0.00021936,0.38228,-0.027471,-0.15427,0.26039,-0.019867,0.1754,0.2568,-0.010889,-0.33518,0.066384,0.024361,0.29411,0.030131,0.044487,-0.59603,-0.025618,-0.072626,0.50364,-0.070938,-0.12004,-0.00015064,0.0092666,-0.000295,0,-0.065602,0,-0.075925,-0.13837,-0.004147,0.075852,-0.14166,0.008906,-0.11809,-0.66428,-0.069833,0.066787,-0.65114,-0.11175,-0.092869,-1.0257,0.046557,0.078743,-1.0271,-0.02249
0.0080613,0.53627,-0.062201,0.0012597,0.33125,-0.043215,-0.15987,0.21673,-0.01954,0.17283,0.23353,-8.8e-05,-0.32972,0.0070779,0.023315,0.28015,-0.019958,0.028291,-0.55076,-0.099172,-0.069099,0.49103,-0.14034,-0.12804,-0.00015471,-0.023528,-0.003547,0,-0.094501,0,-0.077035,-0.16847,-0.001138,0.076751,-0.16968,0.009669,-0.1171,-0.66574,-0.076162,0.058279,-0.64597,-0.12202,-0.089293,-1.03,0.06644,0.07814,-1.0287,-0.012414
0.0068945,0.526,-0.063157,0.001061,0.33027,-0.037078,-0.16028,0.21246,-0.016602,0.17003,0.22259,-0.000298,-0.32176,-0.0024455,0.02916,0.27802,-0.019848,0.036957,-0.49602,-0.1521,-0.046225,0.44502,-0.17643,-0.10698,-5.573e-05,-0.029391,-0.002584,0,-0.10203,0,-0.077064,-0.17595,-0.001394,0.076534,-0.17681,0.008657,-0.11672,-0.66616,-0.071852,0.060178,-0.6459,-0.11784,-0.091165,-1.0295,0.072235,0.078215,-1.0301,-0.005706
0.0068573,0.54494,-0.04627,0.0023782,0.3576,-0.016346,-0.16398,0.23404,-0.002946,0.16794,0.24382,0.009209,-0.29431,0.0088204,0.047319,0.27631,-0.0091621,0.053344,-0.44892,-0.16222,-0.024788,0.42112,-0.18274,-0.079024,0.00013948,-0.0071693,0.000444,0,-0.079259,0,-0.077556,-0.15539,0.000251,0.07699,-0.14962,-0.003023,-0.11601,-0.66249,-0.046827,0.076185,-0.64196,-0.082837,-0.094096,-1.0291,0.089134,0.077803,-1.0271,0.012384
0.0064227,0.62348,-0.033702,0.0019313,0.43307,-0.007263,-0.16596,0.3177,0.010379,0.16096,0.32486,-0.002167,-0.26696,0.067762,0.056328,0.26461,0.056606,0.0553,-0.39974,-0.15501,0.013551,0.37901,-0.15569,-0.012011,0.00052131,0.06192,0.001267,0,-0.012228,0,-0.074072,-0.087306,0.00051,0.073434,-0.084316,-0.002457,-0.11581,-0.64097,0.000572,0.10031,-0.62366,-0.017006,-0.097167,-1.0109,0.059549,0.081372,-1.0178,0.022218
0.0070437,0.69432,-0.031428,0.0021699,0.50615,-0.00409,-0.16609,0.3812,0.008041,0.15295,0.3887,0.001752,-0.2556,0.11003,0.059392,0.25007,0.11296,0.055629,-0.36002,-0.10931,0.049537,0.35863,-0.11013,0.021512,0.00047363,0.12221,0.002188,0,0.045553,0,-0.071915,-0.026265,0.002807,0.071238,-0.026466,-0.005639,-0.11533,-0.62877,0.005335,0.097788,-0.61943,-0.009269,-0.096493,-1.0056,0.060212,0.075949,-1.0008,0.025521
0.016292,0.75279,-0.034124,6.512e-05,0.55665,-0.015311,-0.16237,0.43322,0.004207,0.15964,0.43939,-0.010701,-0.24072,0.1437,0.060773,0.24936,0.16817,0.054992,-0.32358,-0.078112,0.072111,0.34817,-0.049241,0.06168,0.0002415,0.18137,-0.000241,0,0.10629,0,-0.073011,0.033086,0.005965,0.07299,0.034126,-0.005271,-0.10359,-0.5302,-0.050004,0.097886,-0.52404,-0.043944,-0.04049,-0.93147,0.060197,0.063289,-0.92309,0.068035
0.010352,0.78999,-0.050187,0.0030311,0.57456,-0.024822,-0.15861,0.45741,-0.003317,0.16208,0.4501,-0.022172,-0.23147,0.18006,0.058987,0.2556,0.18412,0.044777,-0.31089,-0.042649,0.073562,0.36724,-0.020137,0.081556,0.00089422,0.21158,-0.002759,0,0.13949,0,-0.0774,0.0714,0.011067,0.075827,0.065031,-0.006115,-0.095589,-0.37926,-0.13218,0.096137,-0.39572,-0.1118,-0.031669,-0.74804,0.073248,0.075011,-0.76465,0.10113
0.0074175,0.79512,-0.05651,-0.0026978,0.58564,-0.031109,-0.16141,0.46794,-0.006055,0.16045,0.4647,-0.026841,-0.22688,0.20442,0.064337,0.2611,0.20369,0.053269,-0.31868,-0.01056,0.096384,0.38751,0.0048848,0.074523,-0.00025852,0.22713,-0.004158,0,0.15568,0,-0.07722,0.08381,0.012414,0.077989,0.081973,-0.006059,-0.084589,-0.31864,-0.19412,0.071802,-0.33427,-0.18081,-0.02372,-0.64249,0.071532,0.060932,-0.6478,0.10178
0.0030705,0.80486,-0.063122,-0.0065179,0.59402,-0.037993,-0.16572,0.47367,-0.006711,0.15486,0.46817,-0.03072,-0.22979,0.21718,0.072602,0.26208,0.21714,0.056849,-0.34913,0.019253,0.11667,0.40965,0.03157,0.065575,-0.0008957,0.23536,-0.005534,0,0.16395,0,-0.076834,0.093542,0.014804,0.07964,0.091384,-0.005878,-0.073225,-0.28362,-0.23721,0.087901,-0.31545,-0.2027,-0.019788,-0.55269,0.080873,0.070158,-0.57599,0.1255
-0.00062983,0.80496,-0.067251,-0.011902,0.59599,-0.041435,-0.16723,0.47692,-0.00586,0.15251,0.47006,-0.032732,-0.23567,0.22369,0.093526,0.27056,0.23097,0.062165,-0.38614,0.044461,0.12437,0.44609,0.07009,0.047385,-0.0014504,0.23771,-0.006172,0,0.16643,0,-0.076625,0.095122,0.015149,0.080557,0.094877,-0.005722,-0.079724,-0.27793,-0.24303,0.089441,-0.30973,-0.20711,-0.032775,-0.53668,0.083794,0.071699,-0.57026,0.12108
-0.015381,0.79701,-0.075237,-0.015078,0.59411,-0.042405,-0.17156,0.47745,-0.004359,0.15034,0.47086,-0.031986,-0.24618,0.2265,0.10193,0.28533,0.24196,0.061411,-0.43654,0.09262,0.13921,0.47448,0.10184,0.012274,-0.0020744,0.23836,-0.006457,0,0.16742,0,-0.076376,0.094699,0.014593,0.081586,0.096018,-0.005174,-0.075715,-0.28077,-0.23962,0.088194,-0.30609,-0.21161,-0.033785,-0.5815,0.052826,0.041545,-0.59554,0.090495
-0.017194,0.79495,-0.071783,-0.017893,0.58923,-0.042709,-0.17554,0.47583,-0.001547,0.1486,0.47048,-0.031792,-0.26115,0.23314,0.10888,0.30189,0.24792,0.053093,-0.48232,0.12335,0.11563,0.50365,0.1318,-0.010276,-0.0025601,0.23562,-0.006875,0,0.16488,0,-0.076032,0.088742,0.011132,0.082111,0.094346,-0.003042,-0.075174,-0.32936,-0.17331,0.092386,-0.31217,-0.19967,-0.088356,-0.70884,0.022916,0.075199,-0.64215,0.06486
-0.024698,0.78988,-0.063775,-0.026118,0.58219,-0.041417,-0.18333,0.46804,0.000823,0.14322,0.46638,-0.028448,-0.31574,0.22048,0.098444,0.30021,0.25136,0.052448,-0.53809,0.13552,0.077476,0.50409,0.15058,-0.031391,-0.0044884,0.21944,-0.006927,0,0.14591,0,-0.072235,0.064371,0.009481,0.081859,0.079132,5.9e-05,-0.07461,-0.48285,-0.10934,0.090071,-0.38701,-0.16314,-0.10089,-0.8889,-0.015615,0.068621,-0.7714,0.023994
-0.030948,0.76989,-0.043381,-0.019222,0.50556,-0.029294,-0.18432,0.44465,0.009073,0.1424,0.45117,-0.01659,-0.32042,0.21619,0.10995,0.31165,0.23781,0.050805,-0.5343,0.12276,0.049359,0.50287,0.14079,-0.066005,-0.0030372,0.16531,-0.00542,0,0.09715,0,-0.068034,0.013965,0.006155,0.074975,0.03287,-0.000329,-0.082103,-0.58734,-0.058842,0.090446,-0.52525,-0.10506,-0.087019,-0.98238,-0.05192,0.086854,-0.93643,-0.034603
-0.032766,0.73901,-0.04773,-0.02007,0.51204,-0.028236,-0.18582,0.40243,0.003293,0.14315,0.40925,-0.026109,-0.32474,0.17926,0.078122,0.3129,0.19932,0.015982,-0.53994,0.081306,0.021956,0.5001,0.10042,-0.10626,-0.0031459,0.15198,-0.004827,0,0.073849,0,-0.068293,-0.0053881,0.007636,0.075445,0.0040534,-0.002125,-0.081129,-0.60674,-0.058664,0.087642,-0.59455,-0.093654,-0.059209,-1.0225,-0.074529,0.079597,-0.9922,-0.082888
-0.02002,0.68519,-0.042056,-0.017435,0.4684,-0.023615,-0.18047,0.34611,0.002519,0.1522,0.35208,-0.018842,-0.31338,0.12065,0.052537,0.32514,0.13187,-0.003915,-0.51801,0.0079726,-0.007041,0.49704,0.024931,-0.14253,-0.002786,0.089172,-0.004891,0,0.013885,0,-0.070911,-0.064047,0.003938,0.076672,-0.057828,-0.000447,-0.076993,-0.64208,-0.072084,0.090115,-0.62754,-0.094152,-0.044615,-1.0337,-0.050517,0.085634,-1.0173,-0.060596
-0.011993,0.62108,-0.036372,-0.0088782,0.40437,-0.009542,-0.17694,0.26702,-0.000209,0.15892,0.2823,-0.008682,-0.31619,0.046639,0.027381,0.31357,0.065447,-0.017367,-0.50593,-0.083164,-0.047972,0.47551,-0.048914,-0.16249,-0.0014304,0.027346,-0.002342,0,-0.048042,0,-0.075768,-0.12595,-0.000158,0.078736,-0.12139,-0.001053,-0.073391,-0.6619,-0.1069,0.072659,-0.64059,-0.11028,-0.041377,-1.0451,-0.019314,0.08222,-1.0354,-0.025475
-0.014827,0.5497,-0.032837,-0.016558,0.34621,-0.005803,-0.18042,0.2224,0.002817,0.15216,0.22319,-0.001521,-0.29548,0.0051165,0.015275,0.30295,0.0060267,-0.025301,-0.4856,-0.16139,-0.055349,0.45858,-0.12135,-0.16596,-0.0027273,-0.024124,-0.001176,0,-0.098144,0,-0.073956,-0.17284,-0.002364,0.079344,-0.1718,-2.4e-05,-0.083041,-0.6651,-0.11433,0.067093,-0.64531,-0.12515,-0.047,-1.045,-0.014911,0.078318,-1.0411,-0.020239
-0.018655,0.53126,-0.034089,-0.017838,0.33342,-0.002895,-0.18044,0.2138,0.005872,0.15093,0.2192,-0.000305,-0.29948,-0.02813,0.014124,0.29165,-0.0051971,-0.018381,-0.46486,-0.21127,-0.048658,0.43377,-0.1841,-0.15283,-0.0028397,-0.029872,-6.6e-05,0,-0.1028,0,-0.073482,-0.17844,-0.002798,0.079254,-0.17525,-0.000198,-0.086952,-0.66464,-0.11959,0.070535,-0.65111,-0.12945,-0.050438,-1.0471,-0.008885,0.080886,-1.0443,-0.018268
-0.017131,0.533,-0.033376,-0.01644,0.33906,0.000961,-0.17777,0.21955,0.009442,0.15248,0.22465,0.002197,-0.27933,-0.0088518,0.023687,0.28679,-0.017801,-0.002229,-0.43469,-0.22575,-0.026267,0.40036,-0.20772,-0.10325,-0.0026161,-0.025595,0.001551,0,-0.098375,0,-0.073597,-0.17392,-0.002997,0.078998,-0.17066,-0.001134,-0.087037,-0.66352,-0.11649,0.084558,-0.66031,-0.10961,-0.051508,-1.0438,-0.010183,0.081902,-1.0434,-0.018457
-0.012193,0.60127,-0.027613,-0.0089606,0.41316,0.011463,-0.179,0.29587,0.021851,0.1502,0.29841,0.004208,-0.26275,0.033131,0.049616,0.25554,0.034375,0.031845,-0.37607,-0.18086,0.009944,0.3628,-0.17838,-0.039582,-0.0011505,0.042121,0.005579,0,-0.031675,0,-0.072566,-0.10797,-0.003854,0.075545,-0.10327,-0.004331,-0.088757,-0.64736,-0.071813,0.10275,-0.64819,-0.052368,-0.057532,-1.0324,-0.029037,0.087486,-1.0258,-0.032308
-0.0086464,0.67147,-0.019909,-0.0087403,0.48465,0.010429,-0.17931,0.36432,0.026659,0.15115,0.36866,0.008164,-0.2469,0.094731,0.070104,0.24416,0.096356,0.0501,-0.33123,-0.12793,0.054235,0.3436,-0.13055,0.017744,-0.00099981,0.1081,0.007123,0,0.033282,0,-0.070367,-0.043541,-0.000421,0.073246,-0.038575,-0.007349,-0.087353,-0.63517,-0.06287,0.10939,-0.63633,-0.034352,-0.056133,-1.0093,-0.057375,0.089028,-1.0063,-0.049
-0.0020896,0.73194,-0.028149,-0.0046311,0.54317,-0.003485,-0.17363,0.42196,0.014602,0.15053,0.42411,-0.003818,-0.23983,0.12218,0.06908,0.24298,0.14287,0.047043,-0.31745,-0.10223,0.07408,0.33445,-0.076536,0.048329,-0.00030282,0.1633,0.004972,0,0.087535,0,-0.071781,0.010862,0.002077,0.073266,0.018118,-0.005181,-0.076488,-0.58756,-0.070859,0.1072,-0.58067,-0.049718,-0.050769,-0.94753,-0.053166,0.076243,-0.9661,-0.025693
-0.00042586,0.78192,-0.040392,-0.01351,0.57338,-0.017016,-0.17393,0.44388,0.002573,0.15045,0.446,-0.0237,-0.23947,0.17608,0.061711,0.24145,0.1886,0.040028,-0.31281,-0.046791,0.089427,0.33314,-0.02449,0.080777,-0.0020326,0.20798,0.002028,0,0.13395,0,-0.072654,0.055512,0.006125,0.077915,0.065937,-0.005517,-0.072433,-0.47698,-0.1304,0.10615,-0.45541,-0.11452,-0.027967,-0.86224,-0.004736,0.0766,-0.85948,0.031719
0.0026308,0.79264,-0.044413,-0.012399,0.58294,-0.024778,-0.17211,0.46849,-0.000593,0.1546,0.46886,-0.018613,-0.23851,0.20561,0.066039,0.24189,0.20041,0.048893,-0.32875,-0.0051042,0.11755,0.35454,-0.00074068,0.09552,-0.0017712,0.22491,-0.000583,0,0.15353,0,-0.074478,0.078795,0.009222,0.078633,0.081865,-0.005679,-0.070398,-0.3416,-0.17796,0.10245,-0.34145,-0.15886,-0.032459,-0.70803,0.037084,0.063978,-0.7005,0.066965
0.0025987,0.80623,-0.048411,-0.015193,0.5911,-0.025052,-0.17551,0.483,0.005062,0.15709,0.47502,-0.006133,-0.25057,0.22128,0.0705,0.24783,0.21494,0.076743,-0.36065,0.023366,0.13113,0.37343,0.015368,0.097194,-0.0023919,0.23901,-0.000837,0,0.16847,0,-0.076112,0.090458,0.005722,0.081673,0.096111,-0.003089,-0.05396,-0.29768,-0.2268,0.096036,-0.30887,-0.20345,-0.026168,-0.60496,0.061258,0.082141,-0.59781,0.10245
-0.00033251,0.80572,-0.048667,-0.016201,0.59333,-0.021525,-0.17843,0.48987,0.014453,0.15353,0.47854,-0.004444,-0.26733,0.23697,0.10754,0.25078,0.22219,0.085482,-0.40649,0.049104,0.14,0.39813,0.036309,0.09419,-0.0024327,0.24539,-0.001049,0,0.17583,0,-0.076178,0.097642,0.004443,0.082125,0.10477,-0.001781,-0.052226,-0.2891,-0.23013,0.097064,-0.29889,-0.2047,-0.024072,-0.54669,0.099789,0.051175,-0.55092,0.12734
-0.0015221,0.80155,-0.04588,-0.011898,0.59478,0.00862,-0.18173,0.48543,0.029068,0.14989,0.481,0.016497,-0.27593,0.23627,0.12135,0.25865,0.22759,0.11069,-0.45172,0.085868,0.16501,0.42809,0.06015,0.095398,-0.0023155,0.24638,0.003159,0,0.17698,0,-0.076116,0.098195,0.002457,0.081993,0.10586,-0.002772,-0.052329,-0.29295,-0.22404,0.094438,-0.29973,-0.20145,-0.028337,-0.55578,0.10233,0.050656,-0.55893,0.12569
-0.0094719,0.79489,-0.034577,-0.015314,0.59265,0.016587,-0.18531,0.48362,0.043216,0.14945,0.4767,0.025877,-0.28375,0.24058,0.12438,0.26024,0.2301,0.11402,-0.49488,0.11426,0.15614,0.45341,0.092307,0.079526,-0.002315,0.24399,0.008031,0,0.1753,0,-0.075965,0.096643,8.5e-05,0.082029,0.10485,-0.004807,-0.069314,-0.31653,-0.18107,0.10073,-0.31821,-0.15818,-0.045935,-0.61689,0.11391,0.070472,-0.63746,0.1174
-0.0053504,0.78268,-0.013117,-0.020254,0.58486,0.033923,-0.18554,0.47637,0.047314,0.15485,0.47127,0.05663,-0.31521,0.23096,0.12802,0.26433,0.22847,0.11212,-0.54894,0.12759,0.12709,0.46937,0.11346,0.060349,-0.0036347,0.23517,0.014515,0,0.16741,0,-0.075436,0.089843,-0.004157,0.082289,0.0951,-0.006436,-0.096304,-0.36697,-0.13547,0.10854,-0.40712,-0.10458,-0.095116,-0.69243,0.13494,0.079288,-0.77249,0.11318
-0.0070554,0.767,-0.008244,-0.023886,0.56476,0.0378,-0.18739,0.44636,0.054196,0.15545,0.45356,0.059813,-0.32873,0.21832,0.11738,0.27471,0.21852,0.11108,-0.55428,0.13585,0.090715,0.4794,0.1141,0.034987,-0.0043855,0.19311,0.020364,0,0.11979,0,-0.072907,0.041612,-0.010625,0.081612,0.044566,-0.009198,-0.096281,-0.50558,-0.059561,0.10596,-0.53787,-0.063413,-0.11706,-0.88626,0.13468,0.08193,-0.94214,0.083281
-0.013171,0.7374,0.015862,-0.01938,0.52145,0.054615,-0.1867,0.40601,0.06095,0.15402,0.41583,0.071164,-0.348,0.18637,0.10161,0.28903,0.18273,0.10506,-0.55987,0.09799,0.02472,0.49473,0.10177,-0.008424,-0.003804,0.15055,0.025949,0,0.080543,0,-0.071504,0.0023548,-0.016015,0.078399,0.0078778,-0.006807,-0.10343,-0.59794,-0.034242,0.11246,-0.59437,-0.042907,-0.11307,-0.99768,0.1235,0.090475,-0.9856,0.041822
-0.0027298,0.69138,0.020307,-0.016299,0.48001,0.050803,-0.17735,0.35404,0.05008,0.1552,0.34965,0.0663,-0.34796,0.12693,0.070835,0.30471,0.12731,0.085361,-0.55508,0.031535,-0.011332,0.50577,0.039618,-0.060875,-0.0038423,0.09598,0.028384,0,0.023779,0,-0.071267,-0.051847,-0.017852,0.076598,-0.049339,-0.003363,-0.099075,-0.6301,-0.029839,0.11264,-0.6205,-0.05484,-0.11284,-0.99822,0.11293,0.094558,-0.99188,0.034468
-0.012716,0.61951,0.006906,-0.015795,0.40351,0.04481,-0.17866,0.27482,0.034261,0.16563,0.2756,0.057711,-0.33556,0.060383,0.029767,0.30561,0.053953,0.062893,-0.53269,-0.059147,-0.043442,0.47663,-0.033202,-0.091364,-0.0043336,0.030298,0.029871,0,-0.040338,0,-0.076217,-0.1182,-0.018441,0.081712,-0.11688,-0.001729,-0.10037,-0.64429,-0.049407,0.095836,-0.64139,-0.08434,-0.12841,-1.0252,0.14397,0.084828,-1.0295,0.069196
-0.010384,0.55684,0.015655,-0.02147,0.34896,0.030504,-0.18174,0.21933,0.014618,0.15869,0.22479,0.054068,-0.30976,0.018405,3.2e-05,0.29741,0.0020166,0.036452,-0.5159,-0.15041,-0.09496,0.46269,-0.10378,-0.11419,-0.0066393,-0.017959,0.029314,0,-0.087775,0,-0.074272,-0.1663,-0.019348,0.081862,-0.1636,0.004069,-0.10487,-0.65758,-0.05705,0.089706,-0.6477,-0.1013,-0.13639,-1.0373,0.13799,0.081085,-1.0326,0.05847
-0.0083826,0.53363,0.01169,-0.017089,0.33661,0.024674,-0.18022,0.20995,0.005767,0.15858,0.22114,0.046617,-0.31956,-0.043109,-0.021265,0.29765,-0.001822,0.030239,-0.49727,-0.207,-0.11441,0.45287,-0.15181,-0.13779,-0.0061616,-0.027036,0.029277,0,-0.097055,0,-0.074955,-0.17674,-0.014963,0.081079,-0.17072,0.002512,-0.10633,-0.66425,-0.056,0.088206,-0.65263,-0.098902,-0.1393,-1.0369,0.13324,0.081678,-1.0341,0.053918
-0.0086777,0.53415,0.005682,-0.016141,0.33957,0.018537,-0.17898,0.21422,-0.001462,0.15974,0.22722,0.038048,-0.30554,-0.029686,-0.024287,0.29748,-0.0016243,0.026002,-0.44843,-0.20988,-0.09944,0.43986,-0.1674,-0.1315,-0.0058517,-0.023137,0.028074,0,-0.092978,0,-0.075226,-0.17086,-0.011038,0.080732,-0.16694,0.002514,-0.10948,-0.66015,-0.04731,0.090851,-0.65758,-0.066794,-0.14046,-1.0347,0.13031,0.08398,-1.035,0.051815
-0.0088849,0.59873,-2.9e-05,-0.0096772,0.40749,0.015872,-0.17671,0.28538,-0.005386,0.1607,0.29937,0.015385,-0.28051,0.040916,-0.00671,0.28714,0.040708,0.017919,-0.39849,-0.16631,-0.065455,0.40736,-0.15527,-0.095399,-0.0032894,0.040572,0.028496,0,-0.030497,0,-0.074692,-0.10813,-0.010271,0.078049,-0.10482,0.000195,-0.118,-0.62759,-0.003066,0.11355,-0.63872,-0.004995,-0.13824,-1.0317,0.12283,0.089627,-1.027,0.035825
-0.013955,0.67729,0.007816,-0.0069567,0.43089,0.016213,-0.18204,0.36015,0.004696,0.15777,0.37339,0.012454,-0.27498,0.087421,0.016924,0.28194,0.092136,0.030181,-0.3763,-0.12757,-0.026337,0.38889,-0.11209,-0.042929,-0.0013832,0.10047,0.028984,0,0.034913,0,-0.073365,-0.043431,-0.005277,0.075197,-0.039315,-0.006501,-0.12221,-0.61069,0.022207,0.11214,-0.62351,0.02796,-0.11957,-0.99701,0.058108,0.087149,-1.0269,0.031598
-0.0086221,0.75051,0.020745,-0.0011914,0.55326,0.014272,-0.17868,0.42069,0.005276,0.14395,0.43576,-0.005311,-0.257,0.13659,0.024103,0.27363,0.14851,0.036347,-0.35688,-0.079622,0.016471,0.38378,-0.059047,-0.016129,0.00081705,0.16917,0.02822,0,0.094398,0,-0.071908,0.020002,-0.002482,0.072285,0.023658,-0.006198,-0.1101,-0.58212,0.010162,0.10769,-0.57879,0.002465,-0.098961,-0.98545,0.071373,0.068264,-0.95052,0.069563
-0.0073394,0.80239,-0.004953,-0.011631,0.59474,-0.008223,-0.18001,0.46399,-0.006294,0.1495,0.48555,-0.012422,-0.2541,0.20134,0.015527,0.26752,0.19879,0.033081,-0.34922,-0.016901,0.011723,0.38811,-0.0066515,0.024257,-0.0015495,0.22635,0.022163,0,0.15227,0,-0.073107,0.074429,-0.001781,0.07721,0.081675,0.000145,-0.097329,-0.48061,-0.080692,0.098474,-0.44857,-0.067669,-0.055936,-0.87455,0.086695,0.049585,-0.84053,0.102
-0.0043313,0.81839,-0.021225,-0.012772,0.61517,-0.017322,-0.17753,0.48733,-0.009631,0.15154,0.49113,-0.02006,-0.25951,0.22771,0.029712,0.26527,0.2217,0.051802,-0.37143,0.017634,0.027318,0.40492,0.028935,0.027781,-0.0014343,0.24918,0.017706,0,0.17618,0,-0.074079,0.10005,-0.000197,0.078437,0.10399,0.001879,-0.065969,-0.34981,-0.14215,0.10322,-0.32889,-0.11716,-0.043204,-0.7015,0.096633,0.034464,-0.67119,0.12595
0.0013197,0.83426,-0.033814,-0.012409,0.62605,-0.023622,-0.17506,0.49934,-0.013029,0.15612,0.50181,-0.019464,-0.26417,0.26098,0.051332,0.2625,0.2467,0.064397,-0.40308,0.069705,0.068018,0.41917,0.067654,0.038118,-0.0016467,0.2697,0.014452,0,0.19792,0,-0.076663,0.12332,0.003338,0.08059,0.12359,8.4e-05,-0.058407,-0.28135,-0.19704,0.098065,-0.2981,-0.15804,-0.038605,-0.59009,0.090972,0.049119,-0.59406,0.13896
0.00045435,0.83521,-0.038072,-0.013612,0.63397,-0.023395,-0.17701,0.51384,-0.002526,0.15523,0.50733,-0.0119,-0.27242,0.26555,0.057044,0.25673,0.2593,0.077704,-0.46304,0.10265,0.092945,0.42628,0.09294,0.045694,-0.0017065,0.27824,0.012461,0,0.20654,0,-0.077287,0.13036,0.003193,0.081865,0.13324,8.1e-05,-0.054215,-0.27013,-0.20531,0.073741,-0.2791,-0.18334,-0.034414,-0.57886,0.082689,0.033513,-0.52427,0.15479
-0.00027543,0.83464,-0.043869,-0.013953,0.63626,-0.0245,-0.17849,0.51563,-0.003015,0.1581,0.51054,-0.006253,-0.28737,0.27693,0.071163,0.25592,0.26499,0.0801,-0.50152,0.15283,0.092781,0.43857,0.11611,0.031504,-0.0021494,0.28269,0.010386,0,0.2115,0,-0.078295,0.13338,0.002028,0.083229,0.1382,0.001089,-0.053955,-0.26581,-0.20878,0.07543,-0.27142,-0.18858,-0.034154,-0.57454,0.079214,0.04236,-0.53136,0.13989
-0.0003262,0.8348,-0.042649,-0.01316,0.63718,-0.019837,-0.17841,0.51599,0.000464,0.15989,0.51554,0.00792,-0.29863,0.28704,0.079763,0.2524,0.27849,0.0876,-0.53368,0.18555,0.068115,0.44984,0.1442,0.029518,-0.0025453,0.2828,0.009136,0,0.21175,0,-0.078164,0.13329,0.002186,0.083044,0.13852,0.00057,-0.057579,-0.26857,-0.20335,0.086736,-0.27529,-0.17893,-0.028261,-0.56068,0.099438,0.070346,-0.57665,0.11632
-0.00037042,0.82791,-0.02709,-0.015357,0.63648,-0.008497,-0.18033,0.51443,0.006734,0.16138,0.51347,0.022172,-0.32603,0.2852,0.080744,0.2788,0.26664,0.089236,-0.5634,0.19695,0.014845,0.48422,0.16368,0.004818,-0.0030386,0.28039,0.009014,0,0.20956,0,-0.07758,0.13074,0.001236,0.082961,0.13545,-9.4e-05,-0.071209,-0.29169,-0.16316,0.10316,-0.32643,-0.12903,-0.071004,-0.61155,0.11411,0.10264,-0.66261,0.13002
-0.002312,0.82877,-0.012579,-0.013526,0.62139,0.001154,-0.18198,0.5022,0.013424,0.16018,0.50167,0.029091,-0.34252,0.27631,0.069515,0.27936,0.26168,0.08249,-0.56419,0.19479,0.00214,0.48281,0.16042,-0.009942,-0.0028799,0.25748,0.011543,0,0.18473,0,-0.076173,0.1062,-0.001587,0.080728,0.10934,-0.003137,-0.086687,-0.40071,-0.11627,0.1153,-0.41357,-0.093845,-0.082321,-0.75002,0.12672,0.1203,-0.78836,0.11229
-0.0058274,0.80205,0.00778,-0.009591,0.59894,0.033612,-0.1825,0.46863,0.024899,0.15895,0.48175,0.045784,-0.35399,0.25772,0.055583,0.28117,0.24282,0.078953,-0.57171,0.15773,-0.047416,0.48426,0.13205,-0.06598,-0.0028706,0.21684,0.020429,0,0.13997,0,-0.074917,0.065409,-0.010293,0.077823,0.060549,-0.00582,-0.10124,-0.52283,-0.056172,0.11971,-0.54103,-0.040609,-0.10149,-0.9184,0.11274,0.11616,-0.9636,0.059352
-0.0020606,0.76141,0.015891,-0.0083231,0.49898,0.035198,-0.18279,0.41823,0.03267,0.15537,0.41956,0.050869,-0.35407,0.20145,0.032747,0.26837,0.1901,0.075065,-0.55288,0.10105,-0.079991,0.45172,0.08775,-0.060636,-0.0024829,0.15385,0.023721,0,0.087745,0,-0.072835,0.013534,-0.013935,0.075901,0.010485,-0.003882,-0.10396,-0.58457,-0.040466,0.12261,-0.57298,-0.042949,-0.098971,-0.9892,0.10434,0.11447,-0.97766,0.055237
0.0036372,0.70121,0.030851,-0.01209,0.49549,0.036242,-0.18181,0.34731,0.023042,0.15503,0.36376,0.058282,-0.32052,0.1551,0.021139,0.27715,0.13352,0.069452,-0.48404,-0.0044238,-0.059665,0.44442,0.007489,-0.094809,-0.0050923,0.10702,0.027901,0,0.03185,0,-0.071985,-0.045294,-0.014673,0.077505,-0.041843,-0.004472,-0.097372,-0.60738,-0.045591,0.11881,-0.60869,-0.054925,-0.10456,-0.99931,0.10511,0.11568,-0.9966,0.051399
-0.0063889,0.62742,0.027284,-0.016653,0.41208,0.04483,-0.17734,0.28139,0.018602,0.1595,0.28372,0.05774,-0.30967,0.083367,-0.00318,0.2753,0.050107,0.050198,-0.47525,-0.080145,-0.067241,0.43058,-0.081534,-0.13289,-0.0057317,0.038119,0.030436,0,-0.032524,0,-0.074193,-0.10854,-0.019991,0.07987,-0.10806,0.000217,-0.094381,-0.62122,-0.064101,0.10174,-0.63264,-0.085064,-0.12062,-0.99833,0.13744,0.11077,-1.0241,0.076829
-0.0051874,0.56122,0.025877,-0.0072336,0.35701,0.03461,-0.1823,0.21305,0.007987,0.15278,0.22422,0.051325,-0.30804,-0.00031458,-0.027387,0.27034,-0.014312,0.048829,-0.46818,-0.16278,-0.1275,0.41368,-0.15217,-0.13597,-0.0047058,-0.019901,0.030925,0,-0.091658,0,-0.076175,-0.16839,-0.017522,0.078613,-0.16613,0.001416,-0.10554,-0.66981,-0.057548,0.095296,-0.64187,-0.099526,-0.13034,-1.0335,0.1584,0.10833,-1.0248,0.072806
-0.0066823,0.5258,0.021944,-0.013115,0.31511,0.019774,-0.18048,0.20348,0.005178,0.15495,0.21345,0.04871,-0.30234,-0.063674,-0.031298,0.2688,-0.029209,0.046836,-0.45743,-0.22871,-0.14547,0.40316,-0.20341,-0.15009,-0.0055026,-0.031996,0.030175,0,-0.10083,0,-0.075968,-0.17844,-0.015855,0.078918,-0.17502,0.002042,-0.10362,-0.66846,-0.058776,0.097832,-0.64525,-0.099734,-0.12982,-1.0323,0.15987,0.10874,-1.0237,0.07058
-0.0071584,0.52555,0.021573,-0.012595,0.32012,0.018086,-0.18105,0.20192,0.00277,0.15626,0.21497,0.044948,-0.25522,-0.047697,-0.027734,0.25987,-0.033853,0.04731,-0.41318,-0.23184,-0.121,0.3984,-0.20947,-0.14394,-0.005382,-0.031718,0.030274,0,-0.10077,0,-0.075996,-0.17844,-0.015763,0.079032,-0.17501,0.002067,-0.10517,-0.66547,-0.058106,0.096921,-0.65018,-0.093208,-0.13399,-1.0294,0.15592,0.10839,-1.0237,0.071209
-0.0031922,0.58345,0.011665,-0.0059384,0.39164,0.02433,-0.17898,0.25531,-0.000345,0.1584,0.27225,0.032192,-0.26894,0.009689,-0.011977,0.26412,0.012478,0.048523,-0.38099,-0.20347,-0.083483,0.36872,-0.18756,-0.095242,-0.0035758,0.01795,0.030677,0,-0.056012,0,-0.075319,-0.13336,-0.014003,0.077441,-0.1312,0.001102,-0.11687,-0.63368,-0.031597,0.098133,-0.63172,-0.059695,-0.13689,-1.0159,0.15439,0.10546,-1.022,0.083679
0.0046186,0.65009,0.01465,-0.0083965,0.46052,0.03372,-0.17077,0.31939,0.007749,0.1594,0.33587,0.02766,-0.24729,0.059305,0.016102,0.26842,0.050112,0.053572,-0.34438,-0.16477,-0.04129,0.38442,-0.14951,-0.045239,-0.0031251,0.076696,0.034238,0,0.0038264,0,-0.072682,-0.071831,-0.009646,0.075404,-0.068539,-0.005555,-0.11566,-0.62584,0.006926,0.11493,-0.6141,-0.013817,-0.11669,-1.002,0.13482,0.10509,-1.0058,0.078724
-0.00062984,0.72436,0.036498,-0.0042974,0.52825,0.028962,-0.18046,0.38541,0.014009,0.15929,0.39162,0.01842,-0.24712,0.11269,0.032974,0.26655,0.11441,0.059006,-0.33561,-0.10842,0.023247,0.38601,-0.098168,0.009546,-0.0010834,0.13974,0.034585,0,0.065589,0,-0.0743,-0.01281,-0.007999,0.075715,-0.0082972,-0.005873,-0.11559,-0.61404,0.013003,0.10733,-0.58408,-0.018873,-0.10379,-0.99969,0.12993,0.083645,-0.97857,0.079422
0.001595,0.77771,0.033462,-0.0011715,0.56297,0.010028,-0.18258,0.4195,0.011404,0.16552,0.42738,0.01318,-0.2495,0.14093,0.045328,0.26896,0.14838,0.060078,-0.3494,-0.073183,0.062517,0.39225,-0.05521,0.037119,-0.00022798,0.19707,0.030208,0,0.12493,0,-0.081463,0.04437,-0.004264,0.081686,0.048329,-0.00317,-0.093399,-0.4798,-0.073985,0.093132,-0.47525,-0.08706,-0.059948,-0.84478,0.14644,0.067203,-0.85232,0.096717
0.0011424,0.7845,0.027237,-0.0068223,0.58047,0.006408,-0.17843,0.44397,0.006896,0.15715,0.45249,-0.003601,-0.25023,0.19134,0.068546,0.27661,0.18846,0.065381,-0.3537,-0.022846,0.068303,0.40934,-0.008585,0.034637,0.00012036,0.20929,0.028668,0,0.13686,0,-0.078575,0.061607,-0.001188,0.080338,0.063795,-0.004683,-0.08678,-0.36731,-0.13674,0.086628,-0.36828,-0.12871,-0.026583,-0.71224,0.10642,0.06592,-0.71531,0.11766
-0.0020675,0.80945,0.009005,-0.0062166,0.59161,-0.002841,-0.17593,0.45436,0.006602,0.15666,0.4549,-0.005818,-0.25345,0.19602,0.075087,0.28071,0.19734,0.068634,-0.39123,0.0055255,0.10043,0.42824,0.0103,0.053161,0.00014892,0.22275,0.025228,0,0.1503,0,-0.07817,0.075831,0.001147,0.080038,0.077162,-0.004202,-0.050928,-0.32832,-0.19871,0.085911,-0.33376,-0.19069,0.009268,-0.67323,0.044445,0.059249,-0.61852,0.11984
-0.0016531,0.8131,0.003196,-0.0081891,0.59629,-0.007494,-0.17779,0.45729,0.011011,0.15591,0.45715,-0.00399,-0.25552,0.21242,0.086965,0.28178,0.20551,0.069253,-0.4279,0.052592,0.11251,0.4578,0.044971,0.053733,-0.00020754,0.23293,0.02205,0,0.16133,0,-0.078471,0.08502,0.003416,0.080834,0.086392,-0.004666,-0.095695,-0.31306,-0.21009,0.10851,-0.31083,-0.2187,0.053014,-0.57612,-0.35922,-0.11908,-0.5284,-0.33046
-0.010091,0.80331,-0.013471,-0.0088527,0.59625,-0.006418,-0.1786,0.45753,0.012858,0.15572,0.45842,-0.003039,-0.26402,0.21721,0.094904,0.28431,0.21874,0.06611,-0.46438,0.095405,0.12393,0.47713,0.079547,0.038537,-0.00044489,0.2337,0.02047,0,0.16241,0,-0.078348,0.085624,0.003173,0.08138,0.08825,-0.00542,0.012721,-0.29613,-0.22164,0.09606,-0.3141,-0.21022,-0.20462,-0.53403,-0.2992,0.070549,-0.60307,-0.3856
-0.011536,0.79303,-0.011441,-0.012298,0.58991,-0.002467,-0.18203,0.45696,0.022599,0.15356,0.45874,0.003208,-0.28844,0.21976,0.12063,0.28795,0.22268,0.071925,-0.51428,0.14574,0.12425,0.49815,0.11912,0.015655,-0.00087315,0.23098,0.020185,0,0.16012,0,-0.077319,0.080146,0.001399,0.082303,0.087794,-0.007464,-0.066794,-0.32108,-0.20575,0.083709,-0.31559,-0.21036,-0.16002,-0.62196,-0.31694,0.11032,-0.61273,-0.36852
-0.012567,0.7822,-0.004887,-0.014301,0.58305,0.006082,-0.18368,0.45586,0.034636,0.1491,0.45531,0.009958,-0.30371,0.22391,0.12518,0.29698,0.22519,0.075678,-0.55039,0.1777,0.11499,0.50803,0.15082,-0.019324,-0.00090061,0.21842,0.021275,0,0.14656,0,-0.075774,0.067353,0.00275,0.081007,0.076124,-0.009208,-0.082354,-0.35872,-0.16354,0.096039,-0.36559,-0.16843,-0.072576,-0.69922,0.091709,0.13244,-0.71744,0.07017
-0.017574,0.77261,0.004757,-0.019018,0.56722,0.011073,-0.188,0.43725,0.044049,0.14704,0.44431,0.013516,-0.31576,0.22028,0.12139,0.30939,0.21925,0.041992,-0.5498,0.17116,0.06688,0.52438,0.15198,-0.067912,-0.0012629,0.19745,0.021924,0,0.12487,0,-0.074793,0.043635,-0.000957,0.081772,0.053961,-0.007903,-0.086293,-0.49881,-0.095609,0.10808,-0.49521,-0.12622,-0.068285,-0.86822,0.087532,0.13932,-0.88012,0.008621
-0.016329,0.75601,0.021082,-0.017697,0.54542,0.026481,-0.19106,0.40593,0.053446,0.14843,0.40619,0.017129,-0.3271,0.19368,0.10218,0.30329,0.19029,0.027655,-0.55771,0.13289,0.038889,0.49707,0.12631,-0.10848,-7.23e-05,0.15007,0.025359,0,0.075377,0,-0.072005,-0.0054272,-0.0013,0.077306,0.0034068,-0.01082,-0.084816,-0.59261,-0.055984,0.11355,-0.57945,-0.092725,-0.075286,-0.97709,0.039529,0.12525,-0.96559,-0.031421
-0.0092335,0.70583,0.018191,-0.018162,0.48827,0.009087,-0.18034,0.36539,0.043694,0.15116,0.35457,0.0074,-0.3104,0.15256,0.079753,0.2934,0.13998,0.004784,-0.54494,0.057235,-0.007731,0.48354,0.059142,-0.16361,-0.00040632,0.10919,0.023012,0,0.034597,0,-0.070624,-0.039223,-0.001138,0.076462,-0.037104,-0.006145,-0.082414,-0.64082,-0.057469,0.11274,-0.60714,-0.096274,-0.071721,-1.0055,0.035988,0.12426,-0.99853,-0.034435
-0.015629,0.63949,0.007451,-0.016084,0.41657,0.003495,-0.18009,0.28799,0.034274,0.14808,0.28555,-0.003525,-0.3084,0.078201,0.048126,0.27972,0.081773,-0.007804,-0.52275,-0.037503,-0.020773,0.4277,-0.02375,-0.17495,-7.76e-06,0.037306,0.021151,0,-0.037636,0,-0.072117,-0.11482,-0.002076,0.07734,-0.10796,-0.003343,-0.077953,-0.65103,-0.074469,0.098974,-0.63962,-0.12275,-0.072567,-1.0332,0.058001,0.12203,-1.009,-0.030437
-0.011175,0.57698,0.000764,-0.017734,0.35281,0.006957,-0.18267,0.22694,0.0282,0.14641,0.22306,0.005867,-0.30731,0.009152,0.037698,0.27647,0.0059727,-0.032692,-0.50303,-0.14707,-0.0614,0.42422,-0.1192,-0.22042,-0.001405,-0.018339,0.021493,0,-0.091391,0,-0.073499,-0.1681,-0.004133,0.079401,-0.16252,-0.002573,-0.077512,-0.66503,-0.09413,0.091173,-0.64736,-0.12732,-0.075777,-1.0407,0.064213,0.12355,-1.0353,-0.007723
-0.018516,0.51917,-0.005292,-0.022835,0.31537,0.000854,-0.18312,0.20216,0.02348,0.14622,0.21081,0.008487,-0.30567,-0.056583,0.025318,0.2797,-0.038253,-0.046269,-0.47109,-0.20738,-0.079004,0.41138,-0.18187,-0.23857,-0.0025586,-0.036795,0.019864,0,-0.10721,0,-0.072748,-0.18481,-0.003021,0.079751,-0.17706,-0.002631,-0.078221,-0.66774,-0.098158,0.085067,-0.65444,-0.12768,-0.070937,-1.0431,0.060856,0.12297,-1.037,-0.004352
-0.019424,0.51958,-0.008259,-0.02196,0.31749,0.000409,-0.18303,0.20275,0.020856,0.14594,0.21089,0.004369,-0.2681,-0.055304,0.04402,0.26968,-0.028062,-0.036641,-0.42854,-0.21964,-0.094523,0.37991,-0.19649,-0.21794,-0.0024643,-0.036588,0.018966,0,-0.10711,0,-0.0729,-0.18463,-0.002921,0.079771,-0.17702,-0.002668,-0.078406,-0.66634,-0.098154,0.086693,-0.65314,-0.12458,-0.075968,-1.039,0.056115,0.12207,-1.0342,-0.005202
-0.0095915,0.57827,-0.010344,-0.010527,0.39219,0.024543,-0.18069,0.26574,0.025027,0.14868,0.26772,0.00718,-0.26137,0.014071,0.032282,0.25273,0.020286,-0.01011,-0.36252,-0.17979,-0.075258,0.35242,-0.1802,-0.18047,-0.00050447,0.020003,0.02426,0,-0.052142,0,-0.073574,-0.12843,-0.005869,0.077072,-0.1235,-0.006668,-0.085062,-0.64895,-0.055826,0.11889,-0.63827,-0.064791,-0.077868,-1.0341,0.067998,0.12419,-1.0298,0.005274
-0.001664,0.65186,0.004837,-0.014705,0.45597,0.027449,-0.17951,0.34459,0.035224,0.1451,0.34164,0.002892,-0.24287,0.080245,0.039898,0.24157,0.076838,0.005984,-0.32566,-0.13257,-0.060537,0.33714,-0.15504,-0.13439,-2.797e-05,0.083282,0.02641,0,0.011338,0,-0.070397,-0.064682,-0.005468,0.075207,-0.058066,-0.007825,-0.094554,-0.6322,-0.022009,0.12401,-0.62423,-0.046966,-0.087142,-1.0213,0.053452,0.12208,-1.0077,-0.00479
-0.0042089,0.72269,-0.001948,-0.0096668,0.52787,0.01325,-0.18387,0.39833,0.019495,0.14839,0.40995,0.002023,-0.2408,0.11769,0.039219,0.23824,0.12205,0.01035,-0.31895,-0.11652,-0.038024,0.3362,-0.090985,-0.069276,-0.00025555,0.15029,0.02435,0,0.076488,0,-0.072397,-0.0023951,-0.003955,0.075595,0.006048,-0.004793,-0.092236,-0.6054,-0.025252,0.11131,-0.57142,-0.050758,-0.080978,-0.99619,0.027182,0.087738,-0.95038,0.009884
