-0.0030554,0.63737,-0.21273,-0.0035627,0.49725,-0.069644,-0.1552,0.42066,-0.042901,0.15643,0.43167,-0.048593,-0.19953,0.19431,0.04853,0.25781,0.19549,0.083044,-0.28202,-0.0019634,0.10556,0.37649,0.009167,0.10733,-0.00068809,0.1943,-0.0092652,0,0.13295,0,-0.075821,0.063112,0.015649,0.077674,0.064181,0.0062107,-0.082722,-0.28655,-0.2324,0.063067,-0.3023,-0.21432,-0.04536,-0.63221,-0.038014,0.039211,-0.59143,0.05213
-0.0046834,0.63719,-0.21184,-0.0062131,0.49972,-0.067698,-0.15648,0.42486,-0.039823,0.15484,0.43223,-0.04596,-0.21131,0.21248,0.065712,0.26177,0.21156,0.093046,-0.32054,0.024808,0.1079,0.40419,0.047406,0.13449,-0.0012343,0.19934,-0.0092925,0,0.13875,0,-0.075873,0.06883,0.015391,0.078866,0.070149,0.0056153,-0.089689,-0.27179,-0.24503,0.054513,-0.28906,-0.22612,-0.035906,-0.55993,0.018367,0.046946,-0.55093,0.065887
-0.0052949,0.64483,-0.20849,-0.0064461,0.50392,-0.061286,-0.15619,0.43331,-0.031144,0.15458,0.43431,-0.040471,-0.22077,0.22425,0.073745,0.26986,0.23108,0.10178,-0.36658,0.078807,0.14924,0.42558,0.073146,0.1201,-0.0011697,0.20502,-0.0083654,0,0.14515,0,-0.07667,0.076284,0.012702,0.07949,0.076129,0.0048625,-0.090554,-0.27107,-0.23799,0.050792,-0.28328,-0.22579,-0.042975,-0.5683,0.0171,0.049331,-0.54416,0.067102
-0.0068653,0.64413,-0.20278,-0.004395,0.50898,-0.051741,-0.15807,0.43812,-0.020724,0.1551,0.43702,-0.03199,-0.24344,0.25153,0.093243,0.28684,0.23916,0.10066,-0.4167,0.13843,0.16645,0.4727,0.11482,0.099599,-0.00078748,0.20787,-0.0065612,0,0.14796,0,-0.076769,0.078675,0.0089675,0.078526,0.077972,0.0025061,-0.093237,-0.29274,-0.20167,0.076048,-0.28737,-0.21976,-0.045899,-0.61598,0.022878,0.11177,-0.57639,0.045492
-0.0070164,0.64312,-0.19195,-0.0038493,0.50963,-0.038644,-0.15972,0.43892,-0.0061316,0.15564,0.43823,-0.020516,-0.25058,0.25648,0.10718,0.29392,0.24899,0.10151,-0.46407,0.18259,0.14133,0.49583,0.15237,0.083562,-0.00051531,0.20518,-0.0029188,0,0.14343,0,-0.076773,0.07009,0.0014792,0.077986,0.07219,0.00011117,-0.097095,-0.36311,-0.13871,0.095951,-0.34736,-0.16393,-0.048839,-0.71661,0.040679,0.12766,-0.69902,0.021783
-0.0064831,0.63858,-0.17324,-0.0033816,0.50559,-0.02045,-0.16161,0.4348,0.011375,0.15515,0.43777,-0.0030658,-0.32479,0.25063,0.12806,0.30947,0.24713,0.099849,-0.54573,0.21524,0.10711,0.51779,0.17763,0.043727,-0.00012664,0.18697,-0.00064255,0,0.12206,0,-0.077451,0.047344,0.0019399,0.077501,0.050888,-0.002964,-0.098551,-0.48477,-0.075882,0.10693,-0.46463,-0.11614,-0.071266,-0.88068,0.0063709,0.12602,-0.84914,-0.0052497
-0.0046197,0.62142,-0.14286,0.0009396,0.48345,-0.0025071,-0.16267,0.40625,0.032319,0.16128,0.41341,0.025777,-0.33992,0.24702,0.13048,0.33644,0.22705,0.097238,-0.56226,0.24666,0.091474,0.54851,0.20195,0.01749,0.00053028,0.14951,0.0010938,0,0.083607,0,-0.074726,0.0088654,-5.7472e-05,0.073532,0.0094994,-0.0048531,-0.10388,-0.54284,-0.05322,0.1177,-0.5331,-0.086864,-0.074738,-0.93901,0.00090636,0.116,-0.93115,-0.039991
0.002372,0.59894,-0.11475,-0.0049224,0.42797,0.015331,-0.16618,0.34784,0.039008,0.16205,0.36056,0.043874,-0.36186,0.20298,0.10847,0.34767,0.19141,0.077438,-0.57443,0.23638,0.034127,0.55608,0.19596,-0.016703,-0.00087364,0.10216,0.0059997,0,0.037848,0,-0.073708,-0.037994,-0.0052337,0.075373,-0.032337,-0.0049803,-0.10769,-0.55451,-0.051006,0.10857,-0.54538,-0.084308,-0.081035,-0.94252,0.013663,0.11192,-0.93643,-0.038889
-0.0063907,0.53595,-0.082191,-0.0035783,0.37642,0.026255,-0.16519,0.28162,0.036482,0.15185,0.29187,0.043959,-0.37933,0.15415,0.079484,0.34772,0.13975,0.060854,-0.57247,0.21341,-0.029427,0.52929,0.16379,-0.080296,-0.00078534,0.04164,0.011093,0,-0.024246,0,-0.0714,-0.09587,-0.0077822,0.072669,-0.094721,-0.005912,-0.10022,-0.59443,-0.061927,0.091855,-0.58903,-0.098461,-0.092067,-0.95479,0.081613,0.10161,-0.97599,-0.0022998
-0.011173,0.51225,-0.074753,-0.012058,0.32473,0.02322,-0.16672,0.22835,0.027598,0.15493,0.24155,0.0472,-0.36658,0.10185,0.031172,0.32583,0.095447,0.046588,-0.56051,0.15254,-0.080896,0.4951,0.1087,-0.13218,-0.0026867,-0.0065184,0.013194,0,-0.071468,0,-0.072709,-0.1453,-0.0081421,0.077099,-0.14191,-0.0048107,-0.10407,-0.60407,-0.065618,0.085642,-0.60058,-0.10784,-0.094488,-0.96608,0.09279,0.099893,-0.975,0.0012795
-0.015233,0.48349,-0.057824,-0.0096966,0.31669,0.021366,-0.16304,0.22223,0.024053,0.15273,0.22952,0.038274,-0.35158,0.077197,0.010884,0.31598,0.077184,0.029622,-0.54151,0.078521,-0.13159,0.46178,0.0374,-0.1487,-0.0021646,-0.01707,0.015024,0,-0.082447,0,-0.071525,-0.15335,-0.0072452,0.075479,-0.15257,-0.0053326,-0.10202,-0.60718,-0.06622,0.089699,-0.60127,-0.10991,-0.090856,-0.96697,0.09135,0.10569,-0.97702,0.011365
-0.015909,0.48411,-0.058242,-0.0083964,0.3198,0.019685,-0.16285,0.22527,0.023441,0.15372,0.2387,0.028562,-0.34421,0.074889,0.0075797,0.30885,0.069342,0.018919,-0.50466,0.019281,-0.15054,0.44192,-0.0043508,-0.16643,-0.0016156,-0.014712,0.016614,0,-0.080046,0,-0.071581,-0.15123,-0.0065546,0.075079,-0.15017,-0.0054278,-0.10664,-0.60557,-0.056483,0.098594,-0.60245,-0.085184,-0.092878,-0.96465,0.08923,0.1064,-0.97654,0.0099822
-0.017163,0.54983,-0.052143,-0.002422,0.3832,0.018739,-0.16063,0.28501,0.018261,0.14948,0.30009,0.021737,-0.31765,0.10968,0.0051536,0.28616,0.074314,0.021231,-0.45749,-0.017164,-0.12733,0.40476,-0.041568,-0.155,-0.00053412,0.040374,0.01796,0,-0.02661,0,-0.070891,-0.098736,-0.003306,0.071714,-0.09384,-0.0072678,-0.11092,-0.58671,0.0048474,0.10522,-0.58736,-0.028931,-0.093905,-0.95492,0.067941,0.10592,-0.96622,0.0038987
-0.015569,0.6111,-0.061339,-0.0039487,0.44851,0.011053,-0.16552,0.36107,0.020776,0.14694,0.36243,0.0082769,-0.29129,0.15449,0.0095102,0.25243,0.12691,0.028631,-0.39658,-0.024562,-0.08603,0.37698,-0.034905,-0.10336,6.4883e-05,0.1042,0.017287,0,0.036549,0,-0.070192,-0.035328,-0.00055305,0.071539,-0.032118,-0.0074327,-0.10647,-0.58205,0.0084766,0.11137,-0.57339,-0.019056,-0.092686,-0.94074,0.013898,0.094509,-0.9325,-0.036277
-0.0064743,0.67491,-0.06373,-0.013492,0.50571,0.0058631,-0.16515,0.40924,0.011649,0.15073,0.42158,-0.0031167,-0.25551,0.1886,0.015333,0.25196,0.15333,0.042298,-0.35073,-0.022922,-0.037508,0.35169,-0.03504,-0.038189,-0.0013781,0.15905,0.01645,0,0.090627,0,-0.069217,0.01775,0.0030451,0.073851,0.020926,-0.0093019,-0.096982,-0.52865,-0.020874,0.10623,-0.52741,-0.040127,-0.068095,-0.90824,0.037478,0.082162,-0.91694,0.0002459
0.0049905,0.72022,-0.084624,-0.0072374,0.5363,-0.0085963,-0.16124,0.44531,-0.0023234,0.14828,0.43788,-0.01169,-0.24068,0.18931,0.013739,0.24165,0.17838,0.045575,-0.30611,-0.023871,-0.017353,0.32878,-0.027428,0.021715,-0.00064692,0.19384,0.01238,0,0.12613,0,-0.070775,0.057465,0.0051781,0.072853,0.060835,-0.0046053,-0.09351,-0.44325,-0.082158,0.092774,-0.42803,-0.092938,-0.040523,-0.82038,0.049691,0.068278,-0.80512,0.045916
0.010471,0.73512,-0.092979,-0.0052928,0.55748,-0.017014,-0.15673,0.45326,-0.009171,0.15406,0.45082,-0.016534,-0.21335,0.19829,0.036522,0.23442,0.19755,0.054934,-0.26263,-0.020021,0.02352,0.31391,-0.010882,0.06066,-0.00052329,0.21912,0.009447,0,0.15115,0,-0.073142,0.082909,0.0061768,0.07523,0.07755,-0.0053119,-0.0831,-0.32476,-0.13862,0.081603,-0.3454,-0.1248,-0.0063538,-0.67733,0.035103,0.069104,-0.68784,0.078924
0.011789,0.73982,-0.097011,-0.0054813,0.56258,-0.022203,-0.15571,0.46293,-0.01216,0.1556,0.46035,-0.019948,-0.20612,0.20158,0.041297,0.23991,0.20731,0.073126,-0.24278,-0.016979,0.060431,0.31762,0.0079549,0.12651,-0.00063241,0.23034,0.006874,0,0.16383,0,-0.07336,0.095581,0.0069456,0.075677,0.092404,-0.0031892,-0.063801,-0.27707,-0.20227,0.057485,-0.28947,-0.19318,0.0014927,-0.61763,-0.0048615,0.067449,-0.58691,0.066843
0.0075281,0.75233,-0.096861,-0.0071122,0.56618,-0.021123,-0.1575,0.46358,-0.012612,0.1545,0.46339,-0.018636,-0.20401,0.20893,0.048572,0.23738,0.21158,0.084431,-0.23584,-0.004472,0.095688,0.31663,0.018194,0.15214,-0.0010099,0.2361,0.0058989,0,0.16995,0,-0.074037,0.10032,0.007705,0.076812,0.099145,-0.0048653,-0.065966,-0.26599,-0.21293,0.057229,-0.28052,-0.19914,0.0075821,-0.59382,0.00047485,0.066916,-0.55168,0.086037
0.0049396,0.74878,-0.095998,-0.0065324,0.56871,-0.017009,-0.15862,0.46442,-0.0077031,0.15418,0.4639,-0.014926,-0.20321,0.21568,0.06578,0.2375,0.21291,0.10133,-0.26504,0.013431,0.12675,0.32368,0.019145,0.16061,-0.0009275,0.23772,0.0051951,0,0.17159,0,-0.074673,0.10111,0.0076833,0.077442,0.1012,-0.0058876,-0.073005,-0.26368,-0.21552,0.054072,-0.27821,-0.2,0.0012793,-0.56955,0.025329,0.068104,-0.54543,0.088398
0.0032781,0.74196,-0.08651,-0.0062221,0.56652,-0.013787,-0.15822,0.46198,0.0041587,0.15602,0.46217,-0.0069522,-0.20887,0.2161,0.093413,0.24056,0.21892,0.11885,-0.28015,0.011814,0.13854,0.33845,0.029345,0.17432,-0.0009316,0.23692,0.0046891,0,0.17084,0,-0.074586,0.099438,0.0060892,0.077643,0.10037,-0.0062833,-0.073771,-0.26773,-0.21271,0.052525,-0.27988,-0.19811,-0.010024,-0.55961,0.04603,0.083622,-0.55685,0.080397
-0.0019071,0.73576,-0.068797,-0.0094828,0.55773,-0.00084135,-0.16151,0.45009,0.020153,0.15167,0.45197,0.013508,-0.21789,0.21357,0.11233,0.24322,0.21536,0.13552,-0.33755,0.036715,0.1673,0.37377,0.04027,0.17246,-0.0017336,0.22088,0.008047,0,0.15285,0,-0.07196,0.078028,0.00054739,0.075889,0.085168,-0.0065254,-0.084167,-0.31286,-0.16808,0.086349,-0.31047,-0.16284,-0.034624,-0.63871,0.054036,0.10215,-0.63901,0.060183
-0.0058969,0.71857,-0.048187,-0.010607,0.52893,0.018323,-0.16356,0.42996,0.034503,0.15062,0.43505,0.030363,-0.23914,0.19415,0.1336,0.24865,0.20126,0.14743,-0.40274,0.047786,0.16546,0.41403,0.052639,0.16162,-0.0016744,0.19116,0.012616,0,0.12439,0,-0.072545,0.050781,-0.0018476,0.07646,0.056044,-0.0092247,-0.08807,-0.43281,-0.12728,0.090755,-0.39825,-0.14446,-0.05985,-0.78868,0.053425,0.086714,-0.75426,0.037895
-0.0072808,0.69251,-0.021395,-0.011406,0.49544,0.034405,-0.1678,0.39825,0.053716,0.14948,0.39125,0.057629,-0.25654,0.17484,0.13894,0.25097,0.17973,0.16088,-0.45296,0.064969,0.14073,0.44446,0.059278,0.12984,-0.0020378,0.13972,0.018628,0,0.071822,0,-0.069905,-0.00076541,-0.0066403,0.073599,0.0024987,-0.0094414,-0.085085,-0.55236,-0.076215,0.093749,-0.51332,-0.094541,-0.071989,-0.9382,0.017535,0.073392,-0.90537,0.005376
-0.0057469,0.64782,0.00050877,-0.018048,0.44507,0.046518,-0.16959,0.34279,0.060799,0.14493,0.34132,0.064843,-0.30598,0.11662,0.12708,0.27189,0.13058,0.14816,-0.52499,0.070519,0.10725,0.47832,0.054103,0.094741,-0.0032389,0.095998,0.023431,0,0.028665,0,-0.068069,-0.045649,-0.010042,0.07397,-0.035952,-0.0095554,-0.085693,-0.56119,-0.072991,0.098278,-0.56092,-0.087364,-0.06388,-0.94239,0.0099059,0.075218,-0.95156,-0.0089703
-0.015679,0.59095,0.021579,-0.018514,0.38581,0.041042,-0.17152,0.26583,0.050305,0.15357,0.27396,0.072608,-0.32698,0.074872,0.10072,0.2729,0.092438,0.11847,-0.54304,0.086599,0.030783,0.48865,0.054725,0.040356,-0.0044547,0.034709,0.025278,0,-0.032227,0,-0.071539,-0.10779,-0.011501,0.077964,-0.10175,-0.0070294,-0.066881,-0.6213,-0.077687,0.07036,-0.61531,-0.097319,-0.059681,-0.97466,0.049463,0.060022,-0.96808,0.0050236
-0.016798,0.52125,0.016611,-0.019728,0.32967,0.034579,-0.17438,0.20811,0.035417,0.14191,0.22244,0.062634,-0.34999,0.033877,0.074096,0.31967,0.038011,0.07766,-0.55712,0.093446,0.0010307,0.527,0.051761,-0.018124,-0.0051768,-0.016977,0.026643,0,-0.083005,0,-0.07062,-0.15594,-0.018254,0.077449,-0.15293,0.0020068,-0.073562,-0.62093,-0.090853,0.065599,-0.61724,-0.11242,-0.062887,-0.97655,0.041758,0.044902,-0.97566,0.013194
-0.016376,0.49289,0.014726,-0.017803,0.30679,0.031078,-0.17345,0.19233,0.02537,0.14301,0.20523,0.057479,-0.35589,0.025348,0.062628,0.31926,0.033387,0.070669,-0.54834,0.075134,-0.052734,0.51355,0.025536,-0.075592,-0.0054637,-0.034302,0.028063,0,-0.099325,0,-0.070735,-0.1735,-0.015915,0.077126,-0.1681,0.0010948,-0.081705,-0.61774,-0.10783,0.063373,-0.61609,-0.12053,-0.063553,-0.97752,0.03413,0.041592,-0.97619,0.0097551
-0.013625,0.49271,0.017298,-0.015066,0.30755,0.031911,-0.1696,0.19514,0.025703,0.14305,0.20481,0.054672,-0.3466,0.031199,0.051899,0.31956,0.030215,0.063438,-0.53759,0.05491,-0.07483,0.48753,-0.017833,-0.088911,-0.0050953,-0.035056,0.029875,0,-0.10005,0,-0.070823,-0.17303,-0.014324,0.076581,-0.1685,0.00016959,-0.085591,-0.61573,-0.10917,0.064686,-0.61613,-0.1214,-0.06655,-0.97788,0.030321,0.040725,-0.97812,0.011664
-0.012115,0.52479,0.01139,-0.013389,0.3499,0.048022,-0.16379,0.23628,0.030034,0.14912,0.25035,0.053738,-0.31987,0.06983,0.031188,0.31314,0.040494,0.05061,-0.49751,0.012555,-0.10477,0.47086,-0.039607,-0.098926,-0.0042509,0.0018791,0.034226,0,-0.062658,0,-0.070394,-0.13471,-0.014545,0.075233,-0.1297,-0.0050415,-0.097946,-0.59967,-0.081702,0.084559,-0.57437,-0.10009,-0.078695,-0.96173,0.012034,0.043018,-0.96563,-0.0019832
-0.0031609,0.58936,0.022703,-0.014466,0.41278,0.05412,-0.16086,0.30058,0.039564,0.1466,0.30415,0.053158,-0.2951,0.11919,0.051636,0.28958,0.085623,0.049459,-0.44703,-0.0056955,-0.06759,0.43625,-0.066799,-0.084772,-0.0037054,0.05519,0.037046,0,-0.01052,0,-0.068508,-0.080121,-0.014871,0.073185,-0.077765,-0.0066206,-0.10249,-0.5932,-0.050764,0.08391,-0.60609,-0.041165,-0.082376,-0.95857,-0.0041502,0.04575,-0.96047,-0.01979
-0.0020953,0.64891,0.0053684,-0.011912,0.4743,0.043645,-0.16844,0.36386,0.039973,0.139,0.36534,0.028582,-0.29407,0.1397,0.039098,0.25282,0.13529,0.035592,-0.42557,-0.014652,-0.068034,0.39415,-0.072205,-0.031736,-0.00077457,0.11057,0.036902,0,0.042785,0,-0.066846,-0.026524,-0.0059479,0.070636,-0.025202,-0.011869,-0.10156,-0.58839,-0.058616,0.075518,-0.58604,-0.030386,-0.078227,-0.95121,-0.038484,0.043683,-0.95184,-0.053744
7.2527e-05,0.71077,0.0068749,-0.008,0.51748,0.024311,-0.16712,0.40704,0.026639,0.14343,0.41241,0.0031911,-0.27297,0.16467,0.023365,0.25601,0.13785,0.026954,-0.38133,-0.03948,-0.04598,0.35054,-0.065006,0.0091672,0.0011821,0.15909,0.034151,0,0.090349,0,-0.069011,0.023581,0.00032316,0.071708,0.015729,-0.012806,-0.086882,-0.50789,-0.08843,0.075676,-0.55412,-0.045669,-0.051139,-0.87762,-0.03337,0.041032,-0.92746,-0.040875
0.00025898,0.72696,-0.02292,-0.011396,0.53302,8.4794e-05,-0.16815,0.41757,-0.00066988,0.14323,0.42393,-0.019531,-0.25598,0.17208,0.007378,0.23847,0.16713,0.047881,-0.33564,-0.037075,-0.010612,0.33077,-0.033301,0.073317,-0.000275,0.18923,0.026442,0,0.12291,0,-0.070986,0.050185,0.0029339,0.075535,0.056762,-0.0057651,-0.065208,-0.42922,-0.12865,0.073506,-0.43433,-0.11439,-0.043219,-0.77524,0.0027115,0.034321,-0.8218,-0.0037818
0.0037924,0.73975,-0.040695,-0.014179,0.54569,-0.012513,-0.17016,0.4231,-0.013419,0.14543,0.43212,-0.02304,-0.22638,0.17971,0.014894,0.23281,0.17315,0.052341,-0.29127,-0.033941,0.01896,0.31627,-0.029348,0.086445,-0.0016034,0.20699,0.022659,0,0.13881,0,-0.071933,0.06848,0.0061259,0.07694,0.067899,-0.0053731,-0.09791,-0.29584,-0.21647,0.075941,-0.33244,-0.14941,-0.039036,-0.64212,-0.024931,0.041598,-0.67221,0.0026955
0.0012568,0.73991,-0.048076,-0.015232,0.54705,-0.018497,-0.17046,0.42822,-0.013905,0.14485,0.43855,-0.022148,-0.22182,0.17878,0.020067,0.22839,0.17979,0.065127,-0.27836,-0.024679,0.082154,0.31425,-0.014004,0.12494,-0.0019536,0.21178,0.018809,0,0.14418,0,-0.072051,0.0731,0.0058998,0.077342,0.074423,-0.0030159,-0.070151,-0.28707,-0.22504,0.048709,-0.30445,-0.19742,-0.025241,-0.5958,0.020159,0.046561,-0.61743,0.046594
-0.0026034,0.74378,-0.051512,-0.015372,0.54874,-0.02285,-0.1694,0.43379,-0.012093,0.14401,0.4456,-0.013886,-0.21674,0.19503,0.06206,0.22297,0.19628,0.071442,-0.28026,-0.016829,0.084698,0.3155,0.0069244,0.13474,-0.0024278,0.21567,0.015853,0,0.14831,0,-0.072184,0.076471,0.0052507,0.077418,0.08013,-0.0010015,-0.073289,-0.28102,-0.22986,0.048711,-0.29559,-0.20158,-0.040077,-0.57604,0.031859,0.055979,-0.57264,0.079302
-0.0059715,0.7393,-0.047095,-0.0099662,0.5496,-0.00505,-0.16804,0.43463,-0.0051103,0.14787,0.44544,0.0024402,-0.21876,0.19835,0.065748,0.22829,0.20503,0.082738,-0.29605,-0.0008057,0.12051,0.33709,0.019436,0.13251,-0.0024766,0.21498,0.016217,0,0.14852,0,-0.072471,0.076417,0.0043613,0.076923,0.08012,-0.002736,-0.058626,-0.28911,-0.2166,0.062786,-0.30323,-0.18877,-0.037971,-0.58374,0.046835,0.058242,-0.5911,0.082119
-0.0036872,0.73494,-0.030437,-0.0092122,0.54463,-0.0016865,-0.16413,0.43254,0.0043047,0.15143,0.43689,0.021453,-0.2237,0.19577,0.084421,0.24211,0.20177,0.10158,-0.33452,0.014405,0.14259,0.38877,0.033006,0.1475,-0.0028397,0.21008,0.016162,0,0.14398,0,-0.072494,0.072763,0.0028293,0.076391,0.074793,-0.0033701,-0.065647,-0.31429,-0.17505,0.096041,-0.32558,-0.15724,-0.056886,-0.63568,0.058823,0.087262,-0.63977,0.085354
-0.0034892,0.72897,-0.023353,-0.010336,0.53555,0.01023,-0.16468,0.41568,0.018107,0.15668,0.41632,0.045428,-0.2389,0.17881,0.10492,0.25495,0.18184,0.13676,-0.39866,0.035413,0.15635,0.42532,0.038113,0.14617,-0.0036636,0.19157,0.018978,0,0.12298,0,-0.073573,0.048189,-0.0032731,0.077674,0.051711,-0.0044602,-0.073491,-0.41316,-0.13046,0.092672,-0.42046,-0.12016,-0.036858,-0.76076,0.063975,0.07055,-0.77695,0.061548
-0.0017249,0.68489,0.00068683,-0.0061645,0.5009,0.042006,-0.17037,0.38842,0.036748,0.15267,0.39149,0.057349,-0.2747,0.14722,0.12214,0.24823,0.17042,0.14456,-0.47266,0.039538,0.12965,0.43675,0.0471,0.12994,-0.0026067,0.155,0.026281,0,0.08893,0,-0.06893,-0.0011201,-0.014527,0.07252,0.034424,-0.0043377,-0.079557,-0.5222,-0.072787,0.092493,-0.53258,-0.068207,-0.064847,-0.89545,0.077727,0.078194,-0.91311,0.065874
-0.0093172,0.66575,0.0069503,-0.021175,0.45912,0.047825,-0.17024,0.33548,0.048392,0.14956,0.34228,0.068278,-0.29244,0.12157,0.11338,0.2459,0.14268,0.14813,-0.51259,0.042566,0.097409,0.46078,0.03087,0.085407,-0.0050361,0.10712,0.03026,0,0.041433,0,-0.068415,-0.0401,-0.020093,0.075038,-0.016908,-0.00061617,-0.081312,-0.58105,-0.059834,0.10167,-0.48075,-0.066258,-0.061081,-0.94249,0.089856,0.071329,-0.87135,0.038613
-0.0033953,0.59275,0.019235,-0.018693,0.3905,0.041728,-0.17089,0.27254,0.031908,0.15327,0.27521,0.067393,-0.30892,0.073138,0.078683,0.27524,0.066829,0.12193,-0.52393,0.024038,0.027467,0.47031,-0.00096902,0.022976,-0.0060094,0.047708,0.031151,0,-0.016431,0,-0.072214,-0.099494,-0.017518,0.078871,-0.07828,-0.0017449,-0.080424,-0.58882,-0.07378,0.0784,-0.59868,-0.07909,-0.066488,-0.95217,0.096926,0.052312,-0.96027,0.080549
-0.015922,0.52768,0.013801,-0.017253,0.33255,0.023308,-0.17156,0.20857,0.025784,0.14544,0.22264,0.062162,-0.31273,0.029047,0.048448,0.28567,0.021638,0.084786,-0.52877,-0.0063515,-0.010926,0.47495,-0.047944,-0.035689,-0.0059412,-0.012969,0.02906,0,-0.079039,0,-0.070457,-0.15191,-0.014543,0.076457,-0.1493,0.0021406,-0.081959,-0.59446,-0.082113,0.070412,-0.60354,-0.092199,-0.077051,-0.95247,0.098832,0.049272,-0.96232,0.073731
-0.016867,0.49472,0.0021717,-0.012472,0.30173,0.026184,-0.17017,0.18855,0.019946,0.14638,0.21068,0.054801,-0.31402,0.0090195,0.02321,0.30293,-0.017426,0.051575,-0.53264,-0.052243,-0.087563,0.47145,-0.10468,-0.079618,-0.0051686,-0.035369,0.030538,0,-0.099605,0,-0.071105,-0.17212,-0.016637,0.075623,-0.17068,0.003959,-0.075099,-0.59951,-0.087082,0.070395,-0.60631,-0.09985,-0.073542,-0.95762,0.093889,0.049125,-0.96746,0.073659
-0.016399,0.49195,-0.0013501,-0.011648,0.29964,0.023063,-0.16866,0.18854,0.017468,0.14765,0.20736,0.051686,-0.3125,0.013934,0.010238,0.3027,-0.017248,0.048105,-0.49893,-0.073263,-0.090248,0.45785,-0.13334,-0.088497,-0.0050048,-0.037595,0.030502,0,-0.10203,0,-0.071455,-0.17499,-0.015352,0.075531,-0.17245,0.0038374,-0.074542,-0.60013,-0.089647,0.072717,-0.60694,-0.10065,-0.072301,-0.96037,0.087717,0.050086,-0.96797,0.070134
-0.014665,0.5006,-0.0055625,-0.011036,0.3161,0.015874,-0.15835,0.23133,0.019422,0.14802,0.22592,0.042823,-0.31004,0.042471,-0.0082995,0.29277,-0.0057488,0.042808,-0.48048,-0.089951,-0.12418,0.44572,-0.13908,-0.090815,-0.004163,-0.022213,0.029352,0,-0.087081,0,-0.069868,-0.15619,-0.013426,0.074009,-0.15567,0.0051734,-0.087851,-0.60099,-0.068476,0.090601,-0.60059,-0.066257,-0.096428,-0.9504,0.084332,0.05195,-0.96597,0.066424
-0.0047288,0.56992,-0.0089241,-0.0058067,0.39069,0.028679,-0.16021,0.2837,0.009398,0.15415,0.2915,0.042612,-0.29882,0.080137,-0.0081035,0.27814,0.047572,0.054978,-0.46391,-0.094178,-0.10779,0.40269,-0.11939,-0.049813,-0.0041001,0.043659,0.032628,0,-0.02207,0,-0.070174,-0.092954,-0.014207,0.072165,-0.092729,0.0001319,-0.1023,-0.59149,-0.020573,0.096932,-0.59191,-0.033086,-0.097473,-0.94642,0.076087,0.05367,-0.96317,0.060201
-0.0049646,0.63764,-0.015153,-0.0061032,0.45554,0.025487,-0.1666,0.34795,0.013424,0.15114,0.36484,0.026462,-0.28487,0.11166,0.0071566,0.26181,0.1178,0.063963,-0.40869,-0.06372,-0.068741,0.37445,-0.079834,-0.021357,-0.0021477,0.10503,0.032977,0,0.03835,0,-0.070281,-0.034675,-0.0099417,0.07237,-0.031387,-0.0030102,-0.095166,-0.58025,-0.0030064,0.10009,-0.5777,0.0041389,-0.088294,-0.93561,0.054566,0.064785,-0.94851,0.037521
0.0073474,0.70049,-0.020536,-0.00050007,0.52394,0.010577,-0.16342,0.40682,-0.0034662,0.15155,0.41629,0.016395,-0.25822,0.17052,0.013471,0.25659,0.14358,0.062021,-0.35965,-0.032286,-0.046507,0.37503,-0.044918,0.025636,-0.0019545,0.16495,0.029695,0,0.095115,0,-0.070391,0.022587,-0.0073959,0.070557,0.025874,-0.00018843,-0.080044,-0.54329,-0.029787,0.098461,-0.54321,-0.0084653,-0.05897,-0.92643,0.036552,0.051329,-0.92822,0.045812
-0.00038248,0.73794,-0.039871,-0.0025603,0.54754,-0.0051941,-0.16306,0.42984,-0.020693,0.14651,0.452,-0.0087837,-0.25443,0.17425,0.0073357,0.25088,0.19748,0.062823,-0.34558,-0.0303,-0.0038694,0.36364,-0.0029088,0.057639,-0.0015648,0.20191,0.024161,0,0.134,0,-0.071221,0.064322,-0.0022084,0.072327,0.068722,0.0017486,-0.079889,-0.43647,-0.11171,0.093878,-0.40374,-0.08852,-0.027813,-0.797,0.058844,0.042969,-0.76737,0.076484
0.009216,0.75369,-0.044021,-0.0055968,0.56164,-0.010379,-0.16165,0.4436,-0.021434,0.14713,0.45429,-0.014091,-0.24171,0.19435,0.012072,0.25341,0.20724,0.067299,-0.3269,-0.010171,0.032487,0.3697,0.0018258,0.061227,-0.0016249,0.21828,0.021107,0,0.14973,0,-0.071181,0.078361,-0.0035925,0.073305,0.082402,0.0030827,-0.074938,-0.31369,-0.16956,0.093568,-0.31906,-0.1347,-0.019522,-0.65969,0.024919,0.044248,-0.64216,0.093634
0.010023,0.75564,-0.052777,-0.0058283,0.57019,-0.017194,-0.16202,0.45616,-0.017657,0.15168,0.46074,-0.012683,-0.23577,0.22095,0.040063,0.25088,0.22811,0.09273,-0.3282,0.020324,0.064697,0.38028,0.04562,0.091083,-0.0013888,0.23297,0.017217,0,0.16561,0,-0.072388,0.093838,-0.0014377,0.074872,0.094635,0.0029207,-0.064224,-0.28109,-0.20507,0.092771,-0.29838,-0.15923,-0.012978,-0.60526,0.021467,0.060973,-0.58091,0.11615
0.0077415,0.76678,-0.056542,-0.0091545,0.57769,-0.017665,-0.16376,0.46317,-0.014159,0.15132,0.46659,-0.0085906,-0.23881,0.23059,0.059467,0.24824,0.23372,0.095928,-0.34423,0.037425,0.088847,0.3897,0.061097,0.10247,-0.0018964,0.24014,0.015037,0,0.17247,0,-0.072529,0.1,-0.001613,0.076143,0.10264,0.0035284,-0.064279,-0.27307,-0.20863,0.082998,-0.28769,-0.16611,-0.022268,-0.51229,0.10119,0.055426,-0.53029,0.14277
0.0070766,0.76673,-0.051472,-0.01211,0.58006,-0.012529,-0.16456,0.46682,-0.0068033,0.1518,0.47092,0.0055748,-0.24889,0.23359,0.07864,0.24701,0.23651,0.10407,-0.39306,0.07604,0.13386,0.40319,0.076599,0.1063,-0.0026599,0.24184,0.013772,0,0.17484,0,-0.072385,0.10231,-0.0027238,0.077061,0.10573,0.0025024,-0.064379,-0.27262,-0.20591,0.082767,-0.28607,-0.16319,-0.061802,-0.53676,0.087301,0.11817,-0.56411,-0.30839
0.0078243,0.76541,-0.041571,-0.012214,0.58195,0.0054287,-0.16595,0.46909,0.013772,0.15547,0.47212,0.022417,-0.26905,0.2319,0.11325,0.24811,0.23989,0.1157,-0.45712,0.099701,0.1498,0.43001,0.10995,0.088716,-0.0019786,0.24349,0.017825,0,0.17844,0,-0.072678,0.10552,-0.0081845,0.076237,0.10938,-0.0039693,-0.062547,-0.28037,-0.1877,0.087876,-0.28869,-0.15185,-0.065052,-0.57513,0.077275,0.11385,-0.58393,-0.24916
0.0024734,0.76228,-0.023443,-0.011804,0.57828,0.019308,-0.16859,0.46694,0.026982,0.15235,0.47019,0.035186,-0.2771,0.23775,0.12114,0.24785,0.24161,0.12563,-0.49205,0.13818,0.14716,0.44131,0.12121,0.089417,-0.0024855,0.23768,0.022477,0,0.17095,0,-0.07135,0.097183,-0.011601,0.07537,0.1007,-0.0049671,-0.078406,-0.34815,-0.13342,0.092638,-0.35804,-0.10987,-0.087817,-0.67352,0.096454,0.091521,-0.66176,0.14569
-0.0021257,0.74815,0.0082533,-0.013644,0.56103,0.039725,-0.17191,0.4387,0.050644,0.15563,0.44526,0.057656,-0.29392,0.23028,0.11807,0.27593,0.22199,0.13729,-0.52596,0.14706,0.099526,0.46754,0.12642,0.054815,-0.0027812,0.20765,0.027667,0,0.13935,0,-0.072188,0.063351,-0.015931,0.077236,0.064973,-0.0057509,-0.085055,-0.46216,-0.073896,0.10091,-0.46989,-0.044184,-0.095282,-0.81444,0.11732,0.088917,-0.82293,0.14569
-0.0050529,0.71945,0.019719,-0.014597,0.52665,0.05886,-0.17437,0.4024,0.050017,0.1549,0.39775,0.065616,-0.31029,0.20538,0.076297,0.2828,0.19732,0.12668,-0.55473,0.1565,0.03861,0.47907,0.11877,0.0027992,-0.0036163,0.15673,0.032044,0,0.088273,0,-0.072622,0.012175,-0.018708,0.077476,0.017896,-0.0058989,-0.09225,-0.55679,-0.026753,0.099184,-0.551,-0.017074,-0.093108,-0.93246,0.10353,0.077971,-0.91613,0.11491
-0.0017939,0.66616,0.032737,-0.015014,0.41646,0.049006,-0.16537,0.35091,0.046144,0.15462,0.35981,0.070626,-0.31676,0.16859,0.062261,0.30022,0.1411,0.096625,-0.53588,0.13017,-0.028941,0.47787,0.075711,-0.035517,-0.0044306,0.099962,0.032124,0,0.04272,0,-0.06682,-0.025855,-0.015857,0.072083,-0.027804,-0.0077502,-0.090349,-0.59332,-0.028802,0.10242,-0.59054,-0.014429,-0.091267,-0.93719,0.10055,0.083223,-0.93425,0.049702
-0.0022464,0.60694,0.043256,-0.014787,0.41583,0.049786,-0.163,0.28068,0.03879,0.15107,0.28927,0.055369,-0.31915,0.11465,0.018548,0.29689,0.093148,0.066663,-0.54077,0.075921,-0.11533,0.45786,0.006354,-0.075034,-0.0033775,0.04716,0.036007,0,-0.021444,0,-0.068962,-0.09229,-0.01887,0.072792,-0.090757,-0.0044941,-0.086434,-0.59961,-0.042723,0.086885,-0.60448,-0.049869,-0.092208,-0.95791,0.1227,0.076519,-0.94805,0.062913
-0.012854,0.54054,0.03181,-0.014283,0.34951,0.02872,-0.16299,0.22689,0.030456,0.14977,0.23331,0.044213,-0.32327,0.073481,-0.024283,0.30572,0.039414,0.030585,-0.51614,0.012553,-0.14576,0.45331,-0.050078,-0.12447,-0.0036332,-0.0050459,0.032122,0,-0.072416,0,-0.069244,-0.14429,-0.01255,0.073999,-0.14102,-0.0011306,-0.085986,-0.60726,-0.056485,0.076306,-0.60236,-0.084915,-0.10266,-0.96514,0.12527,0.076807,-0.95424,0.060855
-0.016997,0.51987,0.014599,-0.015817,0.33739,0.026354,-0.16213,0.21536,0.02163,0.14843,0.22333,0.040163,-0.33863,0.038432,-0.04732,0.29876,0.023947,0.026755,-0.50389,-0.041712,-0.1878,0.44212,-0.096067,-0.13995,-0.0043636,-0.014752,0.032624,0,-0.081768,0,-0.068733,-0.15243,-0.013023,0.073969,-0.15016,6.5009e-05,-0.084038,-0.60903,-0.058086,0.077924,-0.60232,-0.088771,-0.10065,-0.96846,0.1211,0.079179,-0.95455,0.05995
-0.017307,0.52032,0.014764,-0.014276,0.33705,0.023089,-0.16097,0.21792,0.01854,0.14626,0.22559,0.026425,-0.30887,0.053392,-0.054592,0.28722,0.018727,0.017942,-0.46622,-0.060559,-0.17828,0.42381,-0.097069,-0.12885,-0.0032607,-0.014517,0.032886,0,-0.081745,0,-0.068726,-0.15239,-0.012896,0.073828,-0.14998,0.0001922,-0.091928,-0.6119,-0.049898,0.08063,-0.6021,-0.083849,-0.099935,-0.97436,0.12453,0.0778,-0.956,0.062327
-0.019166,0.57727,0.024673,-0.013753,0.39375,0.031853,-0.15754,0.27741,0.0084804,0.14842,0.28605,0.030981,-0.29984,0.075058,-0.041985,0.28507,0.046685,0.030081,-0.44559,-0.065194,-0.15038,0.41949,-0.098098,-0.10693,-0.0045755,0.037849,0.035164,0,-0.029178,0,-0.068103,-0.099597,-0.014031,0.072576,-0.096334,-0.00035519,-0.10496,-0.60362,0.013543,0.10204,-0.58854,-0.0030827,-0.10813,-0.95986,0.13023,0.081302,-0.94134,0.08037
-0.015398,0.63786,0.022828,-0.013876,0.40096,0.04097,-0.16411,0.34388,0.011976,0.14414,0.36042,0.02978,-0.29017,0.12377,-0.020396,0.28324,0.11649,0.039008,-0.39214,-0.058267,-0.11402,0.39607,-0.066817,-0.051258,-0.0039768,0.089676,0.037219,0,0.031174,0,-0.065176,-0.040707,-0.012823,0.070181,-0.034847,-0.0050999,-0.10707,-0.58779,0.053271,0.11095,-0.56604,0.054495,-0.093077,-0.95017,0.12202,0.087175,-0.92812,0.080641
-0.014172,0.70447,0.021251,-0.011265,0.46869,0.036484,-0.16918,0.39479,0.012045,0.1462,0.41292,0.026704,-0.26189,0.15561,0.0076211,0.28421,0.15054,0.052968,-0.36751,-0.041544,-0.08769,0.39973,-0.033297,-0.014203,-0.0032388,0.14478,0.038393,0,0.085373,0,-0.067494,0.013244,-0.010337,0.071637,0.016532,-0.0076315,-0.096075,-0.55145,0.046248,0.11207,-0.54648,0.056356,-0.059415,-0.93617,0.097717,0.076428,-0.92803,0.10002
-0.016888,0.75773,0.014373,-0.0080568,0.5759,0.035042,-0.16432,0.45121,0.0087385,0.14189,0.4669,0.013549,-0.24557,0.17752,0.027018,0.27902,0.20537,0.057226,-0.32883,-0.027507,-0.01995,0.40411,0.019588,0.046421,-0.0017074,0.20864,0.03932,0,0.1399,0,-0.069561,0.069066,-0.004187,0.072098,0.073407,-0.010746,-0.07821,-0.47207,-0.030835,0.10086,-0.48337,0.010732,-0.021373,-0.83729,0.13041,0.06785,-0.85901,0.15628
-0.011106,0.78983,-0.0022819,-0.0084021,0.5945,0.025351,-0.16458,0.4649,0.0088968,0.1511,0.48406,0.0095186,-0.22895,0.21866,0.0436,0.28104,0.22376,0.070113,-0.30131,0.0067175,0.026633,0.40538,0.037473,0.061511,-0.0013039,0.25346,0.037192,0,0.18907,0,-0.07229,0.11103,3.7686e-05,0.075458,0.11985,-0.011805,-0.075812,-0.34707,-0.10013,0.10457,-0.35904,-0.042158,-0.013074,-0.67934,0.11368,0.057192,-0.70433,0.15617
-0.0086217,0.80707,-0.015847,-0.014446,0.61206,0.0067101,-0.16688,0.48063,0.0023827,0.15249,0.49336,0.011013,-0.22687,0.22399,0.053521,0.27737,0.25283,0.089513,-0.30825,0.016167,0.060562,0.41152,0.074586,0.097651,-0.0028323,0.26251,0.034182,0,0.19539,0,-0.072064,0.12037,-0.0015696,0.076302,0.12523,-0.0086745,-0.053666,-0.27685,-0.15227,0.10448,-0.28965,-0.086922,-0.019286,-0.57871,0.10402,0.077149,-0.57558,0.18631
-0.011617,0.81347,-0.017186,-0.015566,0.61507,0.0012342,-0.16631,0.49516,0.0031543,0.15232,0.49845,0.014682,-0.22637,0.25285,0.077188,0.26498,0.27367,0.10039,-0.32358,0.054959,0.10461,0.40887,0.10304,0.10736,-0.0035125,0.27119,0.030713,0,0.20419,0,-0.072038,0.13009,-0.00067082,0.076973,0.13341,-0.0060609,-0.052743,-0.26114,-0.16715,0.098763,-0.27748,-0.10721,-0.020553,-0.5389,0.11325,0.081215,-0.52816,0.19694
-0.012942,0.81341,-0.023012,-0.018454,0.61933,-0.0055663,-0.16742,0.50242,0.0024204,0.14842,0.50319,0.015278,-0.23141,0.26854,0.093418,0.25796,0.27839,0.10236,-0.35304,0.094538,0.15264,0.41864,0.12315,0.10677,-0.0039904,0.276,0.026974,0,0.20817,0,-0.071194,0.13489,-0.00038157,0.077359,0.13873,-0.004609,-0.060648,-0.25183,-0.17843,0.091835,-0.27042,-0.11442,-0.022302,-0.52391,0.10632,0.078736,-0.5217,0.18945
-0.020159,0.80672,-0.032481,-0.023168,0.61879,-0.0038468,-0.17004,0.50418,0.0043952,0.14392,0.50627,0.016624,-0.25437,0.27119,0.11665,0.25333,0.28306,0.10881,-0.39519,0.10901,0.16807,0.42455,0.13921,0.11043,-0.0048658,0.27712,0.025107,0,0.20974,0,-0.069782,0.13614,-0.0001922,0.078025,0.14209,-0.0047051,-0.057485,-0.25185,-0.17491,0.09437,-0.26713,-0.11359,-0.028446,-0.53862,0.097311,0.073827,-0.55388,0.15936
-0.020596,0.80266,-0.026055,-0.023801,0.61189,9.4216e-06,-0.17212,0.50143,0.013704,0.14063,0.50365,0.017665,-0.26198,0.2729,0.12802,0.25342,0.28547,0.11915,-0.44279,0.15327,0.17232,0.44234,0.16508,0.11202,-0.0042837,0.27102,0.023931,0,0.20401,0,-0.069269,0.12928,0.00025627,0.077706,0.1371,-0.005522,-0.057743,-0.27978,-0.1591,0.10869,-0.27649,-0.10768,-0.041958,-0.59391,0.085053,0.073326,-0.57692,0.14995
-0.024112,0.79221,-0.013875,-0.028393,0.60574,0.0087922,-0.18192,0.48314,0.02042,0.13815,0.49697,0.028177,-0.29273,0.26819,0.12348,0.26192,0.27798,0.11926,-0.49459,0.15284,0.13078,0.45499,0.16891,0.074546,-0.0056727,0.25339,0.025165,0,0.18377,0,-0.06775,0.10419,-0.0015649,0.078659,0.11567,-0.0068721,-0.066212,-0.37769,-0.11521,0.11165,-0.37401,-0.064326,-0.075038,-0.72385,0.086708,0.093232,-0.70798,0.1547
-0.030472,0.76615,-0.0083824,-0.033593,0.57026,0.014055,-0.18892,0.44701,0.019207,0.13195,0.46189,0.019627,-0.30551,0.24954,0.11499,0.27089,0.261,0.12714,-0.52335,0.14563,0.096802,0.46176,0.15939,0.05586,-0.00566,0.20907,0.025455,0,0.13939,0,-0.066719,0.06165,-0.0030224,0.078261,0.076131,-0.0044564,-0.067948,-0.49727,-0.060139,0.10875,-0.47107,-0.030555,-0.079634,-0.87498,0.057424,0.095585,-0.83248,0.10206
-0.029776,0.72429,0.0030677,-0.030764,0.47196,0.0047626,-0.18783,0.39852,0.017563,0.13696,0.40659,0.031796,-0.31154,0.20793,0.087778,0.28454,0.20968,0.10714,-0.52368,0.10307,0.043843,0.4742,0.12068,0.015235,-0.0061891,0.15237,0.023184,0,0.089896,0,-0.064669,0.0099583,-0.0065329,0.076399,0.024162,-3.7686e-06,-0.076791,-0.55157,-0.045077,0.11297,-0.54406,-0.013986,-0.078011,-0.93034,0.030584,0.097875,-0.91945,0.063786
-0.027905,0.669,-0.0091559,-0.031113,0.47136,0.010218,-0.18663,0.34896,0.0097598,0.1362,0.35876,0.020385,-0.30692,0.16061,0.049054,0.28346,0.15299,0.09503,-0.51088,0.043827,-0.021403,0.46133,0.05659,-0.013692,-0.0066128,0.11386,0.023942,0,0.039867,0,-0.065265,-0.038029,-0.0089816,0.077398,-0.027313,0.0021971,-0.076177,-0.57542,-0.042654,0.11677,-0.56186,-0.014763,-0.068212,-0.94151,0.044949,0.093921,-0.92704,0.037501
-0.03264,0.60514,-0.0032919,-0.033621,0.40377,0.003046,-0.18112,0.27561,-0.0058744,0.13159,0.28711,0.021079,-0.30295,0.091664,0.0087894,0.27975,0.093846,0.070555,-0.47141,-0.054897,-0.021962,0.43775,-0.018629,-0.054001,-0.0076083,0.046098,0.021676,0,-0.024222,0,-0.065778,-0.10031,-0.01126,0.07688,-0.089467,0.0061655,-0.072988,-0.59288,-0.050509,0.10906,-0.59146,-0.056944,-0.058921,-0.96843,0.098407,0.080442,-0.94497,0.047408
-0.028516,0.53376,-0.0068768,-0.041177,0.33878,-3.2033e-05,-0.18273,0.21578,-0.014764,0.13077,0.22957,0.029067,-0.30743,0.019297,-0.016904,0.27932,0.031219,0.046173,-0.46645,-0.1302,-0.095098,0.43152,-0.087731,-0.081995,-0.0099544,-0.0079456,0.019891,0,-0.076121,0,-0.065136,-0.15143,-0.012239,0.079218,-0.14271,0.0080149,-0.069182,-0.62803,-0.063959,0.085607,-0.59551,-0.086621,-0.061743,-0.98703,0.11756,0.072999,-0.95905,0.062206
-0.035895,0.50223,-0.022435,-0.039043,0.32299,0.0015376,-0.1814,0.20446,-0.017232,0.13042,0.21208,0.018787,-0.30157,-0.014605,-0.028245,0.27874,0.0045262,0.039146,-0.4546,-0.18673,-0.11927,0.43028,-0.15951,-0.10324,-0.0090299,-0.019504,0.019313,0,-0.086972,0,-0.065061,-0.1612,-0.013062,0.078519,-0.15414,0.008308,-0.068807,-0.6266,-0.066642,0.085231,-0.60637,-0.08782,-0.063197,-0.9842,0.11746,0.073894,-0.95858,0.061931
-0.036847,0.50425,-0.011173,-0.03906,0.32362,0.011515,-0.18307,0.2057,-0.011343,0.13017,0.21952,0.024648,-0.29486,-0.0095807,-0.027797,0.26813,0.017786,0.053091,-0.44083,-0.19876,-0.10381,0.39888,-0.17214,-0.080914,-0.0088906,-0.017244,0.021846,0,-0.083453,0,-0.065844,-0.15831,-0.013048,0.079298,-0.14971,0.0027963,-0.07567,-0.61403,-0.060556,0.091007,-0.59889,-0.072937,-0.074715,-0.97463,0.11759,0.072913,-0.95858,0.074274
-0.046484,0.56762,0.01076,-0.035503,0.38487,0.018844,-0.18562,0.26072,0.0035463,0.12447,0.28061,0.031446,-0.27794,0.025562,0.0090975,0.26049,0.024306,0.07056,-0.39529,-0.17546,-0.044884,0.3716,-0.16389,-0.025972,-0.0078461,0.032185,0.023377,0,-0.036132,0,-0.065983,-0.11126,-0.0094979,0.077722,-0.10021,-0.00082627,-0.081161,-0.60323,-0.012938,0.11014,-0.5928,-0.00049934,-0.085106,-0.94869,0.11918,0.087133,-0.94819,0.084856
-0.0393,0.64001,0.010413,-0.030473,0.45679,0.016789,-0.18391,0.3305,0.006891,0.12882,0.34838,0.02356,-0.26297,0.076858,0.049039,0.24027,0.094156,0.065748,-0.36475,-0.13167,-0.0039015,0.35437,-0.10528,0.026088,-0.0062335,0.095682,0.023728,0,0.025462,0,-0.065858,-0.049963,-0.0073601,0.075775,-0.039495,-0.0021359,-0.081554,-0.58914,0.029949,0.11801,-0.58558,0.034208,-0.071069,-0.94538,0.10993,0.088439,-0.93934,0.08383
-0.035925,0.69519,0.0075439,-0.029604,0.51023,0.0059413,-0.1794,0.37952,0.0067581,0.13172,0.40075,0.0077832,-0.2519,0.10802,0.058473,0.24523,0.13348,0.070595,-0.33898,-0.098184,0.056487,0.36095,-0.058398,0.060249,-0.0049439,0.14497,0.021466,0,0.073081,0,-0.065024,-0.001486,-0.00077351,0.074503,0.0076791,-0.0050952,-0.077438,-0.56913,0.033448,0.11179,-0.55848,0.033606,-0.023986,-0.94665,0.08957,0.069492,-0.94123,0.090268
-0.026883,0.74649,-0.0014632,-0.028432,0.55545,-0.010328,-0.17882,0.41739,0.00072829,0.13166,0.43701,-0.011559,-0.24268,0.16788,0.064532,0.24558,0.19835,0.074719,-0.33496,-0.03576,0.067512,0.35722,0.0041897,0.070106,-0.0039084,0.19731,0.016662,0,0.12573,0,-0.067881,0.051208,0.003861,0.077138,0.060339,-0.0045318,-0.066358,-0.4519,-0.056091,0.10125,-0.44183,-0.044625,-0.021164,-0.81325,0.11688,0.066074,-0.8008,0.13464
-0.021048,0.77003,-0.039786,-0.021047,0.5664,-0.01705,-0.17301,0.4413,-0.0070229,0.13357,0.44879,-0.014,-0.24388,0.20466,0.063883,0.25194,0.20634,0.074566,-0.33537,0.0043077,0.092936,0.39162,0.031118,0.05807,-0.0029748,0.2141,0.01351,0,0.14414,0,-0.069222,0.072454,0.0053788,0.0757,0.07888,-0.0036631,-0.05595,-0.33059,-0.12809,0.10189,-0.33003,-0.11294,-0.016444,-0.66189,0.092964,0.04225,-0.65283,0.11527
-0.020963,0.77593,-0.045044,-0.021391,0.57428,-0.027585,-0.17674,0.45817,-0.0070869,0.13212,0.45722,-0.015496,-0.24544,0.22905,0.067001,0.25916,0.22224,0.076264,-0.35343,0.036481,0.093212,0.4074,0.054275,0.056862,-0.0031205,0.23387,0.0095931,0,0.16632,0,-0.069368,0.092546,0.0080253,0.076171,0.099481,-0.0018024,-0.056988,-0.28367,-0.19275,0.10184,-0.29781,-0.15089,-0.02075,-0.57189,0.078106,0.040452,-0.56554,0.13473
-0.024049,0.78493,-0.064126,-0.016708,0.57698,-0.039655,-0.17435,0.45975,-0.004202,0.13503,0.46457,-0.023465,-0.24627,0.23389,0.077439,0.26428,0.23631,0.073873,-0.40383,0.088323,0.13008,0.4382,0.09554,0.04806,-0.0020104,0.24159,0.0065782,0,0.17396,0,-0.071295,0.10476,0.0077276,0.076694,0.10441,0.00048898,-0.061481,-0.26179,-0.21118,0.10886,-0.28837,-0.15952,-0.025244,-0.55001,0.059675,0.027475,-0.51703,0.15171
-0.019651,0.77227,-0.071256,-0.025135,0.56566,-0.0524,-0.17675,0.46008,-0.0098597,0.13503,0.46434,-0.029882,-0.25178,0.24443,0.086263,0.27518,0.24446,0.068711,-0.43654,0.13516,0.13848,0.46168,0.12101,0.041307,-0.0027473,0.24214,0.0035774,0,0.17492,0,-0.071245,0.10472,0.010316,0.078265,0.10586,0.0005342,-0.066337,-0.25554,-0.21932,0.10106,-0.2774,-0.1839,-0.030102,-0.54374,0.051519,0.028148,-0.49785,0.13468
-0.025893,0.74887,-0.081353,-0.0214,0.56259,-0.046979,-0.17569,0.45972,-0.0025137,0.13623,0.45676,-0.025108,-0.26718,0.25625,0.10792,0.29177,0.24865,0.07304,-0.47947,0.1808,0.13901,0.4923,0.15214,0.033703,-0.002394,0.23615,0.0015499,0,0.16947,0,-0.072526,0.097625,0.0099728,0.079261,0.10184,0.0030083,-0.060891,-0.27039,-0.20573,0.091211,-0.28583,-0.17207,-0.042738,-0.54402,0.080238,0.0434,-0.55418,0.11536
-0.024735,0.7461,-0.07791,-0.022633,0.55868,-0.046868,-0.17505,0.45016,-0.0059808,0.13939,0.44764,-0.031651,-0.32385,0.25636,0.10759,0.30682,0.25479,0.050504,-0.54376,0.21349,0.10318,0.5065,0.1628,-0.0057726,-0.0027181,0.22637,0.00076692,0,0.15833,0,-0.070804,0.084138,0.0097787,0.078526,0.091162,0.0025269,-0.080313,-0.3142,-0.151,0.078218,-0.30266,-0.15733,-0.078349,-0.64906,0.068475,0.055947,-0.61572,0.088671
-0.017023,0.74031,-0.064668,-0.01444,0.54459,-0.047826,-0.1647,0.426,-0.0097777,0.14495,0.4398,-0.021134,-0.33394,0.25574,0.096641,0.32327,0.24316,0.027874,-0.55659,0.23034,0.077356,0.53084,0.16755,-0.033435,-0.001869,0.19833,-0.00047862,0,0.12747,0,-0.070488,0.054249,0.0093604,0.075602,0.06337,0.0050924,-0.086635,-0.4623,-0.079252,0.081055,-0.40911,-0.11744,-0.089533,-0.83318,0.032438,0.062853,-0.76524,0.043785
-0.016485,0.72116,-0.057893,-0.014862,0.5271,-0.037618,-0.16449,0.41508,0.0024345,0.14453,0.41016,-0.028073,-0.34565,0.23218,0.087651,0.33191,0.22062,0.030251,-0.56419,0.20504,0.033075,0.54258,0.14156,-0.078724,-0.0015816,0.16628,0.00018749,0,0.093317,0,-0.066719,0.021907,0.0082232,0.071248,0.023382,-0.00025438,-0.097753,-0.5451,-0.0417,0.079912,-0.51895,-0.083569,-0.088589,-0.94137,-0.017758,0.065109,-0.90782,-0.038319
-0.0096244,0.69047,-0.052846,0.0025778,0.47673,-0.035588,-0.15745,0.37059,-0.010752,0.15011,0.38027,-0.019065,-0.33416,0.19889,0.059631,0.32931,0.17263,0.01775,-0.54828,0.14907,0.0031035,0.50843,0.089904,-0.10118,0.00059243,0.12373,-0.00072358,0,0.053667,0,-0.068643,-0.017302,0.0028962,0.068196,-0.013056,0.0046241,-0.10737,-0.58491,-0.026787,0.084631,-0.56072,-0.072412,-0.087138,-0.94867,-0.0037234,0.066043,-0.9277,-0.060554
-0.0030682,0.63618,-0.051758,0.00081972,0.4242,-0.039394,-0.14995,0.31158,-0.014168,0.15305,0.31808,-0.020043,-0.31807,0.1358,0.039341,0.32402,0.10654,0.011187,-0.56797,0.074281,-0.034955,0.49697,0.013637,-0.10956,0.00026786,0.070306,-0.0018099,0,-0.0010275,0,-0.066816,-0.069587,0.0051103,0.066553,-0.068589,0.003534,-0.1065,-0.59709,-0.025576,0.079011,-0.58941,-0.075433,-0.088939,-0.96285,0.026428,0.07327,-0.95002,-0.034819
0.0086862,0.56362,-0.050274,0.00020667,0.36016,-0.025882,-0.14534,0.24533,-0.018718,0.16526,0.24194,-0.010259,-0.31579,0.062545,0.022952,0.2771,0.028388,0.041914,-0.56156,-0.024136,-0.068425,0.47451,-0.066835,-0.11309,-0.00014193,0.0087307,-0.00027794,0,-0.061808,0,-0.071534,-0.13037,-0.0039071,0.071465,-0.13347,0.0083909,-0.11126,-0.62586,-0.065794,0.062924,-0.61348,-0.10528,-0.087497,-0.96639,0.043864,0.074189,-0.96766,-0.021189
0.007595,0.50525,-0.058603,0.0011869,0.31209,-0.040715,-0.15062,0.2042,-0.01841,0.16284,0.22003,-8.291e-05,-0.31065,0.0066685,0.021966,0.26395,-0.018804,0.026655,-0.5189,-0.093436,-0.065102,0.46263,-0.13222,-0.12063,-0.00014576,-0.022167,-0.0033418,0,-0.089035,0,-0.072579,-0.15873,-0.0010722,0.072312,-0.15987,0.0091097,-0.11033,-0.62724,-0.071757,0.054908,-0.6086,-0.11496,-0.084128,-0.97041,0.062597,0.073621,-0.96916,-0.011696
0.0064958,0.49557,-0.059504,0.00099963,0.31117,-0.034933,-0.15101,0.20017,-0.015642,0.16019,0.20971,-0.00028076,-0.30315,-0.0023041,0.027473,0.26194,-0.0187,0.034819,-0.46733,-0.1433,-0.043551,0.41928,-0.16623,-0.10079,-5.2507e-05,-0.027691,-0.0024345,0,-0.096133,0,-0.072606,-0.16577,-0.0013134,0.072107,-0.16658,0.0081563,-0.10997,-0.62763,-0.067696,0.056697,-0.60854,-0.11103,-0.085892,-0.96992,0.068057,0.073691,-0.97051,-0.005376
0.0064606,0.51342,-0.043594,0.0022407,0.33692,-0.015401,-0.1545,0.22051,-0.0027756,0.15822,0.22972,0.0086763,-0.27729,0.0083102,0.044582,0.26033,-0.0086322,0.050259,-0.42296,-0.15283,-0.023354,0.39676,-0.17217,-0.074453,0.00013141,-0.0067547,0.00041832,0,-0.074675,0,-0.07307,-0.1464,0.00023648,0.072537,-0.14096,-0.0028481,-0.1093,-0.62417,-0.044118,0.071778,-0.60482,-0.078046,-0.088654,-0.9696,0.083978,0.073302,-0.9677,0.011668
0.0060512,0.58742,-0.031753,0.0018196,0.40803,-0.0068429,-0.15636,0.29933,0.0097787,0.15165,0.30607,-0.0020417,-0.25152,0.063843,0.05307,0.24931,0.053332,0.052101,-0.37662,-0.14604,0.012767,0.35709,-0.14668,-0.011316,0.00049116,0.058339,0.0011937,0,-0.011521,0,-0.069788,-0.082256,0.0004805,0.069186,-0.079439,-0.0023149,-0.10911,-0.60389,0.00053891,0.094508,-0.58758,-0.016022,-0.091546,-0.95243,0.056105,0.076665,-0.95892,0.020933
0.0066363,0.65416,-0.02961,0.0020444,0.47688,-0.0038534,-0.15649,0.35915,0.0075759,0.1441,0.36622,0.0016507,-0.24081,0.10366,0.055957,0.23561,0.10643,0.052411,-0.3392,-0.10299,0.046672,0.33789,-0.10376,0.020268,0.00044623,0.11514,0.0020614,0,0.042918,0,-0.067756,-0.024746,0.0026446,0.067117,-0.024935,-0.0053128,-0.10866,-0.5924,0.0050264,0.092132,-0.5836,-0.0087329,-0.090912,-0.94745,0.056729,0.071556,-0.94295,0.024045
0.01535,0.70925,-0.03215,6.1353e-05,0.52445,-0.014425,-0.15298,0.40816,0.0039637,0.1504,0.41397,-0.010082,-0.2268,0.13539,0.057258,0.23494,0.15845,0.051811,-0.30486,-0.073594,0.06794,0.32803,-0.046392,0.058112,0.00022753,0.17088,-0.00022706,0,0.10014,0,-0.068788,0.031172,0.00562,0.068768,0.032152,-0.0049661,-0.0976,-0.49953,-0.047112,0.092224,-0.49373,-0.041402,-0.038148,-0.87759,0.056715,0.059628,-0.8697,0.0641
0.0097535,0.7443,-0.047284,0.0028558,0.54132,-0.023386,-0.14944,0.43095,-0.0031251,0.1527,0.42406,-0.02089,-0.21808,0.16965,0.055575,0.24082,0.17347,0.042187,-0.29291,-0.040183,0.069307,0.346,-0.018972,0.076839,0.0008425,0.19934,-0.0025994,0,0.13142,0,-0.072923,0.06727,0.010427,0.071441,0.06127,-0.0057613,-0.09006,-0.35732,-0.12454,0.090577,-0.37283,-0.10533,-0.029837,-0.70477,0.069011,0.070672,-0.72043,0.095281
0.0069885,0.74913,-0.053241,-0.0025418,0.55176,-0.02931,-0.15207,0.44087,-0.0057048,0.15117,0.43782,-0.025288,-0.21376,0.19259,0.060616,0.246,0.19191,0.050188,-0.30024,-0.0099495,0.090809,0.36509,0.0046023,0.070213,-0.00024357,0.21399,-0.0039175,0,0.14667,0,-0.072754,0.078962,0.011696,0.073478,0.077231,-0.0057085,-0.079697,-0.30021,-0.18289,0.067649,-0.31494,-0.17036,-0.022348,-0.60533,0.067395,0.057408,-0.61033,0.095894
0.0028929,0.7583,-0.059471,-0.0061409,0.55966,-0.035795,-0.15613,0.44627,-0.0063228,0.1459,0.44109,-0.028943,-0.2165,0.20462,0.068403,0.24692,0.20458,0.053561,-0.32893,0.018139,0.10992,0.38596,0.029744,0.061782,-0.00084389,0.22175,-0.0052139,0,0.15447,0,-0.07239,0.088132,0.013948,0.075034,0.086099,-0.005538,-0.06899,-0.26721,-0.22349,0.082816,-0.2972,-0.19097,-0.018643,-0.52072,0.076195,0.0661,-0.54267,0.11824
-0.0005934,0.7584,-0.063361,-0.011214,0.56152,-0.039038,-0.15756,0.44933,-0.0055211,0.14369,0.44287,-0.030839,-0.22204,0.21075,0.088116,0.25491,0.21761,0.058569,-0.3638,0.04189,0.11717,0.42029,0.066036,0.044644,-0.0013665,0.22397,-0.005815,0,0.1568,0,-0.072193,0.08962,0.014273,0.075897,0.089389,-0.005391,-0.075112,-0.26186,-0.22897,0.084268,-0.29181,-0.19513,-0.030879,-0.50564,0.078947,0.067552,-0.53727,0.11408
-0.014491,0.75091,-0.070885,-0.014206,0.55974,-0.039952,-0.16164,0.44983,-0.0041069,0.14164,0.44362,-0.030136,-0.23194,0.2134,0.096032,0.26883,0.22796,0.057859,-0.41129,0.087263,0.13115,0.44703,0.095947,0.011564,-0.0019544,0.22458,-0.0060835,0,0.15774,0,-0.071959,0.089222,0.013749,0.076867,0.090464,-0.0048747,-0.071335,-0.26453,-0.22576,0.083092,-0.28839,-0.19937,-0.031831,-0.54787,0.04977,0.039142,-0.5611,0.085261
-0.016199,0.74896,-0.067631,-0.016858,0.55515,-0.040239,-0.16539,0.44831,-0.0014575,0.14001,0.44327,-0.029953,-0.24604,0.21965,0.10258,0.28443,0.23358,0.050022,-0.45442,0.11621,0.10894,0.47452,0.12418,-0.0096816,-0.0024121,0.22199,-0.0064773,0,0.15534,0,-0.071634,0.083609,0.010488,0.077362,0.088888,-0.002866,-0.070826,-0.31031,-0.16329,0.087042,-0.29411,-0.18812,-0.083246,-0.66784,0.021591,0.070849,-0.605,0.061108
-0.02327,0.74419,-0.060086,-0.024607,0.54851,-0.039021,-0.17273,0.44097,0.0007754,0.13494,0.43941,-0.026803,-0.29747,0.20773,0.09275,0.28284,0.23682,0.049414,-0.50697,0.12768,0.072995,0.47493,0.14187,-0.029575,-0.0042287,0.20675,-0.0065263,0,0.13747,0,-0.068057,0.060647,0.0089326,0.077124,0.074555,5.5587e-05,-0.070295,-0.45492,-0.10302,0.084861,-0.36462,-0.1537,-0.095053,-0.83748,-0.014712,0.064652,-0.72678,0.022606
-0.029158,0.72536,-0.040872,-0.01811,0.47632,-0.0276,-0.17365,0.41893,0.0085482,0.13416,0.42507,-0.01563,-0.30189,0.20369,0.10359,0.29362,0.22406,0.047866,-0.5034,0.11566,0.046504,0.47379,0.13264,-0.062187,-0.0028616,0.15575,-0.0051065,0,0.091531,0,-0.064099,0.013158,0.005799,0.070638,0.030969,-0.00030997,-0.077354,-0.55337,-0.055439,0.085214,-0.49487,-0.098984,-0.081986,-0.92556,-0.048917,0.08183,-0.88226,-0.032602
-0.030871,0.69626,-0.044969,-0.018909,0.48242,-0.026603,-0.17507,0.37915,0.0031025,0.13487,0.38558,-0.024599,-0.30596,0.16889,0.073603,0.2948,0.18779,0.015058,-0.50871,0.076604,0.020686,0.47118,0.094614,-0.10012,-0.0029639,0.14319,-0.0045478,0,0.069578,0,-0.064343,-0.0050764,0.0071943,0.071081,0.003819,-0.0020021,-0.076436,-0.57165,-0.055271,0.082572,-0.56016,-0.088237,-0.055784,-0.96332,-0.070218,0.074993,-0.93481,-0.078094
-0.018862,0.64556,-0.039623,-0.016427,0.44131,-0.022249,-0.17004,0.32609,0.0023733,0.1434,0.33172,-0.017752,-0.29525,0.11367,0.049498,0.30633,0.12424,-0.0036886,-0.48805,0.0075114,-0.0066337,0.46829,0.023489,-0.13428,-0.0026249,0.084014,-0.0046081,0,0.013082,0,-0.066809,-0.060342,0.0037102,0.072237,-0.054483,-0.00042115,-0.07254,-0.60495,-0.067915,0.084902,-0.59124,-0.088706,-0.042035,-0.97388,-0.047595,0.080681,-0.95845,-0.057091
-0.0113,0.58515,-0.034268,-0.0083647,0.38098,-0.0089901,-0.16671,0.25157,-0.00019691,0.14973,0.26598,-0.0081798,-0.2979,0.043941,0.025797,0.29543,0.061662,-0.016362,-0.47666,-0.078354,-0.045197,0.44801,-0.046084,-0.15309,-0.0013476,0.025764,-0.0022065,0,-0.045263,0,-0.071385,-0.11867,-0.00014886,0.074182,-0.11437,-0.00099209,-0.069146,-0.62362,-0.10072,0.068456,-0.60354,-0.10391,-0.038984,-0.98464,-0.018197,0.077464,-0.97552,-0.024002
-0.013969,0.5179,-0.030938,-0.0156,0.32619,-0.0054673,-0.16999,0.20953,0.0026541,0.14336,0.21028,-0.001433,-0.27839,0.0048206,0.014391,0.28542,0.0056781,-0.023838,-0.45751,-0.15206,-0.052148,0.43206,-0.11433,-0.15636,-0.0025696,-0.022729,-0.001108,0,-0.092467,0,-0.069678,-0.16285,-0.0022273,0.074755,-0.16186,-2.2612e-05,-0.078238,-0.62663,-0.10772,0.063212,-0.60799,-0.11791,-0.044281,-0.98455,-0.014049,0.073788,-0.98085,-0.019068
-0.017576,0.50053,-0.032117,-0.016806,0.31413,-0.0027276,-0.17001,0.20143,0.0055324,0.1422,0.20652,-0.00028736,-0.28216,-0.026503,0.013307,0.27478,-0.0048965,-0.017318,-0.43797,-0.19905,-0.045844,0.40868,-0.17345,-0.14399,-0.0026754,-0.028144,-6.2182e-05,0,-0.096855,0,-0.069231,-0.16812,-0.0026362,0.07467,-0.16511,-0.00018655,-0.081923,-0.62619,-0.11267,0.066455,-0.61345,-0.12197,-0.047521,-0.98654,-0.0083711,0.076207,-0.98393,-0.017211
-0.01614,0.50217,-0.031446,-0.015489,0.31945,0.00090541,-0.16748,0.20686,0.0088959,0.14366,0.21166,0.0020699,-0.26318,-0.0083398,0.022317,0.2702,-0.016771,-0.0021001,-0.40954,-0.21269,-0.024748,0.37721,-0.19571,-0.097274,-0.0024648,-0.024115,0.0014613,0,-0.092684,0,-0.06934,-0.16386,-0.0028237,0.074428,-0.16079,-0.0010684,-0.082003,-0.62514,-0.10975,0.079667,-0.62212,-0.10327,-0.048529,-0.98339,-0.009594,0.077165,-0.98302,-0.017389
-0.011488,0.5665,-0.026016,-0.0084423,0.38927,0.0108,-0.16864,0.27876,0.020587,0.14151,0.28115,0.0039646,-0.24756,0.031215,0.046746,0.24076,0.032387,0.030003,-0.35432,-0.1704,0.0093688,0.34182,-0.16806,-0.037293,-0.001084,0.039685,0.0052563,0,-0.029842,0,-0.068369,-0.10172,-0.0036311,0.071176,-0.097296,-0.0040805,-0.083623,-0.60992,-0.067659,0.096802,-0.6107,-0.049339,-0.054205,-0.97267,-0.027357,0.082426,-0.96647,-0.030439
-0.0081463,0.63263,-0.018757,-0.0082348,0.45662,0.0098258,-0.16893,0.34324,0.025117,0.14241,0.34734,0.0076918,-0.23262,0.089251,0.066049,0.23004,0.090782,0.047202,-0.31207,-0.12053,0.051098,0.32373,-0.123,0.016718,-0.00094198,0.10184,0.006711,0,0.031357,0,-0.066297,-0.041023,-0.00039665,0.069009,-0.036344,-0.0069239,-0.082301,-0.59843,-0.059234,0.10306,-0.59952,-0.032365,-0.052886,-0.95088,-0.054056,0.083878,-0.94814,-0.046166
-0.0019687,0.68961,-0.026521,-0.0043632,0.51176,-0.0032834,-0.16358,0.39756,0.013757,0.14182,0.39958,-0.0035972,-0.22596,0.11512,0.065084,0.22892,0.13461,0.044322,-0.29909,-0.096317,0.069795,0.31511,-0.072109,0.045534,-0.0002853,0.15386,0.0046844,0,0.082472,0,-0.067629,0.010234,0.0019569,0.069028,0.01707,-0.0048813,-0.072064,-0.55357,-0.06676,0.101,-0.54708,-0.046842,-0.047833,-0.89273,-0.050091,0.071833,-0.91022,-0.024207
-0.00040123,0.73669,-0.038056,-0.012728,0.54021,-0.016032,-0.16387,0.41821,0.0024242,0.14175,0.42021,-0.022329,-0.22562,0.16589,0.058142,0.22749,0.17769,0.037713,-0.29472,-0.044085,0.084254,0.31388,-0.023073,0.076105,-0.001915,0.19595,0.0019107,0,0.1262,0,-0.068451,0.052301,0.0057707,0.073408,0.062123,-0.0051979,-0.068244,-0.44939,-0.12286,0.10001,-0.42907,-0.1079,-0.026349,-0.81236,-0.0044621,0.072169,-0.80976,0.029884
0.0024786,0.7468,-0.041844,-0.011682,0.54923,-0.023345,-0.16216,0.44139,-0.0005587,0.14566,0.44174,-0.017536,-0.22471,0.19372,0.062219,0.2279,0.18882,0.046065,-0.30973,-0.0048089,0.11075,0.33403,-0.00069784,0.089995,-0.0016688,0.2119,-0.00054928,0,0.14465,0,-0.07017,0.074237,0.0086886,0.074085,0.07713,-0.0053505,-0.066326,-0.32184,-0.16767,0.096521,-0.3217,-0.14967,-0.030582,-0.66708,0.034939,0.060277,-0.65999,0.063092
0.0024484,0.7596,-0.045611,-0.014314,0.55691,-0.023603,-0.16536,0.45506,0.0047692,0.148,0.44754,-0.0057783,-0.23607,0.20848,0.066422,0.2335,0.20251,0.072304,-0.33979,0.022014,0.12355,0.35183,0.014479,0.091572,-0.0022536,0.22518,-0.00078859,0,0.15873,0,-0.07171,0.085226,0.005391,0.076949,0.090552,-0.0029103,-0.050839,-0.28046,-0.21368,0.090481,-0.29101,-0.19168,-0.024654,-0.56997,0.057715,0.07739,-0.56323,0.096521
-0.00031328,0.75911,-0.045852,-0.015264,0.55901,-0.02028,-0.16811,0.46153,0.013617,0.14465,0.45086,-0.004187,-0.25187,0.22327,0.10132,0.23627,0.20934,0.080538,-0.38298,0.046263,0.13191,0.3751,0.034209,0.088742,-0.002292,0.2312,-0.00098832,0,0.16566,0,-0.071772,0.091995,0.004186,0.077375,0.098707,-0.001678,-0.049206,-0.27238,-0.21682,0.09145,-0.2816,-0.19286,-0.022679,-0.51506,0.094017,0.048215,-0.51906,0.11998
-0.001434,0.75519,-0.043226,-0.011209,0.56038,0.0081214,-0.17122,0.45735,0.027387,0.14122,0.45317,0.015543,-0.25997,0.22261,0.11434,0.24369,0.21443,0.10428,-0.42559,0.080901,0.15546,0.40333,0.056671,0.08988,-0.0021815,0.23213,0.0029763,0,0.16674,0,-0.071713,0.092515,0.0023149,0.077251,0.099735,-0.0026117,-0.049302,-0.276,-0.21108,0.088976,-0.28239,-0.1898,-0.026698,-0.52363,0.096408,0.047726,-0.5266,0.11842
-0.008924,0.74892,-0.032577,-0.014428,0.55837,0.015628,-0.17459,0.45565,0.040716,0.14081,0.44912,0.02438,-0.26734,0.22666,0.11718,0.24519,0.21679,0.10743,-0.46626,0.10766,0.14711,0.42719,0.086968,0.074926,-0.0021811,0.22988,0.0075665,0,0.16516,0,-0.071572,0.091053,8.0084e-05,0.077285,0.098781,-0.004529,-0.065305,-0.29822,-0.1706,0.094901,-0.2998,-0.14903,-0.043278,-0.58121,0.10732,0.066396,-0.60059,0.11061
-0.0050409,0.73741,-0.012358,-0.019082,0.55103,0.031961,-0.17481,0.44882,0.044577,0.14589,0.44401,0.053354,-0.29698,0.2176,0.12061,0.24904,0.21526,0.10564,-0.51719,0.12021,0.11974,0.44222,0.10689,0.056858,-0.0034245,0.22157,0.013675,0,0.15773,0,-0.071073,0.084647,-0.0039166,0.077529,0.089599,-0.0060637,-0.090734,-0.34575,-0.12764,0.10226,-0.38357,-0.098533,-0.089615,-0.65238,0.12713,0.074702,-0.72781,0.10663
-0.0066473,0.72264,-0.0077672,-0.022504,0.53209,0.035614,-0.17655,0.42054,0.051061,0.14646,0.42732,0.056353,-0.30972,0.20569,0.11059,0.25882,0.20588,0.10466,-0.52222,0.128,0.085468,0.45167,0.1075,0.032963,-0.0041318,0.18194,0.019186,0,0.11287,0,-0.06869,0.039205,-0.01001,0.076892,0.041988,-0.008666,-0.090712,-0.47634,-0.056116,0.09983,-0.50676,-0.059745,-0.11029,-0.83499,0.12689,0.077191,-0.88765,0.078464
-0.012409,0.69475,0.014945,-0.018259,0.49129,0.051456,-0.1759,0.38253,0.057425,0.14512,0.39177,0.067048,-0.32788,0.17559,0.095733,0.27231,0.17216,0.09898,-0.52749,0.092322,0.02329,0.46611,0.095888,-0.0079367,-0.003584,0.14184,0.024448,0,0.075884,0,-0.067368,0.0022186,-0.015089,0.073865,0.0074222,-0.0064133,-0.097444,-0.56335,-0.032261,0.10596,-0.56,-0.040425,-0.10653,-0.93998,0.11636,0.085242,-0.92859,0.039403
-0.0025719,0.65139,0.019132,-0.015357,0.45225,0.047865,-0.16709,0.33356,0.047183,0.14622,0.32943,0.062465,-0.32784,0.11959,0.066738,0.28709,0.11995,0.080424,-0.52297,0.029711,-0.010677,0.47651,0.037327,-0.057354,-0.00362,0.090429,0.026742,0,0.022403,0,-0.067144,-0.048848,-0.016819,0.072167,-0.046485,-0.0031685,-0.093344,-0.59365,-0.028113,0.10613,-0.58461,-0.051668,-0.10632,-0.94048,0.1064,0.089089,-0.93451,0.032474
-0.011981,0.58368,0.0065066,-0.014882,0.38017,0.042218,-0.16833,0.25893,0.032279,0.15605,0.25966,0.054373,-0.31615,0.05689,0.028045,0.28793,0.050833,0.059255,-0.50188,-0.055726,-0.040929,0.44906,-0.031282,-0.086079,-0.004083,0.028546,0.028143,0,-0.038005,0,-0.071808,-0.11136,-0.017374,0.076986,-0.11012,-0.001629,-0.09456,-0.60702,-0.046549,0.090293,-0.60429,-0.079462,-0.12098,-0.96589,0.13564,0.079921,-0.96999,0.065194
-0.0097838,0.52463,0.014749,-0.020228,0.32878,0.02874,-0.17123,0.20664,0.013772,0.14951,0.21179,0.050941,-0.29185,0.01734,3.0149e-05,0.28021,0.0019,0.034344,-0.48606,-0.14171,-0.089467,0.43592,-0.097777,-0.10758,-0.0062553,-0.016921,0.027618,0,-0.082698,0,-0.069976,-0.15668,-0.018229,0.077127,-0.15414,0.0038336,-0.098803,-0.61955,-0.05375,0.084517,-0.61024,-0.095439,-0.1285,-0.97733,0.13001,0.076395,-0.97287,0.055088
-0.0078978,0.50277,0.011014,-0.016101,0.31714,0.023247,-0.1698,0.1978,0.0054334,0.14941,0.20835,0.043921,-0.30107,-0.040615,-0.020035,0.28043,-0.0017166,0.02849,-0.46851,-0.19503,-0.10779,0.42668,-0.14302,-0.12982,-0.0058052,-0.025472,0.027584,0,-0.091441,0,-0.070619,-0.16652,-0.014098,0.076389,-0.16085,0.0023667,-0.10018,-0.62583,-0.052761,0.083104,-0.61488,-0.093181,-0.13124,-0.9769,0.12553,0.076953,-0.97427,0.050799
-0.0081758,0.50325,0.0053533,-0.015207,0.31993,0.017465,-0.16862,0.20183,-0.0013774,0.1505,0.21408,0.035847,-0.28787,-0.027969,-0.022882,0.28027,-0.0015303,0.024498,-0.42249,-0.19774,-0.093688,0.41441,-0.15772,-0.12389,-0.0055132,-0.021798,0.02645,0,-0.0876,0,-0.070875,-0.16097,-0.0104,0.076062,-0.15728,0.0023686,-0.10315,-0.62196,-0.044574,0.085596,-0.61955,-0.062931,-0.13233,-0.97481,0.12278,0.079122,-0.9751,0.048818
-0.008371,0.5641,-2.7323e-05,-0.0091175,0.38392,0.014954,-0.16649,0.26887,-0.0050745,0.1514,0.28206,0.014495,-0.26429,0.038549,-0.0063219,0.27053,0.038353,0.016883,-0.37544,-0.15669,-0.061669,0.3838,-0.14629,-0.089881,-0.0030991,0.038225,0.026848,0,-0.028733,0,-0.070371,-0.10187,-0.0096769,0.073535,-0.098758,0.00018372,-0.11118,-0.59129,-0.0028887,0.10698,-0.60177,-0.0047061,-0.13025,-0.97207,0.11572,0.084442,-0.96758,0.033753
-0.013148,0.63811,0.0073639,-0.0065543,0.40597,0.015275,-0.17151,0.33932,0.0044244,0.14864,0.35179,0.011734,-0.25907,0.082365,0.015945,0.26563,0.086806,0.028435,-0.35454,-0.12019,-0.024814,0.36639,-0.10561,-0.040446,-0.0013032,0.094656,0.027308,0,0.032894,0,-0.069122,-0.040919,-0.0049718,0.070847,-0.037041,-0.006125,-0.11515,-0.57537,0.020923,0.10565,-0.58744,0.026343,-0.11266,-0.93934,0.054747,0.082109,-0.96753,0.02977
-0.0081234,0.7071,0.019545,-0.0011225,0.52126,0.013446,-0.16835,0.39635,0.0049708,0.13562,0.41056,-0.0050038,-0.24214,0.12869,0.022709,0.2578,0.13992,0.034245,-0.33624,-0.075017,0.015518,0.36158,-0.055632,-0.015196,0.00076979,0.15939,0.026588,0,0.088938,0,-0.067749,0.018845,-0.0023384,0.068104,0.02229,-0.0058395,-0.10373,-0.54845,0.0095742,0.10146,-0.54531,0.0023224,-0.093237,-0.92846,0.067245,0.064315,-0.89554,0.065539
-0.0069149,0.75598,-0.0046665,-0.010958,0.56034,-0.0077474,-0.1696,0.43715,-0.0059299,0.14086,0.45747,-0.011703,-0.2394,0.1897,0.014629,0.25205,0.18729,0.031168,-0.32902,-0.015923,0.011045,0.36566,-0.0062668,0.022854,-0.0014599,0.21325,0.020881,0,0.14346,0,-0.068878,0.070124,-0.001678,0.072744,0.076951,0.00013661,-0.091699,-0.45281,-0.076025,0.092778,-0.42263,-0.063755,-0.0527,-0.82397,0.08168,0.046717,-0.79191,0.096099
-0.0040808,0.77105,-0.019997,-0.012033,0.57959,-0.01632,-0.16726,0.45915,-0.0090739,0.14277,0.46272,-0.0189,-0.2445,0.21454,0.027993,0.24993,0.20887,0.048806,-0.34995,0.016614,0.025738,0.3815,0.027262,0.026174,-0.0013513,0.23477,0.016682,0,0.16599,0,-0.069795,0.09426,-0.00018561,0.0739,0.097979,0.0017703,-0.062153,-0.32957,-0.13393,0.097251,-0.30987,-0.11038,-0.040705,-0.66092,0.091044,0.03247,-0.63237,0.11867
0.0012434,0.786,-0.031858,-0.011691,0.58984,-0.022256,-0.16494,0.47046,-0.012275,0.14709,0.47279,-0.018338,-0.24889,0.24589,0.048363,0.24731,0.23243,0.060672,-0.37977,0.065673,0.064084,0.39492,0.063741,0.035913,-0.0015514,0.2541,0.013616,0,0.18647,0,-0.072229,0.11619,0.0031449,0.075929,0.11644,7.9141e-05,-0.055029,-0.26508,-0.18564,0.092393,-0.28086,-0.1489,-0.036372,-0.55596,0.08571,0.046278,-0.5597,0.13092
0.00042807,0.7869,-0.03587,-0.012824,0.5973,-0.022042,-0.16677,0.48412,-0.0023799,0.14625,0.47799,-0.011212,-0.25667,0.2502,0.053745,0.24188,0.2443,0.07321,-0.43625,0.096715,0.087569,0.40162,0.087564,0.043051,-0.0016078,0.26215,0.01174,0,0.19459,0,-0.072817,0.12282,0.0030083,0.07713,0.12553,7.6315e-05,-0.051079,-0.2545,-0.19343,0.069476,-0.26296,-0.17273,-0.032423,-0.54538,0.077906,0.031574,-0.49394,0.14584
-0.0002595,0.78636,-0.041332,-0.013146,0.59946,-0.023083,-0.16817,0.4858,-0.0028406,0.14895,0.48101,-0.0058913,-0.27075,0.26092,0.067047,0.24112,0.24966,0.075467,-0.47251,0.14399,0.087414,0.4132,0.10939,0.029682,-0.002025,0.26634,0.0097853,0,0.19927,0,-0.073767,0.12566,0.0019107,0.078415,0.13021,0.001026,-0.050834,-0.25043,-0.1967,0.071067,-0.25572,-0.17767,-0.032178,-0.5413,0.074632,0.039909,-0.50062,0.13179
-0.00030733,0.78652,-0.040182,-0.012399,0.60033,-0.01869,-0.16809,0.48614,0.00043716,0.15064,0.48572,0.0074619,-0.28136,0.27044,0.075149,0.2378,0.26239,0.082533,-0.50281,0.17482,0.064175,0.42382,0.13586,0.027811,-0.0023981,0.26644,0.0086076,0,0.1995,0,-0.073643,0.12558,0.0020596,0.078241,0.13051,0.00053703,-0.054248,-0.25303,-0.19159,0.081719,-0.25936,-0.16858,-0.026626,-0.52825,0.093686,0.066277,-0.54329,0.10959
-0.00034899,0.78002,-0.025523,-0.014468,0.59966,-0.0080055,-0.16989,0.48467,0.0063445,0.15205,0.48377,0.02089,-0.30717,0.2687,0.076074,0.26268,0.25122,0.084075,-0.53081,0.18556,0.013986,0.45621,0.15421,0.0045393,-0.0028629,0.26417,0.0084926,0,0.19744,0,-0.073093,0.12318,0.0011645,0.078163,0.12761,-8.8563e-05,-0.06709,-0.27482,-0.15373,0.097196,-0.30755,-0.12157,-0.066897,-0.57617,0.10751,0.096701,-0.62429,0.1225
-0.0021783,0.78083,-0.011851,-0.012744,0.58545,0.0010873,-0.17145,0.47315,0.012648,0.15091,0.47266,0.027408,-0.32271,0.26033,0.065494,0.26321,0.24654,0.077719,-0.53156,0.18353,0.0020162,0.45488,0.15114,-0.0093669,-0.0027133,0.24258,0.010875,0,0.17404,0,-0.071767,0.10006,-0.0014952,0.076059,0.10301,-0.0029556,-0.081673,-0.37753,-0.10955,0.10863,-0.38964,-0.088417,-0.077559,-0.70664,0.11939,0.11334,-0.74277,0.1058
-0.0054903,0.75566,0.00733,-0.0090362,0.5643,0.031668,-0.17194,0.44152,0.023459,0.14976,0.45389,0.043136,-0.33351,0.24282,0.052368,0.2649,0.22877,0.074386,-0.53864,0.1486,-0.044673,0.45625,0.12442,-0.062164,-0.0027045,0.2043,0.019247,0,0.13188,0,-0.070584,0.061626,-0.0096976,0.073322,0.057047,-0.0054834,-0.095388,-0.49259,-0.052923,0.11278,-0.50974,-0.03826,-0.095618,-0.86528,0.10622,0.10944,-0.90787,0.055919
-0.0019414,0.71737,0.014972,-0.0078417,0.47012,0.033162,-0.17222,0.39404,0.03078,0.14638,0.39529,0.047927,-0.33359,0.18979,0.030853,0.25285,0.17911,0.070723,-0.5209,0.095208,-0.075364,0.42559,0.082675,-0.057129,-0.0023393,0.14495,0.022349,0,0.08267,0,-0.068622,0.012751,-0.013129,0.071511,0.0098784,-0.0036575,-0.097947,-0.55076,-0.038125,0.11552,-0.53983,-0.040465,-0.093246,-0.93198,0.098306,0.10785,-0.92111,0.052042
0.0034268,0.66065,0.029067,-0.01139,0.46683,0.034146,-0.1713,0.32722,0.021709,0.14606,0.34272,0.054911,-0.30198,0.14613,0.019916,0.26112,0.1258,0.065435,-0.45604,-0.0041679,-0.056214,0.41871,0.0070558,-0.089325,-0.0047977,0.10083,0.026287,0,0.030008,0,-0.067821,-0.042674,-0.013824,0.073022,-0.039422,-0.0042133,-0.09174,-0.57225,-0.042954,0.11194,-0.57349,-0.051748,-0.098512,-0.94151,0.099028,0.10899,-0.93896,0.048426
-0.0060194,0.59113,0.025706,-0.01569,0.38824,0.042237,-0.16708,0.26511,0.017526,0.15028,0.26731,0.0544,-0.29176,0.078545,-0.0029961,0.25937,0.047209,0.047295,-0.44776,-0.075509,-0.063352,0.40568,-0.076818,-0.12521,-0.0054002,0.035914,0.028676,0,-0.030643,0,-0.069902,-0.10226,-0.018835,0.07525,-0.10181,0.00020445,-0.088921,-0.58529,-0.060393,0.095855,-0.59605,-0.080144,-0.11365,-0.94059,0.12949,0.10436,-0.96482,0.072385
-0.0048873,0.52876,0.02438,-0.0068152,0.33636,0.032608,-0.17176,0.20072,0.007525,0.14394,0.21125,0.048356,-0.29023,-0.00029638,-0.025803,0.2547,-0.013485,0.046005,-0.4411,-0.15336,-0.12012,0.38975,-0.14337,-0.12811,-0.0044336,-0.01875,0.029136,0,-0.086356,0,-0.071769,-0.15865,-0.016509,0.074066,-0.15652,0.0013341,-0.099434,-0.63106,-0.054219,0.089784,-0.60475,-0.093769,-0.1228,-0.97374,0.14924,0.10206,-0.96555,0.068595
-0.0062957,0.49538,0.020675,-0.012356,0.29688,0.01863,-0.17004,0.19171,0.0048785,0.14598,0.20111,0.045893,-0.28485,-0.059991,-0.029488,0.25325,-0.02752,0.044127,-0.43098,-0.21548,-0.13705,0.37984,-0.19165,-0.14141,-0.0051843,-0.030145,0.02843,0,-0.094998,0,-0.071574,-0.16811,-0.014938,0.074354,-0.16489,0.0019239,-0.097626,-0.6298,-0.055376,0.092174,-0.60792,-0.093965,-0.12231,-0.97258,0.15062,0.10245,-0.96452,0.066498
-0.0067443,0.49515,0.020325,-0.011867,0.30161,0.01704,-0.17058,0.19024,0.0026098,0.14722,0.20253,0.042348,-0.24045,-0.044938,-0.02613,0.24484,-0.031895,0.044574,-0.38928,-0.21843,-0.114,0.37536,-0.19735,-0.13561,-0.0050707,-0.029884,0.028523,0,-0.094937,0,-0.071601,-0.16812,-0.014851,0.074461,-0.16488,0.0019474,-0.099086,-0.62698,-0.054745,0.091315,-0.61257,-0.087817,-0.12624,-0.96982,0.1469,0.10212,-0.96446,0.06709
-0.0030075,0.5497,0.01099,-0.005595,0.36898,0.022923,-0.16863,0.24055,-0.00032504,0.14924,0.2565,0.03033,-0.25338,0.0091286,-0.011284,0.24884,0.011757,0.045716,-0.35896,-0.1917,-0.078654,0.34739,-0.17671,-0.089733,-0.003369,0.016912,0.028903,0,-0.052772,0,-0.070963,-0.12565,-0.013193,0.072962,-0.12361,0.0010383,-0.11011,-0.59702,-0.029769,0.092457,-0.59518,-0.056242,-0.12897,-0.95717,0.14546,0.099364,-0.96287,0.078839
0.0043514,0.61248,0.013803,-0.0079109,0.43389,0.03177,-0.1609,0.30091,0.0073008,0.15018,0.31644,0.02606,-0.23299,0.055875,0.015171,0.2529,0.047214,0.050473,-0.32446,-0.15524,-0.038902,0.36219,-0.14086,-0.042622,-0.0029444,0.07226,0.032258,0,0.003605,0,-0.068478,-0.067676,-0.0090881,0.071042,-0.064575,-0.0052337,-0.10897,-0.58964,0.0065254,0.10828,-0.57858,-0.013018,-0.10994,-0.94402,0.12702,0.099015,-0.9476,0.074171
-0.00059341,0.68246,0.034387,-0.0040488,0.4977,0.027287,-0.17002,0.36312,0.013199,0.15007,0.36897,0.017355,-0.23282,0.10618,0.031067,0.25114,0.1078,0.055593,-0.3162,-0.10214,0.021902,0.36368,-0.09249,0.0089939,-0.0010208,0.13166,0.032585,0,0.061796,0,-0.070003,-0.012069,-0.0075363,0.071335,-0.0078172,-0.0055333,-0.1089,-0.57852,0.012251,0.10112,-0.55029,-0.017781,-0.097788,-0.94186,0.12242,0.078807,-0.92197,0.074828
0.0015028,0.73272,0.031527,-0.0011037,0.53041,0.009448,-0.17202,0.39524,0.010744,0.15594,0.40266,0.012418,-0.23507,0.13277,0.042706,0.2534,0.13979,0.056603,-0.32919,-0.06895,0.058901,0.36956,-0.052017,0.034972,-0.00021479,0.18567,0.028461,0,0.1177,0,-0.076751,0.041803,-0.0040174,0.076961,0.045534,-0.0029866,-0.087997,-0.45205,-0.069706,0.087745,-0.44776,-0.082024,-0.056481,-0.79591,0.13797,0.063316,-0.80302,0.091123
0.0010763,0.73912,0.025662,-0.0064277,0.54689,0.0060374,-0.16811,0.41829,0.0064971,0.14806,0.42632,-0.0033927,-0.23575,0.18027,0.064581,0.26061,0.17756,0.061599,-0.33325,-0.021524,0.064352,0.38566,-0.0080885,0.032634,0.0001134,0.19719,0.02701,0,0.12894,0,-0.074031,0.058044,-0.0011193,0.075691,0.060105,-0.0044121,-0.081761,-0.34607,-0.12883,0.081617,-0.34698,-0.12127,-0.025046,-0.67104,0.10027,0.062107,-0.67394,0.11085
-0.0019479,0.76263,0.0084841,-0.005857,0.55739,-0.0026767,-0.16575,0.42808,0.0062201,0.1476,0.42859,-0.0054815,-0.23879,0.18469,0.070744,0.26447,0.18593,0.064664,-0.3686,0.0052059,0.094618,0.40347,0.0097044,0.050086,0.00014031,0.20987,0.023769,0,0.14161,0,-0.073648,0.071444,0.0010807,0.075409,0.072699,-0.003959,-0.047982,-0.30933,-0.18722,0.080942,-0.31445,-0.17966,0.0087319,-0.63429,0.041874,0.055822,-0.58274,0.11291
-0.0015575,0.76607,0.0030111,-0.0077154,0.5618,-0.0070605,-0.16751,0.43084,0.010374,0.14689,0.43071,-0.0037592,-0.24074,0.20013,0.081935,0.26548,0.19362,0.065247,-0.40315,0.04955,0.106,0.43132,0.04237,0.050625,-0.00019554,0.21945,0.020775,0,0.152,0,-0.073932,0.080103,0.0032184,0.076159,0.081395,-0.0043961,-0.09016,-0.29495,-0.19794,0.10223,-0.29285,-0.20605,0.049948,-0.5428,-0.33844,-0.11219,-0.49784,-0.31135
-0.0095077,0.75684,-0.012692,-0.0083406,0.56176,-0.0060468,-0.16827,0.43107,0.012114,0.14671,0.43191,-0.0028632,-0.24875,0.20464,0.089415,0.26787,0.20608,0.062286,-0.43752,0.089887,0.11676,0.44954,0.074946,0.036308,-0.00041916,0.22018,0.019286,0,0.15301,0,-0.073816,0.080672,0.0029895,0.076672,0.083145,-0.0051065,0.011985,-0.279,-0.20882,0.090504,-0.29593,-0.19806,-0.19279,-0.50314,-0.28189,0.066468,-0.56818,-0.3633
-0.010869,0.74716,-0.010779,-0.011587,0.55579,-0.0023243,-0.1715,0.43053,0.021292,0.14467,0.4322,0.0030224,-0.27176,0.20705,0.11365,0.2713,0.2098,0.067765,-0.48453,0.13731,0.11706,0.46934,0.11223,0.014749,-0.00082265,0.21762,0.019017,0,0.15085,0,-0.072847,0.07551,0.0013181,0.077543,0.082716,-0.0070323,-0.06293,-0.3025,-0.19385,0.078868,-0.29734,-0.1982,-0.15076,-0.58598,-0.29861,0.10394,-0.57729,-0.34721
-0.01184,0.73696,-0.0046043,-0.013474,0.54932,0.0057302,-0.17306,0.42949,0.032633,0.14048,0.42898,0.009382,-0.28614,0.21096,0.11794,0.2798,0.21216,0.071301,-0.51855,0.16742,0.10834,0.47865,0.1421,-0.018206,-0.00084852,0.20578,0.020044,0,0.13808,0,-0.071391,0.063457,0.0025909,0.076321,0.071721,-0.0086754,-0.07759,-0.33797,-0.15408,0.090484,-0.34444,-0.15869,-0.068378,-0.65878,0.086404,0.12477,-0.67594,0.066111
-0.016558,0.72792,0.0044819,-0.017918,0.53441,0.010433,-0.17713,0.41196,0.041501,0.13854,0.41861,0.012734,-0.2975,0.20754,0.11437,0.29149,0.20657,0.039563,-0.51799,0.16126,0.063012,0.49404,0.14319,-0.063984,-0.0011899,0.18603,0.020656,0,0.11765,0,-0.070467,0.041111,-0.00090165,0.077042,0.05084,-0.0074459,-0.081302,-0.46996,-0.090079,0.10183,-0.46657,-0.11892,-0.064336,-0.818,0.082469,0.13126,-0.82921,0.0081224
-0.015384,0.71228,0.019863,-0.016674,0.51387,0.024949,-0.18001,0.38245,0.050355,0.13985,0.3827,0.016138,-0.30818,0.18248,0.096274,0.28575,0.17928,0.026055,-0.52545,0.1252,0.03664,0.46832,0.119,-0.10221,-6.8118e-05,0.14139,0.023892,0,0.071017,0,-0.06784,-0.0051132,-0.0012248,0.072834,0.0032097,-0.010194,-0.079911,-0.55834,-0.052746,0.10698,-0.54593,-0.087362,-0.070932,-0.92057,0.037243,0.118,-0.90974,-0.029604
-0.0086994,0.665,0.017139,-0.017111,0.46003,0.0085614,-0.16991,0.34425,0.041167,0.14242,0.33406,0.006972,-0.29245,0.14374,0.07514,0.27643,0.13189,0.0045073,-0.51342,0.053925,-0.0072838,0.45557,0.055721,-0.15414,-0.00038282,0.10288,0.021681,0,0.032596,0,-0.06654,-0.036954,-0.0010722,0.072039,-0.034957,-0.0057896,-0.077647,-0.60376,-0.054145,0.10622,-0.57202,-0.090705,-0.067573,-0.94732,0.033906,0.11708,-0.94077,-0.032443
-0.014725,0.60251,0.00702,-0.015154,0.39248,0.0032928,-0.16968,0.27133,0.032292,0.13951,0.26903,-0.0033211,-0.29056,0.073678,0.045342,0.26354,0.077043,-0.0073526,-0.49252,-0.035334,-0.019571,0.40296,-0.022377,-0.16483,-7.3112e-06,0.035148,0.019928,0,-0.035459,0,-0.067946,-0.10817,-0.0019559,0.072867,-0.10171,-0.0031496,-0.073444,-0.61337,-0.070162,0.093249,-0.60263,-0.11565,-0.06837,-0.97343,0.054646,0.11497,-0.9506,-0.028676
-0.010529,0.54361,0.00071981,-0.016708,0.33241,0.0065546,-0.17211,0.21381,0.026569,0.13794,0.21016,0.0055276,-0.28954,0.0086227,0.035518,0.26048,0.0056272,-0.030801,-0.47394,-0.13857,-0.057849,0.39969,-0.1123,-0.20767,-0.0013237,-0.017278,0.02025,0,-0.086105,0,-0.069247,-0.15838,-0.0038939,0.074808,-0.15312,-0.0024242,-0.073029,-0.62656,-0.088685,0.0859,-0.60991,-0.11996,-0.071394,-0.98048,0.060499,0.1164,-0.9754,-0.0072763
-0.017445,0.48914,-0.0049859,-0.021514,0.29713,0.0008046,-0.17253,0.19047,0.022122,0.13777,0.19862,0.0079961,-0.28799,-0.05331,0.023854,0.26352,-0.036041,-0.043593,-0.44384,-0.19538,-0.074434,0.38759,-0.17135,-0.22477,-0.0024107,-0.034667,0.018715,0,-0.10101,0,-0.068541,-0.17412,-0.0028463,0.075138,-0.16682,-0.0024788,-0.073697,-0.62912,-0.09248,0.080147,-0.61659,-0.1203,-0.066834,-0.98272,0.057336,0.11586,-0.977,-0.0041003
-0.018301,0.48953,-0.0077813,-0.020689,0.29912,0.00038534,-0.17245,0.19102,0.01965,0.1375,0.19869,0.0041163,-0.25259,-0.052105,0.041474,0.25408,-0.026439,-0.034522,-0.40375,-0.20693,-0.089056,0.35794,-0.18512,-0.20533,-0.0023218,-0.034472,0.017869,0,-0.10092,0,-0.068683,-0.17395,-0.002752,0.075157,-0.16678,-0.0025137,-0.073871,-0.6278,-0.092477,0.081679,-0.61536,-0.11738,-0.071574,-0.97894,0.052869,0.11501,-0.97435,-0.0049011
-0.0090367,0.54482,-0.0097457,-0.0099178,0.36951,0.023123,-0.17023,0.25037,0.023579,0.14008,0.25224,0.0067647,-0.24626,0.013257,0.030415,0.23811,0.019112,-0.0095252,-0.34155,-0.16939,-0.070905,0.33203,-0.16978,-0.17003,-0.00047529,0.018846,0.022857,0,-0.049126,0,-0.069318,-0.121,-0.0055295,0.072614,-0.11636,-0.0062823,-0.080142,-0.61141,-0.052597,0.11201,-0.60135,-0.061043,-0.073364,-0.97427,0.064065,0.11701,-0.9702,0.0049689
-0.0015677,0.61415,0.0045572,-0.013854,0.4296,0.025861,-0.16912,0.32466,0.033187,0.13671,0.32188,0.0027247,-0.22882,0.075603,0.03759,0.2276,0.072394,0.0056379,-0.30682,-0.1249,-0.057035,0.31764,-0.14607,-0.12662,-2.6352e-05,0.078465,0.024882,0,0.010682,0,-0.066325,-0.06094,-0.0051517,0.070857,-0.054708,-0.0073724,-0.089085,-0.59563,-0.020736,0.11684,-0.58812,-0.044249,-0.082102,-0.96226,0.05036,0.11502,-0.94944,-0.0045129
