-0.1165146,0.793301,3.560591,-0.1159829,0.5922273,3.600868,-0.3066744,0.474102,3.583871,0.08725755,0.4709497,3.564684,-0.4417217,0.2165991,3.580245,0.2205864,0.2075154,3.556941,-0.6147208,0.03932648,3.567235,0.3708385,0.02407862,3.518658,-0.1096758,0.2124407,3.619337,-0.1106234,0.1426951,3.568896,-0.1992903,0.05444021,3.562192,-0.02010627,0.05628299,3.558988,-0.2126907,-0.4463491,3.566776,-0.02243865,-0.4423846,3.524267,-0.1428557,-0.8206084,3.682898,-0.07500912,-0.8181942,3.651371
-0.1121181,0.7995654,3.567751,-0.1067879,0.6035597,3.605926,-0.3026745,0.4800997,3.589108,0.0900801,0.4722651,3.565346,-0.4396935,0.2215946,3.584968,0.2246697,0.2100334,3.56427,-0.6128531,0.05652345,3.582834,0.3738703,0.03946366,3.523181,-0.1061781,0.2183091,3.626324,-0.1088249,0.1471978,3.576385,-0.1980575,0.05913203,3.571859,-0.01960631,0.05937028,3.565264,-0.2157141,-0.4414511,3.571023,-0.02244012,-0.4407658,3.535563,-0.1492775,-0.8150241,3.703812,-0.06037611,-0.816123,3.667644
-0.1113701,0.7998477,3.568029,-0.09684277,0.605512,3.610913,-0.2993009,0.4822856,3.596098,0.09218607,0.4727632,3.567532,-0.4362578,0.2206107,3.587898,0.2257456,0.2100024,3.566788,-0.6065775,0.07941863,3.589005,0.3807938,0.04626456,3.520998,-0.1024995,0.2176526,3.629164,-0.1067774,0.1464419,3.579085,-0.1972033,0.05871264,3.574099,-0.01822202,0.05841853,3.567433,-0.21009,-0.4682605,3.604348,-0.02198674,-0.4780684,3.57796,-0.1415736,-0.8427342,3.712897,-0.0407025,-0.8421482,3.676909
-0.1041701,0.7866778,3.57743,-0.0933579,0.5335064,3.612882,-0.2940683,0.4784727,3.603139,0.09855764,0.4681079,3.577408,-0.4293796,0.215829,3.593899,0.2299312,0.2036805,3.570912,-0.6075358,0.08039895,3.590119,0.4008268,0.04986592,3.517224,-0.09914762,0.1974661,3.636436,-0.1039627,0.1342179,3.586586,-0.1930411,0.04462598,3.583173,-0.01735725,0.04726412,3.574825,-0.1899954,-0.5279502,3.642786,-0.01833057,-0.5408502,3.605727,-0.1293484,-0.92437,3.716231,-0.03907372,-0.9239013,3.688737
-0.09814095,0.7584742,3.581459,-0.09287274,0.515099,3.618321,-0.2841912,0.4431489,3.605832,0.1070148,0.4369267,3.588456,-0.4311186,0.1924983,3.60267,0.2426782,0.1797076,3.583513,-0.660186,0.05472203,3.594875,0.407512,0.0491066,3.508795,-0.09417282,0.1665738,3.641647,-0.09678056,0.1024866,3.59364,-0.1845098,0.01553305,3.587919,-0.01069721,0.01475873,3.582213,-0.1872725,-0.5358907,3.651771,-0.004603551,-0.5483165,3.612206,-0.1298701,-0.9347826,3.718963,-0.007336526,-0.9190782,3.682232
-0.08523866,0.7155192,3.600765,-0.07746602,0.4635187,3.634323,-0.2755869,0.3955804,3.618376,0.1208104,0.3831728,3.59657,-0.4348956,0.1477615,3.610732,0.2652338,0.1334387,3.589356,-0.6529278,0.04781778,3.584994,0.4648033,0.02383137,3.474654,-0.08227202,0.1160945,3.647707,-0.08608996,0.05356281,3.597973,-0.1764957,-0.03410216,3.588741,0.0005901307,-0.03587746,3.585361,-0.1838399,-0.5452355,3.653595,0.006104815,-0.5630568,3.612144,-0.1368427,-0.9520495,3.74458,-0.02534936,-0.9727932,3.729106
-0.08538355,0.6670958,3.606314,-0.08305003,0.4152723,3.646963,-0.2753607,0.3340819,3.631458,0.1232465,0.3359728,3.618085,-0.4613935,0.1039048,3.613292,0.2718312,0.1157115,3.590312,-0.6708506,0.02218397,3.573804,0.4659521,0.004677801,3.435965,-0.08009264,0.07236388,3.653327,-0.08155922,0.01179372,3.601792,-0.1706153,-0.07457075,3.591296,0.008099369,-0.08016826,3.586865,-0.1811762,-0.5691176,3.646404,0.01693639,-0.5784596,3.599887,-0.1359805,-0.951712,3.743576,-0.01743553,-0.9820905,3.737843
-0.08424987,0.6509205,3.61104,-0.07418361,0.4270525,3.66407,-0.2703753,0.3140451,3.636791,0.1237765,0.3135738,3.631471,-0.4293666,0.07760983,3.62115,0.2779662,0.09517682,3.60074,-0.6608991,-0.01009309,3.565887,0.4710074,-0.006070008,3.421484,-0.0768209,0.05412615,3.660146,-0.0771649,-0.0167873,3.607271,-0.166675,-0.102988,3.594066,0.01036633,-0.1018745,3.591266,-0.188834,-0.5779727,3.637258,0.03034444,-0.5865103,3.591599,-0.1358675,-0.9509828,3.741718,-0.01727226,-0.9809262,3.73948
-0.07981461,0.6427616,3.614197,-0.07392959,0.4273804,3.664306,-0.2675318,0.309972,3.637679,0.1243605,0.3124754,3.633335,-0.4231151,0.07387634,3.62834,0.2863455,0.07962988,3.604902,-0.6438454,-0.02738153,3.585651,0.4687314,-0.01148641,3.419387,-0.07454631,0.05005051,3.664158,-0.07507934,-0.02006869,3.610513,-0.1643974,-0.106101,3.596946,0.01394653,-0.1073153,3.598498,-0.1890197,-0.5789375,3.637195,0.03160666,-0.587099,3.593545,-0.1351405,-0.9509091,3.741873,-0.01183306,-0.9772839,3.740777
-0.07946168,0.6514035,3.612588,-0.06898317,0.4482206,3.663328,-0.2694604,0.3209689,3.643747,0.1232191,0.3210412,3.635287,-0.4167162,0.08100662,3.636683,0.2867956,0.08322258,3.6051,-0.6296313,-0.03747402,3.594738,0.4593849,-0.01726021,3.431409,-0.07045992,0.06431215,3.669883,-0.07143068,-0.004321044,3.617177,-0.1609474,-0.09169309,3.605056,0.0173394,-0.09175744,3.606065,-0.1825306,-0.5690844,3.651545,0.03452036,-0.5784968,3.609765,-0.134299,-0.9545548,3.752136,-0.01570157,-0.9740795,3.74266
-0.07376423,0.7059712,3.605255,-0.05615175,0.5090953,3.660321,-0.2583344,0.3890639,3.645296,0.1399839,0.3839576,3.648832,-0.3827794,0.1300381,3.638316,0.27794,0.1288882,3.618746,-0.5566215,-0.01997794,3.623689,0.4479918,-0.01574967,3.463656,-0.06184442,0.126728,3.675063,-0.06237609,0.05695817,3.622813,-0.1528523,-0.0322446,3.611435,0.02564813,-0.03194803,3.613816,-0.1610402,-0.5485412,3.697534,0.03287312,-0.5645158,3.632228,-0.128746,-0.9538262,3.75065,-0.01331357,-0.9522992,3.724927
-0.07456098,0.7472948,3.607868,-0.05617368,0.509069,3.660336,-0.2529758,0.4214252,3.644662,0.1378847,0.4293381,3.640023,-0.377383,0.1549263,3.646037,0.2805594,0.1771897,3.629719,-0.5307728,-0.005332173,3.672944,0.4174579,0.004730185,3.523723,-0.05845165,0.1432014,3.677433,-0.05908501,0.08082464,3.626292,-0.1472693,-0.006790809,3.617097,0.02862983,-0.00359566,3.615951,-0.1556442,-0.5475948,3.703903,0.03756738,-0.5498403,3.637537,-0.1225932,-0.9483954,3.756461,-0.004687126,-0.9399575,3.715687
-0.06581572,0.7659824,3.603265,-0.06484133,0.5827532,3.646852,-0.2523561,0.4600631,3.641756,0.1423303,0.4501685,3.638786,-0.3680734,0.1894125,3.647366,0.2774515,0.1880803,3.635664,-0.521053,0.002078933,3.679652,0.4112924,0.02420589,3.565064,-0.05843219,0.2002862,3.67641,-0.05757187,0.1250242,3.628864,-0.1448615,0.0313885,3.62174,0.03207397,0.03625757,3.622399,-0.1449919,-0.5266851,3.700553,0.0381949,-0.5048048,3.622582,-0.1082453,-0.9004406,3.749003,0.004622446,-0.8688177,3.708055
-0.06410594,0.7871826,3.601616,-0.0617369,0.5918813,3.648233,-0.2489156,0.4726048,3.63948,0.1386002,0.4682549,3.62823,-0.3651308,0.2026514,3.649099,0.271953,0.2068522,3.641246,-0.5071648,0.02071042,3.695969,0.409858,0.03465815,3.585593,-0.05489551,0.2076159,3.675414,-0.05479115,0.1341754,3.629258,-0.1406849,0.04797484,3.62446,0.03495958,0.04855697,3.621316,-0.1392438,-0.4887686,3.677203,0.04612195,-0.478498,3.610669,-0.09562795,-0.8476823,3.75587,0.005205928,-0.8354315,3.70201
-0.06334396,0.792823,3.599621,-0.05820243,0.5976555,3.646684,-0.2465135,0.4802813,3.644331,0.1394074,0.4764717,3.630452,-0.3635301,0.2183094,3.66211,0.2754947,0.2171966,3.647953,-0.5005753,0.05742963,3.705387,0.4192127,0.04182877,3.607279,-0.05187904,0.217142,3.674379,-0.05230201,0.144743,3.630291,-0.1389865,0.05768532,3.626791,0.03687323,0.05925883,3.622115,-0.138523,-0.4413221,3.648071,0.05107022,-0.4501272,3.605487,-0.09215766,-0.8389426,3.766866,0.007466372,-0.826842,3.703
-0.06151712,0.7948408,3.596029,-0.05677124,0.5985932,3.646963,-0.2460788,0.4840502,3.650639,0.1410262,0.4777228,3.63295,-0.3584256,0.2244927,3.664244,0.2771758,0.2181051,3.648428,-0.4989405,0.06490324,3.702604,0.4250464,0.05707345,3.616222,-0.05048352,0.2185562,3.673434,-0.05138054,0.146072,3.630776,-0.1385474,0.05911297,3.628197,0.03790573,0.05984892,3.621882,-0.1410069,-0.4386738,3.644165,0.05372808,-0.4418632,3.602407,-0.08949681,-0.8322634,3.770485,0.02165789,-0.8048903,3.692567
-0.0587348,0.7951814,3.597832,-0.05207444,0.5951616,3.652628,-0.2423644,0.4843703,3.654841,0.1442157,0.4750531,3.635655,-0.358699,0.2240127,3.664915,0.2847234,0.2172706,3.648304,-0.5143245,0.06914452,3.701291,0.4599247,0.05163205,3.602978,-0.04816537,0.2173109,3.675085,-0.04958367,0.1454426,3.632862,-0.1374958,0.05889328,3.628952,0.03977143,0.05875378,3.624681,-0.1401737,-0.4493537,3.642461,0.05500702,-0.4447493,3.602744,-0.08522864,-0.8356898,3.765799,0.02702604,-0.8169652,3.678459
-0.05699893,0.7742861,3.59311,-0.04718543,0.5830061,3.660054,-0.2374301,0.4536971,3.658675,0.1490692,0.4617142,3.642175,-0.3586765,0.2237059,3.664796,0.2934553,0.2051585,3.648698,-0.5236549,0.07122177,3.700202,0.482453,0.04488501,3.559838,-0.03971415,0.1927649,3.681636,-0.04023449,0.1178173,3.639832,-0.1281486,0.0264448,3.635174,0.0497952,0.03401739,3.630656,-0.1278701,-0.5174356,3.656706,0.06144063,-0.5233725,3.617578,-0.07458202,-0.8685451,3.771929,0.05494555,-0.8550879,3.662883
-0.04953586,0.7422,3.599723,-0.03491869,0.5263145,3.671255,-0.2353884,0.4229841,3.6617,0.1578774,0.4205027,3.651801,-0.3648229,0.1796158,3.657994,0.3080969,0.1705517,3.647014,-0.5667989,0.06606814,3.671121,0.4955387,0.02780198,3.512852,-0.03398059,0.1548147,3.68369,-0.03511712,0.08683189,3.640062,-0.1230341,-0.002360795,3.633397,0.05361402,-0.0007154839,3.629728,-0.1274597,-0.5304122,3.656044,0.06984074,-0.5328308,3.617228,-0.07988413,-0.94332,3.756371,0.03776385,-0.9154759,3.68578
-0.04191355,0.6785063,3.61144,-0.03414691,0.4783928,3.676199,-0.2281154,0.3563146,3.656362,0.1566839,0.359184,3.655184,-0.3941784,0.12964,3.662229,0.3128895,0.1323589,3.643758,-0.5945756,0.04309659,3.629115,0.4959281,0.01458478,3.501437,-0.03521069,0.09471912,3.684304,-0.0356262,0.02401308,3.638343,-0.1234661,-0.06123316,3.631427,0.05164674,-0.06285729,3.625461,-0.1285286,-0.5437342,3.647568,0.08479508,-0.5793157,3.604023,-0.07923757,-0.9469084,3.750627,0.04188453,-0.9800298,3.699113
-0.04025175,0.620482,3.620508,-0.02650351,0.4276378,3.677105,-0.22705,0.2999103,3.664022,0.1660252,0.3100918,3.663743,-0.385129,0.1109886,3.655114,0.3199854,0.09078645,3.645204,-0.6242945,0.02889463,3.603675,0.5029204,-0.01409385,3.46258,-0.02779863,0.04723409,3.68367,-0.02827085,-0.02240792,3.63631,-0.1186642,-0.110771,3.622285,0.06197807,-0.1126991,3.628766,-0.1259991,-0.592477,3.628568,0.08295795,-0.5832527,3.594943,-0.08304912,-0.9499225,3.748099,0.0511222,-0.9568919,3.692562
-0.03642271,0.6101257,3.625448,-0.02533968,0.3948709,3.682806,-0.2214744,0.2815941,3.670592,0.168671,0.2709539,3.67387,-0.3907661,0.0606994,3.664148,0.3214756,0.072255,3.64228,-0.6157659,0.01928968,3.598715,0.5094012,-0.02451043,3.445861,-0.02567269,0.01921474,3.684839,-0.02512167,-0.04877607,3.635732,-0.1143295,-0.1323267,3.619968,0.06382878,-0.1360459,3.628177,-0.1265055,-0.5983263,3.626878,0.07434266,-0.6008897,3.580072,-0.0785127,-0.9630134,3.744351,0.05117672,-0.9563866,3.692239
-0.03582591,0.6073623,3.628968,-0.02523237,0.3946669,3.682916,-0.220183,0.2778095,3.671148,0.1698235,0.2703993,3.676144,-0.3915241,0.06023133,3.662339,0.3203434,0.06860223,3.640945,-0.6086017,0.001697142,3.594004,0.5082152,-0.02729442,3.444582,-0.02591295,0.01833244,3.685773,-0.02526693,-0.0496857,3.635861,-0.1145326,-0.1341114,3.620197,0.06356657,-0.1371768,3.628163,-0.1269962,-0.5976211,3.625288,0.07691509,-0.599741,3.574732,-0.08104885,-0.9578909,3.741236,0.04951005,-0.9444177,3.685503
-0.03143765,0.6109939,3.631821,-0.0185363,0.4158541,3.690141,-0.2149218,0.2880667,3.673394,0.177215,0.2923903,3.684041,-0.3895803,0.06573283,3.658689,0.3242067,0.06216414,3.636736,-0.596349,-0.01062346,3.581667,0.5037208,-0.03010683,3.443537,-0.02401123,0.03117539,3.688878,-0.02350807,-0.03742152,3.63757,-0.1127404,-0.1217004,3.619462,0.06422835,-0.1270967,3.630552,-0.1283755,-0.5944299,3.627907,0.0780281,-0.5966609,3.574927,-0.08120058,-0.9590517,3.74678,0.05207147,-0.9391912,3.684751
-0.0235745,0.6762912,3.634366,-0.01573783,0.4775373,3.6945,-0.2168221,0.3547035,3.68532,0.1725355,0.3592575,3.681224,-0.3216905,0.1383658,3.658663,0.3346666,0.1122894,3.628523,-0.5344788,0.001229881,3.598253,0.5015846,-0.05210818,3.445159,-0.02280045,0.09409549,3.690068,-0.02490007,0.02622348,3.637148,-0.1144859,-0.05903025,3.621622,0.06117184,-0.06161198,3.625225,-0.1314282,-0.562295,3.666126,0.08305886,-0.5721956,3.594509,-0.07493374,-0.955861,3.76083,0.05565681,-0.9385594,3.684679
-0.01714816,0.7293767,3.629721,-0.01104007,0.5282715,3.688972,-0.2126985,0.4062324,3.685917,0.1761852,0.414922,3.673498,-0.323999,0.1700615,3.656338,0.3174034,0.1635866,3.644123,-0.517332,0.01063635,3.608582,0.4646757,0.0006867694,3.497406,-0.01624569,0.139511,3.683842,-0.01931748,0.07056174,3.630183,-0.1081104,-0.01884543,3.617368,0.0663453,-0.01250058,3.614897,-0.1230608,-0.5484021,3.675302,0.08266494,-0.5582777,3.609342,-0.07245363,-0.9511764,3.759108,0.0552645,-0.9297667,3.679172
-0.01679136,0.7461144,3.625487,-0.0134739,0.5576944,3.684587,-0.2082329,0.4418085,3.671181,0.1826853,0.4508143,3.670684,-0.3262916,0.1869156,3.653381,0.3169707,0.1864676,3.644935,-0.5160468,0.01843555,3.614427,0.4617879,0.01341249,3.516893,-0.01481569,0.1795411,3.684096,-0.01514118,0.1131412,3.630764,-0.1017486,0.03155858,3.615557,0.07084388,0.01963719,3.619187,-0.1118574,-0.5345706,3.67393,0.08252437,-0.5368376,3.607512,-0.06368301,-0.8815126,3.748434,0.05764009,-0.8895379,3.651521
-0.02066323,0.7948912,3.632848,-0.01309872,0.5909619,3.674281,-0.2047889,0.4692534,3.666224,0.1810788,0.4661521,3.66411,-0.3247066,0.231543,3.641196,0.3166222,0.2308306,3.650194,-0.5095171,0.03685259,3.612676,0.4653594,0.05007118,3.551469,-0.01599764,0.2030574,3.682918,-0.01665859,0.1331195,3.630172,-0.1041484,0.04750606,3.61758,0.06954248,0.05002989,3.619149,-0.1003395,-0.4755975,3.63599,0.07541453,-0.4636799,3.573156,-0.05770585,-0.8488385,3.725129,0.05043733,-0.831696,3.662837
-0.0225186,0.7991045,3.628039,-0.0168986,0.5969342,3.67283,-0.2048038,0.4769642,3.664408,0.1782193,0.4752117,3.658383,-0.3176384,0.2474298,3.641616,0.3173195,0.2326422,3.649564,-0.5074026,0.06334163,3.620652,0.4693127,0.05364503,3.550068,-0.01880466,0.2126477,3.684135,-0.01994561,0.1431872,3.631628,-0.1081708,0.06041408,3.624115,0.06727123,0.05721741,3.618619,-0.1138289,-0.4224158,3.608548,0.08327073,-0.4240617,3.555092,-0.0548478,-0.8417602,3.725399,0.05945055,-0.7894471,3.649751
-0.0219408,0.8056025,3.619945,-0.01823775,0.6015561,3.672047,-0.2062487,0.483753,3.664826,0.1772211,0.4816912,3.654666,-0.3163073,0.2508298,3.640136,0.3182923,0.2343987,3.649448,-0.5058067,0.09174103,3.635873,0.4790117,0.06518053,3.537002,-0.01863099,0.2207044,3.686385,-0.02008254,0.151624,3.63428,-0.1080713,0.0674679,3.627977,0.06745394,0.06475113,3.62084,-0.1145818,-0.4188678,3.606123,0.08431852,-0.4219687,3.554535,-0.05343444,-0.8177527,3.720629,0.05872906,-0.7892071,3.649652
-0.02157443,0.8084217,3.617134,-0.01839575,0.6026828,3.67091,-0.2065689,0.4842328,3.664918,0.1775379,0.4818453,3.65395,-0.3161298,0.2512827,3.631582,0.3183678,0.2355949,3.646661,-0.5090184,0.09564576,3.634088,0.4798776,0.07342806,3.538553,-0.0185268,0.2209873,3.686534,-0.02007925,0.1516943,3.6343,-0.1081071,0.06746551,3.628172,0.06747047,0.06475703,3.620846,-0.1151275,-0.4216244,3.603938,0.08618923,-0.4259422,3.556589,-0.05388523,-0.8199663,3.720761,0.06516394,-0.7993109,3.629564
-0.0203307,0.8037493,3.615541,-0.01616546,0.6011111,3.670357,-0.206541,0.4806497,3.665598,0.178079,0.4806831,3.652903,-0.3161332,0.2513872,3.631448,0.3184317,0.2355646,3.644451,-0.5304809,0.09710301,3.631843,0.4896451,0.07665569,3.498368,-0.01613037,0.216243,3.685152,-0.01798827,0.1459624,3.632305,-0.1061086,0.06086895,3.626492,0.06929082,0.05855033,3.618057,-0.1106958,-0.5066088,3.617536,0.08644491,-0.5110281,3.569151,-0.0516724,-0.8881932,3.706572,0.06189184,-0.8845166,3.599307
-0.01480449,0.7694323,3.621054,-0.00526053,0.5222899,3.674171,-0.2063712,0.4612289,3.666641,0.185027,0.4694853,3.656431,-0.3156117,0.2479856,3.631738,0.3223974,0.2066694,3.630183,-0.5661829,0.08966351,3.60784,0.4962198,0.06969303,3.486695,-0.007779434,0.1844759,3.683099,-0.01119928,0.1270307,3.629853,-0.09751521,0.03296783,3.61727,0.07552238,0.04134598,3.61685,-0.1081322,-0.5379043,3.620704,0.08967673,-0.5142487,3.567636,-0.05522273,-0.932258,3.701684,0.06762685,-0.8872878,3.605019
-0.01106836,0.7379764,3.61854,-0.004507103,0.4917845,3.67441,-0.2044713,0.4148231,3.670017,0.1893864,0.4143713,3.659235,-0.3160086,0.1942273,3.623544,0.3174085,0.1895342,3.628254,-0.570799,0.08259661,3.599841,0.5021359,0.05509965,3.458718,-0.006343747,0.1399525,3.674459,-0.008251118,0.07819671,3.617928,-0.09609526,-0.004882055,3.604251,0.07772201,-0.008839172,3.602636,-0.1051907,-0.5548625,3.613217,0.09801683,-0.5580394,3.560758,-0.06244202,-0.9442043,3.703631,0.08957972,-0.9241958,3.636894
-0.004018615,0.6789003,3.634536,-0.003736782,0.4865413,3.679231,-0.1985562,0.3552348,3.671837,0.1961403,0.3578279,3.667879,-0.3128881,0.1692678,3.624302,0.318686,0.1307968,3.620234,-0.5874999,0.06191801,3.578452,0.5124637,0.02485663,3.40812,-0.005794961,0.09349737,3.671078,-0.007063139,0.02499709,3.611578,-0.09683125,-0.05900159,3.592807,0.08093842,-0.06527614,3.595804,-0.1094506,-0.5742522,3.590656,0.1018768,-0.5746073,3.546489,-0.06005476,-0.9556162,3.710794,0.08593304,-0.935124,3.640961
-0.006330104,0.6190206,3.636186,-0.01058837,0.4261984,3.684716,-0.198167,0.2957782,3.663897,0.1979054,0.2917317,3.673844,-0.3105145,0.09339155,3.617548,0.3255734,0.09917675,3.62659,-0.593385,0.02652498,3.560788,0.5103451,0.001519526,3.405924,-0.01250385,0.03745688,3.665425,-0.01126695,-0.0280523,3.605516,-0.1008029,-0.1136959,3.587204,0.07800813,-0.1170039,3.587922,-0.1180705,-0.6033543,3.573227,0.1004137,-0.582191,3.52876,-0.06297762,-0.9595662,3.70934,0.08328591,-0.9280516,3.630588
-0.002259647,0.5903029,3.642845,-0.00792819,0.3791248,3.683163,-0.20284,0.2481284,3.658602,0.1967354,0.2613688,3.680484,-0.3780236,0.03545494,3.603907,0.3193065,0.06604408,3.623569,-0.6107857,-0.01650552,3.537347,0.4905005,-0.02905528,3.386699,-0.01095608,-0.003600509,3.666141,-0.008693485,-0.06805989,3.606436,-0.09765507,-0.1575679,3.584946,0.08019273,-0.1567533,3.592226,-0.1193555,-0.6134216,3.569738,0.09615122,-0.609145,3.504052,-0.0644713,-0.9620802,3.705595,0.0871844,-0.9209306,3.610765
-0.003066162,0.5865297,3.642479,-0.005885543,0.3707289,3.67775,-0.2045539,0.238787,3.648784,0.1911692,0.2451424,3.671014,-0.3107741,0.01247339,3.607233,0.320263,0.04318348,3.617457,-0.5696706,-0.0347165,3.518905,0.4940904,-0.03723053,3.37688,-0.01006304,-0.01022482,3.665201,-0.007665598,-0.07501334,3.605929,-0.09693104,-0.163348,3.58523,0.08100951,-0.1623138,3.592495,-0.1202671,-0.6182732,3.568841,0.09558022,-0.6086637,3.502963,-0.06705613,-0.9644728,3.703553,0.08655372,-0.9207151,3.609017
-0.002997301,0.5865679,3.642248,-0.006168626,0.3737329,3.673588,-0.2055947,0.2416595,3.646322,0.1903246,0.2504411,3.666036,-0.3724202,0.02509944,3.582564,0.318053,0.04381698,3.61259,-0.5736583,-0.04146776,3.512625,0.4896981,-0.049195,3.375195,-0.01002934,-0.007870482,3.664398,-0.008008835,-0.07309211,3.605288,-0.09763142,-0.1612733,3.585379,0.08092393,-0.1608118,3.591946,-0.1192079,-0.6175492,3.569442,0.09521397,-0.606701,3.504387,-0.06724955,-0.9631193,3.704767,0.08789689,-0.9198112,3.608015
-0.01055045,0.6157234,3.625306,-0.01208748,0.4309219,3.669239,-0.2001488,0.2865407,3.637275,0.1887806,0.3088779,3.656183,-0.3745109,0.05761675,3.573555,0.3193001,0.07116687,3.596632,-0.561185,-0.04968762,3.518392,0.4658201,-0.0371196,3.402941,-0.01162445,0.04065568,3.65737,-0.009206475,-0.02752163,3.598162,-0.09724319,-0.1111201,3.578946,0.07982554,-0.1135612,3.584658,-0.1235336,-0.5973669,3.586565,0.09817087,-0.5817239,3.52824,-0.06734813,-0.9623336,3.706447,0.0856078,-0.9357527,3.635307
-0.008431533,0.682138,3.618695,-0.01261938,0.4870077,3.663422,-0.2052211,0.3497938,3.636518,0.1882537,0.3621272,3.648743,-0.3391233,0.1108064,3.585284,0.3106582,0.09616786,3.573649,-0.5048651,-0.02833612,3.536226,0.4575262,-0.03223273,3.399815,-0.0123695,0.09601112,3.650056,-0.01079838,0.02940853,3.590201,-0.09866326,-0.05829461,3.571763,0.07775927,-0.05697277,3.575373,-0.115257,-0.5800439,3.626496,0.0972073,-0.5748214,3.541711,-0.06380096,-0.9641923,3.714188,0.08503509,-0.9365859,3.641127
-0.007217485,0.7416168,3.597275,0.004224816,0.5340932,3.644087,-0.2013894,0.4165693,3.627549,0.1931942,0.4106904,3.628174,-0.3137392,0.1678581,3.57764,0.3398237,0.1540051,3.576414,-0.48964,-0.01734759,3.549141,0.4441534,-0.01376011,3.428753,-0.006761284,0.1476649,3.642697,-0.008714264,0.08027557,3.584774,-0.0980223,-0.007884148,3.574367,0.07559382,-0.00692988,3.566767,-0.1075433,-0.5659705,3.628851,0.08952285,-0.5407862,3.548009,-0.05863725,-0.9537307,3.716735,0.07690514,-0.9186966,3.630897
-0.005959116,0.7588434,3.593632,-0.004054657,0.5659348,3.634469,-0.2047224,0.4376301,3.620421,0.1894955,0.4387339,3.616825,-0.3137054,0.1748935,3.574667,0.3151036,0.1874768,3.575872,-0.4794835,-0.01022249,3.554172,0.4407975,-0.00863591,3.456032,-0.009041197,0.1807111,3.639093,-0.01066592,0.1129075,3.582063,-0.1014863,0.02227089,3.572611,0.07770012,0.02733937,3.565582,-0.09531725,-0.4975248,3.592238,0.08176737,-0.4897624,3.514424,-0.05922424,-0.9333101,3.705807,0.06643368,-0.8667511,3.619996
-0.008521664,0.7924833,3.584189,-0.003034744,0.594503,3.616674,-0.1998978,0.4665232,3.610818,0.1899965,0.4634671,3.604117,-0.3076154,0.2069691,3.571383,0.3100635,0.2093988,3.571185,-0.46445,0.009706886,3.571105,0.4394009,0.003898951,3.474277,-0.009034127,0.2060382,3.634011,-0.01120696,0.1357026,3.5788,-0.1022453,0.04762776,3.573808,0.0767571,0.04998278,3.562572,-0.1088502,-0.4442444,3.564276,0.07764691,-0.419508,3.473265,-0.04658627,-0.8290009,3.708056,0.04400006,-0.8145946,3.636072
-0.008651511,0.8036546,3.580098,-0.004706842,0.5989196,3.614061,-0.1997096,0.4866588,3.611832,0.1920764,0.4719616,3.602729,-0.3068574,0.2245389,3.571354,0.3095732,0.2165067,3.569272,-0.4672733,0.03081742,3.581481,0.4495982,0.0270168,3.490296,-0.01109122,0.2183086,3.630416,-0.01345364,0.1499892,3.575268,-0.1038413,0.06137782,3.570904,0.07427638,0.06154171,3.559435,-0.1118613,-0.4327295,3.558456,0.07832832,-0.4120996,3.472757,-0.04203897,-0.8201588,3.704071,0.04490846,-0.8052059,3.640241
-0.008145723,0.8267262,3.581165,-0.005145819,0.6174681,3.609264,-0.2017559,0.5088319,3.615314,0.1915581,0.5059986,3.603089,-0.3054618,0.2442774,3.573998,0.3105435,0.2351183,3.563105,-0.4647763,0.08446785,3.584118,0.4530129,0.0491703,3.493371,-0.01124304,0.2405861,3.623134,-0.0142986,0.1728816,3.567621,-0.1032627,0.08413206,3.562747,0.07118335,0.08605997,3.550491,-0.1119015,-0.4327691,3.558631,0.080781,-0.4120785,3.473248,-0.0397208,-0.8208668,3.698652,0.06852507,-0.7917869,3.586565
-0.007315654,0.8346052,3.583872,-0.00554114,0.6207089,3.606705,-0.2021694,0.5095999,3.615051,0.192097,0.5064847,3.602284,-0.3082291,0.2562505,3.578403,0.3115916,0.2389732,3.563164,-0.4978561,0.09256962,3.590582,0.4663391,0.06804943,3.484274,-0.01072747,0.2426264,3.619315,-0.01366095,0.1749808,3.563369,-0.102429,0.08503646,3.557863,0.07206883,0.088551,3.545818,-0.1035431,-0.4866115,3.584309,0.0872317,-0.4788173,3.499293,-0.04863209,-0.8368425,3.685115,0.06814622,-0.813553,3.574728
-0.005506077,0.8294882,3.578727,-0.005258231,0.6195773,3.605189,-0.2041371,0.5064092,3.612324,0.1929347,0.5036967,3.597686,-0.3289469,0.2506929,3.579038,0.3243709,0.2379567,3.558106,-0.5208439,0.09725025,3.596104,0.4928838,0.07514443,3.45009,-0.009703662,0.2376576,3.612214,-0.01276485,0.1699525,3.554799,-0.1019026,0.07804425,3.547317,0.07357104,0.08253231,3.534856,-0.09920821,-0.5106895,3.585228,0.09074935,-0.487369,3.497627,-0.06719881,-0.8989239,3.633445,0.06110498,-0.8752078,3.549305
0.0007951773,0.7962215,3.578328,0.002451278,0.537688,3.594213,-0.2052735,0.4762887,3.60599,0.1989381,0.4703227,3.592588,-0.3468518,0.2347343,3.577176,0.3381935,0.2284752,3.550509,-0.5642241,0.1023268,3.574874,0.5041,0.08034557,3.420578,-0.006559349,0.1989433,3.596872,-0.01052349,0.1449272,3.541555,-0.1000425,0.05196943,3.528137,0.07429256,0.05643618,3.522864,-0.09623814,-0.5427824,3.578672,0.1006817,-0.5411455,3.49694,-0.06972966,-0.9149151,3.626881,0.07101813,-0.9203714,3.541149
0.0004938339,0.7543054,3.572618,0.002584351,0.5468163,3.596328,-0.2037563,0.4386614,3.601022,0.2016827,0.4286472,3.570606,-0.3688358,0.1935986,3.567355,0.3489756,0.1877141,3.540941,-0.5990371,0.0869657,3.538864,0.5246131,0.0519421,3.377566,-0.001586221,0.1783806,3.590854,-0.005212171,0.1036124,3.528361,-0.09564359,0.01596558,3.518521,0.08221265,0.0118456,3.504357,-0.1007736,-0.5633729,3.552849,0.09744208,-0.5560815,3.483169,-0.07503103,-0.9314421,3.626944,0.08378097,-0.9468906,3.554771
-0.005759761,0.7071589,3.578638,-0.005605704,0.4514219,3.590017,-0.2009468,0.3779407,3.595693,0.2009624,0.3733686,3.578191,-0.3747156,0.1582941,3.560799,0.3516906,0.160574,3.532028,-0.6051024,0.05606215,3.498061,0.5245774,0.0269955,3.336928,-0.008780463,0.1081365,3.579283,-0.01193363,0.05254848,3.519373,-0.1008479,-0.03526231,3.504565,0.07419921,-0.03653419,3.496537,-0.1125862,-0.5664807,3.507137,0.09402556,-0.5616634,3.463504,-0.07616209,-0.9288485,3.624682,0.08453256,-0.9407014,3.553421
-0.007896281,0.642228,3.572057,-0.007800246,0.3971829,3.590059,-0.2078684,0.3135866,3.593211,0.2000507,0.3223815,3.579926,-0.3703276,0.09600977,3.55066,0.3506847,0.1085721,3.507,-0.5848657,0.03936023,3.471605,0.52394,-0.007227179,3.32454,-0.01432649,0.05537333,3.57866,-0.01791309,0.0002932549,3.5186,-0.1084651,-0.08844157,3.502877,0.06806499,-0.0904804,3.49557,-0.1252573,-0.5894655,3.484008,0.09098095,-0.588879,3.427434,-0.06440978,-0.9322352,3.637689,0.0786916,-0.9524317,3.558073
-0.01248874,0.6100062,3.576228,-0.01765874,0.3488529,3.578924,-0.2095554,0.267836,3.587321,0.2008567,0.2777987,3.578718,-0.3686299,0.07495147,3.547578,0.3424996,0.06338432,3.501852,-0.5869802,0.003108083,3.447786,0.5087126,-0.0259061,3.310951,-0.01602011,0.01151826,3.575554,-0.01737744,-0.04416812,3.516662,-0.1059489,-0.1366896,3.501157,0.07117819,-0.1350114,3.496768,-0.1329917,-0.6107581,3.47849,0.0902408,-0.5975027,3.424832,-0.06497075,-0.9816126,3.634858,0.04776605,-0.969249,3.583794
-0.01308284,0.5997907,3.571234,-0.01520823,0.3754005,3.572809,-0.210546,0.2611471,3.584164,0.1966596,0.2695512,3.574009,-0.3673625,0.03838538,3.533285,0.3414519,0.05345439,3.497446,-0.5787731,-0.0100938,3.434586,0.5156326,-0.06966635,3.282005,-0.01503701,0.009470087,3.574116,-0.01600828,-0.05360808,3.514156,-0.1048658,-0.1442309,3.500104,0.07253891,-0.1426441,3.495728,-0.1337726,-0.6130512,3.478806,0.09037131,-0.6018628,3.42219,-0.06654027,-0.9811978,3.63601,0.04924954,-0.9680939,3.583415
-0.01339762,0.5998236,3.567296,-0.01658691,0.3821892,3.568945,-0.2101371,0.2636359,3.569043,0.195408,0.2722312,3.563479,-0.3603992,0.03417528,3.524632,0.3368981,0.04822049,3.494774,-0.5753584,-0.0170225,3.42502,0.5070472,-0.07295338,3.285848,-0.01560888,0.01093516,3.57242,-0.01600923,-0.05315549,3.513108,-0.1047981,-0.1437014,3.499332,0.07262373,-0.1424272,3.495327,-0.1334898,-0.6115435,3.481612,0.0902812,-0.6013252,3.422116,-0.07041001,-0.9810311,3.640753,0.06878908,-0.9578001,3.557742
-0.01470297,0.6305894,3.516936,-0.01282438,0.4429213,3.55761,-0.2175174,0.3005384,3.554458,0.193051,0.3206401,3.541353,-0.3493894,0.08285853,3.510424,0.3323904,0.05978018,3.488629,-0.5415274,-0.01948875,3.432213,0.4882502,-0.06603321,3.298084,-0.01371163,0.0590134,3.555432,-0.01636165,-0.008735748,3.496946,-0.1071599,-0.1011363,3.480552,0.07302816,-0.1015355,3.483511,-0.1291854,-0.5930011,3.501329,0.0947648,-0.5886011,3.426529,-0.06791201,-0.9713989,3.650757,0.07139921,-0.9568945,3.560454
-0.01120427,0.6841427,3.49758,-0.01137586,0.4978832,3.553492,-0.2100472,0.3734369,3.543144,0.1858242,0.3907962,3.535551,-0.3434114,0.1393567,3.505279,0.3140188,0.1264156,3.490335,-0.5220415,-0.01066283,3.43776,0.4636253,-0.05111514,3.322134,-0.009265528,0.1102258,3.54434,-0.01052941,0.04408346,3.484132,-0.09803969,-0.04533653,3.468424,0.07730798,-0.04186205,3.467542,-0.1194875,-0.5718101,3.546747,0.105985,-0.5598031,3.463388,-0.06892695,-0.9607381,3.65789,0.0748674,-0.9483848,3.559273
-0.01305853,0.7461955,3.485063,-0.0111741,0.5533005,3.541134,-0.2116292,0.4254111,3.522856,0.1872684,0.4266513,3.516688,-0.3396446,0.1631406,3.492507,0.3092055,0.160652,3.485514,-0.5166837,7.803878E-05,3.450023,0.4319406,-0.005551262,3.364459,-0.0122387,0.1617147,3.534074,-0.01344399,0.0943664,3.474164,-0.1026369,0.004536826,3.460556,0.07487419,0.00733918,3.456485,-0.1141826,-0.5654241,3.552399,0.1018932,-0.555684,3.468343,-0.06962596,-0.9403948,3.65136,0.06492011,-0.9363037,3.55206
-0.0141569,0.790352,3.479411,-0.02371404,0.5908815,3.515663,-0.2145154,0.4652975,3.512796,0.1824119,0.471801,3.491444,-0.3263065,0.2198005,3.478181,0.3043372,0.2134991,3.485021,-0.4929131,0.04316567,3.460146,0.4292027,0.006125696,3.369663,-0.01281716,0.2048828,3.524122,-0.014262,0.1370764,3.46668,-0.1015624,0.04360272,3.457028,0.07653144,0.05263136,3.451244,-0.09744918,-0.5351666,3.532372,0.08736748,-0.4897178,3.434943,-0.05802003,-0.9301925,3.649698,0.04980817,-0.8855904,3.548452
-0.01091756,0.8123227,3.466505,-0.01472859,0.6202883,3.487449,-0.2091863,0.5051799,3.481781,0.1793334,0.4915078,3.479837,-0.3284063,0.2341635,3.475552,0.3057086,0.2259099,3.473965,-0.4895464,0.05541249,3.461902,0.4337671,0.01780623,3.376183,-0.01688489,0.2305738,3.512965,-0.01692878,0.1586554,3.459109,-0.1050371,0.07289777,3.451593,0.07106013,0.07205275,3.446863,-0.1129472,-0.4318003,3.466425,0.07479887,-0.4158473,3.387721,-0.05082982,-0.8199403,3.653807,0.05456024,-0.7979634,3.548297
-0.01052667,0.8310823,3.456205,-0.01501197,0.6336232,3.478214,-0.2112658,0.5158295,3.481741,0.1801851,0.5060539,3.470329,-0.3328077,0.2611292,3.467923,0.3016957,0.2439479,3.464754,-0.4915761,0.08339105,3.474831,0.4385842,0.0401191,3.389205,-0.01627952,0.2572731,3.501081,-0.01805403,0.1882366,3.448608,-0.105454,0.0941857,3.447092,0.06836188,0.1023166,3.434202,-0.1146855,-0.408213,3.451438,0.07851806,-0.3747838,3.362842,-0.04731697,-0.7737515,3.624736,0.04125135,-0.7794867,3.542644
-0.01179703,0.8492042,3.442396,-0.02021767,0.6548066,3.469668,-0.2117694,0.5307227,3.476995,0.1825325,0.5212176,3.463584,-0.3334973,0.2724561,3.466188,0.3013468,0.2519652,3.447969,-0.4964542,0.09168762,3.477017,0.4414276,0.05712835,3.381023,-0.01945939,0.2734529,3.492728,-0.02117879,0.2029127,3.441282,-0.1081693,0.1121953,3.440445,0.06500671,0.1157421,3.42484,-0.1146823,-0.4074779,3.45115,0.07536056,-0.3762563,3.365874,-0.05139367,-0.7779521,3.611118,0.04438846,-0.7670251,3.510757
-0.01072579,0.8646659,3.429132,-0.02058741,0.6608466,3.464334,-0.213213,0.5375903,3.473229,0.1812752,0.5394899,3.455943,-0.3382868,0.2763315,3.4636,0.2963038,0.2658476,3.436342,-0.5048819,0.1185158,3.472605,0.4474252,0.08144829,3.360827,-0.01925684,0.2782159,3.485789,-0.02158514,0.2074653,3.434743,-0.1079968,0.1166266,3.434256,0.06413715,0.1204063,3.417554,-0.1130164,-0.4286288,3.459726,0.07151972,-0.4117021,3.386898,-0.06251398,-0.8153687,3.56442,0.05077266,-0.7901105,3.463466
-0.01076779,0.86696,3.412531,-0.02029881,0.6624444,3.454496,-0.215561,0.5415727,3.46408,0.1826106,0.5395185,3.444641,-0.3411506,0.2790906,3.454654,0.2995593,0.2667156,3.42682,-0.5240815,0.1286616,3.458502,0.4597453,0.09477211,3.341158,-0.01921839,0.2778435,3.475974,-0.02180136,0.2064881,3.425596,-0.1085337,0.1155395,3.42334,0.06413011,0.1184522,3.410353,-0.1063844,-0.4786622,3.47851,0.06985465,-0.4701048,3.409017,-0.08145332,-0.8739915,3.496081,0.0290389,-0.867145,3.42297
-0.0115976,0.84951,3.410865,-0.01855293,0.5923388,3.431957,-0.2184811,0.5302927,3.45333,0.1856249,0.5214522,3.428396,-0.3516078,0.2701466,3.442796,0.3149468,0.2544906,3.415531,-0.5484033,0.1278098,3.439842,0.4858927,0.08604095,3.316539,-0.01512972,0.2523102,3.455754,-0.01831508,0.1894941,3.409043,-0.1051389,0.09565683,3.400311,0.06923806,0.09953924,3.395952,-0.1086368,-0.4957733,3.476425,0.07785442,-0.4977572,3.415277,-0.103014,-0.9234601,3.453638,0.04000871,-0.8862975,3.417125
-0.009233931,0.8010017,3.393775,-0.01613181,0.5457618,3.422384,-0.2179853,0.4789377,3.426621,0.1907138,0.4832872,3.414881,-0.3657943,0.2312631,3.424335,0.3222947,0.2346125,3.399144,-0.5747463,0.1147637,3.417939,0.4928306,0.07883067,3.278148,-0.01533705,0.2027325,3.439909,-0.01688082,0.1407954,3.390463,-0.1041075,0.04632957,3.383628,0.06997909,0.05221034,3.376489,-0.1162324,-0.5444253,3.463635,0.08139142,-0.538659,3.40766,-0.1096836,-0.9421886,3.451045,0.03795253,-0.9294102,3.396981
-0.01343319,0.7626998,3.381223,-0.02264209,0.5120786,3.421179,-0.216643,0.4307148,3.412606,0.1879266,0.4321253,3.405191,-0.3655213,0.2044773,3.413612,0.3281025,0.1926703,3.377534,-0.592075,0.08891229,3.346297,0.5136065,0.05683413,3.232762,-0.01836758,0.1691729,3.432,-0.01861743,0.1079343,3.380573,-0.1045124,0.01731883,3.369351,0.06907415,0.0183829,3.36765,-0.1203047,-0.5572711,3.451357,0.08275801,-0.5505603,3.394347,-0.1177626,-0.9484065,3.447508,0.05397536,-0.9521703,3.408736
-0.01708259,0.7069012,3.373759,-0.02064181,0.5111481,3.42101,-0.2124202,0.38614,3.410078,0.1960624,0.3964083,3.408542,-0.3666027,0.1521179,3.387179,0.3325438,0.155271,3.370255,-0.5939044,0.05218612,3.319193,0.5100912,0.0369238,3.196079,-0.01822289,0.1319693,3.421005,-0.01956116,0.05930772,3.365216,-0.1098446,-0.03108338,3.351107,0.06811088,-0.03246455,3.351141,-0.1370523,-0.5699083,3.387296,0.09960023,-0.5628507,3.32987,-0.1191287,-0.9511365,3.448629,0.05047756,-0.9592102,3.424307
-0.01212154,0.648223,3.362404,-0.02312251,0.4480956,3.419319,-0.2173044,0.318762,3.399416,0.198052,0.3263061,3.405533,-0.372692,0.09979184,3.373499,0.3398477,0.1059877,3.344865,-0.5958662,0.009508338,3.288973,0.5050433,0.01401597,3.176943,-0.0199897,0.06843178,3.411255,-0.01869738,0.002624631,3.355419,-0.1083471,-0.09012946,3.337075,0.07278214,-0.08882294,3.34146,-0.1524801,-0.5976423,3.340574,0.09705287,-0.571946,3.30972,-0.1131421,-0.9725323,3.468876,0.04997733,-0.9598045,3.424221
-0.01516399,0.6111952,3.372546,-0.02212082,0.408888,3.406356,-0.211458,0.2690023,3.38645,0.1950386,0.2910644,3.404416,-0.3680064,0.05524128,3.358784,0.3415567,0.06567319,3.307865,-0.5834935,-0.01287888,3.262843,0.5082117,-0.0144073,3.151144,-0.02199282,0.02908347,3.402782,-0.01991221,-0.03735997,3.347295,-0.1091824,-0.1270102,3.328783,0.07040912,-0.125449,3.336627,-0.1583188,-0.6045692,3.333689,0.09184232,-0.5865754,3.296656,-0.111489,-0.9769456,3.473112,0.04923983,-0.9598662,3.424767
-0.01574419,0.6075048,3.366124,-0.02289557,0.4073035,3.402249,-0.2111202,0.2664354,3.379575,0.1931637,0.28742,3.397824,-0.3695479,0.05061155,3.352271,0.3401463,0.06314933,3.30695,-0.5811263,-0.02675265,3.25798,0.5060485,-0.02136785,3.148118,-0.02173349,0.02622814,3.400488,-0.01933549,-0.04071199,3.344829,-0.1082917,-0.131138,3.326949,0.07114945,-0.1283468,3.334227,-0.1590077,-0.6046564,3.332753,0.09168513,-0.5910925,3.294684,-0.1117635,-0.9727339,3.471723,0.04914213,-0.959725,3.424526
-0.01433869,0.6220386,3.347063,-0.01881645,0.4252681,3.381865,-0.2130487,0.2923559,3.365578,0.1929214,0.2991819,3.382821,-0.3645968,0.06495674,3.339605,0.3336073,0.07382621,3.302297,-0.5572429,-0.03765466,3.262411,0.5001699,-0.02964137,3.145343,-0.02052392,0.04176337,3.39045,-0.01835936,-0.02695734,3.3359,-0.1080736,-0.1181678,3.319583,0.07183393,-0.1180218,3.3276,-0.155464,-0.5950046,3.336152,0.09296103,-0.5882103,3.294092,-0.1153071,-0.9641473,3.468519,0.0502622,-0.9578617,3.424854
-0.02115086,0.6908149,3.333867,-0.01999036,0.4837911,3.360536,-0.2220292,0.3485428,3.343851,0.1888651,0.3565369,3.352151,-0.3574954,0.1070554,3.320072,0.3245792,0.1315727,3.306994,-0.5369861,-0.06291585,3.260262,0.4760906,-0.02154732,3.153055,-0.01664232,0.1003309,3.366477,-0.01493141,0.03198693,3.311553,-0.1052219,-0.06075705,3.298925,0.07740974,-0.05841204,3.29856,-0.132082,-0.5640035,3.375779,0.09335361,-0.5769721,3.301828,-0.1220217,-0.9546778,3.448301,0.05718692,-0.9383191,3.412654
-0.01782835,0.7368492,3.314276,-0.02241036,0.5402251,3.338434,-0.2117297,0.4070701,3.333176,0.1924426,0.4123137,3.327371,-0.340567,0.1436028,3.311368,0.3165538,0.1665875,3.298847,-0.4986642,-0.01176382,3.293842,0.4507645,0.00408697,3.181379,-0.01732899,0.1515188,3.354762,-0.01723475,0.07989291,3.301705,-0.1047461,-0.009322107,3.295254,0.07234822,-0.01164424,3.288056,-0.1295192,-0.5635363,3.378983,0.09660749,-0.5656949,3.31363,-0.1210756,-0.9574773,3.442521,0.05449337,-0.939387,3.40039
-0.01905555,0.7645311,3.297605,-0.02100012,0.5702184,3.329009,-0.2092577,0.4461054,3.320377,0.1886606,0.4617767,3.3113,-0.328203,0.1865067,3.305604,0.3119754,0.1950367,3.297099,-0.4852806,0.01189266,3.296801,0.4446986,0.01912745,3.194568,-0.009439852,0.1917781,3.344522,-0.008475681,0.123795,3.290892,-0.09420294,0.03119696,3.281617,0.08221897,0.03955598,3.280361,-0.111457,-0.5368369,3.35789,0.09042922,-0.5010878,3.282195,-0.1137681,-0.9485426,3.439217,0.04342087,-0.8872121,3.385741
-0.01325999,0.7931923,3.270457,-0.0174359,0.6018009,3.309498,-0.2090082,0.4705837,3.309016,0.1912918,0.4736403,3.309815,-0.3273568,0.2079752,3.298246,0.3109168,0.2114438,3.295637,-0.4779802,0.02824804,3.298101,0.441952,0.03194535,3.200285,-0.007818555,0.2143327,3.336925,-0.005760403,0.1418805,3.286534,-0.09197789,0.04837406,3.277646,0.08505788,0.05374316,3.27905,-0.1065867,-0.4722362,3.306158,0.09528317,-0.432188,3.227746,-0.07093649,-0.8618463,3.437611,0.01514219,-0.839864,3.396679
-0.01134258,0.8031147,3.262148,-0.01443532,0.6073989,3.304326,-0.2077195,0.4789738,3.300061,0.1933199,0.4873187,3.302288,-0.3189759,0.2329881,3.293626,0.3029847,0.2317994,3.29054,-0.4784934,0.05394313,3.309043,0.4459372,0.05530553,3.201518,-0.006267329,0.2262632,3.329208,-0.004528746,0.1552094,3.279993,-0.09204046,0.0616536,3.273379,0.08659242,0.06839412,3.270862,-0.104,-0.4379146,3.276319,0.09537444,-0.4013458,3.206604,-0.06259697,-0.8061192,3.448694,0.02249965,-0.7909103,3.400323
-0.0108801,0.8166593,3.245445,-0.0123654,0.6195841,3.291992,-0.2081044,0.4988361,3.293391,0.1939102,0.4998256,3.290879,-0.3192576,0.2369654,3.292293,0.3080596,0.2358841,3.284137,-0.4872627,0.07020669,3.302255,0.4526055,0.0698837,3.191526,-0.005841285,0.2427529,3.317269,-0.004966376,0.1720228,3.269701,-0.0923806,0.07730655,3.266822,0.08521745,0.08542882,3.258049,-0.1034359,-0.4367852,3.273798,0.09540977,-0.4011515,3.206202,-0.06022496,-0.8106803,3.421119,0.05121574,-0.7875764,3.348429
-0.01029992,0.8286194,3.233271,-0.01116902,0.6252872,3.281872,-0.2064606,0.502939,3.283775,0.1985975,0.5068926,3.279598,-0.320197,0.2494796,3.283127,0.3171276,0.2428942,3.268532,-0.495342,0.08648339,3.300041,0.473195,0.08542657,3.153561,-0.002565686,0.2478782,3.306698,-0.001487023,0.1768076,3.26033,-0.08895347,0.08244449,3.256824,0.08980782,0.08923934,3.249242,-0.09368476,-0.4626264,3.281149,0.09768333,-0.4145349,3.208473,-0.06536708,-0.8381383,3.348798,0.06270341,-0.8233497,3.296154
-0.005754265,0.8282387,3.222691,-0.004074061,0.6251469,3.264239,-0.2049169,0.5019311,3.267369,0.2015608,0.5065587,3.268358,-0.3242541,0.2504395,3.276,0.3229479,0.2472993,3.258184,-0.5104417,0.09560987,3.275494,0.4781403,0.09172389,3.142282,0.0004151796,0.2438272,3.294037,0.001585667,0.1709874,3.250278,-0.08712931,0.07766587,3.249156,0.09293746,0.08201601,3.239397,-0.08532395,-0.5169175,3.301707,0.1101627,-0.5031806,3.226952,-0.06763543,-0.8952777,3.298733,0.09346551,-0.8817735,3.252894
-0.006249364,0.8093586,3.216743,0.00216912,0.5515956,3.234907,-0.2001728,0.4825934,3.242551,0.2054583,0.4900743,3.247196,-0.3383148,0.2317069,3.255007,0.3308893,0.2408566,3.234394,-0.5466407,0.08685562,3.225522,0.5043337,0.08767473,3.099851,0.005268549,0.2108638,3.270016,0.00582289,0.1473137,3.233422,-0.08067413,0.05429237,3.234394,0.09449731,0.05826307,3.22292,-0.08549629,-0.5334896,3.303365,0.1231324,-0.5386686,3.238659,-0.07255392,-0.930612,3.275614,0.1040248,-0.9394308,3.2031
-0.003842995,0.7731256,3.201902,0.001810125,0.5345341,3.229357,-0.19944,0.4397516,3.226535,0.2114922,0.4662661,3.237236,-0.3367729,0.2011572,3.22575,0.339053,0.2215348,3.21312,-0.5427728,0.07674217,3.208365,0.5117441,0.07047644,3.086384,0.005178384,0.1860952,3.256941,0.006872369,0.117373,3.217401,-0.08010366,0.02468834,3.215698,0.09646877,0.02108419,3.206031,-0.08614436,-0.5546172,3.29529,0.1307559,-0.5591408,3.234357,-0.07314499,-0.9382081,3.276302,0.1145867,-0.9583843,3.212317
-0.001684768,0.7216808,3.196461,0.001959413,0.5314523,3.225045,-0.200593,0.4044674,3.222905,0.2174211,0.4031074,3.220487,-0.3435974,0.1441488,3.208242,0.3455352,0.1611957,3.185156,-0.5531759,0.03251488,3.174003,0.5274382,0.03935386,3.060901,0.007443394,0.1473164,3.238132,0.008340906,0.07227525,3.196152,-0.0800766,-0.0210753,3.19098,0.09912949,-0.01987847,3.188102,-0.09242903,-0.5768373,3.253542,0.1381215,-0.5699145,3.202303,-0.07007984,-0.971715,3.298044,0.1228457,-0.9671306,3.229252
0.0006336719,0.6674039,3.183619,0.004951561,0.467826,3.212815,-0.1953527,0.3353704,3.210906,0.2199566,0.3485028,3.216162,-0.3398522,0.1114794,3.196387,0.3462549,0.1138958,3.163877,-0.5433467,-0.00640514,3.140944,0.5379459,-0.007692539,3.014339,0.007169801,0.0919173,3.223704,0.008068539,0.02176603,3.180832,-0.08185243,-0.07167923,3.172668,0.09928922,-0.07078564,3.169728,-0.09711248,-0.5938104,3.206657,0.1505728,-0.5783125,3.150207,-0.06665666,-0.9785076,3.311063,0.1233167,-0.9699149,3.232739
-0.001510846,0.6273808,3.176947,0.003778179,0.4352651,3.213078,-0.1934856,0.3093258,3.212939,0.2198148,0.3039893,3.215861,-0.3423084,0.05962443,3.182587,0.3514786,0.08296964,3.160595,-0.5441729,-0.04065827,3.119699,0.5328745,-0.01843103,3.008876,0.008856693,0.0550385,3.218591,0.01035194,-0.01518549,3.173178,-0.07857402,-0.1066456,3.162783,0.1019602,-0.1075597,3.161458,-0.1068703,-0.6031728,3.167123,0.1525858,-0.5866725,3.11062,-0.06626472,-0.9789128,3.298267,0.1221424,-0.97114,3.232755
-0.0008340062,0.6188922,3.176008,0.002620503,0.4210752,3.214836,-0.1940246,0.2848733,3.207497,0.2187482,0.2981293,3.213811,-0.3374071,0.04733822,3.182285,0.3523901,0.07542508,3.159397,-0.5387826,-0.07189388,3.109333,0.5286965,-0.05213297,2.994079,0.009721964,0.04499684,3.21752,0.01165319,-0.02381583,3.170523,-0.07652744,-0.1181032,3.158565,0.1035385,-0.1138954,3.158393,-0.110171,-0.6024964,3.153865,0.1523127,-0.5873658,3.106944,-0.06612694,-0.9737181,3.286427,0.1213472,-0.9724402,3.232223
0.0003808402,0.6197362,3.168162,0.003899287,0.420453,3.213083,-0.1935901,0.2880165,3.206274,0.2186844,0.2985042,3.211827,-0.3347366,0.04724345,3.181283,0.3513111,0.07492618,3.159604,-0.5272203,-0.07810715,3.112823,0.5142967,-0.0548167,2.995976,0.01061518,0.04468326,3.2156,0.01244176,-0.02362506,3.167305,-0.07597126,-0.1174237,3.153684,0.1042927,-0.1137437,3.155673,-0.1108339,-0.6007122,3.154302,0.1521781,-0.5867048,3.106459,-0.06584397,-0.9788921,3.296139,0.1204268,-0.9738451,3.23176
0.002446983,0.6535277,3.151106,0.00596501,0.4631714,3.198418,-0.1946823,0.3331847,3.198412,0.2112416,0.3486608,3.205604,-0.3208851,0.08181819,3.172149,0.3462088,0.1052476,3.165031,-0.4869915,-0.0617532,3.147803,0.4948173,-0.04733719,3.004435,0.01202913,0.08167734,3.202492,0.01392676,0.012579,3.153427,-0.07382483,-0.07818334,3.139378,0.1050473,-0.07618301,3.14226,-0.1031271,-0.5890897,3.17929,0.1460154,-0.5849047,3.117539,-0.06696978,-0.9768815,3.292916,0.1182406,-0.9666889,3.220581
0.004264153,0.7020493,3.136637,0.0102336,0.5162635,3.194692,-0.1868355,0.3915241,3.19028,0.2139017,0.3972364,3.186712,-0.3047067,0.1328823,3.166919,0.3354685,0.1402298,3.167081,-0.4633083,-0.02034272,3.165185,0.4619992,-0.007018928,3.032994,0.01303859,0.1314696,3.196189,0.01300982,0.06203916,3.145782,-0.07434227,-0.02729829,3.13192,0.1014841,-0.02770704,3.134869,-0.09556583,-0.566251,3.200231,0.1324221,-0.5714967,3.140148,-0.0740512,-0.962604,3.271726,0.1124936,-0.9610371,3.194025
0.006118278,0.7344307,3.127936,0.005027271,0.5428324,3.185122,-0.1873592,0.420204,3.176661,0.211768,0.4366353,3.181926,-0.3072139,0.1517757,3.164633,0.3266823,0.1648802,3.160908,-0.4589417,-0.007995921,3.164742,0.4594278,0.0001887577,3.047847,0.009936931,0.1608382,3.19152,0.01135691,0.09168559,3.141171,-0.07511046,0.002152749,3.130026,0.1003604,0.003208273,3.129345,-0.0907117,-0.5619649,3.20012,0.1287134,-0.5602714,3.137556,-0.06811437,-0.9560132,3.251516,0.1086922,-0.9473699,3.184777
0.004809641,0.755065,3.121938,0.01021351,0.5699207,3.174519,-0.1878814,0.4559537,3.165423,0.2086361,0.4547166,3.168936,-0.3031979,0.1984565,3.161908,0.3258644,0.1836663,3.158216,-0.4615021,0.02055709,3.170531,0.4596934,0.009868601,3.058734,0.01201709,0.1895616,3.187538,0.01291024,0.1199183,3.137825,-0.07454596,0.02736253,3.130412,0.1015321,0.03631049,3.124703,-0.08419176,-0.5224305,3.15905,0.116513,-0.4822222,3.09047,-0.03770303,-0.9122007,3.24001,0.08246499,-0.8819965,3.198369
0.00510358,0.7730411,3.111251,0.006990447,0.5772954,3.168384,-0.1880013,0.4645354,3.161087,0.2077859,0.462701,3.162127,-0.3020677,0.2115028,3.160644,0.3241749,0.1940578,3.156719,-0.4674376,0.04373291,3.17223,0.4627741,0.02601229,3.059262,0.01057769,0.200362,3.185107,0.01146245,0.1310941,3.136125,-0.07609117,0.04005793,3.130756,0.1009259,0.04497416,3.123187,-0.09090613,-0.4660923,3.113039,0.1183665,-0.4339951,3.061698,-0.04728036,-0.8585894,3.246609,0.04516599,-0.8419873,3.225307
0.00437193,0.7773838,3.10714,0.006867744,0.581443,3.165049,-0.1909011,0.4734237,3.160285,0.2075657,0.4662552,3.159738,-0.305699,0.2138787,3.160263,0.3238547,0.1966257,3.155825,-0.4863691,0.06170965,3.166466,0.4698331,0.04288319,3.052949,0.009049897,0.2087154,3.182557,0.009427015,0.1402187,3.134003,-0.07946003,0.04887272,3.129654,0.09960673,0.05205301,3.120939,-0.09285839,-0.4554873,3.10506,0.1139948,-0.4287828,3.057297,-0.051631,-0.8477201,3.24399,0.05414162,-0.8128876,3.215502
0.004133727,0.7803084,3.099513,0.006656865,0.5853429,3.15986,-0.1917945,0.4752414,3.15665,0.2039028,0.4795076,3.154917,-0.3172283,0.2150788,3.156151,0.3273738,0.2093732,3.144122,-0.5128015,0.07686218,3.14045,0.4754381,0.05365249,3.03701,0.008765478,0.2108035,3.179453,0.00886575,0.141523,3.131675,-0.079539,0.05027478,3.12751,0.09818858,0.05395038,3.11853,-0.09529275,-0.4608492,3.104921,0.1085837,-0.4411376,3.058496,-0.05636064,-0.8586395,3.222595,0.0761999,-0.8340064,3.172593
0.002283278,0.7781149,3.095378,0.004914414,0.5825552,3.151419,-0.1935863,0.4701767,3.150732,0.2049208,0.4727658,3.148947,-0.3238896,0.2167159,3.14814,0.3281687,0.2114396,3.136294,-0.5304877,0.08383369,3.103838,0.4797707,0.05855878,3.02442,0.00691891,0.2068578,3.173558,0.006980606,0.1365653,3.126919,-0.08086795,0.04606082,3.123985,0.0955399,0.0474359,3.113776,-0.1016865,-0.5295408,3.126204,0.1076981,-0.5228509,3.081319,-0.07473615,-0.9304042,3.175556,0.07118126,-0.9058773,3.120463
-0.002031803,0.7575985,3.080969,0.003318384,0.5674921,3.14336,-0.1950058,0.4539631,3.144572,0.2053119,0.4581825,3.141337,-0.3342001,0.2010806,3.132139,0.3336113,0.203092,3.12465,-0.5394908,0.07922789,3.096333,0.4939634,0.04837789,2.996182,0.00174984,0.1840783,3.163587,0.0007747085,0.1119177,3.117355,-0.08780205,0.02254754,3.114921,0.08831594,0.02047279,3.10423,-0.1064252,-0.5564522,3.131586,0.1081537,-0.5405417,3.084637,-0.08335648,-0.9506972,3.173481,0.08426472,-0.9380544,3.103107
-0.00515468,0.7226936,3.082974,0.002185019,0.523568,3.133352,-0.1996027,0.396323,3.129478,0.208322,0.4055543,3.130107,-0.339707,0.1687324,3.110166,0.3355342,0.1662012,3.09852,-0.5579994,0.04723351,3.061169,0.5018343,0.0202067,2.962183,0.0007371951,0.1482744,3.151376,0.000380697,0.07829441,3.105219,-0.09009942,-0.01454966,3.098582,0.08993955,-0.01375601,3.093249,-0.1090758,-0.5644127,3.128118,0.1101294,-0.5497122,3.081525,-0.08889079,-0.9582183,3.17682,0.08821714,-0.9545246,3.109389
-0.005316081,0.674828,3.084721,0.006503736,0.4676232,3.131795,-0.1998595,0.356066,3.128656,0.2097659,0.3619579,3.131406,-0.3459,0.1212515,3.095378,0.3438349,0.1297633,3.089429,-0.5536743,0.007563239,3.041404,0.5016496,-0.004875183,2.941936,0.004538465,0.09676293,3.143503,0.004418084,0.02881653,3.095376,-0.08547164,-0.06373859,3.085916,0.09337753,-0.06102217,3.083852,-0.1146152,-0.5794332,3.106317,0.1162665,-0.5624617,3.06041,-0.09915088,-0.9747467,3.190421,0.0869289,-0.9574702,3.116511
-0.003154849,0.6252866,3.083848,0.003202707,0.4214717,3.138154,-0.1939921,0.2987816,3.121611,0.2107741,0.3031223,3.139622,-0.3515151,0.07216403,3.087117,0.3400172,0.07326328,3.080473,-0.5586348,-0.01708458,3.028144,0.5078178,-0.04779436,2.91184,4.346191E-05,0.04865032,3.138687,0.001734193,-0.01823503,3.087643,-0.08834796,-0.1072846,3.073092,0.09128446,-0.1087032,3.075856,-0.1252141,-0.6023381,3.069299,0.114603,-0.6013067,3.019487,-0.09777503,-0.9747512,3.189276,0.08252333,-0.9688017,3.119599
-0.005646801,0.6104939,3.083301,0.003350809,0.4039191,3.139941,-0.1984633,0.2794929,3.128079,0.2064769,0.2904961,3.144397,-0.3487548,0.04834466,3.085927,0.327545,0.05553319,3.058484,-0.5509633,-0.07147691,3.004093,0.4996003,-0.06174935,2.905666,-0.001010798,0.03175165,3.13981,0.0001387016,-0.03430796,3.087898,-0.08988258,-0.1266894,3.073892,0.08895931,-0.1219617,3.075016,-0.1297411,-0.6102825,3.065361,0.1162045,-0.5993857,3.016432,-0.0969412,-0.9763522,3.189017,0.08197379,-0.9693316,3.118082
-0.005486181,0.6103382,3.083239,0.003275691,0.403898,3.13987,-0.1984821,0.2794271,3.12812,0.206284,0.2902784,3.144427,-0.3453627,0.04727294,3.085949,0.323151,0.05505427,3.058309,-0.5395805,-0.07794734,3.008107,0.482569,-0.07282437,2.906897,-0.001036223,0.03161037,3.140426,0.0001503033,-0.03439819,3.087937,-0.08987304,-0.1267098,3.073876,0.08902657,-0.1221974,3.075296,-0.1306615,-0.6092348,3.065745,0.1178397,-0.5937244,3.015322,-0.09739281,-0.9777298,3.188944,0.0815673,-0.969853,3.117804
-0.003512492,0.6251384,3.078964,0.00854582,0.4271015,3.135874,-0.1967491,0.3037989,3.122252,0.2056976,0.308246,3.142849,-0.3398476,0.05429851,3.086457,0.3063529,0.08112264,3.070299,-0.5107299,-0.07859717,3.03316,0.463213,-0.07478171,2.919481,0.0008599875,0.05064996,3.141048,0.002227722,-0.01666781,3.088664,-0.08864795,-0.1078634,3.073394,0.09094667,-0.1043113,3.078878,-0.125408,-0.5970179,3.089139,0.1187722,-0.5831251,3.017778,-0.09764604,-0.9758108,3.18803,0.08201993,-0.9693801,3.114722
-0.003577209,0.6712054,3.063761,0.007942746,0.4853723,3.129235,-0.1953324,0.3698613,3.125766,0.2019459,0.3663246,3.138686,-0.3206588,0.1078786,3.089637,0.3029636,0.1189958,3.082972,-0.4809547,-0.05019085,3.068222,0.4450852,-0.06995746,2.95359,0.0006490191,0.1063067,3.141952,0.001122012,0.03727452,3.090433,-0.08875903,-0.05251079,3.077553,0.08829941,-0.05055984,3.082292,-0.118124,-0.5875915,3.115862,0.1144224,-0.5620333,3.021895,-0.09757262,-0.9758009,3.188007,0.0757449,-0.9459969,3.067841
-0.001549988,0.7028803,3.061439,0.0006514547,0.5106114,3.124126,-0.1977175,0.3870146,3.119743,0.199174,0.4058288,3.133271,-0.3178679,0.127065,3.088656,0.3048756,0.1398742,3.09958,-0.4757271,-0.02611074,3.078649,0.4294048,-0.03553003,2.987201,-0.00348567,0.1343033,3.139633,-0.002642349,0.06560601,3.088445,-0.09161725,-0.02604217,3.078978,0.08515872,-0.02112426,3.077909,-0.1178028,-0.5776286,3.122014,0.1078387,-0.5300122,3.013845,-0.09684446,-0.9677713,3.184568,0.0716135,-0.93454,3.072425
-0.002394826,0.7168018,3.061425,-0.002825292,0.5336818,3.119473,-0.1947151,0.4137912,3.115005,0.1980858,0.4217225,3.131896,-0.314839,0.1480021,3.094582,0.3071519,0.1553075,3.108486,-0.4705928,-0.01094865,3.085015,0.431979,-0.03106813,2.995529,-0.004635025,0.1562201,3.136975,-0.002667649,0.08688475,3.086271,-0.08983332,-0.003080591,3.075645,0.08457007,0.002967456,3.077898,-0.1166424,-0.5507598,3.110133,0.09987818,-0.4845701,3.000356,-0.07967296,-0.9531888,3.180741,0.06414448,-0.8748139,3.101494
-0.004999797,0.7293122,3.057351,-0.004488043,0.5425447,3.119934,-0.1950523,0.4196387,3.116386,0.1968651,0.4262841,3.129812,-0.3148553,0.166347,3.102786,0.308441,0.1595406,3.112466,-0.4802411,0.005494625,3.0899,0.4377434,-0.01274369,3.008219,-0.006465206,0.1639179,3.137476,-0.00499645,0.09428721,3.086891,-0.09228325,0.00499836,3.079133,0.08190621,0.009826339,3.076226,-0.1127976,-0.495354,3.072897,0.09584136,-0.4731165,2.999396,-0.05995295,-0.8924457,3.193802,0.06482493,-0.8458905,3.120061
-0.005794709,0.7360069,3.058978,-0.004260464,0.5479434,3.12418,-0.193624,0.4325272,3.125185,0.195654,0.429493,3.130111,-0.3153361,0.1709525,3.108238,0.3083505,0.1595096,3.112105,-0.4911074,0.01529747,3.095451,0.4413997,-0.01105998,3.006409,-0.006552932,0.1688771,3.138874,-0.006238343,0.0998041,3.087524,-0.09331171,0.01284082,3.080232,0.07986169,0.01469529,3.07542,-0.1133594,-0.4947486,3.071139,0.09301019,-0.4742069,3.005137,-0.05724825,-0.8900449,3.190542,0.06110627,-0.8535503,3.122768
-0.007133537,0.7375034,3.06116,-0.00598902,0.5488351,3.127569,-0.196428,0.4317881,3.130746,0.1945471,0.430628,3.130203,-0.3192164,0.1704459,3.112238,0.3094475,0.160775,3.110051,-0.5068376,0.02413657,3.091846,0.448723,-0.002321102,3.000452,-0.007100742,0.1683751,3.140485,-0.007433533,0.09942883,3.088461,-0.09511131,0.01166415,3.082577,0.07894647,0.01430091,3.075188,-0.1127441,-0.5099463,3.072565,0.07637139,-0.5176795,3.035146,-0.0548915,-0.9060149,3.18162,0.04478675,-0.900965,3.116696
-0.008741323,0.7332739,3.075736,-0.00484691,0.5430641,3.132343,-0.2011745,0.4163021,3.134397,0.1943001,0.4256451,3.128596,-0.3270693,0.1573983,3.119604,0.3112489,0.1583855,3.10591,-0.5207845,0.02359882,3.086468,0.4556711,-0.002241108,2.989311,-0.007600307,0.1594812,3.143961,-0.009320335,0.08977139,3.09118,-0.09844206,-0.0009274622,3.086893,0.07695063,0.00229394,3.075,-0.109,-0.5613183,3.088955,0.07846973,-0.5367243,3.044698,-0.06266356,-0.9595448,3.164157,0.04901458,-0.93419,3.112587
-0.01392177,0.7046397,3.094036,-0.00213892,0.5102566,3.139992,-0.2061692,0.3819154,3.139861,0.1942005,0.3889959,3.122092,-0.3320383,0.1382699,3.117728,0.3206956,0.1462278,3.08966,-0.5350394,0.01131562,3.078777,0.4728315,-0.01810293,2.952974,-0.005107458,0.1301503,3.144753,-0.008468769,0.06244018,3.090438,-0.09881905,-0.02926619,3.082781,0.07920985,-0.02548501,3.07335,-0.1069119,-0.5710369,3.089709,0.08193313,-0.5409535,3.042481,-0.06550965,-0.9771199,3.168905,0.03995753,-0.9594267,3.131378
-0.00959226,0.6578134,3.097744,0.001297347,0.4550273,3.148448,-0.206137,0.3270087,3.145137,0.1948601,0.3385436,3.130926,-0.3307864,0.08110332,3.106499,0.3209125,0.1087747,3.078736,-0.5493483,-0.02018878,3.057906,0.4860308,-0.05985085,2.926193,-0.002857454,0.07545268,3.146601,-0.006060389,0.009140491,3.090575,-0.0975222,-0.08222006,3.078433,0.08246055,-0.07771881,3.073894,-0.107646,-0.5836799,3.083633,0.09520978,-0.5630627,3.019423,-0.06485664,-0.9832475,3.174967,0.05495476,-0.9655074,3.134919
-0.01457401,0.6201835,3.10945,-0.0005070507,0.4111314,3.155202,-0.2054584,0.2812344,3.148974,0.1988566,0.2905633,3.140265,-0.3370621,0.04851501,3.105989,0.3188736,0.05183578,3.076094,-0.5570207,-0.07756092,3.039274,0.4790482,-0.07836636,2.913956,-0.005357341,0.03365346,3.148422,-0.007850685,-0.03140724,3.091247,-0.09980034,-0.1250299,3.08062,0.08103469,-0.1184871,3.070487,-0.1196759,-0.6311685,3.063124,0.09270139,-0.585868,3.01139,-0.06571866,-0.9877645,3.176822,0.05980969,-0.9784403,3.141509
-0.01476954,0.5913298,3.123343,-0.001811602,0.3938186,3.16078,-0.2047929,0.2536066,3.152019,0.1977858,0.2729021,3.148649,-0.336037,0.01891714,3.105974,0.2930925,0.01162641,3.05038,-0.5373762,-0.09448775,3.03818,0.4699204,-0.1109172,2.90565,-0.003754422,0.01287842,3.150155,-0.005110309,-0.05240747,3.091919,-0.09561531,-0.1439942,3.077753,0.08383714,-0.138288,3.072787,-0.1225899,-0.6336809,3.058962,0.0905868,-0.6049758,3.008803,-0.06876353,-0.9896029,3.177022,0.05867668,-0.9803512,3.143264
-0.01482223,0.5908578,3.123652,-0.001232844,0.3904951,3.161313,-0.2049542,0.2516045,3.151794,0.1972779,0.2688822,3.149302,-0.3319771,0.0139849,3.108988,0.2898453,0.01415506,3.052325,-0.5165424,-0.1208666,3.046619,0.4644994,-0.1159945,2.910174,-0.004584622,0.008794764,3.152,-0.00609977,-0.0567572,3.093776,-0.09693802,-0.1481536,3.080162,0.08243827,-0.1435965,3.074877,-0.1228332,-0.6338627,3.058573,0.08940995,-0.6042303,3.010511,-0.06773336,-0.9899244,3.176428,0.05770198,-0.981736,3.146486
-0.009571627,0.6081173,3.119705,0.0001745875,0.4057969,3.162132,-0.2010082,0.2792409,3.154203,0.1964782,0.2829366,3.147466,-0.3225291,0.02495677,3.113999,0.2856511,0.03315929,3.083626,-0.4897124,-0.1228753,3.067293,0.4517183,-0.1233289,2.92449,-0.00301669,0.0223293,3.154937,-0.004763554,-0.04365559,3.096832,-0.09497934,-0.1311186,3.085558,0.08359133,-0.1311753,3.077426,-0.1207545,-0.6151688,3.080892,0.08712536,-0.5987387,3.038609,-0.06629609,-0.9909784,3.176341,0.05422759,-0.9853546,3.148021
-0.003669356,0.6690778,3.11272,0.004537623,0.4611165,3.147902,-0.1974901,0.3370256,3.154737,0.1987784,0.3398148,3.14555,-0.3080671,0.0665769,3.125566,0.303372,0.08268865,3.112749,-0.4649594,-0.09744506,3.097913,0.4282085,-0.08985749,2.970455,0.0009565279,0.08061294,3.155112,-0.001227072,0.0130394,3.099333,-0.09101465,-0.07677605,3.089163,0.08628819,-0.07376694,3.084747,-0.1087138,-0.5943063,3.127845,0.08775565,-0.5862864,3.073621,-0.06732827,-0.9868292,3.181374,0.05480881,-0.9789651,3.147572
-0.004801772,0.7050572,3.110228,0.008995224,0.513254,3.149455,-0.1940987,0.3907806,3.149182,0.1950345,0.3920206,3.135904,-0.2991675,0.1211166,3.139884,0.3024785,0.1151136,3.124222,-0.4438718,-0.0616001,3.147354,0.4291758,-0.07123079,2.993197,0.0004244251,0.1226502,3.16037,-0.003263781,0.0521988,3.104934,-0.09222785,-0.03395984,3.100949,0.08102194,-0.03287013,3.087172,-0.0999151,-0.59277,3.144703,0.0951018,-0.5620823,3.087707,-0.06462061,-0.9776695,3.186074,0.0625482,-0.9297895,3.13144
-0.002924263,0.7301725,3.107314,0.004511592,0.5330754,3.14348,-0.1925372,0.4077762,3.145196,0.1958533,0.4211297,3.135523,-0.3009983,0.1318969,3.141133,0.3057027,0.1452247,3.131202,-0.4429599,-0.05306146,3.157453,0.4322121,-0.03823779,3.03729,0.00247097,0.1490443,3.160477,0.000583876,0.07980952,3.106402,-0.08651908,-0.009947445,3.10262,0.08618455,-0.004577098,3.091049,-0.08360539,-0.5563222,3.13523,0.08991855,-0.5411676,3.086528,-0.06146079,-0.9667752,3.192005,0.05229758,-0.9176431,3.141225
-0.0006658573,0.7486618,3.103924,0.003436729,0.5525655,3.142423,-0.190623,0.4415939,3.14526,0.1983783,0.4311796,3.132146,-0.3001565,0.1772945,3.155734,0.3126662,0.1660985,3.140827,-0.4393011,-0.004350004,3.177592,0.4345903,-0.006780853,3.062859,0.002699798,0.1736812,3.165279,0.0007893235,0.1037426,3.1132,-0.08714481,0.01763308,3.112689,0.08753851,0.01422301,3.097114,-0.09113333,-0.4986581,3.119244,0.08661084,-0.4821663,3.06645,-0.05044182,-0.8890013,3.237065,0.05695073,-0.8619768,3.158755
-0.001965311,0.7601907,3.101568,0.00417363,0.5608298,3.143327,-0.1902646,0.4469019,3.149184,0.1973645,0.4481726,3.13575,-0.2950025,0.1909387,3.156065,0.312028,0.1752505,3.14162,-0.4413977,0.0159798,3.181585,0.4449292,-0.001433244,3.066019,0.002186523,0.1824659,3.167141,-0.0002337781,0.1123071,3.116314,-0.08803269,0.02526501,3.11591,0.08551361,0.02572421,3.101288,-0.09198564,-0.494199,3.120847,0.08559558,-0.4795079,3.067999,-0.04662934,-0.8637547,3.252279,0.05366696,-0.8604146,3.166202
-0.001417507,0.7655892,3.101527,0.006551639,0.5657095,3.14451,-0.1920882,0.4520925,3.154583,0.1972968,0.4521415,3.137297,-0.2942666,0.1973208,3.159926,0.317538,0.182085,3.146801,-0.4563019,0.03572839,3.182391,0.4578078,0.01670561,3.066547,0.003797525,0.1865994,3.167874,0.0007246537,0.1161281,3.117972,-0.08735935,0.02804502,3.118669,0.08629093,0.02904488,3.101703,-0.08863678,-0.513185,3.14335,0.08748619,-0.4844457,3.077535,-0.04917115,-0.8985335,3.24058,0.04845414,-0.8699757,3.168894
0.0003781244,0.7668168,3.101937,0.00694356,0.5675833,3.145836,-0.1914288,0.4531151,3.158222,0.198022,0.4523321,3.138612,-0.3028694,0.1902463,3.16606,0.3192486,0.1826248,3.147662,-0.4822274,0.04026115,3.174151,0.4765058,0.02395035,3.051172,0.004614637,0.186509,3.167794,0.001414778,0.1157283,3.118646,-0.08648692,0.02766443,3.11905,0.08712929,0.02844376,3.102753,-0.08459078,-0.5550013,3.17853,0.08815783,-0.5373023,3.114091,-0.0454758,-0.9252183,3.233701,0.05374109,-0.9372679,3.166727
0.003506626,0.7585001,3.108876,0.008981893,0.5573044,3.154595,-0.1912996,0.435156,3.161209,0.2015207,0.444854,3.144995,-0.3085241,0.1763344,3.167943,0.322498,0.1796905,3.146796,-0.5018625,0.04236269,3.164949,0.4943606,0.01849823,3.020005,0.00681658,0.175587,3.173364,0.003974204,0.1049406,3.123919,-0.08402703,0.01670618,3.122436,0.09021744,0.01576977,3.108714,-0.0848709,-0.5584021,3.1837,0.09373593,-0.5432303,3.11887,-0.04661828,-0.9418954,3.242959,0.06215157,-0.9426823,3.176369
0.006632472,0.7264273,3.116427,0.01536102,0.5232089,3.160067,-0.187803,0.403429,3.163756,0.2123298,0.3996115,3.153185,-0.3151415,0.1455221,3.161464,0.3341736,0.1478739,3.134802,-0.5290883,0.02189283,3.123173,0.5014289,0.008857803,3.003297,0.009889959,0.1386696,3.177377,0.007347696,0.06756239,3.127581,-0.08267391,-0.02172492,3.123378,0.09425926,-0.02325683,3.113563,-0.08361398,-0.5676332,3.187142,0.1022651,-0.5595428,3.12572,-0.05147075,-0.9782023,3.265571,0.05820755,-0.9751276,3.221381
0.0125232,0.6663988,3.120339,0.01815577,0.4677884,3.170951,-0.1874762,0.3500039,3.169913,0.2179119,0.3532732,3.16303,-0.3247334,0.1019242,3.153988,0.3413903,0.1201033,3.128788,-0.5441805,-0.005190765,3.09271,0.4964324,-0.01955608,2.957265,0.01197745,0.09239204,3.184684,0.009652914,0.02514488,3.133616,-0.08094119,-0.06432676,3.124712,0.09695198,-0.06762663,3.122165,-0.08670501,-0.5782831,3.181276,0.1097757,-0.5818922,3.126057,-0.04460078,-0.9896486,3.269538,0.07274945,-0.97887,3.235574
0.01293995,0.6421182,3.125349,0.01619465,0.4425306,3.176403,-0.1848113,0.3151516,3.174636,0.2200349,0.3088574,3.173901,-0.323478,0.08018227,3.15004,0.3446404,0.07169551,3.110928,-0.5414734,-0.02517744,3.082786,0.5035053,-0.05749032,2.937737,0.01209515,0.06027755,3.187621,0.01139613,-0.01011028,3.135593,-0.07914302,-0.1008725,3.125656,0.100007,-0.09893228,3.123068,-0.09381673,-0.5986814,3.168289,0.110042,-0.5956836,3.118384,-0.04473788,-0.9893301,3.269765,0.07405452,-0.9785509,3.234682
0.009934077,0.6191964,3.130332,0.01577135,0.4285074,3.178393,-0.1875493,0.3010206,3.182589,0.2186886,0.3027904,3.176113,-0.3245795,0.06224449,3.155377,0.3419704,0.06794948,3.110078,-0.5277724,-0.06718892,3.079475,0.4985974,-0.06694019,2.933848,0.01389668,0.0476756,3.191601,0.01257007,-0.02168464,3.139334,-0.07760863,-0.1122704,3.128965,0.1015954,-0.112942,3.128665,-0.09624177,-0.6049339,3.167928,0.1103037,-0.6009709,3.118283,-0.04441002,-0.988066,3.271403,0.07495807,-0.978891,3.235125
0.01158653,0.6249002,3.132739,0.01560581,0.4287001,3.178631,-0.1867494,0.30182,3.183105,0.2188991,0.303191,3.176507,-0.3216484,0.06036015,3.155837,0.3340687,0.0669845,3.113872,-0.5197377,-0.07489088,3.087863,0.4864801,-0.07078153,2.940893,0.01392255,0.04789512,3.192466,0.01262673,-0.02142408,3.139918,-0.07760685,-0.1118232,3.129543,0.1018505,-0.1125978,3.129512,-0.0956232,-0.6032236,3.174881,0.1106248,-0.6016895,3.123652,-0.0443249,-0.9863418,3.272499,0.07513114,-0.9790708,3.235265
