-0.013375,0.75604,-0.0041213,-0.0051442,0.56936,0.045394,-0.19519,0.4399,0.028397,0.17899,0.45434,0.031954,-0.33515,0.23936,0.047338,0.30757,0.22184,0.038461,-0.52486,0.14224,0.016732,0.47437,0.088491,-0.042563,-0.0013139,0.19789,0.049199,0,0.12931,0,-0.081022,0.043382,-0.016605,0.082995,0.049736,-0.0076956,-0.072835,-0.50844,0.04417,0.095775,-0.50192,0.0039368,-0.026559,-0.87975,0.072144,0.06807,-0.87156,0.048771
-0.018102,0.69904,0.0071283,-0.015732,0.52321,0.043169,-0.19791,0.40662,0.035553,0.17566,0.40491,0.038288,-0.34835,0.18949,0.046339,0.3099,0.17903,0.031415,-0.54686,0.10623,-0.015412,0.47492,0.069341,-0.055578,-0.0026141,0.16775,0.048892,0,0.10403,0,-0.079494,0.017566,-0.017662,0.084956,0.021967,-0.005004,-0.07349,-0.52078,0.045484,0.09888,-0.517,0.0094676,-0.04729,-0.91971,0.12871,0.075202,-0.87975,0.058108
-0.023532,0.66865,0.0041388,-0.007865,0.47449,0.046491,-0.20129,0.35285,0.041041,0.1774,0.35549,0.033526,-0.34049,0.13929,0.035339,0.31233,0.12572,0.02108,-0.53875,0.073025,-0.029669,0.47695,0.020009,-0.078132,-0.00038261,0.11327,0.049674,0,0.048489,0,-0.082771,-0.038115,-0.015739,0.08589,-0.033839,-0.0078755,-0.077611,-0.52995,0.029713,0.10146,-0.52035,-0.003008,-0.048368,-0.9187,0.12691,0.079517,-0.88549,0.060146
-0.024283,0.6119,0.0027211,-0.011376,0.42078,0.044555,-0.19753,0.29484,0.032104,0.18016,0.30181,0.035358,-0.33927,0.099792,0.026031,0.29986,0.069865,0.026931,-0.53551,0.021811,-0.046145,0.4884,-0.017079,-0.1057,-0.0021693,0.064293,0.049705,0,0.00039583,0,-0.082682,-0.086814,-0.016943,0.087247,-0.081095,-0.0061792,-0.094858,-0.54448,0.0036555,0.10399,-0.52607,-0.029798,-0.043996,-0.91656,0.13003,0.077734,-0.89094,0.072935
-0.021331,0.58603,0.003543,-0.011039,0.4042,0.043609,-0.19285,0.28585,0.035389,0.18314,0.28705,0.037186,-0.3325,0.075784,0.026855,0.31218,0.063415,0.022829,-0.52141,-0.0075698,-0.048504,0.47772,-0.026903,-0.10271,-0.0020407,0.050162,0.049866,0,-0.013305,0,-0.081881,-0.098427,-0.017027,0.086258,-0.095865,-0.00573,-0.093429,-0.54702,0.0015589,0.11267,-0.53613,-0.033344,-0.047853,-0.9154,0.13732,0.085915,-0.89756,0.084429
-0.021518,0.58717,0.0020745,-0.01106,0.40423,0.043575,-0.19299,0.28572,0.035457,0.18295,0.28704,0.037074,-0.33226,0.075699,0.026977,0.3082,0.06309,0.020788,-0.50774,-0.019147,-0.040716,0.46503,-0.040223,-0.09999,-0.0020248,0.050078,0.050127,0,-0.013376,0,-0.081806,-0.09859,-0.017141,0.086264,-0.095883,-0.0055593,-0.095779,-0.54636,0.016885,0.11013,-0.54414,-0.016945,-0.046148,-0.91352,0.13896,0.08548,-0.89805,0.086899
-0.021266,0.62745,-0.010504,-0.011992,0.45151,0.035435,-0.19392,0.33729,0.031011,0.1794,0.3262,0.032924,-0.32176,0.1017,0.031436,0.30083,0.098802,0.0236,-0.48306,-0.020109,-0.022791,0.43859,-0.031124,-0.071248,-0.0023781,0.090498,0.049232,0,0.024464,0,-0.080981,-0.061382,-0.015344,0.085669,-0.056179,-0.0040862,-0.079123,-0.53746,0.054833,0.10676,-0.53931,0.0092148,-0.035325,-0.90958,0.13125,0.081823,-0.8997,0.080957
-0.021946,0.67879,-0.020816,-0.0074284,0.50146,0.025334,-0.19322,0.37574,0.011726,0.17346,0.3887,0.022007,-0.31747,0.13837,0.026665,0.28562,0.13789,0.018149,-0.46799,-0.010344,-0.014274,0.41715,-0.012822,-0.045284,-0.0023608,0.1421,0.046764,0,0.075139,0,-0.080136,-0.0092578,-0.015082,0.083013,-0.0055263,0.00021492,-0.077056,-0.52961,0.05251,0.10076,-0.52828,0.011722,-0.040238,-0.88743,0.10113,0.067904,-0.87625,0.062479
-0.018755,0.70644,-0.033139,-0.006291,0.52436,0.015031,-0.19635,0.40457,0.0042984,0.17329,0.41414,0.013795,-0.30971,0.1809,0.018308,0.27736,0.16192,0.0074244,-0.45153,0.02162,0.014782,0.40778,0.0037912,-0.035117,-0.0020525,0.17467,0.043108,0,0.10878,0,-0.081869,0.023074,-0.010631,0.084452,0.027795,-0.00010515,-0.083832,-0.47525,0.018524,0.098401,-0.45877,-0.026645,-0.026234,-0.85583,0.092466,0.064776,-0.85079,0.065738
-0.017293,0.72333,-0.033663,-0.003547,0.54278,0.011379,-0.19163,0.41715,-0.0026657,0.17302,0.42595,0.0082288,-0.30867,0.19467,0.018077,0.27701,0.17261,0.0051147,-0.45028,0.045269,0.018622,0.41714,0.022101,-0.024442,-0.0018777,0.18586,0.040958,0,0.1178,0,-0.082347,0.033375,-0.0094113,0.083758,0.040114,0.00092333,-0.10392,-0.39653,-0.02727,0.10691,-0.38073,-0.076134,-0.035734,-0.77409,0.13156,0.057836,-0.75209,0.097761
-0.014753,0.7425,-0.038951,-0.00063913,0.55466,0.012962,-0.18912,0.43104,-0.00055621,0.17512,0.44093,0.0072132,-0.30746,0.21164,0.023567,0.27659,0.19071,0.0087361,-0.45874,0.071758,0.0268,0.41887,0.042581,-0.023815,-0.00088477,0.2021,0.039681,0,0.13466,0,-0.083492,0.0502,-0.0107,0.083818,0.055032,0.00056912,-0.10582,-0.37254,-0.042113,0.1065,-0.36549,-0.082915,-0.019556,-0.71793,0.1453,0.048029,-0.7079,0.12559
-0.013113,0.74586,-0.037632,0.0033478,0.56454,0.01897,-0.18832,0.44412,0.0070638,0.17957,0.45209,0.015593,-0.31392,0.22879,0.035709,0.28487,0.20638,0.012872,-0.4828,0.11085,0.034389,0.44803,0.075936,-0.024442,-0.00025938,0.21277,0.039818,0,0.14641,0,-0.085137,0.061907,-0.011377,0.083819,0.065266,-0.0012,-0.10449,-0.3712,-0.041209,0.10438,-0.36441,-0.080339,-0.023868,-0.75709,0.09402,0.049812,-0.70996,0.12357
-0.011091,0.75123,-0.032645,0.0032656,0.5677,0.023467,-0.18952,0.44817,0.013029,0.18021,0.45616,0.02081,-0.32015,0.2322,0.043197,0.28908,0.21568,0.016349,-0.508,0.13445,0.034543,0.45174,0.086269,-0.021195,-0.00019131,0.21561,0.040363,0,0.14982,0,-0.085372,0.065424,-0.012816,0.084108,0.068745,-0.0023844,-0.094585,-0.40047,-0.025692,0.09418,-0.38743,-0.059487,-0.022945,-0.76767,0.10087,0.055905,-0.75646,0.074971
-0.010271,0.75128,-0.029614,0.0034071,0.56693,0.028034,-0.18893,0.44829,0.016661,0.18128,0.45608,0.023567,-0.3237,0.23329,0.047863,0.29713,0.21816,0.019184,-0.51915,0.14196,0.036479,0.4662,0.097095,-0.02737,0.00010552,0.21368,0.041656,0,0.14754,0,-0.084996,0.062335,-0.014231,0.083263,0.065739,-0.0042412,-0.080785,-0.47978,0.0056008,0.078728,-0.46314,-0.021633,-0.02458,-0.81118,0.085897,0.050565,-0.85433,0.052785
-0.01183,0.73287,-0.017095,-0.0079189,0.55351,0.038657,-0.19297,0.43412,0.026432,0.18307,0.43368,0.031697,-0.34059,0.22141,0.051169,0.30958,0.20898,0.022071,-0.54803,0.12953,0.0074078,0.48269,0.090095,-0.047101,-0.0018251,0.19428,0.044117,0,0.12716,0,-0.081326,0.037269,-0.016209,0.085022,0.045415,-0.0059624,-0.079474,-0.5239,0.026366,0.089576,-0.50053,-0.010925,-0.041706,-0.90091,0.060605,0.047211,-0.87421,0.052833
-0.018362,0.68752,-0.0092988,-0.0087627,0.5103,0.048722,-0.19405,0.3919,0.036637,0.1834,0.39383,0.037754,-0.35108,0.18698,0.054842,0.31741,0.1649,0.022527,-0.55092,0.11951,-0.0086743,0.5043,0.057952,-0.080888,-0.0015646,0.15242,0.045929,0,0.088731,0,-0.081295,0.0080209,-0.016776,0.08487,0.0026726,-0.0073848,-0.079659,-0.52839,0.029026,0.092229,-0.50926,-0.0083339,-0.059494,-0.89433,0.076441,0.059137,-0.8746,0.055766
-0.019422,0.64993,-0.0030393,6.7335e-05,0.46451,0.052031,-0.2001,0.3439,0.042206,0.18135,0.34541,0.038446,-0.34504,0.138,0.045047,0.32303,0.13655,0.019015,-0.54954,0.091381,-0.027144,0.50386,0.035985,-0.098121,0.00037902,0.11014,0.04721,0,0.046253,0,-0.085331,-0.042036,-0.019547,0.085264,-0.035252,-0.0068738,-0.091072,-0.52887,-0.00023798,0.094043,-0.5204,-0.031781,-0.063204,-0.89029,0.082306,0.068553,-0.88288,0.057556
-0.01431,0.61617,0.00060971,-0.0015697,0.41421,0.050265,-0.19271,0.29396,0.038592,0.18997,0.29769,0.042115,-0.34792,0.092756,0.030696,0.31683,0.090918,0.016233,-0.54533,0.055624,-0.039268,0.50633,0.0058245,-0.11636,-0.00058527,0.062016,0.047641,0,-0.0007431,0,-0.085195,-0.088573,-0.017425,0.08584,-0.083382,-0.0085922,-0.10068,-0.54414,-0.013676,0.098757,-0.52307,-0.044064,-0.070388,-0.89713,0.10964,0.073719,-0.88484,0.061026
-0.013512,0.58452,0.004256,-0.0043572,0.404,0.049763,-0.19017,0.28269,0.04215,0.19011,0.28086,0.044223,-0.34079,0.084661,0.033397,0.31721,0.051478,0.029186,-0.53092,0.025995,-0.041862,0.50156,-0.013706,-0.12256,-0.0010081,0.050065,0.048162,0,-0.013121,0,-0.084005,-0.098738,-0.017987,0.085816,-0.096322,-0.0073838,-0.10138,-0.54698,-0.008927,0.099657,-0.53444,-0.041047,-0.072735,-0.89354,0.12125,0.078168,-0.89341,0.084292
-0.013089,0.58702,0.0025661,-0.0048125,0.40433,0.049035,-0.18972,0.28316,0.042673,0.19019,0.28114,0.044285,-0.33544,0.084494,0.033441,0.31055,0.051431,0.026531,-0.51849,0.011546,-0.046814,0.47099,-0.026491,-0.11248,-0.0010157,0.050424,0.048615,0,-0.012738,0,-0.0839,-0.098102,-0.018023,0.08584,-0.096107,-0.0071901,-0.10107,-0.55203,0.020489,0.098439,-0.53863,-0.027246,-0.069928,-0.89186,0.1241,0.078136,-0.89516,0.08581
-0.013355,0.62232,-0.0053527,-0.0029736,0.45229,0.045423,-0.18902,0.33672,0.038486,0.18521,0.32647,0.040038,-0.32799,0.10134,0.039934,0.28772,0.10183,0.016006,-0.49863,0.0020678,-0.035795,0.42911,-0.021912,-0.082448,-0.00083358,0.093202,0.048512,0,0.028224,0,-0.08272,-0.053597,-0.017101,0.084115,-0.055853,-0.0063913,-0.092704,-0.53297,0.046691,0.096182,-0.53351,0.0034719,-0.064906,-0.88636,0.11938,0.068769,-0.8952,0.085527
-0.012097,0.67561,-0.019695,-0.0062172,0.49975,0.035893,-0.19327,0.37819,0.026732,0.17561,0.38607,0.030064,-0.32157,0.139,0.038864,0.28156,0.131,0.020669,-0.47273,0.0033935,-0.016914,0.41043,-0.014793,-0.069023,-0.001329,0.14006,0.047497,0,0.074277,0,-0.081014,-0.012531,-0.015788,0.083151,-0.0066409,-0.0033308,-0.090133,-0.53263,0.050037,0.091152,-0.526,0.0061109,-0.064979,-0.88183,0.081449,0.050766,-0.88156,0.064492
-0.012572,0.70395,-0.028985,-0.0037457,0.53161,0.019321,-0.19285,0.40214,0.013016,0.17795,0.41518,0.019675,-0.30801,0.17613,0.022028,0.27808,0.15562,0.018303,-0.46164,0.008773,-0.005872,0.40062,-0.0027711,-0.044792,-0.0012854,0.17063,0.043927,0,0.10297,0,-0.082418,0.017189,-0.011071,0.083685,0.02292,-0.0019352,-0.081422,-0.49562,0.028226,0.080665,-0.46337,-0.026162,-0.058284,-0.87943,0.075374,0.042708,-0.84428,0.055891
-0.011146,0.72279,-0.036525,-0.0044868,0.54142,0.016053,-0.19127,0.41639,0.0071329,0.1783,0.4251,0.014778,-0.30573,0.18229,0.022271,0.2775,0.16528,0.014683,-0.45015,0.034924,0.0152,0.39915,0.0044337,-0.042465,-0.0015821,0.18538,0.041784,0,0.11774,0,-0.082659,0.031299,-0.010442,0.084471,0.038644,-0.00091964,-0.084152,-0.44526,-0.0026768,0.089077,-0.40548,-0.060789,-0.041362,-0.80091,0.080856,0.039163,-0.78456,0.070902
-0.010131,0.73641,-0.04022,0.0018978,0.55742,0.012918,-0.18612,0.4405,0.0091217,0.17832,0.44461,0.013652,-0.29319,0.21693,0.022179,0.274,0.19302,0.016202,-0.44707,0.063354,0.03582,0.40386,0.036452,-0.032015,-0.00021068,0.20184,0.039711,0,0.1339,0,-0.083639,0.051422,-0.0093458,0.082915,0.054164,-0.00072224,-0.09342,-0.41967,-0.014257,0.091357,-0.39064,-0.066575,-0.047471,-0.78467,0.083127,0.038825,-0.7611,0.069593
-0.0073612,0.74169,-0.042609,0.0027896,0.56057,0.01344,-0.18524,0.44325,0.01056,0.18014,0.44856,0.01366,-0.29552,0.22055,0.0284,0.27792,0.19772,0.01769,-0.4507,0.085427,0.032088,0.41862,0.050224,-0.028098,0.00014445,0.20852,0.038414,0,0.14125,0,-0.083737,0.057217,-0.0089344,0.083112,0.060764,-0.0012,-0.094937,-0.40779,-0.018966,0.089179,-0.38301,-0.068061,-0.050034,-0.75721,0.077846,0.042342,-0.75521,0.066829
-0.0058538,0.74398,-0.041305,0.0032967,0.56152,0.014542,-0.18535,0.44366,0.012072,0.18058,0.44952,0.014491,-0.30315,0.2211,0.033768,0.28275,0.19806,0.018666,-0.47978,0.11421,0.021676,0.44207,0.063464,-0.050589,0.0003364,0.20974,0.03751,0,0.14256,0,-0.084129,0.058597,-0.0090949,0.083133,0.061902,-0.0017433,-0.096069,-0.40858,-0.020178,0.081358,-0.39285,-0.063744,-0.050496,-0.76463,0.074798,0.047251,-0.75808,0.060159
-0.0052408,0.74301,-0.037794,0.004366,0.56064,0.018457,-0.18539,0.44068,0.017305,0.18188,0.44595,0.01723,-0.31658,0.2159,0.042913,0.29106,0.19727,0.019613,-0.50966,0.12405,0.018638,0.44898,0.067173,-0.055569,0.00092471,0.20554,0.037986,0,0.13738,0,-0.083944,0.052834,-0.010462,0.081838,0.05526,-0.0032127,-0.097279,-0.45211,-0.01975,0.074817,-0.44816,-0.047353,-0.050278,-0.79534,0.062542,0.049362,-0.8019,0.032211
-0.0048642,0.72137,-0.023904,0.0032831,0.53956,0.02851,-0.1843,0.42391,0.028121,0.18776,0.42212,0.024431,-0.32805,0.20668,0.049387,0.30113,0.18776,0.02252,-0.52948,0.12405,0.0047817,0.4741,0.053771,-0.077733,0.00091355,0.1792,0.039757,0,0.11148,0,-0.082888,0.025292,-0.011858,0.081596,0.029022,-0.0054136,-0.090373,-0.51253,-0.0024545,0.081827,-0.49379,-0.031243,-0.048756,-0.85441,0.054103,0.051088,-0.86666,0.021333
-0.0017564,0.67648,-0.019309,0.0029058,0.5055,0.037315,-0.18703,0.37507,0.037443,0.18872,0.37778,0.028672,-0.35414,0.16485,0.049601,0.3174,0.1486,0.010704,-0.54802,0.10844,-0.0066533,0.47337,0.030488,-0.094253,0.0014121,0.14322,0.042025,0,0.076048,0,-0.083643,-0.0070445,-0.011697,0.082576,-0.0089577,-0.0082758,-0.092597,-0.51919,0.002568,0.081546,-0.50398,-0.027027,-0.061052,-0.88981,0.058628,0.056783,-0.89125,0.048273
-0.0045193,0.6324,0.00022783,0.0083649,0.44909,0.034824,-0.18789,0.33249,0.043162,0.19754,0.32435,0.030571,-0.34436,0.13967,0.04243,0.32417,0.097392,0.006752,-0.54088,0.081,-0.021974,0.48057,-0.013348,-0.11131,0.0025833,0.094313,0.042451,0,0.02876,0,-0.086564,-0.056607,-0.012355,0.083133,-0.058308,-0.0072916,-0.095706,-0.52974,-0.0025219,0.092617,-0.51591,-0.04381,-0.059257,-0.88988,0.06068,0.058853,-0.8935,0.051318
-0.0050962,0.59632,0.0047301,0.011052,0.40064,0.042281,-0.18594,0.27561,0.045884,0.19655,0.27406,0.030366,-0.34975,0.091223,0.024301,0.31894,0.043228,-0.012848,-0.54118,0.033443,-0.040311,0.4806,-0.043653,-0.12625,0.0034464,0.046729,0.044464,0,-0.017638,0,-0.08775,-0.10227,-0.012817,0.083262,-0.10264,-0.0096788,-0.1057,-0.55107,-0.021951,0.095882,-0.53412,-0.06378,-0.059592,-0.90499,0.07022,0.050971,-0.9195,0.06831
-0.002411,0.58211,0.0022765,0.0087088,0.39765,0.040479,-0.18448,0.27194,0.045448,0.19666,0.26912,0.031238,-0.34428,0.08065,0.026414,0.31064,0.030114,-0.0072123,-0.54064,0.0093867,-0.038651,0.47428,-0.059182,-0.12988,0.0028935,0.041872,0.044949,0,-0.023284,0,-0.086901,-0.10762,-0.013147,0.083524,-0.10845,-0.0083072,-0.11193,-0.55227,-0.020609,0.09525,-0.53668,-0.065676,-0.059027,-0.90803,0.071616,0.052209,-0.9232,0.07102
-0.0025378,0.58368,0.0021188,0.0078932,0.40102,0.037881,-0.18405,0.27456,0.044287,0.19506,0.2756,0.0291,-0.33878,0.080633,0.027266,0.30322,0.038509,0.0017553,-0.51975,-0.0052852,-0.035924,0.45921,-0.067889,-0.12187,0.0029966,0.044221,0.045398,0,-0.021128,0,-0.086517,-0.10512,-0.012632,0.083415,-0.10591,-0.0081107,-0.11175,-0.55188,-0.0060491,0.096008,-0.53379,-0.06113,-0.060025,-0.90841,0.074812,0.051934,-0.9164,0.070878
-0.00080784,0.63074,-0.01171,0.0021767,0.45744,0.03583,-0.18236,0.33412,0.03893,0.18718,0.33162,0.021368,-0.32512,0.10543,0.03524,0.30029,0.10351,0.017684,-0.49561,-0.0028377,-0.020997,0.42677,-0.036831,-0.078793,0.00234,0.096564,0.045604,0,0.03021,0,-0.083698,-0.052669,-0.011687,0.082856,-0.052197,-0.0072298,-0.094931,-0.53467,0.027063,0.089574,-0.51809,-0.014984,-0.063555,-0.90186,0.075722,0.052941,-0.90265,0.062432
-0.0083106,0.67744,-0.029177,0.0036837,0.50325,0.025156,-0.18946,0.37906,0.022923,0.18094,0.38404,0.011901,-0.31183,0.14769,0.044216,0.28497,0.1359,0.020765,-0.46412,0.011177,0.0024398,0.4086,-0.020783,-0.0727,0.0019092,0.14244,0.043533,0,0.07481,0,-0.083318,-0.0085167,-0.0097941,0.08186,-0.0083802,-0.0051212,-0.092461,-0.52891,0.034226,0.083531,-0.514,-0.010127,-0.07241,-0.88688,0.065931,0.050276,-0.86458,0.020829
-0.0047161,0.70775,-0.036956,0.0021288,0.52783,0.015197,-0.18745,0.4042,0.014172,0.18159,0.4099,0.0050898,-0.30586,0.17796,0.038242,0.28435,0.16897,0.025241,-0.45697,0.02617,0.011696,0.39872,0.012038,-0.058186,0.0013942,0.16825,0.040535,0,0.099892,0,-0.083292,0.015192,-0.0071145,0.082529,0.020315,-0.0036029,-0.087581,-0.51981,0.028602,0.078904,-0.49287,-0.018813,-0.06359,-0.87652,0.062588,0.03907,-0.86609,0.035153
-0.0028729,0.72495,-0.04766,0.0027039,0.55017,7.656e-05,-0.18814,0.42563,0.0051941,0.18156,0.43794,-0.0012775,-0.30214,0.19956,0.035004,0.28511,0.18433,0.021814,-0.45572,0.045065,0.017682,0.40093,0.021762,-0.05804,0.0011571,0.19922,0.034956,0,0.13109,0,-0.085015,0.04668,-0.0033492,0.083792,0.049514,-0.0012296,-0.091967,-0.42743,-0.010478,0.079729,-0.40731,-0.06431,-0.039394,-0.80041,0.068849,0.040359,-0.78413,0.048185
-0.0040601,0.73688,-0.052485,0.0047377,0.56168,-0.0029517,-0.18648,0.44324,0.0041241,0.18212,0.4515,-0.0021593,-0.30348,0.21064,0.037216,0.28613,0.20195,0.020975,-0.46011,0.076999,0.040718,0.41378,0.042993,-0.046608,0.0014487,0.21266,0.03192,0,0.1439,0,-0.085931,0.059248,-0.0027303,0.083944,0.063099,-0.00089196,-0.10344,-0.39003,-0.031727,0.084678,-0.36193,-0.089475,-0.041168,-0.75954,0.089396,0.041873,-0.74117,0.074073
-0.0046643,0.74831,-0.054163,0.0048173,0.56625,-0.0052171,-0.18603,0.45164,0.0054117,0.18411,0.45726,0.00017987,-0.30269,0.2233,0.03604,0.28843,0.20963,0.019762,-0.461,0.091619,0.039539,0.42366,0.055436,-0.042651,0.0013011,0.21954,0.028797,0,0.15107,0,-0.085876,0.065693,-0.0024287,0.083997,0.069416,-0.00044829,-0.10433,-0.38477,-0.031911,0.086874,-0.35789,-0.090299,-0.041797,-0.73739,0.10905,0.04807,-0.73022,0.074946
-0.0037272,0.75332,-0.054941,0.0050112,0.57108,-0.0043943,-0.18574,0.45525,0.0078395,0.18505,0.45907,0.00055068,-0.30635,0.22757,0.040179,0.29528,0.21223,0.019549,-0.48419,0.11754,0.027638,0.43558,0.071789,-0.050744,0.0014378,0.22233,0.026573,0,0.15347,0,-0.086024,0.067999,-0.0025606,0.084066,0.071534,-0.00058019,-0.10457,-0.38878,-0.029454,0.087691,-0.36365,-0.08679,-0.041475,-0.75525,0.08827,0.051544,-0.7363,0.068054
-0.0032674,0.75346,-0.052711,0.0052395,0.57091,-0.0025929,-0.18569,0.45447,0.0091235,0.18498,0.45901,0.0012074,-0.30963,0.22956,0.042511,0.2977,0.21357,0.019575,-0.48848,0.1251,0.029246,0.44525,0.079113,-0.057943,0.0014791,0.22101,0.025016,0,0.15165,0,-0.085783,0.066207,-0.0030181,0.083713,0.069779,-0.00107,-0.09499,-0.46641,0.0091189,0.089409,-0.44659,-0.045142,-0.03563,-0.80945,0.060327,0.055412,-0.80773,0.026672
-0.0050241,0.73981,-0.047091,0.0046458,0.56228,0.0079133,-0.18595,0.44056,0.013442,0.18363,0.4471,0.0046508,-0.32145,0.22411,0.045309,0.30306,0.2088,0.01899,-0.52141,0.12628,0.016765,0.46628,0.074748,-0.082315,0.0013645,0.1996,0.026625,0,0.12721,0,-0.083456,0.041731,-0.0060703,0.081184,0.046587,-0.003221,-0.090059,-0.51458,0.028224,0.095198,-0.48775,-0.029021,-0.053935,-0.87795,0.062129,0.062312,-0.86951,0.020274
-0.0069815,0.70104,-0.025726,0.0064875,0.52639,0.021714,-0.1877,0.40091,0.0196,0.18986,0.39695,0.0078321,-0.34224,0.19616,0.044812,0.31049,0.18395,0.016305,-0.53164,0.11925,0.0017424,0.46699,0.064428,-0.094923,0.0019798,0.1665,0.028877,0,0.097753,0,-0.084705,0.011035,-0.0093098,0.082768,0.012546,-0.0044322,-0.093468,-0.51436,0.029345,0.097346,-0.49941,-0.021697,-0.059253,-0.89104,0.087758,0.070882,-0.87083,0.024541
-0.011775,0.66761,-0.020163,-0.0026472,0.48107,0.025153,-0.1921,0.35684,0.024788,0.19274,0.36533,0.016498,-0.35696,0.15504,0.040441,0.3142,0.1356,0.00080157,-0.56162,0.08828,-0.022967,0.48949,0.030167,-0.13335,0.00033456,0.12864,0.030514,0,0.060667,0,-0.084883,-0.025529,-0.01057,0.086182,-0.027805,-0.0048897,-0.096952,-0.52062,0.025122,0.097332,-0.51735,-0.021254,-0.060615,-0.911,0.11841,0.069728,-0.88195,0.034972
-0.0097731,0.62157,-0.0045954,-0.0045841,0.42647,0.025944,-0.19667,0.30082,0.027787,0.19669,0.30655,0.023289,-0.36307,0.11081,0.016372,0.32064,0.090169,-0.021176,-0.56526,0.068301,-0.03003,0.49675,0.0053271,-0.15715,-0.00037985,0.077094,0.031685,0,0.010594,0,-0.085907,-0.079015,-0.01105,0.087851,-0.076127,-0.005492,-0.10892,-0.54513,-0.0038686,0.10384,-0.52767,-0.043014,-0.059102,-0.91071,0.11333,0.0718,-0.88554,0.037963
-0.0084472,0.59392,-0.0060132,-0.00071698,0.41268,0.029359,-0.19022,0.28673,0.027175,0.19361,0.29045,0.027722,-0.35822,0.10003,0.01677,0.3245,0.075904,-0.023741,-0.56005,0.040331,-0.037012,0.49534,-0.0052211,-0.15737,-2.389e-05,0.056706,0.033558,0,-0.011063,0,-0.085324,-0.095555,-0.011981,0.085444,-0.093575,-0.0052891,-0.10996,-0.54641,-0.0033705,0.10524,-0.53199,-0.057174,-0.059702,-0.9103,0.11233,0.072419,-0.90444,0.066349
-0.0079192,0.59323,-0.007168,-0.00083321,0.41258,0.029098,-0.18991,0.28685,0.026888,0.19451,0.29001,0.029515,-0.35169,0.096615,0.017742,0.32447,0.075026,-0.023364,-0.54337,0.019444,-0.037675,0.49107,-0.01084,-0.15717,-0.00026445,0.056716,0.034529,0,-0.01084,0,-0.085407,-0.095555,-0.011968,0.085575,-0.093599,-0.0052254,-0.11042,-0.54605,0.0027921,0.10516,-0.53057,-0.051826,-0.059571,-0.90895,0.11079,0.072208,-0.89663,0.059185
-0.0069766,0.61965,-0.019454,-0.0030802,0.43335,0.02601,-0.1916,0.31318,0.024815,0.19063,0.32301,0.026825,-0.33808,0.11071,0.022672,0.31211,0.10101,-0.0076799,-0.5168,0.010308,-0.028749,0.4497,-0.0065388,-0.13397,-0.00067169,0.089017,0.034536,0,0.024449,0,-0.085166,-0.063503,-0.011185,0.085819,-0.061008,-0.0051341,-0.10309,-0.5337,0.023755,0.094095,-0.53037,-0.022512,-0.061867,-0.90565,0.105,0.065597,-0.89118,0.050069
-0.0090324,0.67067,-0.033407,-0.0051595,0.49138,0.016354,-0.18666,0.3675,0.0049552,0.18868,0.37711,0.0099343,-0.32699,0.13738,0.0201,0.30489,0.136,-0.0034692,-0.49231,0.015659,-0.016622,0.43933,0.0034024,-0.11603,-0.0010752,0.13418,0.033102,0,0.063048,0,-0.082792,-0.020942,-0.0074899,0.085293,-0.016379,-0.003186,-0.093721,-0.53083,0.030657,0.088898,-0.52395,-0.018477,-0.058603,-0.89734,0.082211,0.058688,-0.87908,0.035993
-0.0072584,0.69946,-0.046307,0.00024458,0.52099,-0.00056636,-0.18928,0.39908,-0.0054606,0.18373,0.40503,-0.0040687,-0.32107,0.16465,0.014446,0.29448,0.17487,0.0006051,-0.48457,0.024528,-0.019627,0.42397,0.027159,-0.097298,-0.00038438,0.16551,0.027637,0,0.097907,0,-0.084372,0.010323,-0.0046858,0.083921,0.016092,-0.00065583,-0.089689,-0.50991,0.016512,0.082309,-0.471,-0.039247,-0.044181,-0.86821,0.053017,0.025153,-0.86011,0.039593
-0.0070516,0.71292,-0.059723,0.00010111,0.53318,-0.01301,-0.18795,0.41118,-0.017799,0.18331,0.42129,-0.016222,-0.31803,0.17459,0.0049164,0.29509,0.17773,-0.0083902,-0.47728,0.043056,-0.00091871,0.42971,0.031243,-0.10031,-0.00021761,0.18805,0.022543,0,0.11897,0,-0.086059,0.03514,0.00053499,0.085893,0.039824,0.0022378,-0.096676,-0.4253,-0.030685,0.081961,-0.39448,-0.094489,-0.042182,-0.79008,0.07335,0.038715,-0.78511,0.04444
-0.00057992,0.72949,-0.060922,-0.0013423,0.54718,-0.015874,-0.18701,0.41773,-0.020548,0.18291,0.42852,-0.016682,-0.31592,0.19334,0.0048149,0.29369,0.18741,-0.0087674,-0.47603,0.062653,-0.0059514,0.43723,0.048951,-0.096094,-0.00050649,0.1964,0.019517,0,0.1263,0,-0.085779,0.040918,-0.00066874,0.086038,0.046994,0.0032312,-0.1093,-0.37916,-0.054661,0.085206,-0.36733,-0.10679,-0.037702,-0.74719,0.10203,0.061974,-0.73487,0.062181
0.00061706,0.73548,-0.063158,0.0012751,0.55459,-0.013507,-0.18421,0.42803,-0.016866,0.18581,0.442,-0.008963,-0.32302,0.20287,0.0094214,0.2934,0.19749,-0.0084179,-0.49228,0.084291,0.00048426,0.43581,0.065879,-0.093066,-0.00029129,0.20458,0.017437,0,0.13468,0,-0.085972,0.049318,-0.0017277,0.085304,0.053808,0.0026012,-0.11023,-0.3795,-0.055661,0.083547,-0.36541,-0.10721,-0.034569,-0.74772,0.095108,0.061254,-0.72925,0.059149
0.0030093,0.74159,-0.062166,0.0062511,0.5604,-0.0074152,-0.18262,0.4313,-0.014839,0.18814,0.44455,-0.0044395,-0.32541,0.21255,0.012689,0.29637,0.20151,-0.0067492,-0.50419,0.1089,-0.0052632,0.44215,0.07375,-0.091609,6.8138e-05,0.20678,0.0163,0,0.13679,0,-0.086249,0.051404,-0.0027608,0.084848,0.055797,0.0022525,-0.10343,-0.40088,-0.036498,0.078664,-0.38446,-0.089626,-0.035846,-0.76654,0.064625,0.055713,-0.74299,0.044901
0.0046085,0.74159,-0.05891,0.0084155,0.55972,-0.0017452,-0.18064,0.43293,-0.011692,0.18964,0.44284,-0.0015709,-0.32732,0.21516,0.014018,0.29771,0.20115,-0.0050917,-0.51162,0.12237,-0.011661,0.46248,0.075754,-0.098051,0.00020047,0.20563,0.016005,0,0.13555,0,-0.085418,0.050031,-0.0041231,0.083882,0.054003,0.0011041,-0.085493,-0.46754,-0.0066727,0.079054,-0.44501,-0.058335,-0.041891,-0.8254,0.037355,0.044678,-0.80958,0.018669
0.0032052,0.72613,-0.047699,0.010155,0.54129,0.012543,-0.18177,0.4256,-0.003792,0.19279,0.42703,0.0092637,-0.34107,0.21032,0.016089,0.30677,0.19075,-0.00012914,-0.53128,0.12127,-0.019516,0.47514,0.063702,-0.10791,0.0005775,0.18734,0.019268,0,0.11741,0,-0.08459,0.030271,-0.0076393,0.081828,0.035097,-0.0019859,-0.073842,-0.51764,0.012149,0.08332,-0.50051,-0.038131,-0.047593,-0.87978,0.029736,0.042537,-0.87026,0.014993
0.0034232,0.6917,-0.023896,0.0044013,0.50678,0.023278,-0.19006,0.37818,0.011725,0.19412,0.38111,0.017694,-0.36199,0.16683,0.022604,0.30868,0.15234,0.00072132,-0.55256,0.10175,-0.037294,0.47057,0.035061,-0.11721,0.00041222,0.15257,0.023006,0,0.084144,0,-0.085683,-0.00097082,-0.0099186,0.084942,-0.0059396,-0.0049072,-0.080568,-0.52471,0.012438,0.080251,-0.50773,-0.036428,-0.049862,-0.90217,0.061771,0.050375,-0.87648,0.019606
-0.0034178,0.64075,-0.02079,0.0030484,0.45531,0.03759,-0.18586,0.33282,0.02068,0.19251,0.3459,0.024667,-0.35692,0.14712,0.018739,0.29875,0.1119,-0.0032681,-0.55672,0.055725,-0.057409,0.47862,-0.0091923,-0.12592,0.00035246,0.10258,0.028042,0,0.035572,0,-0.085285,-0.048949,-0.015144,0.083978,-0.046785,-0.0052715,-0.090632,-0.52754,0.0011834,0.080312,-0.51968,-0.043662,-0.051038,-0.90445,0.06927,0.05257,-0.90262,0.044738
-0.003603,0.59688,-0.011242,0.0038197,0.41839,0.0388,-0.17968,0.28136,0.019979,0.1865,0.28644,0.022901,-0.35932,0.089478,0.010027,0.30731,0.061726,0.0028585,-0.56078,0.025254,-0.065448,0.47867,-0.042382,-0.14021,0.00051281,0.050186,0.030737,0,-0.018855,0,-0.083854,-0.10083,-0.014941,0.082305,-0.10076,-0.0049625,-0.11531,-0.55066,-0.030778,0.087629,-0.5419,-0.070925,-0.053884,-0.90536,0.063209,0.053494,-0.90644,0.040723
-0.0045745,0.58836,-0.011101,0.0030072,0.39497,0.039897,-0.181,0.27673,0.024485,0.18736,0.27413,0.028904,-0.35477,0.073065,0.017784,0.31384,0.048636,0.0061432,-0.54662,0.0066912,-0.053917,0.47832,-0.063928,-0.13617,0.00021393,0.042692,0.032907,0,-0.024277,0,-0.084161,-0.10699,-0.014695,0.082755,-0.10691,-0.0054855,-0.11681,-0.55135,-0.030522,0.088402,-0.54368,-0.072619,-0.057032,-0.9092,0.063928,0.053717,-0.9063,0.040103
-0.0043752,0.5872,-0.011655,0.003602,0.39615,0.040182,-0.18019,0.27703,0.024916,0.1883,0.27567,0.030351,-0.35576,0.071132,0.019722,0.31371,0.050481,0.0083708,-0.54354,-0.012771,-0.043595,0.46754,-0.072995,-0.12407,0.00015343,0.042578,0.034822,0,-0.024155,0,-0.084171,-0.10689,-0.014741,0.082698,-0.10665,-0.0054597,-0.11863,-0.55007,-0.025019,0.090551,-0.54261,-0.069356,-0.057303,-0.90754,0.064363,0.053848,-0.90617,0.039894
-0.0042599,0.6174,-0.019698,-0.00086244,0.44724,0.03858,-0.17632,0.32579,0.029734,0.18319,0.32872,0.031709,-0.32444,0.10677,0.026341,0.30033,0.084096,0.013794,-0.50248,-0.0056911,-0.0025864,0.44347,-0.065714,-0.082508,-0.00022735,0.084654,0.036376,0,0.016607,0,-0.081213,-0.06225,-0.013106,0.082344,-0.06105,-0.0056156,-0.10694,-0.53255,0.0075785,0.086729,-0.53472,-0.055529,-0.062465,-0.90329,0.058882,0.047925,-0.90456,0.031495
-0.004891,0.65847,-0.032407,0.0027687,0.48173,0.025011,-0.17805,0.37396,0.019314,0.18252,0.37334,0.016077,-0.31269,0.13705,0.025661,0.29152,0.1318,0.020794,-0.48461,0.0054993,0.012187,0.42171,-0.020471,-0.043575,0.00080708,0.12772,0.034383,0,0.061236,0,-0.080938,-0.020902,-0.0091752,0.07968,-0.021815,-0.0059633,-0.095608,-0.52767,0.020255,0.086223,-0.52486,-0.037936,-0.06189,-0.89312,0.047315,0.052439,-0.8778,0.0063295
-0.007962,0.69652,-0.040825,-0.0020874,0.51509,0.017995,-0.18587,0.39449,0.011116,0.18292,0.40713,0.010486,-0.3166,0.16103,0.02634,0.28936,0.1519,0.027466,-0.47797,0.033817,0.036763,0.41653,-0.0013206,-0.041511,-0.00014651,0.16099,0.033392,0,0.09275,0,-0.082209,0.0057184,-0.0079271,0.083319,0.013864,-0.0043805,-0.091922,-0.51962,0.019781,0.083885,-0.50439,-0.039319,-0.060206,-0.88422,0.033825,0.030227,-0.84456,-0.0031786
-0.010293,0.70759,-0.049124,0.0035322,0.54638,0.013674,-0.18424,0.42218,0.0032284,0.18152,0.41971,0.0025587,-0.31524,0.20746,0.025774,0.2914,0.17985,0.021697,-0.47264,0.061072,0.032547,0.42857,0.029794,-0.029382,0.00049694,0.18451,0.03203,0,0.11498,0,-0.082998,0.034228,-0.0047817,0.082327,0.032916,-0.0044958,-0.089241,-0.46636,0.0028576,0.084317,-0.45293,-0.053143,-0.051436,-0.81895,0.045209,0.047282,-0.81982,0.0082066
-0.010062,0.71897,-0.056492,0.0039636,0.54902,0.0057106,-0.18228,0.43927,0.0029545,0.18209,0.43339,-0.0017249,-0.31294,0.21848,0.021867,0.30178,0.20168,0.020039,-0.47458,0.091226,0.030235,0.44201,0.041272,-0.03699,0.0011357,0.19789,0.028592,0,0.13055,0,-0.084382,0.048358,-0.0038575,0.082536,0.050192,-0.0021962,-0.091378,-0.41383,-0.022054,0.088237,-0.39332,-0.074177,-0.039134,-0.77236,0.080037,0.061776,-0.77097,0.035842
-0.0076378,0.72903,-0.05895,0.0045133,0.55439,0.0030854,-0.1807,0.44619,0.0062677,0.18426,0.43977,-0.0005765,-0.31289,0.23109,0.026566,0.30391,0.20662,0.016698,-0.48448,0.1163,0.02623,0.45452,0.067424,-0.023306,0.0014055,0.2069,0.027237,0,0.13893,0,-0.084759,0.056324,-0.0034692,0.082647,0.05744,-0.0028262,-0.092923,-0.40287,-0.031794,0.08774,-0.38997,-0.078553,-0.035173,-0.7585,0.10155,0.065518,-0.75686,0.03675
-0.0082445,0.73212,-0.058308,0.0047242,0.5571,0.0032404,-0.1823,0.4474,0.0092526,0.18646,0.44302,0.00098236,-0.32306,0.23536,0.0319,0.31035,0.21051,0.022663,-0.52859,0.13283,0.040041,0.4558,0.069421,-0.031941,0.0015066,0.20964,0.026021,0,0.14155,0,-0.085314,0.057834,-0.0034157,0.082969,0.059411,-0.0035005,-0.093383,-0.40367,-0.031514,0.087811,-0.39099,-0.076928,-0.036942,-0.76076,0.098021,0.067027,-0.75614,0.044948
-0.011757,0.72869,-0.056043,0.00037625,0.55216,0.0054044,-0.18497,0.43912,0.011429,0.18477,0.44175,0.0010432,-0.32777,0.23531,0.03424,0.3208,0.20587,0.02368,-0.53327,0.13404,0.032085,0.47284,0.057242,-0.05834,0.00081364,0.20495,0.025299,0,0.13682,0,-0.083477,0.050876,-0.00082278,0.084144,0.054786,-0.0055621,-0.089881,-0.4599,0.0029074,0.090677,-0.45004,-0.046391,-0.029357,-0.825,0.080697,0.077205,-0.82084,0.032614
-0.014802,0.71571,-0.053333,0.0011668,0.53556,0.011022,-0.18959,0.4197,0.019378,0.18467,0.4216,0.0021105,-0.33607,0.22022,0.036958,0.31463,0.19677,0.020532,-0.53875,0.13349,0.023984,0.46994,0.053944,-0.067316,0.0014329,0.18348,0.026044,0,0.11478,0,-0.083858,0.02743,0.00016142,0.083542,0.033016,-0.0096124,-0.089366,-0.49645,0.011866,0.094578,-0.4757,-0.037836,-0.032185,-0.87344,0.088502,0.081577,-0.83879,0.039061
-0.011338,0.671,-0.040409,5.278e-05,0.49894,0.018765,-0.18515,0.37916,0.024532,0.19354,0.37313,0.010651,-0.34314,0.18505,0.027506,0.32145,0.14929,0.020733,-0.5617,0.09288,0.001284,0.46913,0.029452,-0.089672,0.0009785,0.14494,0.027825,0,0.076599,0,-0.084057,-0.0098087,-0.0014288,0.084135,-0.0074661,-0.011285,-0.091254,-0.51212,0.0093707,0.0968,-0.49365,-0.037294,-0.043587,-0.89443,0.096679,0.086866,-0.86485,0.042546
-0.015827,0.6351,-0.033886,0.0031443,0.45141,0.024137,-0.19436,0.32672,0.025899,0.18681,0.33662,0.015113,-0.3472,0.13697,0.026016,0.30524,0.10041,0.010324,-0.55518,0.058133,-0.014605,0.4701,-0.0087304,-0.12064,0.0014121,0.098908,0.029693,0,0.03161,0,-0.086362,-0.056737,-0.0033253,0.084944,-0.050265,-0.011913,-0.098864,-0.52306,0.0060012,0.1011,-0.5119,-0.042824,-0.052665,-0.89483,0.10083,0.096913,-0.87813,0.052
-0.015231,0.60104,-0.016089,-0.011181,0.40973,0.036865,-0.19104,0.29426,0.029394,0.18867,0.29114,0.03171,-0.34651,0.10804,0.026857,0.31606,0.081684,0.0055095,-0.54742,0.031259,-0.017582,0.4701,-0.017474,-0.12553,-0.001684,0.066576,0.033296,0,0.0016965,0,-0.083165,-0.084438,-0.0084935,0.086643,-0.081354,-0.010395,-0.10497,-0.54368,0.0031353,0.10699,-0.51814,-0.050518,-0.049542,-0.90651,0.12184,0.094849,-0.87935,0.04784
-0.014021,0.59496,-0.013116,-0.0092611,0.40767,0.036197,-0.19152,0.2863,0.031286,0.18596,0.28966,0.030825,-0.34517,0.092909,0.026666,0.31533,0.077093,0.0055206,-0.54926,-0.00029767,-0.0148,0.46475,-0.023693,-0.12887,-0.0011039,0.060104,0.035149,0,-0.0054309,0,-0.083033,-0.091537,-0.0089196,0.085717,-0.08615,-0.010794,-0.10662,-0.54497,0.0042034,0.10862,-0.52326,-0.05184,-0.048802,-0.90072,0.1154,0.090134,-0.88309,0.05014
-0.013957,0.59693,-0.01471,-0.0082521,0.41257,0.033967,-0.19042,0.2935,0.032195,0.18494,0.29613,0.031023,-0.34029,0.095235,0.025884,0.31543,0.081906,0.0089104,-0.51786,-0.010902,0.014572,0.45133,-0.031246,-0.12575,-0.0010758,0.063524,0.036255,0,-0.0019163,0,-0.083044,-0.087927,-0.0093246,0.085928,-0.082271,-0.0089058,-0.096631,-0.53683,0.028994,0.11068,-0.52199,-0.046594,-0.050482,-0.89925,0.11629,0.092399,-0.88289,0.05264
-0.021081,0.63873,-0.039252,0.0040015,0.46558,0.015703,-0.19198,0.35431,0.02687,0.17936,0.36568,0.023831,-0.31722,0.13654,0.016309,0.29934,0.12999,0.014628,-0.48153,0.0078165,0.007002,0.43098,-0.014006,-0.10675,0.001009,0.11933,0.033097,0,0.052856,0,-0.084314,-0.032449,-0.0044543,0.082697,-0.028625,-0.0071763,-0.088988,-0.52248,0.040275,0.10798,-0.50458,-0.026463,-0.051019,-0.8916,0.093581,0.087559,-0.87303,0.032919
-0.019822,0.67884,-0.062668,-0.0018882,0.51161,0.0046655,-0.19154,0.38199,0.010604,0.17732,0.40486,0.0083109,-0.31192,0.15372,0.016877,0.29383,0.15364,0.012851,-0.47583,0.016341,0.020215,0.42645,0.0093618,-0.087236,9.105e-05,0.15482,0.029976,0,0.085492,0,-0.082338,-0.0018552,-0.0007822,0.08263,0.0086075,-0.0060178,-0.08258,-0.51965,0.046765,0.10563,-0.50174,-0.026716,-0.061056,-0.88258,0.067162,0.088157,-0.85402,0.013524
-0.019438,0.69142,-0.076519,-0.0036055,0.51854,-0.0071505,-0.19097,0.4061,-0.0022055,0.17751,0.4186,-0.0013421,-0.30885,0.19462,0.011776,0.29507,0.18858,0.019678,-0.47371,0.035398,0.035678,0.42702,0.035986,-0.059094,-0.00072352,0.17594,0.024315,0,0.1093,0,-0.083177,0.024102,0.0027561,0.084306,0.029535,-0.0036453,-0.085463,-0.50041,0.035403,0.1082,-0.43438,-0.058087,-0.045904,-0.85264,0.076061,0.071241,-0.80652,0.0094426
-0.017654,0.71246,-0.088542,-0.00399,0.5395,-0.01892,-0.18998,0.42532,-0.015303,0.18039,0.4334,-0.0099186,-0.30426,0.21104,-5.4422e-05,0.29576,0.2002,0.012987,-0.46244,0.075829,0.025596,0.43247,0.045859,-0.058727,-0.0010794,0.20122,0.020236,0,0.13269,0,-0.084398,0.04604,0.0038824,0.086019,0.052715,-0.00097498,-0.091868,-0.43068,-0.0086328,0.10818,-0.38446,-0.083943,-0.03008,-0.77703,0.10241,0.079678,-0.75644,0.01798
-0.016866,0.71948,-0.095327,-0.0036771,0.545,-0.02274,-0.19203,0.4382,-0.013574,0.18187,0.45079,-0.0051701,-0.30576,0.22296,-0.0016197,0.29871,0.20814,0.011356,-0.46755,0.099536,0.022817,0.43993,0.065418,-0.051775,-0.0011512,0.212,0.016879,0,0.14486,0,-0.084452,0.05699,0.003079,0.085863,0.06398,0.00012452,-0.097621,-0.39191,-0.035289,0.10726,-0.37415,-0.091036,-0.032389,-0.7549,0.1121,0.076771,-0.71319,0.038737
-0.013827,0.72825,-0.090899,-0.0035965,0.55326,-0.010869,-0.19452,0.44452,-0.0075545,0.18243,0.45656,0.00058111,-0.30882,0.23054,-0.00095469,0.29727,0.21717,0.012037,-0.49805,0.11844,0.022557,0.44024,0.07243,-0.053842,-0.0010487,0.2168,0.016243,0,0.14979,0,-0.08453,0.060683,0.00052485,0.085962,0.068136,0.00023706,-0.097914,-0.39067,-0.039157,0.10466,-0.36856,-0.091234,-0.034095,-0.74558,0.11654,0.076074,-0.71292,0.034834
-0.011578,0.72888,-0.081856,-0.0034525,0.5521,-0.0049791,-0.19375,0.44452,-0.0037237,0.18274,0.45607,0.0032044,-0.31942,0.22917,0.0046738,0.29812,0.21751,0.012805,-0.53141,0.12,0.0045539,0.45259,0.078987,-0.055509,-0.00089698,0.2161,0.01573,0,0.1495,0,-0.08457,0.060723,-0.00024259,0.085841,0.067733,-2.1215e-05,-0.095207,-0.40568,-0.030323,0.10007,-0.381,-0.081384,-0.036457,-0.75478,0.11631,0.074189,-0.7462,0.02883
-0.01138,0.72148,-0.070424,-0.0024396,0.54174,0.0051987,-0.19178,0.43582,0.0031648,0.18911,0.43752,0.014075,-0.3391,0.22109,0.0085175,0.319,0.20402,0.021009,-0.54613,0.12111,-0.020505,0.46586,0.074175,-0.070455,-0.0009657,0.20352,0.017434,0,0.13663,0,-0.083927,0.050182,-0.0037385,0.084701,0.051336,-0.0017498,-0.087534,-0.48708,0.0055824,0.10182,-0.46012,-0.043789,-0.034818,-0.84649,0.10003,0.071182,-0.81991,0.034919
-0.015212,0.69833,-0.049866,-0.0047865,0.52972,0.011868,-0.19252,0.40682,0.012566,0.18881,0.41522,0.022523,-0.34989,0.20486,0.003994,0.32642,0.17756,0.02384,-0.55954,0.10418,-0.042492,0.47027,0.059027,-0.084917,-0.0014084,0.17519,0.019991,0,0.10465,0,-0.083366,0.015691,-0.0077897,0.085093,0.02241,-0.0038427,-0.090731,-0.49326,0.0012941,0.11267,-0.48578,-0.031028,-0.049293,-0.87801,0.098069,0.080777,-0.83614,0.025597
-0.013905,0.65747,-0.041166,-0.0022465,0.4832,0.020785,-0.19561,0.37526,0.015849,0.19121,0.3705,0.026893,-0.34607,0.16938,-0.0059412,0.32452,0.15178,0.016577,-0.54407,0.077014,-0.059134,0.476,0.021812,-0.091787,-0.0010365,0.13678,0.022444,0,0.070517,0,-0.084009,-0.016698,-0.011331,0.085194,-0.018752,-0.0018605,-0.092146,-0.52348,0.00042615,0.11675,-0.50525,-0.025608,-0.053359,-0.90262,0.11603,0.099332,-0.88582,0.048173
-0.013577,0.61419,-0.035355,-0.0044095,0.44172,0.024318,-0.19482,0.31583,0.010984,0.18517,0.32023,0.031633,-0.35143,0.12857,-0.011022,0.31952,0.102,0.0052974,-0.54027,0.037414,-0.075503,0.47769,-0.022844,-0.12608,-0.0019751,0.085807,0.024658,0,0.017451,0,-0.083377,-0.070276,-0.011836,0.085165,-0.065358,-0.0034101,-0.093573,-0.5289,-0.0060565,0.11634,-0.50826,-0.032191,-0.061831,-0.9067,0.12878,0.093896,-0.87666,0.049162
-0.013964,0.59987,-0.032602,-0.0085991,0.41998,0.027377,-0.19266,0.29911,0.012989,0.18179,0.29514,0.039131,-0.35294,0.10372,-0.010341,0.32061,0.076022,0.015471,-0.56368,-0.0034524,-0.081217,0.47679,-0.032463,-0.12971,-0.0031054,0.069769,0.026683,0,0.0024022,0,-0.082228,-0.082604,-0.012348,0.085118,-0.078949,-0.0037579,-0.096134,-0.53625,-0.0042366,0.11635,-0.51292,-0.036778,-0.062407,-0.90882,0.13588,0.090944,-0.87542,0.052764
-0.01414,0.59884,-0.031513,-0.0088759,0.41984,0.026966,-0.19268,0.29914,0.01321,0.18262,0.29479,0.040238,-0.35082,0.097094,-0.0086106,0.31882,0.076004,0.020273,-0.54425,-0.01255,-0.074305,0.46143,-0.043218,-0.11787,-0.0033407,0.069517,0.028103,0,0.0023137,0,-0.082247,-0.082831,-0.012641,0.085475,-0.07946,-0.0030651,-0.097648,-0.54136,0.017215,0.11779,-0.5152,-0.034774,-0.062191,-0.90381,0.13887,0.089513,-0.87759,0.055795
-0.012219,0.61563,-0.036678,-0.0064598,0.43957,0.01839,-0.19347,0.32366,0.0093357,0.18274,0.32361,0.033753,-0.33486,0.10901,-0.016291,0.29675,0.11491,0.036085,-0.50394,-0.010302,-0.033258,0.43335,-0.025335,-0.090598,-0.0027574,0.090669,0.027082,0,0.023669,0,-0.082707,-0.062404,-0.010771,0.085215,-0.059104,-0.001938,-0.091059,-0.53539,0.032626,0.117,-0.51484,-0.027777,-0.060536,-0.90364,0.13018,0.089566,-0.87587,0.044792
-0.015068,0.66669,-0.05364,-0.0096196,0.49891,0.010521,-0.19026,0.38564,-0.001332,0.18579,0.38431,0.022067,-0.31765,0.15091,-0.024858,0.29898,0.14101,0.03475,-0.48405,0.0015898,-0.027965,0.42344,-0.0026839,-0.060204,-0.0032635,0.14616,0.025685,0,0.077443,0,-0.081561,-0.0078177,-0.006799,0.085418,-0.0062781,-0.002663,-0.083431,-0.52342,0.040509,0.1074,-0.51833,-0.021882,-0.05539,-0.88952,0.093447,0.086944,-0.86605,0.022736
-0.016481,0.69969,-0.055856,-0.010332,0.5222,0.0047578,-0.19206,0.40355,-0.0087149,0.17762,0.41689,0.013959,-0.31273,0.18627,-0.025896,0.29184,0.18124,0.040507,-0.47834,0.013911,-0.025027,0.42306,0.017529,-0.051039,-0.0032634,0.16884,0.023839,0,0.099638,0,-0.081369,0.012809,-0.0047651,0.085561,0.022978,-0.0014297,-0.083444,-0.52048,0.035566,0.096283,-0.48926,-0.027084,-0.032615,-0.84551,0.088629,0.067577,-0.85148,0.010113
-0.015324,0.71279,-0.067243,-0.0095287,0.53445,-0.0069512,-0.19029,0.42244,-0.01983,0.17717,0.42973,0.0017129,-0.30949,0.20829,-0.034422,0.29447,0.19069,0.034725,-0.47169,0.062831,-0.017736,0.42965,0.041901,-0.033361,-0.002932,0.19284,0.019323,0,0.12567,0,-0.081535,0.039028,-0.0012157,0.085302,0.048814,-0.00037357,-0.082698,-0.47016,-0.0024711,0.10045,-0.41276,-0.078355,-0.033243,-0.82558,0.078842,0.053209,-0.76178,0.028569
-0.016448,0.72849,-0.07433,-0.010274,0.55013,-0.010933,-0.19244,0.42904,-0.022036,0.17586,0.44149,0.0020579,-0.31465,0.22274,-0.029185,0.29634,0.2091,0.036395,-0.47157,0.083091,-0.018682,0.43345,0.056314,-0.028744,-0.003078,0.20658,0.016974,0,0.13805,0,-0.082318,0.049965,-0.0012748,0.086387,0.060119,0.00047596,-0.098262,-0.39393,-0.0402,0.10867,-0.35641,-0.10288,-0.035077,-0.74846,0.11108,0.04934,-0.72461,0.052291
-0.01548,0.73735,-0.070396,-0.0082986,0.55932,-0.0094869,-0.19595,0.4398,-0.016006,0.1769,0.4506,0.0071145,-0.31877,0.22921,-0.025412,0.29674,0.21329,0.03737,-0.49352,0.10605,-0.020529,0.43992,0.068284,-0.023867,-0.0025903,0.21537,0.015475,0,0.14685,0,-0.083257,0.057944,-0.0019573,0.086788,0.066957,0.00032561,-0.097671,-0.39185,-0.043826,0.10925,-0.35636,-0.10461,-0.037832,-0.74841,0.11093,0.0462,-0.72872,0.059286
-0.014979,0.7393,-0.067123,-0.0079051,0.56609,-0.0033788,-0.19484,0.44335,-0.011239,0.17786,0.45856,0.01473,-0.32875,0.23428,-0.0217,0.29838,0.21661,0.038854,-0.54221,0.1199,-0.029317,0.44364,0.072106,-0.024405,-0.0026422,0.2182,0.015103,0,0.14946,0,-0.083325,0.060885,-0.0026962,0.086443,0.069756,-0.00011253,-0.097475,-0.39224,-0.044062,0.10196,-0.36164,-0.1013,-0.040618,-0.75149,0.11099,0.050115,-0.72721,0.055832
-0.01521,0.73899,-0.052044,-0.0068661,0.56149,0.0054071,-0.19462,0.44256,-0.0068811,0.17738,0.45491,0.019924,-0.347,0.22896,-0.016095,0.29972,0.21646,0.039896,-0.5554,0.12679,-0.036556,0.44971,0.073384,-0.031767,-0.0025368,0.2153,0.01594,0,0.14683,0,-0.083322,0.058731,-0.0041305,0.086058,0.066684,-0.00095838,-0.097593,-0.46303,-0.0089897,0.088877,-0.41265,-0.076016,-0.052572,-0.81504,0.09613,0.05446,-0.77783,0.040415
-0.012609,0.72559,-0.041661,-0.008476,0.54458,0.022768,-0.19179,0.42685,-0.00030716,0.18357,0.43588,0.038045,-0.35567,0.22009,-0.017002,0.30353,0.21409,0.040962,-0.57027,0.12379,-0.064635,0.46314,0.059362,-0.047456,-0.0033602,0.19157,0.021088,0,0.12211,0,-0.081542,0.033543,-0.011354,0.084714,0.040134,-0.0025984,-0.098042,-0.5102,0.0038907,0.10178,-0.47837,-0.05546,-0.068933,-0.87166,0.093068,0.074661,-0.84099,0.025024
-0.0012209,0.68786,-0.0061082,-0.0024433,0.51832,0.038141,-0.18952,0.38993,0.0049109,0.18578,0.39308,0.048983,-0.35686,0.19581,-0.020111,0.30262,0.1661,0.039479,-0.56336,0.098824,-0.076784,0.4709,0.030885,-0.079853,-0.0030517,0.1583,0.026666,0,0.089463,0,-0.082088,0.0045465,-0.015773,0.083042,0.007682,-0.0041831,-0.097467,-0.51126,0.0018503,0.10335,-0.482,-0.055339,-0.072119,-0.87925,0.092859,0.078692,-0.84499,0.023249
-0.0039201,0.64127,-0.00078681,-0.0055992,0.4547,0.046236,-0.18896,0.33662,0.0076135,0.19196,0.33829,0.05712,-0.3608,0.14384,-0.028323,0.29928,0.11105,0.032119,-0.56887,0.050199,-0.092099,0.47527,-0.0095924,-0.1042,-0.0042115,0.10469,0.03039,0,0.039077,0,-0.08346,-0.047149,-0.019879,0.085755,-0.045101,-0.0044414,-0.10137,-0.52357,-0.013025,0.10561,-0.50881,-0.055879,-0.077322,-0.88525,0.090398,0.077018,-0.8847,0.048648
-0.0095065,0.60184,0.0031638,-0.013151,0.42087,0.051702,-0.19057,0.28855,0.0041019,0.18728,0.29313,0.060656,-0.36322,0.10626,-0.032782,0.29965,0.070054,0.029356,-0.57262,0.013414,-0.10917,0.47461,-0.026806,-0.12149,-0.0063508,0.061819,0.033462,0,-0.005206,0,-0.080985,-0.092398,-0.021624,0.0866,-0.085164,-0.0049256,-0.10834,-0.54846,-0.031086,0.10496,-0.52482,-0.065199,-0.082523,-0.89995,0.10129,0.077452,-0.8857,0.043447
-0.0068493,0.59001,0.0030144,-0.0097,0.3973,0.053392,-0.19103,0.27711,0.0070776,0.18627,0.28564,0.060036,-0.36567,0.083872,-0.030125,0.30127,0.061139,0.026272,-0.55577,-0.0025877,-0.099439,0.47081,-0.046665,-0.12528,-0.0058487,0.049505,0.035712,0,-0.014783,0,-0.081367,-0.10122,-0.021623,0.085985,-0.096419,-0.0048721,-0.11111,-0.55484,-0.030884,0.10351,-0.52688,-0.067299,-0.084917,-0.89956,0.099301,0.075896,-0.88766,0.041672
-0.006335,0.58902,0.0021455,-0.0097493,0.39743,0.052665,-0.19029,0.27797,0.0080959,0.18585,0.28538,0.05987,-0.36224,0.083419,-0.029632,0.30084,0.062299,0.026627,-0.54178,-0.015784,-0.070935,0.46129,-0.054282,-0.12459,-0.0060039,0.049426,0.03728,0,-0.0145,0,-0.08135,-0.10053,-0.021384,0.085864,-0.095984,-0.0043261,-0.11295,-0.55169,-0.027535,0.10472,-0.52663,-0.065754,-0.084117,-0.8992,0.10128,0.074169,-0.88471,0.039661
0.0021628,0.63168,-0.0071422,-0.0094343,0.44459,0.047756,-0.18829,0.32917,0.0026731,0.18303,0.33539,0.058306,-0.33027,0.1164,-0.024475,0.29879,0.095828,0.025679,-0.49806,-0.0046735,-0.045488,0.43101,-0.03599,-0.096184,-0.0064078,0.0939,0.038154,0,0.029915,0,-0.080813,-0.053598,-0.021733,0.084625,-0.053051,-0.0027294,-0.10362,-0.51939,0.0049948,0.11111,-0.5137,-0.056687,-0.078192,-0.89455,0.093629,0.079121,-0.87961,0.027826
0.008199,0.67473,-0.016203,-0.00067541,0.5069,0.039174,-0.18391,0.37934,0.0023475,0.18392,0.39137,0.049397,-0.31036,0.16564,-0.021694,0.29117,0.1326,0.02931,-0.48473,0.0071671,-0.034768,0.41863,-0.017719,-0.055606,-0.0043954,0.14652,0.03843,0,0.079522,0,-0.081441,-0.0041648,-0.018665,0.081702,-0.0021946,-0.0015589,-0.093545,-0.50871,0.031864,0.10154,-0.49782,-0.030075,-0.075036,-0.87927,0.081222,0.0922,-0.85121,0.014219
0.0057471,0.72081,-0.025657,-0.0028761,0.535,0.028356,-0.18749,0.41248,-0.0058121,0.17955,0.4219,0.038835,-0.31527,0.21098,-0.024728,0.28281,0.17939,0.041909,-0.47074,0.050635,0.0037892,0.4104,0.010663,-0.026251,-0.0047041,0.17828,0.037247,0,0.11147,0,-0.081066,0.02821,-0.014771,0.08226,0.030833,-0.00090857,-0.089939,-0.50279,0.034046,0.097161,-0.48826,-0.032316,-0.062352,-0.86699,0.092545,0.069757,-0.83997,0.012123
0.011164,0.7298,-0.031151,0.0019013,0.54319,0.019845,-0.18356,0.43417,-0.0066182,0.18421,0.44136,0.026405,-0.31187,0.22608,-0.012433,0.28904,0.18636,0.038782,-0.46692,0.092569,0.0064319,0.41693,0.028143,-0.015935,-0.002525,0.19493,0.03532,0,0.12946,0,-0.084651,0.04677,-0.010556,0.08346,0.047895,-0.0010838,-0.085303,-0.48905,0.023122,0.091833,-0.42368,-0.059644,-0.036605,-0.82158,0.09407,0.061201,-0.75876,0.02591
0.0095697,0.75423,-0.038583,0.0029933,0.56977,0.012103,-0.18291,0.45755,-0.0060879,0.18525,0.45835,0.022357,-0.31314,0.25665,-0.007846,0.28874,0.21416,0.034051,-0.48482,0.12384,0.0013615,0.42444,0.047477,-0.01688,-0.0021101,0.22428,0.033554,0,0.15728,0,-0.08439,0.073454,-0.0075471,0.083127,0.075678,-0.0022571,-0.096931,-0.37747,-0.031341,0.08951,-0.36017,-0.080815,-0.031597,-0.7422,0.14497,0.058097,-0.7215,0.065109
0.010916,0.7587,-0.040485,0.0026379,0.58488,0.022009,-0.18278,0.46791,-0.0001236,0.18607,0.47388,0.030019,-0.32531,0.27071,-0.0055003,0.29191,0.23324,0.033924,-0.49556,0.1445,-0.015502,0.42487,0.070772,-0.018161,-0.0022838,0.23527,0.034834,0,0.16904,0,-0.083526,0.084396,-0.0094048,0.082361,0.087673,-0.0034553,-0.098734,-0.37362,-0.034922,0.088085,-0.35935,-0.082814,-0.030403,-0.73522,0.15018,0.058553,-0.72042,0.061011
0.010241,0.7698,-0.035203,0.0032062,0.58622,0.024055,-0.18313,0.4798,0.013728,0.18847,0.47962,0.032462,-0.33527,0.28046,-0.00084861,0.29724,0.23566,0.036119,-0.53888,0.16173,-0.028353,0.44918,0.073463,-0.031589,-0.0011359,0.23852,0.035668,0,0.17305,0,-0.08361,0.088778,-0.0098337,0.08246,0.090817,-0.0044829,-0.099795,-0.37988,-0.029386,0.07568,-0.37299,-0.069784,-0.029473,-0.73805,0.15026,0.058897,-0.72739,0.059435
0.011127,0.76933,-0.032198,0.0032557,0.5874,0.0282,-0.18181,0.48027,0.017262,0.19048,0.4785,0.033271,-0.37512,0.27907,0.017622,0.30048,0.23585,0.036544,-0.54379,0.16336,-0.02802,0.45258,0.074714,-0.032142,-0.00059092,0.23753,0.036887,0,0.17195,0,-0.084232,0.087519,-0.011088,0.082084,0.089096,-0.005147,-0.087171,-0.47367,0.028474,0.065847,-0.44168,-0.033379,-0.029435,-0.80128,0.11163,0.051907,-0.79311,0.036824
0.0095292,0.75793,-0.021153,0.0064368,0.57579,0.040543,-0.17843,0.4731,0.019236,0.19255,0.46577,0.034093,-0.37488,0.27466,0.017324,0.305,0.23363,0.035109,-0.54961,0.1647,-0.030295,0.46263,0.0728,-0.05159,-0.00020511,0.22399,0.040026,0,0.15855,0,-0.083885,0.077083,-0.012638,0.08114,0.07484,-0.0078155,-0.08505,-0.47603,0.030972,0.083052,-0.4858,-0.014391,-0.050043,-0.84328,0.093623,0.066185,-0.84711,0.041573
0.0067593,0.73331,-0.0083247,0.0099866,0.54705,0.047701,-0.18428,0.42036,0.024482,0.20233,0.42446,0.039612,-0.36213,0.24199,0.018948,0.31474,0.20006,0.028927,-0.55871,0.15494,-0.036546,0.47864,0.04815,-0.078243,0.00032807,0.1848,0.042904,0,0.11894,0,-0.087105,0.030851,-0.015566,0.082473,0.028509,-0.0098135,-0.082716,-0.48416,0.037667,0.087384,-0.48881,-0.013125,-0.070287,-0.86461,0.08514,0.070828,-0.84895,0.03966
0.0091799,0.68548,-0.0025984,0.001027,0.50424,0.049511,-0.18132,0.39227,0.024286,0.19526,0.3944,0.036591,-0.37488,0.18985,0.0090728,0.31484,0.15733,0.02032,-0.56023,0.11109,-0.054099,0.48171,0.021387,-0.094557,-0.0009043,0.14854,0.04404,0,0.08388,0,-0.083906,0.0048105,-0.016514,0.082506,0.0028958,-0.0093781,-0.092171,-0.50321,0.029301,0.091897,-0.49935,-0.020669,-0.074167,-0.86732,0.096899,0.08241,-0.84517,0.037138
0.0024813,0.63448,-0.0094316,0.0024732,0.4575,0.044382,-0.18282,0.33074,0.027289,0.19255,0.33032,0.034124,-0.36567,0.16417,0.003554,0.32098,0.10827,0.0053029,-0.55458,0.082009,-0.064681,0.48946,-0.008381,-0.12811,-0.00031358,0.095915,0.044262,0,0.02997,0,-0.08363,-0.05285,-0.017117,0.08266,-0.055027,-0.0054413,-0.10836,-0.52046,0.0061229,0.094268,-0.51405,-0.038279,-0.076137,-0.87255,0.098183,0.070799,-0.89739,0.07653
7.9622e-05,0.60175,-0.0034194,0.0040501,0.4276,0.051667,-0.18465,0.30014,0.033317,0.19068,0.29707,0.038544,-0.38702,0.11188,-0.0045447,0.31952,0.075443,0.0098236,-0.56976,0.030263,-0.07114,0.49125,-0.017533,-0.13445,6.7059e-05,0.066846,0.046172,0,0.0018951,0,-0.084395,-0.08275,-0.018037,0.082793,-0.080649,-0.0071634,-0.11434,-0.52759,-0.00070656,0.099729,-0.52292,-0.052901,-0.070238,-0.87466,0.11116,0.11283,-0.83446,0.041977
-5.0751e-05,0.59977,-0.0042458,0.00097897,0.42283,0.050767,-0.18453,0.29682,0.032122,0.19029,0.2958,0.038803,-0.36072,0.10432,0.0038243,0.31992,0.074967,0.0092296,-0.55654,0.018136,-0.068561,0.48669,-0.020281,-0.13587,-0.00044652,0.063755,0.046844,0,-0.00085446,0,-0.083667,-0.085948,-0.017959,0.082931,-0.082647,-0.0070407,-0.11753,-0.52854,0.0027497,0.10389,-0.52448,-0.051606,-0.074729,-0.87162,0.11731,0.093125,-0.895,0.088471
-0.0017119,0.60806,-0.004826,-0.0011097,0.43022,0.049085,-0.18889,0.31201,0.030956,0.18596,0.31215,0.035287,-0.35239,0.11953,0.0084206,0.31598,0.08603,0.0053629,-0.52556,0.010537,-0.037145,0.47342,-0.021465,-0.1353,-0.00069454,0.076004,0.047186,0,0.012862,0,-0.08354,-0.072791,-0.018259,0.083873,-0.068872,-0.0062382,-0.11223,-0.51784,0.030423,0.10791,-0.50537,-0.028409,-0.073984,-0.86799,0.12609,0.093382,-0.83078,0.048405
-0.00027621,0.66938,-0.023845,-0.0031569,0.49469,0.040512,-0.18583,0.37495,0.017444,0.185,0.37219,0.023934,-0.32042,0.16672,0.0089565,0.31106,0.14214,0.0097166,-0.50737,0.017749,-0.031012,0.45094,-0.011817,-0.11384,-0.0013095,0.13267,0.046586,0,0.066661,0,-0.081486,-0.016773,-0.014811,0.082709,-0.015754,-0.005956,-0.095837,-0.50701,0.043576,0.099487,-0.51445,0.0012904,-0.070209,-0.87262,0.10609,0.074099,-0.87366,0.043347
-0.0030196,0.69744,-0.027975,0.00027977,0.5187,0.030519,-0.18436,0.4021,0.0090829,0.18833,0.40876,0.02126,-0.3221,0.18404,0.0071302,0.30489,0.16001,0.0092711,-0.48529,0.03656,0.0084096,0.42847,0.0089775,-0.073434,-0.0013215,0.15666,0.045165,0,0.089805,0,-0.08246,0.0047429,-0.012379,0.082443,0.0077614,-0.0048703,-0.092197,-0.50328,0.046518,0.096268,-0.51121,-0.0016068,-0.071437,-0.87246,0.10414,0.069304,-0.85573,0.035986
-0.0017613,0.72291,-0.036151,0.0036544,0.54118,0.020752,-0.18269,0.43454,-0.0050234,0.1845,0.43478,0.0094593,-0.31472,0.21603,0.0018669,0.29986,0.18535,0.0056248,-0.48128,0.058534,0.017913,0.42427,0.026021,-0.059645,-0.00089851,0.19455,0.042255,0,0.1298,0,-0.083879,0.044461,-0.010461,0.082021,0.053676,-0.0017295,-0.09629,-0.48461,0.029277,0.10069,-0.42856,-0.051409,-0.048156,-0.82764,0.12022,0.051572,-0.78013,0.052649
-9.6972e-05,0.73909,-0.04245,0.0026673,0.55443,0.013639,-0.1823,0.44502,-0.010968,0.18304,0.4467,0.0017682,-0.31637,0.22664,0.0023881,0.30023,0.19411,0.0052725,-0.4748,0.088365,0.021416,0.432,0.041098,-0.054321,-0.00087027,0.20727,0.039871,0,0.14124,0,-0.083524,0.058856,-0.0096742,0.082241,0.061194,-0.00075453,-0.11142,-0.38928,-0.022615,0.099643,-0.37756,-0.079092,-0.037513,-0.76221,0.13501,0.048359,-0.74038,0.067353
0.0024218,0.74555,-0.048456,0.0013222,0.56193,0.011701,-0.1851,0.45867,-0.0047163,0.18726,0.4544,0.003673,-0.31889,0.23965,0.002995,0.29717,0.21108,0.0084575,-0.48206,0.10819,0.020226,0.43547,0.054595,-0.050673,-0.0007424,0.22093,0.038008,0,0.1558,0,-0.084298,0.071054,-0.0090497,0.084157,0.070321,-0.0016456,-0.11199,-0.36955,-0.040809,0.098042,-0.35694,-0.086578,-0.033714,-0.72879,0.13849,0.052125,-0.72513,0.079813
0.0043932,0.75064,-0.050482,0.0013638,0.56439,0.012077,-0.18531,0.46232,-0.0026178,0.1887,0.4599,0.0074798,-0.32042,0.24631,0.005135,0.29918,0.21742,0.0082832,-0.50289,0.12217,0.015608,0.4497,0.059584,-0.051308,-0.00083871,0.22459,0.036741,0,0.15955,0,-0.084512,0.07537,-0.0091973,0.084214,0.074047,-0.0016244,-0.11198,-0.36999,-0.043465,0.096801,-0.35739,-0.087353,-0.033815,-0.72911,0.13829,0.060948,-0.71668,0.066579
0.0050606,0.7507,-0.047538,0.0030485,0.56535,0.015558,-0.18385,0.46248,0.00036343,0.18915,0.45994,0.0097867,-0.3253,0.24779,0.01015,0.3007,0.21769,0.010426,-0.54266,0.12816,-0.011147,0.4587,0.061817,-0.057751,-0.00036948,0.22366,0.036999,0,0.15812,0,-0.08476,0.074674,-0.010216,0.083302,0.072893,-0.0028539,-0.10751,-0.39871,-0.037489,0.083921,-0.38793,-0.077161,-0.036896,-0.75162,0.12633,0.051563,-0.75214,0.048722
0.0060693,0.74509,-0.036714,0.0069922,0.5586,0.025442,-0.18172,0.45102,0.0094021,0.19417,0.45323,0.020557,-0.33215,0.24375,0.018411,0.30853,0.21414,0.015881,-0.54184,0.13278,-0.014008,0.46472,0.057637,-0.059772,0.00034931,0.21061,0.039056,0,0.14444,0,-0.086004,0.058494,-0.012563,0.082138,0.05834,-0.005836,-0.093291,-0.47148,0.0014629,0.088124,-0.45126,-0.046117,-0.047062,-0.83946,0.085508,0.042343,-0.81222,0.04757
0.0048594,0.72325,-0.020787,0.0087775,0.54053,0.037261,-0.18013,0.4237,0.017321,0.20031,0.42478,0.033404,-0.34273,0.22011,0.0063969,0.31085,0.19912,0.019772,-0.56453,0.10602,-0.039346,0.47784,0.025683,-0.09472,4.7651e-05,0.17942,0.041825,0,0.11215,0,-0.086035,0.030052,-0.01457,0.081695,0.023986,-0.0064236,-0.096284,-0.48097,0.010155,0.092254,-0.48974,-0.030062,-0.066281,-0.85595,0.077549,0.065925,-0.8588,0.03369
0.0099434,0.67474,-0.011963,0.006561,0.49987,0.043704,-0.17536,0.37796,0.015811,0.19547,0.38154,0.039804,-0.37103,0.17733,-5.4422e-05,0.31611,0.14208,0.01381,-0.55925,0.090771,-0.051277,0.47746,-0.00076789,-0.11112,-0.0013405,0.13872,0.043261,0,0.072825,0,-0.083351,-0.010176,-0.015741,0.080836,-0.0066632,-0.0060039,-0.1011,-0.52449,0.0077067,0.093565,-0.50033,-0.03229,-0.089096,-0.89236,0.068225,0.062981,-0.87281,0.038768
0.0071663,0.631,-0.0085276,0.00059191,0.44039,0.042725,-0.18187,0.3244,0.0161,0.19377,0.3281,0.043107,-0.38293,0.12889,-0.009629,0.31457,0.082547,-0.0011927,-0.56611,0.043053,-0.067941,0.47448,-0.019538,-0.12288,-0.0026921,0.086416,0.043994,0,0.021945,0,-0.08313,-0.061747,-0.018182,0.082892,-0.062527,-0.0042477,-0.10686,-0.52402,-0.0095026,0.094052,-0.51645,-0.048336,-0.090684,-0.88965,0.077329,0.065181,-0.87959,0.050005
0.0077337,0.58561,-0.0025052,0.00075221,0.41129,0.04451,-0.17934,0.277,0.013981,0.18712,0.2855,0.039152,-0.38933,0.09178,-0.027683,0.31575,0.0744,-0.00065767,-0.57232,0.0079845,-0.090394,0.47314,-0.05212,-0.14051,-0.0025252,0.047426,0.04519,0,-0.019049,0,-0.083032,-0.09964,-0.017967,0.082995,-0.098686,-0.0045788,-0.11853,-0.54197,-0.021962,0.096111,-0.52368,-0.0619,-0.086288,-0.88882,0.085489,0.054072,-0.88764,0.06258
