-0.0145,0.81964,-0.004468,-0.0055769,0.61726,0.049213,-0.21162,0.47691,0.030786,0.19405,0.49256,0.034642,-0.36335,0.2595,0.05132,0.33345,0.2405,0.041697,-0.56901,0.15421,0.01814,0.51428,0.095935,-0.046144,-0.0014244,0.21454,0.053338,0,0.14019,0,-0.087838,0.047032,-0.018002,0.089977,0.05392,-0.008343,-0.078962,-0.55121,0.047886,0.10383,-0.54415,0.004268,-0.028793,-0.95376,0.078213,0.073796,-0.94488,0.052874
-0.019624,0.75784,0.007728,-0.017056,0.56722,0.0468,-0.21456,0.44082,0.038544,0.19043,0.43897,0.041509,-0.37766,0.20543,0.050237,0.33597,0.19409,0.034058,-0.59286,0.11517,-0.016709,0.51487,0.075174,-0.060253,-0.002834,0.18186,0.053005,0,0.11278,0,-0.086181,0.019044,-0.019148,0.092103,0.023814,-0.005425,-0.079673,-0.56459,0.04931,0.1072,-0.56049,0.010264,-0.051268,-0.99708,0.13954,0.081528,-0.95375,0.062996
-0.025511,0.7249,0.004487,-0.0085266,0.5144,0.050402,-0.21822,0.38253,0.044494,0.19233,0.3854,0.036346,-0.36913,0.15101,0.038312,0.33861,0.1363,0.022853,-0.58407,0.079168,-0.032165,0.51708,0.021692,-0.084705,-0.0004148,0.1228,0.053853,0,0.052568,0,-0.089734,-0.041321,-0.017063,0.093116,-0.036685,-0.008538,-0.08414,-0.57453,0.032213,0.11,-0.56412,-0.003261,-0.052437,-0.99599,0.13759,0.086206,-0.95998,0.065206
-0.026326,0.66338,0.00295,-0.012333,0.45618,0.048303,-0.21415,0.31964,0.034805,0.19532,0.3272,0.038332,-0.36782,0.10819,0.028221,0.32508,0.075743,0.029196,-0.58056,0.023646,-0.050027,0.52949,-0.018515,-0.11459,-0.0023518,0.069701,0.053886,0,0.00042912,0,-0.089637,-0.094117,-0.018368,0.094586,-0.087917,-0.006699,-0.10284,-0.59029,0.003963,0.11274,-0.57032,-0.032305,-0.047697,-0.99367,0.14097,0.084273,-0.96589,0.079071
-0.023125,0.63533,0.003841,-0.011967,0.4382,0.047278,-0.20907,0.3099,0.038366,0.19855,0.3112,0.040314,-0.36048,0.082159,0.029114,0.33844,0.06875,0.02475,-0.56527,-0.0082065,-0.052584,0.51791,-0.029166,-0.11135,-0.0022124,0.054382,0.054061,0,-0.014424,0,-0.088769,-0.10671,-0.018459,0.093515,-0.10393,-0.006212,-0.10129,-0.59304,0.00169,0.12214,-0.58123,-0.036149,-0.051879,-0.99241,0.14888,0.093142,-0.97307,0.091531
-0.023328,0.63656,0.002249,-0.01199,0.43824,0.047241,-0.20923,0.30975,0.03844,0.19834,0.31119,0.040193,-0.36021,0.082067,0.029246,0.33413,0.068397,0.022537,-0.55046,-0.020757,-0.044141,0.50415,-0.043606,-0.1084,-0.0021951,0.054291,0.054344,0,-0.014502,0,-0.088688,-0.10688,-0.018583,0.093521,-0.10395,-0.006027,-0.10384,-0.59232,0.018305,0.1194,-0.58991,-0.018371,-0.05003,-0.99037,0.15065,0.092671,-0.9736,0.094209
-0.023055,0.68023,-0.011388,-0.013001,0.4895,0.038416,-0.21023,0.36567,0.03362,0.19449,0.35364,0.035694,-0.34883,0.11026,0.034081,0.32613,0.10711,0.025585,-0.52369,-0.0218,-0.024708,0.47548,-0.033742,-0.077242,-0.0025782,0.098111,0.053374,0,0.026522,0,-0.087793,-0.066545,-0.016635,0.092876,-0.060905,-0.00443,-0.085779,-0.58268,0.059446,0.11575,-0.58468,0.00999,-0.038297,-0.9861,0.14229,0.088706,-0.97539,0.087767
-0.023792,0.73589,-0.022567,-0.0080533,0.54364,0.027465,-0.20947,0.40735,0.012712,0.18806,0.4214,0.023858,-0.34418,0.15001,0.028908,0.30964,0.14949,0.019676,-0.50736,-0.011214,-0.015475,0.45224,-0.013901,-0.049093,-0.0025594,0.15406,0.050698,0,0.08146,0,-0.086878,-0.010037,-0.016351,0.089996,-0.0059912,0.000233,-0.083538,-0.57416,0.056927,0.10924,-0.57272,0.012708,-0.043624,-0.96209,0.10964,0.073616,-0.94997,0.067735
-0.020332,0.76586,-0.035927,-0.0068202,0.56847,0.016295,-0.21287,0.4386,0.00466,0.18787,0.44898,0.014956,-0.33576,0.19612,0.019848,0.30069,0.17554,0.008049,-0.48952,0.023438,0.016026,0.44208,0.0041101,-0.038071,-0.0022252,0.18936,0.046734,0,0.11793,0,-0.088756,0.025015,-0.011525,0.091557,0.030134,-0.000114,-0.090885,-0.51523,0.020082,0.10668,-0.49736,-0.028887,-0.028441,-0.92783,0.10025,0.070226,-0.92236,0.071268
-0.018748,0.78417,-0.036495,-0.0038454,0.58844,0.012336,-0.20775,0.45224,-0.00289,0.18757,0.46178,0.008921,-0.33463,0.21105,0.019598,0.30031,0.18713,0.005545,-0.48816,0.049077,0.020189,0.45224,0.02396,-0.026498,-0.0020357,0.20149,0.044403,0,0.12771,0,-0.089274,0.036182,-0.010203,0.090805,0.043489,0.001001,-0.11266,-0.42988,-0.029564,0.1159,-0.41276,-0.082539,-0.038741,-0.83921,0.14262,0.062702,-0.81536,0.10599
-0.015994,0.80496,-0.042228,-0.0006929,0.60132,0.014052,-0.20503,0.4673,-0.000603,0.18985,0.47803,0.00782,-0.33332,0.22945,0.02555,0.29986,0.20676,0.009471,-0.49733,0.077795,0.029054,0.45411,0.046163,-0.025818,-0.0009592,0.2191,0.043019,0,0.14599,0,-0.090515,0.054423,-0.0116,0.090869,0.059661,0.000617,-0.11472,-0.40388,-0.045656,0.11546,-0.39623,-0.08989,-0.021201,-0.77832,0.15752,0.052069,-0.76745,0.13615
-0.014217,0.8086,-0.040798,0.0036294,0.61204,0.020566,-0.20416,0.48148,0.007658,0.19467,0.49012,0.016905,-0.34033,0.24804,0.038713,0.30883,0.22374,0.013955,-0.52342,0.12017,0.037282,0.48572,0.082324,-0.026498,-0.0002812,0.23067,0.043168,0,0.15872,0,-0.092299,0.067115,-0.012334,0.09087,0.070756,-0.001301,-0.11327,-0.40243,-0.044676,0.11316,-0.39507,-0.087097,-0.025876,-0.82078,0.10193,0.054003,-0.76968,0.13397
-0.012024,0.81443,-0.035391,0.0035403,0.61546,0.025441,-0.20546,0.48588,0.014125,0.19537,0.49453,0.022561,-0.34708,0.25174,0.046831,0.31339,0.23383,0.017724,-0.55073,0.14576,0.037449,0.48974,0.093526,-0.022978,-0.0002074,0.23375,0.043758,0,0.16242,0,-0.092553,0.070928,-0.013894,0.091183,0.074529,-0.002585,-0.10254,-0.43416,-0.027853,0.1021,-0.42002,-0.064491,-0.024876,-0.83225,0.10935,0.060608,-0.82009,0.081278
-0.011135,0.81449,-0.032105,0.0036937,0.61463,0.030392,-0.20483,0.486,0.018063,0.19653,0.49444,0.02555,-0.35093,0.25291,0.051889,0.32212,0.23651,0.020798,-0.56282,0.1539,0.039548,0.50542,0.10526,-0.029673,0.0001144,0.23166,0.04516,0,0.15995,0,-0.092146,0.067579,-0.015428,0.090268,0.071269,-0.004598,-0.087581,-0.52014,0.006072,0.08535,-0.5021,-0.023453,-0.026648,-0.87942,0.093123,0.054819,-0.9262,0.057226
-0.012825,0.79452,-0.018533,-0.0085851,0.60007,0.041909,-0.20921,0.47065,0.028656,0.19847,0.47016,0.034363,-0.36924,0.24004,0.055474,0.33562,0.22656,0.023928,-0.59414,0.14043,0.008031,0.5233,0.097674,-0.051063,-0.0019786,0.21062,0.047828,0,0.13786,0,-0.088167,0.040404,-0.017573,0.092175,0.049236,-0.006464,-0.08616,-0.56797,0.028584,0.097111,-0.54263,-0.011844,-0.045215,-0.97669,0.065703,0.051182,-0.94775,0.057277
-0.019907,0.74536,-0.010081,-0.0094999,0.55322,0.052821,-0.21038,0.42487,0.039719,0.19883,0.42696,0.04093,-0.38061,0.20271,0.059455,0.34411,0.17878,0.024422,-0.59727,0.12956,-0.009404,0.54673,0.062827,-0.087693,-0.0016962,0.16524,0.049793,0,0.096195,0,-0.088134,0.0086956,-0.018187,0.092009,0.0028975,-0.008006,-0.086361,-0.57284,0.031468,0.099988,-0.5521,-0.009035,-0.064499,-0.96957,0.082871,0.064112,-0.94817,0.060457
-0.021056,0.7046,-0.003295,7.3e-05,0.50359,0.056408,-0.21693,0.37283,0.045756,0.19661,0.37446,0.04168,-0.37407,0.14961,0.048836,0.3502,0.14804,0.020615,-0.59576,0.099068,-0.029427,0.54625,0.039013,-0.10637,0.0004109,0.11941,0.051181,0,0.050144,0,-0.092509,-0.045572,-0.021191,0.092437,-0.038218,-0.007452,-0.098733,-0.57336,-0.000258,0.10195,-0.56418,-0.034455,-0.068521,-0.96519,0.08923,0.07432,-0.95716,0.062398
-0.015514,0.66801,0.000661,-0.0017017,0.44905,0.054493,-0.20892,0.31869,0.041839,0.20595,0.32273,0.045658,-0.37718,0.10056,0.033278,0.34348,0.098566,0.017599,-0.5912,0.060303,-0.042571,0.54893,0.0063145,-0.12614,-0.0006345,0.067233,0.051649,0,-0.00080562,0,-0.092362,-0.096024,-0.018891,0.093061,-0.090396,-0.009315,-0.10914,-0.58992,-0.014826,0.10706,-0.56707,-0.047771,-0.07631,-0.9726,0.11886,0.079921,-0.95928,0.06616
-0.014649,0.63369,0.004614,-0.0047237,0.43798,0.053949,-0.20617,0.30647,0.045696,0.2061,0.30448,0.047943,-0.36946,0.091783,0.036206,0.34389,0.055809,0.031641,-0.57559,0.028182,-0.045384,0.54376,-0.014859,-0.13287,-0.0010929,0.054276,0.052214,0,-0.014224,0,-0.091072,-0.10704,-0.0195,0.093035,-0.10442,-0.008005,-0.10991,-0.59299,-0.009678,0.10804,-0.5794,-0.0445,-0.078854,-0.96871,0.13145,0.084743,-0.96857,0.091383
-0.01419,0.6364,0.002782,-0.0052173,0.43834,0.05316,-0.20568,0.30698,0.046263,0.20619,0.30479,0.04801,-0.36365,0.091602,0.036254,0.33668,0.055757,0.028763,-0.56211,0.012517,-0.050752,0.51061,-0.02872,-0.12194,-0.0011011,0.054666,0.052705,0,-0.013809,0,-0.090958,-0.10636,-0.019539,0.093061,-0.10419,-0.007795,-0.10957,-0.59847,0.022213,0.10672,-0.58394,-0.029538,-0.075811,-0.96689,0.13454,0.084709,-0.97047,0.093029
-0.014479,0.67467,-0.005803,-0.0032238,0.49034,0.049244,-0.20492,0.36504,0.041724,0.2008,0.35394,0.043406,-0.35558,0.10987,0.043293,0.31193,0.11039,0.017353,-0.54057,0.0022418,-0.038806,0.46521,-0.023755,-0.089384,-0.0009037,0.10104,0.052593,0,0.030599,0,-0.089679,-0.058105,-0.01854,0.091191,-0.060551,-0.006929,-0.1005,-0.5778,0.050619,0.10427,-0.57839,0.003764,-0.070367,-0.96093,0.12942,0.074554,-0.97051,0.092722
-0.013115,0.73245,-0.021352,-0.0067402,0.5418,0.038912,-0.20953,0.41,0.028981,0.19039,0.41855,0.032593,-0.34863,0.15069,0.042133,0.30525,0.14202,0.022408,-0.5125,0.003679,-0.018337,0.44496,-0.016037,-0.074829,-0.0014408,0.15184,0.051493,0,0.080526,0,-0.087829,-0.013585,-0.017116,0.090146,-0.0071995,-0.003611,-0.097715,-0.57744,0.054246,0.09882,-0.57025,0.006625,-0.070445,-0.95602,0.088301,0.055037,-0.95572,0.069917
-0.01363,0.76317,-0.031423,-0.0040608,0.57633,0.020946,-0.20907,0.43597,0.014111,0.19292,0.45011,0.02133,-0.33392,0.19094,0.023881,0.30147,0.16871,0.019843,-0.50047,0.009511,-0.006366,0.43432,-0.0030042,-0.04856,-0.0013935,0.18498,0.047622,0,0.11163,0,-0.089351,0.018635,-0.012002,0.090725,0.024848,-0.002098,-0.088272,-0.53731,0.030601,0.08745,-0.50235,-0.028363,-0.063187,-0.95341,0.081715,0.0463,-0.91531,0.060593
-0.012083,0.7836,-0.039598,-0.0048643,0.58697,0.017403,-0.20736,0.45141,0.007733,0.1933,0.46086,0.016021,-0.33144,0.19762,0.024145,0.30084,0.17918,0.015918,-0.48802,0.037862,0.016479,0.43272,0.0048067,-0.046037,-0.0017152,0.20098,0.045299,0,0.12765,0,-0.089612,0.033932,-0.01132,0.091577,0.041895,-0.000997,-0.091231,-0.48272,-0.002902,0.09657,-0.4396,-0.065903,-0.044842,-0.86829,0.087658,0.042457,-0.85056,0.076867
-0.010983,0.79835,-0.043603,0.0020575,0.60431,0.014005,-0.20177,0.47755,0.009889,0.19332,0.48202,0.0148,-0.31785,0.23518,0.024045,0.29704,0.20926,0.017565,-0.48468,0.068683,0.038833,0.43784,0.039518,-0.034708,-0.0002284,0.21882,0.043052,0,0.14516,0,-0.090675,0.055748,-0.010132,0.08989,0.058721,-0.000783,-0.10128,-0.45497,-0.015456,0.099042,-0.4235,-0.072176,-0.051465,-0.85068,0.09012,0.042092,-0.82512,0.075447
-0.0079804,0.80408,-0.046193,0.0030243,0.60772,0.014571,-0.20082,0.48054,0.011448,0.19529,0.4863,0.014809,-0.32038,0.2391,0.030789,0.3013,0.21435,0.019178,-0.48862,0.092614,0.034787,0.45383,0.054449,-0.030462,0.0001566,0.22606,0.041645,0,0.15313,0,-0.090781,0.062031,-0.009686,0.090104,0.065876,-0.001301,-0.10292,-0.44209,-0.020562,0.096681,-0.41523,-0.073787,-0.054243,-0.82091,0.084395,0.045904,-0.81874,0.072451
-0.0063462,0.80657,-0.04478,0.003574,0.60875,0.015765,-0.20094,0.48098,0.013088,0.19577,0.48734,0.01571,-0.32865,0.2397,0.036609,0.30653,0.21472,0.020236,-0.52014,0.12382,0.0235,0.47926,0.068803,-0.054845,0.0003647,0.22738,0.040666,0,0.15455,0,-0.091206,0.063526,-0.00986,0.090126,0.06711,-0.00189,-0.10415,-0.44295,-0.021875,0.088202,-0.4259,-0.069106,-0.054744,-0.82895,0.08109,0.051226,-0.82186,0.06522
-0.0056817,0.80552,-0.040973,0.0047333,0.6078,0.02001,-0.20098,0.47775,0.018761,0.19718,0.48346,0.018679,-0.34322,0.23407,0.046523,0.31555,0.21387,0.021263,-0.55254,0.13449,0.020206,0.48674,0.072824,-0.060244,0.0010025,0.22283,0.041182,0,0.14893,0,-0.091005,0.057278,-0.011342,0.088722,0.059908,-0.003483,-0.10546,-0.49014,-0.021411,0.081111,-0.48586,-0.051337,-0.054508,-0.86224,0.067803,0.053514,-0.86936,0.034921
-0.0052734,0.78206,-0.025915,0.0035593,0.58495,0.030908,-0.1998,0.45957,0.030487,0.20356,0.45763,0.026486,-0.35564,0.22406,0.053542,0.32646,0.20356,0.024414,-0.57402,0.13448,0.005184,0.51398,0.058295,-0.084272,0.0009904,0.19427,0.043102,0,0.12086,0,-0.089861,0.02742,-0.012855,0.088461,0.031463,-0.005869,-0.097976,-0.55565,-0.002661,0.08871,-0.53533,-0.033871,-0.052858,-0.92628,0.058654,0.055386,-0.93957,0.023128
-0.0019042,0.73339,-0.020933,0.0031502,0.54802,0.040454,-0.20276,0.40662,0.040593,0.2046,0.40956,0.031084,-0.38393,0.17872,0.053774,0.3441,0.1611,0.011604,-0.59412,0.11756,-0.007213,0.51319,0.033053,-0.10218,0.0015309,0.15527,0.04556,0,0.082445,0,-0.090679,-0.0076372,-0.012681,0.089523,-0.0097113,-0.008972,-0.10039,-0.56286,0.002784,0.088406,-0.54638,-0.029301,-0.066188,-0.96466,0.06356,0.06156,-0.96622,0.052334
-0.0048995,0.6856,0.000247,0.0090686,0.48687,0.037754,-0.20369,0.36046,0.046793,0.21416,0.35164,0.033143,-0.37333,0.15142,0.045999,0.35144,0.10559,0.00732,-0.58638,0.087815,-0.023823,0.52099,-0.014471,-0.12067,0.0028006,0.10225,0.046022,0,0.031179,0,-0.093846,-0.061369,-0.013394,0.090126,-0.063213,-0.007905,-0.10376,-0.5743,-0.002734,0.10041,-0.55931,-0.047496,-0.064242,-0.96474,0.065785,0.063803,-0.96866,0.055635
-0.0055249,0.64649,0.005128,0.011981,0.43434,0.045838,-0.20159,0.29879,0.049744,0.21309,0.29711,0.03292,-0.37917,0.098897,0.026345,0.34577,0.046865,-0.013929,-0.58671,0.036256,-0.043702,0.52103,-0.047325,-0.13687,0.0037363,0.050661,0.048204,0,-0.019122,0,-0.095132,-0.11088,-0.013895,0.090267,-0.11128,-0.010493,-0.11459,-0.59743,-0.023798,0.10395,-0.57906,-0.069145,-0.064605,-0.98113,0.076127,0.055259,-0.99685,0.074056
-0.0026138,0.63108,0.002468,0.0094414,0.43111,0.043884,-0.19999,0.29481,0.049271,0.2132,0.29176,0.033866,-0.37325,0.087434,0.028636,0.33678,0.032647,-0.007819,-0.58612,0.010176,-0.041903,0.51417,-0.06416,-0.14081,0.0031369,0.045395,0.04873,0,-0.025243,0,-0.094211,-0.11668,-0.014253,0.09055,-0.11757,-0.009006,-0.12135,-0.59872,-0.022343,0.10326,-0.58183,-0.071201,-0.063993,-0.98442,0.077641,0.056601,-1.0009,0.076995
-0.0027513,0.63279,0.002297,0.0085572,0.43476,0.041068,-0.19954,0.29766,0.048013,0.21147,0.29879,0.031548,-0.36728,0.087416,0.02956,0.32873,0.041749,0.001903,-0.56348,-0.0057298,-0.038946,0.49784,-0.0736,-0.13212,0.0032487,0.047941,0.049217,0,-0.022905,0,-0.093795,-0.11397,-0.013695,0.090432,-0.11482,-0.008793,-0.12115,-0.59831,-0.006558,0.10408,-0.5787,-0.066272,-0.065074,-0.98483,0.081105,0.056303,-0.99349,0.076841
-0.0008758,0.6838,-0.012695,0.0023598,0.49592,0.038844,-0.1977,0.36223,0.042205,0.20293,0.35952,0.023166,-0.35247,0.11429,0.038205,0.32555,0.11222,0.019172,-0.5373,-0.0030764,-0.022763,0.46267,-0.03993,-0.085421,0.0025368,0.10469,0.04944,0,0.032752,0,-0.09074,-0.0571,-0.01267,0.089827,-0.056588,-0.007838,-0.10292,-0.57965,0.02934,0.097109,-0.56167,-0.016244,-0.068902,-0.97773,0.082092,0.057394,-0.97858,0.067684
-0.0090097,0.73443,-0.031631,0.0039936,0.54559,0.027272,-0.2054,0.41094,0.024851,0.19616,0.41635,0.012902,-0.33806,0.16012,0.047936,0.30894,0.14734,0.022512,-0.50317,0.012117,0.002645,0.44297,-0.022532,-0.078816,0.0020698,0.15442,0.047195,0,0.081103,0,-0.090327,-0.0092332,-0.010618,0.088747,-0.0090852,-0.005552,-0.10024,-0.5734,0.037105,0.090558,-0.55724,-0.010979,-0.078501,-0.96149,0.071477,0.054505,-0.93731,0.022581
-0.0051128,0.76729,-0.040065,0.0023079,0.57223,0.016475,-0.20322,0.4382,0.015364,0.19686,0.44439,0.005518,-0.33159,0.19293,0.041459,0.30827,0.18318,0.027364,-0.49542,0.028371,0.01268,0.43226,0.01305,-0.063081,0.0015115,0.18241,0.043945,0,0.1083,0,-0.090298,0.01647,-0.007713,0.089471,0.022024,-0.003906,-0.094948,-0.56353,0.031008,0.085542,-0.53433,-0.020396,-0.068939,-0.95025,0.067853,0.042357,-0.93895,0.03811
-0.0031146,0.78594,-0.051669,0.0029314,0.59645,8.3e-05,-0.20397,0.46144,0.005631,0.19684,0.47478,-0.001385,-0.32756,0.21635,0.037949,0.30909,0.19984,0.023649,-0.49405,0.048856,0.01917,0.43466,0.023593,-0.062922,0.0012544,0.21598,0.037897,0,0.14212,0,-0.092167,0.050607,-0.003631,0.09084,0.053679,-0.001333,-0.099704,-0.46338,-0.011359,0.086437,-0.44157,-0.06972,-0.042708,-0.86774,0.074641,0.043754,-0.85009,0.052239
-0.0044017,0.79887,-0.0569,0.0051363,0.60893,-0.0032,-0.20216,0.48052,0.004471,0.19744,0.48948,-0.002341,-0.32901,0.22836,0.040347,0.31021,0.21894,0.02274,-0.49882,0.083476,0.044143,0.44859,0.04661,-0.050529,0.0015706,0.23056,0.034605,0,0.156,0,-0.09316,0.064232,-0.00296,0.091006,0.068407,-0.000967,-0.11215,-0.42284,-0.034396,0.091802,-0.39238,-0.097002,-0.044632,-0.82343,0.096916,0.045395,-0.80352,0.080304
-0.0050567,0.81126,-0.058719,0.0052226,0.61388,-0.005656,-0.20168,0.48964,0.005867,0.1996,0.49573,0.000195,-0.32816,0.24208,0.039072,0.31269,0.22727,0.021424,-0.49978,0.099326,0.042865,0.45929,0.060099,-0.046239,0.0014105,0.238,0.031219,0,0.16378,0,-0.0931,0.071219,-0.002633,0.091063,0.075255,-0.000486,-0.1131,-0.41714,-0.034596,0.094182,-0.388,-0.097895,-0.045313,-0.79942,0.11823,0.052114,-0.79164,0.081251
-0.0040407,0.81669,-0.059563,0.0054328,0.61912,-0.004764,-0.20136,0.49354,0.008499,0.20061,0.49769,0.000597,-0.33212,0.24671,0.043559,0.32012,0.23008,0.021193,-0.52493,0.12743,0.029963,0.47222,0.077828,-0.055013,0.0015587,0.24103,0.028808,0,0.16638,0,-0.09326,0.073719,-0.002776,0.091138,0.077551,-0.000629,-0.11336,-0.42148,-0.031932,0.095068,-0.39424,-0.094091,-0.044964,-0.81878,0.095696,0.05588,-0.79824,0.073779
-0.0035423,0.81684,-0.057145,0.0056803,0.61894,-0.002811,-0.20131,0.4927,0.009891,0.20054,0.49762,0.001309,-0.33568,0.24888,0.046087,0.32274,0.23153,0.021222,-0.52957,0.13562,0.031706,0.4827,0.085768,-0.062817,0.0016035,0.2396,0.02712,0,0.16441,0,-0.093,0.071777,-0.003272,0.090755,0.075649,-0.00116,-0.10298,-0.50565,0.009886,0.096931,-0.48416,-0.048939,-0.038628,-0.87754,0.065402,0.060073,-0.87568,0.028916
-0.0054467,0.80205,-0.051053,0.0050366,0.60958,0.008579,-0.20159,0.47762,0.014573,0.19908,0.48472,0.005042,-0.3485,0.24296,0.049121,0.32856,0.22637,0.020587,-0.56527,0.1369,0.018175,0.5055,0.081036,-0.08924,0.0014793,0.21639,0.028865,0,0.13791,0,-0.090476,0.045242,-0.006581,0.088013,0.050506,-0.003492,-0.097635,-0.55787,0.030598,0.10321,-0.52878,-0.031462,-0.058472,-0.95181,0.067356,0.067554,-0.94266,0.02198
-0.0075688,0.76002,-0.02789,0.0070333,0.57067,0.023541,-0.20349,0.43464,0.021249,0.20583,0.43034,0.008491,-0.37103,0.21266,0.048582,0.33661,0.19942,0.017677,-0.57637,0.12928,0.001889,0.50627,0.069847,-0.10291,0.0021464,0.1805,0.031306,0,0.10598,0,-0.091831,0.011964,-0.010093,0.089731,0.013601,-0.004805,-0.10133,-0.55763,0.031814,0.10553,-0.54142,-0.023522,-0.064237,-0.966,0.095141,0.076845,-0.94409,0.026606
-0.012765,0.72377,-0.021859,-0.0028699,0.52154,0.027269,-0.20826,0.38686,0.026873,0.20896,0.39606,0.017886,-0.38699,0.16808,0.043843,0.34063,0.147,0.000869,-0.60887,0.095706,-0.024899,0.53067,0.032704,-0.14457,0.0003627,0.13946,0.033081,0,0.06577,0,-0.092024,-0.027677,-0.011459,0.093432,-0.030144,-0.005301,-0.10511,-0.56441,0.027235,0.10552,-0.56087,-0.023042,-0.065714,-0.98764,0.12837,0.075593,-0.95614,0.037914
-0.010595,0.67386,-0.004982,-0.0049697,0.46234,0.028126,-0.21321,0.32613,0.030125,0.21324,0.33233,0.025248,-0.39361,0.12013,0.017749,0.34762,0.097754,-0.022957,-0.61281,0.074046,-0.032556,0.53854,0.0057753,-0.17037,-0.0004118,0.083579,0.03435,0,0.011486,0,-0.093134,-0.085662,-0.01198,0.095241,-0.082531,-0.005954,-0.11808,-0.59099,-0.004194,0.11258,-0.57206,-0.046633,-0.064074,-0.98732,0.12286,0.07784,-0.96004,0.041157
-0.0091578,0.64388,-0.006519,-0.0007773,0.44739,0.031829,-0.20622,0.31085,0.029461,0.2099,0.31488,0.030054,-0.38835,0.10845,0.018181,0.3518,0.082289,-0.025738,-0.60716,0.043723,-0.040126,0.53701,-0.0056603,-0.17061,-2.59e-05,0.061477,0.036381,0,-0.011994,0,-0.092501,-0.10359,-0.012989,0.092632,-0.10145,-0.005734,-0.11921,-0.59237,-0.003654,0.1141,-0.57674,-0.061984,-0.064724,-0.98688,0.12178,0.078511,-0.98052,0.071931
-0.0085854,0.64314,-0.007771,-0.0009033,0.44729,0.031546,-0.20589,0.31098,0.02915,0.21088,0.3144,0.031998,-0.38128,0.10474,0.019234,0.35177,0.081337,-0.025329,-0.58909,0.02108,-0.040844,0.53238,-0.011752,-0.1704,-0.0002867,0.061487,0.037434,0,-0.011752,0,-0.092592,-0.10359,-0.012975,0.092774,-0.10147,-0.005665,-0.11971,-0.59199,0.003027,0.114,-0.57521,-0.056186,-0.064582,-0.98542,0.12011,0.078282,-0.97206,0.064164
-0.0075635,0.67178,-0.021091,-0.0033393,0.4698,0.028198,-0.20772,0.33953,0.026903,0.20667,0.35018,0.029082,-0.36652,0.12002,0.024579,0.33836,0.1095,-0.008326,-0.56027,0.011175,-0.031168,0.48753,-0.0070889,-0.14524,-0.0007282,0.096506,0.037441,0,0.026505,0,-0.09233,-0.068846,-0.012126,0.093038,-0.06614,-0.005566,-0.11176,-0.57859,0.025753,0.10201,-0.57499,-0.024406,-0.067071,-0.98183,0.11383,0.071115,-0.96615,0.054281
-0.0097922,0.72708,-0.036217,-0.0055935,0.53272,0.01773,-0.20236,0.39842,0.005372,0.20455,0.40884,0.01077,-0.3545,0.14894,0.021791,0.33054,0.14745,-0.003761,-0.53373,0.016976,-0.01802,0.47629,0.0036887,-0.12579,-0.0011656,0.14546,0.035887,0,0.068352,0,-0.089757,-0.022704,-0.00812,0.092468,-0.017757,-0.003454,-0.1016,-0.57548,0.033236,0.096376,-0.56802,-0.020031,-0.063532,-0.97283,0.089127,0.063626,-0.95303,0.039021
-0.007869,0.7583,-0.050202,0.00026516,0.56482,-0.000614,-0.2052,0.43265,-0.00592,0.19918,0.4391,-0.004411,-0.34808,0.1785,0.015661,0.31925,0.18958,0.000656,-0.52533,0.026591,-0.021278,0.45964,0.029444,-0.10548,-0.00041672,0.17943,0.029962,0,0.10614,0,-0.09147,0.011192,-0.00508,0.090981,0.017446,-0.000711,-0.097234,-0.5528,0.017901,0.089234,-0.51062,-0.042549,-0.047898,-0.94125,0.057477,0.027269,-0.93246,0.042924
-0.0076448,0.77289,-0.064747,0.00010962,0.57804,-0.014104,-0.20376,0.44577,-0.019296,0.19873,0.45673,-0.017587,-0.34478,0.18928,0.00533,0.31992,0.19268,-0.009096,-0.51743,0.046678,-0.000996,0.46585,0.033871,-0.10875,-0.00023592,0.20386,0.024439,0,0.12898,0,-0.093298,0.038097,0.00058,0.093118,0.043174,0.002426,-0.10481,-0.46108,-0.033266,0.088856,-0.42767,-0.10244,-0.045731,-0.85654,0.07952,0.041972,-0.85116,0.048178
-0.00062871,0.79086,-0.066047,-0.0014552,0.59321,-0.017209,-0.20274,0.45287,-0.022277,0.1983,0.46456,-0.018085,-0.34249,0.2096,0.00522,0.3184,0.20318,-0.009505,-0.51608,0.067923,-0.006452,0.47401,0.053069,-0.10418,-0.0005491,0.21292,0.021159,0,0.13693,0,-0.092995,0.04436,-0.000725,0.093276,0.050947,0.003503,-0.11849,-0.41105,-0.059259,0.092374,-0.39823,-0.11577,-0.040874,-0.81005,0.11061,0.067188,-0.79669,0.067412
0.00066897,0.79735,-0.068471,0.0013824,0.60124,-0.014643,-0.19971,0.46404,-0.018285,0.20144,0.47918,-0.009717,-0.3502,0.21993,0.010214,0.31808,0.21411,-0.009126,-0.5337,0.091382,0.000525,0.47247,0.071421,-0.10089,-0.00031579,0.22179,0.018904,0,0.14601,0,-0.093205,0.053467,-0.001873,0.09248,0.058334,0.00282,-0.1195,-0.41143,-0.060343,0.090575,-0.39615,-0.11622,-0.037478,-0.81062,0.10311,0.066407,-0.7906,0.064125
0.0032625,0.80397,-0.067396,0.006777,0.60755,-0.008039,-0.19798,0.46758,-0.016087,0.20397,0.48195,-0.004813,-0.35279,0.23043,0.013756,0.3213,0.21847,-0.007317,-0.54661,0.11806,-0.005706,0.47935,0.079954,-0.099316,7.387e-05,0.22417,0.017671,0,0.1483,0,-0.093505,0.055729,-0.002993,0.091986,0.060491,0.002442,-0.11213,-0.4346,-0.039568,0.085282,-0.4168,-0.097166,-0.038862,-0.83102,0.070061,0.0604,-0.8055,0.048678
0.0049962,0.80398,-0.063866,0.0091234,0.60681,-0.001892,-0.19584,0.46935,-0.012676,0.20559,0.48009,-0.001703,-0.35486,0.23326,0.015197,0.32276,0.21807,-0.00552,-0.55466,0.13266,-0.012642,0.50139,0.082127,-0.1063,0.00021733,0.22293,0.017351,0,0.14696,0,-0.092604,0.05424,-0.00447,0.090939,0.058546,0.001197,-0.092685,-0.50687,-0.007234,0.085704,-0.48245,-0.063242,-0.045415,-0.89484,0.040497,0.048437,-0.87768,0.020239
0.0034748,0.78721,-0.051712,0.011009,0.58682,0.013598,-0.19706,0.4614,-0.004111,0.209,0.46296,0.010043,-0.36976,0.22801,0.017442,0.33258,0.2068,-0.00014,-0.57597,0.13147,-0.021158,0.51511,0.069061,-0.11699,0.00062608,0.2031,0.020889,0,0.12728,0,-0.091706,0.032817,-0.008282,0.088712,0.03805,-0.002153,-0.080053,-0.56118,0.013171,0.090329,-0.54261,-0.041339,-0.051597,-0.95379,0.032238,0.046115,-0.94347,0.016254
0.0037112,0.74989,-0.025906,0.0047716,0.54941,0.025236,-0.20605,0.41,0.012711,0.21045,0.41317,0.019183,-0.39244,0.18086,0.024505,0.33464,0.16515,0.000782,-0.59904,0.11031,-0.040431,0.51015,0.038011,-0.12707,0.0004469,0.1654,0.024941,0,0.091222,0,-0.09289,-0.0010525,-0.010753,0.092088,-0.0064392,-0.00532,-0.087345,-0.56885,0.013484,0.087002,-0.55045,-0.039492,-0.054056,-0.97807,0.066967,0.054613,-0.95021,0.021255
-0.0037053,0.69466,-0.022539,0.0033048,0.49362,0.040752,-0.2015,0.36082,0.02242,0.20871,0.375,0.026742,-0.38694,0.1595,0.020315,0.32388,0.12132,-0.003543,-0.60356,0.060413,-0.062238,0.51888,-0.0099656,-0.13651,0.00038211,0.11121,0.030401,0,0.038565,0,-0.09246,-0.053067,-0.016418,0.091043,-0.050721,-0.005715,-0.098256,-0.57191,0.001283,0.087069,-0.5634,-0.047335,-0.055331,-0.98054,0.075097,0.056992,-0.97855,0.048501
-0.0039061,0.64709,-0.012188,0.004141,0.45359,0.042064,-0.1948,0.30503,0.02166,0.20218,0.31054,0.024827,-0.38955,0.097005,0.010871,0.33316,0.066918,0.003099,-0.60796,0.027379,-0.070954,0.51894,-0.045947,-0.152,0.00055595,0.054408,0.033323,0,-0.020441,0,-0.090908,-0.10931,-0.016198,0.089229,-0.10924,-0.00538,-0.12501,-0.59698,-0.033367,0.095001,-0.58749,-0.076892,-0.058417,-0.98153,0.068526,0.057994,-0.9827,0.044149
-0.0049593,0.63786,-0.012035,0.0032602,0.4282,0.043253,-0.19622,0.30001,0.026545,0.20312,0.29719,0.031336,-0.38462,0.079212,0.01928,0.34025,0.052728,0.00666,-0.5926,0.0072541,-0.058453,0.51856,-0.069305,-0.14763,0.00023193,0.046283,0.035675,0,-0.026319,0,-0.091241,-0.116,-0.015931,0.089716,-0.11591,-0.005947,-0.12664,-0.59773,-0.03309,0.095839,-0.58942,-0.078728,-0.06183,-0.98568,0.069306,0.058236,-0.98254,0.043477
-0.0047432,0.63659,-0.012636,0.003905,0.42948,0.043562,-0.19535,0.30033,0.027012,0.20414,0.29886,0.032904,-0.38568,0.077116,0.021381,0.3401,0.054728,0.009075,-0.58926,-0.013846,-0.047262,0.50687,-0.079136,-0.13451,0.00016634,0.04616,0.037751,0,-0.026187,0,-0.091252,-0.11588,-0.015981,0.089655,-0.11562,-0.005919,-0.12861,-0.59634,-0.027124,0.098169,-0.58825,-0.07519,-0.062123,-0.98389,0.069777,0.058378,-0.9824,0.04325
-0.0046182,0.66933,-0.021355,-0.00093499,0.48487,0.041826,-0.19115,0.3532,0.032235,0.19861,0.35637,0.034376,-0.35173,0.11576,0.028557,0.32559,0.09117,0.014954,-0.54475,-0.0061699,-0.002804,0.48077,-0.071243,-0.089449,-0.00024648,0.091775,0.039436,0,0.018004,0,-0.088044,-0.067486,-0.014209,0.089271,-0.066186,-0.006088,-0.11594,-0.57736,0.008216,0.094025,-0.57971,-0.0602,-0.067719,-0.97928,0.063835,0.051956,-0.98066,0.034144
-0.0053025,0.71386,-0.035133,0.0030017,0.52225,0.027115,-0.19303,0.40542,0.020939,0.19787,0.40475,0.017429,-0.33899,0.14858,0.02782,0.31604,0.14288,0.022543,-0.52538,0.005962,0.013212,0.45719,-0.022193,-0.047241,0.00087497,0.13847,0.037275,0,0.066387,0,-0.087746,-0.02266,-0.009947,0.086383,-0.02365,-0.006465,-0.10365,-0.57206,0.021959,0.093476,-0.56901,-0.041127,-0.067097,-0.96826,0.051295,0.056851,-0.95164,0.006862
-0.0086318,0.75511,-0.044259,-0.002263,0.55843,0.019509,-0.20151,0.42768,0.012051,0.19831,0.44138,0.011368,-0.34324,0.17457,0.028556,0.3137,0.16467,0.029776,-0.51818,0.036662,0.039856,0.45157,-0.0014317,-0.045003,-0.00015884,0.17453,0.036201,0,0.10055,0,-0.089125,0.0061995,-0.008594,0.090329,0.01503,-0.004749,-0.099655,-0.56334,0.021445,0.090941,-0.54682,-0.042627,-0.065271,-0.9586,0.03667,0.032769,-0.91561,-0.003446
-0.011159,0.76711,-0.053257,0.0038294,0.59235,0.014824,-0.19974,0.4577,0.0035,0.19679,0.45502,0.002774,-0.34176,0.22491,0.027942,0.31591,0.19498,0.023522,-0.5124,0.06621,0.035285,0.46462,0.0323,-0.031854,0.00053874,0.20004,0.034725,0,0.12465,0,-0.08998,0.037107,-0.005184,0.089252,0.035685,-0.004874,-0.096748,-0.50559,0.003098,0.09141,-0.49103,-0.057614,-0.055763,-0.88785,0.049012,0.05126,-0.88879,0.008897
-0.010908,0.77945,-0.061244,0.004297,0.59521,0.006191,-0.19762,0.47622,0.003203,0.19741,0.46984,-0.00187,-0.33926,0.23686,0.023707,0.32717,0.21865,0.021725,-0.5145,0.098901,0.032778,0.4792,0.044744,-0.040102,0.0012312,0.21454,0.030997,0,0.14153,0,-0.09148,0.052426,-0.004182,0.089479,0.054414,-0.002381,-0.099065,-0.44864,-0.023909,0.09566,-0.42641,-0.080417,-0.042426,-0.83733,0.08677,0.066973,-0.83583,0.038857
-0.0082804,0.79036,-0.063909,0.004893,0.60103,0.003345,-0.19591,0.48373,0.006795,0.19976,0.47676,-0.000625,-0.33921,0.25054,0.028801,0.32947,0.224,0.018103,-0.52523,0.12609,0.028437,0.49275,0.073095,-0.025267,0.0015238,0.22431,0.029528,0,0.15062,0,-0.09189,0.061063,-0.003761,0.089599,0.062272,-0.003064,-0.10074,-0.43676,-0.034469,0.095121,-0.42278,-0.085161,-0.038132,-0.82231,0.11009,0.07103,-0.82053,0.039842
-0.0089381,0.7937,-0.063213,0.0051216,0.60396,0.003513,-0.19764,0.48504,0.010031,0.20214,0.48028,0.001065,-0.35024,0.25516,0.034584,0.33645,0.22822,0.024569,-0.57305,0.144,0.043409,0.49414,0.075261,-0.034628,0.0016333,0.22728,0.02821,0,0.15346,0,-0.09249,0.062699,-0.003703,0.089949,0.064409,-0.003795,-0.10124,-0.43763,-0.034165,0.095198,-0.42388,-0.083399,-0.04005,-0.82475,0.10627,0.072665,-0.81975,0.048729
-0.012746,0.78999,-0.060758,0.0004079,0.59861,0.005859,-0.20053,0.47606,0.01239,0.20031,0.47891,0.001131,-0.35534,0.25511,0.03712,0.34778,0.22319,0.025672,-0.57813,0.14532,0.034784,0.51261,0.062058,-0.063248,0.00088209,0.22219,0.027427,0,0.14833,0,-0.090499,0.055155,-0.000892,0.091223,0.059394,-0.00603,-0.097443,-0.49858,0.003152,0.098305,-0.4879,-0.050294,-0.031827,-0.89441,0.087486,0.0837,-0.88989,0.035358
-0.016047,0.77592,-0.05782,0.001265,0.58061,0.011949,-0.20554,0.45501,0.021008,0.20021,0.45707,0.002288,-0.36435,0.23875,0.040067,0.3411,0.21333,0.022259,-0.58407,0.14472,0.026002,0.50947,0.058481,-0.072979,0.0015534,0.19891,0.028235,0,0.12444,0,-0.090913,0.029738,0.000175,0.09057,0.035793,-0.010421,-0.096884,-0.53821,0.012864,0.10253,-0.51572,-0.041019,-0.034893,-0.94692,0.095947,0.08844,-0.90935,0.042347
-0.012292,0.72744,-0.043808,5.722e-05,0.54091,0.020344,-0.20073,0.41106,0.026596,0.20983,0.40452,0.011547,-0.372,0.20062,0.02982,0.3485,0.16185,0.022477,-0.60896,0.10069,0.001392,0.50859,0.031929,-0.097215,0.0010608,0.15713,0.030166,0,0.083043,0,-0.091128,-0.010634,-0.001549,0.091212,-0.0080942,-0.012234,-0.09893,-0.5552,0.010159,0.10494,-0.53518,-0.040431,-0.047254,-0.96967,0.10481,0.094173,-0.9376,0.046125
-0.017159,0.68853,-0.036737,0.0034088,0.48938,0.026167,-0.21071,0.35421,0.028078,0.20252,0.36494,0.016384,-0.37641,0.14849,0.028205,0.33092,0.10886,0.011192,-0.60189,0.063023,-0.015834,0.50965,-0.0094648,-0.13079,0.0015308,0.10723,0.032191,0,0.03427,0,-0.093627,-0.06151,-0.003605,0.09209,-0.054493,-0.012915,-0.10718,-0.56706,0.006506,0.1096,-0.55496,-0.046426,-0.057095,-0.9701,0.10931,0.10507,-0.952,0.056374
-0.016512,0.6516,-0.017442,-0.012121,0.4442,0.039966,-0.20712,0.31901,0.031867,0.20454,0.31563,0.034378,-0.37566,0.11712,0.029116,0.34265,0.088556,0.005973,-0.59347,0.033889,-0.019061,0.50965,-0.018944,-0.13609,-0.0018257,0.072177,0.036097,0,0.0018393,0,-0.090162,-0.091541,-0.009208,0.093932,-0.088198,-0.011269,-0.1138,-0.58942,0.003399,0.11599,-0.56173,-0.054768,-0.05371,-0.98277,0.13209,0.10283,-0.95332,0.051865
-0.0152,0.64501,-0.014219,-0.01004,0.44197,0.039242,-0.20763,0.31039,0.033918,0.2016,0.31402,0.033418,-0.37421,0.10072,0.028909,0.34186,0.083578,0.005985,-0.59547,-0.00032271,-0.016045,0.50385,-0.025686,-0.13971,-0.0011967,0.06516,0.038106,0,-0.0058878,0,-0.090019,-0.099238,-0.00967,0.092928,-0.093398,-0.011702,-0.11559,-0.59081,0.004557,0.11776,-0.56728,-0.056201,-0.052908,-0.97649,0.12511,0.097716,-0.95738,0.054358
-0.015131,0.64715,-0.015948,-0.0089463,0.44728,0.036824,-0.20643,0.31819,0.034903,0.2005,0.32104,0.033633,-0.36891,0.10325,0.028061,0.34196,0.088797,0.00966,-0.56143,-0.011819,0.015798,0.4893,-0.033875,-0.13633,-0.0011663,0.068867,0.039305,0,-0.0020775,0,-0.09003,-0.095324,-0.010109,0.093156,-0.089192,-0.009655,-0.10476,-0.58199,0.031433,0.11999,-0.5659,-0.050514,-0.054728,-0.9749,0.12608,0.10017,-0.95716,0.057068
-0.022854,0.69246,-0.042554,0.0043382,0.50475,0.017024,-0.20813,0.38411,0.02913,0.19444,0.39644,0.025836,-0.3439,0.14803,0.017681,0.32452,0.14093,0.015859,-0.52204,0.0084741,0.007591,0.46723,-0.015185,-0.11573,0.0010939,0.12937,0.035881,0,0.057303,0,-0.091407,-0.035179,-0.004829,0.089654,-0.031033,-0.00778,-0.096474,-0.56644,0.043663,0.11707,-0.54703,-0.028689,-0.055311,-0.9666,0.10145,0.094925,-0.94647,0.035688
-0.02149,0.73594,-0.06794,-0.002047,0.55464,0.005058,-0.20766,0.41413,0.011496,0.19223,0.43892,0.00901,-0.33816,0.16665,0.018297,0.31854,0.16656,0.013932,-0.51586,0.017716,0.021916,0.46232,0.010149,-0.094575,9.871e-05,0.16784,0.032498,0,0.092683,0,-0.089264,-0.0020113,-0.000848,0.089581,0.0093316,-0.006524,-0.089527,-0.56336,0.050699,0.11452,-0.54394,-0.028963,-0.066193,-0.95682,0.072812,0.095573,-0.92586,0.014662
-0.021074,0.74958,-0.082956,-0.0039088,0.56216,-0.007752,-0.20703,0.44026,-0.002391,0.19244,0.45382,-0.001455,-0.33483,0.21099,0.012767,0.31989,0.20444,0.021333,-0.51356,0.038376,0.038679,0.46295,0.039013,-0.064065,-0.00078438,0.19075,0.026361,0,0.11849,0,-0.090174,0.026129,0.002988,0.091398,0.032019,-0.003952,-0.092653,-0.54251,0.038381,0.1173,-0.47092,-0.062974,-0.049765,-0.92436,0.082459,0.077234,-0.87437,0.010237
-0.01914,0.7724,-0.095991,-0.0043257,0.58488,-0.020512,-0.20596,0.4611,-0.01659,0.19556,0.46986,-0.010753,-0.32985,0.2288,-5.9e-05,0.32064,0.21704,0.014079,-0.50134,0.082208,0.027749,0.46885,0.049717,-0.063667,-0.0011702,0.21815,0.021938,0,0.14385,0,-0.091498,0.049913,0.004209,0.093255,0.05715,-0.001057,-0.099596,-0.46691,-0.009359,0.11728,-0.41681,-0.091005,-0.03261,-0.8424,0.11103,0.086381,-0.82007,0.019493
-0.018285,0.78001,-0.10335,-0.0039864,0.59085,-0.024653,-0.20818,0.47506,-0.014716,0.19717,0.48871,-0.005605,-0.33148,0.24172,-0.001756,0.32384,0.22564,0.012311,-0.50688,0.10791,0.024736,0.47694,0.070921,-0.056131,-0.001248,0.22983,0.018299,0,0.15705,0,-0.091556,0.061785,0.003338,0.093086,0.069362,0.000135,-0.10583,-0.42488,-0.038258,0.11629,-0.40562,-0.098694,-0.035114,-0.81841,0.12153,0.083229,-0.77319,0.041996
-0.01499,0.78951,-0.098546,-0.0038991,0.5998,-0.011783,-0.21088,0.48192,-0.00819,0.19777,0.49497,0.00063,-0.3348,0.24994,-0.001035,0.32227,0.23544,0.01305,-0.53995,0.1284,0.024455,0.47727,0.078523,-0.058371,-0.0011369,0.23504,0.017609,0,0.16239,0,-0.091641,0.065788,0.000569,0.093194,0.073867,0.000257,-0.10615,-0.42354,-0.042451,0.11347,-0.39957,-0.098909,-0.036963,-0.8083,0.12634,0.082474,-0.77289,0.037764
-0.012552,0.7902,-0.088742,-0.0037429,0.59854,-0.005398,-0.21005,0.48192,-0.004037,0.19811,0.49444,0.003474,-0.34629,0.24844,0.005067,0.3232,0.23581,0.013882,-0.57611,0.1301,0.004937,0.49067,0.085632,-0.060179,-0.00097244,0.23428,0.017053,0,0.16207,0,-0.091685,0.065831,-0.000263,0.093062,0.073431,-2.3e-05,-0.10322,-0.43981,-0.032874,0.10849,-0.41305,-0.08823,-0.039524,-0.81828,0.12609,0.08043,-0.80897,0.031255
-0.012338,0.78218,-0.076348,-0.0026448,0.58732,0.005636,-0.20791,0.47248,0.003431,0.20502,0.47433,0.015259,-0.36763,0.23968,0.009234,0.34584,0.22118,0.022776,-0.59208,0.1313,-0.02223,0.50505,0.080415,-0.076382,-0.0010469,0.22064,0.018901,0,0.14812,0,-0.090987,0.054403,-0.004053,0.091827,0.055654,-0.001897,-0.094898,-0.52805,0.006052,0.11039,-0.49883,-0.047473,-0.037747,-0.9177,0.10844,0.077171,-0.88888,0.037856
-0.016492,0.75708,-0.054061,-0.0051891,0.57428,0.012866,-0.20872,0.44105,0.013623,0.20469,0.45015,0.024418,-0.37933,0.22209,0.00433,0.35388,0.1925,0.025846,-0.60661,0.11294,-0.046067,0.50983,0.063993,-0.092061,-0.0015269,0.18992,0.021673,0,0.11345,0,-0.090379,0.017011,-0.008445,0.092252,0.024295,-0.004166,-0.098363,-0.53475,0.001403,0.12215,-0.52664,-0.033638,-0.05344,-0.95187,0.10632,0.087572,-0.90648,0.02775
-0.015074,0.71278,-0.044629,-0.0024355,0.52385,0.022534,-0.21206,0.40683,0.017182,0.2073,0.40167,0.029155,-0.37518,0.18363,-0.006441,0.35182,0.16455,0.017971,-0.58984,0.083493,-0.064109,0.51604,0.023647,-0.099509,-0.0011237,0.14829,0.024332,0,0.076449,0,-0.091076,-0.018103,-0.012284,0.092361,-0.02033,-0.002017,-0.099898,-0.56752,0.000462,0.12657,-0.54775,-0.027762,-0.057848,-0.97855,0.12579,0.10769,-0.96033,0.052225
-0.014719,0.66586,-0.038329,-0.0047804,0.47888,0.026364,-0.21121,0.3424,0.011908,0.20075,0.34717,0.034294,-0.381,0.13938,-0.011949,0.3464,0.11058,0.005743,-0.58572,0.040561,-0.081855,0.51787,-0.024766,-0.13668,-0.0021413,0.093025,0.026732,0,0.018919,0,-0.090392,-0.076188,-0.012832,0.092329,-0.070856,-0.003697,-0.10144,-0.57339,-0.006566,0.12613,-0.55101,-0.034899,-0.067033,-0.98298,0.13962,0.10179,-0.9504,0.053298
-0.015139,0.65034,-0.035345,-0.0093225,0.45531,0.02968,-0.20887,0.32427,0.014082,0.19708,0.31997,0.042423,-0.38263,0.11244,-0.011211,0.34758,0.082417,0.016772,-0.6111,-0.0037428,-0.088049,0.5169,-0.035194,-0.14062,-0.0033666,0.075638,0.028928,0,0.0026042,0,-0.089145,-0.089553,-0.013387,0.092278,-0.08559,-0.004074,-0.10422,-0.58136,-0.004593,0.12614,-0.55607,-0.039872,-0.067657,-0.98527,0.14731,0.098595,-0.94906,0.057203
-0.015329,0.64921,-0.034164,-0.0096225,0.45515,0.029234,-0.20889,0.3243,0.014321,0.19798,0.31959,0.043623,-0.38033,0.10526,-0.009335,0.34564,0.082398,0.021978,-0.59004,-0.013606,-0.080556,0.50024,-0.046853,-0.12779,-0.0036218,0.075365,0.030467,0,0.0025083,0,-0.089166,-0.089799,-0.013704,0.092666,-0.086144,-0.003323,-0.10586,-0.5869,0.018663,0.1277,-0.55854,-0.037699,-0.067423,-0.97985,0.15055,0.097043,-0.95142,0.060489
-0.013247,0.66742,-0.039763,-0.0070032,0.47654,0.019937,-0.20975,0.35089,0.010121,0.19811,0.35083,0.036592,-0.36303,0.11818,-0.017662,0.32172,0.12458,0.039121,-0.54633,-0.011168,-0.036056,0.4698,-0.027466,-0.098219,-0.0029894,0.098296,0.02936,0,0.025661,0,-0.089664,-0.067654,-0.011677,0.092383,-0.064076,-0.002101,-0.09872,-0.58043,0.035371,0.12684,-0.55815,-0.030114,-0.065628,-0.97966,0.14113,0.097101,-0.94956,0.04856
-0.016336,0.72277,-0.058152,-0.010429,0.54089,0.011406,-0.20626,0.41809,-0.001444,0.20141,0.41664,0.023923,-0.34438,0.16361,-0.026949,0.32413,0.15287,0.037673,-0.52477,0.0017235,-0.030318,0.45907,-0.0029097,-0.065269,-0.0035381,0.15846,0.027846,0,0.083957,0,-0.088422,-0.0084753,-0.007371,0.092603,-0.0068062,-0.002887,-0.09045,-0.56746,0.043917,0.11643,-0.56193,-0.023723,-0.060049,-0.96435,0.10131,0.094258,-0.9389,0.024649
-0.017867,0.75855,-0.060555,-0.011201,0.56613,0.005158,-0.20822,0.4375,-0.009448,0.19256,0.45196,0.015133,-0.33904,0.20194,-0.028074,0.3164,0.19649,0.043915,-0.51858,0.015081,-0.027132,0.45864,0.019004,-0.055333,-0.0035379,0.18304,0.025844,0,0.10802,0,-0.088214,0.013886,-0.005166,0.092759,0.024911,-0.00155,-0.090463,-0.56427,0.038558,0.10438,-0.53042,-0.029362,-0.035358,-0.91663,0.096085,0.073262,-0.92311,0.010964
-0.016613,0.77275,-0.0729,-0.01033,0.57941,-0.007536,-0.2063,0.45798,-0.021498,0.19207,0.46588,0.001857,-0.33552,0.22581,-0.037318,0.31924,0.20674,0.037646,-0.51137,0.068116,-0.019228,0.46579,0.045426,-0.036167,-0.0031787,0.20906,0.020949,0,0.13624,0,-0.088394,0.042312,-0.001318,0.092478,0.05292,-0.000405,-0.089655,-0.50971,-0.002679,0.1089,-0.44748,-0.084947,-0.036039,-0.89504,0.085475,0.057685,-0.82586,0.030972
-0.017832,0.78977,-0.080583,-0.011138,0.59641,-0.011853,-0.20863,0.46513,-0.02389,0.19066,0.47863,0.002231,-0.34112,0.24147,-0.03164,0.32127,0.22669,0.039457,-0.51125,0.090081,-0.020254,0.46991,0.061052,-0.031162,-0.0033369,0.22396,0.018402,0,0.14966,0,-0.089243,0.054168,-0.001382,0.093655,0.065177,0.000516,-0.10653,-0.42707,-0.043582,0.11781,-0.3864,-0.11153,-0.038028,-0.81142,0.12042,0.05349,-0.78557,0.05669
-0.016782,0.79938,-0.076318,-0.0089967,0.60637,-0.010285,-0.21244,0.4768,-0.017352,0.19178,0.48851,0.007713,-0.34558,0.24849,-0.02755,0.3217,0.23124,0.040514,-0.53504,0.11497,-0.022256,0.47693,0.074028,-0.025875,-0.0028082,0.23349,0.016777,0,0.1592,0,-0.090261,0.062819,-0.002122,0.094089,0.07259,0.000353,-0.10589,-0.42482,-0.047513,0.11844,-0.38634,-0.11341,-0.041015,-0.81137,0.12026,0.050087,-0.79002,0.064273
-0.016239,0.80149,-0.07277,-0.0085701,0.61371,-0.003663,-0.21123,0.48064,-0.012184,0.19282,0.49714,0.015969,-0.35641,0.25399,-0.023525,0.32348,0.23483,0.042123,-0.58783,0.12998,-0.031783,0.48096,0.078171,-0.026458,-0.0028644,0.23655,0.016374,0,0.16203,0,-0.090334,0.066007,-0.002923,0.093715,0.075624,-0.000122,-0.10567,-0.42524,-0.047769,0.11054,-0.39207,-0.10982,-0.044035,-0.8147,0.12033,0.054331,-0.78839,0.060529
-0.01649,0.80115,-0.056422,-0.0074436,0.60872,0.005862,-0.21099,0.47979,-0.00746,0.1923,0.49318,0.0216,-0.37619,0.24822,-0.017449,0.32494,0.23467,0.043252,-0.60212,0.13746,-0.039631,0.48755,0.079558,-0.034439,-0.0027502,0.23341,0.017281,0,0.15918,0,-0.090331,0.063672,-0.004478,0.093298,0.072293,-0.001039,-0.1058,-0.50198,-0.009746,0.096354,-0.44737,-0.082411,-0.056995,-0.8836,0.10422,0.059042,-0.84326,0.043815
-0.01367,0.78663,-0.045166,-0.009189,0.59039,0.024683,-0.20793,0.46276,-0.000333,0.19902,0.47254,0.041246,-0.38559,0.2386,-0.018432,0.32906,0.2321,0.044408,-0.61824,0.1342,-0.070072,0.5021,0.064355,-0.051448,-0.0036429,0.20768,0.022862,0,0.13238,0,-0.088402,0.036365,-0.012309,0.09184,0.043511,-0.002817,-0.10629,-0.55312,0.004218,0.11035,-0.51862,-0.060126,-0.074732,-0.94499,0.1009,0.080942,-0.91174,0.027129
-0.0013236,0.74573,-0.006622,-0.0026489,0.56192,0.04135,-0.20547,0.42274,0.005324,0.20141,0.42615,0.053104,-0.38689,0.21228,-0.021803,0.32808,0.18007,0.0428,-0.61075,0.10714,-0.083243,0.51051,0.033483,-0.08657,-0.0033085,0.17161,0.028909,0,0.096989,0,-0.088993,0.004929,-0.0171,0.090028,0.0083282,-0.004535,-0.10567,-0.55427,0.002006,0.11205,-0.52255,-0.059994,-0.078185,-0.95321,0.10067,0.085312,-0.91607,0.025205
-0.0042498,0.69522,-0.000853,-0.0060702,0.49295,0.050126,-0.20485,0.36494,0.008254,0.2081,0.36675,0.061925,-0.39116,0.15594,-0.030706,0.32446,0.12039,0.034821,-0.61672,0.054422,-0.099847,0.51525,-0.010399,-0.11297,-0.0045658,0.11349,0.032946,0,0.042365,0,-0.090481,-0.051116,-0.021551,0.092969,-0.048896,-0.004815,-0.10989,-0.56761,-0.014121,0.11449,-0.55162,-0.06058,-0.083827,-0.95972,0.098003,0.083497,-0.95913,0.05274
-0.010306,0.65247,0.00343,-0.014258,0.45628,0.056051,-0.2066,0.31283,0.004447,0.20304,0.31779,0.065759,-0.39378,0.1152,-0.03554,0.32486,0.075947,0.031826,-0.62079,0.014542,-0.11835,0.51454,-0.029061,-0.13171,-0.0068851,0.06702,0.036277,0,-0.0056439,0,-0.087797,-0.10017,-0.023443,0.093885,-0.092329,-0.00534,-0.11745,-0.5946,-0.033701,0.11379,-0.56897,-0.070684,-0.089465,-0.97566,0.10981,0.083967,-0.96021,0.047102
-0.0074255,0.63964,0.003268,-0.010516,0.43072,0.057884,-0.2071,0.30042,0.007673,0.20194,0.30966,0.065086,-0.39644,0.090928,-0.032659,0.32661,0.066282,0.028482,-0.60253,-0.0028053,-0.1078,0.51042,-0.05059,-0.13581,-0.0063407,0.053669,0.038716,0,-0.016027,0,-0.088211,-0.10974,-0.023442,0.093219,-0.10453,-0.005282,-0.12046,-0.60152,-0.033482,0.11222,-0.57121,-0.07296,-0.092061,-0.97524,0.10766,0.082281,-0.96233,0.045178
-0.006868,0.63857,0.002326,-0.010569,0.43086,0.057095,-0.20629,0.30136,0.008777,0.20148,0.30938,0.064907,-0.39271,0.090437,-0.032125,0.32615,0.06754,0.028867,-0.58736,-0.017112,-0.076902,0.50009,-0.058849,-0.13507,-0.006509,0.053584,0.040416,0,-0.01572,0,-0.088194,-0.10899,-0.023183,0.093087,-0.10406,-0.00469,-0.12245,-0.5981,-0.029851,0.11353,-0.57093,-0.071285,-0.091193,-0.97485,0.1098,0.080409,-0.95913,0.042997
0.0023447,0.68482,-0.007743,-0.010228,0.48199,0.051773,-0.20413,0.35686,0.002898,0.19843,0.36361,0.063211,-0.35805,0.12619,-0.026534,0.32393,0.10389,0.027839,-0.53996,-0.0050667,-0.049315,0.46726,-0.039017,-0.10427,-0.0069469,0.1018,0.041364,0,0.032432,0,-0.087611,-0.058107,-0.023561,0.091744,-0.057514,-0.002959,-0.11234,-0.56308,0.005415,0.12046,-0.55692,-0.061456,-0.08477,-0.96981,0.10151,0.085777,-0.95361,0.030167
0.0088887,0.73149,-0.017566,-0.00073223,0.54954,0.042469,-0.19938,0.41125,0.002545,0.1994,0.42429,0.053552,-0.33647,0.17957,-0.023519,0.31566,0.14376,0.031776,-0.52551,0.00777,-0.037693,0.45384,-0.019209,-0.060284,-0.0047651,0.15884,0.041663,0,0.086212,0,-0.088292,-0.0045151,-0.020235,0.088575,-0.0023792,-0.00169,-0.10141,-0.55151,0.034545,0.11008,-0.5397,-0.032605,-0.081349,-0.95324,0.088055,0.099956,-0.92282,0.015415
0.0062306,0.78145,-0.027815,-0.0031181,0.58001,0.030741,-0.20327,0.44718,-0.006301,0.19465,0.45739,0.042102,-0.34179,0.22873,-0.026808,0.30661,0.19448,0.045435,-0.51034,0.054895,0.004108,0.44493,0.01156,-0.028459,-0.0050999,0.19327,0.04038,0,0.12084,0,-0.087886,0.030583,-0.016014,0.08918,0.033427,-0.000985,-0.097505,-0.54508,0.03691,0.10534,-0.52933,-0.035035,-0.067597,-0.93992,0.10033,0.075626,-0.91063,0.013143
0.012104,0.7912,-0.033771,0.0020613,0.58888,0.021514,-0.199,0.4707,-0.007175,0.1997,0.47848,0.028626,-0.3381,0.2451,-0.013479,0.31335,0.20203,0.042044,-0.50619,0.10036,0.006973,0.452,0.030511,-0.017275,-0.0027374,0.21133,0.038291,0,0.14035,0,-0.091772,0.050705,-0.011444,0.090481,0.051924,-0.001175,-0.09248,-0.53019,0.025067,0.099558,-0.45933,-0.064662,-0.039684,-0.8907,0.10198,0.066349,-0.82259,0.02809
0.010375,0.81768,-0.041829,0.0032452,0.61771,0.013121,-0.1983,0.49604,-0.0066,0.20084,0.4969,0.024238,-0.33949,0.27824,-0.008506,0.31303,0.23217,0.036916,-0.5256,0.13425,0.001476,0.46015,0.051471,-0.0183,-0.0022876,0.24315,0.036377,0,0.17051,0,-0.09149,0.079633,-0.008182,0.09012,0.082044,-0.002447,-0.10509,-0.40922,-0.033978,0.09704,-0.39047,-0.087613,-0.034255,-0.80464,0.15716,0.062984,-0.7822,0.070586
0.011834,0.82253,-0.043891,0.0028598,0.63409,0.023861,-0.19815,0.50728,-0.000134,0.20173,0.51375,0.032544,-0.35267,0.29348,-0.005963,0.31646,0.25287,0.036778,-0.53725,0.15666,-0.016806,0.46061,0.076725,-0.019689,-0.002476,0.25506,0.037764,0,0.18326,0,-0.090553,0.091496,-0.010196,0.089289,0.095048,-0.003746,-0.10704,-0.40505,-0.03786,0.095495,-0.38957,-0.089781,-0.032961,-0.79707,0.16281,0.063478,-0.78103,0.066143
0.011102,0.83456,-0.038164,0.0034759,0.63553,0.026079,-0.19853,0.52017,0.014883,0.20433,0.51997,0.035193,-0.36347,0.30406,-0.00092,0.32225,0.25549,0.039158,-0.58421,0.17534,-0.030738,0.48697,0.079643,-0.034246,-0.0012315,0.25859,0.038669,0,0.18761,0,-0.090644,0.096246,-0.010661,0.089396,0.098456,-0.00486,-0.10819,-0.41183,-0.031858,0.082046,-0.40436,-0.075655,-0.031952,-0.80014,0.1629,0.063851,-0.78858,0.064435
0.012063,0.83405,-0.034907,0.0035295,0.63681,0.030572,-0.19711,0.52067,0.018714,0.2065,0.51875,0.03607,-0.40668,0.30255,0.019104,0.32575,0.2557,0.039618,-0.58954,0.1771,-0.030377,0.49065,0.081,-0.034846,-0.00064063,0.25752,0.03999,0,0.18641,0,-0.091318,0.094881,-0.012021,0.088989,0.096591,-0.00558,-0.094504,-0.51351,0.030869,0.071386,-0.47884,-0.036187,-0.031911,-0.86868,0.12103,0.056273,-0.85982,0.039922
0.010331,0.8217,-0.022933,0.0069782,0.62423,0.043954,-0.19344,0.5129,0.020854,0.20875,0.50496,0.036961,-0.40641,0.29776,0.018781,0.33066,0.25328,0.038063,-0.59584,0.17855,-0.032843,0.50155,0.078924,-0.05593,-0.00022236,0.24283,0.043393,0,0.17189,0,-0.090942,0.083568,-0.013701,0.087966,0.081136,-0.008473,-0.092205,-0.51608,0.033578,0.090039,-0.52667,-0.015602,-0.054253,-0.91422,0.1015,0.071753,-0.91838,0.04507
0.0073279,0.795,-0.009025,0.010827,0.59307,0.051714,-0.19979,0.45573,0.026542,0.21935,0.46017,0.042944,-0.39259,0.26235,0.020542,0.34122,0.21689,0.03136,-0.60571,0.16797,-0.03962,0.5189,0.052201,-0.084825,0.00035567,0.20035,0.046513,0,0.12894,0,-0.094432,0.033446,-0.016875,0.089411,0.030907,-0.010639,-0.089675,-0.52489,0.040836,0.094735,-0.52993,-0.014229,-0.0762,-0.93735,0.092302,0.076787,-0.92036,0.042996
0.0099521,0.74315,-0.002817,0.0011134,0.54665,0.053676,-0.19658,0.42527,0.026329,0.21169,0.42758,0.039669,-0.40642,0.20582,0.009836,0.34132,0.17057,0.022029,-0.60736,0.12044,-0.05865,0.52224,0.023186,-0.10251,-0.00098037,0.16103,0.047745,0,0.090936,0,-0.090964,0.0052152,-0.017903,0.089447,0.0031395,-0.010167,-0.099924,-0.54554,0.031766,0.099627,-0.54135,-0.022408,-0.080406,-0.94028,0.10505,0.089343,-0.91627,0.040262
0.00269,0.68786,-0.010225,0.0026812,0.49598,0.048116,-0.1982,0.35856,0.029585,0.20874,0.35811,0.036995,-0.39643,0.17798,0.003853,0.34799,0.11738,0.005749,-0.60123,0.088908,-0.070122,0.53063,-0.009086,-0.13888,-0.00033996,0.10398,0.047985,0,0.032492,0,-0.090666,-0.057296,-0.018557,0.089613,-0.059656,-0.005899,-0.11747,-0.56425,0.006638,0.1022,-0.55729,-0.041499,-0.082542,-0.94595,0.10644,0.076755,-0.97288,0.082968
8.632e-05,0.65238,-0.003707,0.0043908,0.46357,0.056013,-0.20018,0.32539,0.03612,0.20673,0.32206,0.041786,-0.41958,0.12129,-0.004927,0.3464,0.08179,0.01065,-0.61769,0.032809,-0.077125,0.53258,-0.019008,-0.14576,7.27e-05,0.072469,0.050056,0,0.0020545,0,-0.091495,-0.089711,-0.019554,0.089758,-0.087434,-0.007766,-0.12396,-0.57197,-0.000766,0.10812,-0.56691,-0.057351,-0.076146,-0.94824,0.12051,0.12232,-0.90466,0.045508
-5.502e-05,0.65023,-0.004603,0.0010613,0.4584,0.055038,-0.20005,0.32179,0.034824,0.2063,0.32068,0.042067,-0.39107,0.1131,0.004146,0.34684,0.081273,0.010006,-0.60336,0.019661,-0.074329,0.52763,-0.021987,-0.1473,-0.00048408,0.069118,0.050785,0,-0.00092634,0,-0.090705,-0.093178,-0.01947,0.089907,-0.089599,-0.007633,-0.12742,-0.57301,0.002981,0.11263,-0.5686,-0.055947,-0.081015,-0.94495,0.12718,0.10096,-0.97029,0.095914
-0.0018559,0.65921,-0.005232,-0.001203,0.46641,0.053214,-0.20478,0.33826,0.03356,0.20161,0.33841,0.038255,-0.38204,0.12958,0.009129,0.34256,0.093267,0.005814,-0.56978,0.011423,-0.04027,0.51325,-0.02327,-0.14668,-0.00075297,0.082398,0.051155,0,0.013944,0,-0.090568,-0.078914,-0.019795,0.090929,-0.074666,-0.006763,-0.12167,-0.5614,0.032982,0.11699,-0.54789,-0.030799,-0.080208,-0.94101,0.13669,0.10124,-0.90066,0.052477
-0.00029945,0.7257,-0.025851,-0.0034225,0.5363,0.04392,-0.20147,0.40649,0.018911,0.20056,0.4035,0.025947,-0.34737,0.18074,0.00971,0.33723,0.1541,0.010534,-0.55005,0.019242,-0.033621,0.48888,-0.012811,-0.12342,-0.0014197,0.14383,0.050505,0,0.072268,0,-0.08834,-0.018184,-0.016057,0.089667,-0.017079,-0.006457,-0.1039,-0.54966,0.047242,0.10786,-0.55773,0.001399,-0.076115,-0.94603,0.11501,0.080332,-0.94716,0.046994
-0.0032737,0.75611,-0.030328,0.0003033,0.56234,0.033086,-0.19987,0.43593,0.009847,0.20417,0.44315,0.023048,-0.3492,0.19952,0.00773,0.33054,0.17347,0.010051,-0.52611,0.039636,0.009117,0.46452,0.0097328,-0.079611,-0.0014327,0.16984,0.048964,0,0.09736,0,-0.089397,0.0051419,-0.01342,0.089378,0.0084143,-0.00528,-0.099953,-0.54562,0.050431,0.10437,-0.55422,-0.001742,-0.077447,-0.94586,0.1129,0.075134,-0.92771,0.039013
-0.0019095,0.78372,-0.039192,0.0039618,0.5867,0.022498,-0.19805,0.47109,-0.005446,0.20002,0.47135,0.010255,-0.3412,0.23421,0.002024,0.32509,0.20094,0.006098,-0.52177,0.063458,0.01942,0.45996,0.02821,-0.064663,-0.0009741,0.21091,0.04581,0,0.14072,0,-0.090936,0.048201,-0.011341,0.088921,0.058191,-0.001875,-0.10439,-0.52538,0.03174,0.10916,-0.46461,-0.055734,-0.052207,-0.89727,0.13034,0.055911,-0.84575,0.057078
-0.00010513,0.80127,-0.046021,0.0028916,0.60108,0.014786,-0.19763,0.48246,-0.011891,0.19844,0.48428,0.001917,-0.34299,0.24571,0.002589,0.32549,0.21044,0.005716,-0.51474,0.095798,0.023218,0.46834,0.044555,-0.058891,-0.00094348,0.2247,0.043225,0,0.15313,0,-0.090551,0.063807,-0.010488,0.08916,0.066342,-0.000818,-0.12079,-0.42203,-0.024517,0.10802,-0.40932,-0.085746,-0.040668,-0.82633,0.14637,0.052427,-0.80266,0.073019
0.0026255,0.80827,-0.052532,0.0014334,0.6092,0.012685,-0.20067,0.49726,-0.005113,0.20302,0.49262,0.003982,-0.34571,0.25981,0.003247,0.32217,0.22883,0.009169,-0.52261,0.11729,0.021927,0.4721,0.059188,-0.054936,-0.00080485,0.23951,0.041205,0,0.1689,0,-0.091389,0.077032,-0.009811,0.091236,0.076236,-0.001784,-0.12141,-0.40063,-0.044242,0.10629,-0.38697,-0.093861,-0.03655,-0.7901,0.15014,0.05651,-0.78613,0.086527
0.0047628,0.81379,-0.054729,0.0014785,0.61187,0.013093,-0.20089,0.50121,-0.002838,0.20457,0.49859,0.008109,-0.34737,0.26703,0.005567,0.32435,0.23571,0.00898,-0.5452,0.13245,0.016921,0.48754,0.064596,-0.055624,-0.00090926,0.24348,0.039832,0,0.17297,0,-0.091622,0.081711,-0.009971,0.091299,0.080276,-0.001761,-0.1214,-0.40112,-0.047121,0.10494,-0.38746,-0.094702,-0.03666,-0.79044,0.14992,0.066075,-0.77697,0.07218
0.0054864,0.81385,-0.051537,0.0033049,0.61291,0.016867,-0.19932,0.50138,0.000394,0.20506,0.49863,0.01061,-0.35266,0.26863,0.011004,0.32599,0.23601,0.011303,-0.58831,0.13894,-0.012085,0.49729,0.067018,-0.062609,-0.00040056,0.24247,0.040112,0,0.17142,0,-0.09189,0.080955,-0.011075,0.090309,0.079025,-0.003094,-0.11656,-0.43225,-0.040643,0.090981,-0.42057,-0.083652,-0.04,-0.81485,0.13695,0.055901,-0.81541,0.052821
0.0065799,0.80777,-0.039803,0.0075804,0.60559,0.027582,-0.197,0.48897,0.010193,0.2105,0.49135,0.022286,-0.36009,0.26426,0.01996,0.33449,0.23215,0.017217,-0.58742,0.14395,-0.015186,0.50381,0.062485,-0.0648,0.0003787,0.22832,0.042342,0,0.15659,0,-0.093238,0.063414,-0.01362,0.089048,0.063248,-0.006327,-0.10114,-0.51114,0.001586,0.095537,-0.48922,-0.049996,-0.051021,-0.91007,0.092701,0.045905,-0.88055,0.051572
0.0052682,0.78409,-0.022536,0.0095159,0.586,0.040396,-0.19528,0.45935,0.018778,0.21716,0.46052,0.036214,-0.37156,0.23862,0.006935,0.337,0.21587,0.021435,-0.61202,0.11494,-0.042656,0.51803,0.027844,-0.10269,5.166e-05,0.19451,0.045344,0,0.12159,0,-0.093273,0.03258,-0.015796,0.088567,0.026003,-0.006964,-0.10438,-0.52143,0.011009,0.10001,-0.53093,-0.032591,-0.071857,-0.92796,0.084073,0.071471,-0.93104,0.036524
0.01078,0.7315,-0.012969,0.0071129,0.54192,0.047381,-0.19011,0.40976,0.017141,0.21191,0.41363,0.043152,-0.40224,0.19225,-5.9e-05,0.34271,0.15404,0.014972,-0.60629,0.098407,-0.055591,0.51762,-0.00083249,-0.12046,-0.0014533,0.15038,0.0469,0,0.078952,0,-0.090363,-0.011032,-0.017065,0.087636,-0.0072237,-0.006509,-0.10961,-0.56861,0.008355,0.10144,-0.54242,-0.035006,-0.096591,-0.96743,0.073964,0.068279,-0.94623,0.042029
0.0077691,0.68409,-0.009245,0.0006417,0.47744,0.046319,-0.19717,0.35169,0.017454,0.21007,0.3557,0.046733,-0.41514,0.13973,-0.010439,0.34104,0.089491,-0.001293,-0.61373,0.046675,-0.073656,0.51439,-0.021182,-0.13322,-0.0029186,0.093686,0.047695,0,0.023791,0,-0.090123,-0.066942,-0.019711,0.089865,-0.067787,-0.004605,-0.11585,-0.56811,-0.010302,0.10196,-0.5599,-0.052402,-0.098312,-0.9645,0.083834,0.070664,-0.95359,0.054212
0.0083843,0.63487,-0.002716,0.00081549,0.44589,0.048254,-0.19442,0.3003,0.015157,0.20286,0.30952,0.042446,-0.42208,0.099501,-0.030012,0.34231,0.080659,-0.000713,-0.62047,0.0086562,-0.097998,0.51294,-0.056505,-0.15233,-0.0027376,0.051416,0.048992,0,-0.020652,0,-0.090017,-0.10802,-0.019478,0.089977,-0.10699,-0.004964,-0.1285,-0.58756,-0.02381,0.1042,-0.56773,-0.067107,-0.093547,-0.96359,0.092681,0.058621,-0.96231,0.067845
