-0.019688,0.57189,0.057145,-0.023517,0.37772,0.094451,-0.19972,0.25547,0.041396,0.19963,0.26522,0.056179,-0.34052,0.071792,0.11061,0.39757,0.073596,0.05017,-0.4265,-0.028714,-0.077246,0.48534,-0.026052,-0.13728,-0.0056435,-0.02092,0.068267,0,-0.085623,0,-0.089401,-0.178,-0.017416,0.09814,-0.16907,-0.024394,-0.0542,-0.6661,0.012025,0.058762,-0.66749,0.031073,-0.038495,-1.085,0.12975,0.03023,-1.0777,0.1503
-0.021024,0.61287,0.048828,-0.019998,0.42098,0.10165,-0.20043,0.29912,0.042704,0.18463,0.30327,0.03415,-0.34166,0.099225,0.11822,0.35917,0.11056,0.089614,-0.42768,-0.052078,-0.027329,0.4674,-0.055933,-0.089897,-0.0020268,0.012148,0.069665,0,-0.052128,0,-0.087976,-0.13349,-0.016422,0.095618,-0.13322,-0.027168,-0.057881,-0.65083,0.054168,0.049027,-0.66661,0.083345,-0.040398,-1.0801,0.13666,0.030814,-1.0768,0.15645
-0.018231,0.6557,0.047104,-0.01129,0.48097,0.10904,-0.19097,0.34992,0.032564,0.18726,0.35792,0.031897,-0.32093,0.11388,0.11975,0.34536,0.12624,0.089613,-0.3941,-0.086385,0.014727,0.43252,-0.071058,-0.023061,-0.0017742,0.055813,0.070517,0,-0.01367,0,-0.087406,-0.10101,-0.013642,0.091657,-0.09318,-0.028981,-0.055449,-0.65162,0.06281,0.053846,-0.66698,0.090989,-0.045402,-1.0779,0.13635,0.037735,-1.0708,0.14604
-0.019818,0.70204,0.039032,-0.021974,0.51444,0.089888,-0.19305,0.38894,0.024142,0.16822,0.39172,0.014714,-0.3006,0.13834,0.10401,0.30397,0.1521,0.087646,-0.3873,-0.098234,0.085587,0.39768,-0.076728,0.052712,-0.0019763,0.086795,0.068859,0,0.01695,0,-0.082816,-0.063389,-0.011776,0.090347,-0.056822,-0.024375,-0.0657,-0.62682,0.047224,0.059112,-0.64355,0.071429,-0.058252,-1.0537,0.14186,0.025043,-1.0485,0.15235
-0.015006,0.71622,0.020426,-0.02511,0.52595,0.088609,-0.19514,0.4194,0.021905,0.16322,0.41755,0.013998,-0.29224,0.1643,0.10166,0.28642,0.1751,0.0962,-0.38824,-0.089676,0.12196,0.38292,-0.068276,0.1112,-0.0032196,0.11935,0.067527,0,0.053451,0,-0.082221,-0.028584,-0.013583,0.090898,-0.023681,-0.019212,-0.062569,-0.54251,-0.0079529,0.070822,-0.5329,0.0046,-0.063378,-0.94941,0.14171,0.020931,-0.92411,0.18024
-0.016985,0.72109,0.012069,-0.026759,0.53775,0.081751,-0.19244,0.44813,0.023571,0.1651,0.43002,0.013391,-0.28561,0.19688,0.11542,0.28336,0.19314,0.11205,-0.38242,-0.018881,0.16645,0.40865,-0.047933,0.17315,-0.0035046,0.13546,0.066771,0,0.069357,0,-0.081338,-0.012417,-0.0086605,0.090076,-0.0062353,-0.024262,-0.062182,-0.50698,-0.030456,0.070198,-0.49722,-0.037381,-0.057363,-0.90632,0.13573,0.020218,-0.87151,0.16789
-0.012995,0.72227,-0.0012056,-0.025752,0.53754,0.080898,-0.19294,0.4509,0.027233,0.16506,0.43174,0.014876,-0.29313,0.21245,0.13774,0.28974,0.20727,0.12877,-0.42083,0.018984,0.21735,0.43551,-0.027279,0.20768,-0.0030111,0.13805,0.066778,0,0.072479,0,-0.081387,-0.010482,-0.0066526,0.089968,-0.0029763,-0.02668,-0.059742,-0.51538,-0.02558,0.071997,-0.49393,-0.037445,-0.049495,-0.91368,0.1429,0.024769,-0.87632,0.15541
-0.015831,0.71317,-0.0067005,-0.026205,0.53676,0.083988,-0.19382,0.45088,0.030649,0.16473,0.43154,0.017955,-0.29502,0.21879,0.15105,0.30714,0.23174,0.1508,-0.45073,0.07013,0.22963,0.47193,0.017792,0.20855,-0.0030738,0.13653,0.06745,0,0.071097,0,-0.08054,-0.012964,-0.010349,0.089605,-0.0040737,-0.025472,-0.069201,-0.59947,0.0035136,0.077877,-0.49869,-0.025207,-0.042027,-0.95608,0.1087,0.033805,-0.90443,0.12277
-0.011506,0.70567,-0.0010215,-0.022514,0.52361,0.090299,-0.18773,0.43834,0.04422,0.17842,0.4183,0.037051,-0.32113,0.23582,0.18128,0.32212,0.22309,0.17426,-0.50179,0.097612,0.25294,0.52425,0.051355,0.21409,-0.0032574,0.11786,0.06829,0,0.051779,0,-0.081508,-0.031741,-0.01245,0.088828,-0.029663,-0.025802,-0.068496,-0.66128,0.023617,0.04676,-0.64682,0.025464,-0.049659,-1.0536,0.046596,0.029846,-1.038,0.080628
-0.007814,0.68208,-0.0041137,-0.012855,0.49104,0.094878,-0.1794,0.38918,0.044634,0.19652,0.37892,0.061872,-0.332,0.21448,0.19625,0.34389,0.19198,0.20546,-0.53265,0.13307,0.24695,0.55726,0.070974,0.18847,-0.0052286,0.090801,0.068594,0,0.02651,0,-0.084045,-0.054806,-0.011226,0.089109,-0.058992,-0.028948,-0.073482,-0.65235,0.020492,0.048044,-0.64922,0.033482,-0.064239,-1.0687,0.050426,0.032058,-1.0773,0.056566
-0.0056272,0.62088,0.013125,-0.0087918,0.43219,0.10455,-0.18379,0.36427,0.064827,0.20064,0.32624,0.064682,-0.34855,0.18532,0.20128,0.35952,0.14307,0.19417,-0.56884,0.13478,0.20879,0.60061,0.076182,0.12911,-0.0029504,0.039546,0.06959,0,-0.020169,0,-0.088623,-0.10467,-0.024595,0.09166,-0.1057,-0.021088,-0.078991,-0.66472,0.013532,0.054693,-0.67062,0.039897,-0.072785,-1.0772,0.067139,0.036684,-1.0801,0.10174
-0.010263,0.57458,0.030264,-0.0062904,0.38874,0.11515,-0.17623,0.28066,0.046278,0.19622,0.28721,0.075716,-0.36843,0.12807,0.17972,0.36166,0.11114,0.18308,-0.60112,0.14606,0.16277,0.59794,0.067307,0.068418,-0.0051463,-0.0053023,0.071458,0,-0.066148,0,-0.087633,-0.14396,-0.016204,0.089689,-0.14472,-0.029354,-0.077664,-0.68617,-0.011187,0.057467,-0.6871,0.031668,-0.075194,-1.085,0.084103,0.028401,-1.0906,0.13205
-0.007859,0.53883,0.038448,-0.016882,0.35006,0.1231,-0.18344,0.26146,0.074383,0.19583,0.23435,0.08929,-0.37272,0.069677,0.16439,0.35966,0.058442,0.1596,-0.58251,0.13112,0.085021,0.58041,0.052704,-0.0087669,-0.0061249,-0.044236,0.072224,0,-0.10235,0,-0.089078,-0.19305,-0.045005,0.096261,-0.19414,-0.0078146,-0.069849,-0.68339,-0.036878,0.057131,-0.68352,-0.0050246,-0.075045,-1.0878,0.089305,0.012559,-1.0985,0.12109
-0.0079803,0.52025,0.039378,-0.020026,0.32848,0.12251,-0.18488,0.19808,0.054455,0.19339,0.20788,0.079633,-0.37677,0.037999,0.13444,0.35936,0.039994,0.13764,-0.55188,0.10899,0.0098267,0.54979,0.017069,-0.089,-0.0066319,-0.072697,0.072242,0,-0.13341,0,-0.086659,-0.21845,-0.026398,0.094695,-0.21233,-0.020582,-0.065686,-0.70886,-0.059377,0.05906,-0.70189,-0.018653,-0.07327,-1.0892,0.082906,0.008048,-1.1129,0.11599
-0.01027,0.51619,0.046397,-0.017416,0.32169,0.12017,-0.18727,0.19628,0.054954,0.19354,0.20461,0.076428,-0.36559,0.030877,0.13491,0.35823,0.024976,0.11351,-0.50635,0.072311,-0.042093,0.52174,-0.01756,-0.1324,-0.0058941,-0.074904,0.072098,0,-0.13505,0,-0.087102,-0.22034,-0.025742,0.09441,-0.21577,-0.021831,-0.067727,-0.71053,-0.062762,0.060414,-0.70533,-0.020387,-0.073286,-1.0899,0.08166,0.0084159,-1.1155,0.11611
-0.013274,0.52103,0.048926,-0.016484,0.32685,0.11772,-0.18272,0.20026,0.039909,0.19086,0.20787,0.068918,-0.35954,0.031782,0.13609,0.35732,0.030607,0.10492,-0.47836,0.040713,-0.062224,0.50739,-0.027646,-0.13484,-0.0069981,-0.074168,0.071926,0,-0.13498,0,-0.086857,-0.21977,-0.025256,0.09397,-0.2152,-0.022366,-0.069954,-0.71006,-0.059495,0.060763,-0.70465,-0.019093,-0.073244,-1.0889,0.084312,0.0065221,-1.1156,0.11509
-0.024136,0.56608,0.063825,-0.021019,0.37445,0.11046,-0.19994,0.24393,0.050015,0.18817,0.26162,0.06385,-0.33882,0.066473,0.17276,0.34835,0.058369,0.085447,-0.44302,0.019663,-0.028691,0.49587,-0.043188,-0.1384,-0.004787,-0.027323,0.070801,0,-0.08958,0,-0.087552,-0.17968,-0.018592,0.095039,-0.17116,-0.027691,-0.080553,-0.67517,-0.018111,0.053242,-0.68268,0.0075039,-0.076128,-1.0883,0.088797,0.0089369,-1.0952,0.12345
-0.017881,0.60378,0.056526,-0.01394,0.42679,0.11773,-0.19348,0.30055,0.04459,0.17952,0.30283,0.046641,-0.33267,0.098144,0.17805,0.34747,0.074812,0.086275,-0.41851,0.0083183,-0.01694,0.47799,-0.057098,-0.10857,-0.0028146,0.0043442,0.071696,0,-0.061063,0,-0.087474,-0.1377,-0.021775,0.090909,-0.13885,-0.024938,-0.079359,-0.66939,0.015172,0.047888,-0.65458,0.057465,-0.069329,-1.0807,0.082749,0.028544,-1.0733,0.10937
-0.0064321,0.66727,0.03591,-0.014043,0.48037,0.10337,-0.18838,0.35596,0.045496,0.18707,0.35305,0.035851,-0.32679,0.13608,0.12632,0.33822,0.10393,0.053915,-0.40183,-0.026699,-0.013885,0.46496,-0.059156,-0.063826,-0.0010103,0.061081,0.069951,0,-0.0064439,0,-0.084169,-0.091031,-0.017514,0.089429,-0.089612,-0.023278,-0.07875,-0.64514,0.025542,0.061656,-0.65456,0.068729,-0.068836,-1.0585,0.056809,0.046075,-1.0714,0.093168
-0.007798,0.69846,0.03966,-0.019445,0.5131,0.10623,-0.18956,0.41119,0.03721,0.17863,0.39078,0.025042,-0.31094,0.1631,0.1119,0.32706,0.14936,0.078361,-0.38078,-0.061928,0.018423,0.42631,-0.053859,-0.0058216,-0.0021228,0.091876,0.070347,0,0.024353,0,-0.083477,-0.05247,-0.017829,0.089469,-0.054387,-0.022395,-0.076467,-0.62682,0.021299,0.063776,-0.64223,0.060909,-0.08196,-1.0164,0.054609,0.049275,-1.0152,0.10391
-0.0087159,0.72119,0.040033,-0.016587,0.54311,0.098416,-0.18842,0.44102,0.029164,0.17019,0.43884,0.018826,-0.29878,0.18702,0.10234,0.29893,0.18787,0.077088,-0.36551,-0.055474,0.045261,0.40984,-0.056827,0.042346,-0.0011697,0.13147,0.069034,0,0.065392,0,-0.081962,-0.015129,-0.017182,0.08719,-0.0121,-0.019605,-0.073979,-0.55269,-0.0084349,0.056858,-0.57182,0.025402,-0.082104,-0.94046,0.095479,0.045085,-0.95142,0.16102
-0.0082704,0.73806,0.025127,-0.016492,0.55643,0.097796,-0.18396,0.46168,0.019698,0.16944,0.44544,0.018941,-0.28746,0.20689,0.098343,0.2883,0.19596,0.094129,-0.37813,-0.058306,0.11394,0.38357,-0.048612,0.098128,-0.0032378,0.14681,0.069005,0,0.080893,0,-0.081252,0.0040038,-0.016889,0.085999,0.0066823,-0.019459,-0.064814,-0.50058,-0.037956,0.071817,-0.50555,-0.0050905,-0.061431,-0.89646,0.13772,0.034865,-0.89563,0.17823
-0.0095369,0.73988,0.023631,-0.017904,0.56199,0.096035,-0.18438,0.46612,0.020864,0.1695,0.44756,0.019441,-0.28941,0.2171,0.1112,0.28229,0.20466,0.11511,-0.40849,-0.039585,0.16139,0.38908,-0.043327,0.1441,-0.0034044,0.15135,0.068835,0,0.085006,0,-0.080955,0.0068511,-0.015717,0.086446,0.010009,-0.020355,-0.061601,-0.49909,-0.038409,0.069709,-0.50691,-0.0055268,-0.088669,-0.8448,0.13535,0.032849,-0.89406,0.17993
-0.013293,0.73543,0.019191,-0.019335,0.56069,0.097328,-0.19162,0.47135,0.032006,0.16238,0.44435,0.018494,-0.29407,0.23129,0.14156,0.2806,0.2096,0.12458,-0.42959,0.02516,0.1851,0.422,-0.016839,0.19605,-0.0019463,0.15107,0.068902,0,0.084938,0,-0.080779,0.0065721,-0.015011,0.085682,0.0099525,-0.02254,-0.055927,-0.51675,-0.031698,0.061758,-0.49658,-0.0052778,-0.06307,-0.92457,0.11162,0.023805,-0.89589,0.16044
-0.015956,0.724,0.012969,-0.023201,0.54698,0.099547,-0.2008,0.4595,0.053685,0.16533,0.43678,0.032926,-0.31342,0.22372,0.16299,0.29424,0.21347,0.14852,-0.46441,0.049824,0.19308,0.45631,0.0044516,0.2134,-0.0012951,0.14356,0.069057,0,0.078883,0,-0.081343,-0.0040341,-0.013663,0.087244,3.9228e-05,-0.025952,-0.063181,-0.60482,0.0052693,0.03747,-0.65278,0.055292,-0.052152,-1.0168,0.08592,0.021574,-1.0273,0.11523
-0.015328,0.68641,0.015268,-0.017778,0.51167,0.1093,-0.19936,0.43969,0.066885,0.17921,0.40779,0.051459,-0.31811,0.20826,0.17862,0.31803,0.19177,0.16914,-0.50273,0.07614,0.2049,0.51255,0.021278,0.20793,-0.0020021,0.11461,0.07031,0,0.052975,0,-0.084295,-0.033992,-0.014756,0.088537,-0.031393,-0.030846,-0.061431,-0.62742,0.010981,0.046205,-0.65595,0.058841,-0.060198,-1.0647,0.071309,0.026059,-1.0599,0.11763
-0.012024,0.63882,0.025026,-0.020112,0.45617,0.11583,-0.19797,0.38598,0.075263,0.18157,0.36613,0.07011,-0.33793,0.1721,0.1952,0.33726,0.16889,0.19716,-0.55666,0.08978,0.20334,0.56832,0.030146,0.18319,-0.0034245,0.070039,0.071072,0,0.012746,0,-0.084537,-0.069747,-0.016347,0.091321,-0.065743,-0.030934,-0.068314,-0.63337,0.015069,0.051417,-0.65225,0.061211,-0.10405,-1.0611,0.069265,0.034767,-1.0667,0.15755
-0.013609,0.58558,0.041746,-0.027604,0.40695,0.13424,-0.18672,0.32443,0.069357,0.1958,0.30723,0.083511,-0.34656,0.12581,0.19059,0.35765,0.11924,0.19914,-0.58396,0.10613,0.18484,0.61069,0.041922,0.12504,-0.0074393,0.015332,0.073621,0,-0.040953,0,-0.084911,-0.12283,-0.024021,0.094975,-0.12237,-0.030573,-0.066271,-0.65835,0.011412,0.064548,-0.66044,0.062113,-0.073332,-1.074,0.12205,0.033269,-1.0795,0.1833
-0.012934,0.55138,0.047684,-0.025738,0.36224,0.14069,-0.19565,0.27173,0.092375,0.18448,0.24585,0.086176,-0.37645,0.070407,0.18371,0.37282,0.063069,0.18412,-0.58139,0.11966,0.10755,0.59245,0.050413,0.065927,-0.0045842,-0.039789,0.074779,0,-0.097223,0,-0.086786,-0.17938,-0.052382,0.096053,-0.18223,-0.0050618,-0.066343,-0.67479,-0.0097852,0.064567,-0.66868,0.036516,-0.070811,-1.0777,0.12323,0.013402,-1.0823,0.16726
-0.014117,0.5342,0.05314,-0.028592,0.34365,0.1377,-0.19739,0.22645,0.086329,0.18983,0.22227,0.091154,-0.3861,0.035342,0.13585,0.36028,0.015084,0.15139,-0.57208,0.12525,0.046538,0.58922,0.064952,-0.010408,-0.0056181,-0.056503,0.074229,0,-0.1148,0,-0.086218,-0.19899,-0.047906,0.096884,-0.20137,-0.0078295,-0.065857,-0.68833,-0.033165,0.068344,-0.69019,0.0085073,-0.070349,-1.0787,0.11706,0.0093098,-1.0943,0.1597
-0.018082,0.52733,0.053718,-0.02485,0.33053,0.1296,-0.19972,0.20354,0.061981,0.18745,0.20992,0.079875,-0.36476,-0.017301,0.14155,0.36606,0.0086407,0.13106,-0.51919,0.11893,-0.0066334,0.57433,0.064466,-0.071564,-0.0063868,-0.069535,0.073055,0,-0.1291,0,-0.086366,-0.22003,-0.031182,0.095749,-0.21021,-0.014586,-0.0665,-0.71016,-0.041272,0.067159,-0.69877,0.0037551,-0.067515,-1.079,0.10913,0.0084227,-1.1029,0.15527
-0.018891,0.5282,0.057822,-0.026239,0.33189,0.12871,-0.19827,0.20585,0.057843,0.18483,0.21079,0.07499,-0.3643,0.033056,0.1142,0.35816,0.020382,0.11052,-0.49919,0.10887,-0.056872,0.51523,0.046212,-0.08762,-0.0064319,-0.06955,0.07296,0,-0.12942,0,-0.085909,-0.21881,-0.02997,0.095482,-0.21033,-0.015262,-0.067631,-0.70888,-0.039695,0.066712,-0.69849,0.0069314,-0.067047,-1.079,0.10867,0.0069431,-1.1037,0.1557
-0.023952,0.55314,0.068068,-0.020958,0.36177,0.12162,-0.19811,0.22765,0.048703,0.17897,0.23608,0.066105,-0.35317,0.054272,0.12018,0.34137,0.051291,0.10473,-0.47938,0.097943,-0.069407,0.50013,0.043244,-0.092196,-0.005856,-0.052593,0.072572,0,-0.11567,0,-0.085544,-0.19651,-0.02647,0.093819,-0.1949,-0.019064,-0.068448,-0.68492,-0.001278,0.053569,-0.70281,0.057263,-0.068313,-1.079,0.10938,0.01513,-1.0909,0.17002
-0.022075,0.60766,0.064071,-0.020032,0.42085,0.1254,-0.18628,0.28651,0.046987,0.17995,0.29877,0.057453,-0.32077,0.10033,0.14563,0.35617,0.086061,0.074431,-0.44445,0.082153,-0.0762,0.50051,0.036912,-0.098865,-0.0043702,0.0051541,0.072857,0,-0.05849,0,-0.084452,-0.1385,-0.022015,0.091059,-0.13658,-0.02446,-0.074793,-0.66802,0.034862,0.054962,-0.6676,0.08701,-0.060488,-1.0761,0.10969,0.022915,-1.0884,0.16957
-0.020786,0.66189,0.046316,-0.019693,0.47729,0.1097,-0.19514,0.35121,0.042338,0.17998,0.36077,0.053619,-0.31586,0.13777,0.16735,0.34017,0.11308,0.057312,-0.38848,0.053649,-0.042113,0.47798,0.021373,-0.10496,-0.0045847,0.060899,0.070719,0,-0.0049952,0,-0.083142,-0.08795,-0.01688,0.089774,-0.088163,-0.025995,-0.076819,-0.66482,0.045935,0.049174,-0.66721,0.086989,-0.066591,-1.0649,0.069966,0.049853,-1.0693,0.12061
-0.021453,0.68802,0.04138,-0.013858,0.50886,0.098629,-0.19837,0.39198,0.030374,0.17779,0.38824,0.038806,-0.30927,0.17874,0.11194,0.32886,0.13636,0.052534,-0.3782,0.031693,-0.051283,0.46324,-0.0050219,-0.083098,-0.0037898,0.08754,0.069426,0,0.019451,0,-0.084483,-0.063637,-0.017718,0.089097,-0.060643,-0.020984,-0.081048,-0.64521,0.042088,0.054744,-0.65973,0.08615,-0.086195,-1.043,0.062951,0.055261,-1.0424,0.12235
-0.016807,0.73069,0.027489,-0.013766,0.54518,0.090804,-0.19137,0.44614,0.025225,0.1717,0.43407,0.026888,-0.30058,0.19353,0.10688,0.31681,0.17979,0.047312,-0.36306,0.02418,-0.033755,0.43742,-0.0082488,-0.024112,-0.0030203,0.13299,0.067963,0,0.065361,0,-0.083265,-0.010706,-0.018455,0.087565,-0.014275,-0.016313,-0.081099,-0.57947,0.0086839,0.062046,-0.62074,0.058814,-0.093544,-0.97967,0.071322,0.062834,-0.96974,0.14775
-0.016562,0.73755,0.026836,-0.023361,0.56259,0.092247,-0.19087,0.46067,0.022837,0.17035,0.44902,0.0259,-0.29543,0.20494,0.10213,0.30603,0.20079,0.086786,-0.36164,-0.043035,0.031386,0.42662,-0.018984,0.017528,-0.0047055,0.15223,0.068209,0,0.08584,0,-0.081234,0.0035711,-0.019894,0.088806,0.010624,-0.015249,-0.068788,-0.5259,-0.017433,0.065706,-0.54275,0.023652,-0.076671,-0.91315,0.1103,0.047895,-0.91955,0.17335
-0.01636,0.74324,0.022433,-0.023076,0.56591,0.093084,-0.1927,0.4755,0.024262,0.16672,0.45851,0.026612,-0.29012,0.21458,0.098098,0.29422,0.20761,0.092262,-0.36692,-0.054581,0.057633,0.38049,-0.021301,0.083637,-0.0048272,0.15838,0.068326,0,0.092599,0,-0.080806,0.011558,-0.019091,0.088385,0.017407,-0.016606,-0.057542,-0.51276,-0.022863,0.061037,-0.51984,0.0089531,-0.070721,-0.9052,0.11741,0.034525,-0.8994,0.16841
-0.016965,0.73926,0.0086658,-0.023056,0.5631,0.092945,-0.1991,0.48087,0.03189,0.16324,0.45941,0.025844,-0.28896,0.21461,0.099237,0.28368,0.21027,0.10473,-0.40415,-0.055997,0.12877,0.37959,-0.027244,0.10248,-0.0033867,0.15898,0.068287,0,0.093879,0,-0.081726,0.012669,-0.015588,0.087424,0.018928,-0.020725,-0.053983,-0.51511,-0.023665,0.059163,-0.52189,0.0059152,-0.06635,-0.90607,0.11638,0.024157,-0.90963,0.15298
-0.02095,0.73226,0.002608,-0.025825,0.55773,0.094913,-0.20264,0.47667,0.042138,0.15987,0.45298,0.029471,-0.29395,0.21442,0.11901,0.27942,0.20927,0.12128,-0.43539,-0.039052,0.1696,0.39099,-0.026016,0.13205,-0.0029056,0.15635,0.068432,0,0.091896,0,-0.081395,0.0096481,-0.014115,0.087316,0.016485,-0.023442,-0.051443,-0.55239,-0.019724,0.060233,-0.51124,0.0042052,-0.065921,-0.94643,0.10595,0.015046,-0.93442,0.1122
-0.023121,0.70021,-0.005646,-0.023407,0.52738,0.098441,-0.20765,0.45332,0.06079,0.16237,0.43552,0.043864,-0.30101,0.19459,0.14462,0.2932,0.19704,0.13478,-0.46047,-0.018591,0.18209,0.44151,-0.034696,0.15921,-0.0021519,0.14319,0.06862,0,0.082203,0,-0.081423,-0.0084057,-0.004102,0.083138,-0.0019748,-0.038976,-0.051487,-0.6289,-0.0015908,0.028409,-0.63725,0.025264,-0.055691,-1.0381,0.071612,0.0093556,-1.0396,0.11135
-0.021806,0.6466,0.00043946,-0.0191,0.47415,0.10813,-0.20476,0.4012,0.070402,0.16821,0.38035,0.056194,-0.32088,0.15783,0.16676,0.32006,0.1618,0.15979,-0.46371,-0.011574,0.1922,0.51919,-0.013508,0.17698,-0.0021329,0.094716,0.069957,0,0.038301,0,-0.079549,-0.053671,0.0020313,0.086442,-0.039562,-0.049061,-0.044222,-0.6387,0.00050437,0.058816,-0.69296,0.049017,-0.053586,-1.0738,0.074617,0.015753,-1.0716,0.1049
-0.02735,0.60057,0.026187,-0.030839,0.42478,0.12294,-0.20809,0.35658,0.088496,0.17806,0.35301,0.085472,-0.33094,0.11971,0.19098,0.33918,0.13727,0.18294,-0.52639,0.0023524,0.21328,0.57073,-0.010436,0.18032,-0.0049011,0.037922,0.07217,0,-0.018815,0,-0.084194,-0.10536,-0.022344,0.095868,-0.098907,-0.029748,-0.046927,-0.65262,0.0061397,0.070733,-0.64325,0.029324,-0.099465,-1.0778,0.10588,0.015028,-1.0624,0.14618
-0.021587,0.54971,0.041186,-0.024431,0.36279,0.12931,-0.20094,0.28407,0.084751,0.17659,0.26906,0.087784,-0.3447,0.064584,0.19598,0.35908,0.079498,0.19761,-0.55632,0.0066068,0.20116,0.57414,0.012056,0.16143,-0.0052234,-0.023237,0.072936,0,-0.078911,0,-0.083245,-0.16101,-0.027433,0.092168,-0.15816,-0.025459,-0.05494,-0.67313,-0.012415,0.067593,-0.64331,0.027124,-0.10003,-1.0818,0.10856,0.013116,-1.0612,0.14807
-0.024197,0.51701,0.04403,-0.034673,0.33059,0.13327,-0.20594,0.23696,0.11128,0.1844,0.21523,0.091535,-0.37448,0.015667,0.18756,0.37509,0.036982,0.18304,-0.59386,0.033474,0.16004,0.58326,0.030489,0.09534,-0.0040797,-0.059287,0.073543,0,-0.11597,0,-0.084751,-0.19973,-0.037699,0.098965,-0.20633,-0.016354,-0.052601,-0.68907,-0.056501,0.059376,-0.69478,-0.01324,-0.093178,-1.0777,0.082523,-0.0046681,-1.103,0.12922
-0.030385,0.50668,0.047844,-0.041454,0.31502,0.12789,-0.2154,0.18188,0.083256,0.1782,0.20745,0.089216,-0.38793,0.0066371,0.18109,0.37118,0.03064,0.1709,-0.58867,0.065309,0.084274,0.56979,0.047571,0.029274,-0.0067627,-0.077702,0.072779,0,-0.13568,0,-0.081868,-0.22583,-0.032141,0.09758,-0.21546,-0.019263,-0.055814,-0.71511,-0.064869,0.061041,-0.7041,-0.018341,-0.097391,-1.0772,0.079133,-0.011433,-1.1064,0.13459
-0.034544,0.50472,0.052408,-0.041302,0.3112,0.12351,-0.216,0.18057,0.076409,0.17607,0.20405,0.081918,-0.39637,0.0087748,0.15754,0.36524,0.044199,0.13846,-0.56661,0.082669,0.014177,0.5325,0.053766,-0.030446,-0.0067945,-0.081403,0.07214,0,-0.14008,0,-0.082346,-0.22981,-0.031008,0.097905,-0.21982,-0.01924,-0.058064,-0.7189,-0.067466,0.059261,-0.70821,-0.019905,-0.075801,-1.0797,0.088576,0.015524,-1.0336,0.1132
-0.037022,0.52318,0.064951,-0.034748,0.32951,0.12582,-0.21172,0.20003,0.064783,0.17443,0.21252,0.071976,-0.38871,0.025203,0.14392,0.36982,0.055588,0.11562,-0.52969,0.075917,-0.037049,0.51654,0.047702,-0.084304,-0.006757,-0.073868,0.072496,0,-0.13384,0,-0.083653,-0.21908,-0.026238,0.096682,-0.21308,-0.021403,-0.062464,-0.70856,-0.052199,0.064322,-0.70041,0.0032167,-0.08252,-1.0752,0.080725,-0.012391,-1.0916,0.13382
-0.037157,0.57116,0.073349,-0.028405,0.38345,0.1177,-0.20907,0.25548,0.060071,0.17981,0.26628,0.062813,-0.36451,0.053962,0.14108,0.38793,0.10372,0.070321,-0.49589,0.0411,-0.051034,0.52636,0.03991,-0.1045,-0.0046808,-0.016875,0.071618,0,-0.077834,0,-0.086833,-0.1652,-0.022389,0.097175,-0.15841,-0.026102,-0.057213,-0.66325,0.00045223,0.043182,-0.66126,0.036357,-0.092641,-1.0145,0.058036,-0.0058565,-1.0888,0.13089
-0.032231,0.62498,0.060213,-0.018573,0.44316,0.11741,-0.21152,0.31714,0.063237,0.17937,0.31935,0.050081,-0.3446,0.10783,0.14474,0.38631,0.10839,0.060878,-0.45713,0.016162,-0.036798,0.51476,0.015169,-0.10774,-0.0012099,0.034219,0.071832,0,-0.030286,0,-0.087324,-0.11829,-0.019128,0.094255,-0.11269,-0.028711,-0.062468,-0.66157,0.035503,0.035076,-0.65404,0.071558,-0.09122,-1.0142,0.050288,-0.0050496,-1.0911,0.12442
-0.034749,0.67175,0.034266,-0.02034,0.49676,0.10892,-0.20746,0.37464,0.053251,0.17219,0.37756,0.04288,-0.3322,0.12604,0.13111,0.35322,0.14515,0.060414,-0.41064,-0.035708,-0.012256,0.48755,-0.005533,-0.046608,-0.001693,0.074721,0.070716,0,0.0084115,0,-0.083131,-0.074305,-0.013811,0.089938,-0.070682,-0.028434,-0.063005,-0.66165,0.038432,0.039224,-0.65496,0.071871,-0.075606,-1.0648,0.055327,0.052433,-1.0592,0.10618
-0.030249,0.7129,0.038583,-0.015094,0.5202,0.098031,-0.19621,0.41111,0.03164,0.17466,0.40825,0.03541,-0.30862,0.16013,0.11749,0.33701,0.17361,0.092898,-0.3831,-0.039949,0.029676,0.45663,-0.018294,0.017889,-0.0030911,0.10944,0.068773,0,0.043195,0,-0.082945,-0.040563,-0.014346,0.087807,-0.03432,-0.023274,-0.066227,-0.6073,0.022223,0.050018,-0.65147,0.067461,-0.096564,-1.0183,0.073524,0.045498,-1.0154,0.13657
-0.025015,0.73514,0.03414,-0.017229,0.5552,0.085154,-0.19181,0.47079,0.033419,0.16624,0.45774,0.023484,-0.28119,0.20705,0.1111,0.31215,0.21642,0.091639,-0.35336,-0.060798,0.084057,0.45146,-0.03571,0.068038,-0.0017685,0.15804,0.066827,0,0.09399,0,-0.082016,0.012696,-0.010111,0.088067,0.019237,-0.02319,-0.060645,-0.5363,-0.013604,0.073915,-0.5502,0.019356,-0.054857,-0.91864,0.15453,0.039819,-0.94638,0.16865
-0.029073,0.74345,0.02818,-0.018061,0.57247,0.082419,-0.19728,0.4823,0.037361,0.15938,0.46846,0.027114,-0.28298,0.21976,0.12123,0.29958,0.22726,0.10389,-0.35818,-0.051925,0.13151,0.42974,-0.026369,0.12562,-0.0018001,0.17409,0.066606,0,0.1086,0,-0.082142,0.028218,-0.011697,0.088367,0.032626,-0.021289,-0.050717,-0.46071,-0.048438,0.06104,-0.48074,-0.010673,-0.048026,-0.84226,0.15667,0.031598,-0.87043,0.17874
-0.031463,0.74405,0.020675,-0.018045,0.5734,0.083118,-0.1994,0.48983,0.040415,0.15521,0.4715,0.026165,-0.28413,0.2281,0.12724,0.29328,0.233,0.11186,-0.39232,-0.044673,0.16932,0.41807,-0.029151,0.13893,-0.0013383,0.17625,0.066694,0,0.11119,0,-0.081246,0.032396,-0.011193,0.087723,0.034851,-0.021774,-0.052124,-0.45593,-0.054982,0.056221,-0.47905,-0.015575,-0.046785,-0.83736,0.15051,0.030203,-0.86792,0.17599
-0.026493,0.74013,0.010503,-0.017483,0.56908,0.084892,-0.20652,0.49973,0.056533,0.15755,0.4703,0.023062,-0.28595,0.23571,0.14235,0.29435,0.23506,0.11704,-0.43351,-0.010293,0.18228,0.42207,-0.016277,0.1584,0.0012827,0.17578,0.066717,0,0.11158,0,-0.082096,0.030616,-0.0099076,0.088426,0.034363,-0.024557,-0.057598,-0.49564,-0.035633,0.054993,-0.51371,-0.0063429,-0.043981,-0.87858,0.16113,0.033953,-0.8862,0.1722
-0.028083,0.73459,0.0039913,-0.019174,0.55542,0.090451,-0.20725,0.48994,0.068087,0.16185,0.4578,0.035664,-0.29417,0.22996,0.15794,0.30294,0.23287,0.14349,-0.42743,0.026157,0.17815,0.47607,0.006908,0.19061,0.00064323,0.16826,0.067304,0,0.10608,0,-0.082647,0.021643,-0.0090489,0.088818,0.027483,-0.026837,-0.055729,-0.56696,-0.0023314,0.063169,-0.57471,0.018372,-0.043144,-0.95349,0.10623,0.038241,-0.94994,0.1308
-0.019833,0.7138,0.0031858,-0.018079,0.53792,0.095667,-0.21187,0.46764,0.082253,0.17748,0.43595,0.050913,-0.30249,0.20946,0.17352,0.33054,0.21612,0.15438,-0.4711,0.051973,0.19837,0.49923,0.018887,0.17393,0.00024144,0.15399,0.068225,0,0.093683,0,-0.085792,-0.0014438,7.2357e-05,0.087949,0.0079071,-0.037187,-0.06232,-0.64066,0.018444,0.080035,-0.64778,0.035267,-0.066744,-1.0478,0.065408,0.072282,-1.0373,0.1177
-0.024154,0.66513,0.00010215,-0.012842,0.48652,0.10259,-0.20641,0.42082,0.084109,0.17631,0.38151,0.055689,-0.32425,0.17444,0.17678,0.34502,0.17728,0.16517,-0.50749,0.051298,0.19295,0.55724,0.022083,0.12981,0.00030518,0.11389,0.069077,0,0.057406,0,-0.082591,-0.0337,0.00091936,0.086986,-0.024383,-0.04635,-0.066644,-0.6462,0.013666,0.078757,-0.64846,0.029637,-0.080817,-1.0563,0.058221,0.078365,-1.0512,0.1208
-0.018716,0.60989,0.014234,-0.040148,0.43095,0.11732,-0.22393,0.38857,0.12989,0.19068,0.34561,0.072258,-0.31682,0.12542,0.18545,0.35568,0.1438,0.17337,-0.5385,0.047317,0.15439,0.5569,0.02981,0.09797,-0.00079039,0.057319,0.071058,0,0.0022476,0,-0.085071,-0.08932,-0.028681,0.10186,-0.085475,-0.026859,-0.061995,-0.66292,0.014536,0.088237,-0.65813,0.033527,-0.094952,-1.0782,0.10012,0.087149,-1.0625,0.15323
-0.027262,0.55257,0.031956,-0.012444,0.37095,0.12612,-0.22302,0.3136,0.13172,0.17189,0.27365,0.073089,-0.34359,0.052754,0.17294,0.35381,0.065299,0.1411,-0.5639,0.044456,0.13611,0.56198,0.02018,0.039053,0.0041831,-0.004594,0.07207,0,-0.058474,0,-0.088803,-0.14443,-0.022861,0.093732,-0.14262,-0.033229,-0.057805,-0.66848,0.0021324,0.083178,-0.65398,0.033605,-0.088328,-1.0665,0.10607,0.07791,-1.0689,0.17436
-0.023799,0.53071,0.029985,-0.024763,0.34559,0.12199,-0.23584,0.2774,0.16947,0.18647,0.22779,0.076939,-0.34569,0.014966,0.15066,0.33238,-0.008343,0.12899,-0.54759,0.054133,0.05288,0.53377,0.018063,-0.032196,0.0057327,-0.030765,0.070982,0,-0.086513,0,-0.090339,-0.17497,-0.034165,0.10296,-0.18721,-0.015969,-0.050234,-0.701,-0.055565,0.075613,-0.67614,-0.013719,-0.074084,-1.0801,0.096952,0.074418,-1.0806,0.15066
-0.040191,0.51284,0.043192,-0.048205,0.32828,0.11581,-0.23003,0.21301,0.10431,0.16731,0.21311,0.067264,-0.36152,0.00014732,0.13415,0.3108,-0.012649,0.11399,-0.5367,0.045491,-0.0091234,0.48931,0.020813,-0.099041,-0.0043578,-0.069307,0.070974,0,-0.13197,0,-0.082678,-0.22017,-0.03204,0.095801,-0.20824,-0.02123,-0.072826,-0.7096,-0.06654,0.053331,-0.69618,-0.026133,-0.092613,-1.0764,0.083604,0.045884,-1.1007,0.13811
-0.045496,0.52038,0.05683,-0.046921,0.32826,0.11663,-0.219,0.19479,0.059086,0.1667,0.21202,0.0653,-0.3551,-0.0043724,0.13922,0.31979,0.0037112,0.087896,-0.49195,0.023373,-0.048244,0.4468,-0.0058195,-0.10885,-0.0092753,-0.070413,0.071276,0,-0.13223,0,-0.082375,-0.22051,-0.028862,0.095974,-0.20869,-0.021594,-0.074793,-0.70985,-0.064284,0.054913,-0.69632,-0.016136,-0.093032,-1.0764,0.082932,0.04858,-1.0711,0.14281
-0.041546,0.53602,0.064633,-0.037147,0.3432,0.11674,-0.20919,0.21579,0.056536,0.17135,0.22291,0.055739,-0.34689,-0.0018617,0.13909,0.32732,0.024288,0.079586,-0.46352,-0.00083946,-0.064749,0.45058,-0.011449,-0.11648,-0.0064035,-0.059964,0.071001,0,-0.12133,0,-0.085013,-0.20362,-0.019651,0.095668,-0.20012,-0.025131,-0.089543,-0.70067,-0.030259,0.061889,-0.69245,0.011651,-0.088962,-1.0762,0.077023,0.052795,-1.0715,0.137
-0.033511,0.58964,0.05684,-0.02472,0.4018,0.11765,-0.20449,0.2736,0.048487,0.16594,0.27866,0.034391,-0.31889,0.059283,0.13532,0.31987,0.07978,0.07441,-0.44239,-0.031711,-0.040012,0.44159,-0.015406,-0.1037,-0.0020473,-0.010365,0.071868,0,-0.075777,0,-0.083342,-0.15934,-0.014118,0.091548,-0.15261,-0.0309,-0.08257,-0.67683,0.011501,0.066781,-0.66799,0.053614,-0.088212,-1.073,0.061619,0.060748,-1.0712,0.12889
-0.03121,0.63414,0.050097,-0.011949,0.45958,0.11093,-0.20066,0.3337,0.052642,0.17184,0.33347,0.031693,-0.30271,0.088109,0.12287,0.3335,0.087103,0.056711,-0.39154,-0.049593,-0.041795,0.45002,-0.048026,-0.09019,0.0011021,0.039426,0.070714,0,-0.026732,0,-0.085183,-0.10922,-0.013507,0.0895,-0.10833,-0.029275,-0.085475,-0.65267,0.030703,0.069185,-0.66674,0.082829,-0.093211,-1.0646,0.030027,0.071057,-1.0698,0.11676
-0.02666,0.6941,0.035872,-0.015605,0.51535,0.10076,-0.1981,0.39418,0.040078,0.17031,0.37891,0.019988,-0.30596,0.13165,0.1066,0.3317,0.14167,0.06731,-0.36944,-0.057624,-0.0052193,0.43428,-0.058221,-0.04634,-9.5341e-05,0.091006,0.06964,0,0.020882,0,-0.081578,-0.061242,-0.0091351,0.086629,-0.05703,-0.02852,-0.084277,-0.64817,0.027468,0.070488,-0.66368,0.073091,-0.094819,-1.059,0.020339,0.071882,-1.0682,0.1048
-0.020716,0.71602,0.031791,-0.013617,0.53006,0.098415,-0.1915,0.42979,0.031369,0.17671,0.43337,0.024551,-0.29079,0.1634,0.096883,0.31571,0.1759,0.060602,-0.35827,-0.064408,0.062508,0.42466,-0.058981,0.016688,-0.0010359,0.12418,0.068867,0,0.060793,0,-0.083645,-0.019811,-0.012866,0.089172,-0.020818,-0.026175,-0.078058,-0.58807,0.019414,0.071687,-0.61107,0.050791,-0.089808,-0.98107,0.084767,0.065712,-1.0034,0.1255
-0.016642,0.73299,0.030451,-0.018062,0.55514,0.090565,-0.19134,0.47492,0.04072,0.17529,0.44809,0.023879,-0.27674,0.20477,0.10939,0.30177,0.19153,0.08441,-0.35564,-0.065269,0.12461,0.41095,-0.05586,0.076512,-0.0016184,0.16054,0.067594,0,0.096542,0,-0.083222,0.014837,-0.0082402,0.08987,0.019896,-0.028342,-0.064337,-0.51007,-0.020244,0.068567,-0.52084,0.010191,-0.062041,-0.8883,0.1558,0.050172,-0.89838,0.18294
-0.01869,0.73759,0.026947,-0.017617,0.55901,0.087263,-0.19527,0.48624,0.047645,0.16962,0.45573,0.024588,-0.27971,0.22265,0.1337,0.29936,0.21133,0.11083,-0.37715,-0.026871,0.18969,0.4114,-0.027643,0.14379,-0.00057779,0.16704,0.066945,0,0.10367,0,-0.083634,0.024268,-0.010199,0.089909,0.02542,-0.025117,-0.061047,-0.46446,-0.04789,0.042225,-0.48184,-0.01521,-0.052056,-0.84926,0.15364,0.037762,-0.85904,0.1986
-0.019655,0.7427,0.016492,-0.015497,0.56148,0.084879,-0.20588,0.50712,0.0703,0.16478,0.45746,0.021054,-0.28278,0.24493,0.16482,0.29822,0.22636,0.12869,-0.41014,0.0051529,0.22473,0.41521,-0.01616,0.1581,0.003222,0.17495,0.066434,0,0.11268,0,-0.084226,0.033236,-0.011483,0.089512,0.031628,-0.025676,-0.11855,-0.45475,-0.048812,0.038841,-0.48565,-0.015299,-0.067531,-0.84502,0.13793,0.033579,-0.86444,0.19626
-0.01908,0.733,0.005713,-0.02017,0.55624,0.091879,-0.20533,0.50272,0.073334,0.16604,0.45382,0.026517,-0.28531,0.24559,0.17649,0.30848,0.23048,0.13816,-0.43065,0.052927,0.25388,0.49119,0.012382,0.21427,0.0020541,0.1714,0.067361,0,0.11032,0,-0.084974,0.028764,-0.0092862,0.091043,0.029505,-0.028477,-0.11596,-0.45989,-0.027433,0.045953,-0.54064,0.01833,-0.06244,-0.85846,0.14328,0.03427,-0.93305,0.19771
-0.014765,0.7257,-0.00092042,-0.016208,0.54548,0.095986,-0.21063,0.48769,0.11254,0.18275,0.435,0.043135,-0.28802,0.22454,0.18696,0.33801,0.21815,0.15155,-0.43819,0.084628,0.25664,0.45222,0.01159,0.15539,0.0051857,0.1666,0.067683,0,0.10717,0,-0.087625,0.012977,0.010663,0.090983,0.022085,-0.041925,-0.082866,-0.52574,-0.0025921,0.059497,-0.62903,0.06076,-0.061978,-0.95179,0.10951,0.030157,-1.0412,0.16877
-0.013459,0.69009,0.005796,-0.0071943,0.50747,0.10195,-0.20102,0.44354,0.098286,0.19318,0.40615,0.051654,-0.30375,0.19646,0.20525,0.36427,0.198,0.15493,-0.47823,0.078896,0.26154,0.58059,0.052645,0.14559,0.0035429,0.14108,0.068681,0,0.085655,0,-0.085834,-0.0078355,0.007207,0.088301,-0.0052928,-0.050863,-0.066009,-0.6364,0.02654,0.061414,-0.65567,0.055361,-0.086208,-1.0326,0.1168,0.037355,-1.0465,0.16516
-0.0072812,0.62699,0.010457,-0.012456,0.45561,0.11862,-0.208,0.41643,0.12074,0.19197,0.36644,0.057991,-0.31776,0.16215,0.2079,0.37859,0.17196,0.16131,-0.52677,0.090804,0.21834,0.61394,0.058,0.10088,0.0043959,0.076034,0.071081,0,0.020011,0,-0.088618,-0.066973,-0.017637,0.093625,-0.068089,-0.036254,-0.064333,-0.63666,0.024477,0.06569,-0.65423,0.052088,-0.10124,-1.0501,0.12681,0.040993,-1.0473,0.1636
-0.021559,0.56722,0.027896,-0.022502,0.3976,0.12197,-0.21976,0.35138,0.13175,0.18141,0.3012,0.065929,-0.33585,0.099728,0.20193,0.37253,0.11461,0.16172,-0.55757,0.08447,0.17785,0.58165,0.063061,0.055579,0.0030732,0.016899,0.071538,0,-0.039137,0,-0.091054,-0.12492,-0.040774,0.10006,-0.12806,-0.014199,-0.072389,-0.63928,0.025185,0.057884,-0.65426,0.05268,-0.11181,-1.0558,0.16019,0.036849,-1.0556,0.18051
-0.016272,0.53767,0.026948,-0.012325,0.34578,0.1273,-0.23162,0.29806,0.16814,0.18827,0.24804,0.084008,-0.35468,0.03941,0.16247,0.38072,0.051858,0.12092,-0.57069,0.086685,0.1136,0.58595,0.049397,0.0022665,0.0062298,-0.016936,0.071755,0,-0.067806,0,-0.093823,-0.15755,-0.039701,0.10017,-0.1615,-0.017635,-0.070362,-0.65711,-0.0095245,0.053052,-0.65581,0.030422,-0.11263,-1.0631,0.1496,0.029212,-1.0687,0.17729
-0.021091,0.50698,0.02363,-0.022221,0.32878,0.11586,-0.24673,0.26336,0.17621,0.18623,0.20369,0.063402,-0.35958,0.0086143,0.12324,0.35748,-0.012087,0.09915,-0.55284,0.066058,0.013748,0.5453,0.018977,-0.060517,0.0076221,-0.046405,0.06965,0,-0.10317,0,-0.090744,-0.2012,-0.028795,0.10149,-0.19437,-0.027973,-0.086196,-0.69066,-0.050008,0.051431,-0.68019,-0.010214,-0.1141,-1.0593,0.12198,0.019268,-1.0619,0.14839
-0.027346,0.49919,0.04364,-0.026516,0.32279,0.1174,-0.20758,0.18139,0.076065,0.18188,0.19907,0.061244,-0.35429,-0.0055048,0.11865,0.3514,-0.019205,0.091501,-0.51276,0.036954,-0.047065,0.54234,-0.0090127,-0.10835,-0.0019657,-0.078117,0.071823,0,-0.14171,0,-0.088488,-0.22169,-0.029545,0.095903,-0.22132,-0.022817,-0.092626,-0.711,-0.051314,0.044972,-0.70732,-0.011974,-0.11367,-1.0502,0.11307,0.017348,-1.0572,0.14511
-0.032958,0.51511,0.052393,-0.027517,0.32367,0.11647,-0.20623,0.19085,0.067651,0.18095,0.20021,0.059568,-0.34602,-0.0068803,0.11895,0.35202,-0.018248,0.076471,-0.47122,0.0052892,-0.080014,0.5172,-0.034624,-0.10148,-0.0035031,-0.076852,0.071453,0,-0.13961,0,-0.085584,-0.2202,-0.024742,0.095284,-0.22005,-0.023967,-0.097309,-0.70924,-0.047655,0.045398,-0.70571,-0.0077656,-0.11327,-1.0545,0.11602,0.016325,-1.0566,0.14457
-0.034666,0.5558,0.062867,-0.021865,0.35976,0.11236,-0.19889,0.23293,0.047767,0.1744,0.22461,0.048058,-0.32585,0.0078532,0.13902,0.35079,-0.0049581,0.070611,-0.44465,-0.010796,-0.063649,0.50489,-0.058572,-0.096137,-0.0044716,-0.053447,0.070977,0,-0.11759,0,-0.084157,-0.1989,-0.019053,0.092732,-0.1971,-0.025632,-0.089825,-0.6867,0.0013386,0.043173,-0.67752,0.036455,-0.12029,-1.0549,0.1126,0.010599,-1.0562,0.14253
-0.031792,0.59313,0.052382,-0.023024,0.40965,0.10931,-0.19904,0.28108,0.046135,0.16831,0.28534,0.032526,-0.28114,0.054752,0.11235,0.34007,0.046348,0.065766,-0.42371,-0.033386,-0.049499,0.48528,-0.060061,-0.080532,-0.001611,-0.00057791,0.070431,0,-0.066012,0,-0.083567,-0.14725,-0.017608,0.091313,-0.14382,-0.024256,-0.097184,-0.6488,0.041285,0.037985,-0.66803,0.09122,-0.12318,-1.0536,0.11152,0.010558,-1.0548,0.14438
-0.033354,0.65267,0.029158,-0.02633,0.47264,0.10396,-0.20194,0.34737,0.05157,0.16724,0.34507,0.023851,-0.30269,0.093737,0.095386,0.32902,0.11309,0.074389,-0.39699,-0.058062,-0.052767,0.45518,-0.06656,-0.050094,-0.00020749,0.041998,0.070014,0,-0.029117,0,-0.088186,-0.11549,-0.051296,0.098178,-0.10465,0.014967,-0.097147,-0.6431,0.057775,0.042298,-0.66196,0.10411,-0.12706,-1.0521,0.1006,0.024641,-1.0459,0.14069
-0.032188,0.69124,0.015568,-0.024032,0.51335,0.087953,-0.20757,0.40542,0.041513,0.17072,0.38952,0.016023,-0.30428,0.13218,0.093247,0.31552,0.13778,0.065714,-0.36953,-0.061661,-0.010201,0.44043,-0.074505,-0.012352,-0.00070527,0.10171,0.067247,0,0.032542,0,-0.083234,-0.053024,-0.013663,0.091417,-0.0487,-0.021443,-0.095648,-0.64173,0.053301,0.04956,-0.65574,0.096135,-0.12359,-1.0275,0.096115,0.039487,-1.0398,0.13577
-0.027118,0.7141,0.009018,-0.0215,0.53819,0.082821,-0.19972,0.43607,0.030535,0.1713,0.42081,0.017585,-0.29474,0.16439,0.089551,0.30765,0.16577,0.072014,-0.36887,-0.065111,0.053597,0.41773,-0.062057,0.048124,-0.0020193,0.12966,0.06669,0,0.062425,0,-0.082772,-0.020007,-0.010023,0.089896,-0.016687,-0.023486,-0.091282,-0.57682,0.037918,0.062323,-0.60569,0.067498,-0.10664,-0.9632,0.13583,0.052129,-1.0053,0.15204
-0.022248,0.72209,0.0078422,-0.022014,0.55148,0.078996,-0.19525,0.47124,0.039106,0.17178,0.44436,0.020555,-0.2794,0.19409,0.092529,0.2978,0.18637,0.08223,-0.37527,-0.064186,0.12081,0.41136,-0.083068,0.098177,-0.0017583,0.15747,0.065776,0,0.093018,0,-0.083729,0.011911,-0.012961,0.091873,0.012792,-0.019107,-0.067652,-0.50522,-0.0039615,0.061179,-0.503,0.0035827,-0.069635,-0.89323,0.19117,0.049929,-0.89169,0.20051
-0.0258,0.72911,0.0074049,-0.023708,0.55468,0.078321,-0.1974,0.48861,0.043458,0.16599,0.45621,0.021029,-0.28215,0.21953,0.11983,0.28895,0.20891,0.11193,-0.37584,-0.019202,0.16226,0.37517,-0.019162,0.13433,-0.0016112,0.17068,0.06557,0,0.10875,0,-0.082679,0.027291,-0.0078805,0.091297,0.031241,-0.025264,-0.052676,-0.46946,-0.025397,0.064044,-0.485,-0.0062568,-0.065284,-0.84878,0.18276,0.040777,-0.83535,0.24562
-0.025862,0.72988,0.0042914,-0.025014,0.55533,0.079573,-0.19795,0.49145,0.044516,0.16555,0.45619,0.019546,-0.28227,0.2274,0.13342,0.2979,0.22234,0.1265,-0.40177,0.02856,0.205,0.42364,-0.0066726,0.17717,-0.0014725,0.17134,0.065824,0,0.10935,0,-0.082419,0.028198,-0.0058833,0.091249,0.031257,-0.026566,-0.049965,-0.47078,-0.026136,0.064082,-0.48702,-0.0064802,-0.022804,-0.85021,0.18502,0.043671,-0.83924,0.24346
-0.018452,0.72611,-0.013572,-0.02098,0.55268,0.081646,-0.20683,0.49276,0.075234,0.1673,0.45015,0.020695,-0.29196,0.22758,0.16133,0.30554,0.23059,0.14467,-0.43919,0.056347,0.24652,0.48575,0.030065,0.20896,0.0032005,0.16911,0.065632,0,0.10677,0,-0.084329,0.022002,-0.0036413,0.090346,0.025781,-0.029127,-0.038394,-0.5441,0.0084009,0.075023,-0.56083,0.038461,-0.0028477,-0.95827,0.1521,0.056877,-0.91553,0.24928
-0.02329,0.70839,-0.02572,-0.017674,0.54061,0.081099,-0.21167,0.48032,0.089468,0.17171,0.43085,0.02551,-0.30792,0.22611,0.19075,0.32346,0.22511,0.15596,-0.4599,0.07331,0.24665,0.50175,0.056406,0.19675,0.0048186,0.15516,0.065638,0,0.092032,0,-0.083699,-0.0049961,0.0042414,0.089496,0.006338,-0.036773,-0.046288,-0.652,0.05137,0.072519,-0.64522,0.063343,-0.023817,-1.0386,0.12665,0.080703,-1.0503,0.14
-0.011973,0.66285,-0.023484,-0.013428,0.48729,0.086091,-0.205,0.43991,0.088099,0.18844,0.39595,0.043456,-0.31485,0.19868,0.20273,0.3561,0.19934,0.16968,-0.50046,0.086254,0.23996,0.53402,0.064797,0.16448,0.0022142,0.13438,0.066118,0,0.077982,0,-0.083887,-0.016894,0.0059609,0.089583,-0.015704,-0.047795,-0.045138,-0.65233,0.050763,0.088347,-0.6566,0.066699,-0.04456,-1.0426,0.1151,0.0832,-1.0643,0.16185
-0.029161,0.60894,-0.0064738,-0.038095,0.4296,0.10185,-0.22867,0.41253,0.11868,0.17699,0.34942,0.054922,-0.34097,0.15708,0.20446,0.35929,0.16923,0.18473,-0.56204,0.089654,0.22684,0.60188,0.061323,0.11526,-5.3204e-06,0.063815,0.068758,0,0.0083211,0,-0.084939,-0.0843,-0.016145,0.10115,-0.078358,-0.033773,-0.051397,-0.6546,0.047584,0.083981,-0.6624,0.071609,-0.062197,-1.0439,0.12288,0.075376,-1.0705,0.1837
-0.031375,0.55792,0.016906,-0.031834,0.372,0.10689,-0.23874,0.34523,0.14025,0.16116,0.27506,0.040325,-0.36169,0.080812,0.18966,0.35449,0.097832,0.16036,-0.588,0.077999,0.1408,0.5809,0.066242,0.070416,0.0055889,0.0081918,0.068801,0,-0.046581,0,-0.085128,-0.13556,-0.020309,0.098424,-0.13267,-0.030907,-0.047587,-0.66384,0.027794,0.078942,-0.66604,0.066946,-0.059243,-1.0677,0.13732,0.05418,-1.0835,0.19015
-0.034776,0.5278,0.021783,-0.039834,0.34547,0.1165,-0.24628,0.30351,0.16602,0.17285,0.23347,0.06335,-0.36779,0.029993,0.14326,0.38262,0.052267,0.11864,-0.58102,0.075883,0.079141,0.57721,0.058529,-0.0065015,0.0039701,-0.023392,0.070088,0,-0.078634,0,-0.087057,-0.16937,-0.039432,0.10532,-0.17988,-0.011036,-0.037542,-0.66493,-0.016887,0.08128,-0.67067,0.026985,-0.055088,-1.0715,0.1264,0.050328,-1.0836,0.17501
-0.036943,0.51999,0.023552,-0.042832,0.32951,0.10845,-0.22962,0.24351,0.12941,0.18203,0.21771,0.063718,-0.36725,0.010252,0.12078,0.3691,0.039786,0.095386,-0.54946,0.070438,-0.0092032,0.53518,0.035224,-0.069516,0.00062578,-0.049006,0.069343,0,-0.10725,0,-0.084293,-0.2073,-0.026481,0.10215,-0.19073,-0.020068,-0.039842,-0.69439,-0.036042,0.083924,-0.67812,0.0016099,-0.059048,-1.0717,0.1169,0.034697,-1.0876,0.15362
-0.046754,0.51848,0.029871,-0.049707,0.32717,0.10764,-0.22642,0.1853,0.065724,0.17446,0.21597,0.061812,-0.36506,-0.007435,0.10816,0.34734,0.0085159,0.06592,-0.51313,0.037273,-0.068579,0.49917,0.0027868,-0.1134,-0.0069321,-0.060747,0.069806,0,-0.1212,0,-0.085097,-0.21685,-0.026608,0.10221,-0.2021,-0.020776,-0.04811,-0.70447,-0.038911,0.073685,-0.68899,-0.00052565,-0.067233,-1.0721,0.11587,0.027472,-1.0787,0.15907
-0.050774,0.5275,0.043839,-0.047263,0.33282,0.10778,-0.21305,0.21449,0.058223,0.17106,0.2224,0.05304,-0.33793,-0.0079386,0.13128,0.34482,0.016874,0.067171,-0.45076,0.0084555,-0.083861,0.47659,-0.023933,-0.1241,-0.0073255,-0.060086,0.069927,0,-0.12095,0,-0.082225,-0.21242,-0.032882,0.10144,-0.2016,-0.018733,-0.049555,-0.69991,-0.029549,0.074097,-0.68764,0.011493,-0.0679,-1.073,0.11775,0.026842,-1.08,0.16143
-0.05891,0.5736,0.070524,-0.046726,0.37842,0.11946,-0.22,0.25015,0.067181,0.15791,0.25808,0.046564,-0.32458,0.033942,0.14214,0.33565,0.034711,0.070688,-0.43392,-0.01158,-0.062834,0.46966,-0.037641,-0.10833,-0.0045681,-0.020814,0.071685,0,-0.081409,0,-0.080776,-0.16768,-0.020031,0.098351,-0.15293,-0.031299,-0.066671,-0.66672,0.033835,0.059194,-0.67664,0.07855,-0.076103,-1.0741,0.13529,0.018503,-1.0823,0.18146
-0.050202,0.62286,0.0606,-0.040173,0.44228,0.11652,-0.21662,0.31289,0.063691,0.15468,0.31102,0.036973,-0.29272,0.090608,0.15914,0.32479,0.071652,0.079033,-0.38525,-0.026352,-0.022813,0.45497,-0.053568,-0.068101,-0.0029525,0.026415,0.07127,0,-0.04101,0,-0.080936,-0.12562,-0.017326,0.095329,-0.1194,-0.028162,-0.067868,-0.6602,0.06722,0.055579,-0.67125,0.12167,-0.074003,-1.0723,0.13758,0.024456,-1.0821,0.1821
-0.038739,0.67887,0.057299,-0.03031,0.4983,0.10254,-0.20824,0.38181,0.053109,0.16397,0.37189,0.028219,-0.30308,0.12598,0.10938,0.32841,0.13407,0.086841,-0.36719,-0.053126,-0.023537,0.44449,-0.051634,-0.030401,-0.0016944,0.081592,0.069456,0,0.014233,0,-0.081636,-0.069561,-0.016024,0.091827,-0.06473,-0.023642,-0.072442,-0.64815,0.07515,0.065418,-0.66872,0.12083,-0.091458,-1.0348,0.11489,0.068111,-1.0536,0.15337
-0.040933,0.72835,0.028773,-0.034504,0.53854,0.10305,-0.20882,0.41835,0.031089,0.16074,0.41867,0.026775,-0.30009,0.14657,0.097664,0.30662,0.1677,0.081984,-0.36652,-0.084966,0.03244,0.41836,-0.034644,0.04926,-0.004993,0.11211,0.069647,0,0.042947,0,-0.079708,-0.042423,-0.015999,0.091198,-0.031811,-0.022759,-0.078453,-0.64558,0.070428,0.066862,-0.65156,0.10605,-0.09448,-1.0286,0.1182,0.064898,-1.0509,0.15381
-0.03791,0.7397,0.033482,-0.02899,0.56185,0.090704,-0.20654,0.46187,0.027474,0.15596,0.44367,0.021241,-0.28876,0.18603,0.091151,0.29526,0.19365,0.089747,-0.37984,-0.078169,0.11291,0.39677,-0.024421,0.10183,-0.0043449,0.1501,0.067613,0,0.083598,0,-0.079873,-7.9238e-05,-0.013198,0.089204,0.0093029,-0.020842,-0.074244,-0.55639,0.028499,0.073394,-0.56118,0.054019,-0.079426,-0.95611,0.15977,0.064335,-0.94794,0.19322
-0.033626,0.74929,0.023487,-0.023869,0.57045,0.086183,-0.20407,0.49308,0.034171,0.15325,0.46733,0.014764,-0.2824,0.22234,0.11484,0.29394,0.22857,0.10672,-0.38069,-0.01662,0.13134,0.4014,-0.015675,0.12996,-0.0015715,0.17175,0.066613,0,0.10744,0,-0.080982,0.026793,-0.010219,0.088811,0.031473,-0.022401,-0.063255,-0.48785,-0.017585,0.076806,-0.49182,0.0044031,-0.056599,-0.87794,0.1791,0.054914,-0.87274,0.21527
-0.029699,0.75384,0.0091532,-0.026019,0.57363,0.086935,-0.20393,0.49843,0.036997,0.1523,0.472,0.015591,-0.28538,0.2303,0.12199,0.29187,0.23714,0.11636,-0.41103,0.036545,0.18137,0.40997,-0.00077529,0.16807,-0.0019801,0.18185,0.066811,0,0.11916,0,-0.079561,0.036774,-0.0074783,0.088763,0.045435,-0.027402,-0.059543,-0.48217,-0.020713,0.07663,-0.48309,-0.0039371,-0.034458,-0.86876,0.18082,0.052412,-0.86004,0.21305
-0.023063,0.75002,-0.00039903,-0.024634,0.57216,0.087001,-0.20059,0.50026,0.038929,0.15621,0.47216,0.016691,-0.29172,0.24254,0.13962,0.29755,0.24797,0.13353,-0.47174,0.041888,0.2253,0.46109,0.052322,0.19763,-0.0014885,0.18264,0.066904,0,0.12045,0,-0.080113,0.037746,-0.0055098,0.087852,0.045261,-0.030939,-0.05251,-0.49133,-0.020594,0.080652,-0.48608,-0.0073453,-0.028605,-0.89207,0.15586,0.055273,-0.87612,0.18851
-0.021078,0.73322,-0.0051459,-0.019893,0.56149,0.0873,-0.20492,0.4957,0.059566,0.16426,0.45932,0.023855,-0.30584,0.24174,0.16069,0.31224,0.24429,0.14789,-0.48346,0.083833,0.20777,0.42932,0.026056,0.14699,0.00091159,0.17631,0.067008,0,0.11428,0,-0.082055,0.027746,-0.0050331,0.086191,0.032313,-0.035109,-0.049244,-0.56306,0.0021409,0.076557,-0.57718,0.026042,-0.022947,-0.94169,0.13092,0.051646,-0.95187,0.14614
-0.019603,0.72305,-0.0031241,-0.0097396,0.54185,0.086487,-0.20662,0.48442,0.075214,0.17169,0.42692,0.03271,-0.30826,0.22625,0.16751,0.32719,0.22006,0.16066,-0.49041,0.099252,0.18305,0.57806,0.04989,0.13454,0.0023648,0.16342,0.066888,0,0.10255,0,-0.082471,0.013958,-0.00069165,0.083999,0.010698,-0.044584,-0.045066,-0.64468,0.027833,0.050865,-0.64174,0.045931,-0.028174,-1.0279,0.064884,0.059204,-1.0285,0.12125
-0.015725,0.66181,0.0051661,-0.017218,0.48026,0.10816,-0.20521,0.43435,0.0925,0.17833,0.38151,0.043593,-0.31418,0.1885,0.18596,0.32872,0.1737,0.17532,-0.55621,0.097843,0.16896,0.59726,0.048999,0.093726,0.002031,0.098237,0.069756,0,0.040087,0,-0.08321,-0.046136,-0.0090372,0.089904,-0.044828,-0.039009,-0.046878,-0.64506,0.041204,0.090674,-0.55427,0.047374,-0.03431,-1.0689,0.08216,0.069725,-0.99307,0.12215
-0.023046,0.60378,0.011956,-0.0091656,0.42101,0.10092,-0.22123,0.4022,0.11449,0.17506,0.34852,0.057187,-0.33411,0.13363,0.16918,0.33141,0.1223,0.15528,-0.56039,0.095422,0.14282,0.55102,0.05313,0.044195,0.0042314,0.063707,0.068407,0,0.011183,0,-0.086613,-0.079035,-0.014047,0.092013,-0.077601,-0.035845,-0.05617,-0.65484,0.028413,0.06384,-0.66173,0.058476,-0.043823,-1.0692,0.089034,0.05527,-1.085,0.16153
-0.010885,0.56891,0.024044,-0.026131,0.37714,0.11747,-0.22175,0.34097,0.13055,0.18146,0.26783,0.047274,-0.34483,0.070994,0.14977,0.33024,0.034093,0.14095,-0.54945,0.084269,0.036912,0.55016,0.048628,-0.011021,0.0043257,0.050684,0.069018,0,0.0048964,0,-0.085634,-0.11479,0.024622,0.086502,-0.1028,-0.078301,-0.05087,-0.66142,-0.0090468,0.058088,-0.66075,0.032516,-0.042302,-1.0714,0.086582,0.04721,-1.0867,0.15262
-0.023176,0.53091,0.032234,-0.030158,0.35306,0.12275,-0.23823,0.30997,0.1856,0.17726,0.22317,0.056782,-0.34573,0.029038,0.11433,0.3407,-0.0071791,0.11028,-0.53104,0.077366,-0.018035,0.52682,0.047386,-0.068038,0.0078633,-0.028193,0.070758,0,-0.083001,0,-0.086603,-0.17293,-0.034196,0.10021,-0.17433,-0.025246,-0.052899,-0.66053,-0.032587,0.063949,-0.66443,-0.01013,-0.043155,-1.0717,0.089401,0.046374,-1.0745,0.14862
-0.02975,0.5279,0.035312,-0.039781,0.3439,0.12233,-0.21601,0.22015,0.099004,0.17952,0.20118,0.050702,-0.33063,-0.035249,0.13993,0.34599,-0.015402,0.042611,-0.48006,0.045846,-0.04309,0.50166,0.026907,-0.12881,-0.0018661,-0.054583,0.071849,0,-0.11803,0,-0.08455,-0.20501,-0.031046,0.099426,-0.19957,-0.02267,-0.05994,-0.69323,-0.036741,0.060435,-0.68613,-0.0097703,-0.050978,-1.0718,0.088887,0.036476,-1.0955,0.15003
-0.032561,0.53298,0.042237,-0.037501,0.34455,0.1213,-0.20719,0.21969,0.063738,0.17698,0.20759,0.049203,-0.32593,-0.02528,0.13791,0.33331,0.012237,0.063339,-0.45486,0.032694,-0.084739,0.47887,0.00785,-0.12284,-0.0054746,-0.054648,0.071868,0,-0.11727,0,-0.082659,-0.20315,-0.027828,0.098361,-0.19848,-0.023887,-0.062608,-0.69153,-0.036297,0.063629,-0.68455,-0.00055438,-0.061118,-1.0575,0.082225,0.034159,-1.0966,0.15271
-0.04331,0.55814,0.057072,-0.033523,0.37046,0.11496,-0.20415,0.24088,0.05826,0.16949,0.24391,0.047459,-0.30817,0.029996,0.15172,0.32988,0.045842,0.065176,-0.42895,0.013514,-0.052122,0.45737,-0.0094744,-0.12645,-0.0044507,-0.03538,0.071544,0,-0.098134,0,-0.080959,-0.18137,-0.02119,0.094435,-0.17482,-0.027612,-0.067051,-0.66898,-0.0057907,0.06091,-0.67829,0.061991,-0.057158,-1.0703,0.10583,0.028492,-1.0878,0.16326
-0.04707,0.61297,0.058643,-0.031995,0.42625,0.11531,-0.20731,0.299,0.058904,0.16503,0.3017,0.043765,-0.28032,0.078733,0.13213,0.32528,0.077596,0.055507,-0.42514,-0.0048811,-0.032954,0.45507,-0.023077,-0.11283,-0.002985,0.019827,0.071104,0,-0.043265,0,-0.081293,-0.12723,-0.018605,0.092286,-0.12061,-0.026308,-0.068975,-0.65731,0.056773,0.043944,-0.6757,0.093157,-0.060154,-1.0727,0.11395,0.026454,-1.0882,0.17344
-0.04298,0.6666,0.049938,-0.025657,0.4827,0.11756,-0.20844,0.35947,0.048807,0.1653,0.3621,0.038638,-0.30349,0.1064,0.11608,0.31825,0.10338,0.051999,-0.37672,-0.053918,-0.038353,0.44651,-0.022208,-0.098193,-0.0027611,0.066281,0.071482,0,0.00067277,0,-0.081176,-0.086343,-0.015529,0.090052,-0.075472,-0.029886,-0.066861,-0.65665,0.065809,0.044373,-0.66955,0.099423,-0.086919,-1.0623,0.080193,0.029,-1.0788,0.16234
-0.037878,0.70422,0.040777,-0.028696,0.52502,0.10901,-0.20593,0.40779,0.033061,0.16739,0.39757,0.030894,-0.29538,0.1333,0.097294,0.32398,0.15966,0.074195,-0.35987,-0.05912,-0.014159,0.42056,-0.026456,-0.036096,-0.0047549,0.10418,0.070454,0,0.037451,0,-0.080487,-0.045335,-0.01528,0.089855,-0.041581,-0.02683,-0.063626,-0.64254,0.058732,0.058192,-0.65938,0.095949,-0.077633,-1.0253,0.09303,0.046977,-1.0481,0.17692
-0.035416,0.72822,0.035205,-0.027051,0.54714,0.10176,-0.2002,0.44507,0.027938,0.16034,0.44139,0.018899,-0.28371,0.16673,0.086538,0.30717,0.18855,0.07146,-0.33518,-0.078941,0.051756,0.38792,-0.029583,0.023822,-0.0032133,0.14238,0.068915,0,0.078455,0,-0.079043,-0.0063513,-0.010159,0.087778,0.0080008,-0.028564,-0.063826,-0.56547,0.012437,0.067695,-0.59135,0.051646,-0.053986,-0.94916,0.1659,0.061136,-0.96981,0.18737
-0.029814,0.74946,0.032101,-0.031235,0.56237,0.10009,-0.20446,0.48368,0.041134,0.15821,0.45282,0.021156,-0.28169,0.20509,0.1048,0.29152,0.19984,0.093997,-0.34126,-0.075405,0.09176,0.41099,-0.074871,0.07883,-0.0034722,0.16732,0.068716,0,0.10532,0,-0.079353,0.022604,-0.0097022,0.090238,0.028744,-0.028575,-0.057132,-0.49995,-0.01965,0.080684,-0.51245,0.01541,-0.034101,-0.88538,0.18567,0.060574,-0.89356,0.2122
-0.029774,0.75274,0.026722,-0.028175,0.56492,0.095285,-0.20443,0.4911,0.04195,0.1551,0.46815,0.02217,-0.28044,0.21249,0.10695,0.28314,0.21686,0.10563,-0.36622,-0.06039,0.17079,0.373,-0.0073288,0.13193,-0.002559,0.17458,0.068119,0,0.11353,0,-0.079813,0.030901,-0.010127,0.089495,0.038489,-0.027305,-0.044667,-0.464,-0.039896,0.047698,-0.47889,-0.023909,-0.030284,-0.84875,0.16746,0.052182,-0.85748,0.19352
-0.027817,0.75048,0.011929,-0.026222,0.56383,0.092606,-0.20213,0.49519,0.045794,0.1584,0.46392,0.018638,-0.27639,0.21922,0.11979,0.28907,0.22124,0.11712,-0.38011,-0.025702,0.19421,0.38322,-0.0091671,0.14358,-0.0011678,0.17647,0.067728,0,0.11551,0,-0.080895,0.033354,-0.0072432,0.089011,0.038313,-0.030346,-0.039237,-0.46847,-0.042704,0.056805,-0.49312,-0.019918,-0.024672,-0.85913,0.15499,0.063348,-0.87404,0.19406
-0.025495,0.735,-0.00012662,-0.026449,0.55963,0.092084,-0.20546,0.4906,0.053504,0.16138,0.45733,0.020415,-0.28661,0.22832,0.15466,0.29467,0.22711,0.13805,-0.40832,0.0089398,0.22741,0.42149,-0.009333,0.19089,-0.00042254,0.17186,0.067691,0,0.11024,0,-0.081689,0.023828,-0.005896,0.089592,0.030069,-0.033794,-0.038605,-0.54965,-0.023106,0.072868,-0.5704,0.003936,-0.01435,-0.95297,0.10705,0.066187,-0.95335,0.17775
-0.024618,0.69205,-0.018917,-0.024862,0.53364,0.095624,-0.20321,0.46132,0.059917,0.16901,0.42049,0.023455,-0.28967,0.20635,0.17189,0.31049,0.20615,0.15677,-0.42633,0.023152,0.22995,0.48904,0.01412,0.21593,-0.00012162,0.14583,0.068203,0,0.084298,0,-0.078243,-0.0078514,0.0019302,0.085749,-0.0034518,-0.047962,-0.042601,-0.64028,0.0096075,0.067482,-0.65791,0.031154,-0.0083915,-1.0633,0.083781,0.073838,-1.062,0.167
-0.023436,0.66591,-0.0060886,-0.024314,0.48124,0.090273,-0.20613,0.41917,0.073532,0.17904,0.38754,0.039897,-0.29899,0.1714,0.19414,0.3293,0.1805,0.17495,-0.47521,0.033635,0.22745,0.55036,0.021297,0.19352,-0.00039286,0.11873,0.067215,0,0.061828,0,-0.07956,-0.03241,0.0055023,0.088766,-0.026899,-0.052604,-0.042864,-0.64193,0.01622,0.077262,-0.65867,0.037352,-0.042424,-1.0659,0.077899,0.079023,-1.0752,0.098414
-0.012611,0.60155,0.0034646,-0.028703,0.42796,0.097857,-0.21129,0.38153,0.087613,0.17611,0.32266,0.02592,-0.31685,0.12921,0.19166,0.35215,0.15038,0.17503,-0.52342,0.036467,0.20555,0.57528,0.034667,0.14922,0.001578,0.073388,0.06773,0,0.020925,0,-0.079519,-0.082893,0.017647,0.090728,-0.080658,-0.073313,-0.039443,-0.65022,0.014628,0.086522,-0.65813,0.037551,-0.051132,-1.0671,0.098,0.089068,-1.0736,0.10931
-0.011925,0.55694,0.014783,-0.023299,0.36909,0.10479,-0.22295,0.33542,0.12033,0.18546,0.26497,0.031527,-0.33711,0.067478,0.17993,0.37565,0.088834,0.16159,-0.56159,0.050684,0.15576,0.60208,0.040119,0.076235,0.0039073,0.061933,0.067708,0,0.016851,0,-0.080411,-0.097479,0.025686,0.090962,-0.090538,-0.083535,-0.034527,-0.65378,-0.01422,0.085427,-0.6734,0.011527,-0.050621,-1.0505,0.088308,0.071534,-1.0832,0.11508
-0.021028,0.532,0.0074858,-0.032139,0.34919,0.10027,-0.23744,0.2887,0.14978,0.19083,0.23591,0.035853,-0.34379,0.0257,0.12725,0.39747,0.045624,0.11374,-0.55643,0.065591,0.048948,0.59397,0.049369,-0.015817,0.0064651,0.033521,0.067899,0,-0.0087143,0,-0.074069,-0.14533,0.031137,0.096653,-0.11826,-0.098352,-0.043563,-0.68385,-0.070552,0.095051,-0.6748,-0.033744,-0.050486,-1.0556,0.074695,0.067211,-1.0789,0.10235
-0.047052,0.52544,0.046006,-0.044965,0.33481,0.12476,-0.22016,0.20827,0.085822,0.16767,0.21463,0.063925,-0.37167,0.0088865,0.13611,0.36492,0.037804,0.095236,-0.54241,0.076106,-0.010031,0.53775,0.057001,-0.066694,-0.0027855,-0.068137,0.071854,0,-0.12735,0,-0.082548,-0.21548,-0.018541,0.096183,-0.20689,-0.032432,-0.06777,-0.70396,-0.043283,0.070162,-0.69372,-0.012487,-0.075355,-1.0648,0.10457,0.040925,-1.0809,0.13066
-0.045414,0.52974,0.0556,-0.041698,0.33573,0.12418,-0.21454,0.20826,0.071141,0.16765,0.21613,0.061253,-0.35987,0.014272,0.12653,0.34042,0.029274,0.09225,-0.50023,0.062564,-0.058373,0.49484,0.056818,-0.11912,-0.0042691,-0.067444,0.071915,0,-0.12686,0,-0.082392,-0.21461,-0.018518,0.095864,-0.20559,-0.03198,-0.068557,-0.70308,-0.040922,0.069767,-0.69214,-0.0095245,-0.077013,-1.0677,0.1067,0.039989,-1.0815,0.13004
-0.039886,0.55174,0.063705,-0.04073,0.36059,0.12253,-0.20398,0.23637,0.060234,0.16812,0.23991,0.045888,-0.33044,0.0094155,0.12785,0.33883,0.079383,0.06838,-0.45647,0.052741,-0.069202,0.4477,0.050659,-0.14217,-0.00436,-0.041977,0.07179,0,-0.10382,0,-0.081209,-0.18308,-0.01825,0.094479,-0.18101,-0.030478,-0.063117,-0.67035,-0.0014461,0.05783,-0.67282,0.022523,-0.073062,-1.0751,0.11642,0.042212,-1.0817,0.13334
-0.039131,0.60311,0.061176,-0.019692,0.41919,0.11348,-0.20719,0.29515,0.063556,0.17128,0.29766,0.039258,-0.28706,0.052951,0.12816,0.34638,0.11336,0.032602,-0.40828,0.034295,-0.076224,0.46838,0.043245,-0.15874,0.00034455,0.015507,0.070714,0,-0.047196,0,-0.085342,-0.1313,-0.016843,0.092287,-0.12758,-0.028612,-0.061054,-0.65568,0.037741,0.06127,-0.66658,0.072904,-0.061102,-1.0753,0.11854,0.053643,-1.0807,0.13548
-0.03032,0.65713,0.036481,-0.024024,0.47478,0.10017,-0.19946,0.35701,0.047569,0.17847,0.35345,0.027481,-0.25526,0.10813,0.071959,0.34816,0.16992,0.042037,-0.38308,-0.029777,-0.067522,0.44987,0.051183,-0.13672,-0.0011958,0.080735,0.068847,0,0.018556,0,-0.079986,-0.071962,0.0084615,0.089286,-0.067527,-0.053196,-0.059937,-0.65212,0.058443,0.065277,-0.65814,0.083816,-0.05921,-1.0644,0.098644,0.08197,-1.0646,0.11264
-0.02798,0.70175,0.028127,-0.023453,0.52101,0.09447,-0.19661,0.4008,0.025515,0.17268,0.40349,0.018514,-0.28901,0.17266,0.10806,0.34097,0.17958,0.051427,-0.34411,-0.0023268,-0.038128,0.43092,0.021226,-0.096618,-0.0028783,0.093324,0.068698,0,0.025455,0,-0.081565,-0.056283,-0.0030347,0.089051,-0.050135,-0.037078,-0.063635,-0.64551,0.058011,0.068736,-0.65575,0.085194,-0.057268,-1.0571,0.10026,0.083059,-1.0642,0.1137
-0.031669,0.71936,0.021286,-0.026072,0.54623,0.082828,-0.19178,0.44537,0.020827,0.1726,0.43886,0.021982,-0.28732,0.18047,0.10748,0.33578,0.1911,0.062113,-0.34609,-0.042549,0.0095756,0.43375,-0.0065787,-0.04862,-0.0051024,0.14406,0.065816,0,0.076507,0,-0.078283,-0.0062611,-0.0080135,0.0881,-0.0034414,-0.023945,-0.062317,-0.58483,0.031255,0.079493,-0.61063,0.058726,-0.051044,-0.99096,0.12008,0.069962,-1.0299,0.13196
-0.032719,0.7435,0.012915,-0.022994,0.56028,0.073483,-0.19563,0.4806,0.019138,0.16156,0.46706,0.010642,-0.28243,0.21248,0.10557,0.31251,0.21728,0.069046,-0.34544,-0.055912,0.084644,0.40428,-0.012559,0.046561,-0.0028502,0.16555,0.064939,0,0.10077,0,-0.080379,0.020697,-0.006095,0.088121,0.024238,-0.023604,-0.050941,-0.51061,-0.014675,0.071461,-0.52549,0.010304,-0.028046,-0.92435,0.13872,0.063253,-0.94638,0.14801
-0.033317,0.74151,-0.0070835,-0.024195,0.56429,0.070884,-0.19682,0.48608,0.018683,0.16087,0.47034,0.0095022,-0.2788,0.21761,0.10804,0.30426,0.21981,0.078106,-0.34665,-0.053157,0.12187,0.39127,-0.0057599,0.082801,-0.0031301,0.17417,0.064531,0,0.10948,0,-0.080127,0.028889,-0.0079603,0.088792,0.032519,-0.021261,-0.052638,-0.45828,-0.051206,0.062059,-0.47314,-0.033835,-0.028946,-0.84985,0.14577,0.048561,-0.87892,0.12962
-0.035442,0.74084,-0.017755,-0.02127,0.5623,0.068676,-0.20353,0.49625,0.029613,0.16299,0.47002,0.01085,-0.27812,0.22643,0.12102,0.29899,0.22309,0.097651,-0.37841,-0.038852,0.19675,0.39699,-0.021188,0.14824,-0.0010951,0.17797,0.064444,0,0.11494,0,-0.080969,0.032959,-0.0042627,0.088606,0.035985,-0.026073,-0.048906,-0.45498,-0.049874,0.062516,-0.47409,-0.033095,-0.01886,-0.84861,0.14294,0.049958,-0.87955,0.13024
-0.037291,0.72506,-0.030904,-0.02298,0.55636,0.068815,-0.21176,0.49683,0.044371,0.16259,0.46252,0.015035,-0.28771,0.2307,0.14326,0.29655,0.22338,0.11946,-0.4158,-0.020097,0.21263,0.40881,-0.01801,0.1539,3.1922e-06,0.17707,0.064364,0,0.11436,0,-0.082081,0.030166,-0.003405,0.08854,0.034382,-0.027887,-0.053169,-0.51369,-0.037647,0.063845,-0.53344,-0.016973,-0.025163,-0.9175,0.13661,0.036372,-0.92336,0.13411
-0.028687,0.70903,-0.032881,-0.028775,0.53002,0.068373,-0.21485,0.47614,0.0615,0.16932,0.43939,0.01925,-0.29201,0.211,0.162,0.31317,0.21151,0.13297,-0.43562,0.0067593,0.2253,0.48834,0.0043631,0.19851,0.00065196,0.15666,0.064148,0,0.094403,0,-0.082908,-0.00065028,-0.00063951,0.090304,0.01084,-0.032497,-0.041283,-0.59417,-0.011773,0.075612,-0.52886,-0.013532,-0.023286,-0.99008,0.092622,0.052391,-0.96005,0.095037
-0.031552,0.67845,-0.023487,-0.024744,0.49155,0.074969,-0.21168,0.4541,0.065464,0.17228,0.40377,0.031115,-0.30371,0.20214,0.18172,0.32958,0.18978,0.15215,-0.46951,0.020857,0.2256,0.51065,0.011215,0.19478,-0.00085211,0.13701,0.064632,0,0.079335,0,-0.08064,-0.013697,0.0041871,0.087718,-0.012079,-0.046326,-0.050911,-0.63395,-0.0042893,0.069505,-0.65561,0.022412,-0.03264,-1.0504,0.077817,0.051436,-1.075,0.11219
-0.02748,0.61448,-0.0045127,-0.019391,0.43683,0.085479,-0.22236,0.4054,0.11158,0.17753,0.35339,0.04713,-0.3246,0.14808,0.21102,0.35282,0.15536,0.17032,-0.50406,0.017348,0.23772,0.57301,-0.0003559,0.16755,0.0039039,0.083028,0.066113,0,0.028228,0,-0.08199,-0.064081,0.00038732,0.090724,-0.062719,-0.045633,-0.043743,-0.63462,0.0065324,0.084433,-0.66489,0.040426,-0.036736,-1.0601,0.095163,0.06023,-1.0788,0.12955
-0.020143,0.55268,-0.0022739,-0.01325,0.37824,0.085618,-0.22912,0.36553,0.12261,0.16778,0.29139,0.038755,-0.33271,0.097304,0.19661,0.36117,0.10959,0.16049,-0.54111,0.013685,0.20725,0.59199,-0.0057528,0.10005,0.0054532,0.071653,0.06569,0,0.023623,0,-0.083368,-0.081678,0.013674,0.085878,-0.078357,-0.062574,-0.03715,-0.64616,-0.0062408,0.08006,-0.6557,0.0321,-0.057581,-1.0464,0.091608,0.046475,-1.0866,0.14016
-0.029077,0.52683,0.012007,-0.018849,0.34332,0.10444,-0.23855,0.29397,0.13856,0.17192,0.24891,0.073691,-0.35798,0.023515,0.18685,0.36147,0.043567,0.13877,-0.58306,0.020327,0.1503,0.57954,0.0031285,0.052584,0.0036974,-0.019737,0.069127,0,-0.072468,0,-0.085748,-0.16405,-0.01427,0.094287,-0.16143,-0.039673,-0.032676,-0.67407,-0.03494,0.06475,-0.64731,-0.012799,-0.063875,-1.045,0.096679,0.037419,-1.064,0.13455
-0.035059,0.50336,0.016381,-0.019432,0.32577,0.10229,-0.24,0.23947,0.13402,0.18041,0.21381,0.065913,-0.36169,0.0031129,0.16747,0.35964,0.028319,0.12359,-0.56988,0.045496,0.074735,0.55245,0.0043479,-0.017888,0.0046017,-0.03476,0.06821,0,-0.088975,0,-0.08671,-0.18868,-0.0066175,0.095496,-0.17979,-0.04341,-0.045307,-0.68102,-0.053768,0.084963,-0.68053,-0.027537,-0.067248,-1.0422,0.082449,0.031432,-1.0879,0.13504
-0.046613,0.50481,0.027897,-0.031329,0.32181,0.10334,-0.23029,0.20107,0.079309,0.17083,0.21142,0.064122,-0.3755,-0.0047115,0.15429,0.34416,0.02784,0.10191,-0.54789,0.066683,0.011203,0.50243,0.023972,-0.087087,-0.004359,-0.059538,0.069202,0,-0.12155,0,-0.083723,-0.21309,-0.018453,0.096667,-0.20187,-0.028939,-0.055428,-0.70026,-0.053534,0.074218,-0.68934,-0.024429,-0.075236,-1.0415,0.082574,0.02238,-1.0971,0.13796
-0.047643,0.51165,0.032008,-0.031583,0.32803,0.10187,-0.22799,0.21379,0.077825,0.16796,0.21655,0.053058,-0.35963,0.021616,0.13502,0.32922,0.043071,0.079183,-0.5082,0.064231,-0.045363,0.46008,0.02398,-0.11957,-0.002692,-0.056666,0.069151,0,-0.11801,0,-0.083757,-0.2082,-0.017355,0.096248,-0.19875,-0.028978,-0.057409,-0.69554,-0.048336,0.066009,-0.68501,-0.011579,-0.076149,-1.0769,0.10949,0.023378,-1.1004,0.13643
-0.041302,0.56265,0.032597,-0.022728,0.3813,0.10276,-0.21859,0.26139,0.074122,0.16829,0.2537,0.041202,-0.3313,0.022476,0.14798,0.32201,0.074856,0.078911,-0.47111,0.061102,-0.040819,0.4496,0.031885,-0.11809,0.00077337,-0.012521,0.069215,0,-0.07279,0,-0.084166,-0.15689,-0.010133,0.091839,-0.15507,-0.034475,-0.064889,-0.65138,-0.0024846,0.055021,-0.66508,0.043426,-0.06226,-1.0365,0.09688,0.035463,-1.0982,0.14785
-0.034655,0.60739,0.041598,-0.018562,0.42642,0.10429,-0.21062,0.29739,0.05732,0.16939,0.31807,0.039399,-0.30463,0.097875,0.17315,0.33322,0.14001,0.064886,-0.41472,0.037186,-0.030128,0.44545,0.036988,-0.11752,4.1073e-05,0.027597,0.06925,0,-0.036212,0,-0.083589,-0.12127,-0.01283,0.089987,-0.11709,-0.030852,-0.058537,-0.64046,0.033817,0.057731,-0.66722,0.068027,-0.053635,-1.0345,0.098958,0.043874,-1.0993,0.15178
-0.029238,0.66468,0.031961,-0.023466,0.47959,0.10336,-0.20991,0.3662,0.050367,0.16868,0.36565,0.038046,-0.27552,0.14005,0.13939,0.33159,0.15727,0.057538,-0.39382,0.022442,-0.028577,0.44084,0.038116,-0.11588,-0.0020476,0.072038,0.06939,0,0.0079765,0,-0.082744,-0.07356,-0.016221,0.090783,-0.074897,-0.026235,-0.064951,-0.63982,0.055269,0.064489,-0.66161,0.087082,-0.060736,-1.0409,0.079742,0.058509,-1.0743,0.1347
-0.029813,0.70658,0.020618,-0.014459,0.52041,0.089193,-0.20549,0.4129,0.046822,0.17439,0.41689,0.037079,-0.30018,0.18066,0.13213,0.33256,0.17,0.056613,-0.36855,0.013687,-0.024276,0.43635,0.024088,-0.10417,-0.00086903,0.11666,0.06736,0,0.050576,0,-0.083256,-0.038117,-0.011329,0.088725,-0.030173,-0.026522,-0.060828,-0.63916,0.055358,0.071323,-0.65698,0.087198,-0.060854,-1.038,0.082441,0.083638,-1.0453,0.13834
-0.027085,0.72152,0.011674,-0.010244,0.54306,0.076797,-0.19941,0.46629,0.035652,0.17331,0.44525,0.023335,-0.29716,0.20117,0.12282,0.3299,0.20836,0.07226,-0.36251,-0.01633,0.0044904,0.43507,-0.010187,-0.043349,-0.00030581,0.15566,0.064963,0,0.093021,0,-0.081867,0.015178,-0.0047777,0.085641,0.0095995,-0.02664,-0.06791,-0.58522,0.025214,0.076375,-0.58713,0.047672,-0.055314,-0.96265,0.12232,0.093356,-0.98076,0.153
-0.026035,0.73158,0.0080295,-0.0036466,0.56623,0.069044,-0.20153,0.47799,0.034738,0.16918,0.46246,0.024815,-0.29523,0.20987,0.11856,0.31722,0.21566,0.083136,-0.37547,-0.054051,0.080267,0.40295,-0.015623,0.01918,0.0003903,0.17699,0.064264,0,0.11176,0,-0.084702,0.029894,-0.0084094,0.086583,0.030697,-0.021693,-0.06335,-0.50798,-0.013979,0.071604,-0.52642,0.019155,-0.045523,-0.92091,0.14414,0.050084,-0.93222,0.16168
-0.02606,0.7392,0.0027921,-0.0047242,0.56709,0.059629,-0.20427,0.49717,0.0374,0.17005,0.46744,0.026014,-0.28514,0.22349,0.11803,0.30625,0.21085,0.092445,-0.38523,-0.064127,0.12932,0.39467,-0.029402,0.093021,0.0005298,0.1857,0.063382,0,0.12158,0,-0.084969,0.038255,-0.0074389,0.087571,0.038789,-0.020228,-0.06662,-0.46563,-0.038927,0.06317,-0.51103,0.0071963,-0.037877,-0.86655,0.14253,0.039648,-0.89055,0.17077
-0.031876,0.73514,-0.0053257,-0.029146,0.55953,0.072181,-0.21233,0.50658,0.047164,0.16596,0.47376,0.027126,-0.28523,0.22928,0.12463,0.30262,0.21937,0.098974,-0.39681,-0.052774,0.15162,0.39979,-0.029645,0.11159,-0.00083658,0.18627,0.06391,0,0.12421,0,-0.082932,0.039583,-0.0072038,0.089116,0.041782,-0.023055,-0.059108,-0.47807,-0.038655,0.066881,-0.51192,0.0070506,-0.036395,-0.87795,0.14564,0.037759,-0.89671,0.16724
-0.02809,0.70811,-0.022865,-0.027347,0.55352,0.073443,-0.21139,0.49842,0.051147,0.16373,0.46769,0.028071,-0.28948,0.22598,0.1374,0.2996,0.21652,0.1089,-0.4168,-0.020006,0.18965,0.41229,-0.029002,0.13541,-0.00081944,0.17762,0.064437,0,0.11572,0,-0.081672,0.03,-0.0083455,0.089274,0.036452,-0.023281,-0.061014,-0.53271,-0.026963,0.050452,-0.56699,0.01913,-0.056547,-0.92158,0.12509,0.026735,-0.9228,0.15262
-0.020093,0.70201,-0.024555,-0.02469,0.52351,0.076906,-0.20817,0.47856,0.075469,0.16666,0.44249,0.034413,-0.28876,0.20712,0.16263,0.31446,0.20197,0.12361,-0.44079,0.0061513,0.22397,0.43998,-0.018704,0.15385,0.00098746,0.14494,0.065194,0,0.083278,0,-0.078641,-0.0051035,-0.0023133,0.085931,-0.0016019,-0.034164,-0.0618,-0.63868,0.0058247,0.052193,-0.64127,0.029709,-0.053209,-1.0649,0.068289,0.017365,-1.0389,0.091421
-0.031444,0.65426,-0.020564,-0.018317,0.483,0.087503,-0.22148,0.42932,0.096665,0.1605,0.39319,0.037111,-0.30572,0.17703,0.19489,0.32888,0.1761,0.14293,-0.45828,0.02259,0.24444,0.51972,-0.0042132,0.17645,0.0041929,0.1148,0.066205,0,0.055896,0,-0.081103,-0.033032,-0.006327,0.087803,-0.025092,-0.033749,-0.064026,-0.64034,0.0062195,0.056708,-0.64354,0.033808,-0.06669,-1.072,0.069905,0.027486,-1.0578,0.094572
-0.017902,0.61757,-0.00088637,-0.023518,0.42947,0.10049,-0.22112,0.39906,0.1084,0.17251,0.35148,0.052182,-0.32622,0.14117,0.20659,0.34621,0.14056,0.1612,-0.50341,0.012631,0.24997,0.53549,0.0061137,0.15856,0.0020094,0.079569,0.067534,0,0.027788,0,-0.082031,-0.063091,-0.008934,0.08989,-0.060968,-0.039945,-0.068798,-0.64885,0.0026985,0.063655,-0.64336,0.033669,-0.092773,-1.0744,0.092484,0.035294,-1.0657,0.12794
-0.031312,0.54451,0.010232,-0.013045,0.37148,0.11283,-0.23558,0.36432,0.15692,0.16279,0.27656,0.058855,-0.33503,0.084958,0.20515,0.36884,0.089601,0.15781,-0.55556,0.035459,0.20764,0.59817,0.012314,0.13338,0.0073846,0.015141,0.069327,0,-0.036251,0,-0.086618,-0.12343,-0.021432,0.092247,-0.125,-0.033881,-0.067078,-0.66146,-0.0034944,0.064281,-0.64199,0.027259,-0.090373,-1.0791,0.10564,0.023301,-1.0678,0.15106
