-0.018503,0.53746,0.053704,-0.022101,0.35498,0.088764,-0.18769,0.24009,0.038903,0.18761,0.24925,0.052796,-0.32002,0.067469,0.10395,0.37363,0.069164,0.047149,-0.40082,-0.026985,-0.072595,0.45612,-0.024483,-0.12901,-0.0053036,-0.01966,0.064156,0,-0.080467,0,-0.084017,-0.16728,-0.016367,0.09223,-0.15889,-0.022925,-0.050936,-0.62599,0.011301,0.055224,-0.6273,0.029202,-0.036177,-1.0197,0.12194,0.02841,-1.0128,0.14125
-0.019758,0.57597,0.045888,-0.018794,0.39563,0.095531,-0.18836,0.28111,0.040133,0.17351,0.28501,0.032094,-0.32109,0.09325,0.1111,0.33754,0.1039,0.084218,-0.40193,-0.048942,-0.025683,0.43925,-0.052565,-0.084484,-0.0019047,0.011416,0.06547,0,-0.048989,0,-0.082679,-0.12545,-0.015433,0.08986,-0.1252,-0.025532,-0.054396,-0.61164,0.050906,0.046075,-0.62647,0.078326,-0.037965,-1.0151,0.12843,0.028959,-1.0119,0.14703
-0.017133,0.61622,0.044268,-0.010611,0.45201,0.10247,-0.17947,0.32885,0.030603,0.17598,0.33637,0.029976,-0.30161,0.10703,0.11254,0.32457,0.11864,0.084217,-0.37037,-0.081184,0.01384,0.40647,-0.066779,-0.021672,-0.0016673,0.052452,0.066271,0,-0.012847,0,-0.082143,-0.094925,-0.012821,0.086138,-0.087569,-0.027236,-0.05211,-0.61238,0.059028,0.050604,-0.62681,0.08551,-0.042668,-1.013,0.12814,0.035463,-1.0063,0.13725
-0.018625,0.65976,0.036682,-0.020651,0.48346,0.084475,-0.18143,0.36552,0.022688,0.15809,0.36813,0.013828,-0.2825,0.13001,0.097743,0.28567,0.14294,0.082368,-0.36398,-0.092319,0.080433,0.37373,-0.072108,0.049538,-0.0018573,0.081569,0.064713,0,0.01593,0,-0.077829,-0.059572,-0.011067,0.084907,-0.053401,-0.022907,-0.061743,-0.58907,0.04438,0.055553,-0.6048,0.067128,-0.054744,-0.99022,0.13332,0.023535,-0.98538,0.14318
-0.014103,0.67309,0.019196,-0.023598,0.49428,0.083273,-0.18339,0.39414,0.020586,0.1534,0.39241,0.013155,-0.27464,0.1544,0.095538,0.26917,0.16456,0.090407,-0.36486,-0.084276,0.11462,0.35987,-0.064165,0.10451,-0.0030257,0.11217,0.063461,0,0.050233,0,-0.07727,-0.026862,-0.012765,0.085424,-0.022255,-0.018055,-0.058801,-0.50984,-0.007474,0.066558,-0.50081,0.004323,-0.059562,-0.89224,0.13318,0.019671,-0.86846,0.16939
-0.015963,0.67767,0.011342,-0.025148,0.50536,0.076828,-0.18085,0.42114,0.022152,0.15516,0.40413,0.012585,-0.26841,0.18502,0.10847,0.2663,0.18151,0.1053,-0.3594,-0.017744,0.15643,0.38404,-0.045047,0.16272,-0.0032936,0.1273,0.06275,0,0.065181,0,-0.07644,-0.011669,-0.008139,0.084652,-0.0058598,-0.022801,-0.058438,-0.47645,-0.028622,0.065971,-0.46728,-0.03513,-0.053909,-0.85174,0.12756,0.019001,-0.81903,0.15778
-0.012213,0.67877,-0.001133,-0.024201,0.50518,0.076027,-0.18132,0.42375,0.025593,0.15512,0.40575,0.01398,-0.27548,0.19966,0.12945,0.27229,0.19479,0.12101,-0.39549,0.017841,0.20426,0.40928,-0.025637,0.19518,-0.0028298,0.12974,0.062757,0,0.068115,0,-0.076486,-0.0098505,-0.006252,0.08455,-0.002797,-0.025073,-0.056145,-0.48435,-0.02404,0.067662,-0.46419,-0.03519,-0.046515,-0.85866,0.13429,0.023277,-0.82355,0.14605
-0.014878,0.67023,-0.006297,-0.024627,0.50444,0.078931,-0.18215,0.42373,0.028803,0.15481,0.40555,0.016874,-0.27725,0.20561,0.14196,0.28864,0.21779,0.14172,-0.42359,0.065907,0.2158,0.44351,0.01672,0.19599,-0.0028887,0.1283,0.063388,0,0.066816,0,-0.07569,-0.012184,-0.009726,0.084209,-0.0038284,-0.023938,-0.065034,-0.56337,0.003302,0.073188,-0.46866,-0.023689,-0.039496,-0.89851,0.10215,0.031769,-0.84997,0.11537
-0.010814,0.66318,-0.00096,-0.021158,0.49208,0.084862,-0.17643,0.41194,0.041557,0.16767,0.39311,0.03482,-0.30179,0.22162,0.17037,0.30273,0.20966,0.16377,-0.47158,0.091734,0.23771,0.49268,0.048262,0.20119,-0.0030613,0.11076,0.064178,0,0.048661,0,-0.0766,-0.029829,-0.0117,0.08348,-0.027877,-0.024248,-0.064372,-0.62146,0.022195,0.043944,-0.60787,0.023931,-0.046669,-0.99018,0.04379,0.028049,-0.97545,0.075773
-0.0073435,0.64101,-0.003866,-0.012081,0.46147,0.089165,-0.1686,0.36575,0.041946,0.18468,0.3561,0.058146,-0.31201,0.20157,0.18443,0.32318,0.18042,0.19308,-0.50058,0.12506,0.23208,0.52371,0.0667,0.17713,-0.0049138,0.085333,0.064464,0,0.024914,0,-0.078985,-0.051506,-0.01055,0.083743,-0.055439,-0.027205,-0.069057,-0.61307,0.019258,0.045151,-0.61013,0.031466,-0.060371,-1.0043,0.04739,0.030128,-1.0125,0.05316
-0.0052883,0.5835,0.012335,-0.0082624,0.40617,0.098254,-0.17272,0.34233,0.060923,0.18856,0.30659,0.060787,-0.32756,0.17416,0.18916,0.33788,0.13445,0.18248,-0.53458,0.12667,0.19622,0.56444,0.071595,0.12133,-0.0027728,0.037165,0.0654,0,-0.018955,0,-0.083287,-0.098366,-0.023114,0.086141,-0.099336,-0.019818,-0.074234,-0.62469,0.012717,0.0514,-0.63024,0.037495,-0.068402,-1.0123,0.063096,0.034475,-1.0151,0.095611
-0.0096451,0.53998,0.028442,-0.0059116,0.36533,0.10822,-0.16562,0.26376,0.043491,0.1844,0.26991,0.071157,-0.34625,0.12036,0.16889,0.33988,0.10444,0.17206,-0.56492,0.13727,0.15297,0.56193,0.063254,0.064298,-0.0048364,-0.004983,0.067155,0,-0.062165,0,-0.082356,-0.13529,-0.015228,0.084289,-0.13601,-0.027586,-0.072988,-0.64485,-0.010513,0.054006,-0.64572,0.029761,-0.070666,-1.0197,0.079039,0.026691,-1.0249,0.1241
-0.0073858,0.50638,0.036133,-0.015866,0.32898,0.11569,-0.17239,0.24572,0.069904,0.18404,0.22023,0.083913,-0.35028,0.065481,0.15449,0.338,0.054922,0.14999,-0.54744,0.12323,0.079901,0.54546,0.04953,-0.008239,-0.005756,-0.041572,0.067875,0,-0.096189,0,-0.083714,-0.18142,-0.042295,0.090465,-0.18245,-0.007344,-0.065643,-0.64224,-0.034657,0.053691,-0.64236,-0.004722,-0.070526,-1.0223,0.083927,0.011803,-1.0323,0.1138
-0.0074998,0.48892,0.037007,-0.01882,0.3087,0.11513,-0.17375,0.18615,0.051176,0.18174,0.19537,0.074838,-0.35408,0.035711,0.12635,0.33772,0.037586,0.12935,-0.51864,0.10243,0.009235,0.51668,0.016041,-0.083641,-0.0062326,-0.068319,0.067892,0,-0.12537,0,-0.081441,-0.2053,-0.024808,0.088993,-0.19955,-0.019343,-0.06173,-0.66617,-0.055802,0.055503,-0.65963,-0.01753,-0.068858,-1.0236,0.077914,0.0075634,-1.0458,0.10901
-0.0096518,0.4851,0.043603,-0.016367,0.30232,0.11293,-0.17599,0.18446,0.051645,0.18189,0.19229,0.071826,-0.34358,0.029018,0.12678,0.33666,0.023472,0.10668,-0.47586,0.067957,-0.039558,0.49033,-0.016502,-0.12443,-0.0055392,-0.070393,0.067757,0,-0.12692,0,-0.081857,-0.20708,-0.024192,0.088725,-0.20278,-0.020516,-0.063649,-0.66774,-0.058983,0.056776,-0.66286,-0.019159,-0.068873,-1.0242,0.076743,0.0079091,-1.0484,0.10912
-0.012475,0.48965,0.04598,-0.015491,0.30716,0.11063,-0.17171,0.1882,0.037506,0.17937,0.19536,0.064768,-0.33789,0.029868,0.12789,0.3358,0.028764,0.0986,-0.44956,0.038262,-0.058477,0.47684,-0.025982,-0.12672,-0.0065767,-0.069702,0.067595,0,-0.12685,0,-0.081627,-0.20654,-0.023735,0.088312,-0.20224,-0.021019,-0.065741,-0.6673,-0.055912,0.057104,-0.66222,-0.017943,-0.068834,-1.0234,0.079235,0.0061294,-1.0484,0.10816
-0.022683,0.53199,0.059982,-0.019753,0.35191,0.10381,-0.1879,0.22924,0.047003,0.17684,0.24587,0.060005,-0.31842,0.06247,0.16236,0.32737,0.054854,0.080302,-0.41634,0.018479,-0.026963,0.46601,-0.040587,-0.13006,-0.0044988,-0.025678,0.066538,0,-0.084186,0,-0.08228,-0.16886,-0.017472,0.089316,-0.16085,-0.026024,-0.075703,-0.63452,-0.01702,0.050036,-0.64157,0.007052,-0.071544,-1.0228,0.08345,0.0083987,-1.0293,0.11601
-0.016804,0.56742,0.053122,-0.013101,0.40109,0.11064,-0.18183,0.28245,0.041905,0.16871,0.28459,0.043832,-0.31264,0.092234,0.16733,0.32655,0.070307,0.08108,-0.39331,0.0078174,-0.01592,0.44921,-0.05366,-0.10204,-0.0026451,0.0040826,0.067379,0,-0.057386,0,-0.082207,-0.12941,-0.020464,0.085435,-0.13049,-0.023436,-0.07458,-0.62908,0.014258,0.045005,-0.61516,0.054005,-0.065155,-1.0156,0.077766,0.026825,-1.0086,0.10279
-0.0060448,0.62709,0.033748,-0.013197,0.45144,0.097146,-0.17704,0.33452,0.042756,0.1758,0.33179,0.033692,-0.30711,0.12789,0.11871,0.31786,0.09767,0.050668,-0.37764,-0.025091,-0.013049,0.43696,-0.055594,-0.059983,-0.00094947,0.057403,0.065739,0,-0.0060559,0,-0.079101,-0.08555,-0.016459,0.084044,-0.084216,-0.021876,-0.074008,-0.60629,0.024004,0.057943,-0.61514,0.06459,-0.064691,-0.99475,0.053388,0.0433,-1.0069,0.087558
-0.0073285,0.6564,0.037272,-0.018274,0.4822,0.099835,-0.17815,0.38643,0.034969,0.16787,0.36725,0.023534,-0.29222,0.15328,0.10517,0.30737,0.14037,0.073642,-0.35785,-0.058199,0.017314,0.40064,-0.050616,-0.005471,-0.001995,0.086344,0.066111,0,0.022886,0,-0.07845,-0.049311,-0.016755,0.084081,-0.051112,-0.021046,-0.071863,-0.58907,0.020016,0.059936,-0.60355,0.057241,-0.077024,-0.95521,0.051321,0.046308,-0.95404,0.09765
-0.0081911,0.67776,0.037622,-0.015589,0.5104,0.09249,-0.17708,0.41447,0.027408,0.15994,0.41242,0.017692,-0.28079,0.17576,0.096173,0.28093,0.17656,0.072446,-0.3435,-0.052134,0.042536,0.38517,-0.053405,0.039796,-0.0010993,0.12355,0.064877,0,0.061455,0,-0.077027,-0.014218,-0.016147,0.08194,-0.011371,-0.018424,-0.069524,-0.51941,-0.007927,0.053435,-0.53739,0.023872,-0.07716,-0.88383,0.08973,0.04237,-0.89413,0.15132
-0.0077724,0.69362,0.023614,-0.015499,0.52293,0.091907,-0.17289,0.43388,0.018512,0.15924,0.41862,0.0178,-0.27015,0.19444,0.092421,0.27094,0.18416,0.088461,-0.35536,-0.054795,0.10708,0.36047,-0.045684,0.092219,-0.0030428,0.13797,0.06485,0,0.076022,0,-0.07636,0.0037627,-0.015872,0.080821,0.0062799,-0.018287,-0.060911,-0.47044,-0.03567,0.067493,-0.47511,-0.004784,-0.057732,-0.84248,0.12943,0.032765,-0.8417,0.16749
-0.0089626,0.69532,0.022208,-0.016826,0.52815,0.090252,-0.17327,0.43805,0.019608,0.15929,0.42061,0.01827,-0.27198,0.20403,0.1045,0.26529,0.19233,0.10818,-0.38389,-0.037201,0.15167,0.36565,-0.040718,0.13542,-0.0031994,0.14224,0.06469,0,0.079887,0,-0.07608,0.0064386,-0.014771,0.081241,0.0094064,-0.019129,-0.057892,-0.46904,-0.036096,0.065512,-0.47639,-0.005194,-0.08333,-0.79393,0.1272,0.03087,-0.84022,0.1691
-0.012493,0.69115,0.018035,-0.018171,0.52693,0.091467,-0.18008,0.44297,0.030079,0.1526,0.41759,0.01738,-0.27636,0.21736,0.13304,0.2637,0.19698,0.11708,-0.40373,0.023645,0.17395,0.39659,-0.015825,0.18424,-0.0018291,0.14198,0.064753,0,0.079824,0,-0.075914,0.0061763,-0.014107,0.080522,0.0093532,-0.021183,-0.052559,-0.48563,-0.029789,0.058039,-0.46668,-0.00496,-0.059272,-0.86889,0.10489,0.022372,-0.84194,0.15077
-0.014995,0.6804,0.012188,-0.021803,0.51404,0.093553,-0.1887,0.43183,0.050452,0.15537,0.41048,0.030943,-0.29455,0.21024,0.15318,0.27652,0.20062,0.13958,-0.43645,0.046824,0.18146,0.42883,0.0041835,0.20055,-0.0012171,0.13491,0.064899,0,0.074133,0,-0.076445,-0.0037912,-0.01284,0.081991,3.6866e-05,-0.024389,-0.059376,-0.5684,0.004952,0.035214,-0.61347,0.051963,-0.049012,-0.95561,0.080746,0.020275,-0.9654,0.10829
-0.014405,0.64508,0.014349,-0.016707,0.48086,0.10272,-0.18735,0.41321,0.062857,0.16842,0.38323,0.04836,-0.29895,0.19572,0.16786,0.29888,0.18022,0.15895,-0.47245,0.071555,0.19256,0.48169,0.019997,0.19541,-0.0018815,0.10771,0.066076,0,0.049785,0,-0.079219,-0.031945,-0.013867,0.083205,-0.029502,-0.028989,-0.057732,-0.58964,0.01032,0.043422,-0.61645,0.055298,-0.056573,-1.0006,0.067015,0.024489,-0.99604,0.11055
-0.0113,0.60035,0.023519,-0.018901,0.4287,0.10886,-0.18605,0.36273,0.070731,0.17064,0.34408,0.065888,-0.31758,0.16173,0.18345,0.31695,0.15872,0.18529,-0.52314,0.084374,0.19109,0.5341,0.028331,0.17216,-0.0032183,0.065822,0.066792,0,0.011979,0,-0.079446,-0.065547,-0.015363,0.085822,-0.061784,-0.029071,-0.0642,-0.59523,0.014162,0.048321,-0.61297,0.057525,-0.097783,-0.99723,0.065094,0.032674,-1.0025,0.14806
-0.01279,0.55032,0.039232,-0.025942,0.38245,0.12616,-0.17548,0.30489,0.065181,0.18401,0.28873,0.078482,-0.32569,0.11823,0.17911,0.33612,0.11206,0.18715,-0.54879,0.099736,0.17371,0.57391,0.039397,0.11751,-0.0069913,0.014409,0.069188,0,-0.038487,0,-0.079798,-0.11543,-0.022575,0.089256,-0.115,-0.028732,-0.06228,-0.61871,0.010725,0.060661,-0.62067,0.058373,-0.068916,-1.0093,0.1147,0.031266,-1.0145,0.17226
-0.012155,0.51818,0.044813,-0.024188,0.34043,0.13222,-0.18387,0.25537,0.086813,0.17337,0.23105,0.080987,-0.35378,0.066167,0.17265,0.35037,0.059271,0.17303,-0.54638,0.11245,0.10108,0.55678,0.047378,0.061957,-0.0043082,-0.037393,0.070276,0,-0.091369,0,-0.08156,-0.16858,-0.049228,0.090269,-0.17125,-0.004757,-0.062349,-0.63416,-0.009196,0.060679,-0.62841,0.034317,-0.066547,-1.0129,0.11581,0.012595,-1.0171,0.15719
-0.013267,0.50203,0.04994,-0.026871,0.32295,0.1294,-0.18551,0.21282,0.081131,0.1784,0.20889,0.085665,-0.36285,0.033213,0.12767,0.33858,0.014176,0.14228,-0.53763,0.1177,0.043736,0.55374,0.061041,-0.009781,-0.0052798,-0.0531,0.069759,0,-0.10789,0,-0.081026,-0.18701,-0.045021,0.09105,-0.18925,-0.007358,-0.061891,-0.64688,-0.031168,0.064229,-0.64863,0.007995,-0.066113,-1.0137,0.11001,0.0087492,-1.0284,0.15009
-0.016994,0.49558,0.050483,-0.023354,0.31062,0.12179,-0.18769,0.19129,0.058249,0.17616,0.19728,0.075065,-0.3428,-0.016259,0.13303,0.34402,0.0081204,0.12317,-0.48793,0.11177,-0.006234,0.53974,0.060584,-0.067255,-0.0060022,-0.065348,0.068656,0,-0.12132,0,-0.081165,-0.20678,-0.029304,0.089983,-0.19755,-0.013708,-0.062496,-0.66739,-0.038787,0.063115,-0.65669,0.003529,-0.06345,-1.014,0.10255,0.0079155,-1.0364,0.14592
-0.017753,0.4964,0.05434,-0.024659,0.3119,0.12096,-0.18633,0.19346,0.05436,0.1737,0.1981,0.070474,-0.34236,0.031066,0.10732,0.33659,0.019155,0.10386,-0.46913,0.10231,-0.053447,0.4842,0.043429,-0.082344,-0.0060446,-0.065362,0.068567,0,-0.12162,0,-0.080736,-0.20563,-0.028165,0.089733,-0.19767,-0.014343,-0.063559,-0.6662,-0.037305,0.062695,-0.65643,0.006514,-0.06301,-1.014,0.10213,0.006525,-1.0373,0.14633
-0.022509,0.51984,0.063969,-0.019696,0.33999,0.1143,-0.18618,0.21394,0.04577,0.16819,0.22187,0.062124,-0.33191,0.051004,0.11294,0.32081,0.048203,0.098424,-0.45051,0.092045,-0.065228,0.47001,0.04064,-0.086644,-0.0055034,-0.049426,0.068202,0,-0.10871,0,-0.080393,-0.18468,-0.024876,0.088169,-0.18317,-0.017916,-0.064327,-0.64368,-0.001201,0.050343,-0.66049,0.053815,-0.0642,-1.014,0.10279,0.014218,-1.0252,0.15978
-0.020746,0.57107,0.060213,-0.018826,0.39551,0.11785,-0.17507,0.26926,0.044158,0.16911,0.28078,0.053993,-0.30146,0.094285,0.13686,0.33472,0.080878,0.069949,-0.41769,0.077206,-0.071612,0.47037,0.034689,-0.092912,-0.004107,0.0048437,0.06847,0,-0.054968,0,-0.079367,-0.13016,-0.020689,0.085576,-0.12835,-0.022987,-0.070289,-0.6278,0.032763,0.051653,-0.6274,0.081771,-0.056845,-1.0113,0.10308,0.021535,-1.0229,0.15936
-0.019535,0.62203,0.043527,-0.018507,0.44855,0.10309,-0.18339,0.33006,0.039789,0.16914,0.33904,0.05039,-0.29684,0.12948,0.15727,0.31969,0.10627,0.053861,-0.36509,0.050419,-0.039577,0.4492,0.020086,-0.098641,-0.0043086,0.057232,0.066461,0,-0.0046944,0,-0.078135,-0.082654,-0.015864,0.084368,-0.082854,-0.02443,-0.072193,-0.62479,0.043169,0.046213,-0.62704,0.081751,-0.062581,-1.0007,0.065753,0.046851,-1.0049,0.11334
-0.020161,0.64659,0.038888,-0.013023,0.47822,0.09269,-0.18642,0.36837,0.028545,0.16708,0.36486,0.036469,-0.29065,0.16798,0.1052,0.30905,0.12815,0.049371,-0.35543,0.029785,-0.048195,0.43535,-0.0047195,-0.078094,-0.0035616,0.082269,0.065245,0,0.01828,0,-0.079396,-0.059805,-0.016651,0.083732,-0.056991,-0.01972,-0.076167,-0.60636,0.039554,0.051448,-0.62,0.080962,-0.081005,-0.98022,0.05916,0.051933,-0.97966,0.11498
-0.015795,0.68669,0.025834,-0.012938,0.51235,0.085336,-0.17985,0.41927,0.023706,0.16136,0.40793,0.025269,-0.28248,0.18187,0.10045,0.29773,0.16897,0.044463,-0.3412,0.022724,-0.031722,0.41108,-0.0077521,-0.02266,-0.0028384,0.12499,0.063871,0,0.061425,0,-0.078251,-0.010061,-0.017344,0.082292,-0.013415,-0.015331,-0.076215,-0.54457,0.008161,0.05831,-0.58336,0.055272,-0.087912,-0.92068,0.067027,0.05905,-0.91134,0.13885
-0.015564,0.69313,0.02522,-0.021955,0.52871,0.086692,-0.17937,0.43293,0.021462,0.16009,0.42198,0.02434,-0.27764,0.1926,0.095977,0.2876,0.1887,0.08156,-0.33987,-0.040444,0.029496,0.40093,-0.017841,0.016473,-0.0044222,0.14306,0.064102,0,0.080671,0,-0.076342,0.0033561,-0.018696,0.083459,0.0099842,-0.014331,-0.064646,-0.49423,-0.016383,0.06175,-0.51007,0.022228,-0.072054,-0.85817,0.10366,0.045011,-0.86418,0.16291
-0.015375,0.69848,0.021082,-0.021687,0.53183,0.087479,-0.1811,0.44687,0.022801,0.15668,0.4309,0.02501,-0.27265,0.20166,0.092191,0.27651,0.1951,0.086706,-0.34483,-0.051294,0.054163,0.35758,-0.020018,0.078601,-0.0045365,0.14884,0.064212,0,0.087023,0,-0.07594,0.010862,-0.017941,0.083063,0.016359,-0.015606,-0.054077,-0.48189,-0.021486,0.057362,-0.48854,0.008414,-0.066463,-0.8507,0.11034,0.032446,-0.84524,0.15827
-0.015943,0.69475,0.008144,-0.021667,0.52919,0.087348,-0.18711,0.45191,0.02997,0.15341,0.43175,0.024288,-0.27156,0.20169,0.093261,0.2666,0.19761,0.098419,-0.37981,-0.052625,0.12102,0.35673,-0.025604,0.096305,-0.0031828,0.14941,0.064175,0,0.088226,0,-0.076805,0.011906,-0.014649,0.082159,0.017789,-0.019477,-0.050732,-0.48409,-0.02224,0.0556,-0.49046,0.005559,-0.062355,-0.85151,0.10938,0.022703,-0.85486,0.14377
-0.019688,0.68816,0.002451,-0.02427,0.52415,0.089198,-0.19044,0.44797,0.039601,0.15025,0.4257,0.027696,-0.27625,0.20151,0.11184,0.26259,0.19667,0.11398,-0.40917,-0.036701,0.15939,0.36745,-0.024449,0.12409,-0.0027306,0.14693,0.064311,0,0.086362,0,-0.076493,0.0090671,-0.013265,0.082058,0.015493,-0.02203,-0.048345,-0.51913,-0.018536,0.056606,-0.48045,0.003952,-0.061952,-0.88944,0.099567,0.01414,-0.87816,0.10544
-0.021728,0.65804,-0.005306,-0.021998,0.49562,0.092513,-0.19515,0.42602,0.057129,0.15259,0.40929,0.041223,-0.28288,0.18287,0.13591,0.27554,0.18517,0.12666,-0.43274,-0.017472,0.17112,0.41492,-0.032607,0.14962,-0.0020223,0.13456,0.064488,0,0.077253,0,-0.07652,-0.0078995,-0.003855,0.078132,-0.0018559,-0.036629,-0.048386,-0.59103,-0.001495,0.026699,-0.59887,0.023743,-0.052337,-0.97561,0.0673,0.0087922,-0.97702,0.10464
-0.020493,0.60767,0.000413,-0.01795,0.44559,0.10162,-0.19243,0.37704,0.066163,0.15808,0.35744,0.05281,-0.30156,0.14832,0.15672,0.30079,0.15205,0.15017,-0.43578,-0.010877,0.18063,0.48792,-0.012695,0.16633,-0.0020045,0.089012,0.065744,0,0.035994,0,-0.074759,-0.050439,0.001909,0.081237,-0.03718,-0.046107,-0.041559,-0.60024,0.000474,0.055274,-0.65123,0.046065,-0.050359,-1.0091,0.070124,0.014805,-1.007,0.098585
-0.025703,0.56441,0.02461,-0.028982,0.3992,0.11553,-0.19556,0.33511,0.083167,0.16733,0.33175,0.080325,-0.31101,0.11251,0.17948,0.31875,0.129,0.17192,-0.49469,0.0022108,0.20043,0.53636,-0.0098074,0.16946,-0.004606,0.035639,0.067824,0,-0.017682,0,-0.079124,-0.099012,-0.020999,0.090095,-0.092951,-0.027957,-0.044101,-0.61332,0.00577,0.066473,-0.60452,0.027558,-0.093476,-1.0129,0.0995,0.014124,-0.99839,0.13738
-0.020287,0.51661,0.038706,-0.022959,0.34095,0.12152,-0.18884,0.26697,0.079648,0.16596,0.25286,0.082498,-0.32395,0.060695,0.18418,0.33746,0.074711,0.18571,-0.52282,0.006209,0.18904,0.53957,0.01133,0.15171,-0.0049089,-0.021838,0.068544,0,-0.074159,0,-0.078232,-0.15131,-0.025781,0.086618,-0.14864,-0.023926,-0.051632,-0.6326,-0.011667,0.063523,-0.60457,0.025491,-0.094009,-1.0166,0.10203,0.012326,-0.99734,0.13915
-0.02274,0.48588,0.041379,-0.032585,0.31068,0.12525,-0.19354,0.22269,0.10458,0.1733,0.20227,0.086023,-0.35193,0.014724,0.17626,0.35251,0.034755,0.17202,-0.5581,0.031458,0.1504,0.54814,0.028654,0.089599,-0.003834,-0.055717,0.069115,0,-0.10899,0,-0.079648,-0.1877,-0.035429,0.093005,-0.19391,-0.015369,-0.049433,-0.64758,-0.053099,0.055801,-0.65295,-0.012443,-0.087568,-1.0128,0.077554,-0.004387,-1.0366,0.12144
-0.028555,0.47617,0.044963,-0.038958,0.29605,0.12019,-0.20243,0.17093,0.078243,0.16747,0.19495,0.083844,-0.36457,0.0062374,0.17019,0.34883,0.028795,0.16061,-0.55322,0.061376,0.079199,0.53548,0.044706,0.027511,-0.0063555,-0.073023,0.068397,0,-0.12751,0,-0.076938,-0.21223,-0.030206,0.091704,-0.20249,-0.018103,-0.052453,-0.67204,-0.060963,0.057366,-0.6617,-0.017237,-0.091527,-1.0123,0.074368,-0.010744,-1.0398,0.12649
-0.032464,0.47433,0.049252,-0.038815,0.29246,0.11607,-0.20299,0.16969,0.071808,0.16547,0.19176,0.076985,-0.3725,0.0082464,0.14806,0.34325,0.041537,0.13012,-0.53249,0.077691,0.013323,0.50043,0.050529,-0.028613,-0.0063854,-0.076501,0.067796,0,-0.13165,0,-0.077388,-0.21597,-0.029141,0.09201,-0.20658,-0.018081,-0.054568,-0.67562,-0.063403,0.055693,-0.66557,-0.018706,-0.071237,-1.0147,0.083242,0.014589,-0.97138,0.10639
-0.034792,0.49168,0.06104,-0.032655,0.30966,0.11824,-0.19897,0.18798,0.060882,0.16393,0.19973,0.067642,-0.3653,0.023686,0.13526,0.34755,0.05224,0.10865,-0.49779,0.071346,-0.034818,0.48544,0.044829,-0.079228,-0.0063501,-0.06942,0.068131,0,-0.12578,0,-0.078615,-0.20589,-0.024658,0.09086,-0.20025,-0.020114,-0.058702,-0.66589,-0.049056,0.060449,-0.65824,0.003023,-0.077551,-1.0105,0.075864,-0.011645,-1.0259,0.12576
-0.034919,0.53677,0.068932,-0.026695,0.36036,0.11061,-0.19648,0.24009,0.056454,0.16899,0.25024,0.059031,-0.34256,0.050713,0.13258,0.36457,0.097478,0.066087,-0.46603,0.038625,-0.047961,0.49466,0.037506,-0.098205,-0.0043989,-0.015859,0.067305,0,-0.073147,0,-0.081605,-0.15526,-0.021041,0.091324,-0.14887,-0.02453,-0.053768,-0.62331,0.000425,0.040582,-0.62144,0.034168,-0.087063,-0.95342,0.054541,-0.0055038,-1.0232,0.12301
-0.030291,0.58734,0.056587,-0.017455,0.41648,0.11034,-0.19878,0.29804,0.059429,0.16857,0.30012,0.047065,-0.32385,0.10133,0.13602,0.36305,0.10186,0.057212,-0.42961,0.015189,-0.034582,0.48376,0.014255,-0.10126,-0.001137,0.032158,0.067507,0,-0.028462,0,-0.082066,-0.11117,-0.017976,0.088579,-0.10591,-0.026982,-0.058706,-0.62173,0.033365,0.032964,-0.61466,0.067249,-0.085727,-0.95312,0.04726,-0.0047455,-1.0254,0.11693
-0.032656,0.6313,0.032203,-0.019115,0.46685,0.10236,-0.19497,0.35208,0.050044,0.16182,0.35482,0.040298,-0.3122,0.11845,0.12321,0.33195,0.13641,0.056776,-0.38591,-0.033558,-0.011518,0.45819,-0.0051998,-0.043801,-0.0015911,0.070221,0.066458,0,0.007905,0,-0.078126,-0.06983,-0.012979,0.084522,-0.066426,-0.026722,-0.059211,-0.62181,0.036118,0.036862,-0.61552,0.067543,-0.071053,-1.0007,0.051995,0.049275,-0.99543,0.099787
-0.028427,0.66997,0.03626,-0.014185,0.48888,0.092128,-0.1844,0.38635,0.029735,0.16414,0.38367,0.033278,-0.29004,0.15049,0.11041,0.31672,0.16316,0.087304,-0.36003,-0.037543,0.027889,0.42913,-0.017192,0.016812,-0.002905,0.10285,0.064632,0,0.040594,0,-0.07795,-0.03812,-0.013482,0.08252,-0.032253,-0.021873,-0.062239,-0.57073,0.020885,0.047006,-0.61224,0.063399,-0.090749,-0.95694,0.069097,0.042759,-0.95425,0.12835
-0.023509,0.69087,0.032084,-0.016192,0.52177,0.080026,-0.18026,0.44245,0.031407,0.15623,0.43017,0.02207,-0.26426,0.19458,0.10441,0.29335,0.20339,0.086121,-0.33208,-0.057137,0.078995,0.42428,-0.033559,0.063941,-0.001662,0.14852,0.062803,0,0.08833,0,-0.077078,0.011931,-0.009502,0.082764,0.018079,-0.021794,-0.056993,-0.504,-0.012785,0.069464,-0.51707,0.01819,-0.051554,-0.86332,0.14523,0.037421,-0.88939,0.1585
-0.027322,0.69868,0.026483,-0.016974,0.538,0.077456,-0.1854,0.45325,0.035111,0.14978,0.44025,0.025481,-0.26594,0.20653,0.11393,0.28155,0.21357,0.097631,-0.33661,-0.048798,0.12359,0.40386,-0.024781,0.11805,-0.0016917,0.16361,0.062595,0,0.10206,0,-0.077196,0.026519,-0.010993,0.083046,0.030661,-0.020007,-0.047663,-0.43297,-0.045521,0.057365,-0.45179,-0.01003,-0.045134,-0.79154,0.14724,0.029696,-0.81802,0.16798
-0.029568,0.69924,0.01943,-0.016959,0.53887,0.078113,-0.18739,0.46033,0.037981,0.14587,0.44311,0.024589,-0.26702,0.21436,0.11957,0.27562,0.21897,0.10513,-0.3687,-0.041983,0.15912,0.39289,-0.027395,0.13057,-0.0012577,0.16563,0.062678,0,0.10449,0,-0.076354,0.030445,-0.010519,0.082441,0.032752,-0.020463,-0.048986,-0.42848,-0.051671,0.052836,-0.4502,-0.014637,-0.043968,-0.78694,0.14145,0.028384,-0.81565,0.16539
-0.024897,0.69556,0.009871,-0.01643,0.53481,0.07978,-0.19408,0.46964,0.053129,0.14806,0.44198,0.021673,-0.26873,0.22152,0.13378,0.27662,0.22091,0.11,-0.40741,-0.0096735,0.17131,0.39666,-0.015297,0.14886,0.0012055,0.1652,0.0627,0,0.10486,0,-0.077153,0.028772,-0.009311,0.083101,0.032293,-0.023078,-0.05413,-0.46579,-0.033487,0.051681,-0.48277,-0.005961,-0.041333,-0.82567,0.15143,0.031908,-0.83284,0.16183
-0.026392,0.69036,0.003751,-0.018019,0.52198,0.085004,-0.19477,0.46044,0.063987,0.1521,0.43023,0.033516,-0.27646,0.21611,0.14843,0.28469,0.21885,0.13485,-0.40169,0.024582,0.16742,0.4474,0.006492,0.17913,0.0006045,0.15813,0.063251,0,0.09969,0,-0.077671,0.02034,-0.008504,0.08347,0.025828,-0.025221,-0.052373,-0.53282,-0.002191,0.059365,-0.54011,0.017266,-0.040546,-0.89607,0.099835,0.035938,-0.89274,0.12292
-0.018639,0.67081,0.002994,-0.01699,0.50553,0.089906,-0.19912,0.43948,0.0773,0.16679,0.4097,0.047847,-0.28428,0.19684,0.16307,0.31064,0.20311,0.14509,-0.44273,0.048843,0.18643,0.46917,0.01775,0.16346,0.0002269,0.14472,0.064117,0,0.088042,0,-0.080626,-0.0013569,6.8e-05,0.082653,0.007431,-0.034948,-0.058568,-0.60208,0.017333,0.075216,-0.60878,0.033143,-0.062725,-0.98471,0.061469,0.067929,-0.97481,0.11061
-0.022699,0.62508,9.6e-05,-0.012069,0.45722,0.096416,-0.19398,0.39548,0.079044,0.16569,0.35854,0.052336,-0.30472,0.16394,0.16613,0.32424,0.16661,0.15522,-0.47693,0.048209,0.18133,0.52369,0.020753,0.122,0.0002868,0.10703,0.064917,0,0.053949,0,-0.077618,-0.031671,0.000864,0.081748,-0.022915,-0.043559,-0.062631,-0.60729,0.012843,0.074014,-0.60941,0.027852,-0.07595,-0.99269,0.054715,0.073646,-0.98793,0.11353
-0.017589,0.57317,0.013377,-0.037731,0.405,0.11026,-0.21045,0.36517,0.12207,0.1792,0.3248,0.067907,-0.29774,0.11787,0.17428,0.33426,0.13514,0.16294,-0.50607,0.044468,0.14509,0.52336,0.028015,0.092071,-0.0007428,0.053867,0.066779,0,0.0021123,0,-0.079948,-0.083942,-0.026954,0.095728,-0.080328,-0.025242,-0.058262,-0.623,0.013661,0.082924,-0.6185,0.031508,-0.089234,-1.0133,0.094088,0.081901,-0.9985,0.144
-0.02562,0.51929,0.030032,-0.011695,0.34862,0.11853,-0.20959,0.29472,0.12379,0.16154,0.25717,0.068688,-0.3229,0.049578,0.16252,0.33251,0.061367,0.1326,-0.52994,0.041779,0.12791,0.52814,0.018965,0.036701,0.0039312,-0.0043174,0.06773,0,-0.054953,0,-0.083455,-0.13573,-0.021484,0.088088,-0.13403,-0.031228,-0.054324,-0.62822,0.002004,0.07817,-0.6146,0.031581,-0.08301,-1.0023,0.099681,0.073219,-1.0045,0.16386
-0.022366,0.49876,0.028179,-0.023272,0.32478,0.11464,-0.22164,0.2607,0.15927,0.17525,0.21407,0.072306,-0.32487,0.014065,0.14159,0.31236,-0.0078406,0.12122,-0.51462,0.050874,0.049696,0.50163,0.016975,-0.030257,0.0053875,-0.028912,0.066708,0,-0.081304,0,-0.084899,-0.16443,-0.032108,0.096762,-0.17594,-0.015007,-0.047209,-0.65879,-0.052219,0.07106,-0.63543,-0.012893,-0.069623,-1.015,0.091114,0.069937,-1.0155,0.14159
-0.037771,0.48196,0.040591,-0.045303,0.30851,0.10884,-0.21618,0.20019,0.09803,0.15724,0.20027,0.063214,-0.33975,0.00013845,0.12608,0.29209,-0.011887,0.10712,-0.50438,0.042752,-0.008574,0.45984,0.019559,-0.093077,-0.0040954,-0.065133,0.0667,0,-0.12402,0,-0.0777,-0.20692,-0.030111,0.090032,-0.1957,-0.019952,-0.068441,-0.66687,-0.062533,0.05012,-0.65426,-0.024559,-0.087036,-1.0116,0.07857,0.043121,-1.0344,0.1298
-0.042757,0.48904,0.053408,-0.044096,0.3085,0.10961,-0.20581,0.18306,0.055528,0.15666,0.19926,0.061368,-0.33372,-0.0041091,0.13084,0.30054,0.0034877,0.082603,-0.46233,0.021965,-0.045339,0.41989,-0.0054691,-0.1023,-0.0087168,-0.066173,0.066984,0,-0.12426,0,-0.077415,-0.20723,-0.027124,0.090195,-0.19613,-0.020294,-0.07029,-0.6671,-0.060413,0.051607,-0.65439,-0.015164,-0.08743,-1.0115,0.077938,0.045655,-1.0066,0.13421
-0.039044,0.50374,0.060741,-0.03491,0.32253,0.10971,-0.19659,0.20279,0.053132,0.16103,0.20948,0.052383,-0.326,-0.0017496,0.13071,0.30761,0.022825,0.074794,-0.43561,-0.00078891,-0.06085,0.42344,-0.01076,-0.10947,-0.0060179,-0.056353,0.066726,0,-0.11403,0,-0.079894,-0.19136,-0.018468,0.089907,-0.18807,-0.023618,-0.084151,-0.65847,-0.028437,0.058162,-0.65075,0.010949,-0.083605,-1.0114,0.072385,0.049616,-1.0069,0.12875
-0.031493,0.55413,0.053417,-0.023232,0.37761,0.11057,-0.19218,0.25712,0.045567,0.15595,0.26188,0.03232,-0.29969,0.055713,0.12717,0.30061,0.074976,0.069929,-0.41575,-0.029801,-0.037603,0.415,-0.014479,-0.097454,-0.001924,-0.0097408,0.06754,0,-0.071214,0,-0.078324,-0.14975,-0.013268,0.086035,-0.14342,-0.029039,-0.077598,-0.63607,0.010808,0.06276,-0.62776,0.050386,-0.082901,-1.0084,0.057909,0.05709,-1.0067,0.12113
-0.02933,0.59595,0.04708,-0.01123,0.43191,0.10425,-0.18858,0.3136,0.049472,0.1615,0.31339,0.029785,-0.28448,0.082804,0.11547,0.31341,0.081858,0.053296,-0.36797,-0.046607,-0.039278,0.42292,-0.045134,-0.084759,0.0010357,0.037052,0.066456,0,-0.025123,0,-0.080054,-0.10264,-0.012694,0.084111,-0.10181,-0.027512,-0.080328,-0.61337,0.028854,0.065019,-0.62659,0.077841,-0.087598,-1.0005,0.028219,0.066778,-1.0054,0.10973
-0.025054,0.6523,0.033712,-0.014665,0.48432,0.094691,-0.18617,0.37044,0.037665,0.16005,0.35609,0.018784,-0.28754,0.12372,0.10018,0.31173,0.13314,0.063257,-0.34719,-0.054154,-0.004905,0.40813,-0.054715,-0.04355,-8.96e-05,0.085526,0.065447,0,0.019625,0,-0.076665,-0.057554,-0.008585,0.081412,-0.053596,-0.026803,-0.079202,-0.60914,0.025814,0.066243,-0.62372,0.06869,-0.08911,-0.9952,0.019114,0.067553,-1.0039,0.098492
-0.019468,0.6729,0.029877,-0.012797,0.49814,0.092489,-0.17996,0.40391,0.02948,0.16607,0.40727,0.023073,-0.27328,0.15356,0.091049,0.2967,0.16531,0.056953,-0.3367,-0.060529,0.058744,0.39909,-0.05543,0.015683,-0.0009735,0.1167,0.06472,0,0.057133,0,-0.078608,-0.018618,-0.012091,0.083802,-0.019564,-0.024599,-0.073358,-0.55266,0.018245,0.067371,-0.57428,0.047733,-0.0844,-0.922,0.079663,0.061755,-0.94296,0.11794
-0.01564,0.68886,0.028617,-0.016974,0.52171,0.085112,-0.17981,0.44632,0.038268,0.16473,0.42111,0.022441,-0.26008,0.19244,0.10281,0.2836,0.18,0.079327,-0.33422,-0.061339,0.1171,0.38621,-0.052496,0.071905,-0.0015209,0.15087,0.063524,0,0.090728,0,-0.078211,0.013944,-0.007744,0.084459,0.018698,-0.026635,-0.060463,-0.47935,-0.019025,0.064438,-0.48948,0.009577,-0.058305,-0.83481,0.14642,0.047151,-0.84428,0.17193
-0.017565,0.69318,0.025324,-0.016556,0.52535,0.082008,-0.18351,0.45696,0.044776,0.1594,0.42829,0.023107,-0.26286,0.20924,0.12565,0.28133,0.19861,0.10416,-0.35444,-0.025253,0.17827,0.38663,-0.025979,0.13513,-0.000543,0.15699,0.062914,0,0.097423,0,-0.078598,0.022807,-0.009585,0.084495,0.023889,-0.023605,-0.057371,-0.4365,-0.045006,0.039683,-0.45282,-0.014294,-0.048922,-0.79812,0.14439,0.035488,-0.80731,0.18664
-0.018472,0.69798,0.015499,-0.014564,0.52767,0.079768,-0.19349,0.47658,0.066067,0.15486,0.42991,0.019786,-0.26575,0.23018,0.1549,0.28026,0.21273,0.12094,-0.38544,0.0048426,0.2112,0.39021,-0.015186,0.14858,0.003028,0.16441,0.062434,0,0.1059,0,-0.079155,0.031235,-0.010792,0.084122,0.029724,-0.02413,-0.11141,-0.42737,-0.045873,0.036502,-0.4564,-0.014378,-0.063465,-0.79413,0.12963,0.031557,-0.81239,0.18445
-0.017931,0.68886,0.005369,-0.018956,0.52275,0.086346,-0.19297,0.47245,0.068918,0.15604,0.42649,0.02492,-0.26813,0.2308,0.16586,0.28991,0.2166,0.12984,-0.40472,0.04974,0.23859,0.46161,0.011637,0.20137,0.0019304,0.16108,0.063305,0,0.10368,0,-0.079857,0.027031,-0.008727,0.085561,0.027729,-0.026762,-0.10897,-0.4322,-0.025781,0.043186,-0.50808,0.017226,-0.05868,-0.80677,0.13465,0.032206,-0.87686,0.18581
-0.013876,0.682,-0.000865,-0.015232,0.51264,0.090206,-0.19795,0.45833,0.10577,0.17174,0.40881,0.040538,-0.27068,0.21102,0.1757,0.31766,0.20502,0.14242,-0.41181,0.079532,0.24118,0.42498,0.010892,0.14603,0.0048734,0.15657,0.063607,0,0.10071,0,-0.082349,0.012196,0.010021,0.085504,0.020755,-0.0394,-0.077876,-0.49408,-0.002436,0.055915,-0.59115,0.057101,-0.058246,-0.89447,0.10292,0.028341,-0.97853,0.15861
-0.012648,0.64854,0.005447,-0.0067611,0.47691,0.095814,-0.18891,0.41683,0.092368,0.18155,0.38169,0.048544,-0.28546,0.18463,0.19289,0.34233,0.18608,0.1456,-0.44943,0.074145,0.24579,0.54563,0.049475,0.13682,0.0033296,0.13258,0.064545,0,0.080497,0,-0.080665,-0.0073637,0.006773,0.082984,-0.0049741,-0.0478,-0.062034,-0.59808,0.024942,0.057716,-0.61618,0.052027,-0.081017,-0.97042,0.10977,0.035105,-0.98346,0.15522
-0.0068428,0.58923,0.009827,-0.011705,0.42818,0.11148,-0.19547,0.39135,0.11347,0.18041,0.34438,0.054499,-0.29862,0.15238,0.19538,0.35579,0.16161,0.15159,-0.49505,0.085336,0.20519,0.57697,0.054508,0.094801,0.0041312,0.071456,0.066801,0,0.018806,0,-0.083282,-0.06294,-0.016575,0.087987,-0.063989,-0.034071,-0.060459,-0.59832,0.023003,0.061734,-0.61483,0.048951,-0.095148,-0.98682,0.11917,0.038524,-0.98425,0.15375
-0.020261,0.53306,0.026216,-0.021147,0.37366,0.11462,-0.20653,0.33022,0.12382,0.17049,0.28306,0.061959,-0.31563,0.093723,0.18977,0.3501,0.10771,0.15199,-0.524,0.079383,0.16714,0.54663,0.059264,0.052232,0.0028881,0.015882,0.06723,0,-0.03678,0,-0.085571,-0.1174,-0.038319,0.094031,-0.12034,-0.013344,-0.06803,-0.60079,0.023668,0.054399,-0.61486,0.049508,-0.10508,-0.99225,0.15055,0.03463,-0.992,0.16964
-0.015292,0.5053,0.025325,-0.011583,0.32496,0.11964,-0.21767,0.28011,0.15801,0.17693,0.2331,0.078949,-0.33333,0.037037,0.15268,0.3578,0.048735,0.11364,-0.53633,0.081465,0.10676,0.55067,0.046422,0.00213,0.0058547,-0.015916,0.067434,0,-0.063723,0,-0.088173,-0.14806,-0.03731,0.094141,-0.15177,-0.016573,-0.066125,-0.61754,-0.008951,0.049857,-0.61632,0.02859,-0.10585,-0.99906,0.14059,0.027453,-1.0044,0.16661
-0.019821,0.47646,0.022207,-0.020883,0.30898,0.10888,-0.23187,0.2475,0.1656,0.17501,0.19142,0.059584,-0.33793,0.0080956,0.11582,0.33596,-0.011359,0.09318,-0.51955,0.062081,0.01292,0.51247,0.017834,-0.056873,0.0071631,-0.04361,0.065456,0,-0.096956,0,-0.08528,-0.18909,-0.027061,0.095378,-0.18267,-0.026289,-0.081006,-0.64907,-0.046997,0.048334,-0.63923,-0.009599,-0.10723,-0.99552,0.11463,0.018108,-0.99791,0.13945
-0.0257,0.46913,0.041012,-0.02492,0.30336,0.11033,-0.19508,0.17047,0.071485,0.17093,0.18708,0.057556,-0.33295,-0.0051733,0.1115,0.33024,-0.018049,0.085991,-0.48188,0.034729,-0.044231,0.50968,-0.00847,-0.10183,-0.0018473,-0.073413,0.067498,0,-0.13318,0,-0.083159,-0.20834,-0.027766,0.090128,-0.208,-0.021443,-0.087049,-0.66819,-0.048224,0.042264,-0.66473,-0.011253,-0.10683,-0.98693,0.10626,0.016303,-0.99357,0.13638
-0.030974,0.48409,0.049238,-0.02586,0.30418,0.10945,-0.19381,0.17935,0.063577,0.17006,0.18815,0.055981,-0.32519,-0.006466,0.11179,0.33082,-0.017149,0.071866,-0.44284,0.0049707,-0.075196,0.48605,-0.032539,-0.095372,-0.0032922,-0.072224,0.06715,0,-0.13121,0,-0.080431,-0.20694,-0.023252,0.089547,-0.2068,-0.022524,-0.091449,-0.66654,-0.044785,0.042664,-0.66321,-0.007298,-0.10645,-0.99103,0.10904,0.015342,-0.99301,0.13586
-0.032579,0.52233,0.059081,-0.020548,0.3381,0.1056,-0.18692,0.2189,0.044891,0.1639,0.21109,0.045164,-0.30622,0.0073803,0.13065,0.32966,-0.0046595,0.066359,-0.41787,-0.010146,-0.059816,0.47449,-0.055045,-0.090348,-0.0042023,-0.050229,0.066703,0,-0.11051,0,-0.079089,-0.18692,-0.017906,0.087148,-0.18523,-0.024089,-0.084416,-0.64535,0.001258,0.040573,-0.63672,0.03426,-0.11305,-0.99134,0.10582,0.0099611,-0.99256,0.13395
-0.029878,0.55741,0.049228,-0.021637,0.38499,0.10273,-0.18705,0.26416,0.043357,0.15817,0.26815,0.030567,-0.26421,0.051455,0.10559,0.31959,0.043557,0.061806,-0.3982,-0.031376,-0.046518,0.45606,-0.056444,-0.075683,-0.001514,-0.00054311,0.06619,0,-0.062037,0,-0.078535,-0.13839,-0.016548,0.085815,-0.13516,-0.022795,-0.091332,-0.60973,0.038799,0.035697,-0.62781,0.085727,-0.11576,-0.99011,0.1048,0.0099227,-0.99125,0.13569
-0.031345,0.61337,0.027402,-0.024744,0.44418,0.097696,-0.18978,0.32645,0.048465,0.15717,0.32429,0.022415,-0.28446,0.088092,0.089642,0.30921,0.10628,0.06991,-0.37308,-0.054565,-0.04959,0.42777,-0.062552,-0.047078,-0.000195,0.039469,0.065798,0,-0.027364,0,-0.082876,-0.10853,-0.048207,0.092266,-0.098346,0.014066,-0.091297,-0.60438,0.054296,0.039751,-0.6221,0.097838,-0.11941,-0.98872,0.094543,0.023157,-0.98291,0.13222
-0.03025,0.64961,0.014631,-0.022585,0.48244,0.082657,-0.19507,0.38101,0.039013,0.16044,0.36607,0.015058,-0.28596,0.12422,0.087632,0.29652,0.12948,0.061757,-0.34728,-0.057948,-0.009587,0.41391,-0.070019,-0.011608,-0.0006628,0.095581,0.063198,0,0.030582,0,-0.078222,-0.049831,-0.01284,0.085912,-0.045768,-0.020152,-0.089888,-0.60309,0.050091,0.046575,-0.61625,0.090346,-0.11614,-0.96563,0.090327,0.037109,-0.97715,0.12759
-0.025485,0.6711,0.008475,-0.020205,0.50579,0.077834,-0.18769,0.40981,0.028696,0.16098,0.39547,0.016526,-0.27699,0.15449,0.084159,0.28912,0.15579,0.067678,-0.34666,-0.06119,0.05037,0.39258,-0.05832,0.045226,-0.0018977,0.12185,0.062674,0,0.058666,0,-0.077787,-0.018802,-0.009419,0.084483,-0.015683,-0.022072,-0.085785,-0.54208,0.035635,0.05857,-0.56922,0.063434,-0.10022,-0.9052,0.12765,0.04899,-0.94473,0.14289
-0.020908,0.67861,0.00737,-0.020689,0.51827,0.074239,-0.1835,0.44286,0.036751,0.16144,0.41761,0.019317,-0.26258,0.18241,0.086957,0.27987,0.17515,0.077278,-0.35267,-0.060321,0.11354,0.38659,-0.078066,0.092265,-0.0016524,0.14799,0.061815,0,0.087417,0,-0.078687,0.011194,-0.012181,0.086341,0.012021,-0.017956,-0.063578,-0.4748,-0.003723,0.057495,-0.47271,0.003367,-0.065442,-0.83944,0.17966,0.046922,-0.838,0.18843
-0.024246,0.6852,0.006959,-0.02228,0.52128,0.073605,-0.18552,0.45919,0.040841,0.156,0.42874,0.019763,-0.26516,0.20631,0.11262,0.27155,0.19633,0.10519,-0.35321,-0.018045,0.15248,0.35258,-0.018009,0.12624,-0.0015142,0.16041,0.061622,0,0.1022,0,-0.0777,0.025647,-0.007406,0.0858,0.02936,-0.023743,-0.049504,-0.44119,-0.023868,0.060188,-0.45579,-0.00588,-0.061353,-0.79767,0.17176,0.038321,-0.78505,0.23083
-0.024305,0.68593,0.004033,-0.023508,0.52189,0.074781,-0.18603,0.46186,0.041835,0.15558,0.42872,0.018369,-0.26527,0.2137,0.12539,0.27996,0.20895,0.11889,-0.37758,0.02684,0.19266,0.39813,-0.0062708,0.1665,-0.0013838,0.16102,0.06186,0,0.10277,0,-0.077456,0.0265,-0.005529,0.085755,0.029375,-0.024966,-0.046957,-0.44243,-0.024562,0.060223,-0.4577,-0.00609,-0.02143,-0.79902,0.17388,0.041041,-0.7887,0.2288
-0.01734,0.68239,-0.012755,-0.019717,0.5194,0.07673,-0.19438,0.46309,0.070704,0.15722,0.42304,0.019449,-0.27438,0.21388,0.15162,0.28714,0.21671,0.13596,-0.41274,0.052954,0.23167,0.4565,0.028254,0.19638,0.0030078,0.15893,0.06168,0,0.10034,0,-0.079251,0.020677,-0.003422,0.084906,0.024228,-0.027373,-0.036082,-0.51134,0.007895,0.070505,-0.52706,0.036145,-0.0026762,-0.90057,0.14295,0.053452,-0.8604,0.23427
-0.021887,0.66574,-0.024171,-0.016609,0.50806,0.076216,-0.19893,0.4514,0.084081,0.16137,0.4049,0.023974,-0.28938,0.2125,0.17926,0.30398,0.21155,0.14657,-0.4322,0.068896,0.2318,0.47154,0.05301,0.1849,0.0045284,0.14581,0.061686,0,0.08649,0,-0.078659,-0.0046953,0.003986,0.084107,0.0059563,-0.034559,-0.043501,-0.61274,0.048277,0.068152,-0.60637,0.059529,-0.022383,-0.97608,0.11902,0.075844,-0.98709,0.13157
-0.011252,0.62293,-0.02207,-0.012619,0.45794,0.080907,-0.19266,0.41342,0.082794,0.17709,0.37211,0.040839,-0.29589,0.18671,0.19053,0.33466,0.18733,0.15946,-0.47032,0.08106,0.22551,0.50187,0.060895,0.15457,0.0020809,0.12629,0.062137,0,0.073286,0,-0.078836,-0.015876,0.005602,0.084189,-0.014758,-0.044917,-0.042419,-0.61305,0.047706,0.083027,-0.61706,0.062683,-0.041877,-0.97978,0.10817,0.07819,-1.0002,0.1521
-0.027405,0.57227,-0.006084,-0.035801,0.40373,0.095715,-0.2149,0.38768,0.11153,0.16633,0.32838,0.051615,-0.32044,0.14762,0.19215,0.33766,0.15904,0.1736,-0.5282,0.084255,0.21318,0.56564,0.057631,0.10832,-5e-06,0.059973,0.064618,0,0.00782,0,-0.079824,-0.079224,-0.015173,0.095062,-0.07364,-0.031739,-0.048302,-0.61518,0.044719,0.078924,-0.62251,0.067297,-0.058451,-0.98106,0.11548,0.070838,-1.0061,0.17263
-0.029486,0.52433,0.015888,-0.029917,0.3496,0.10045,-0.22437,0.32444,0.1318,0.15146,0.2585,0.037897,-0.33991,0.075946,0.17824,0.33315,0.091941,0.1507,-0.55259,0.073302,0.13232,0.54592,0.062254,0.066176,0.0052524,0.0076985,0.064658,0,-0.043776,0,-0.080002,-0.1274,-0.019086,0.092498,-0.12468,-0.029046,-0.044721,-0.62387,0.02612,0.074188,-0.62594,0.062915,-0.055676,-1.0034,0.12905,0.050917,-1.0182,0.1787
-0.032682,0.49602,0.020471,-0.037436,0.32467,0.10949,-0.23145,0.28524,0.15602,0.16244,0.21941,0.059535,-0.34564,0.028187,0.13463,0.35958,0.04912,0.11149,-0.54603,0.071314,0.074375,0.54246,0.055005,-0.00611,0.003731,-0.021984,0.065868,0,-0.073899,0,-0.081815,-0.15917,-0.037058,0.098979,-0.16905,-0.010371,-0.035282,-0.62489,-0.01587,0.076386,-0.63029,0.02536,-0.05177,-1.007,0.11879,0.047297,-1.0184,0.16447
-0.034718,0.48868,0.022134,-0.040253,0.30967,0.10192,-0.21579,0.22885,0.12161,0.17107,0.2046,0.059881,-0.34514,0.0096344,0.11351,0.34687,0.03739,0.089642,-0.51637,0.066197,-0.008649,0.50295,0.033103,-0.06533,0.0005881,-0.046055,0.065167,0,-0.10079,0,-0.079217,-0.19482,-0.024886,0.096,-0.17924,-0.01886,-0.037443,-0.65258,-0.033872,0.07887,-0.63729,0.001513,-0.055493,-1.0072,0.10986,0.032608,-1.0221,0.14437
-0.043939,0.48726,0.028072,-0.046714,0.30747,0.10116,-0.21278,0.17415,0.061766,0.16396,0.20297,0.05809,-0.34307,-0.0069873,0.10164,0.32642,0.0080031,0.061951,-0.48223,0.035028,-0.064449,0.46911,0.002619,-0.10657,-0.0065147,-0.057089,0.065603,0,-0.1139,0,-0.079973,-0.20379,-0.025006,0.096055,-0.18993,-0.019525,-0.045213,-0.66205,-0.036568,0.069248,-0.6475,-0.000494,-0.063185,-1.0076,0.10889,0.025818,-1.0137,0.14949
-0.047717,0.49574,0.041199,-0.044417,0.31278,0.10129,-0.20023,0.20158,0.054717,0.16076,0.20901,0.049846,-0.31758,-0.0074606,0.12337,0.32405,0.015858,0.063126,-0.42362,0.0079464,-0.078811,0.4479,-0.022492,-0.11663,-0.0068844,-0.056468,0.065716,0,-0.11367,0,-0.077273,-0.19963,-0.030902,0.095331,-0.18946,-0.017605,-0.046571,-0.65777,-0.02777,0.069635,-0.64624,0.010801,-0.063811,-1.0084,0.11065,0.025226,-1.0149,0.15171
-0.055363,0.53906,0.066277,-0.043912,0.35564,0.11227,-0.20675,0.23508,0.063136,0.1484,0.24254,0.04376,-0.30504,0.031898,0.13359,0.31543,0.032621,0.066431,-0.40779,-0.010883,-0.05905,0.44138,-0.035375,-0.10181,-0.004293,-0.01956,0.067368,0,-0.076507,0,-0.075912,-0.15758,-0.018825,0.092429,-0.14372,-0.029414,-0.062656,-0.62657,0.031798,0.055629,-0.6359,0.07382,-0.071521,-1.0094,0.12715,0.017389,-1.0171,0.17054
-0.047179,0.58535,0.056951,-0.037754,0.41564,0.1095,-0.20358,0.29405,0.059856,0.14536,0.29229,0.034747,-0.2751,0.085152,0.14956,0.30523,0.067337,0.074274,-0.36205,-0.024765,-0.021439,0.42758,-0.050342,-0.064,-0.0027747,0.024825,0.066978,0,-0.03854,0,-0.076063,-0.11806,-0.016283,0.089589,-0.11221,-0.026466,-0.063781,-0.62044,0.063172,0.052232,-0.63083,0.11434,-0.069547,-1.0078,0.12929,0.022983,-1.017,0.17113
-0.036406,0.63799,0.053849,-0.028484,0.46829,0.096369,-0.1957,0.35882,0.049911,0.1541,0.3495,0.02652,-0.28483,0.11839,0.10279,0.30863,0.12599,0.081612,-0.34508,-0.049927,-0.02212,0.41772,-0.048524,-0.02857,-0.0015924,0.076679,0.065274,0,0.013376,0,-0.07672,-0.065372,-0.015059,0.086298,-0.060833,-0.022218,-0.06808,-0.60912,0.070625,0.061479,-0.62845,0.11355,-0.085951,-0.97249,0.10798,0.06401,-0.99017,0.14414
-0.038468,0.68449,0.02704,-0.032427,0.50611,0.096842,-0.19624,0.39316,0.029217,0.15106,0.39346,0.025163,-0.28202,0.13774,0.091783,0.28816,0.1576,0.077047,-0.34445,-0.07985,0.030487,0.39317,-0.032558,0.046294,-0.0046923,0.10536,0.065453,0,0.040361,0,-0.074908,-0.039869,-0.015036,0.085707,-0.029896,-0.021389,-0.073729,-0.6067,0.066187,0.062836,-0.61232,0.099662,-0.088791,-0.96665,0.11109,0.06099,-0.98762,0.14455
-0.035627,0.69516,0.031466,-0.027245,0.52802,0.085242,-0.1941,0.43405,0.02582,0.14657,0.41696,0.019962,-0.27137,0.17483,0.085662,0.27748,0.18199,0.084343,-0.35697,-0.073462,0.10611,0.37288,-0.02295,0.095698,-0.0040833,0.14106,0.063542,0,0.078564,0,-0.075063,-7.4466e-05,-0.012403,0.083833,0.0087427,-0.019587,-0.069773,-0.52289,0.026783,0.068974,-0.52739,0.050766,-0.074644,-0.89854,0.15015,0.060461,-0.89086,0.18159
-0.031601,0.70417,0.022073,-0.022432,0.5361,0.080993,-0.19178,0.46339,0.032113,0.14402,0.43919,0.013875,-0.26539,0.20896,0.10793,0.27624,0.21481,0.10029,-0.35776,-0.015619,0.12343,0.37723,-0.014731,0.12214,-0.0014769,0.16141,0.062602,0,0.10097,0,-0.076105,0.02518,-0.009604,0.083463,0.029578,-0.021052,-0.059446,-0.45847,-0.016526,0.072181,-0.4622,0.004138,-0.053191,-0.82508,0.16832,0.051607,-0.82019,0.20231
-0.027911,0.70844,0.008602,-0.024452,0.53909,0.0817,-0.19165,0.46842,0.034769,0.14313,0.44358,0.014652,-0.2682,0.21643,0.11464,0.2743,0.22286,0.10935,-0.38628,0.034344,0.17044,0.38528,-0.0007286,0.15795,-0.0018609,0.1709,0.062788,0,0.11199,0,-0.07477,0.034559,-0.007028,0.083418,0.042699,-0.025752,-0.055957,-0.45314,-0.019466,0.072016,-0.454,-0.0037,-0.032383,-0.81645,0.16994,0.049256,-0.80825,0.20022
-0.021674,0.70485,-0.000375,-0.02315,0.53771,0.081762,-0.18851,0.47014,0.036585,0.1468,0.44373,0.015686,-0.27416,0.22793,0.13122,0.27963,0.23304,0.12549,-0.44334,0.039365,0.21173,0.43332,0.049172,0.18573,-0.0013989,0.17164,0.062875,0,0.1132,0,-0.075289,0.035473,-0.005178,0.082562,0.042536,-0.029076,-0.049348,-0.46174,-0.019354,0.075796,-0.45681,-0.006903,-0.026883,-0.83835,0.14647,0.051945,-0.82336,0.17715
-0.019809,0.68907,-0.004836,-0.018695,0.52768,0.082043,-0.19258,0.46585,0.055979,0.15437,0.43166,0.022419,-0.28742,0.22718,0.15102,0.29344,0.22958,0.13898,-0.45435,0.078785,0.19525,0.40347,0.024487,0.13814,0.0008567,0.16569,0.062973,0,0.10739,0,-0.077114,0.026075,-0.00473,0.081001,0.030367,-0.032995,-0.046279,-0.52915,0.002012,0.071947,-0.54242,0.024474,-0.021565,-0.88499,0.12304,0.048536,-0.89455,0.13734
-0.018423,0.67951,-0.002936,-0.0091531,0.50922,0.081279,-0.19417,0.45525,0.070685,0.16135,0.40121,0.03074,-0.2897,0.21262,0.15743,0.30749,0.20681,0.15098,-0.46088,0.093276,0.17203,0.54326,0.046886,0.12644,0.0022224,0.15358,0.06286,0,0.096374,0,-0.077505,0.013117,-0.00065,0.078941,0.010054,-0.041899,-0.042352,-0.60586,0.026157,0.047802,-0.6031,0.043165,-0.026478,-0.96601,0.060977,0.055639,-0.9666,0.11395
-0.014779,0.62196,0.004855,-0.016181,0.45134,0.10164,-0.19286,0.4082,0.08693,0.1676,0.35853,0.040968,-0.29527,0.17715,0.17476,0.30893,0.16324,0.16476,-0.52271,0.091951,0.15878,0.5613,0.046048,0.088082,0.0019087,0.092321,0.065556,0,0.037673,0,-0.078199,-0.043358,-0.008493,0.08449,-0.042129,-0.03666,-0.044055,-0.60622,0.038723,0.085214,-0.52089,0.044521,-0.032244,-1.0045,0.077213,0.065527,-0.93327,0.1148
-0.021658,0.56742,0.011236,-0.0086137,0.39566,0.09484,-0.20791,0.37799,0.10759,0.16452,0.32753,0.053743,-0.31399,0.12558,0.159,0.31145,0.11494,0.14593,-0.52664,0.089676,0.13422,0.51784,0.049931,0.041534,0.0039766,0.059871,0.064288,0,0.01051,0,-0.081398,-0.074276,-0.013201,0.086473,-0.072928,-0.033687,-0.052788,-0.61541,0.026702,0.059996,-0.62188,0.054955,-0.041185,-1.0049,0.083673,0.051942,-1.0196,0.15181
-0.01023,0.53465,0.022596,-0.024558,0.35443,0.1104,-0.2084,0.32043,0.12269,0.17053,0.25171,0.044427,-0.32407,0.066719,0.14075,0.31035,0.03204,0.13246,-0.51637,0.079195,0.034689,0.51703,0.0457,-0.010357,0.0040652,0.047632,0.064862,0,0.0046015,0,-0.080477,-0.10788,0.023139,0.081293,-0.096606,-0.073586,-0.047807,-0.62159,-0.008502,0.05459,-0.62096,0.030558,-0.039755,-1.0069,0.081368,0.044367,-1.0212,0.14343
-0.02178,0.49894,0.030293,-0.028342,0.3318,0.11536,-0.22388,0.29131,0.17443,0.16659,0.20973,0.053363,-0.32491,0.027289,0.10744,0.32019,-0.0067468,0.10364,-0.49906,0.072707,-0.016949,0.49509,0.044533,-0.063941,0.0073898,-0.026495,0.066497,0,-0.078003,0,-0.081389,-0.16252,-0.032137,0.094179,-0.16383,-0.023726,-0.049714,-0.62076,-0.030625,0.060099,-0.62442,-0.00952,-0.040557,-1.0072,0.084018,0.043582,-1.0098,0.13967
-0.027959,0.49611,0.033186,-0.037386,0.32319,0.11496,-0.203,0.20689,0.093042,0.16871,0.18907,0.047649,-0.31072,-0.033126,0.1315,0.32516,-0.014474,0.040045,-0.45115,0.043085,-0.040495,0.47145,0.025286,-0.12105,-0.0017537,-0.051297,0.067523,0,-0.11092,0,-0.079459,-0.19266,-0.029177,0.093439,-0.18756,-0.021305,-0.05633,-0.65149,-0.034529,0.056796,-0.64482,-0.009182,-0.047908,-1.0073,0.083535,0.034279,-1.0295,0.14099
-0.0306,0.50088,0.039694,-0.035243,0.3238,0.114,-0.19471,0.20647,0.0599,0.16632,0.19509,0.04624,-0.3063,-0.023758,0.12961,0.31324,0.0115,0.059525,-0.42747,0.030725,-0.079636,0.45003,0.0073773,-0.11544,-0.0051449,-0.051357,0.06754,0,-0.11021,0,-0.077682,-0.19092,-0.026152,0.092438,-0.18653,-0.022449,-0.058838,-0.64989,-0.034111,0.059798,-0.64333,-0.000521,-0.057438,-0.99379,0.077274,0.032102,-1.0306,0.14352
-0.040702,0.52453,0.053635,-0.031505,0.34815,0.10803,-0.19186,0.22637,0.054752,0.15929,0.22922,0.044601,-0.28962,0.02819,0.14259,0.31002,0.043082,0.061251,-0.40312,0.0127,-0.048983,0.42982,-0.0089039,-0.11884,-0.0041827,-0.033249,0.067236,0,-0.092225,0,-0.076084,-0.17045,-0.019914,0.088749,-0.16429,-0.025949,-0.063013,-0.62869,-0.005442,0.057242,-0.63745,0.058258,-0.053717,-1.0058,0.099453,0.026776,-1.0223,0.15343
-0.044235,0.57606,0.055112,-0.030068,0.40058,0.10836,-0.19482,0.28099,0.055357,0.15509,0.28354,0.04113,-0.26344,0.073992,0.12418,0.30569,0.072923,0.052165,-0.39954,-0.0045872,-0.03097,0.42767,-0.021688,-0.10603,-0.0028053,0.018634,0.066822,0,-0.040659,0,-0.076398,-0.11957,-0.017485,0.086729,-0.11335,-0.024724,-0.064822,-0.61773,0.053354,0.041298,-0.63501,0.087547,-0.056532,-1.0081,0.10709,0.024861,-1.0227,0.163
-0.040392,0.62646,0.046931,-0.024112,0.45363,0.11048,-0.19589,0.33783,0.045868,0.15534,0.34029,0.036311,-0.28522,0.099991,0.10909,0.29908,0.097153,0.048868,-0.35403,-0.050671,-0.036044,0.41962,-0.020871,-0.09228,-0.0025948,0.06229,0.067178,0,0.00063226,0,-0.076288,-0.081144,-0.014594,0.084629,-0.070927,-0.028086,-0.062835,-0.61711,0.061846,0.041701,-0.62923,0.093436,-0.081685,-0.99831,0.075364,0.027254,-1.0138,0.15256
-0.035598,0.66181,0.038322,-0.026968,0.49341,0.10245,-0.19353,0.38323,0.03107,0.15731,0.37363,0.029034,-0.27759,0.12528,0.091435,0.30447,0.15005,0.069727,-0.3382,-0.05556,-0.013306,0.39523,-0.024863,-0.033922,-0.0044686,0.097906,0.066212,0,0.035195,0,-0.07564,-0.042605,-0.01436,0.084445,-0.039077,-0.025214,-0.059795,-0.60385,0.055195,0.054688,-0.61967,0.090171,-0.072959,-0.96355,0.087428,0.044149,-0.98496,0.16627
-0.033284,0.68437,0.033085,-0.025422,0.51419,0.095634,-0.18815,0.41827,0.026256,0.15068,0.41481,0.017761,-0.26663,0.15669,0.081327,0.28867,0.1772,0.067157,-0.315,-0.074188,0.048639,0.36456,-0.027801,0.022388,-0.0030198,0.13381,0.064765,0,0.073731,0,-0.074284,-0.0059688,-0.009547,0.082492,0.0075191,-0.026844,-0.059982,-0.53142,0.011688,0.063619,-0.55574,0.048536,-0.050735,-0.89201,0.15591,0.057455,-0.91141,0.17608
-0.028019,0.70433,0.030168,-0.029354,0.5285,0.094064,-0.19215,0.45456,0.038657,0.14868,0.42556,0.019882,-0.26473,0.19274,0.098492,0.27397,0.18781,0.088337,-0.32071,-0.070864,0.086235,0.38624,-0.070363,0.074083,-0.0032631,0.15724,0.064578,0,0.098975,0,-0.074575,0.021243,-0.009118,0.084804,0.027013,-0.026854,-0.053692,-0.46985,-0.018467,0.075826,-0.48159,0.014482,-0.032047,-0.83206,0.17449,0.056926,-0.83976,0.19942
-0.027981,0.70741,0.025113,-0.026479,0.5309,0.089547,-0.19212,0.46152,0.039424,0.14576,0.43996,0.020835,-0.26355,0.1997,0.10051,0.26609,0.2038,0.099272,-0.34417,-0.056754,0.16051,0.35054,-0.0068875,0.12399,-0.0024049,0.16407,0.064017,0,0.10669,0,-0.075007,0.02904,-0.009517,0.084106,0.036171,-0.025661,-0.041977,-0.43606,-0.037494,0.044826,-0.45005,-0.022469,-0.02846,-0.79764,0.15738,0.04904,-0.80584,0.18187
-0.026142,0.70529,0.011211,-0.024643,0.52988,0.08703,-0.18996,0.46537,0.043036,0.14886,0.43599,0.017516,-0.25975,0.20602,0.11258,0.27166,0.20792,0.11007,-0.35722,-0.024155,0.18251,0.36014,-0.0086151,0.13493,-0.0010975,0.16584,0.06365,0,0.10855,0,-0.076023,0.031346,-0.006807,0.083651,0.036006,-0.028519,-0.036874,-0.44026,-0.040133,0.053385,-0.46343,-0.018719,-0.023187,-0.8074,0.14565,0.059533,-0.82141,0.18237
-0.02396,0.69074,-0.000119,-0.024857,0.52593,0.086539,-0.19308,0.46106,0.050282,0.15166,0.42979,0.019186,-0.26935,0.21458,0.14534,0.27693,0.21343,0.12974,-0.38373,0.0084015,0.21372,0.39611,-0.008771,0.1794,-0.0003971,0.16151,0.063615,0,0.1036,0,-0.07677,0.022393,-0.005541,0.084197,0.028258,-0.031759,-0.03628,-0.51655,-0.021715,0.06848,-0.53605,0.003699,-0.013486,-0.89559,0.1006,0.062202,-0.89594,0.16705
-0.023135,0.65038,-0.017778,-0.023365,0.50151,0.089866,-0.19097,0.43354,0.056309,0.15883,0.39517,0.022043,-0.27223,0.19393,0.16154,0.29179,0.19374,0.14733,-0.40066,0.021758,0.2161,0.45959,0.01327,0.20293,-0.0001143,0.13705,0.064096,0,0.079222,0,-0.073531,-0.0073786,0.001814,0.080586,-0.0032439,-0.045074,-0.040036,-0.60173,0.009029,0.063419,-0.61829,0.029278,-0.0078862,-0.99926,0.078736,0.069391,-0.99809,0.15694
-0.022025,0.62581,-0.005722,-0.02285,0.45226,0.084837,-0.19372,0.39393,0.069104,0.16826,0.3642,0.037495,-0.28098,0.16108,0.18245,0.30947,0.16963,0.16442,-0.44659,0.03161,0.21375,0.51722,0.020015,0.18186,-0.0003692,0.11158,0.063168,0,0.058105,0,-0.07477,-0.030458,0.005171,0.083421,-0.025279,-0.049436,-0.040283,-0.60327,0.015243,0.072609,-0.619,0.035103,-0.039869,-1.0017,0.073208,0.074264,-1.0105,0.092488
-0.011851,0.56533,0.003256,-0.026975,0.40219,0.091964,-0.19857,0.35855,0.082337,0.16551,0.30323,0.024359,-0.29777,0.12143,0.18012,0.33094,0.14132,0.16449,-0.4919,0.034271,0.19317,0.54064,0.032579,0.14023,0.001483,0.068969,0.063652,0,0.019665,0,-0.074731,-0.077902,0.016584,0.085265,-0.075801,-0.068898,-0.037068,-0.61107,0.013747,0.081312,-0.6185,0.03529,-0.048053,-1.0028,0.092099,0.083704,-1.0089,0.10273
-0.011207,0.5234,0.013893,-0.021896,0.34686,0.098482,-0.20952,0.31522,0.11309,0.17429,0.24901,0.029629,-0.31681,0.063415,0.16909,0.35303,0.083484,0.15186,-0.52777,0.047632,0.14638,0.56583,0.037703,0.071644,0.003672,0.058204,0.063631,0,0.015836,0,-0.075569,-0.091609,0.024139,0.085485,-0.085086,-0.078505,-0.032448,-0.61442,-0.013364,0.080283,-0.63285,0.010833,-0.047573,-0.98722,0.08299,0.067226,-1.018,0.10815
-0.019762,0.49997,0.007035,-0.030203,0.32816,0.094233,-0.22314,0.27132,0.14076,0.17934,0.22171,0.033694,-0.32309,0.024152,0.11958,0.37353,0.042877,0.10689,-0.52292,0.061642,0.046001,0.5582,0.046396,-0.014865,0.0060758,0.031502,0.06381,0,-0.0081896,0,-0.069609,-0.13657,0.029262,0.090833,-0.11114,-0.09243,-0.04094,-0.64267,-0.066304,0.089328,-0.63416,-0.031712,-0.047446,-0.992,0.070197,0.063163,-1.014,0.09619
-0.044219,0.4938,0.043236,-0.042258,0.31465,0.11724,-0.2069,0.19573,0.080654,0.15758,0.20171,0.060076,-0.34929,0.0083514,0.12792,0.34295,0.035528,0.089501,-0.50975,0.071523,-0.009427,0.50537,0.053568,-0.062678,-0.0026178,-0.064034,0.067527,0,-0.11968,0,-0.077578,-0.2025,-0.017425,0.090391,-0.19444,-0.030479,-0.06369,-0.66157,-0.040677,0.065937,-0.65195,-0.011735,-0.070817,-1.0007,0.098269,0.038461,-1.0158,0.12279
-0.042679,0.49784,0.052252,-0.039187,0.31552,0.1167,-0.20162,0.19572,0.066857,0.15755,0.20312,0.057565,-0.3382,0.013413,0.11891,0.31992,0.027511,0.086695,-0.47011,0.058796,-0.054858,0.46505,0.053397,-0.11194,-0.004012,-0.063383,0.067585,0,-0.11922,0,-0.07743,-0.20169,-0.017403,0.090091,-0.19321,-0.030054,-0.064428,-0.66074,-0.038458,0.065565,-0.65046,-0.008951,-0.072376,-1.0034,0.10027,0.037581,-1.0164,0.12221
-0.037484,0.51852,0.059869,-0.038277,0.33887,0.11515,-0.19169,0.22213,0.056607,0.158,0.22546,0.043125,-0.31054,0.0088485,0.12015,0.31842,0.074603,0.064262,-0.42899,0.049566,-0.065035,0.42074,0.047608,-0.13361,-0.0040975,-0.039449,0.067467,0,-0.097567,0,-0.076319,-0.17206,-0.017151,0.08879,-0.17011,-0.028643,-0.059316,-0.62998,-0.001359,0.054348,-0.63231,0.021167,-0.068662,-1.0104,0.10941,0.03967,-1.0165,0.12531
-0.036775,0.56679,0.057492,-0.018506,0.39395,0.10665,-0.19471,0.27738,0.059729,0.16096,0.27974,0.036894,-0.26977,0.049763,0.12044,0.32552,0.10653,0.030639,-0.3837,0.03223,-0.071634,0.44018,0.040641,-0.14919,0.0003238,0.014573,0.066456,0,-0.044354,0,-0.080203,-0.1234,-0.015829,0.08673,-0.1199,-0.026889,-0.057378,-0.6162,0.035468,0.057581,-0.62644,0.068514,-0.057423,-1.0105,0.1114,0.050412,-1.0156,0.12732
-0.028495,0.61756,0.034284,-0.022578,0.44619,0.094137,-0.18745,0.33551,0.044705,0.16772,0.33216,0.025826,-0.23988,0.10162,0.067626,0.3272,0.15969,0.039506,-0.36001,-0.027984,-0.063456,0.42278,0.048101,-0.12848,-0.0011238,0.075873,0.064701,0,0.017439,0,-0.07517,-0.067628,0.007952,0.083909,-0.063461,-0.049993,-0.056328,-0.61286,0.054924,0.061346,-0.61851,0.078769,-0.055645,-1.0003,0.092704,0.077034,-1.0005,0.10586
-0.026295,0.6595,0.026433,-0.022041,0.48964,0.088781,-0.18477,0.37666,0.023979,0.16228,0.3792,0.017399,-0.27161,0.16226,0.10155,0.32043,0.16876,0.04833,-0.32339,-0.0021867,-0.035832,0.40497,0.019948,-0.0908,-0.002705,0.087704,0.064561,0,0.023922,0,-0.076653,-0.052894,-0.002852,0.083689,-0.047116,-0.034845,-0.059803,-0.60664,0.054518,0.064597,-0.61626,0.080064,-0.05382,-0.99342,0.094226,0.078058,-1.0001,0.10685
-0.029762,0.67605,0.020004,-0.024502,0.51334,0.07784,-0.18023,0.41855,0.019573,0.1622,0.41244,0.020658,-0.27001,0.1696,0.10101,0.31556,0.1796,0.058373,-0.32525,-0.039987,0.008999,0.40763,-0.0061826,-0.045692,-0.0047952,0.13538,0.061853,0,0.0719,0,-0.073569,-0.0058841,-0.007531,0.082795,-0.0032342,-0.022503,-0.058565,-0.54962,0.029373,0.074706,-0.57386,0.05519,-0.04797,-0.93129,0.11285,0.065749,-0.9679,0.12402
-0.030749,0.69873,0.012137,-0.02161,0.52654,0.069058,-0.18385,0.45166,0.017986,0.15183,0.43893,0.010001,-0.26542,0.19969,0.099211,0.2937,0.2042,0.064888,-0.32464,-0.052545,0.079547,0.37993,-0.011803,0.043757,-0.0026786,0.15558,0.061029,0,0.094698,0,-0.075539,0.019451,-0.005728,0.082815,0.022779,-0.022183,-0.047874,-0.47986,-0.013791,0.067158,-0.49385,0.009684,-0.026358,-0.86869,0.13037,0.059444,-0.88939,0.1391
-0.031311,0.69686,-0.006657,-0.022738,0.53031,0.066616,-0.18496,0.45681,0.017558,0.15118,0.44202,0.00893,-0.26202,0.20451,0.10153,0.28594,0.20657,0.073403,-0.32578,-0.049957,0.11454,0.36771,-0.005413,0.077815,-0.0029416,0.16368,0.060645,0,0.10288,0,-0.075302,0.02715,-0.007481,0.083445,0.030561,-0.019981,-0.049468,-0.43069,-0.048123,0.058322,-0.44465,-0.031798,-0.027203,-0.79868,0.13699,0.045637,-0.826,0.12181
-0.033308,0.69623,-0.016686,-0.019989,0.52844,0.064541,-0.19128,0.46637,0.02783,0.15317,0.44171,0.010197,-0.26137,0.21279,0.11374,0.28098,0.20966,0.091771,-0.35562,-0.036512,0.18491,0.37309,-0.019913,0.13932,-0.0010292,0.16726,0.060563,0,0.10802,0,-0.076093,0.030975,-0.004006,0.08327,0.033818,-0.024503,-0.045962,-0.42758,-0.046871,0.058752,-0.44554,-0.031102,-0.017725,-0.79751,0.13433,0.046949,-0.82659,0.1224
-0.035046,0.6814,-0.029043,-0.021596,0.52286,0.064671,-0.19901,0.46691,0.041699,0.1528,0.43467,0.01413,-0.27038,0.21681,0.13464,0.27869,0.20993,0.11226,-0.39076,-0.018887,0.19983,0.38419,-0.016925,0.14464,3e-06,0.16641,0.060488,0,0.10748,0,-0.077139,0.02835,-0.0032,0.083209,0.032312,-0.026208,-0.049967,-0.48275,-0.03538,0.06,-0.50132,-0.015951,-0.023648,-0.86225,0.12838,0.034181,-0.86776,0.12604
-0.026959,0.66634,-0.030901,-0.027042,0.49811,0.064256,-0.20192,0.44747,0.057797,0.15912,0.41293,0.018091,-0.27442,0.19829,0.15225,0.29431,0.19877,0.12496,-0.40939,0.0063523,0.21174,0.45893,0.0041004,0.18655,0.0006127,0.14723,0.060285,0,0.088718,0,-0.077916,-0.00061112,-0.000601,0.084866,0.010187,-0.03054,-0.038797,-0.55839,-0.011064,0.071059,-0.49701,-0.012717,-0.021884,-0.93046,0.087045,0.049236,-0.90224,0.089314
-0.029652,0.6376,-0.022073,-0.023254,0.46195,0.070455,-0.19894,0.42676,0.061522,0.16191,0.37946,0.029241,-0.28542,0.18996,0.17078,0.30973,0.17835,0.14299,-0.44123,0.019601,0.21202,0.4799,0.01054,0.18305,-0.0008008,0.12876,0.06074,0,0.074558,0,-0.075784,-0.012872,0.003935,0.082436,-0.011352,-0.043536,-0.047845,-0.59577,-0.004031,0.06532,-0.61613,0.021062,-0.030674,-0.98712,0.073131,0.048339,-1.0102,0.10544
-0.025826,0.57748,-0.004241,-0.018223,0.41053,0.080332,-0.20897,0.38099,0.10486,0.16684,0.33211,0.044292,-0.30505,0.13916,0.19831,0.33157,0.146,0.16007,-0.4737,0.016303,0.2234,0.5385,-0.00033447,0.15746,0.0036688,0.078028,0.062132,0,0.026529,0,-0.077053,-0.060222,0.000364,0.085261,-0.058942,-0.042885,-0.041109,-0.59641,0.006139,0.079349,-0.62485,0.037992,-0.034524,-0.99625,0.089433,0.056604,-1.0139,0.12175
-0.01893,0.5194,-0.002137,-0.012453,0.35546,0.080462,-0.21532,0.34352,0.11523,0.15768,0.27384,0.036421,-0.31267,0.091445,0.18478,0.33942,0.10299,0.15083,-0.50852,0.012861,0.19477,0.55634,-0.0054064,0.094026,0.0051248,0.067339,0.061734,0,0.022201,0,-0.078348,-0.07676,0.012851,0.080707,-0.073638,-0.058806,-0.034913,-0.60725,-0.005865,0.075239,-0.61621,0.030167,-0.054113,-0.98335,0.086092,0.043677,-1.0211,0.13172
-0.027326,0.4951,0.011284,-0.017714,0.32264,0.09815,-0.22419,0.27627,0.13021,0.16157,0.23392,0.069254,-0.33642,0.022099,0.1756,0.3397,0.040944,0.13041,-0.54795,0.019103,0.14125,0.54464,0.0029402,0.049418,0.0034748,-0.018549,0.064964,0,-0.068104,0,-0.080585,-0.15417,-0.013411,0.088609,-0.15171,-0.037284,-0.030708,-0.63348,-0.032836,0.060851,-0.60833,-0.012028,-0.060028,-0.98208,0.090857,0.035166,-0.99997,0.12645
-0.032948,0.47305,0.015395,-0.018262,0.30615,0.096131,-0.22555,0.22505,0.12595,0.16954,0.20093,0.061944,-0.33991,0.0029255,0.15738,0.33798,0.026614,0.11614,-0.53556,0.042756,0.070235,0.51918,0.0040861,-0.016811,0.0043246,-0.032667,0.064103,0,-0.083617,0,-0.081489,-0.17732,-0.006219,0.089746,-0.16897,-0.040796,-0.042579,-0.64001,-0.05053,0.079847,-0.63955,-0.025879,-0.063199,-0.97947,0.077484,0.029539,-1.0224,0.12691
-0.043806,0.47441,0.026217,-0.029443,0.30243,0.097121,-0.21642,0.18896,0.074533,0.16054,0.19869,0.060261,-0.35289,-0.0044278,0.145,0.32344,0.026164,0.095778,-0.5149,0.062668,0.010528,0.47218,0.022529,-0.081843,-0.0040965,-0.055952,0.065035,0,-0.11424,0,-0.078681,-0.20025,-0.017342,0.090846,-0.18972,-0.027196,-0.05209,-0.65809,-0.05031,0.069749,-0.64783,-0.022958,-0.070705,-0.97881,0.077602,0.021033,-1.031,0.12965
-0.044774,0.48084,0.030081,-0.029681,0.30827,0.095739,-0.21426,0.20091,0.073139,0.15785,0.20351,0.049863,-0.33798,0.020314,0.12689,0.3094,0.040478,0.074415,-0.4776,0.060363,-0.042631,0.43238,0.022536,-0.11237,-0.0025299,-0.053254,0.064987,0,-0.11091,0,-0.078713,-0.19567,-0.01631,0.090453,-0.18678,-0.027233,-0.053952,-0.65366,-0.045425,0.062034,-0.64376,-0.010882,-0.071564,-1.0121,0.1029,0.02197,-1.0341,0.12821
-0.038815,0.52877,0.030634,-0.02136,0.35834,0.096575,-0.20543,0.24565,0.069659,0.15815,0.23842,0.038721,-0.31135,0.021122,0.13907,0.30262,0.070348,0.074159,-0.44275,0.057423,-0.038361,0.42253,0.029965,-0.11098,0.0007268,-0.011767,0.065047,0,-0.068407,0,-0.079098,-0.14744,-0.009523,0.086309,-0.14573,-0.032399,-0.060982,-0.61216,-0.002335,0.051708,-0.62503,0.040811,-0.058511,-0.97404,0.091046,0.033327,-1.0321,0.13895
-0.032568,0.57081,0.039093,-0.017445,0.40074,0.098012,-0.19794,0.27948,0.053868,0.15919,0.29892,0.037027,-0.28629,0.091982,0.16272,0.31316,0.13158,0.060979,-0.38975,0.034947,-0.028314,0.41863,0.03476,-0.11045,3.86e-05,0.025936,0.06508,0,-0.034032,0,-0.078555,-0.11397,-0.012057,0.084569,-0.11004,-0.028994,-0.055012,-0.6019,0.031781,0.054255,-0.62704,0.063931,-0.050405,-0.97216,0.092999,0.041232,-1.0331,0.14264
-0.027477,0.62465,0.030036,-0.022053,0.45071,0.097139,-0.19727,0.34415,0.047334,0.15852,0.34363,0.035755,-0.25893,0.13161,0.13099,0.31162,0.1478,0.054073,-0.37011,0.021091,-0.026856,0.41429,0.035821,-0.1089,-0.0019243,0.067701,0.065212,0,0.0074961,0,-0.077762,-0.069131,-0.015244,0.085316,-0.070387,-0.024655,-0.06104,-0.60129,0.051941,0.060606,-0.62177,0.081838,-0.057078,-0.97822,0.07494,0.054985,-1.0096,0.12659
-0.028018,0.66404,0.019376,-0.013588,0.48908,0.083822,-0.19312,0.38804,0.044003,0.16389,0.39179,0.034846,-0.2821,0.16978,0.12417,0.31253,0.15977,0.053204,-0.34636,0.012863,-0.022814,0.41008,0.022637,-0.0979,-0.0008167,0.10964,0.063304,0,0.047531,0,-0.078243,-0.035821,-0.010647,0.083382,-0.028356,-0.024925,-0.057166,-0.60067,0.052025,0.067028,-0.61742,0.081947,-0.057189,-0.97545,0.077477,0.078602,-0.98235,0.13001
-0.025455,0.67807,0.010971,-0.0096268,0.51036,0.072173,-0.1874,0.43822,0.033505,0.16287,0.41844,0.02193,-0.27927,0.18906,0.11542,0.31003,0.19581,0.067909,-0.34068,-0.015347,0.00422,0.40888,-0.0095737,-0.040739,-0.0002874,0.14629,0.061051,0,0.08742,0,-0.076937,0.014264,-0.00449,0.080485,0.0090214,-0.025036,-0.06382,-0.54998,0.023696,0.071776,-0.55178,0.044801,-0.051983,-0.90468,0.11495,0.087735,-0.9217,0.14378
-0.024467,0.68752,0.007546,-0.003427,0.53213,0.064886,-0.18939,0.44921,0.032646,0.15899,0.43462,0.023321,-0.27746,0.19723,0.11142,0.29812,0.20267,0.07813,-0.35286,-0.050796,0.075434,0.37868,-0.014682,0.018025,0.0003668,0.16634,0.060394,0,0.10503,0,-0.079601,0.028094,-0.007903,0.081369,0.028849,-0.020387,-0.059535,-0.47739,-0.013137,0.067292,-0.49473,0.018002,-0.042781,-0.86546,0.13546,0.047068,-0.87609,0.15194
-0.024491,0.69469,0.002624,-0.0044397,0.53294,0.056038,-0.19197,0.46723,0.035148,0.15981,0.43929,0.024448,-0.26797,0.21003,0.11093,0.28781,0.19816,0.086878,-0.36203,-0.060265,0.12153,0.3709,-0.027632,0.08742,0.0004979,0.17452,0.059565,0,0.11426,0,-0.079853,0.035952,-0.006991,0.082298,0.036454,-0.01901,-0.062609,-0.43759,-0.036583,0.059367,-0.48026,0.006763,-0.035596,-0.81437,0.13395,0.03726,-0.83692,0.16048
-0.029956,0.69087,-0.005005,-0.027391,0.52583,0.067835,-0.19954,0.47607,0.044324,0.15597,0.44523,0.025493,-0.26805,0.21547,0.11713,0.2844,0.20616,0.093014,-0.37291,-0.049596,0.14249,0.37572,-0.02786,0.10487,-0.0007862,0.17506,0.060062,0,0.11673,0,-0.077939,0.037199,-0.00677,0.08375,0.039266,-0.021667,-0.055548,-0.44928,-0.036327,0.062853,-0.4811,0.006626,-0.034203,-0.82508,0.13687,0.035486,-0.84271,0.15717
-0.026399,0.66547,-0.021488,-0.0257,0.52019,0.069021,-0.19866,0.4684,0.048067,0.15387,0.43953,0.026381,-0.27205,0.21238,0.12912,0.28156,0.20348,0.10235,-0.3917,-0.018801,0.17823,0.38746,-0.027255,0.12726,-0.0007701,0.16693,0.060557,0,0.10875,0,-0.076754,0.028193,-0.007843,0.083898,0.034257,-0.021879,-0.05734,-0.50064,-0.025339,0.047414,-0.53285,0.017978,-0.053142,-0.86608,0.11756,0.025125,-0.86723,0.14343
-0.018883,0.65974,-0.023076,-0.023203,0.49199,0.072275,-0.19563,0.44974,0.070925,0.15663,0.41584,0.032341,-0.27137,0.19465,0.15284,0.29552,0.18981,0.11617,-0.41424,0.0057809,0.21049,0.41348,-0.017577,0.14458,0.000928,0.13622,0.061268,0,0.078264,0,-0.073906,-0.0047962,-0.002174,0.080756,-0.0015054,-0.032107,-0.058079,-0.60022,0.005474,0.04905,-0.60265,0.02792,-0.050005,-1.0008,0.064177,0.016319,-0.97631,0.085916
-0.029551,0.61486,-0.019326,-0.017214,0.45392,0.082234,-0.20815,0.40347,0.090844,0.15084,0.36952,0.034876,-0.28732,0.16637,0.18315,0.30908,0.1655,0.13433,-0.43069,0.02123,0.22972,0.48842,-0.0039595,0.16583,0.0039404,0.10789,0.062218,0,0.052531,0,-0.07622,-0.031043,-0.005946,0.082516,-0.023581,-0.031717,-0.060171,-0.60178,0.005845,0.053294,-0.60479,0.031772,-0.062674,-1.0074,0.065696,0.025831,-0.99409,0.088877
-0.016824,0.58039,-0.000833,-0.022102,0.40361,0.094438,-0.20781,0.37503,0.10187,0.16212,0.33031,0.04904,-0.30657,0.13267,0.19415,0.32536,0.13209,0.15149,-0.47309,0.01187,0.23492,0.50325,0.0057456,0.14901,0.0018884,0.074777,0.063467,0,0.026115,0,-0.077091,-0.059292,-0.008396,0.084478,-0.057297,-0.03754,-0.064655,-0.60977,0.002536,0.059822,-0.60462,0.031642,-0.087187,-1.0097,0.086915,0.033169,-1.0015,0.12024
-0.029426,0.51172,0.009616,-0.01226,0.34911,0.10604,-0.22139,0.34239,0.14747,0.15299,0.25991,0.055311,-0.31486,0.079842,0.1928,0.34663,0.084206,0.14831,-0.5221,0.033324,0.19514,0.56215,0.011573,0.12535,0.0069399,0.014229,0.065152,0,-0.034068,0,-0.081402,-0.11599,-0.020141,0.086692,-0.11747,-0.031841,-0.063039,-0.62163,-0.003284,0.060411,-0.60333,0.025618,-0.084931,-1.0142,0.099278,0.021898,-1.0035,0.14197
