-0.037464,0.55289,-0.076135,-0.02642,0.36408,0.00075549,-0.20771,0.24201,-0.019345,0.17433,0.25886,0.010098,-0.29222,0.01974,0.070595,0.35408,0.069536,-0.022329,-0.41775,-0.052459,-0.13726,0.46615,-0.0032203,-0.25572,-0.0067629,-0.0066132,0.029806,0,-0.079404,0,-0.08602,-0.16771,-0.01455,0.096262,-0.16439,0.0075124,-0.052003,-0.6369,-0.049628,0.082092,-0.63482,0.006144,-0.057876,-0.98279,0.08094,0.045896,-1.0002,0.12436
-0.034569,0.58245,-0.061592,-0.025125,0.39096,0.010802,-0.2079,0.25792,-0.010263,0.1808,0.28805,0.0099672,-0.31279,0.053688,0.080119,0.33973,0.10006,0.033435,-0.44692,-0.069045,-0.093271,0.44863,-0.021694,-0.15895,-0.0056819,0.012189,0.03074,0,-0.0608,0,-0.086942,-0.15184,-0.012755,0.096867,-0.14406,0.0012439,-0.071015,-0.62237,-0.024918,0.083827,-0.61325,0.022851,-0.057309,-0.9826,0.093727,0.048059,-0.99727,0.13695
-0.043379,0.62204,-0.042277,-0.021022,0.45112,0.025396,-0.21238,0.32598,0.017703,0.16713,0.34432,0.009798,-0.32292,0.099375,0.1073,0.33176,0.12509,0.068269,-0.44486,-0.071389,-0.026429,0.44212,-0.029676,-0.095075,-0.002685,0.06657,0.033811,0,-0.0069124,0,-0.085603,-0.095078,-0.0090489,0.093412,-0.088895,-0.0060205,-0.083404,-0.56574,0.029045,0.078278,-0.59327,0.098662,-0.057244,-0.98122,0.11904,0.04869,-0.99362,0.16029
-0.04567,0.68561,-0.044663,-0.021494,0.49711,0.031874,-0.21239,0.38544,0.01907,0.15426,0.39729,-0.0057215,-0.32545,0.14107,0.12412,0.32514,0.14243,0.072038,-0.43244,-0.058585,0.026575,0.44653,-0.053031,-0.014944,-0.0011686,0.10099,0.036077,0,0.026021,0,-0.084101,-0.05861,-0.0081444,0.090689,-0.049026,-0.010179,-0.068793,-0.58707,0.071073,0.077244,-0.58869,0.12023,-0.053921,-0.98367,0.12401,0.054243,-0.98818,0.16453
-0.033801,0.70974,-0.047137,-0.019502,0.54995,0.029121,-0.20708,0.43757,0.0141,0.16158,0.42701,-0.0066324,-0.31512,0.16883,0.13424,0.32526,0.16833,0.0724,-0.42005,-0.047904,0.1079,0.43163,-0.044171,0.016727,-0.001457,0.1471,0.036746,0,0.06996,0,-0.083509,-0.017624,-0.0060141,0.090945,-0.011792,-0.0089095,-0.060231,-0.58669,0.077498,0.081502,-0.58964,0.12678,-0.045617,-0.98979,0.13362,0.058107,-0.98991,0.17439
-0.030409,0.75627,-0.068363,-0.017805,0.56806,0.021203,-0.20132,0.46896,0.010107,0.1582,0.4745,-0.022369,-0.311,0.19819,0.12541,0.30727,0.21408,0.075753,-0.41151,-0.020385,0.126,0.40624,-0.005645,0.067633,0.00024706,0.17444,0.035454,0,0.099626,0,-0.082367,0.016945,-0.0030922,0.088378,0.026317,-0.0092532,-0.039966,-0.52615,0.030386,0.078001,-0.55041,0.087827,-0.041576,-0.93231,0.15352,0.0050586,-0.95967,0.17871
-0.027044,0.75639,-0.065569,-0.022509,0.5897,0.016574,-0.19896,0.48228,0.013288,0.1611,0.48655,-0.018519,-0.30937,0.22252,0.13138,0.30564,0.22528,0.082997,-0.42907,0.024227,0.18309,0.42541,0.013328,0.14135,-0.00080052,0.20759,0.034245,0,0.13401,0,-0.082951,0.050697,0.00048415,0.091406,0.052056,-0.0098363,-0.049875,-0.43736,-0.031789,0.088079,-0.43866,0.017073,-0.029627,-0.79453,0.21649,0.051516,-0.80589,0.25017
-0.022823,0.78451,-0.087773,-0.015583,0.59669,0.0039722,-0.19909,0.49017,0.010928,0.16177,0.49039,-0.01824,-0.31488,0.26066,0.13511,0.3229,0.25804,0.11464,-0.44661,0.084415,0.21849,0.45027,0.060079,0.1516,-0.00050051,0.21366,0.031626,0,0.13903,0,-0.084365,0.055997,0.00092787,0.091374,0.057771,-0.0086946,-0.050296,-0.41188,-0.05438,0.082072,-0.41263,-0.0060493,-0.030038,-0.76804,0.19528,0.048223,-0.77578,0.23309
-0.020822,0.77374,-0.098272,-0.015344,0.5965,0.0043946,-0.19835,0.49338,0.0092777,0.17544,0.50576,-0.0022335,-0.32522,0.28089,0.15636,0.33477,0.27131,0.12386,-0.49725,0.14659,0.2437,0.5017,0.10485,0.1593,-0.0019304,0.21725,0.030173,0,0.14376,0,-0.085325,0.058858,0.00069058,0.091942,0.061438,-0.0074815,-0.056022,-0.4093,-0.05484,0.083453,-0.41825,-0.0046394,-0.045188,-0.79215,0.15763,0.042984,-0.79094,0.20062
-0.024238,0.75159,-0.11421,-0.011501,0.58728,0.00069803,-0.19656,0.49385,0.015397,0.18136,0.50589,0.0071485,-0.34479,0.29813,0.18207,0.35932,0.29125,0.12843,-0.54604,0.20227,0.25886,0.55902,0.165,0.16151,-0.0014045,0.22017,0.028548,0,0.14827,0,-0.086859,0.06165,-0.002939,0.092087,0.063807,-0.0040552,-0.052918,-0.49998,-0.017625,0.077013,-0.49701,0.01148,-0.048354,-0.87769,0.078029,0.048989,-0.86131,0.14025
-0.022431,0.72989,-0.11595,-0.0088694,0.5737,0.005896,-0.1968,0.48737,0.020204,0.18515,0.50331,0.019331,-0.36101,0.29818,0.19569,0.36947,0.30498,0.13555,-0.59212,0.25678,0.23558,0.59313,0.21569,0.10786,-0.0013373,0.20152,0.027722,0,0.12898,0,-0.086287,0.034902,-0.0065526,0.089927,0.045144,-0.0035359,-0.073753,-0.57525,0.0049565,0.065356,-0.58497,0.034273,-0.060722,-0.97063,0.035601,0.05021,-0.98973,0.064236
-0.020203,0.72123,-0.10274,-0.014588,0.54558,0.015825,-0.19314,0.46839,0.030028,0.19247,0.46506,0.022084,-0.37348,0.28121,0.19751,0.38846,0.31062,0.12983,-0.61452,0.28344,0.17478,0.62063,0.26312,0.069938,-0.001817,0.17111,0.029344,0,0.098429,0,-0.085078,0.011126,-0.004733,0.091626,0.012164,-0.0067601,-0.074688,-0.57638,0.01246,0.075309,-0.58744,0.048531,-0.073968,-0.98416,0.036057,0.058202,-0.99428,0.073667
-0.018858,0.67124,-0.09572,-0.016448,0.49344,0.021239,-0.18538,0.41115,0.026555,0.17741,0.41717,0.015799,-0.39156,0.25482,0.18382,0.40694,0.27146,0.11136,-0.61824,0.30542,0.10367,0.62546,0.27296,-0.0058513,-0.0018088,0.11885,0.030626,0,0.046907,0,-0.082656,-0.030971,-0.0062685,0.088987,-0.029355,-0.0044585,-0.085359,-0.58842,0.009283,0.078848,-0.59202,0.05297,-0.081407,-0.99305,0.050188,0.061045,-1.0003,0.084891
-0.018047,0.60867,-0.078833,-0.019044,0.43765,0.024326,-0.1893,0.37456,0.036369,0.19382,0.3804,0.053878,-0.39436,0.18679,0.13055,0.38288,0.20783,0.094342,-0.58775,0.29889,0.024831,0.58469,0.26067,-0.055192,-0.0044273,0.085647,0.031835,0,0.018393,0,-0.084661,-0.074654,-0.010036,0.092917,-0.072249,-0.0070537,-0.090148,-0.60927,-0.011203,0.066825,-0.62028,0.011926,-0.09173,-1.01,0.065048,0.039291,-1.0201,0.10858
-0.034152,0.56802,-0.069562,-0.025929,0.39393,0.043356,-0.19407,0.30054,0.029179,0.193,0.33887,0.078567,-0.3911,0.1278,0.071397,0.36343,0.16766,0.076379,-0.5531,0.26643,-0.05646,0.55346,0.21958,-0.13667,-0.0081049,0.030075,0.037481,0,-0.036485,0,-0.085431,-0.12797,-0.012587,0.095026,-0.11255,-0.010858,-0.086107,-0.61175,-0.041863,0.062243,-0.62001,0.0023633,-0.089003,-1.0212,0.073738,0.025534,-1.0315,0.10999
-0.028853,0.5481,-0.056356,-0.022016,0.38034,0.054758,-0.18715,0.2547,0.01952,0.18387,0.28062,0.07021,-0.34402,0.067643,0.053903,0.34802,0.10465,0.056008,-0.49371,0.18981,-0.10555,0.51746,0.16403,-0.18175,-0.0078777,0.0034813,0.04192,0,-0.066499,0,-0.084977,-0.15075,-0.017431,0.09256,-0.14834,-0.0091968,-0.079794,-0.61936,-0.078187,0.059777,-0.61662,-0.06084,-0.085972,-1.0207,0.077008,0.024161,-1.0251,0.10264
-0.027269,0.54338,-0.044148,-0.021925,0.37159,0.060737,-0.18714,0.24836,0.020703,0.16922,0.24635,0.035029,-0.31808,0.053271,0.062537,0.32574,0.064105,0.043643,-0.43953,0.11791,-0.15065,0.46705,0.10128,-0.16593,-0.0052157,-0.013622,0.044872,0,-0.08328,0,-0.083313,-0.16448,-0.016756,0.091588,-0.16165,-0.010069,-0.076792,-0.6327,-0.080719,0.062515,-0.63044,-0.057512,-0.081736,-1.0204,0.080361,0.024233,-1.0395,0.10428
-0.03,0.54694,-0.034633,-0.020937,0.37174,0.061489,-0.18771,0.2483,0.018072,0.16934,0.2503,0.035291,-0.31687,0.056721,0.065477,0.32755,0.067424,0.043753,-0.40268,0.041904,-0.17452,0.4544,0.077347,-0.17621,-0.0053572,-0.014669,0.046744,0,-0.084147,0,-0.083363,-0.16544,-0.016942,0.091144,-0.16243,-0.010103,-0.08017,-0.63429,-0.074358,0.067637,-0.63248,-0.035773,-0.0807,-1.0213,0.081983,0.024006,-1.0291,0.11072
-0.026189,0.58381,-0.022861,-0.015634,0.40659,0.061515,-0.19831,0.29374,0.0355,0.17336,0.30636,0.038579,-0.31093,0.099525,0.093636,0.34124,0.11241,0.021525,-0.39211,0.0086739,-0.12956,0.45864,0.049668,-0.19465,-0.0028407,0.010591,0.048137,0,-0.06035,0,-0.085163,-0.14535,-0.015272,0.09123,-0.14148,-0.011323,-0.092272,-0.61848,-0.028043,0.067008,-0.62413,0.013029,-0.084451,-1.0225,0.089986,0.023185,-1.0316,0.12386
-0.019186,0.64584,-0.015687,-0.0084943,0.46779,0.061936,-0.18887,0.35769,0.03618,0.17163,0.35087,0.026256,-0.30658,0.14301,0.11668,0.33078,0.17821,0.058536,-0.36489,-0.0022753,-0.081808,0.43044,0.040045,-0.13249,-0.00038106,0.067437,0.04956,0,-0.004363,0,-0.084426,-0.083504,-0.01169,0.087306,-0.08529,-0.014445,-0.090835,-0.61204,0.016439,0.067981,-0.61661,0.049137,-0.088767,-1.0178,0.096927,0.035497,-1.0191,0.12356
-0.039223,0.69997,-0.012832,-0.018602,0.52719,0.057045,-0.20423,0.41294,0.047061,0.16368,0.41381,0.017656,-0.30004,0.1646,0.1145,0.32853,0.18128,0.064225,-0.36183,-0.022085,-0.040117,0.41112,-0.00423,-0.080872,0.00039972,0.12495,0.05002,0,0.052289,0,-0.08333,-0.035435,-0.010738,0.089616,-0.026028,-0.014029,-0.095053,-0.59991,0.033801,0.068674,-0.60337,0.074989,-0.091666,-0.98474,0.070363,0.059103,-1.0052,0.11056
-0.029821,0.73882,-0.033542,-0.011196,0.56575,0.046065,-0.19708,0.46424,0.037775,0.1751,0.47005,0.018452,-0.2995,0.1862,0.1087,0.32132,0.20332,0.077403,-0.35962,-0.036361,0.022987,0.4044,-0.010594,-0.011704,0.00056719,0.16406,0.049611,0,0.090976,0,-0.084153,0.0099302,-0.0085754,0.088149,0.006608,-0.01281,-0.088938,-0.58556,0.031243,0.073499,-0.59845,0.070634,-0.086981,-0.96304,0.086952,0.068087,-1.0005,0.11374
-0.015675,0.76071,-0.049709,-0.010079,0.58492,0.037591,-0.18089,0.48194,0.007456,0.17755,0.4864,0.012357,-0.29934,0.20673,0.10675,0.31961,0.2105,0.083231,-0.38983,-0.016767,0.091937,0.40964,-0.0083015,0.021599,-0.0022199,0.18944,0.04892,0,0.11683,0,-0.082972,0.035228,-0.0049671,0.085804,0.04206,-0.012984,-0.071876,-0.503,-0.013193,0.072916,-0.50883,0.014812,-0.065575,-0.91285,0.1122,0.064341,-0.89813,0.15294
-0.01678,0.77049,-0.055125,-0.018274,0.60464,0.02734,-0.18251,0.4885,0.005547,0.1785,0.49548,0.0029496,-0.30761,0.22598,0.12374,0.31651,0.2214,0.084021,-0.42431,0.021964,0.16254,0.43249,0.011848,0.09695,-0.0027354,0.21835,0.04686,0,0.14691,0,-0.083912,0.061703,-0.0023495,0.090365,0.065331,-0.012608,-0.065575,-0.42641,-0.057429,0.075706,-0.42303,-0.039589,-0.045062,-0.82559,0.12704,0.043671,-0.81368,0.15875
-0.017537,0.7751,-0.063435,-0.018202,0.60646,0.028168,-0.18086,0.49543,0.0022633,0.17877,0.49951,0.0032178,-0.31812,0.25469,0.14467,0.32442,0.24036,0.10787,-0.46271,0.074795,0.19939,0.4449,0.031822,0.10479,-0.0031392,0.22343,0.046842,0,0.15251,0,-0.083898,0.068083,-0.0018792,0.090331,0.074677,-0.013965,-0.048268,-0.40586,-0.071859,0.082957,-0.38989,-0.10497,-0.042465,-0.78929,0.13174,0.049045,-0.7624,0.12179
-0.013282,0.76529,-0.084539,-0.017727,0.60624,0.028953,-0.19088,0.49984,0.015505,0.18438,0.50659,0.010752,-0.33575,0.26897,0.16513,0.33327,0.25776,0.1169,-0.51023,0.11701,0.218,0.49529,0.079976,0.11923,-0.0022396,0.22695,0.047012,0,0.15775,0,-0.085258,0.071574,-0.00392,0.09137,0.076552,-0.013083,-0.047254,-0.40756,-0.072744,0.055598,-0.42699,-0.053005,-0.030532,-0.79647,0.10868,0.040365,-0.7701,0.15408
-0.014834,0.75967,-0.093083,-0.015179,0.60219,0.030613,-0.1938,0.49618,0.020018,0.18762,0.50624,0.017586,-0.3472,0.27995,0.18053,0.35063,0.27319,0.12783,-0.55004,0.16561,0.22826,0.53509,0.11782,0.1153,-0.0022846,0.22537,0.047299,0,0.15625,0,-0.086922,0.06673,-0.0077358,0.092225,0.073977,-0.012372,-0.043692,-0.46681,-0.058383,0.067363,-0.4479,-0.049161,-0.031517,-0.8586,0.039421,0.037692,-0.84697,0.088917
-0.0168,0.75313,-0.089279,-0.010411,0.58997,0.036342,-0.19431,0.49003,0.032101,0.19142,0.50042,0.02649,-0.34847,0.27883,0.19202,0.35572,0.27421,0.13351,-0.57205,0.19766,0.21694,0.56737,0.16694,0.075014,-0.0010034,0.21652,0.048939,0,0.14792,0,-0.086834,0.059011,-0.0089787,0.089792,0.06118,-0.013967,-0.062629,-0.57425,-0.025461,0.063442,-0.5099,-0.024738,-0.022099,-0.9628,0.0057896,0.038247,-0.94949,0.054569
-0.022759,0.70189,-0.092301,-0.015705,0.53633,0.044008,-0.18215,0.44114,0.02547,0.1793,0.44833,0.028797,-0.35822,0.26596,0.20537,0.36103,0.27198,0.14297,-0.59502,0.22012,0.19403,0.5827,0.19284,0.034726,-0.0029252,0.1531,0.050893,0,0.083779,0,-0.080154,-0.0089524,-0.008303,0.086228,0.020688,-0.011708,-0.066785,-0.58421,-0.018068,0.074718,-0.60274,0.010056,-0.066617,-1.0076,0.0087722,0.05835,-1.0049,0.029923
-0.019945,0.6621,-0.080859,-0.023229,0.48775,0.042436,-0.18552,0.41274,0.029798,0.17637,0.43678,0.03452,-0.37437,0.2113,0.17407,0.36455,0.23421,0.12219,-0.60812,0.22903,0.10199,0.583,0.199,-0.022414,-0.0036377,0.12945,0.051524,0,0.064367,0,-0.079081,-0.028935,-0.0086892,0.08732,-0.0051045,-0.012901,-0.076397,-0.59922,-0.023526,0.073217,-0.60927,0.011575,-0.076282,-1.0176,0.025691,0.056579,-1.0069,0.034877
-0.02852,0.5983,-0.061133,-0.01793,0.43282,0.043223,-0.19971,0.3691,0.077227,0.18247,0.36635,0.053043,-0.36294,0.15115,0.13518,0.35663,0.17455,0.098582,-0.58076,0.21965,0.042218,0.56626,0.18372,-0.079643,1.8515e-05,0.06786,0.052365,0,0.0025723,0,-0.085679,-0.083773,-0.015015,0.092781,-0.081486,-0.0081051,-0.073047,-0.60556,-0.028237,0.074249,-0.61428,0.0067186,-0.076899,-1.0197,0.038464,0.0626,-1.0083,0.087274
-0.035198,0.54364,-0.037775,-0.023154,0.38517,0.073138,-0.19558,0.28455,0.051553,0.17267,0.31611,0.071745,-0.33782,0.094437,0.10704,0.32987,0.085983,0.083085,-0.52678,0.18634,-0.026607,0.50347,0.15245,-0.10575,-0.0056727,0.0097644,0.057579,0,-0.053494,0,-0.084055,-0.14009,-0.020585,0.092033,-0.12655,-0.011914,-0.079304,-0.61052,-0.053342,0.056486,-0.60907,-0.040697,-0.076986,-1.0227,0.050568,0.026748,-1.0285,0.089011
-0.045696,0.53328,-0.025331,-0.029123,0.37074,0.077976,-0.21123,0.24663,0.057259,0.14438,0.25266,0.045195,-0.33801,0.046312,0.074544,0.31551,0.06545,0.080632,-0.49041,0.14695,-0.098183,0.46724,0.11074,-0.12953,-0.0033611,-0.020364,0.059383,0,-0.087803,0,-0.080352,-0.17126,-0.025375,0.090624,-0.16235,-0.0080465,-0.089044,-0.64112,-0.067674,0.06158,-0.63124,-0.053037,-0.077865,-1.0221,0.050995,0.020714,-1.0276,0.082017
-0.046776,0.53371,-0.021601,-0.030784,0.36641,0.076081,-0.20923,0.23055,0.041709,0.14583,0.24905,0.042641,-0.31359,-0.0055932,0.1023,0.30917,0.057098,0.07913,-0.40973,0.079266,-0.11714,0.44027,0.071947,-0.13794,-0.005007,-0.028374,0.059541,0,-0.096007,0,-0.080002,-0.1804,-0.023645,0.090943,-0.17094,-0.0082147,-0.082452,-0.64904,-0.082515,0.061654,-0.63964,-0.055075,-0.071675,-1.0261,0.055898,0.020821,-1.0278,0.080527
-0.0467,0.54298,-0.018533,-0.02954,0.37004,0.074312,-0.2087,0.23859,0.040201,0.14455,0.25282,0.038146,-0.29991,0.029184,0.10047,0.30717,0.066227,0.073255,-0.38693,0.031612,-0.13961,0.43641,0.057239,-0.14533,-0.0044871,-0.02653,0.059701,0,-0.09434,0,-0.080041,-0.17614,-0.019031,0.090486,-0.16922,-0.0091681,-0.082126,-0.6445,-0.080385,0.06989,-0.63908,-0.042052,-0.073955,-1.0168,0.050091,0.023705,-1.0243,0.079863
-0.045591,0.57016,-0.019252,-0.03272,0.40595,0.068189,-0.20802,0.28222,0.027898,0.15733,0.3155,0.041229,-0.30958,0.087127,0.097099,0.32696,0.10644,0.026905,-0.37667,0.0011294,-0.13315,0.44029,0.017305,-0.18157,-0.0065192,0.011029,0.059171,0,-0.056688,0,-0.081682,-0.14217,-0.017095,0.093053,-0.13629,-0.012125,-0.083589,-0.61424,-0.03257,0.061871,-0.63172,-0.00051927,-0.077366,-1.0175,0.047447,0.030032,-1.028,0.081907
-0.044603,0.63712,-0.023055,-0.021823,0.47041,0.063556,-0.20028,0.34407,0.030747,0.16629,0.35253,0.029484,-0.29282,0.1184,0.11061,0.32208,0.16072,0.052026,-0.35817,-0.036915,-0.077061,0.42513,0.013283,-0.12527,-0.0032616,0.069012,0.059001,0,-0.00097059,0,-0.083954,-0.084164,-0.015834,0.09148,-0.080328,-0.011306,-0.077009,-0.61945,0.023442,0.069118,-0.61983,0.048624,-0.078377,-1.0216,0.045393,0.068809,-0.98827,0.059924
-0.040224,0.69363,-0.035262,-0.020705,0.51981,0.055756,-0.20266,0.40306,0.026216,0.15966,0.41903,0.015357,-0.29597,0.14575,0.099624,0.32037,0.16711,0.047686,-0.35952,-0.056242,-0.030951,0.40965,-0.027875,-0.07778,-0.0015641,0.11266,0.05828,0,0.040556,0,-0.082195,-0.041625,-0.010824,0.089078,-0.036722,-0.012749,-0.084212,-0.60826,0.021853,0.070489,-0.61075,0.042729,-0.080595,-1.0157,0.028504,0.072051,-0.98817,0.051783
-0.038538,0.72256,-0.050324,-0.01816,0.55152,0.03953,-0.20369,0.45188,0.018929,0.16646,0.45033,0.0075869,-0.29781,0.15802,0.095226,0.30733,0.18963,0.051586,-0.36897,-0.071522,0.059583,0.40159,-0.028906,-0.0026708,-0.0013677,0.15659,0.055498,0,0.085515,0,-0.082381,0.0073006,-0.005414,0.089388,-0.005236,-0.01401,-0.079083,-0.57551,0.0046564,0.075949,-0.60215,0.031675,-0.094122,-0.94292,0.063585,0.075035,-0.98158,0.095305
-0.029586,0.74544,-0.069084,-0.01889,0.56817,0.029328,-0.19673,0.45796,0.01396,0.17444,0.47818,0.0037881,-0.29646,0.18012,0.10671,0.31259,0.20495,0.077855,-0.39455,-0.039608,0.10827,0.42398,-0.0089824,0.065773,-0.0014807,0.18355,0.053093,0,0.11304,0,-0.08248,0.024197,-0.0039945,0.090311,0.041241,-0.011321,-0.069597,-0.4875,-0.036852,0.083719,-0.49421,-0.0077071,-0.058892,-0.8743,0.11379,0.044,-0.87312,0.14072
-0.029233,0.74443,-0.080142,-0.018431,0.57267,0.021947,-0.19981,0.46617,0.0083881,0.17183,0.48433,0.00073102,-0.32552,0.21777,0.14286,0.31434,0.22056,0.099859,-0.43838,0.012174,0.18402,0.43701,0.011514,0.10645,-0.00158,0.20234,0.050135,0,0.13471,0,-0.085446,0.047611,-0.0034327,0.090273,0.054513,-0.011227,-0.063471,-0.41847,-0.080282,0.074738,-0.41536,-0.048775,-0.048414,-0.79505,0.14286,0.038941,-0.78179,0.18688
-0.028636,0.73979,-0.093038,-0.018307,0.57202,0.017265,-0.20234,0.46982,0.013453,0.17115,0.48781,0.0019483,-0.32964,0.22508,0.1476,0.32412,0.24035,0.12,-0.48725,0.056312,0.20209,0.47163,0.03214,0.13061,-0.0012788,0.20735,0.047621,0,0.14028,0,-0.085896,0.053893,0.001063,0.091641,0.059171,-0.013193,-0.051722,-0.40744,-0.10061,0.046856,-0.40593,-0.084573,-0.047415,-0.78,0.12881,0.032,-0.77371,0.1512
-0.021142,0.72691,-0.10635,-0.01645,0.56852,0.015709,-0.19883,0.4715,0.017249,0.18228,0.49111,0.028598,-0.34248,0.25127,0.17385,0.33576,0.25021,0.13832,-0.52395,0.095609,0.19058,0.49921,0.073949,0.1431,-0.0038869,0.20683,0.045859,0,0.13963,0,-0.088009,0.052368,0.00018621,0.093189,0.05737,-0.011459,-0.051588,-0.41207,-0.081483,0.067924,-0.41182,-0.052604,-0.048629,-0.78997,0.14018,0.035458,-0.7784,0.18334
-0.017511,0.71368,-0.11114,-0.01707,0.55897,0.021861,-0.19815,0.46672,0.020257,0.18997,0.48885,0.046972,-0.34864,0.25332,0.17486,0.34921,0.25236,0.15794,-0.54914,0.12162,0.18502,0.52494,0.087296,0.13505,-0.0056882,0.1999,0.045714,0,0.13343,0,-0.088246,0.043938,-0.0013844,0.094108,0.050099,-0.011227,-0.058959,-0.49581,-0.040166,0.07741,-0.47597,-0.022644,-0.078716,-0.8605,0.091874,0.028722,-0.86991,0.15079
-0.019693,0.69291,-0.1124,-0.019582,0.5392,0.02119,-0.19878,0.44645,0.018934,0.19166,0.48487,0.047136,-0.35785,0.24487,0.17075,0.3531,0.24826,0.15847,-0.57052,0.13101,0.15409,0.55076,0.11479,0.10716,-0.006179,0.17081,0.044999,0,0.10135,0,-0.087227,-0.0026539,0.0041595,0.095316,0.022951,-0.017143,-0.080058,-0.58023,-0.0085296,0.069792,-0.57801,0.019535,-0.077744,-0.98035,0.085861,0.038563,-0.98134,0.12863
-0.012438,0.67063,-0.10063,-0.0087132,0.49514,0.029738,-0.19511,0.4305,0.034797,0.17749,0.4115,0.031186,-0.35523,0.21116,0.16406,0.36124,0.21433,0.16016,-0.58218,0.14108,0.10668,0.57514,0.13294,0.068676,-0.0014127,0.13176,0.046442,0,0.064538,0,-0.084012,-0.014809,-0.0021452,0.088901,-0.023651,-0.011821,-0.077085,-0.58541,-0.0084104,0.076077,-0.58604,0.023583,-0.094674,-0.99747,0.068922,0.051207,-0.98236,0.13645
-0.011431,0.6065,-0.089072,-0.015731,0.44364,0.031516,-0.20374,0.40546,0.072432,0.17306,0.39104,0.043267,-0.35928,0.15418,0.13978,0.35232,0.16838,0.13828,-0.58194,0.15566,0.031733,0.55736,0.13765,-0.00024899,0.00087775,0.098391,0.0468,0,0.034802,0,-0.086042,-0.048879,-0.010975,0.092353,-0.052565,-0.0073049,-0.083441,-0.58075,-0.008104,0.070551,-0.5914,0.030574,-0.1143,-0.98531,0.090645,0.037556,-1.0062,0.17895
-0.020699,0.56831,-0.077581,-0.026716,0.38724,0.041412,-0.21196,0.34152,0.079644,0.17956,0.34018,0.077221,-0.3503,0.069683,0.10894,0.34549,0.12264,0.1031,-0.53967,0.15113,-0.031584,0.52978,0.12666,-0.067708,-0.0041913,0.042816,0.049584,0,-0.018434,0,-0.085439,-0.10698,-0.01197,0.096774,-0.10318,-0.012385,-0.088778,-0.58436,-0.019673,0.065859,-0.59282,0.020981,-0.080268,-1,0.13158,0.017156,-1.0088,0.16654
-0.017919,0.53347,-0.045303,-0.024247,0.34892,0.064197,-0.21958,0.32579,0.11506,0.1822,0.29489,0.090436,-0.3375,0.022016,0.065812,0.31334,0.035936,0.11894,-0.49584,0.13034,-0.095654,0.48613,0.099087,-0.10916,-0.0021068,0.018523,0.052828,0,-0.037088,0,-0.08736,-0.12909,-0.027084,0.097087,-0.13213,0.0011407,-0.081776,-0.59948,-0.053742,0.073167,-0.60181,0.0018547,-0.074641,-0.99602,0.10541,0.019975,-1.0119,0.15974
-0.016102,0.51878,-0.043927,-0.021759,0.34227,0.06363,-0.21499,0.27258,0.083954,0.15923,0.23143,0.045952,-0.32334,0.038326,0.048271,0.31562,0.021816,0.056309,-0.45171,0.091494,-0.16412,0.45941,0.046435,-0.15101,0.00060993,-0.02879,0.05601,0,-0.09345,0,-0.083508,-0.17457,-0.032722,0.091926,-0.17015,-0.0032465,-0.079134,-0.6436,-0.085033,0.080258,-0.6405,-0.023006,-0.075047,-0.99528,0.090334,0.021933,-0.99279,0.1418
-0.022816,0.52506,-0.031197,-0.022621,0.34227,0.063381,-0.20058,0.22077,0.025466,0.15809,0.23103,0.042832,-0.32009,0.020294,0.056862,0.30432,0.020505,0.057201,-0.39976,0.020901,-0.186,0.43812,0.025729,-0.15863,-0.0057359,-0.032078,0.056493,0,-0.097445,0,-0.080579,-0.18326,-0.019501,0.090911,-0.17506,-0.0085413,-0.082775,-0.65165,-0.078691,0.081556,-0.64542,-0.020548,-0.076134,-0.99275,0.083829,0.016631,-0.99711,0.13825
-0.027899,0.54048,-0.024687,-0.025004,0.3545,0.064151,-0.19952,0.23167,0.023111,0.15618,0.25312,0.038608,-0.30905,0.03087,0.070064,0.30009,0.059401,0.072073,-0.37721,0.0090043,-0.17545,0.4165,-0.0054074,-0.14417,-0.0054923,-0.028906,0.057055,0,-0.094876,0,-0.080584,-0.17845,-0.017828,0.090714,-0.17127,-0.0089808,-0.091359,-0.6481,-0.057919,0.075921,-0.64023,0.0098927,-0.076936,-0.99194,0.083024,0.019781,-1.0029,0.1496
-0.041104,0.57385,-0.033876,-0.031341,0.40861,0.059508,-0.20699,0.28841,0.00729,0.16131,0.32478,0.05025,-0.30785,0.081006,0.062329,0.28717,0.11269,0.072485,-0.3816,-0.040999,-0.14739,0.39045,-0.012109,-0.12139,-0.010089,0.023143,0.056141,0,-0.044026,0,-0.082267,-0.13237,-0.015826,0.093016,-0.12285,-0.011624,-0.088231,-0.60234,-0.011492,0.057458,-0.62478,0.027248,-0.088546,-0.99311,0.09227,0.011467,-1.0068,0.15177
-0.033926,0.6368,-0.046307,-0.031083,0.46964,0.059321,-0.20643,0.36804,0.031208,0.15527,0.37351,0.028236,-0.29766,0.10639,0.064361,0.29608,0.1316,0.076412,-0.35206,-0.075038,-0.10016,0.40717,-0.022413,-0.087481,-0.0046456,0.079709,0.056971,0,0.011462,0,-0.080794,-0.068989,-0.014057,0.09167,-0.068405,-0.011995,-0.084171,-0.57917,0.027718,0.046788,-0.62401,0.08252,-0.10016,-0.97357,0.060534,0.02876,-1.0083,0.15599
-0.03109,0.68941,-0.059846,-0.019335,0.51254,0.0488,-0.20018,0.39826,0.01898,0.16343,0.41234,0.021057,-0.29687,0.14316,0.062209,0.30477,0.17319,0.070186,-0.34297,-0.076631,-0.041004,0.39235,-0.019729,-0.060279,-0.0035672,0.1107,0.056235,0,0.039349,0,-0.082146,-0.043741,-0.012179,0.089455,-0.039525,-0.010765,-0.088538,-0.58931,0.038981,0.056667,-0.61504,0.082944,-0.096196,-0.97768,0.057039,0.040372,-1.0028,0.14926
-0.027549,0.71393,-0.070705,-0.019259,0.55315,0.036403,-0.19784,0.45675,0.0089765,0.17605,0.46865,0.016092,-0.29557,0.18414,0.085471,0.30809,0.18737,0.067185,-0.33855,-0.048578,0.023503,0.38112,-0.035261,-0.0053885,-0.0040716,0.16979,0.053813,0,0.099062,0,-0.085355,0.014691,-0.0083626,0.092531,0.016236,-0.0099651,-0.082859,-0.56149,0.022835,0.067264,-0.55751,0.0484,-0.05852,-0.93335,0.11477,0.049009,-0.96546,0.14654
-0.020468,0.72513,-0.09235,-0.016677,0.56419,0.021595,-0.1945,0.46128,0.0035146,0.1735,0.47768,0.001744,-0.30018,0.19047,0.09401,0.30744,0.19857,0.075531,-0.36579,-0.041316,0.065411,0.39097,-0.026488,0.036357,-0.0021424,0.18087,0.050173,0,0.11,0,-0.086258,0.027019,-0.004783,0.091217,0.03199,-0.0066792,-0.058045,-0.47548,-0.025093,0.080442,-0.47256,-0.0013758,-0.070956,-0.86383,0.15077,0.041878,-0.85828,0.1855
-0.020211,0.727,-0.1045,-0.015075,0.56854,0.012341,-0.19267,0.46974,-0.0035232,0.17449,0.4824,-0.0068633,-0.31335,0.21214,0.10935,0.3062,0.20871,0.082945,-0.41648,-0.0040004,0.12333,0.41117,-0.005377,0.10458,-0.0016729,0.19884,0.045716,0,0.12973,0,-0.086705,0.04677,-0.00057354,0.09139,0.048408,-0.0083189,-0.047407,-0.4194,-0.065184,0.059208,-0.41935,-0.061785,-0.059542,-0.79892,0.15439,0.040701,-0.77439,0.19122
-0.017791,0.72928,-0.11919,-0.01571,0.56933,0.0086722,-0.19414,0.47628,0.0019749,0.17492,0.48629,-0.0048458,-0.31874,0.23005,0.12496,0.31048,0.23524,0.12398,-0.46619,0.049523,0.17202,0.43304,0.022626,0.15411,-0.0017145,0.20731,0.042657,0,0.13927,0,-0.086066,0.054187,-8.9382e-05,0.092119,0.058288,-0.0079146,-0.042716,-0.41031,-0.075578,0.055587,-0.4088,-0.065092,-0.056838,-0.78876,0.14561,0.036576,-0.76234,0.18985
-0.016242,0.72043,-0.12693,-0.015406,0.56728,0.0087509,-0.19527,0.47662,0.0094905,0.19039,0.49938,0.028433,-0.33212,0.24773,0.15397,0.32585,0.24333,0.14908,-0.51401,0.098194,0.19123,0.47635,0.059179,0.17434,-0.0045577,0.20817,0.04056,0,0.14046,0,-0.087122,0.054165,0.00087467,0.092849,0.058823,-0.008918,-0.048831,-0.41882,-0.064307,0.074597,-0.44115,-0.032889,-0.060764,-0.79108,0.14981,0.032809,-0.78607,0.19261
-0.016593,0.7135,-0.13102,-0.013047,0.56097,0.011217,-0.19634,0.47677,0.022143,0.1876,0.48757,0.025609,-0.34384,0.25325,0.16903,0.3431,0.25255,0.16061,-0.54997,0.13435,0.19359,0.52782,0.099125,0.16879,-0.0024573,0.20243,0.039519,0,0.13413,0,-0.087861,0.04686,-0.0020249,0.092374,0.050316,-0.0072751,-0.052927,-0.50657,-0.028211,0.078873,-0.49801,-0.0047447,-0.043145,-0.8949,0.09613,0.043793,-0.88736,0.13622
-0.01617,0.69457,-0.12662,-0.0093125,0.53051,0.014691,-0.19653,0.47414,0.033895,0.18275,0.46077,0.017888,-0.34673,0.24976,0.17329,0.35422,0.24654,0.16499,-0.56456,0.14931,0.18413,0.5654,0.12985,0.14879,1.8834e-05,0.1769,0.039273,0,0.10933,0,-0.086701,0.021918,0.0027219,0.08979,0.022539,-0.014697,-0.079132,-0.57401,-0.0027538,0.077864,-0.59477,0.034201,-0.076213,-0.98102,0.048529,0.062195,-0.98829,0.12956
-0.020028,0.64219,-0.1213,-0.0049597,0.47723,0.018746,-0.19859,0.41948,0.041308,0.18321,0.41618,0.027538,-0.36237,0.21729,0.17495,0.36793,0.22823,0.17022,-0.59984,0.18127,0.13676,0.59299,0.15899,0.099987,0.00057088,0.12147,0.039542,0,0.054096,0,-0.088884,-0.028886,-0.0047,0.090926,-0.03347,-0.0088818,-0.079634,-0.57348,-0.0019802,0.079389,-0.59965,0.037453,-0.088783,-0.97946,0.049552,0.064161,-0.99562,0.14061
-0.020072,0.57772,-0.11649,0.0022489,0.42124,0.019345,-0.21047,0.37405,0.059395,0.18705,0.3661,0.041749,-0.3784,0.16248,0.14657,0.37654,0.19123,0.1521,-0.6117,0.19197,0.077387,0.60175,0.16668,0.031087,0.0019114,0.085128,0.03903,0,0.022009,0,-0.093081,-0.067981,-0.0062993,0.09359,-0.071626,-0.0091574,-0.086756,-0.57812,-0.0022346,0.076678,-0.60563,0.041103,-0.10694,-0.98743,0.090216,0.055894,-1.0073,0.1746
-0.026344,0.53114,-0.085531,-0.023779,0.38351,0.0435,-0.21017,0.3615,0.06476,0.17672,0.34497,0.059724,-0.37544,0.11195,0.1099,0.35436,0.1396,0.11998,-0.58186,0.18709,-0.0050629,0.57827,0.16619,-0.051886,-0.003513,0.042299,0.04397,0,-0.02093,0,-0.084443,-0.10782,-0.012154,0.092132,-0.096533,-0.011838,-0.090027,-0.59141,-0.021607,0.067836,-0.6076,0.032205,-0.094354,-0.98616,0.090078,0.047247,-0.99934,0.16944
-0.025264,0.52314,-0.073488,-0.023315,0.352,0.051492,-0.20397,0.25573,0.046456,0.19278,0.28885,0.088279,-0.35239,0.05885,0.068101,0.35482,0.095138,0.079087,-0.53258,0.15749,-0.073585,0.51852,0.14125,-0.10719,-0.0076658,-0.0050719,0.047458,0,-0.067032,0,-0.087554,-0.1626,-0.018828,0.097468,-0.15476,-0.01015,-0.085225,-0.63253,-0.054013,0.077873,-0.62427,-0.0047713,-0.10095,-0.98138,0.062225,0.039655,-0.99729,0.1634
-0.034017,0.50582,-0.038672,-0.033054,0.34179,0.061788,-0.20767,0.24062,0.044961,0.15878,0.22965,0.040673,-0.344,0.045982,0.056931,0.32308,0.058145,0.053382,-0.47376,0.12914,-0.14381,0.46326,0.090237,-0.15546,-0.0058676,-0.03213,0.050873,0,-0.10104,0,-0.082901,-0.18605,-0.030169,0.095318,-0.17771,-0.0013652,-0.080881,-0.65593,-0.065318,0.079054,-0.64763,-0.0064823,-0.10439,-0.9818,0.0611,0.029763,-1.0064,0.1646
-0.034318,0.51102,-0.035928,-0.033561,0.34207,0.063311,-0.20749,0.23785,0.042703,0.15857,0.23079,0.039315,-0.31566,0.024101,0.041383,0.31543,0.053463,0.055919,-0.40795,0.076598,-0.19035,0.40364,0.032225,-0.18273,-0.0059056,-0.032945,0.052188,0,-0.10124,0,-0.082107,-0.18627,-0.02525,0.094096,-0.17846,-0.0037658,-0.080351,-0.65587,-0.065172,0.081334,-0.64821,-0.00089914,-0.084351,-0.98611,0.077107,0.031259,-1.0028,0.16397
-0.041061,0.53819,-0.025642,-0.032421,0.35862,0.064014,-0.20434,0.24166,0.036866,0.15693,0.25146,0.035158,-0.30621,0.028584,0.056217,0.3003,0.063413,0.05308,-0.35084,0.044615,-0.1954,0.39029,0.022883,-0.18213,-0.0053969,-0.028785,0.053198,0,-0.097131,0,-0.082159,-0.17872,-0.020464,0.092898,-0.17308,-0.0068537,-0.083503,-0.64845,-0.057358,0.079024,-0.6414,0.018015,-0.085213,-0.98774,0.077952,0.035594,-1.0121,0.16832
-0.039964,0.58115,-0.036951,-0.034154,0.40975,0.062538,-0.20362,0.29122,0.015869,0.1665,0.32564,0.041934,-0.29203,0.084931,0.074509,0.28914,0.10218,0.012508,-0.34029,0.022244,-0.16846,0.39143,-0.00062838,-0.19533,-0.0081807,0.026358,0.053594,0,-0.040715,0,-0.081879,-0.12567,-0.013534,0.094295,-0.12016,-0.014736,-0.092631,-0.60231,-0.0053661,0.064878,-0.61582,0.058309,-0.10193,-0.98703,0.080307,0.030696,-1.0073,0.16968
-0.034924,0.64375,-0.032418,-0.025894,0.47079,0.057463,-0.19905,0.34994,0.018341,0.16501,0.3742,0.027481,-0.29066,0.14362,0.073528,0.28512,0.15012,0.021364,-0.33538,-0.015089,-0.11759,0.37703,0.0027835,-0.16112,-0.0051777,0.078591,0.053691,0,0.0077354,0,-0.082084,-0.071986,-0.011329,0.091039,-0.073033,-0.014467,-0.091976,-0.58501,0.02941,0.058637,-0.59952,0.080225,-0.09936,-0.98522,0.082308,0.051356,-0.97747,0.15953
-0.031986,0.70039,-0.043966,-0.01707,0.52671,0.049352,-0.19804,0.40806,0.019045,0.16589,0.41275,0.012504,-0.28609,0.15369,0.072518,0.29432,0.20237,0.05083,-0.3277,-0.034877,-0.087068,0.36245,0.01747,-0.11862,-0.0020541,0.12065,0.053606,0,0.048008,0,-0.082886,-0.035914,-0.0059822,0.089127,-0.031509,-0.017002,-0.098934,-0.57784,0.045992,0.061324,-0.60117,0.091343,-0.10104,-0.98164,0.072546,0.055105,-0.98983,0.15681
-0.030177,0.71773,-0.047921,-0.017012,0.56213,0.040153,-0.19273,0.4592,0.008802,0.17994,0.4766,0.011651,-0.286,0.18074,0.070358,0.30342,0.20841,0.049251,-0.33514,-0.046969,-0.0072102,0.36992,0.001713,-0.070835,-0.0029942,0.17254,0.052399,0,0.10126,0,-0.08439,0.014017,-0.0058673,0.090872,0.019073,-0.013463,-0.094029,-0.5744,0.043339,0.070183,-0.57318,0.077551,-0.096606,-0.94225,0.11282,0.059722,-0.97365,0.15486
-0.016954,0.75722,-0.080475,-0.023146,0.58456,0.029715,-0.1911,0.4703,0.0065526,0.17635,0.48484,0.001262,-0.28994,0.2021,0.083324,0.30643,0.21972,0.054331,-0.35575,-0.029306,0.051063,0.39802,-0.0011468,0.0076347,-0.0027483,0.19018,0.050847,0,0.11732,0,-0.083815,0.031556,-0.0048022,0.091219,0.041469,-0.011647,-0.069085,-0.49676,0.0037519,0.072685,-0.49276,0.015389,-0.086112,-0.88944,0.13945,0.061888,-0.86883,0.19348
-0.018403,0.75632,-0.096337,-0.012442,0.59314,0.017249,-0.1893,0.49857,0.0056417,0.17741,0.49492,-0.013555,-0.30146,0.22738,0.10134,0.31324,0.21989,0.068155,-0.3931,0.0076717,0.12511,0.43033,0.0086213,0.066852,0.0011988,0.21774,0.046054,0,0.14939,0,-0.087018,0.067825,0.0037232,0.089859,0.067103,-0.01334,-0.057922,-0.42775,-0.048661,0.066544,-0.41842,-0.036182,-0.061595,-0.79415,0.1778,0.029575,-0.78149,0.20511
-0.019133,0.75443,-0.10395,-0.011727,0.59325,0.017588,-0.18851,0.49873,0.006477,0.17806,0.49675,-0.012839,-0.30602,0.23877,0.1154,0.32416,0.23645,0.089456,-0.43354,0.047957,0.17458,0.45574,0.042101,0.13007,0.00092117,0.22042,0.0448,0,0.15169,0,-0.087129,0.06933,0.0037732,0.090455,0.069786,-0.014088,-0.053525,-0.39783,-0.060859,0.057861,-0.3982,-0.061728,-0.052223,-0.77405,0.16464,0.030795,-0.75853,0.18443
-0.017359,0.74608,-0.11479,-0.010807,0.59214,0.01921,-0.19682,0.50848,0.029383,0.17885,0.49693,-0.010966,-0.31313,0.26566,0.13891,0.33616,0.26568,0.12761,-0.47271,0.096357,0.18761,0.48457,0.077039,0.13668,0.0033848,0.2214,0.043938,0,0.15306,0,-0.087151,0.069759,0.0037136,0.090351,0.07095,-0.015447,-0.048599,-0.41281,-0.055666,0.065365,-0.44006,-0.029015,-0.03713,-0.79947,0.14953,0.04697,-0.79436,0.1654
-0.017557,0.74329,-0.11762,-0.0081085,0.58289,0.018106,-0.20486,0.52144,0.061274,0.19411,0.50752,0.017923,-0.3204,0.26916,0.15164,0.34767,0.2632,0.13694,-0.50391,0.12296,0.19272,0.52555,0.10027,0.12638,0.0036376,0.22278,0.043323,0,0.15583,0,-0.088036,0.070152,0.0014674,0.090892,0.071399,-0.014155,-0.048802,-0.52732,-0.0053342,0.066541,-0.51927,0.0026815,-0.024103,-0.88701,0.092619,0.056912,-0.87121,0.11299
-0.024034,0.70778,-0.11813,-0.0061792,0.56162,0.026166,-0.20008,0.49758,0.056253,0.19369,0.47678,0.016203,-0.32964,0.26359,0.16669,0.36103,0.26031,0.14605,-0.53755,0.143,0.17274,0.55912,0.1277,0.093749,0.0033072,0.19225,0.04461,0,0.12217,0,-0.088093,0.028803,-0.0030464,0.090228,0.034794,-0.015068,-0.071347,-0.59169,0.022988,0.081825,-0.59249,0.031377,-0.052897,-0.98488,0.040624,0.074398,-0.96768,0.086091
-0.021718,0.67055,-0.11463,-0.0037894,0.50847,0.027925,-0.19181,0.45427,0.052306,0.1912,0.43708,0.01669,-0.34162,0.23037,0.17182,0.36599,0.23965,0.1442,-0.56687,0.14781,0.13095,0.57254,0.1391,0.055292,0.0030873,0.15272,0.044345,0,0.087189,0,-0.087891,0.006979,-0.0016461,0.089808,-0.00010538,-0.015047,-0.071323,-0.59102,0.027196,0.083736,-0.59462,0.033215,-0.067499,-0.99335,0.040158,0.083009,-0.97665,0.10051
-0.039038,0.62494,-0.097426,-0.010836,0.45782,0.028998,-0.20132,0.40677,0.068089,0.17612,0.40031,0.022126,-0.34641,0.16533,0.15288,0.36291,0.18428,0.1178,-0.58022,0.14739,0.080894,0.56516,0.1299,-0.01715,0.0033652,0.10846,0.044615,0,0.043413,0,-0.085991,-0.040184,-0.0028528,0.090549,-0.043088,-0.01533,-0.079221,-0.58617,0.025347,0.077273,-0.59993,0.035983,-0.087262,-0.9832,0.068702,0.082601,-0.99571,0.13969
-0.035478,0.57413,-0.076751,-0.01636,0.40466,0.038198,-0.2034,0.36991,0.082598,0.17946,0.34533,0.046372,-0.33274,0.11275,0.13529,0.34695,0.14858,0.1143,-0.54426,0.15341,0.0114,0.5233,0.11521,-0.062097,0.0010757,0.054218,0.047117,0,-0.009027,0,-0.08662,-0.096222,-0.007755,0.093182,-0.090996,-0.014139,-0.073904,-0.58663,-0.0017344,0.075862,-0.59943,0.033289,-0.071102,-0.98821,0.092503,0.073306,-1.0002,0.15194
-0.036724,0.52995,-0.053755,-0.029057,0.37021,0.068554,-0.21018,0.3538,0.12641,0.1916,0.31699,0.07195,-0.30872,0.071466,0.092533,0.32481,0.1077,0.082712,-0.50621,0.12979,-0.048345,0.493,0.087247,-0.12946,0.00080902,0.016928,0.051716,0,-0.044199,0,-0.092509,-0.13629,-0.014969,0.10369,-0.13581,-0.01646,-0.070995,-0.60548,-0.053819,0.084121,-0.61289,-0.023088,-0.068935,-0.98889,0.078951,0.070878,-1.0031,0.14084
-0.047226,0.52774,-0.041689,-0.03693,0.36073,0.075987,-0.20326,0.24872,0.07206,0.15501,0.24807,0.02997,-0.3174,0.040683,0.086055,0.28493,0.031393,0.063773,-0.45513,0.11362,-0.11324,0.42754,0.037478,-0.14586,-0.00024942,-0.032331,0.055556,0,-0.099851,0,-0.082053,-0.18338,-0.03193,0.092972,-0.16712,-0.0036083,-0.082478,-0.65351,-0.057744,0.075909,-0.63703,-0.023185,-0.083459,-0.98574,0.07556,0.058199,-1.0006,0.14216
-0.050007,0.53946,-0.01315,-0.035515,0.35986,0.077262,-0.19822,0.23499,0.041081,0.15457,0.2485,0.029483,-0.30248,0.031028,0.087139,0.28689,0.036727,0.058131,-0.38341,0.060281,-0.15336,0.40558,0.0073661,-0.16496,-0.0035764,-0.032731,0.056922,0,-0.099466,0,-0.081472,-0.18215,-0.028732,0.090957,-0.16835,-0.012301,-0.083207,-0.65214,-0.058211,0.078581,-0.63833,-0.020076,-0.084225,-0.98419,0.074213,0.056987,-1.0015,0.14317
-0.050456,0.54287,-0.010289,-0.03425,0.36773,0.077176,-0.22128,0.29151,0.098608,0.15243,0.26188,0.025176,-0.28631,0.05696,0.08752,0.29047,0.067729,0.057454,-0.35398,0.032962,-0.1579,0.387,-0.0066238,-0.16586,0.0030414,-0.0096066,0.056433,0,-0.073345,0,-0.081594,-0.15959,-0.01853,0.092399,-0.15288,-0.015035,-0.084814,-0.62956,-0.047291,0.080184,-0.62205,-0.0018536,-0.084765,-0.98312,0.079448,0.05663,-0.99577,0.14566
-0.053935,0.60012,-0.014498,-0.01982,0.4251,0.070298,-0.20046,0.30373,0.029935,0.16124,0.33833,0.04427,-0.28129,0.091177,0.080758,0.29231,0.11677,0.058923,-0.35035,-0.031308,-0.13035,0.37509,-0.020937,-0.13611,-0.0041696,0.036052,0.056615,0,-0.032813,0,-0.081583,-0.11432,-0.012168,0.08984,-0.1082,-0.019511,-0.092995,-0.59241,-0.00081082,0.080044,-0.60887,0.058986,-0.092015,-0.98287,0.087266,0.051108,-0.99554,0.15329
-0.045058,0.63991,-0.022746,-0.022981,0.47676,0.065469,-0.19712,0.36869,0.036379,0.15823,0.37317,0.019288,-0.27992,0.12247,0.087361,0.29956,0.13067,0.068567,-0.3127,-0.065065,-0.075876,0.38518,-0.033102,-0.10158,-0.0010805,0.077603,0.057042,0,0.0093179,0,-0.080016,-0.065999,-0.010051,0.088003,-0.072498,-0.017855,-0.096643,-0.5767,0.042938,0.074842,-0.61719,0.07709,-0.094477,-0.97461,0.079592,0.064165,-0.98789,0.15132
-0.046388,0.69008,-0.055094,-0.022285,0.53317,0.05473,-0.20408,0.41741,0.034312,0.15798,0.42784,0.0049192,-0.28583,0.14003,0.084283,0.30164,0.19353,0.072748,-0.30762,-0.078747,-0.030093,0.36161,-0.019183,-0.03905,0.00058843,0.1321,0.05577,0,0.058448,0,-0.081085,-0.033648,-0.007241,0.088663,-0.016076,-0.017415,-0.10028,-0.57911,0.047031,0.07259,-0.60762,0.075996,-0.097278,-0.97857,0.074695,0.063598,-0.98647,0.14841
-0.046351,0.73779,-0.074313,-0.017921,0.56298,0.029584,-0.20263,0.45407,0.031947,0.16292,0.46115,8.7254e-05,-0.28384,0.19375,0.10737,0.30785,0.19719,0.078895,-0.30697,-0.042788,0.050915,0.38016,-0.030942,0.033439,0.0017374,0.16859,0.051956,0,0.097752,0,-0.082047,0.013134,0.0026836,0.08821,0.018491,-0.018144,-0.09083,-0.56958,0.045907,0.078406,-0.56155,0.046429,-0.074965,-0.94444,0.12569,0.071562,-0.97883,0.15333
-0.040951,0.73821,-0.082091,-0.022118,0.58011,0.011831,-0.19859,0.47616,0.02695,0.16965,0.48977,-0.011125,-0.28442,0.20636,0.11913,0.3091,0.22053,0.080085,-0.34413,-0.027229,0.11279,0.39814,-0.0066273,0.062728,0.0010478,0.2082,0.045551,0,0.13747,0,-0.081511,0.046217,0.0032752,0.091143,0.06131,-0.011602,-0.065075,-0.48565,-0.011834,0.081815,-0.48018,-0.002342,-0.045523,-0.87247,0.16008,0.052508,-0.85772,0.17463
-0.041114,0.74993,-0.09498,-0.018372,0.58313,0.0087861,-0.20418,0.50525,0.041726,0.16934,0.49461,-0.020042,-0.28998,0.22776,0.13425,0.31792,0.24105,0.092318,-0.3871,0.013714,0.17349,0.43413,0.02281,0.1227,0.0044366,0.22113,0.042292,0,0.15235,0,-0.08464,0.067047,0.010115,0.091482,0.071129,-0.01572,-0.057122,-0.40601,-0.057394,0.066704,-0.409,-0.053989,-0.023276,-0.79182,0.15135,0.037967,-0.77926,0.17887
-0.045002,0.74732,-0.10344,-0.020017,0.58263,0.0099087,-0.20461,0.50419,0.042511,0.1673,0.49468,-0.018388,-0.29738,0.2395,0.14806,0.32169,0.25104,0.10479,-0.42774,0.059844,0.22752,0.4586,0.045695,0.17215,0.0035391,0.22364,0.040764,0,0.15581,0,-0.083265,0.070174,0.011933,0.091416,0.075949,-0.020804,-0.058357,-0.39324,-0.078567,0.057877,-0.39429,-0.064695,-0.025739,-0.77521,0.13655,0.035615,-0.76364,0.17016
-0.041713,0.7276,-0.12593,-0.019986,0.57834,0.0093224,-0.20597,0.5081,0.052149,0.1677,0.49342,-0.017783,-0.2995,0.24983,0.15822,0.33115,0.27396,0.13059,-0.46829,0.10591,0.23807,0.47719,0.092405,0.17818,0.0042672,0.22397,0.038865,0,0.15624,0,-0.083393,0.070482,0.011755,0.091534,0.07589,-0.020735,-0.057766,-0.39723,-0.070573,0.074642,-0.40414,-0.057231,-0.02758,-0.77644,0.14918,0.039466,-0.77852,0.16909
-0.042356,0.7182,-0.13057,-0.01901,0.56006,0.0063259,-0.20748,0.51194,0.064655,0.18788,0.50276,0.011511,-0.31675,0.26011,0.18089,0.34513,0.27122,0.14993,-0.50222,0.12928,0.24773,0.52549,0.11663,0.17727,0.0019896,0.2237,0.03731,0,0.15659,0,-0.084296,0.067724,0.0074858,0.091802,0.075621,-0.019673,-0.062957,-0.50453,-0.024645,0.077507,-0.49783,-0.028617,-0.040799,-0.89702,0.075202,0.054479,-0.88164,0.10304
-0.042252,0.67085,-0.12952,-0.017431,0.53855,0.012177,-0.20845,0.50571,0.073472,0.17566,0.44923,-0.0017579,-0.32669,0.25354,0.19589,0.36133,0.26354,0.15471,-0.54335,0.16184,0.2345,0.56294,0.13093,0.142,0.0042977,0.17214,0.036423,0,0.10283,0,-0.083276,0.013352,0.0063036,0.090013,0.016756,-0.017601,-0.0763,-0.57937,0.0053012,0.083082,-0.58794,0.012054,-0.059294,-0.96704,0.049733,0.077765,-0.97514,0.065448
-0.046602,0.65744,-0.12032,-0.0097804,0.48229,0.0073219,-0.20086,0.42223,0.04416,0.16745,0.42726,0.0049107,-0.34894,0.22632,0.19536,0.36405,0.2443,0.15447,-0.58437,0.17442,0.16916,0.57983,0.14257,0.10288,0.0021773,0.12742,0.034502,0,0.058463,0,-0.08345,-0.025963,0.0055992,0.086662,-0.016145,-0.013332,-0.085468,-0.58448,0.015634,0.076414,-0.5895,0.020997,-0.094271,-0.99038,0.051229,0.068002,-0.99509,0.077934
-0.062149,0.60559,-0.10022,-0.016034,0.43375,0.011246,-0.20452,0.39276,0.064852,0.16751,0.38382,0.017268,-0.3593,0.15862,0.17647,0.37252,0.18209,0.14029,-0.59503,0.17938,0.11391,0.5965,0.1329,0.01219,0.0018679,0.089117,0.033881,0,0.02256,0,-0.083953,-0.06657,0.0017483,0.08926,-0.063745,-0.013869,-0.082689,-0.60169,0.01397,0.081553,-0.59615,0.02428,-0.093266,-0.99412,0.063428,0.065121,-0.99877,0.12597
-0.054964,0.5541,-0.085288,-0.023369,0.39032,0.024728,-0.22139,0.30377,0.079635,0.16124,0.3602,0.041551,-0.36626,0.094651,0.1453,0.35459,0.14222,0.1165,-0.57027,0.16442,0.021718,0.55518,0.13209,-0.038825,7.8209e-05,0.043026,0.036669,0,-0.022936,0,-0.083156,-0.12036,-0.0087222,0.091846,-0.096186,-0.0091202,-0.08015,-0.61498,-0.024184,0.071309,-0.61181,0.0030603,-0.10014,-0.99925,0.067247,0.057979,-1.0025,0.13328
-0.059524,0.52209,-0.081989,-0.025703,0.34621,0.043022,-0.20232,0.24113,0.037404,0.14744,0.26119,0.010241,-0.33908,0.056493,0.081611,0.33946,0.09271,0.078508,-0.52315,0.14069,-0.064937,0.51584,0.10123,-0.11803,-0.0011011,-0.032337,0.041626,0,-0.10241,0,-0.07884,-0.18509,0.0019015,0.087867,-0.17727,-0.022333,-0.078698,-0.6521,-0.067113,0.075471,-0.64683,-0.018162,-0.098712,-1.0044,0.052017,0.045898,-1.0183,0.11172
-0.047844,0.50893,-0.072345,-0.025876,0.34093,0.048144,-0.23561,0.28496,0.12787,0.15141,0.24259,0.0066398,-0.30865,0.04577,0.053861,0.31667,0.08016,0.068591,-0.45784,0.11159,-0.13915,0.45025,0.05003,-0.14523,0.0075159,-0.027258,0.042079,0,-0.093801,0,-0.08294,-0.17694,-0.014861,0.090987,-0.17249,-0.0091074,-0.075774,-0.64439,-0.078966,0.08455,-0.64249,-0.029433,-0.098146,-1.0051,0.048164,0.059585,-0.9897,0.088331
-0.048167,0.51504,-0.066294,-0.027238,0.34191,0.050454,-0.19929,0.22662,0.027829,0.15111,0.24263,0.0070101,-0.25408,-0.026221,0.049706,0.30884,0.067409,0.069216,-0.38249,0.068678,-0.14976,0.4215,0.027797,-0.15558,-0.0016324,-0.028731,0.045515,0,-0.094864,0,-0.08123,-0.17847,-0.014198,0.09074,-0.17287,-0.010127,-0.078781,-0.64589,-0.078674,0.084915,-0.64285,-0.029055,-0.099837,-1.0073,0.048347,0.058914,-1.0127,0.10626
-0.055058,0.53129,-0.05364,-0.028381,0.36266,0.054734,-0.20195,0.2441,0.030108,0.1489,0.25747,0.0085222,-0.27688,0.024761,0.067546,0.30668,0.075603,0.051635,-0.34537,0.047383,-0.17782,0.41716,0.019051,-0.17039,-0.0016708,-0.015866,0.047792,0,-0.083347,0,-0.079512,-0.16618,-0.010528,0.091069,-0.15526,-0.016249,-0.089123,-0.63466,-0.062144,0.079196,-0.625,-0.021668,-0.10464,-1.0063,0.050787,0.05415,-1.0035,0.10704
-0.04636,0.59121,-0.056569,-0.020246,0.4273,0.061551,-0.211,0.33278,0.05932,0.15841,0.31678,0.0064121,-0.28336,0.10506,0.063179,0.31332,0.1185,0.016717,-0.3415,0.0029101,-0.16264,0.4143,0.0013078,-0.18355,0.0025001,0.044966,0.050341,0,-0.023002,0,-0.081785,-0.10582,-0.0084041,0.089188,-0.10632,-0.019329,-0.096366,-0.61191,-0.0031922,0.070779,-0.62544,0.034356,-0.10703,-1.007,0.054048,0.052073,-1.0052,0.10935
-0.047843,0.61434,-0.059947,-0.024591,0.47289,0.052276,-0.19644,0.37727,0.031069,0.16521,0.38654,0.0058109,-0.28026,0.15419,0.051847,0.3181,0.17465,0.0096097,-0.32841,-0.011825,-0.13156,0.40485,0.0096214,-0.15862,-0.00071963,0.081264,0.05057,0,0.010874,0,-0.08005,-0.069739,-0.0095107,0.088359,-0.065536,-0.014138,-0.094437,-0.60239,0.012844,0.070245,-0.6161,0.057231,-0.10607,-1.0027,0.048132,0.057334,-1.0069,0.097506
-0.046874,0.68643,-0.080776,-0.022076,0.52478,0.033452,-0.19959,0.41727,0.025364,0.16231,0.42068,-0.0094735,-0.28224,0.16432,0.042238,0.31675,0.19439,0.018278,-0.31386,-0.03468,-0.10555,0.40399,-0.0024302,-0.10572,0.00070229,0.13319,0.047779,0,0.060338,0,-0.079816,-0.024369,-0.0030539,0.087216,-0.021027,-0.014695,-0.097843,-0.59798,0.013031,0.065015,-0.61618,0.053195,-0.11089,-0.99754,0.045748,0.053187,-1.0041,0.091115
-0.041392,0.72007,-0.086295,-0.021383,0.55915,0.015019,-0.19732,0.45335,0.01695,0.16751,0.46287,-0.019047,-0.27499,0.1754,0.038471,0.31637,0.21826,0.0311,-0.32078,-0.047024,-0.058109,0.41804,0.0045678,-0.048466,0.00086158,0.17322,0.043172,0,0.099988,0,-0.081071,0.016081,0.0032114,0.088579,0.021018,-0.013641,-0.069721,-0.52071,-0.013936,0.080746,-0.56901,0.037114,-0.091914,-0.92079,0.077542,0.064007,-0.9485,0.1165
-0.038195,0.72547,-0.093759,-0.02256,0.56551,0.010444,-0.19941,0.4902,0.022313,0.16667,0.47422,-0.021607,-0.27782,0.18077,0.044392,0.32035,0.2223,0.047718,-0.34154,-0.051906,0.024585,0.4403,-0.0034046,0.01055,0.0011375,0.20229,0.039852,0,0.13425,0,-0.082282,0.047333,0.0090063,0.090465,0.052848,-0.016944,-0.056378,-0.43625,-0.05457,0.063679,-0.44411,-0.033731,-0.073457,-0.81986,0.15997,0.059505,-0.80459,0.18848
-0.040605,0.72588,-0.097478,-0.024624,0.57037,0.0091872,-0.20187,0.49467,0.026067,0.16273,0.47935,-0.023467,-0.28962,0.19891,0.077162,0.32397,0.23026,0.072528,-0.38907,-0.019465,0.087598,0.45833,0.010538,0.077495,0.0013147,0.2153,0.038174,0,0.14706,0,-0.080318,0.062899,0.011294,0.090046,0.066605,-0.019453,-0.052415,-0.39863,-0.088009,0.0635,-0.40161,-0.065361,-0.03995,-0.77297,0.14078,0.053902,-0.77901,0.15906
-0.033917,0.72922,-0.10872,-0.022997,0.56996,0.0077177,-0.20027,0.51684,0.064621,0.1669,0.4843,-0.014759,-0.29382,0.22596,0.1221,0.33287,0.24286,0.099608,-0.42574,0.028799,0.15109,0.47382,0.04112,0.11746,0.0044803,0.21979,0.035619,0,0.15298,0,-0.081269,0.068302,0.010688,0.090254,0.070521,-0.019762,-0.04828,-0.39289,-0.088469,0.079733,-0.39835,-0.064855,-0.030723,-0.76494,0.14329,0.056315,-0.77337,0.16215
-0.026746,0.72603,-0.11478,-0.017837,0.56734,0.01083,-0.20426,0.52748,0.084514,0.20011,0.50286,0.032661,-0.31459,0.23763,0.15691,0.35123,0.25303,0.14275,-0.46764,0.056204,0.18529,0.50024,0.065383,0.15624,0.0021153,0.22787,0.035455,0,0.16539,0,-0.083998,0.077224,0.0060578,0.091483,0.074705,-0.019424,-0.027387,-0.44038,-0.059441,0.093383,-0.44383,-0.033805,-0.010856,-0.82123,0.13133,0.061571,-0.79354,0.18079
-0.018442,0.7068,-0.11788,-0.011187,0.55376,0.016481,-0.20101,0.53004,0.086576,0.20486,0.48342,0.028775,-0.31567,0.24389,0.16458,0.35316,0.25249,0.14498,-0.49739,0.096971,0.20976,0.53323,0.092009,0.13757,0.0028375,0.22268,0.035285,0,0.16041,0,-0.084294,0.071913,0.004634,0.089849,0.066523,-0.018235,-0.025775,-0.53061,-0.013359,0.099043,-0.53476,0.010584,0.0043841,-0.92995,0.071042,0.056571,-0.89911,0.11326
-0.016149,0.68967,-0.11582,-0.0099821,0.51874,0.019906,-0.20478,0.53084,0.10646,0.20818,0.46157,0.032082,-0.32032,0.23971,0.16916,0.3636,0.23677,0.15251,-0.52109,0.11102,0.19122,0.56396,0.10384,0.11663,0.0041781,0.20216,0.035823,0,0.14217,0,-0.085422,0.044154,0.0079337,0.090784,0.042289,-0.023146,-0.031707,-0.58934,0.0035221,0.1068,-0.58953,0.031475,-0.016799,-1.0072,0.06207,0.10193,-0.9803,0.12187
-0.016309,0.63387,-0.10893,-0.0046762,0.468,0.021217,-0.20928,0.44849,0.089981,0.18043,0.39678,0.023058,-0.35278,0.18052,0.17968,0.36036,0.19794,0.15848,-0.58981,0.13593,0.17396,0.57592,0.12154,0.066206,0.0049871,0.12498,0.036467,0,0.060147,0,-0.087636,-0.026172,0.0011811,0.089667,-0.030696,-0.016951,-0.044457,-0.59468,0.0097608,0.095596,-0.60182,0.039361,-0.046556,-0.99453,0.079165,0.094739,-0.98014,0.13272
-0.025169,0.59249,-0.097707,-0.017057,0.41881,0.024084,-0.20048,0.36763,0.063739,0.16727,0.37091,0.037084,-0.37904,0.13103,0.16204,0.33934,0.16339,0.12507,-0.61639,0.16801,0.12325,0.57321,0.114,-0.0045894,-0.00014336,0.066944,0.037562,0,0.00093904,0,-0.083194,-0.083463,-0.00048522,0.089534,-0.078853,-0.015163,-0.05765,-0.60081,0.0040254,0.080625,-0.60238,0.039847,-0.061216,-1.003,0.098663,0.080731,-0.98989,0.1587
-0.029571,0.53589,-0.086324,-0.021625,0.37104,0.040078,-0.20805,0.35161,0.1092,0.18553,0.30521,0.050374,-0.36662,0.090733,0.12408,0.35317,0.12816,0.10863,-0.57421,0.17931,0.023419,0.56094,0.12509,-0.066872,0.0015366,0.044745,0.040918,0,-0.015713,0,-0.084642,-0.10193,-0.0045085,0.09034,-0.10823,-0.013355,-0.0492,-0.60871,-0.038231,0.082623,-0.60829,0.016012,-0.050589,-0.99789,0.089858,0.077449,-0.99887,0.15653
-0.021172,0.51805,-0.077919,-0.017363,0.35142,0.042219,-0.20911,0.34786,0.11299,0.1934,0.27887,0.055257,-0.36674,0.0744,0.063588,0.36127,0.091799,0.060255,-0.54135,0.20549,-0.05441,0.53313,0.14531,-0.15171,0.0020275,0.0088094,0.044052,0,-0.052917,0,-0.092199,-0.1411,-0.019164,0.10008,-0.15461,-0.0054076,-0.061162,-0.60809,-0.076423,0.098642,-0.62445,-0.028618,-0.045342,-0.99801,0.079252,0.073191,-0.99965,0.13833
-0.028639,0.52174,-0.063494,-0.027335,0.35094,0.046208,-0.19502,0.24995,0.032908,0.18357,0.27561,0.055325,-0.32678,0.021916,0.052508,0.30653,0.050621,0.090646,-0.46301,0.17336,-0.092061,0.43658,0.12221,-0.13609,-0.0078284,-0.0014479,0.046768,0,-0.066375,0,-0.081559,-0.15765,-0.0186,0.092975,-0.15545,-0.0065292,-0.072706,-0.62558,-0.075361,0.092533,-0.62529,-0.027,-0.054209,-0.999,0.078965,0.065527,-0.99908,0.13866
-0.034074,0.54081,-0.056901,-0.027885,0.36579,0.053078,-0.19721,0.26157,0.027753,0.1819,0.28687,0.05405,-0.31225,0.05508,0.046942,0.30216,0.068356,0.078423,-0.42609,0.15183,-0.15769,0.40082,0.11361,-0.15223,-0.008015,0.0019043,0.048439,0,-0.062745,0,-0.080409,-0.15072,-0.017077,0.094225,-0.14756,-0.0089563,-0.078311,-0.61969,-0.060518,0.093082,-0.61693,-0.0030709,-0.066695,-0.99539,0.069547,0.066491,-0.99572,0.13785
-0.038925,0.59656,-0.055387,-0.028594,0.42526,0.058168,-0.21261,0.33411,0.042855,0.17393,0.32463,0.030712,-0.28304,0.086503,0.036898,0.31667,0.13499,0.044662,-0.39636,0.10084,-0.19078,0.40187,0.085265,-0.19067,-0.0035078,0.054694,0.05062,0,-0.011634,0,-0.083692,-0.097133,-0.010925,0.095058,-0.095545,-0.017753,-0.086408,-0.59584,-0.015779,0.074072,-0.62728,0.049642,-0.077869,-0.99123,0.063573,0.065421,-0.99269,0.13719
-0.03588,0.6371,-0.055918,-0.025143,0.47899,0.05133,-0.1959,0.38041,0.023056,0.17065,0.38509,0.02249,-0.28622,0.16611,0.057858,0.29996,0.17799,0.052659,-0.36374,0.055909,-0.15742,0.398,0.077994,-0.15895,-0.0040897,0.095048,0.050913,0,0.026918,0,-0.080889,-0.048888,-0.013539,0.090207,-0.054519,-0.012238,-0.084783,-0.59122,0.031064,0.072506,-0.62459,0.069658,-0.075137,-0.99095,0.065534,0.07809,-0.98969,0.14387
-0.038143,0.69956,-0.070457,-0.02731,0.53214,0.033169,-0.1978,0.44815,0.026156,0.18866,0.45191,0.025634,-0.28087,0.18996,0.046903,0.31215,0.21252,0.042994,-0.34331,0.026424,-0.13428,0.41527,0.029531,-0.14195,-0.0044419,0.15529,0.04817,0,0.085836,0,-0.08151,-0.0085851,-0.0081615,0.09264,0.0022896,-0.011711,-0.078674,-0.59306,0.037298,0.08174,-0.60231,0.078033,-0.070224,-0.99301,0.057696,0.082204,-0.98581,0.1222
-0.025525,0.72983,-0.095142,-0.022184,0.56388,0.018971,-0.19434,0.47648,0.014055,0.18129,0.472,0.0065941,-0.28076,0.20423,0.042604,0.31083,0.21903,0.044115,-0.32937,-0.011367,-0.06935,0.41981,0.013484,-0.064009,-0.0029779,0.18147,0.045067,0,0.10959,0,-0.082204,0.03169,-0.00032667,0.090816,0.027385,-0.010997,-0.069058,-0.55997,0.026333,0.082246,-0.59093,0.068915,-0.066411,-0.97102,0.076619,0.069857,-0.97927,0.13269
-0.020039,0.73981,-0.10216,-0.017128,0.59077,-0.006443,-0.19886,0.52478,0.020358,0.17845,0.49091,-0.0016195,-0.27807,0.21218,0.041872,0.3144,0.23349,0.055779,-0.33157,-0.021769,0.0013769,0.4245,0.0194,0.023943,-0.00039756,0.22883,0.036459,0,0.15915,0,-0.082647,0.067142,0.0042137,0.089544,0.075706,-0.0070005,-0.042066,-0.46605,-0.017679,0.071895,-0.48033,0.011176,-0.039494,-0.87249,0.15195,0.045702,-0.87407,0.17014
-0.020367,0.74177,-0.10677,-0.012534,0.59052,-0.013199,-0.20269,0.52824,0.027765,0.17694,0.49953,-0.00357,-0.28836,0.22227,0.073428,0.31963,0.24287,0.079309,-0.36673,-0.0059194,0.052384,0.44452,0.036053,0.070931,0.0010701,0.23553,0.031472,0,0.16664,0,-0.086187,0.080905,0.0070474,0.090012,0.081115,-0.0063312,-0.039408,-0.38394,-0.058267,0.060302,-0.38884,-0.043,-0.03533,-0.7528,0.17894,0.047509,-0.75273,0.20068
-0.018884,0.73513,-0.12079,-0.01239,0.58309,-0.013777,-0.20095,0.53613,0.034312,0.18436,0.50734,0.010145,-0.29068,0.23255,0.08487,0.3263,0.24647,0.098372,-0.40443,0.025647,0.11991,0.46609,0.041433,0.11396,6.1493e-05,0.24388,0.027652,0,0.18041,0,-0.085569,0.094048,0.0093724,0.090226,0.091054,-0.0092585,-0.064854,-0.36853,-0.085393,0.066625,-0.37701,-0.057759,-0.035564,-0.73597,0.1522,0.040188,-0.73143,0.19715
-0.012721,0.72666,-0.13606,-0.011397,0.57469,-0.0099331,-0.20195,0.54399,0.048429,0.18769,0.50629,0.01603,-0.30706,0.25324,0.12391,0.33588,0.25771,0.11767,-0.44126,0.057075,0.15083,0.48531,0.070532,0.14509,0.00052427,0.24395,0.02503,0,0.18074,0,-0.085965,0.094299,0.0092351,0.090501,0.091038,-0.0096309,-0.05715,-0.36952,-0.074931,0.069458,-0.37992,-0.041484,-0.034945,-0.73384,0.16756,0.041902,-0.74052,0.20543
-0.01345,0.70644,-0.14504,-0.015038,0.55415,-0.0068601,-0.20249,0.54398,0.059447,0.18869,0.50425,0.017561,-0.31483,0.25525,0.13295,0.33886,0.25805,0.11809,-0.48063,0.088855,0.17331,0.49917,0.08012,0.13283,0.00073183,0.24023,0.023222,0,0.17795,0,-0.085347,0.091687,0.0076103,0.090257,0.087043,-0.0082413,-0.043658,-0.45863,-0.036316,0.091232,-0.46789,0.0040573,-0.047975,-0.83593,0.14009,0.055829,-0.82903,0.17971
-0.0088728,0.68651,-0.15318,-0.015569,0.52717,-0.0069527,-0.20469,0.54307,0.082749,0.20269,0.48549,0.028847,-0.32024,0.25108,0.14274,0.35936,0.25136,0.125,-0.50683,0.10343,0.16819,0.54068,0.092193,0.11666,0.00075716,0.19914,0.021978,0,0.13384,0,-0.086296,0.035936,-0.0014184,0.093723,0.036014,-0.0024697,-0.02993,-0.56609,0.010403,0.065158,-0.52074,0.018745,-0.029567,-0.96317,0.07656,0.046905,-0.96023,0.10667
-0.013428,0.62805,-0.14988,-0.017882,0.48376,-0.0088201,-0.21364,0.53384,0.096001,0.2002,0.42862,0.019284,-0.33752,0.2417,0.14346,0.35912,0.22498,0.14021,-0.54992,0.12786,0.14193,0.56334,0.11023,0.06695,0.0014916,0.176,0.019625,0,0.11397,0,-0.08674,0.018552,0.0008055,0.095271,0.015177,-0.0042286,-0.0313,-0.56712,0.0095022,0.096605,-0.60269,0.069443,-0.037475,-0.97774,0.074854,0.05772,-1.0073,0.13137
-0.0064997,0.58373,-0.13419,-0.013685,0.42476,-0.0072634,-0.20162,0.44316,0.065945,0.17479,0.37074,0.013433,-0.3544,0.17656,0.14692,0.3475,0.17381,0.13109,-0.59107,0.13049,0.12046,0.57452,0.10663,0.020454,0.00080603,0.096542,0.018315,0,0.031308,0,-0.083553,-0.052306,0.00029581,0.089549,-0.05744,-0.00372,-0.036561,-0.59407,0.018692,0.092609,-0.60221,0.074343,-0.06431,-0.98633,0.11698,0.059394,-0.994,0.16296
-0.027507,0.54134,-0.12229,-0.025604,0.37895,0.0041595,-0.21188,0.32871,0.063597,0.18151,0.3495,0.063433,-0.36609,0.10342,0.13429,0.34424,0.13087,0.1141,-0.58981,0.15732,0.046364,0.56179,0.10578,-0.051952,-0.0042002,0.052615,0.019982,0,-0.011825,0,-0.084544,-0.10825,0.001029,0.096367,-0.096203,-0.0094,-0.034152,-0.60662,-0.0020994,0.08217,-0.61073,0.056818,-0.059145,-1.0055,0.12083,0.026764,-1.0182,0.15832
-0.024289,0.52498,-0.11722,-0.023883,0.34838,0.01337,-0.20408,0.33518,0.062792,0.18038,0.29136,0.046974,-0.35955,0.073249,0.08051,0.35685,0.091037,0.068385,-0.55162,0.17945,-0.035026,0.54338,0.1127,-0.1258,-0.00319,0.0046032,0.022449,0,-0.062705,0,-0.084734,-0.14176,-0.011629,0.096585,-0.14954,-0.0010917,-0.044787,-0.61421,-0.061369,0.096802,-0.61933,-0.014308,-0.047792,-1.0035,0.10684,0.030484,-0.9904,0.098336
-0.026346,0.50237,-0.090763,-0.02524,0.33356,0.030066,-0.25001,0.2835,0.11258,0.16324,0.24948,0.027878,-0.34055,0.05025,0.037552,0.29726,0.037049,0.12069,-0.47951,0.18425,-0.12242,0.4603,0.095143,-0.13832,0.00069119,0.0011832,0.025014,0,-0.064127,0,-0.089613,-0.15164,-0.011382,0.097882,-0.15452,-0.0066952,-0.044138,-0.61778,-0.062901,0.097166,-0.62425,-0.015849,-0.04565,-1.0038,0.10448,0.02636,-1.0126,0.12808
-0.030643,0.51124,-0.070892,-0.0301,0.3409,0.03975,-0.23648,0.22639,0.062429,0.16037,0.25068,0.027385,-0.34664,0.011728,0.02681,0.29602,0.051128,0.10922,-0.38893,0.15988,-0.17404,0.3986,0.071732,-0.12335,-0.0024415,-0.0017275,0.029315,0,-0.067243,0,-0.085117,-0.16326,-0.026422,0.10109,-0.15669,-0.0011205,-0.048751,-0.63108,-0.063151,0.094989,-0.62637,-0.012682,-0.049557,-1.0004,0.099759,0.029913,-1.0011,0.12985
-0.03741,0.54741,-0.068367,-0.032541,0.38617,0.045159,-0.19915,0.30298,0.025751,0.15727,0.28342,0.019445,-0.28692,0.084801,0.050313,0.30431,0.09929,0.041935,-0.34932,0.092513,-0.19775,0.41603,0.052253,-0.18181,-0.0047769,0.0026242,0.033036,0,-0.064633,0,-0.081217,-0.15282,-0.031921,0.099926,-0.14759,0.0028613,-0.057644,-0.62191,-0.040966,0.088126,-0.61586,0.024362,-0.053624,-0.99648,0.098538,0.0274,-1.0115,0.14164
-0.042121,0.5731,-0.058138,-0.035024,0.43358,0.05387,-0.2022,0.35565,0.038112,0.15621,0.33813,0.019647,-0.29022,0.13855,0.066392,0.29442,0.16341,0.082775,-0.31394,0.063223,-0.17669,0.38297,0.054091,-0.12835,-0.0044078,0.06023,0.038898,0,-0.0089018,0,-0.079975,-0.087722,-0.0095735,0.092566,-0.089317,-0.014969,-0.062638,-0.58398,0.017691,0.08122,-0.61929,0.086697,-0.061769,-0.98851,0.1029,0.051439,-1.0075,0.17244
-0.040187,0.64006,-0.077409,-0.026952,0.49183,0.04431,-0.2186,0.4182,0.054192,0.16473,0.40222,0.016721,-0.2769,0.16053,0.058399,0.29584,0.17915,0.065647,-0.31733,0.026288,-0.15306,0.38703,0.040278,-0.12442,-0.0012381,0.12424,0.039565,0,0.056246,0,-0.080939,-0.029395,-0.011592,0.091504,-0.028859,-0.011686,-0.061234,-0.58151,0.038993,0.081651,-0.62153,0.098794,-0.055884,-0.98615,0.094646,0.059398,-1.0055,0.16831
-0.041112,0.69552,-0.091215,-0.032334,0.54212,0.023395,-0.20972,0.45212,0.036495,0.16862,0.45599,0.0094894,-0.2793,0.17914,0.047792,0.31344,0.20572,0.051892,-0.29776,-0.02402,-0.096163,0.39332,0.0091805,-0.078145,-0.0026056,0.15753,0.037401,0,0.084855,0,-0.079987,0.002263,-0.0046436,0.091663,0.00027902,-0.011671,-0.065653,-0.57391,0.037066,0.084709,-0.60382,0.092198,-0.056334,-0.97568,0.090262,0.062837,-0.99596,0.15309
-0.038986,0.71128,-0.093362,-0.025514,0.56632,0.010234,-0.21083,0.49198,0.031758,0.17157,0.4785,0.0019802,-0.2745,0.19904,0.052072,0.31719,0.22683,0.061706,-0.30661,-0.036382,-0.0051129,0.41882,0.0085997,-0.0046234,-0.0015645,0.21351,0.032426,0,0.1436,0,-0.081502,0.054972,0.0063227,0.091609,0.059505,-0.014145,-0.053432,-0.52524,0.012648,0.089223,-0.54393,0.052589,-0.049154,-0.90661,0.13443,0.069043,-0.947,0.16405
-0.031892,0.71923,-0.10862,-0.026591,0.57802,-0.0013248,-0.20841,0.50438,0.033131,0.17248,0.49385,-0.0013939,-0.28074,0.2101,0.066987,0.31873,0.23559,0.074873,-0.34587,-0.022204,0.046505,0.4321,0.016415,0.060332,-0.0013283,0.22154,0.029468,0,0.15142,0,-0.082123,0.064021,0.0067271,0.092411,0.067453,-0.01234,-0.04676,-0.43597,-0.041544,0.095881,-0.45481,-0.0045064,-0.036962,-0.82617,0.16368,0.048796,-0.83832,0.18436
-0.028151,0.71953,-0.11476,-0.024351,0.5776,-0.0065175,-0.19823,0.51269,0.022675,0.17188,0.49486,-0.0028166,-0.28937,0.22169,0.096476,0.32791,0.24698,0.11184,-0.38657,0.0040288,0.11896,0.45946,0.028698,0.13798,-0.001898,0.22663,0.026331,0,0.15815,0,-0.080361,0.075011,0.0089265,0.089669,0.077227,-0.011762,-0.056334,-0.38961,-0.071022,0.08727,-0.3923,-0.041054,-0.037952,-0.76225,0.16081,0.036469,-0.76664,0.18395
-0.029495,0.71283,-0.12867,-0.021365,0.5762,-0.0054364,-0.21291,0.53909,0.058667,0.17228,0.49459,-0.0015589,-0.2912,0.23182,0.10679,0.32812,0.26026,0.13435,-0.41867,0.035541,0.15047,0.46554,0.069486,0.17358,0.0012915,0.23434,0.024262,0,0.16952,0,-0.080531,0.081831,0.010567,0.089169,0.085564,-0.013852,-0.046494,-0.38385,-0.072955,0.089737,-0.38395,-0.042565,-0.036184,-0.75533,0.16103,0.040174,-0.75844,0.18257
-0.029084,0.70489,-0.14188,-0.025127,0.56479,-0.00051501,-0.20743,0.53745,0.056194,0.1815,0.49974,0.016019,-0.30714,0.24347,0.12775,0.337,0.2717,0.15664,-0.44845,0.056523,0.1703,0.48475,0.084924,0.18058,-0.00046968,0.23405,0.023448,0,0.16991,0,-0.080344,0.081775,0.011044,0.089043,0.085345,-0.017385,-0.033744,-0.44824,-0.05745,0.092271,-0.44977,-0.019969,-0.040804,-0.81735,0.12464,0.039525,-0.78456,0.18338
-0.02947,0.69136,-0.14154,-0.016151,0.54063,-0.00095447,-0.21926,0.52252,0.072054,0.18351,0.4968,0.021084,-0.33016,0.23425,0.1484,0.33934,0.2713,0.15899,-0.50758,0.074244,0.16751,0.50713,0.10107,0.17734,0.00037732,0.22938,0.022139,0,0.16655,0,-0.082243,0.066947,0.0048447,0.088301,0.082583,-0.016338,-0.032269,-0.53487,-0.02141,0.08418,-0.53941,0.014459,-0.028599,-0.93074,0.061704,0.032763,-0.9048,0.15848
-0.028032,0.6536,-0.14031,-0.014109,0.51226,0.0091032,-0.23047,0.5064,0.10543,0.19204,0.46821,0.036049,-0.33256,0.21793,0.16116,0.34984,0.26374,0.16613,-0.53352,0.087578,0.17566,0.54372,0.12101,0.13401,0.0015814,0.1889,0.023701,0,0.12662,0,-0.086073,0.01217,0.0018823,0.092168,0.041886,-0.016269,-0.026731,-0.58175,-0.0060099,0.082062,-0.58961,0.039534,-0.031908,-0.97942,0.052248,0.040345,-0.99642,0.089006
-0.028781,0.624,-0.12672,-0.015938,0.45656,0.0049033,-0.22185,0.51074,0.13009,0.19276,0.42083,0.034491,-0.33128,0.20736,0.15186,0.36245,0.21198,0.15694,-0.54825,0.10176,0.14303,0.57438,0.11306,0.082169,0.0027304,0.14639,0.022155,0,0.085518,0,-0.083474,-0.0044647,0.0036359,0.092717,-0.013992,-0.014819,-0.02211,-0.58735,-0.0092,0.090991,-0.61392,0.042219,-0.051271,-0.97281,0.040873,0.038489,-1.0116,0.10796
-0.037113,0.56637,-0.10077,-0.010108,0.40472,0.013406,-0.24756,0.40116,0.13605,0.16336,0.35387,0.023555,-0.35848,0.11406,0.15338,0.34744,0.15667,0.13733,-0.58476,0.12453,0.054912,0.57792,0.10241,0.017834,0.0048061,0.080171,0.023556,0,0.017208,0,-0.090559,-0.080853,0.0017164,0.095417,-0.07099,-0.015401,-0.027611,-0.60511,-0.014159,0.08669,-0.61498,0.045957,-0.055238,-1.0206,0.087705,0.034516,-1.0257,0.14362
