-0.035208,0.51959,-0.07155,-0.024829,0.34216,0.00071,-0.19521,0.22743,-0.01818,0.16383,0.24327,0.00949,-0.27463,0.018551,0.066344,0.33276,0.065349,-0.020984,-0.39259,-0.049301,-0.12899,0.43808,-0.0030264,-0.24032,-0.0063557,-0.0062149,0.028011,0,-0.074622,0,-0.08084,-0.15761,-0.013674,0.090465,-0.15449,0.00706,-0.048872,-0.59855,-0.04664,0.077148,-0.59659,0.005774,-0.054391,-0.92361,0.076066,0.043132,-0.93998,0.11688
-0.032487,0.54738,-0.057883,-0.023613,0.36742,0.010152,-0.19538,0.24239,-0.009645,0.16992,0.27071,0.009367,-0.29396,0.050455,0.075295,0.31927,0.094035,0.031422,-0.42001,-0.064888,-0.087655,0.42161,-0.020387,-0.14938,-0.0053398,0.011455,0.028889,0,-0.057138,0,-0.081707,-0.1427,-0.011987,0.091034,-0.13538,0.001169,-0.066739,-0.5849,-0.023418,0.078779,-0.57632,0.021475,-0.053858,-0.92343,0.088083,0.045165,-0.93722,0.1287
-0.040767,0.58458,-0.039731,-0.019756,0.42395,0.023867,-0.19959,0.30635,0.016637,0.15706,0.32359,0.009208,-0.30347,0.093391,0.10084,0.31178,0.11756,0.064158,-0.41807,-0.067091,-0.024838,0.4155,-0.027889,-0.08935,-0.0025234,0.062561,0.031775,0,-0.0064962,0,-0.080449,-0.089353,-0.008504,0.087787,-0.083542,-0.005658,-0.078382,-0.53168,0.027296,0.073564,-0.55755,0.092721,-0.053797,-0.92213,0.11187,0.045758,-0.93379,0.15063
-0.04292,0.64432,-0.041974,-0.020199,0.46718,0.029955,-0.1996,0.36223,0.017922,0.14497,0.37337,-0.005377,-0.30585,0.13258,0.11664,0.30556,0.13385,0.0677,-0.4064,-0.055057,0.024975,0.41964,-0.049838,-0.014044,-0.0010982,0.094908,0.033905,0,0.024454,0,-0.079037,-0.05508,-0.007654,0.085228,-0.046074,-0.009566,-0.064651,-0.55171,0.066793,0.072593,-0.55324,0.11299,-0.050674,-0.92444,0.11655,0.050976,-0.92868,0.15463
-0.031766,0.667,-0.044299,-0.018327,0.51683,0.027367,-0.19461,0.41122,0.013251,0.15185,0.40129,-0.006233,-0.29614,0.15866,0.12615,0.30568,0.15819,0.06804,-0.39476,-0.045019,0.1014,0.40564,-0.041511,0.01572,-0.0013693,0.13824,0.034533,0,0.065747,0,-0.07848,-0.016562,-0.005652,0.085469,-0.011082,-0.008373,-0.056604,-0.55136,0.072831,0.076595,-0.55414,0.11914,-0.04287,-0.93019,0.12557,0.054608,-0.9303,0.16389
-0.028578,0.71073,-0.064246,-0.016733,0.53385,0.019926,-0.1892,0.44072,0.009498,0.14867,0.44593,-0.021022,-0.29227,0.18625,0.11786,0.28877,0.20119,0.071191,-0.38673,-0.019157,0.11841,0.38178,-0.0053051,0.06356,0.00023218,0.16394,0.033319,0,0.093627,0,-0.077407,0.015925,-0.002906,0.083057,0.024732,-0.008696,-0.037559,-0.49447,0.028556,0.073304,-0.51727,0.082538,-0.039072,-0.87617,0.14427,0.004754,-0.90189,0.16795
-0.025415,0.71085,-0.061621,-0.021154,0.55419,0.015576,-0.18698,0.45324,0.012488,0.1514,0.45725,-0.017404,-0.29074,0.20912,0.12347,0.28724,0.21172,0.077999,-0.40323,0.022768,0.17207,0.39979,0.012525,0.13284,-0.00075232,0.19509,0.032183,0,0.12594,0,-0.077956,0.047644,0.000455,0.085902,0.048921,-0.009244,-0.046872,-0.41103,-0.029875,0.082775,-0.41225,0.016045,-0.027843,-0.74669,0.20345,0.048414,-0.75736,0.23511
-0.021449,0.73727,-0.082488,-0.014645,0.56076,0.003733,-0.1871,0.46066,0.01027,0.15203,0.46086,-0.017142,-0.29592,0.24497,0.12697,0.30346,0.2425,0.10773,-0.41972,0.079331,0.20533,0.42315,0.056461,0.14248,-0.00047037,0.2008,0.029722,0,0.13066,0,-0.079285,0.052625,0.000872,0.085872,0.054293,-0.008171,-0.047268,-0.38708,-0.051105,0.07713,-0.38779,-0.005685,-0.028229,-0.72179,0.18352,0.04532,-0.72907,0.21906
-0.019568,0.72715,-0.092354,-0.01442,0.56058,0.00413,-0.18641,0.46367,0.008719,0.16488,0.47531,-0.002099,-0.30563,0.26398,0.14695,0.31461,0.25497,0.1164,-0.46731,0.13777,0.22902,0.47149,0.098536,0.14971,-0.0018141,0.20417,0.028356,0,0.1351,0,-0.080187,0.055314,0.000649,0.086406,0.057739,-0.007031,-0.052648,-0.38466,-0.051538,0.078428,-0.39306,-0.00436,-0.042467,-0.74445,0.14814,0.040396,-0.74331,0.18854
-0.022778,0.70634,-0.10734,-0.010808,0.55192,0.000656,-0.18472,0.46411,0.01447,0.17044,0.47543,0.006718,-0.32402,0.28018,0.17111,0.33768,0.27371,0.12069,-0.51316,0.19009,0.24327,0.52536,0.15506,0.15178,-0.00132,0.20691,0.026829,0,0.13934,0,-0.081629,0.057938,-0.002762,0.086542,0.059965,-0.003811,-0.049731,-0.46987,-0.016564,0.072375,-0.46709,0.010789,-0.045443,-0.82483,0.07333,0.046039,-0.80945,0.13181
-0.02108,0.68594,-0.10897,-0.0083353,0.53916,0.005541,-0.18495,0.45802,0.018987,0.174,0.473,0.018167,-0.33927,0.28022,0.18391,0.34722,0.28662,0.12738,-0.55646,0.24132,0.2214,0.55742,0.2027,0.10136,-0.0012568,0.18938,0.026053,0,0.12122,0,-0.081091,0.0328,-0.006158,0.084512,0.042426,-0.003323,-0.069312,-0.54061,0.004658,0.06142,-0.54974,0.032209,-0.057066,-0.91218,0.033457,0.047187,-0.93013,0.060368
-0.018986,0.6778,-0.096552,-0.01371,0.51273,0.014872,-0.18151,0.44018,0.02822,0.18088,0.43706,0.020754,-0.35099,0.26428,0.18561,0.36507,0.29191,0.12201,-0.57751,0.26637,0.16426,0.58326,0.24727,0.065727,-0.0017076,0.16081,0.027577,0,0.092502,0,-0.079955,0.010456,-0.004448,0.086109,0.011432,-0.006353,-0.070191,-0.54167,0.01171,0.070774,-0.55207,0.045609,-0.069514,-0.9249,0.033886,0.054697,-0.93441,0.069231
-0.017723,0.63082,-0.089956,-0.015457,0.46372,0.01996,-0.17422,0.38639,0.024956,0.16673,0.39205,0.014848,-0.36798,0.23948,0.17275,0.38243,0.25512,0.10465,-0.58101,0.28703,0.097429,0.5878,0.25653,-0.005499,-0.0016999,0.11169,0.028782,0,0.044083,0,-0.077679,-0.029106,-0.005891,0.083628,-0.027587,-0.00419,-0.080219,-0.55299,0.008724,0.074101,-0.55637,0.04978,-0.076505,-0.93326,0.047166,0.057369,-0.94004,0.079779
-0.016961,0.57202,-0.074086,-0.017897,0.4113,0.022861,-0.1779,0.352,0.034179,0.18215,0.3575,0.050634,-0.37062,0.17554,0.12269,0.35983,0.19531,0.088661,-0.55236,0.28089,0.023336,0.54948,0.24497,-0.051869,-0.0041607,0.08049,0.029918,0,0.017286,0,-0.079563,-0.070159,-0.009432,0.087322,-0.067899,-0.006629,-0.084719,-0.57258,-0.010528,0.062801,-0.58293,0.011208,-0.086206,-0.94922,0.061131,0.036925,-0.95865,0.10204
-0.032095,0.53382,-0.065373,-0.024368,0.37021,0.040745,-0.18238,0.28244,0.027422,0.18138,0.31846,0.073836,-0.36755,0.12011,0.067098,0.34155,0.15757,0.07178,-0.51979,0.25039,-0.05306,0.52014,0.20635,-0.12844,-0.0076168,0.028264,0.035224,0,-0.034288,0,-0.080287,-0.12026,-0.011829,0.089304,-0.10577,-0.010204,-0.080922,-0.57492,-0.039342,0.058495,-0.58267,0.002221,-0.083644,-0.95972,0.069298,0.023996,-0.96938,0.10336
-0.027116,0.51509,-0.052962,-0.02069,0.35744,0.051461,-0.17588,0.23937,0.018345,0.1728,0.26372,0.065982,-0.32331,0.06357,0.050657,0.32706,0.098344,0.052635,-0.46398,0.17838,-0.099192,0.4863,0.15415,-0.1708,-0.0074033,0.0032716,0.039396,0,-0.062494,0,-0.07986,-0.14168,-0.016381,0.086987,-0.1394,-0.008643,-0.074989,-0.58206,-0.073479,0.056177,-0.57949,-0.057176,-0.080795,-0.95927,0.072371,0.022706,-0.96339,0.096461
-0.025627,0.51066,-0.04149,-0.020605,0.34921,0.05708,-0.17587,0.2334,0.019456,0.15903,0.23152,0.03292,-0.29892,0.050063,0.058771,0.30613,0.060245,0.041015,-0.41307,0.11081,-0.14158,0.43893,0.09518,-0.15594,-0.0049016,-0.012802,0.04217,0,-0.078266,0,-0.078296,-0.15458,-0.015747,0.086073,-0.15191,-0.009463,-0.072168,-0.5946,-0.075858,0.058751,-0.59248,-0.054049,-0.076814,-0.95895,0.075522,0.022774,-0.97693,0.098005
-0.028193,0.514,-0.032548,-0.019676,0.34935,0.057786,-0.17641,0.23335,0.016984,0.15915,0.23523,0.033166,-0.29779,0.053306,0.061534,0.30782,0.063364,0.041118,-0.37843,0.039381,-0.16401,0.42703,0.072689,-0.1656,-0.0050346,-0.013785,0.043929,0,-0.07908,0,-0.078344,-0.15548,-0.015922,0.085655,-0.15265,-0.009495,-0.075342,-0.5961,-0.06988,0.063564,-0.5944,-0.033619,-0.075841,-0.95983,0.077046,0.02256,-0.96717,0.10405
-0.024612,0.54866,-0.021484,-0.014692,0.38211,0.057811,-0.18637,0.27605,0.033362,0.16292,0.28791,0.036256,-0.29221,0.093532,0.087998,0.32069,0.10564,0.020229,-0.36849,0.0081516,-0.12176,0.43102,0.046677,-0.18293,-0.0026696,0.0099536,0.045238,0,-0.056716,0,-0.080035,-0.1366,-0.014352,0.085736,-0.13296,-0.010641,-0.086716,-0.58124,-0.026354,0.062973,-0.58655,0.012244,-0.079366,-0.96097,0.084567,0.021789,-0.96952,0.1164
-0.018031,0.60695,-0.014742,-0.0079828,0.43962,0.058206,-0.1775,0.33616,0.034001,0.1613,0.32975,0.024675,-0.28812,0.1344,0.10965,0.31086,0.16748,0.055011,-0.34292,-0.0021383,-0.076882,0.40452,0.037634,-0.12451,-0.00035811,0.063376,0.046576,0,-0.0041003,0,-0.079343,-0.078476,-0.010986,0.082049,-0.080154,-0.013575,-0.085366,-0.57519,0.015449,0.063887,-0.57948,0.046178,-0.083421,-0.95649,0.09109,0.03336,-0.95774,0.11612
-0.036861,0.65782,-0.012059,-0.017482,0.49545,0.05361,-0.19194,0.38807,0.044227,0.15382,0.38889,0.016593,-0.28197,0.15469,0.10761,0.30875,0.17036,0.060358,-0.34004,-0.020755,-0.037701,0.38636,-0.0039753,-0.076002,0.00037565,0.11742,0.047008,0,0.04914,0,-0.078313,-0.033301,-0.010091,0.084219,-0.02446,-0.013184,-0.089329,-0.56379,0.031766,0.064539,-0.56704,0.070473,-0.086146,-0.92545,0.066126,0.055544,-0.94466,0.10391
-0.028026,0.69433,-0.031522,-0.010522,0.53168,0.043291,-0.18521,0.43629,0.0355,0.16456,0.44174,0.017341,-0.28146,0.17499,0.10216,0.30197,0.19107,0.072742,-0.33796,-0.034172,0.021603,0.38005,-0.0099558,-0.010999,0.00053304,0.15418,0.046624,0,0.085498,0,-0.079086,0.0093322,-0.008059,0.082841,0.0062101,-0.012039,-0.083582,-0.5503,0.029362,0.069074,-0.56242,0.066381,-0.081743,-0.90505,0.081716,0.063987,-0.94028,0.10689
-0.014731,0.71491,-0.046716,-0.0094725,0.5497,0.035327,-0.17,0.45292,0.007007,0.16686,0.45711,0.011613,-0.28131,0.19429,0.10032,0.30037,0.19783,0.078219,-0.36635,-0.015757,0.086401,0.38498,-0.0078016,0.020298,-0.0020862,0.17803,0.045974,0,0.1098,0,-0.077976,0.033106,-0.004668,0.080637,0.039527,-0.012202,-0.067548,-0.47271,-0.012399,0.068525,-0.47819,0.01392,-0.061626,-0.85788,0.10545,0.060466,-0.84405,0.14373
-0.01577,0.7241,-0.051806,-0.017174,0.56823,0.025694,-0.17152,0.45908,0.005213,0.16775,0.46565,0.002772,-0.28909,0.21238,0.11629,0.29745,0.20807,0.078962,-0.39876,0.020641,0.15275,0.40645,0.011135,0.091112,-0.0025706,0.2052,0.044038,0,0.13807,0,-0.078859,0.057988,-0.002208,0.084923,0.061397,-0.011849,-0.061626,-0.40073,-0.053971,0.071147,-0.39756,-0.037205,-0.042349,-0.77588,0.11939,0.041041,-0.76468,0.1492
-0.016481,0.72843,-0.059615,-0.017106,0.56994,0.026472,-0.16996,0.4656,0.002127,0.16801,0.46944,0.003024,-0.29896,0.23935,0.13596,0.30489,0.22589,0.10138,-0.43485,0.070291,0.18738,0.41811,0.029905,0.098483,-0.0029502,0.20998,0.044021,0,0.14332,0,-0.078846,0.063984,-0.001766,0.084891,0.070181,-0.013124,-0.045361,-0.38142,-0.067532,0.077962,-0.36641,-0.098646,-0.039907,-0.74176,0.12381,0.046092,-0.71649,0.11446
-0.012482,0.71921,-0.079448,-0.01666,0.56974,0.02721,-0.17938,0.46974,0.014571,0.17328,0.47608,0.010105,-0.31553,0.25277,0.15519,0.31321,0.24224,0.10986,-0.4795,0.10996,0.20487,0.46546,0.07516,0.11206,-0.0021048,0.21329,0.044181,0,0.14825,0,-0.080125,0.067264,-0.003684,0.085868,0.071943,-0.012295,-0.044409,-0.38302,-0.068364,0.05225,-0.40128,-0.049813,-0.028693,-0.74851,0.10214,0.037934,-0.72372,0.1448
-0.013941,0.71393,-0.087478,-0.014265,0.56593,0.02877,-0.18213,0.4663,0.018813,0.17632,0.47575,0.016527,-0.32629,0.26309,0.16966,0.32952,0.25674,0.12013,-0.51692,0.15564,0.21452,0.50287,0.11073,0.10835,-0.002147,0.2118,0.044451,0,0.14685,0,-0.081688,0.062712,-0.00727,0.086671,0.069522,-0.011627,-0.041061,-0.4387,-0.054867,0.063306,-0.42093,-0.046201,-0.029619,-0.8069,0.037047,0.035422,-0.79597,0.083563
-0.015788,0.70778,-0.083903,-0.0097837,0.55444,0.034154,-0.18261,0.46052,0.030168,0.1799,0.47029,0.024895,-0.32749,0.26204,0.18046,0.3343,0.25769,0.12547,-0.5376,0.18575,0.20388,0.53321,0.15689,0.070497,-0.00094294,0.20349,0.045992,0,0.13902,0,-0.081605,0.055458,-0.008438,0.084385,0.057496,-0.013126,-0.058858,-0.53967,-0.023928,0.059621,-0.47919,-0.023248,-0.020768,-0.90482,0.005441,0.035944,-0.89232,0.051283
-0.021389,0.65962,-0.086743,-0.014759,0.50404,0.041358,-0.17118,0.41458,0.023936,0.1685,0.42133,0.027063,-0.33665,0.24995,0.193,0.33929,0.25561,0.13436,-0.55919,0.20687,0.18234,0.54761,0.18123,0.032635,-0.0027491,0.14388,0.047828,0,0.078734,0,-0.075327,-0.0084133,-0.007803,0.081036,0.019442,-0.011003,-0.062764,-0.54903,-0.01698,0.070219,-0.56644,0.00945,-0.062606,-0.94691,0.008244,0.054836,-0.94439,0.028121
-0.018744,0.62223,-0.07599,-0.02183,0.45838,0.039881,-0.17435,0.38789,0.028004,0.16575,0.41048,0.032441,-0.35183,0.19858,0.16359,0.3426,0.2201,0.11483,-0.57151,0.21524,0.095847,0.54789,0.18701,-0.021064,-0.0034186,0.12166,0.048421,0,0.060492,0,-0.074319,-0.027193,-0.008166,0.082062,-0.0047972,-0.012124,-0.071797,-0.56314,-0.022109,0.068808,-0.57258,0.010878,-0.071688,-0.95629,0.024144,0.053172,-0.9463,0.032777
-0.026802,0.56227,-0.057452,-0.016851,0.40676,0.04062,-0.18768,0.34687,0.072577,0.17149,0.34429,0.049849,-0.34108,0.14205,0.12704,0.33515,0.16404,0.092646,-0.54579,0.20642,0.039676,0.53216,0.17266,-0.074847,1.74e-05,0.063774,0.049212,0,0.0024174,0,-0.08052,-0.078729,-0.014111,0.087194,-0.076579,-0.007617,-0.068648,-0.56909,-0.026537,0.069778,-0.57729,0.006314,-0.072268,-0.95833,0.036148,0.058831,-0.94756,0.082019
-0.033078,0.51091,-0.0355,-0.021759,0.36198,0.068734,-0.18381,0.26742,0.048449,0.16227,0.29707,0.067425,-0.31748,0.088751,0.10059,0.31,0.080806,0.078082,-0.49506,0.17512,-0.025005,0.47315,0.14327,-0.099382,-0.0053311,0.0091764,0.054112,0,-0.050273,0,-0.078994,-0.13165,-0.019345,0.086491,-0.11893,-0.011197,-0.074528,-0.57375,-0.05013,0.053085,-0.57239,-0.038246,-0.07235,-0.96113,0.047523,0.025137,-0.96654,0.083651
-0.042944,0.50117,-0.023806,-0.027369,0.34842,0.073281,-0.19851,0.23177,0.053811,0.13568,0.23744,0.042474,-0.31766,0.043523,0.070055,0.29651,0.061508,0.075777,-0.46088,0.1381,-0.092271,0.4391,0.10407,-0.12173,-0.0031587,-0.019138,0.055807,0,-0.082516,0,-0.075514,-0.16094,-0.023847,0.085167,-0.15258,-0.007562,-0.083683,-0.60252,-0.063599,0.057872,-0.59323,-0.049843,-0.073177,-0.96059,0.047924,0.019467,-0.96576,0.077078
-0.043959,0.50157,-0.0203,-0.02893,0.34435,0.0715,-0.19663,0.21666,0.039197,0.13705,0.23405,0.040073,-0.2947,-0.0052564,0.096142,0.29055,0.05366,0.074365,-0.38506,0.074493,-0.11008,0.41376,0.067614,-0.12963,-0.0047055,-0.026666,0.055956,0,-0.090226,0,-0.075184,-0.16954,-0.022221,0.085467,-0.16065,-0.00772,-0.077487,-0.60996,-0.077546,0.057941,-0.60113,-0.051759,-0.067359,-0.96434,0.052532,0.019568,-0.96588,0.075678
-0.043887,0.51028,-0.017417,-0.027762,0.34776,0.069837,-0.19614,0.22422,0.03778,0.13585,0.2376,0.035849,-0.28185,0.027426,0.094419,0.28868,0.062239,0.068844,-0.36363,0.029708,-0.13121,0.41014,0.053792,-0.13658,-0.0042169,-0.024932,0.056106,0,-0.08866,0,-0.075221,-0.16553,-0.017885,0.085037,-0.15903,-0.008616,-0.077181,-0.60569,-0.075545,0.065681,-0.6006,-0.03952,-0.069501,-0.9556,0.047075,0.022277,-0.96259,0.075054
-0.042845,0.53582,-0.018093,-0.03075,0.38151,0.064083,-0.19549,0.26523,0.026218,0.14786,0.29651,0.038746,-0.29094,0.081881,0.091252,0.30728,0.10003,0.025285,-0.35398,0.0010614,-0.12513,0.41378,0.016263,-0.17064,-0.0061266,0.010365,0.055608,0,-0.053274,0,-0.076764,-0.13361,-0.016066,0.08745,-0.12808,-0.011395,-0.078556,-0.57726,-0.030609,0.058146,-0.59368,-0.000488,-0.072707,-0.95626,0.04459,0.028223,-0.96613,0.076975
-0.041917,0.59876,-0.021667,-0.020509,0.44208,0.059729,-0.18822,0.32335,0.028896,0.15628,0.3313,0.027709,-0.27519,0.11127,0.10395,0.30268,0.15105,0.048893,-0.3366,-0.034692,-0.072421,0.39953,0.012483,-0.11773,-0.0030652,0.064857,0.055448,0,-0.00091214,0,-0.078899,-0.079096,-0.014881,0.085971,-0.075491,-0.010625,-0.072372,-0.58215,0.02203,0.064956,-0.58251,0.045696,-0.073657,-0.96011,0.04266,0.064666,-0.92876,0.056316
-0.037801,0.65186,-0.033139,-0.019458,0.48851,0.052399,-0.19046,0.37879,0.024637,0.15005,0.3938,0.014432,-0.27815,0.13697,0.093625,0.30108,0.15705,0.044815,-0.33787,-0.052855,-0.029087,0.38498,-0.026197,-0.073096,-0.0014699,0.10588,0.054771,0,0.038114,0,-0.077246,-0.039119,-0.010172,0.083714,-0.034511,-0.011981,-0.079141,-0.57164,0.020537,0.066244,-0.57397,0.040156,-0.075742,-0.95455,0.026788,0.067713,-0.92866,0.048665
-0.036218,0.67905,-0.047294,-0.017066,0.51831,0.03715,-0.19142,0.42467,0.017789,0.15644,0.42321,0.00713,-0.27987,0.1485,0.089492,0.28883,0.17821,0.04848,-0.34675,-0.067215,0.055995,0.37741,-0.027165,-0.00251,-0.0012853,0.14716,0.052156,0,0.080366,0,-0.077421,0.006861,-0.005088,0.084005,-0.0049207,-0.013166,-0.074321,-0.54085,0.004376,0.071376,-0.5659,0.029768,-0.088455,-0.88614,0.059756,0.070517,-0.92247,0.089566
-0.027805,0.70055,-0.064924,-0.017753,0.53396,0.027562,-0.18489,0.43038,0.013119,0.16394,0.44938,0.00356,-0.27861,0.16928,0.10028,0.29377,0.19261,0.073167,-0.37079,-0.037223,0.10175,0.39845,-0.0084415,0.061812,-0.0013915,0.1725,0.049896,0,0.10624,0,-0.077514,0.02274,-0.003754,0.084873,0.038757,-0.010639,-0.065407,-0.45815,-0.034633,0.078678,-0.46445,-0.007243,-0.055346,-0.82165,0.10694,0.04135,-0.82054,0.13224
-0.027472,0.69961,-0.075316,-0.017321,0.53818,0.020625,-0.18778,0.4381,0.007883,0.16148,0.45516,0.000687,-0.30592,0.20466,0.13426,0.29541,0.20727,0.093846,-0.41198,0.011441,0.17294,0.41069,0.010821,0.10004,-0.0014849,0.19016,0.047116,0,0.1266,0,-0.0803,0.044745,-0.003226,0.084837,0.051231,-0.010551,-0.059649,-0.39327,-0.075448,0.070238,-0.39035,-0.045838,-0.045499,-0.74718,0.13426,0.036596,-0.73472,0.17563
-0.026912,0.69524,-0.087436,-0.017205,0.53758,0.016225,-0.19015,0.44153,0.012643,0.16084,0.45844,0.001831,-0.30979,0.21153,0.13871,0.30461,0.22587,0.11277,-0.45791,0.052922,0.18992,0.44323,0.030205,0.12274,-0.0012018,0.19487,0.044753,0,0.13183,0,-0.080724,0.050648,0.000999,0.086122,0.055608,-0.012399,-0.048607,-0.38291,-0.094555,0.044035,-0.38148,-0.07948,-0.044559,-0.73303,0.12105,0.030073,-0.72712,0.1421
-0.019869,0.68314,-0.099944,-0.015459,0.53428,0.014763,-0.18686,0.44311,0.01621,0.1713,0.46154,0.026876,-0.32185,0.23614,0.16338,0.31555,0.23514,0.12999,-0.4924,0.089852,0.17911,0.46915,0.069497,0.13448,-0.0036528,0.19437,0.043098,0,0.13122,0,-0.08271,0.049215,0.000175,0.087577,0.053915,-0.010769,-0.048482,-0.38726,-0.076576,0.063834,-0.38702,-0.049436,-0.045701,-0.7424,0.13174,0.033323,-0.73153,0.1723
-0.016457,0.67071,-0.10445,-0.016042,0.52531,0.020545,-0.18622,0.43862,0.019037,0.17853,0.45941,0.044144,-0.32764,0.23807,0.16433,0.32818,0.23717,0.14843,-0.51608,0.1143,0.17388,0.49333,0.082039,0.12692,-0.0053457,0.18786,0.042961,0,0.1254,0,-0.082932,0.041292,-0.001301,0.088441,0.047083,-0.010551,-0.055409,-0.46596,-0.037747,0.072749,-0.44731,-0.02128,-0.073976,-0.80868,0.086342,0.026992,-0.81753,0.14171
-0.018507,0.65118,-0.10563,-0.018403,0.50673,0.019914,-0.18681,0.41957,0.017794,0.18012,0.45568,0.044298,-0.3363,0.23013,0.16047,0.33183,0.23332,0.14892,-0.53617,0.12312,0.14481,0.5176,0.10787,0.10071,-0.0058069,0.16052,0.042289,0,0.095244,0,-0.081975,-0.0024941,0.003909,0.089576,0.021569,-0.016111,-0.075238,-0.54529,-0.008016,0.065589,-0.54321,0.018359,-0.073063,-0.92131,0.080691,0.036241,-0.92225,0.12088
-0.01169,0.63025,-0.094572,-0.0081885,0.46532,0.027947,-0.18336,0.40458,0.032702,0.1668,0.38673,0.029308,-0.33384,0.19845,0.15418,0.33949,0.20142,0.15052,-0.54713,0.13258,0.10026,0.54051,0.12493,0.064541,-0.0013276,0.12383,0.043645,0,0.060652,0,-0.078953,-0.013917,-0.002016,0.083548,-0.022227,-0.011109,-0.072443,-0.55016,-0.007904,0.071496,-0.55075,0.022163,-0.088973,-0.9374,0.064772,0.048123,-0.92321,0.12824
-0.010743,0.56998,-0.083708,-0.014784,0.41693,0.029618,-0.19147,0.38104,0.06807,0.16264,0.36749,0.040662,-0.33764,0.1449,0.13136,0.3311,0.15825,0.12996,-0.5469,0.14629,0.029822,0.52379,0.12936,-0.000234,0.0008249,0.092467,0.043982,0,0.032707,0,-0.080861,-0.045936,-0.010314,0.086792,-0.0494,-0.006865,-0.078417,-0.54578,-0.007616,0.066302,-0.55579,0.028733,-0.10741,-0.92598,0.085187,0.035294,-0.94566,0.16817
-0.019453,0.53409,-0.072909,-0.025107,0.36392,0.038918,-0.1992,0.32096,0.074848,0.16875,0.3197,0.072571,-0.32921,0.065487,0.10238,0.32468,0.11526,0.096889,-0.50717,0.14203,-0.029682,0.49788,0.11903,-0.063631,-0.0039389,0.040238,0.046598,0,-0.017324,0,-0.080295,-0.10053,-0.011249,0.090946,-0.096965,-0.011639,-0.083432,-0.54918,-0.018488,0.061894,-0.55713,0.019718,-0.075434,-0.93981,0.12365,0.016123,-0.94806,0.15651
-0.01684,0.50135,-0.042575,-0.022787,0.32791,0.060331,-0.20635,0.30618,0.10813,0.17123,0.27714,0.08499,-0.31717,0.02069,0.061849,0.29447,0.033773,0.11177,-0.46598,0.12249,-0.089894,0.45686,0.09312,-0.10258,-0.0019799,0.017408,0.049647,0,-0.034854,0,-0.0821,-0.12132,-0.025453,0.091241,-0.12417,0.001072,-0.076852,-0.56338,-0.050506,0.068761,-0.56557,0.001743,-0.070147,-0.93605,0.099061,0.018772,-0.95093,0.15012
-0.015133,0.48754,-0.041282,-0.020449,0.32166,0.059798,-0.20204,0.25616,0.078899,0.14964,0.21749,0.043185,-0.30387,0.036019,0.045364,0.29662,0.020502,0.052918,-0.42451,0.085984,-0.15424,0.43175,0.043639,-0.14192,0.0005732,-0.027056,0.052637,0,-0.087823,0,-0.078479,-0.16406,-0.030752,0.086391,-0.1599,-0.003051,-0.074369,-0.60484,-0.079913,0.075425,-0.60193,-0.021621,-0.070528,-0.93535,0.084894,0.020612,-0.93301,0.13326
-0.021442,0.49344,-0.029318,-0.021259,0.32166,0.059564,-0.18851,0.20748,0.023933,0.14857,0.21711,0.040253,-0.30081,0.019072,0.053438,0.286,0.019271,0.053757,-0.37569,0.019643,-0.1748,0.41174,0.02418,-0.14908,-0.0053905,-0.030147,0.053091,0,-0.091577,0,-0.075727,-0.17223,-0.018327,0.085437,-0.16452,-0.008027,-0.07779,-0.61241,-0.073953,0.076645,-0.60655,-0.019311,-0.071549,-0.93297,0.078781,0.01563,-0.93707,0.12992
-0.026219,0.50794,-0.0232,-0.023499,0.33315,0.060288,-0.1875,0.21772,0.021719,0.14678,0.23788,0.036283,-0.29044,0.029012,0.065845,0.28202,0.055824,0.067733,-0.3545,0.0084621,-0.16488,0.39142,-0.0050818,-0.13549,-0.0051616,-0.027165,0.053619,0,-0.089163,0,-0.075731,-0.16771,-0.016754,0.085252,-0.16095,-0.00844,-0.085858,-0.60907,-0.054431,0.07135,-0.60168,0.009297,-0.072304,-0.93221,0.078025,0.01859,-0.94253,0.14059
-0.038629,0.5393,-0.031836,-0.029453,0.384,0.055925,-0.19452,0.27105,0.006851,0.1516,0.30522,0.047224,-0.28931,0.076128,0.058576,0.26988,0.1059,0.06812,-0.35862,-0.03853,-0.13852,0.36694,-0.01138,-0.11408,-0.0094819,0.02175,0.05276,0,-0.041375,0,-0.077314,-0.1244,-0.014873,0.087415,-0.11546,-0.010924,-0.082918,-0.56607,-0.0108,0.053998,-0.58716,0.025607,-0.083214,-0.93331,0.086714,0.010777,-0.9462,0.14263
-0.031883,0.59846,-0.043519,-0.029212,0.44136,0.055749,-0.194,0.34588,0.029329,0.14592,0.35102,0.026536,-0.27974,0.09998,0.060485,0.27825,0.12368,0.071811,-0.33086,-0.070519,-0.094126,0.38265,-0.021064,-0.082213,-0.0043659,0.074909,0.05354,0,0.010772,0,-0.075929,-0.064835,-0.013211,0.08615,-0.064286,-0.011273,-0.079103,-0.54429,0.026049,0.04397,-0.58643,0.077551,-0.094128,-0.91495,0.056889,0.027028,-0.94761,0.1466
-0.029218,0.6479,-0.056242,-0.01817,0.48167,0.045861,-0.18813,0.37428,0.017837,0.15359,0.38751,0.019789,-0.27899,0.13453,0.058463,0.28642,0.16276,0.06596,-0.32232,-0.072016,-0.038535,0.36873,-0.018541,-0.056649,-0.0033524,0.10403,0.052849,0,0.03698,0,-0.077199,-0.041107,-0.011446,0.084068,-0.037145,-0.010117,-0.083207,-0.55382,0.036634,0.053255,-0.57801,0.077949,-0.090404,-0.91881,0.053604,0.037941,-0.94238,0.14027
-0.02589,0.67094,-0.066447,-0.018099,0.51984,0.034211,-0.18592,0.42925,0.008436,0.16544,0.44043,0.015123,-0.27777,0.17305,0.080324,0.28954,0.17609,0.063139,-0.31817,-0.045653,0.022088,0.35817,-0.033138,-0.005064,-0.0038264,0.15956,0.050573,0,0.093097,0,-0.080215,0.013806,-0.007859,0.08696,0.015258,-0.009365,-0.07787,-0.52768,0.02146,0.063214,-0.52393,0.045486,-0.054996,-0.87715,0.10786,0.046058,-0.90732,0.13772
-0.019236,0.68146,-0.086789,-0.015673,0.53022,0.020295,-0.18279,0.4335,0.003303,0.16305,0.44891,0.001639,-0.28211,0.179,0.088349,0.28893,0.18662,0.070983,-0.34376,-0.038828,0.061472,0.36743,-0.024893,0.034168,-0.0020134,0.16997,0.047152,0,0.10338,0,-0.081064,0.025392,-0.004495,0.085724,0.030064,-0.006277,-0.05455,-0.44685,-0.023582,0.075598,-0.4441,-0.001293,-0.066684,-0.81181,0.14169,0.039356,-0.8066,0.17433
-0.018994,0.68322,-0.098206,-0.014167,0.5343,0.011598,-0.18107,0.44146,-0.003311,0.16398,0.45335,-0.00645,-0.29448,0.19937,0.10276,0.28776,0.19614,0.07795,-0.3914,-0.0037595,0.1159,0.38641,-0.0050532,0.098286,-0.0015722,0.18687,0.042963,0,0.12192,0,-0.081484,0.043954,-0.000539,0.085887,0.045493,-0.007818,-0.044553,-0.39414,-0.061259,0.055643,-0.3941,-0.058065,-0.055957,-0.75081,0.14509,0.03825,-0.72776,0.17971
-0.01672,0.68536,-0.11202,-0.014764,0.53505,0.00815,-0.18245,0.4476,0.001856,0.16439,0.457,-0.004554,-0.29954,0.21619,0.11744,0.29178,0.22108,0.11652,-0.43812,0.046541,0.16166,0.40696,0.021264,0.14483,-0.0016113,0.19483,0.040088,0,0.13089,0,-0.080884,0.050924,-8.4e-05,0.086572,0.054778,-0.007438,-0.040144,-0.3856,-0.071027,0.05224,-0.38419,-0.061172,-0.053415,-0.74126,0.13684,0.034373,-0.71643,0.17842
-0.015264,0.67705,-0.11928,-0.014479,0.53312,0.008224,-0.18351,0.44792,0.008919,0.17893,0.46931,0.026721,-0.31212,0.23282,0.1447,0.30623,0.22868,0.14011,-0.48306,0.092281,0.17971,0.44767,0.055615,0.16384,-0.0042833,0.19564,0.038118,0,0.132,0,-0.081876,0.050904,0.000822,0.087258,0.055281,-0.008381,-0.04589,-0.3936,-0.060435,0.070105,-0.41459,-0.030909,-0.057105,-0.74344,0.14079,0.030834,-0.73874,0.18101
-0.015594,0.67053,-0.12313,-0.012261,0.52719,0.010542,-0.18451,0.44806,0.02081,0.17631,0.45821,0.024067,-0.32314,0.238,0.15885,0.32244,0.23734,0.15094,-0.51686,0.12626,0.18193,0.49604,0.093156,0.15863,-0.0023093,0.19024,0.037139,0,0.12605,0,-0.08257,0.044038,-0.001903,0.086811,0.047287,-0.006837,-0.04974,-0.47606,-0.026512,0.074123,-0.46802,-0.004459,-0.040547,-0.84101,0.090341,0.041156,-0.83392,0.12802
-0.015196,0.65274,-0.11899,-0.0087517,0.49857,0.013806,-0.1847,0.44559,0.031854,0.17175,0.43302,0.016811,-0.32585,0.23472,0.16285,0.33289,0.23169,0.15506,-0.53056,0.14032,0.17305,0.53136,0.12203,0.13983,1.77e-05,0.16625,0.036908,0,0.10275,0,-0.081481,0.020598,0.002558,0.084383,0.021182,-0.013812,-0.074367,-0.53945,-0.002588,0.073175,-0.55896,0.032142,-0.071624,-0.92195,0.045607,0.058449,-0.92878,0.12176
-0.018822,0.60352,-0.114,-0.004661,0.44849,0.017617,-0.18663,0.39422,0.038821,0.17218,0.39112,0.02588,-0.34055,0.20421,0.16441,0.34578,0.21449,0.15997,-0.56372,0.17036,0.12853,0.55728,0.14942,0.093966,0.0005365,0.11416,0.037161,0,0.050839,0,-0.083531,-0.027146,-0.004417,0.08545,-0.031455,-0.008347,-0.074838,-0.53894,-0.001861,0.074609,-0.56354,0.035198,-0.083437,-0.92048,0.046568,0.060298,-0.93567,0.13214
-0.018863,0.54293,-0.10948,0.0021135,0.39587,0.01818,-0.1978,0.35153,0.055818,0.17578,0.34406,0.039235,-0.35562,0.1527,0.13775,0.35387,0.17972,0.14294,-0.57487,0.18041,0.072727,0.56551,0.15664,0.029215,0.0017963,0.080002,0.03668,0,0.020684,0,-0.087476,-0.063888,-0.00592,0.087955,-0.067313,-0.008606,-0.081532,-0.5433,-0.0021,0.072061,-0.56917,0.038628,-0.1005,-0.92797,0.084784,0.052528,-0.94669,0.16409
-0.024757,0.49916,-0.080381,-0.022347,0.36042,0.040881,-0.19751,0.33973,0.06086,0.16608,0.32419,0.056128,-0.35283,0.10521,0.10329,0.33302,0.13119,0.11275,-0.54682,0.17583,-0.004758,0.54345,0.15619,-0.048762,-0.0033015,0.039752,0.041322,0,-0.01967,0,-0.079358,-0.10133,-0.011422,0.086584,-0.09072,-0.011125,-0.084606,-0.5558,-0.020306,0.063751,-0.57101,0.030266,-0.088672,-0.92678,0.084654,0.044402,-0.93916,0.15924
-0.023743,0.49164,-0.069063,-0.021911,0.3308,0.048391,-0.19169,0.24033,0.043659,0.18117,0.27146,0.082963,-0.33117,0.055306,0.064,0.33345,0.089409,0.074325,-0.50051,0.148,-0.069154,0.48729,0.13275,-0.10074,-0.0072042,-0.0047665,0.0446,0,-0.062996,0,-0.082282,-0.15281,-0.017694,0.091599,-0.14544,-0.009539,-0.080093,-0.59444,-0.050761,0.073184,-0.58668,-0.004484,-0.094875,-0.92229,0.058478,0.037267,-0.93724,0.15356
-0.031969,0.47536,-0.036343,-0.031064,0.32121,0.058067,-0.19517,0.22613,0.042254,0.14922,0.21582,0.038224,-0.32329,0.043213,0.053503,0.30363,0.054644,0.050168,-0.44523,0.12136,-0.13515,0.43537,0.084803,-0.1461,-0.0055143,-0.030196,0.04781,0,-0.094959,0,-0.077909,-0.17484,-0.028352,0.089578,-0.16701,-0.001283,-0.07601,-0.61643,-0.061385,0.074293,-0.60864,-0.006092,-0.0981,-0.92268,0.057421,0.02797,-0.94577,0.15469
-0.032251,0.48025,-0.033765,-0.03154,0.32147,0.059499,-0.195,0.22353,0.040132,0.14902,0.21689,0.036948,-0.29665,0.02265,0.038891,0.29644,0.050244,0.052552,-0.38338,0.071986,-0.17889,0.37933,0.030285,-0.17172,-0.00555,-0.030961,0.049045,0,-0.09514,0,-0.077163,-0.17505,-0.02373,0.088429,-0.16771,-0.003539,-0.075512,-0.61638,-0.061248,0.076436,-0.60917,-0.000845,-0.079272,-0.92673,0.072464,0.029376,-0.9424,0.1541
-0.038588,0.50578,-0.024098,-0.030468,0.33702,0.060159,-0.19204,0.22711,0.034646,0.14748,0.23632,0.033041,-0.28777,0.026863,0.052832,0.28221,0.059595,0.049884,-0.32971,0.041929,-0.18364,0.36679,0.021505,-0.17116,-0.0050719,-0.027052,0.049995,0,-0.091282,0,-0.077212,-0.16796,-0.019232,0.087304,-0.16266,-0.006441,-0.078475,-0.6094,-0.053904,0.074266,-0.60278,0.01693,-0.080082,-0.92826,0.073258,0.03345,-0.95116,0.15819
-0.037558,0.54616,-0.034726,-0.032098,0.38508,0.058772,-0.19136,0.27369,0.014913,0.15647,0.30603,0.039409,-0.27444,0.079816,0.070022,0.27173,0.096028,0.011755,-0.3198,0.020904,-0.15831,0.36786,-0.00059054,-0.18357,-0.0076881,0.024771,0.050367,0,-0.038263,0,-0.076948,-0.1181,-0.012719,0.088617,-0.11293,-0.013849,-0.087053,-0.56604,-0.005043,0.060972,-0.57874,0.054798,-0.095795,-0.9276,0.075471,0.028848,-0.94662,0.15946
-0.032821,0.60498,-0.030466,-0.024335,0.44244,0.054003,-0.18706,0.32887,0.017237,0.15507,0.35167,0.025826,-0.27316,0.13497,0.0691,0.26795,0.14108,0.020078,-0.31519,-0.01418,-0.11051,0.35432,0.0026159,-0.15141,-0.0048659,0.073858,0.050458,0,0.0072696,0,-0.077141,-0.067651,-0.010647,0.085557,-0.068636,-0.013596,-0.086438,-0.54978,0.027639,0.055106,-0.56342,0.075394,-0.093376,-0.92589,0.077352,0.048263,-0.91861,0.14992
-0.03006,0.65821,-0.041319,-0.016042,0.495,0.04638,-0.18612,0.38349,0.017898,0.1559,0.38789,0.011751,-0.26886,0.14444,0.068151,0.2766,0.19018,0.047769,-0.30797,-0.032777,-0.081825,0.34062,0.016418,-0.11147,-0.0019304,0.11339,0.050378,0,0.045117,0,-0.077895,-0.033752,-0.005622,0.08376,-0.029611,-0.015978,-0.092976,-0.54305,0.043223,0.057631,-0.56497,0.085843,-0.094953,-0.92253,0.068178,0.051786,-0.93023,0.14737
-0.02836,0.67451,-0.045035,-0.015987,0.52828,0.037735,-0.18112,0.43154,0.008272,0.16911,0.4479,0.010949,-0.26878,0.16985,0.066121,0.28515,0.19586,0.046285,-0.31496,-0.044141,-0.006776,0.34765,0.0016098,-0.06657,-0.0028139,0.16215,0.049244,0,0.095166,0,-0.079308,0.013173,-0.005514,0.0854,0.017924,-0.012652,-0.088367,-0.53981,0.040729,0.065957,-0.53866,0.072881,-0.090788,-0.88551,0.10602,0.056126,-0.91502,0.14554
-0.015933,0.71162,-0.075629,-0.021752,0.54936,0.027926,-0.17959,0.44198,0.006158,0.16573,0.45564,0.001186,-0.27249,0.18993,0.078307,0.28797,0.20649,0.051059,-0.33432,-0.027541,0.047988,0.37405,-0.0010777,0.007175,-0.0025828,0.17872,0.047785,0,0.11025,0,-0.078768,0.029656,-0.004513,0.085727,0.038971,-0.010946,-0.064925,-0.46685,0.003526,0.068309,-0.46309,0.014462,-0.080927,-0.83588,0.13106,0.058161,-0.81651,0.18183
-0.017295,0.71078,-0.090536,-0.011692,0.55743,0.01621,-0.1779,0.46855,0.005302,0.16673,0.46512,-0.012739,-0.28331,0.21368,0.095234,0.29438,0.20665,0.064051,-0.36943,0.0072097,0.11758,0.40442,0.0081021,0.062826,0.0011266,0.20463,0.043281,0,0.14039,0,-0.081778,0.06374,0.003499,0.084448,0.063062,-0.012537,-0.054434,-0.40199,-0.045731,0.062537,-0.39323,-0.034003,-0.057886,-0.74632,0.16709,0.027794,-0.73443,0.19276
-0.017981,0.709,-0.097686,-0.011021,0.55753,0.016529,-0.17716,0.4687,0.006087,0.16734,0.46684,-0.012066,-0.2876,0.22439,0.10845,0.30464,0.22221,0.084069,-0.40743,0.04507,0.16407,0.4283,0.039566,0.12224,0.0008657,0.20715,0.042102,0,0.14256,0,-0.081882,0.065156,0.003546,0.085008,0.065584,-0.01324,-0.050302,-0.37388,-0.057194,0.054377,-0.37422,-0.058011,-0.049078,-0.72744,0.15473,0.02894,-0.71286,0.17332
-0.016314,0.70115,-0.10788,-0.010156,0.55649,0.018053,-0.18497,0.47787,0.027614,0.16808,0.46701,-0.010306,-0.29428,0.24966,0.13055,0.31592,0.24969,0.11993,-0.44425,0.090555,0.17631,0.45539,0.0724,0.12845,0.003181,0.20807,0.041292,0,0.14384,0,-0.081904,0.065558,0.00349,0.084911,0.066678,-0.014517,-0.045672,-0.38795,-0.052314,0.061429,-0.41356,-0.027268,-0.034895,-0.75133,0.14052,0.044141,-0.74653,0.15544
-0.0165,0.69853,-0.11053,-0.0076202,0.54779,0.017016,-0.19252,0.49004,0.057584,0.18242,0.47696,0.016844,-0.30111,0.25295,0.14251,0.32673,0.24735,0.1287,-0.47356,0.11555,0.18112,0.4939,0.094236,0.11877,0.0034186,0.20936,0.040714,0,0.14645,0,-0.082735,0.065928,0.001379,0.085419,0.067099,-0.013303,-0.045863,-0.49557,-0.005013,0.062534,-0.48801,0.00252,-0.022651,-0.8336,0.087042,0.053485,-0.81875,0.10618
-0.022587,0.66516,-0.11101,-0.0058071,0.52781,0.02459,-0.18803,0.46761,0.052866,0.18202,0.44807,0.015227,-0.30979,0.24771,0.15665,0.33929,0.24464,0.13725,-0.50518,0.13439,0.16234,0.52546,0.12001,0.088104,0.0031081,0.18068,0.041924,0,0.11481,0,-0.082789,0.027069,-0.002863,0.084795,0.032699,-0.014161,-0.067051,-0.55606,0.021604,0.076898,-0.55682,0.029488,-0.049711,-0.92558,0.038178,0.069918,-0.90941,0.080907
-0.02041,0.63017,-0.10772,-0.0035612,0.47785,0.026243,-0.18026,0.42692,0.049156,0.17969,0.41076,0.015685,-0.32104,0.2165,0.16148,0.34395,0.22522,0.13552,-0.53273,0.13891,0.12306,0.53806,0.13072,0.051963,0.0029014,0.14352,0.041675,0,0.081939,0,-0.082598,0.0065587,-0.001547,0.084401,-9.9033e-05,-0.014141,-0.067028,-0.55543,0.025558,0.078694,-0.55881,0.031215,-0.063434,-0.93353,0.03774,0.078011,-0.91784,0.094453
-0.036687,0.5873,-0.091559,-0.010183,0.43025,0.027252,-0.18919,0.38227,0.063989,0.16551,0.3762,0.020794,-0.32555,0.15537,0.14368,0.34106,0.17319,0.11071,-0.54528,0.13851,0.076023,0.53113,0.12208,-0.016117,0.0031626,0.10192,0.041928,0,0.040799,0,-0.080813,-0.037765,-0.002681,0.085096,-0.040494,-0.014407,-0.07445,-0.55087,0.023821,0.07262,-0.56381,0.033816,-0.082007,-0.92399,0.064565,0.077627,-0.93575,0.13128
-0.033342,0.53956,-0.072129,-0.015375,0.38029,0.035898,-0.19115,0.34763,0.077624,0.16865,0.32453,0.04358,-0.3127,0.10597,0.12714,0.32606,0.13963,0.10742,-0.51148,0.14417,0.010714,0.49179,0.10827,-0.058358,0.0010109,0.050954,0.04428,0,-0.0084835,0,-0.081404,-0.090428,-0.007288,0.087571,-0.085516,-0.013288,-0.069454,-0.5513,-0.00163,0.071294,-0.56334,0.031284,-0.066821,-0.92871,0.086933,0.068891,-0.94,0.1428
-0.034513,0.49804,-0.050518,-0.027307,0.34791,0.064426,-0.19752,0.3325,0.1188,0.18006,0.2979,0.067617,-0.29013,0.067163,0.086961,0.30525,0.10121,0.077731,-0.47573,0.12197,-0.045434,0.46332,0.081993,-0.12167,0.0007603,0.015909,0.048602,0,-0.041538,0,-0.086939,-0.12808,-0.014068,0.097446,-0.12763,-0.015469,-0.06672,-0.56902,-0.050578,0.079056,-0.57598,-0.021698,-0.064784,-0.92935,0.074197,0.06661,-0.94266,0.13236
-0.044382,0.49596,-0.039179,-0.034706,0.33901,0.071411,-0.19102,0.23375,0.067721,0.14568,0.23313,0.028165,-0.29828,0.038233,0.080873,0.26777,0.029503,0.059933,-0.42772,0.10678,-0.10642,0.4018,0.035222,-0.13708,-0.0002344,-0.030384,0.052211,0,-0.093838,0,-0.077112,-0.17234,-0.030007,0.087373,-0.15705,-0.003391,-0.077511,-0.61415,-0.054267,0.071338,-0.59867,-0.021789,-0.078434,-0.92638,0.07101,0.054695,-0.94038,0.1336
-0.046996,0.50697,-0.012358,-0.033377,0.33819,0.07261,-0.18628,0.22084,0.038607,0.14527,0.23354,0.027708,-0.28427,0.02916,0.081892,0.26962,0.034515,0.054631,-0.36032,0.056651,-0.14412,0.38116,0.0069226,-0.15503,-0.003361,-0.03076,0.053494,0,-0.093477,0,-0.076566,-0.17118,-0.027002,0.08548,-0.15821,-0.01156,-0.078197,-0.61287,-0.054706,0.073849,-0.5999,-0.018867,-0.079153,-0.92493,0.069744,0.053555,-0.9412,0.13455
-0.047418,0.51018,-0.009669,-0.032187,0.34559,0.072529,-0.20796,0.27396,0.09267,0.14325,0.24611,0.02366,-0.26907,0.05353,0.08225,0.27298,0.063651,0.053994,-0.33266,0.030977,-0.14839,0.3637,-0.0062249,-0.15588,0.0028583,-0.0090281,0.053035,0,-0.068929,0,-0.07668,-0.14998,-0.017414,0.086836,-0.14368,-0.01413,-0.079707,-0.59165,-0.044443,0.075356,-0.58459,-0.001742,-0.07966,-0.92392,0.074664,0.05322,-0.93581,0.13689
-0.050687,0.56398,-0.013625,-0.018626,0.3995,0.066065,-0.18839,0.28544,0.028132,0.15154,0.31796,0.041604,-0.26435,0.085686,0.075895,0.27471,0.10974,0.055375,-0.32925,-0.029422,-0.1225,0.3525,-0.019676,-0.12791,-0.0039185,0.033881,0.053206,0,-0.030837,0,-0.076671,-0.10744,-0.011435,0.084431,-0.10169,-0.018336,-0.087395,-0.55674,-0.000762,0.075224,-0.5722,0.055434,-0.086474,-0.92369,0.082011,0.04803,-0.93559,0.14405
-0.042345,0.60138,-0.021376,-0.021597,0.44805,0.061527,-0.18525,0.34649,0.034188,0.14871,0.3507,0.018127,-0.26306,0.1151,0.0821,0.28153,0.1228,0.064438,-0.29387,-0.061147,-0.071307,0.36199,-0.031108,-0.095461,-0.0010154,0.07293,0.053607,0,0.0087568,0,-0.075198,-0.062025,-0.009446,0.082704,-0.068132,-0.01678,-0.090823,-0.54197,0.040352,0.070335,-0.58002,0.072448,-0.088788,-0.91592,0.074799,0.060301,-0.9284,0.14221
-0.043594,0.64852,-0.051776,-0.020943,0.50106,0.051434,-0.19179,0.39227,0.032246,0.14847,0.40208,0.004623,-0.26862,0.13159,0.079208,0.28348,0.18187,0.068367,-0.28909,-0.074005,-0.028281,0.33984,-0.018028,-0.036699,0.000553,0.12415,0.052412,0,0.054929,0,-0.076202,-0.031622,-0.006805,0.083324,-0.015108,-0.016366,-0.094241,-0.54424,0.044199,0.068219,-0.57103,0.07142,-0.09142,-0.91964,0.070197,0.059768,-0.92707,0.13947
-0.04356,0.69336,-0.069838,-0.016842,0.52908,0.027803,-0.19043,0.42673,0.030023,0.15311,0.43338,8.2e-05,-0.26675,0.18209,0.10091,0.28931,0.18532,0.074144,-0.28849,-0.040211,0.047849,0.35727,-0.029079,0.031425,0.0016328,0.15843,0.048827,0,0.091866,0,-0.077106,0.012344,0.002522,0.082898,0.017378,-0.017051,-0.08536,-0.53528,0.043143,0.073685,-0.52773,0.043633,-0.07045,-0.88757,0.11812,0.067253,-0.91989,0.1441
-0.038485,0.69376,-0.077148,-0.020786,0.54518,0.011119,-0.18663,0.44749,0.025327,0.15943,0.46028,-0.010455,-0.2673,0.19394,0.11195,0.29049,0.20725,0.075263,-0.32341,-0.025589,0.106,0.37416,-0.0062282,0.058951,0.0009847,0.19567,0.042808,0,0.12919,0,-0.076603,0.043434,0.003078,0.085655,0.057618,-0.010903,-0.061157,-0.45641,-0.011121,0.076888,-0.45126,-0.002201,-0.042782,-0.81993,0.15044,0.049346,-0.80608,0.16412
-0.038638,0.70477,-0.089261,-0.017266,0.54801,0.008257,-0.19188,0.47482,0.039213,0.15914,0.46482,-0.018835,-0.27252,0.21404,0.12616,0.29878,0.22654,0.086759,-0.36379,0.012888,0.16305,0.40799,0.021437,0.11531,0.0041694,0.20782,0.039745,0,0.14318,0,-0.079543,0.063009,0.009506,0.085973,0.066846,-0.014773,-0.053683,-0.38156,-0.053938,0.062687,-0.38437,-0.050738,-0.021875,-0.74414,0.14224,0.035681,-0.73234,0.1681
-0.042292,0.70232,-0.097213,-0.018812,0.54755,0.009312,-0.19229,0.47383,0.039951,0.15722,0.46489,-0.017281,-0.27948,0.22508,0.13915,0.30232,0.23592,0.098477,-0.40198,0.056241,0.21382,0.43098,0.042944,0.16178,0.003326,0.21017,0.038309,0,0.14643,0,-0.078251,0.065948,0.011214,0.085911,0.071376,-0.019551,-0.054843,-0.36956,-0.073836,0.054392,-0.37055,-0.060799,-0.024189,-0.72853,0.12833,0.033471,-0.71766,0.15991
-0.039201,0.68379,-0.11835,-0.018783,0.54352,0.008761,-0.19357,0.4775,0.049009,0.1576,0.46371,-0.016712,-0.28146,0.23478,0.14869,0.31121,0.25746,0.12272,-0.44009,0.09953,0.22373,0.44846,0.086841,0.16745,0.0040102,0.21048,0.036525,0,0.14684,0,-0.078372,0.066238,0.011047,0.086023,0.07132,-0.019486,-0.054287,-0.37331,-0.066323,0.070148,-0.3798,-0.053785,-0.025919,-0.72969,0.1402,0.037089,-0.73164,0.15891
-0.039805,0.67495,-0.1227,-0.017866,0.52633,0.005945,-0.19499,0.48111,0.060762,0.17656,0.47248,0.010818,-0.29768,0.24445,0.17,0.32435,0.25488,0.1409,-0.47197,0.12149,0.23281,0.49385,0.10961,0.1666,0.0018698,0.21023,0.035063,0,0.14716,0,-0.07922,0.063646,0.007035,0.086274,0.071067,-0.018488,-0.059166,-0.47415,-0.023161,0.07284,-0.46785,-0.026894,-0.038342,-0.843,0.070674,0.051199,-0.82855,0.096834
-0.039708,0.63046,-0.12172,-0.016382,0.50612,0.011444,-0.19589,0.47526,0.069048,0.16508,0.42218,-0.001652,-0.30702,0.23828,0.18409,0.33957,0.24767,0.14539,-0.51064,0.1521,0.22038,0.52904,0.12305,0.13345,0.0040389,0.16178,0.03423,0,0.096642,0,-0.078262,0.012548,0.005924,0.084593,0.015747,-0.016541,-0.071705,-0.54449,0.004982,0.078079,-0.55254,0.011328,-0.055723,-0.90881,0.046738,0.073083,-0.91642,0.061507
-0.043795,0.61785,-0.11307,-0.0091915,0.45325,0.006881,-0.18877,0.3968,0.041501,0.15737,0.40153,0.004615,-0.32793,0.21269,0.1836,0.34213,0.22959,0.14517,-0.54918,0.16392,0.15897,0.54492,0.13398,0.096681,0.0020462,0.11975,0.032424,0,0.054943,0,-0.078425,-0.024399,0.005262,0.081444,-0.015172,-0.012529,-0.080321,-0.54929,0.014693,0.071812,-0.554,0.019733,-0.088594,-0.93074,0.048144,0.063907,-0.93517,0.073241
-0.058406,0.56913,-0.094183,-0.015069,0.40763,0.010569,-0.1922,0.36911,0.060947,0.15742,0.3607,0.016228,-0.33767,0.14907,0.16585,0.35008,0.17113,0.13184,-0.5592,0.16858,0.10705,0.56058,0.1249,0.011456,0.0017554,0.083751,0.031841,0,0.021202,0,-0.078898,-0.062562,0.001643,0.083885,-0.059907,-0.013034,-0.077709,-0.56545,0.013129,0.076642,-0.56025,0.022818,-0.08765,-0.93426,0.059609,0.0612,-0.93863,0.11838
-0.051654,0.52073,-0.080152,-0.021962,0.36682,0.023239,-0.20806,0.28547,0.07484,0.15153,0.33851,0.039049,-0.34421,0.088952,0.13655,0.33324,0.13365,0.10948,-0.53593,0.15452,0.02041,0.52175,0.12414,-0.036487,7.35e-05,0.040435,0.034461,0,-0.021555,0,-0.078149,-0.11312,-0.008197,0.086315,-0.090394,-0.008571,-0.075324,-0.57795,-0.022728,0.067015,-0.57497,0.002876,-0.094107,-0.93908,0.063198,0.054488,-0.94213,0.12525
-0.05594,0.49065,-0.077052,-0.024155,0.32536,0.040431,-0.19014,0.22661,0.035152,0.13857,0.24547,0.009624,-0.31866,0.053091,0.076697,0.31902,0.087128,0.073781,-0.49164,0.13222,-0.061027,0.48478,0.09513,-0.11092,-0.0010348,-0.030389,0.039119,0,-0.096247,0,-0.074093,-0.17394,0.001787,0.082576,-0.1666,-0.020988,-0.073959,-0.61283,-0.063072,0.070926,-0.60788,-0.017068,-0.092768,-0.94394,0.048885,0.043134,-0.957,0.10499
-0.044963,0.47829,-0.067989,-0.024318,0.3204,0.045245,-0.22142,0.2678,0.12017,0.14229,0.22799,0.00624,-0.29007,0.043014,0.050618,0.29761,0.075333,0.064461,-0.43027,0.10487,-0.13077,0.42314,0.047017,-0.13649,0.0070633,-0.025617,0.039545,0,-0.088153,0,-0.077946,-0.16628,-0.013966,0.085508,-0.16211,-0.008559,-0.071211,-0.60559,-0.074211,0.079459,-0.6038,-0.027661,-0.092236,-0.94458,0.045264,0.055997,-0.9301,0.083012
-0.045267,0.48403,-0.062302,-0.025598,0.32132,0.047416,-0.18729,0.21297,0.026153,0.14201,0.22802,0.006588,-0.23878,-0.024642,0.046713,0.29024,0.063349,0.065048,-0.35946,0.064543,-0.14074,0.39612,0.026124,-0.14621,-0.0015341,-0.027001,0.042774,0,-0.089152,0,-0.076339,-0.16772,-0.013343,0.085276,-0.16246,-0.009517,-0.074037,-0.60699,-0.073937,0.079802,-0.60414,-0.027305,-0.093825,-0.94669,0.045436,0.055366,-0.9517,0.099863
-0.051743,0.4993,-0.05041,-0.026672,0.34082,0.051438,-0.18979,0.22941,0.028295,0.13993,0.24197,0.008009,-0.26021,0.02327,0.063479,0.28821,0.07105,0.048526,-0.32457,0.04453,-0.16711,0.39204,0.017904,-0.16013,-0.0015702,-0.014911,0.044914,0,-0.078328,0,-0.074724,-0.15617,-0.009894,0.085586,-0.14591,-0.015271,-0.083756,-0.59644,-0.058402,0.074427,-0.58737,-0.020363,-0.098342,-0.94568,0.047729,0.05089,-0.9431,0.10059
-0.043569,0.55561,-0.053163,-0.019027,0.40157,0.057845,-0.19829,0.31274,0.055748,0.14887,0.2977,0.006026,-0.2663,0.098729,0.059375,0.29445,0.11136,0.01571,-0.32093,0.0027349,-0.15285,0.38935,0.001229,-0.1725,0.0023496,0.042259,0.04731,0,-0.021616,0,-0.07686,-0.09945,-0.007898,0.083818,-0.099918,-0.018165,-0.090563,-0.57506,-0.003,0.066517,-0.58778,0.032287,-0.10059,-0.94633,0.050793,0.048937,-0.9447,0.10276
-0.044963,0.57734,-0.056337,-0.02311,0.44442,0.049128,-0.18461,0.35455,0.029198,0.15526,0.36327,0.005461,-0.26338,0.14491,0.048725,0.29895,0.16413,0.009031,-0.30864,-0.011113,-0.12364,0.38047,0.009042,-0.14907,-0.0006763,0.07637,0.047525,0,0.010219,0,-0.07523,-0.06554,-0.008938,0.083038,-0.061589,-0.013287,-0.08875,-0.56612,0.012071,0.066015,-0.579,0.053785,-0.09968,-0.94236,0.045234,0.053882,-0.94625,0.091635
-0.044051,0.6451,-0.075912,-0.020747,0.49318,0.031438,-0.18757,0.39214,0.023837,0.15254,0.39535,-0.008903,-0.26525,0.15442,0.039695,0.29768,0.18268,0.017177,-0.29497,-0.032592,-0.099194,0.37966,-0.0022839,-0.099356,0.00066,0.12517,0.044902,0,0.056705,0,-0.07501,-0.022902,-0.00287,0.081964,-0.019761,-0.01381,-0.091952,-0.56197,0.012246,0.0611,-0.57908,0.049992,-0.10422,-0.93747,0.042993,0.049984,-0.94363,0.085628
-0.038899,0.67671,-0.081099,-0.020096,0.52548,0.014115,-0.18544,0.42605,0.015929,0.15742,0.435,-0.0179,-0.25843,0.16484,0.036154,0.29732,0.20511,0.029227,-0.30147,-0.044193,-0.05461,0.39287,0.0042928,-0.045548,0.0008097,0.16279,0.040572,0,0.093967,0,-0.076189,0.015112,0.003018,0.083245,0.019753,-0.01282,-0.065523,-0.48935,-0.013097,0.075883,-0.53475,0.034879,-0.08638,-0.86535,0.072873,0.060152,-0.89139,0.10949
-0.035895,0.68179,-0.088113,-0.021201,0.53146,0.009815,-0.18741,0.46068,0.020969,0.15663,0.44567,-0.020306,-0.26109,0.16988,0.041719,0.30106,0.20891,0.044845,-0.32097,-0.04878,0.023105,0.41379,-0.0031996,0.009915,0.001069,0.19011,0.037452,0,0.12617,0,-0.077327,0.044483,0.008464,0.085017,0.049666,-0.015924,-0.052984,-0.40998,-0.051284,0.059845,-0.41736,-0.0317,-0.069034,-0.7705,0.15033,0.055922,-0.75614,0.17713
-0.03816,0.68217,-0.091608,-0.023142,0.53602,0.008634,-0.18971,0.46489,0.024497,0.15293,0.45049,-0.022054,-0.27218,0.18693,0.072516,0.30447,0.2164,0.068161,-0.36564,-0.018293,0.082323,0.43073,0.0099032,0.072829,0.0012355,0.20234,0.035875,0,0.13821,0,-0.075481,0.059111,0.010614,0.084623,0.062595,-0.018282,-0.049259,-0.37463,-0.082709,0.059676,-0.37743,-0.061425,-0.037544,-0.72642,0.1323,0.050656,-0.7321,0.14948
-0.031874,0.68531,-0.10218,-0.021613,0.53564,0.007253,-0.18821,0.48571,0.06073,0.15685,0.45514,-0.01387,-0.27612,0.21236,0.11475,0.31282,0.22823,0.09361,-0.40011,0.027065,0.14199,0.44529,0.038644,0.11039,0.0042105,0.20655,0.033474,0,0.14377,0,-0.076375,0.064189,0.010044,0.084819,0.066274,-0.018572,-0.045373,-0.36923,-0.083142,0.074932,-0.37436,-0.06095,-0.028873,-0.71888,0.13466,0.052923,-0.7268,0.15239
-0.025136,0.68231,-0.10787,-0.016763,0.53318,0.010178,-0.19196,0.49572,0.079425,0.18806,0.47258,0.030694,-0.29564,0.22332,0.14746,0.33008,0.23779,0.13415,-0.43948,0.052819,0.17413,0.47012,0.061446,0.14683,0.0019879,0.21415,0.03332,0,0.15543,0,-0.07894,0.072573,0.005693,0.085975,0.070207,-0.018254,-0.025738,-0.41387,-0.055862,0.087759,-0.4171,-0.031769,-0.010202,-0.77178,0.12342,0.057864,-0.74575,0.1699
-0.017331,0.66424,-0.11078,-0.010513,0.52042,0.015489,-0.1889,0.49812,0.081363,0.19252,0.45431,0.027042,-0.29666,0.22921,0.15467,0.33189,0.23729,0.13625,-0.46744,0.091131,0.19713,0.50112,0.086468,0.12928,0.0026666,0.20927,0.03316,0,0.15075,0,-0.079219,0.067583,0.004355,0.084439,0.062517,-0.017137,-0.024223,-0.49866,-0.012555,0.093079,-0.50256,0.009947,0.0041201,-0.87395,0.066764,0.053164,-0.84497,0.10644
-0.015177,0.64814,-0.10885,-0.009381,0.4875,0.018707,-0.19245,0.49887,0.10005,0.19565,0.43377,0.03015,-0.30103,0.22528,0.15897,0.3417,0.22251,0.14333,-0.48971,0.10434,0.17971,0.53,0.097587,0.1096,0.0039265,0.18999,0.033666,0,0.13361,0,-0.080278,0.041495,0.007456,0.085317,0.039742,-0.021752,-0.029797,-0.55385,0.00331,0.10036,-0.55403,0.02958,-0.015787,-0.94655,0.058332,0.095791,-0.92127,0.11454
-0.015327,0.5957,-0.10237,-0.0043946,0.43982,0.019939,-0.19668,0.42149,0.084563,0.16956,0.37289,0.02167,-0.33154,0.16965,0.16886,0.33866,0.18602,0.14893,-0.55429,0.12774,0.16349,0.54124,0.11422,0.062219,0.0046868,0.11746,0.034271,0,0.056525,0,-0.082359,-0.024596,0.00111,0.084268,-0.028847,-0.01593,-0.04178,-0.55887,0.009173,0.089839,-0.56558,0.036991,-0.043753,-0.93465,0.074398,0.089034,-0.92112,0.12473
-0.023654,0.55682,-0.091823,-0.016029,0.39359,0.022634,-0.18841,0.3455,0.059901,0.1572,0.34857,0.034851,-0.35622,0.12314,0.15229,0.31891,0.15355,0.11754,-0.57928,0.1579,0.11583,0.53869,0.10714,-0.004313,-0.00013473,0.062913,0.0353,0,0.00088249,0,-0.078184,-0.078438,-0.000456,0.084142,-0.074105,-0.01425,-0.054178,-0.56463,0.003783,0.07577,-0.56611,0.037448,-0.057529,-0.94262,0.092722,0.075869,-0.93028,0.14915
-0.02779,0.50362,-0.081126,-0.020323,0.34869,0.037665,-0.19552,0.33044,0.10262,0.17436,0.28683,0.047341,-0.34454,0.085269,0.11661,0.33191,0.12045,0.10209,-0.53963,0.16851,0.022009,0.52716,0.11755,-0.062845,0.001444,0.04205,0.038454,0,-0.014767,0,-0.079545,-0.095793,-0.004237,0.0849,-0.10171,-0.012551,-0.046237,-0.57205,-0.035929,0.077647,-0.57167,0.015048,-0.047542,-0.9378,0.084447,0.072785,-0.93872,0.1471
-0.019897,0.48686,-0.073227,-0.016318,0.33026,0.039677,-0.19652,0.32691,0.10619,0.18176,0.26208,0.05193,-0.34466,0.06992,0.059759,0.33951,0.086272,0.056627,-0.50876,0.19312,-0.051134,0.50102,0.13656,-0.14257,0.0019054,0.0082789,0.041399,0,-0.049731,0,-0.086648,-0.13261,-0.01801,0.094055,-0.1453,-0.005082,-0.057479,-0.57147,-0.071821,0.092702,-0.58685,-0.026895,-0.042612,-0.93791,0.07448,0.068784,-0.93946,0.13
-0.026914,0.49032,-0.059671,-0.025689,0.32981,0.043426,-0.18328,0.2349,0.030926,0.17251,0.25901,0.051994,-0.3071,0.020597,0.049346,0.28807,0.047573,0.085188,-0.43513,0.16292,-0.086517,0.41029,0.11485,-0.12789,-0.007357,-0.0013607,0.043952,0,-0.062378,0,-0.076648,-0.14816,-0.01748,0.087377,-0.14609,-0.006136,-0.068328,-0.58791,-0.070823,0.086961,-0.58764,-0.025374,-0.050945,-0.93884,0.07421,0.061581,-0.93892,0.13031
-0.032022,0.50825,-0.053475,-0.026206,0.34377,0.049882,-0.18534,0.24581,0.026082,0.17094,0.2696,0.050795,-0.29345,0.051763,0.044115,0.28396,0.06424,0.073701,-0.40043,0.14269,-0.1482,0.37668,0.10677,-0.14306,-0.0075323,0.0017896,0.045522,0,-0.058967,0,-0.075567,-0.14165,-0.016049,0.088551,-0.13868,-0.008417,-0.073595,-0.58238,-0.056874,0.087477,-0.57978,-0.002886,-0.062679,-0.93545,0.065359,0.062487,-0.93576,0.12955
-0.036581,0.56064,-0.052052,-0.026872,0.39965,0.054665,-0.19981,0.314,0.040274,0.16345,0.30509,0.028863,-0.266,0.081294,0.034676,0.2976,0.12686,0.041973,-0.37249,0.094772,-0.17929,0.37767,0.08013,-0.17919,-0.0032966,0.0514,0.047572,0,-0.010933,0,-0.078653,-0.091284,-0.010267,0.089334,-0.089792,-0.016684,-0.081205,-0.55996,-0.014829,0.069612,-0.5895,0.046653,-0.07318,-0.93155,0.059745,0.061481,-0.93291,0.12893
-0.03372,0.59874,-0.052551,-0.023629,0.45015,0.048239,-0.18411,0.3575,0.021668,0.16038,0.3619,0.021136,-0.26899,0.1561,0.054374,0.2819,0.16727,0.049488,-0.34184,0.052542,-0.14794,0.37403,0.073298,-0.14938,-0.0038434,0.089325,0.047847,0,0.025297,0,-0.076018,-0.045944,-0.012724,0.084775,-0.051236,-0.011501,-0.079678,-0.55562,0.029193,0.06814,-0.58698,0.065463,-0.070613,-0.93128,0.061588,0.073388,-0.9301,0.13521
-0.035846,0.65744,-0.066214,-0.025665,0.5001,0.031172,-0.18589,0.42117,0.024581,0.1773,0.4247,0.02409,-0.26395,0.17852,0.044079,0.29335,0.19973,0.040405,-0.32263,0.024833,-0.12619,0.39027,0.027753,-0.1334,-0.0041744,0.14593,0.045269,0,0.080667,0,-0.076602,-0.0080681,-0.00767,0.087062,0.0021518,-0.011006,-0.073937,-0.55734,0.035052,0.076818,-0.56604,0.073334,-0.065995,-0.93322,0.054222,0.077254,-0.92645,0.11484
-0.023988,0.68588,-0.089413,-0.020848,0.52993,0.017829,-0.18264,0.44779,0.013209,0.17038,0.44358,0.006197,-0.26385,0.19194,0.040039,0.29211,0.20584,0.041459,-0.30954,-0.010683,-0.065174,0.39453,0.012672,-0.060155,-0.0027986,0.17054,0.042353,0,0.10299,0,-0.077254,0.029782,-0.000307,0.085348,0.025736,-0.010335,-0.064899,-0.52625,0.024747,0.077293,-0.55535,0.064765,-0.062412,-0.91255,0.072005,0.065651,-0.9203,0.1247
-0.018833,0.69526,-0.096006,-0.016097,0.5552,-0.006055,-0.18689,0.49318,0.019132,0.1677,0.46135,-0.001522,-0.26133,0.1994,0.039351,0.29547,0.21943,0.05242,-0.3116,-0.020458,0.001294,0.39894,0.018231,0.022501,-0.00037362,0.21505,0.034264,0,0.14957,0,-0.07767,0.063099,0.00396,0.084152,0.071147,-0.006579,-0.039533,-0.43798,-0.016614,0.067566,-0.45141,0.010503,-0.037116,-0.81995,0.1428,0.04295,-0.82144,0.15989
-0.019141,0.69711,-0.10034,-0.01178,0.55496,-0.012404,-0.19048,0.49643,0.026093,0.16629,0.46945,-0.003355,-0.27099,0.20889,0.069006,0.30038,0.22825,0.074533,-0.34465,-0.0055629,0.04923,0.41775,0.033882,0.06666,0.0010057,0.22135,0.029577,0,0.15661,0,-0.080997,0.076033,0.006623,0.084592,0.07623,-0.00595,-0.037035,-0.36082,-0.054758,0.056671,-0.36542,-0.040411,-0.033203,-0.70747,0.16817,0.044648,-0.7074,0.1886
-0.017747,0.69086,-0.11352,-0.011644,0.54797,-0.012947,-0.18885,0.50384,0.032246,0.17326,0.47679,0.009534,-0.27318,0.21854,0.079759,0.30665,0.23163,0.092448,-0.38008,0.024103,0.11269,0.43802,0.038938,0.1071,5.779e-05,0.2292,0.025987,0,0.16954,0,-0.080417,0.088385,0.008808,0.084793,0.085571,-0.008701,-0.060949,-0.34634,-0.080251,0.062614,-0.35431,-0.054281,-0.033422,-0.69165,0.14303,0.037768,-0.68739,0.18528
-0.011955,0.6829,-0.12787,-0.010711,0.54008,-0.009335,-0.18979,0.51123,0.045513,0.17639,0.4758,0.015065,-0.28857,0.23799,0.11645,0.31566,0.24219,0.11059,-0.41469,0.053638,0.14175,0.45609,0.066285,0.13635,0.0004927,0.22926,0.023523,0,0.16986,0,-0.080788,0.088621,0.008679,0.085052,0.085556,-0.009051,-0.053709,-0.34727,-0.070419,0.065275,-0.35704,-0.038986,-0.032841,-0.68965,0.15747,0.039379,-0.69593,0.19306
-0.01264,0.6639,-0.13631,-0.014133,0.52078,-0.006447,-0.19029,0.51123,0.055867,0.17733,0.47389,0.016504,-0.29587,0.23988,0.12494,0.31846,0.24251,0.11098,-0.45168,0.083505,0.16287,0.46911,0.075295,0.12484,0.00068776,0.22576,0.021824,0,0.16724,0,-0.080208,0.086166,0.007152,0.084823,0.081801,-0.007745,-0.041029,-0.43102,-0.034129,0.085739,-0.43972,0.003813,-0.045087,-0.7856,0.13166,0.052467,-0.77911,0.16889
-0.0083386,0.64517,-0.14395,-0.014632,0.49543,-0.006534,-0.19237,0.51037,0.077766,0.19048,0.45626,0.02711,-0.30096,0.23596,0.13415,0.33772,0.23622,0.11748,-0.47631,0.097198,0.15807,0.50813,0.086641,0.10963,0.00071157,0.18715,0.020655,0,0.12578,0,-0.081099,0.033772,-0.001333,0.088079,0.033846,-0.002321,-0.028128,-0.532,0.009777,0.061234,-0.48938,0.017616,-0.027787,-0.90517,0.07195,0.044081,-0.90241,0.10025
-0.01262,0.59023,-0.14086,-0.016805,0.45463,-0.008289,-0.20077,0.50169,0.09022,0.18814,0.40281,0.018123,-0.3172,0.22714,0.13482,0.3375,0.21143,0.13176,-0.5168,0.12016,0.13338,0.52941,0.10359,0.062919,0.0014017,0.1654,0.018443,0,0.10711,0,-0.081517,0.017435,0.000757,0.089534,0.014263,-0.003974,-0.029416,-0.53297,0.00893,0.090788,-0.5664,0.065261,-0.035219,-0.91886,0.070347,0.054245,-0.94666,0.12346
-0.0061083,0.54858,-0.12611,-0.012861,0.39919,-0.006826,-0.18948,0.41648,0.061974,0.16426,0.34841,0.012624,-0.33306,0.16593,0.13807,0.32658,0.16335,0.1232,-0.55547,0.12264,0.11321,0.53993,0.10021,0.019222,0.00075749,0.090729,0.017212,0,0.029423,0,-0.078522,-0.049156,0.000278,0.084156,-0.053982,-0.003496,-0.03436,-0.5583,0.017566,0.087033,-0.56595,0.069866,-0.060438,-0.92694,0.10994,0.055817,-0.93415,0.15315
-0.025851,0.50874,-0.11492,-0.024062,0.35613,0.003909,-0.19912,0.30892,0.059767,0.17058,0.32845,0.059613,-0.34405,0.097191,0.12621,0.32351,0.12299,0.10723,-0.55429,0.14785,0.043572,0.52796,0.099406,-0.048824,-0.0039472,0.049447,0.018779,0,-0.011112,0,-0.079453,-0.10173,0.000967,0.090564,-0.09041,-0.008834,-0.032095,-0.57009,-0.001973,0.077222,-0.57396,0.053397,-0.055583,-0.94495,0.11355,0.025152,-0.95685,0.14878
-0.022826,0.49337,-0.11016,-0.022444,0.3274,0.012565,-0.19179,0.315,0.059011,0.16952,0.27382,0.044145,-0.3379,0.068838,0.075662,0.33536,0.085555,0.064267,-0.51841,0.16864,-0.032917,0.51066,0.10591,-0.11822,-0.0029979,0.004326,0.021097,0,-0.058929,0,-0.079632,-0.13322,-0.010929,0.090769,-0.14054,-0.001026,-0.042091,-0.57723,-0.057674,0.090973,-0.58203,-0.013446,-0.044915,-0.94312,0.1004,0.028648,-0.93076,0.092415
-0.02476,0.47212,-0.085298,-0.023721,0.31348,0.028256,-0.23496,0.26642,0.1058,0.15341,0.23446,0.026199,-0.32004,0.047224,0.035291,0.27936,0.034818,0.11342,-0.45063,0.17315,-0.11505,0.43259,0.089414,-0.12999,0.00064957,0.0011119,0.023508,0,-0.060265,0,-0.084217,-0.14251,-0.010697,0.091988,-0.14522,-0.006292,-0.04148,-0.58058,-0.059113,0.091315,-0.58666,-0.014895,-0.042901,-0.94337,0.098186,0.024773,-0.95167,0.12037
-0.028797,0.48045,-0.066623,-0.028287,0.32037,0.037356,-0.22224,0.21275,0.05867,0.15071,0.23558,0.025736,-0.32577,0.011022,0.025196,0.2782,0.048049,0.10265,-0.36551,0.15025,-0.16356,0.3746,0.067413,-0.11592,-0.0022945,-0.0016235,0.02755,0,-0.063193,0,-0.079991,-0.15343,-0.024831,0.095003,-0.14726,-0.001053,-0.045815,-0.59308,-0.059348,0.089269,-0.58865,-0.011918,-0.046573,-0.94018,0.093752,0.028112,-0.94078,0.12203
-0.035157,0.51445,-0.06425,-0.030581,0.36291,0.04244,-0.18716,0.28474,0.0242,0.1478,0.26636,0.018274,-0.26964,0.079694,0.047283,0.28599,0.093311,0.03941,-0.32829,0.086942,-0.18584,0.39098,0.049106,-0.17087,-0.0044893,0.0024662,0.031047,0,-0.060741,0,-0.076327,-0.14362,-0.029999,0.093908,-0.1387,0.002689,-0.054173,-0.58446,-0.038499,0.08282,-0.57878,0.022895,-0.050395,-0.93647,0.092604,0.02575,-0.95058,0.13311
-0.039585,0.53859,-0.054637,-0.032915,0.40747,0.050626,-0.19002,0.33423,0.035817,0.1468,0.31777,0.018464,-0.27274,0.13021,0.062394,0.27669,0.15357,0.077791,-0.29504,0.059416,-0.16605,0.35991,0.050834,-0.12062,-0.0041424,0.056603,0.036556,0,-0.0083658,0,-0.075159,-0.08244,-0.008997,0.086992,-0.083939,-0.014068,-0.058866,-0.54882,0.016626,0.076329,-0.582,0.081476,-0.058049,-0.92899,0.096701,0.048342,-0.94683,0.16206
-0.037767,0.60152,-0.072748,-0.025329,0.46221,0.041642,-0.20543,0.39301,0.050929,0.15481,0.378,0.015714,-0.26022,0.15086,0.054882,0.27803,0.16836,0.061694,-0.29822,0.024705,-0.14384,0.36373,0.037853,-0.11693,-0.0011635,0.11676,0.037183,0,0.052859,0,-0.076065,-0.027625,-0.010894,0.085994,-0.027122,-0.010982,-0.057547,-0.54649,0.036645,0.076734,-0.58411,0.092845,-0.052519,-0.92676,0.088947,0.055821,-0.94496,0.15817
-0.038636,0.65364,-0.085722,-0.030387,0.50948,0.021986,-0.19709,0.4249,0.034297,0.15847,0.42853,0.008918,-0.26248,0.16835,0.044914,0.29457,0.19333,0.048767,-0.27983,-0.022574,-0.090372,0.36964,0.0086277,-0.073439,-0.0024487,0.14805,0.035149,0,0.079745,0,-0.07517,0.0021268,-0.004364,0.086143,0.00026222,-0.010968,-0.0617,-0.53935,0.034834,0.079608,-0.56746,0.086646,-0.052942,-0.91693,0.084827,0.059053,-0.93599,0.14387
-0.036639,0.66845,-0.08774,-0.023978,0.53222,0.009618,-0.19813,0.46235,0.029846,0.16124,0.44968,0.001861,-0.25797,0.18706,0.048936,0.29809,0.21317,0.05799,-0.28814,-0.034192,-0.004805,0.3936,0.0080819,-0.004345,-0.0014703,0.20066,0.030473,0,0.13496,0,-0.076594,0.051661,0.005942,0.086093,0.055922,-0.013293,-0.050215,-0.49361,0.011886,0.08385,-0.51118,0.049422,-0.046194,-0.85202,0.12633,0.064886,-0.88997,0.15418
-0.029971,0.67592,-0.10208,-0.02499,0.54322,-0.001245,-0.19586,0.47401,0.031136,0.16209,0.46412,-0.00131,-0.26384,0.19745,0.062953,0.29954,0.2214,0.070364,-0.32505,-0.020867,0.043705,0.40608,0.015427,0.056699,-0.0012483,0.2082,0.027694,0,0.1423,0,-0.077178,0.060166,0.006322,0.086846,0.063391,-0.011597,-0.043944,-0.40972,-0.039042,0.090108,-0.42742,-0.004235,-0.034736,-0.77642,0.15382,0.045857,-0.78784,0.17326
-0.026456,0.6762,-0.10785,-0.022885,0.54282,-0.006125,-0.18629,0.48181,0.02131,0.16153,0.46506,-0.002647,-0.27195,0.20834,0.090667,0.30817,0.23211,0.10511,-0.36329,0.0037862,0.1118,0.43179,0.026969,0.12968,-0.0017837,0.21299,0.024745,0,0.14863,0,-0.075522,0.070494,0.008389,0.084269,0.072577,-0.011054,-0.052942,-0.36615,-0.066745,0.082015,-0.36867,-0.038582,-0.035666,-0.71635,0.15112,0.034273,-0.72048,0.17287
-0.027718,0.66991,-0.12092,-0.020078,0.5415,-0.005109,-0.20009,0.50663,0.055134,0.16191,0.4648,-0.001465,-0.27367,0.21786,0.10036,0.30837,0.24459,0.12626,-0.39346,0.033401,0.14141,0.4375,0.065302,0.16312,0.0012137,0.22023,0.022801,0,0.15931,0,-0.075682,0.076903,0.009931,0.083799,0.080411,-0.013018,-0.043694,-0.36073,-0.068562,0.084334,-0.36083,-0.040002,-0.034005,-0.70985,0.15134,0.037755,-0.71277,0.17158
-0.027333,0.66245,-0.13334,-0.023614,0.53078,-0.000484,-0.19494,0.50509,0.05281,0.17057,0.46965,0.015054,-0.28865,0.22881,0.12005,0.31671,0.25534,0.14721,-0.42145,0.053119,0.16004,0.45556,0.07981,0.16971,-0.0004414,0.21995,0.022036,0,0.15968,0,-0.075506,0.076851,0.010379,0.083681,0.080206,-0.016338,-0.031712,-0.42125,-0.053991,0.086715,-0.42269,-0.018767,-0.038347,-0.76813,0.11713,0.037145,-0.73732,0.17234
-0.027695,0.64973,-0.13302,-0.015179,0.50808,-0.000897,-0.20606,0.49105,0.067715,0.17246,0.46688,0.019814,-0.31028,0.22014,0.13947,0.31891,0.25496,0.14941,-0.47701,0.069774,0.15742,0.47659,0.094983,0.16666,0.0003546,0.21557,0.020806,0,0.15652,0,-0.077291,0.062915,0.004553,0.082984,0.077611,-0.015354,-0.030325,-0.50266,-0.020121,0.079111,-0.50692,0.013588,-0.026877,-0.87469,0.057988,0.03079,-0.85032,0.14894
-0.026344,0.61424,-0.13186,-0.01326,0.48141,0.008555,-0.21659,0.47591,0.099082,0.18048,0.44002,0.033878,-0.31254,0.20481,0.15145,0.32877,0.24786,0.15612,-0.5014,0.082304,0.16508,0.51098,0.11372,0.12594,0.0014862,0.17752,0.022274,0,0.119,0,-0.08089,0.011437,0.001769,0.086618,0.039364,-0.015289,-0.025121,-0.54672,-0.005648,0.077121,-0.5541,0.037153,-0.029987,-0.92045,0.049102,0.037915,-0.93642,0.083646
-0.027048,0.58642,-0.11909,-0.014979,0.42907,0.004608,-0.2085,0.47999,0.12226,0.18115,0.39549,0.032414,-0.31134,0.19488,0.14271,0.34063,0.19921,0.14749,-0.51523,0.095633,0.13441,0.53979,0.10625,0.077221,0.002566,0.13757,0.020821,0,0.080368,0,-0.078447,-0.0041959,0.003417,0.087134,-0.01315,-0.013927,-0.020779,-0.55198,-0.008646,0.085512,-0.57695,0.039677,-0.048183,-0.91423,0.038412,0.036171,-0.95073,0.10146
-0.034878,0.53227,-0.094699,-0.0094994,0.38035,0.012599,-0.23265,0.377,0.12786,0.15352,0.33256,0.022137,-0.3369,0.10719,0.14414,0.32651,0.14724,0.12906,-0.54955,0.11703,0.051605,0.54312,0.09624,0.01676,0.0045167,0.075343,0.022138,0,0.016172,0,-0.085106,-0.075985,0.001613,0.089672,-0.066716,-0.014474,-0.025948,-0.56868,-0.013306,0.08147,-0.57795,0.04319,-0.051912,-0.95917,0.082424,0.032438,-0.96393,0.13497
