0.0099826
-0.052023
-0.0018095
-0.019774
-0.0027321
0.056126
-0.070379
-0.076758
-0.12754
0.036825
0.080116
-0.00036553
-0.162
0.15938
-0.083778
0.0058431
-0.25552
0.083875
-0.3288
-0.03771
-0.10568
0.16489
-0.045358
-0.56618
-0.19175
-0.21833
-0.20077
0.073316
0.16064
0.31722
-0.39648
-0.44505
0.45636
-0.26385
0.37645
0
0
0
0
0
0
0
0
0
0
0
0
0
0
0
0
0
0
0
0
0
0
0
0
0
0
0
0
0
0
0
0
0
0
0
0
0
0
0
0
0
0
0
0
0
0
0
0
0
0
0
0
0
0
0
0
0
0
0
0
0
0
0
0
0
0
0
0
0
0
0
0
0
0
0
0
0
0
0
0
0
0
0
0
0
0
0
0
0
0
0
0
0
0
0
0
0
0
0
0
0
0
0
0
0
0
