0.012835
-0.04208
0.038959
0.001478
0.068035
0.092538
0.010413
0.012721
0.051719
-0.11356
0.017411
-0.081328
-0.13905
0.071881
-0.081231
0.082236
0.23456
-0.15689
-0.23655
0.034038
0.054653
0.41856
-0.55909
-0.40253
-0.21411
0.21068
0.14015
0.14979
0.21583
0.045262
-0.64148
-0.20883
-0.41794
0
0
0
0
0
0
0
0
0
0
0
0
0
0
0
0
0
0
0
0
0
0
0
0
0
0
0
0
0
0
0
0
0
0
0
0
0
0
0
0
0
0
0
0
0
0
0
0
0
0
0
0
0
0
0
0
0
0
0
0
0
0
0
0
0
0
0
0
0
0
0
0
0
0
0
0
0
0
0
0
0
0
0
0
0
0
0
0
0
0
0
0
0
0
0
0
0
0
0
0
0
0
0
0
0
0
0
0
