-0.005003894,0.7819861,3.160884,-0.02303837,0.5902258,3.186027,-0.2176152,0.4745149,3.165101,0.165105,0.447483,3.198268,-0.388799,0.2440707,3.13954,0.3088288,0.2066908,3.199266,-0.5175235,0.04012838,3.073083,0.4740594,0.04069623,3.107186,-0.03694802,0.2077278,3.221119,-0.03894927,0.1326225,3.220368,-0.1351739,0.05450739,3.219012,0.05046468,0.04226626,3.233764,-0.1362732,-0.3726531,3.076693,0.05403288,-0.419736,3.13989,-0.1356387,-0.771808,3.180265,0.03202002,-0.8081357,3.204366
0.00250625,0.8097114,3.163105,-0.01886426,0.6108783,3.187704,-0.2163054,0.4874665,3.165817,0.1641921,0.4604077,3.197666,-0.376121,0.2555017,3.162117,0.3085337,0.2153454,3.215945,-0.4994083,0.04189581,3.145194,0.4713459,0.03197166,3.174789,-0.03769181,0.2359731,3.240361,-0.04075629,0.158799,3.241921,-0.1374551,0.0811276,3.244489,0.0471542,0.06746518,3.25561,-0.134171,-0.2897729,3.054153,0.04738029,-0.3349174,3.106671,-0.1214572,-0.6454025,3.262712,0.02497979,-0.710974,3.256874
0.003386176,0.8127136,3.16312,-0.0189218,0.6159391,3.187824,-0.2163764,0.4934152,3.169764,0.1657489,0.467599,3.202304,-0.375113,0.2586372,3.170119,0.3065051,0.2223192,3.22739,-0.500008,0.04648589,3.170237,0.4743957,0.04279611,3.232949,-0.03648314,0.2479727,3.248675,-0.03902848,0.1735343,3.25455,-0.1360166,0.09381223,3.261198,0.05030498,0.08373913,3.269735,-0.1165213,-0.2478868,3.020421,0.03791974,-0.2837884,3.07333,-0.07456627,-0.5170071,3.312186,0.004149849,-0.5388236,3.297761
0.00424524,0.8161069,3.168735,-0.01997106,0.6170309,3.189635,-0.2168228,0.4964329,3.176495,0.1661806,0.4683567,3.204814,-0.3756762,0.2571609,3.190553,0.2868295,0.2344988,3.250664,-0.5152034,0.05502075,3.197937,0.4660941,0.06620936,3.254916,-0.03741833,0.2530836,3.258755,-0.03999549,0.1790676,3.266824,-0.1372598,0.09818614,3.276044,0.04997866,0.08973373,3.283648,-0.1149154,-0.2203817,3.004305,0.04401385,-0.2632912,3.060646,-0.0910476,-0.4130744,3.36617,-0.004566179,-0.4490106,3.362211
0.00308121,0.8170341,3.18674,-0.02061505,0.617424,3.197431,-0.217126,0.4957716,3.18805,0.1662627,0.4684859,3.21132,-0.3767661,0.2625842,3.22564,0.2826265,0.2350847,3.256706,-0.5354717,0.07401097,3.218593,0.4732134,0.08356223,3.281021,-0.03725573,0.254173,3.266397,-0.03995961,0.180285,3.274698,-0.1369793,0.09913987,3.286333,0.04987154,0.09063804,3.288435,-0.122243,-0.2143647,3.008275,0.04150487,-0.2594327,3.061042,-0.09118935,-0.4646459,3.356727,-0.01415249,-0.4334351,3.422535
0.0004101209,0.8203531,3.206442,-0.02019399,0.6188228,3.210565,-0.2168898,0.4967763,3.198594,0.1691141,0.4747928,3.2276,-0.3840524,0.2690945,3.249705,0.2732942,0.2404754,3.272596,-0.5618582,0.09827951,3.233754,0.4765174,0.1050616,3.291901,-0.03712314,0.2537648,3.270078,-0.03981875,0.1799751,3.277877,-0.1370714,0.09875949,3.287401,0.05017062,0.08995314,3.291487,-0.1448726,-0.2569044,3.069985,0.04613604,-0.2754298,3.092044,-0.09694453,-0.4830317,3.397428,0.002895043,-0.4850545,3.422381
-0.001350827,0.8245963,3.220414,-0.01112965,0.6224014,3.251439,-0.21534,0.4971676,3.217073,0.1692432,0.4825567,3.251211,-0.3851601,0.2707289,3.252594,0.2706609,0.2407509,3.28002,-0.5887504,0.1321689,3.226295,0.4913159,0.1315586,3.278358,-0.03430376,0.2483115,3.278185,-0.03761253,0.1744317,3.283273,-0.1344526,0.09315588,3.288151,0.05075229,0.08558486,3.294714,-0.1556614,-0.2925621,3.13836,0.04455164,-0.3011789,3.146399,-0.1017276,-0.616535,3.409592,-0.001737231,-0.605481,3.408312
-0.00232418,0.81752,3.244428,-0.01393972,0.6205551,3.267442,-0.2177761,0.4952055,3.250771,0.1694,0.4786499,3.266185,-0.3875671,0.2727454,3.259703,0.2704713,0.2398905,3.289248,-0.6023653,0.1590261,3.203837,0.506312,0.1531199,3.251934,-0.03362569,0.2365624,3.286181,-0.03698943,0.1594541,3.288889,-0.1330644,0.07533245,3.286242,0.05118856,0.06913424,3.298411,-0.1551482,-0.3818826,3.195773,0.04406375,-0.3875044,3.203922,-0.1103248,-0.7510461,3.427968,0.01861796,-0.7659218,3.425249
-0.004005407,0.7931121,3.274593,-0.01832133,0.5885417,3.308068,-0.2167553,0.460325,3.286949,0.1702815,0.4544871,3.299735,-0.3981279,0.2669553,3.264593,0.2776961,0.2331114,3.297075,-0.6194272,0.1872939,3.176338,0.5148308,0.1532078,3.231778,-0.03955143,0.1922839,3.300138,-0.04366264,0.1121252,3.293018,-0.1392465,0.03191746,3.282742,0.04276692,0.01927806,3.292883,-0.1554798,-0.4802285,3.251585,0.03781748,-0.4962102,3.248493,-0.1122573,-0.8870289,3.420936,0.03125479,-0.9097633,3.408242
-0.004957536,0.7463851,3.302451,-0.02010264,0.5400965,3.324337,-0.2166719,0.4263886,3.309073,0.1687873,0.396959,3.313997,-0.4201316,0.2474163,3.26544,0.3234703,0.1712516,3.315065,-0.6399112,0.1974458,3.15118,0.5401565,0.1321898,3.189758,-0.04150764,0.1385939,3.302974,-0.04547812,0.05987418,3.287439,-0.1389639,-0.02237096,3.275395,0.03888268,-0.03056854,3.280922,-0.1529982,-0.544571,3.30102,0.03452853,-0.5440884,3.280569,-0.1074378,-0.953518,3.431499,0.01329611,-0.9525815,3.408904
-0.002107458,0.6850359,3.325143,-0.01714046,0.474843,3.338637,-0.2217413,0.3564809,3.324287,0.1710541,0.3327104,3.338077,-0.4354255,0.1964887,3.248857,0.3015829,0.09059603,3.314466,-0.6555408,0.2128884,3.124728,0.5126659,0.087263,3.17277,-0.03640931,0.07830621,3.313443,-0.03941485,0.001519859,3.292186,-0.1336553,-0.08264375,3.277617,0.04656455,-0.08986117,3.284069,-0.1463608,-0.559835,3.311131,0.02436065,-0.5870731,3.289643,-0.1045191,-0.9604706,3.425201,0.001393844,-0.9556929,3.401221
-0.005382647,0.6051722,3.335409,-0.02735107,0.3969234,3.349863,-0.2235998,0.2695794,3.327482,0.1699547,0.2619607,3.349521,-0.4405596,0.1404954,3.249275,0.3069083,0.02987119,3.31553,-0.6394563,0.1760942,3.093721,0.5062016,0.02826016,3.1561,-0.04050252,0.004487202,3.337611,-0.04175328,-0.07152466,3.31498,-0.1350054,-0.1579154,3.299871,0.04607487,-0.1615543,3.311409,-0.1407863,-0.5796567,3.308005,0.02380151,-0.5970319,3.270534,-0.105243,-0.9594417,3.405141,-0.006670084,-0.949504,3.371924
-0.01211162,0.5493802,3.343547,-0.02607206,0.3486791,3.357575,-0.223884,0.2197123,3.333352,0.1610889,0.1979638,3.360232,-0.4542687,0.07679412,3.241237,0.3335155,-0.0304819,3.306852,-0.6430914,0.1134975,3.072722,0.5321525,-0.03786621,3.146726,-0.03915108,-0.04895061,3.36013,-0.03989478,-0.126626,3.338775,-0.1320046,-0.2115022,3.326965,0.04716355,-0.2150625,3.338316,-0.1498684,-0.6208468,3.301647,0.02845873,-0.6195083,3.263735,-0.1084891,-0.95535,3.390066,-0.004464979,-0.9453565,3.356519
-0.01030576,0.5403708,3.342434,-0.02812586,0.3285728,3.356087,-0.2252096,0.2064369,3.332836,0.162796,0.1795486,3.358409,-0.4493332,0.07055822,3.248568,0.308047,-0.04150567,3.315357,-0.6368895,0.03668635,3.077946,0.5011253,-0.09019669,3.155792,-0.03929839,-0.06194299,3.365847,-0.03979348,-0.1392201,3.345342,-0.1322301,-0.2266485,3.337223,0.04822224,-0.2290333,3.345529,-0.1530788,-0.6346736,3.30156,0.03280938,-0.6321292,3.262736,-0.1104718,-0.9530981,3.382617,-0.004641297,-0.9450782,3.355397
-0.01010478,0.5404205,3.341688,-0.02900426,0.3297749,3.352287,-0.2249524,0.2070934,3.333009,0.1617801,0.1805657,3.357024,-0.4441154,0.07098334,3.257532,0.2949207,-0.03732794,3.328466,-0.6174988,-0.01519565,3.090797,0.4846511,-0.1019343,3.170828,-0.0392283,-0.06169969,3.365869,-0.03980923,-0.1391074,3.345729,-0.1318287,-0.2258493,3.33867,0.04803994,-0.2285332,3.346343,-0.1555676,-0.6337845,3.307858,0.03754727,-0.6330248,3.272377,-0.1107928,-0.9530628,3.382771,-0.006294993,-0.9449346,3.359419
-0.006380687,0.5787235,3.337006,-0.02982678,0.3840431,3.34005,-0.2183242,0.2596942,3.328509,0.1635433,0.2444156,3.346599,-0.4316241,0.08345749,3.270886,0.2951475,0.01293971,3.350031,-0.5976038,-0.04105742,3.123779,0.4621675,-0.104631,3.197976,-0.03456581,-0.01088559,3.360328,-0.03431657,-0.08927808,3.343215,-0.1248156,-0.1744827,3.335566,0.05454848,-0.1763262,3.346659,-0.1445535,-0.6230857,3.347654,0.04249512,-0.6045468,3.297453,-0.1002077,-0.9638869,3.415079,-0.006219086,-0.9606677,3.404666
-0.003252178,0.6447217,3.322202,-0.02107314,0.449987,3.340877,-0.2161435,0.3290753,3.328696,0.1686104,0.3030565,3.335881,-0.3973285,0.1174469,3.289623,0.307598,0.04424213,3.347336,-0.54791,-0.05472694,3.184024,0.4685119,-0.1216914,3.248056,-0.03282495,0.05413802,3.354855,-0.03465122,-0.02406648,3.336681,-0.1264977,-0.1081331,3.328246,0.05222283,-0.1136037,3.338189,-0.1216002,-0.5753363,3.38566,0.05933978,-0.567874,3.360042,-0.09109639,-0.971702,3.430287,-0.003636166,-0.9658743,3.415091
-0.006906782,0.7033971,3.303591,-0.02747048,0.5160562,3.334689,-0.2132731,0.3964069,3.321565,0.1694409,0.3682485,3.31798,-0.3793356,0.1430506,3.298068,0.2946404,0.1133194,3.348431,-0.5090427,-0.06018782,3.233788,0.4414487,-0.08110045,3.298579,-0.03302643,0.1153769,3.354379,-0.03431775,0.03577709,3.338477,-0.124426,-0.0468349,3.337357,0.05332932,-0.05424055,3.335669,-0.1237937,-0.5534716,3.370583,0.05753683,-0.5501431,3.373063,-0.09253918,-0.9516214,3.435933,0.00512593,-0.9547803,3.420113
-0.008481903,0.7534473,3.295457,-0.0249674,0.5511016,3.317868,-0.21461,0.4303894,3.3153,0.1634576,0.4083599,3.304772,-0.3497178,0.1849274,3.313379,0.2879034,0.1381305,3.362378,-0.4681138,-0.03083993,3.294176,0.4410517,-0.05484951,3.35366,-0.03647419,0.1570198,3.358606,-0.03966414,0.07922717,3.34989,-0.1325186,0.001678145,3.355514,0.04730456,-0.01008883,3.352233,-0.1432611,-0.4419335,3.301287,0.05799384,-0.5097327,3.341666,-0.08319318,-0.8420653,3.458389,0.04864336,-0.8993041,3.448366
-0.007059641,0.7681742,3.272963,-0.02773808,0.5647756,3.308688,-0.2166565,0.4538024,3.309761,0.1656384,0.4293377,3.300743,-0.3422185,0.1944788,3.324264,0.2815624,0.183889,3.366008,-0.4495037,-0.02375808,3.347699,0.4351746,-0.01285165,3.386345,-0.03591982,0.1962293,3.361731,-0.03771848,0.1224157,3.358579,-0.1322846,0.04225473,3.370427,0.05332665,0.02779618,3.361831,-0.1581068,-0.34824,3.237256,0.05087609,-0.3833569,3.28032,-0.06043638,-0.7003021,3.479112,0.06966357,-0.7575458,3.479069
-0.005541765,0.7782304,3.256489,-0.02548726,0.5752991,3.301124,-0.2190602,0.4680959,3.309852,0.168892,0.443961,3.299194,-0.3364975,0.2128878,3.351057,0.2823448,0.2044959,3.373125,-0.4569862,0.006226704,3.39434,0.434532,0.02726777,3.435994,-0.03040485,0.2138855,3.361992,-0.031768,0.1403762,3.361735,-0.1274188,0.05709733,3.375682,0.0618441,0.0493415,3.367511,-0.1505866,-0.3100448,3.183016,0.06019907,-0.3441764,3.242622,-0.05039353,-0.5091401,3.47063,0.04639797,-0.5569556,3.467813
-0.006084281,0.7812139,3.246899,-0.02707924,0.5772583,3.297824,-0.2194958,0.4693457,3.309254,0.1689568,0.44433,3.299084,-0.3367723,0.2454128,3.366344,0.2834865,0.2140649,3.381469,-0.46268,0.04176429,3.408614,0.4582147,0.06688681,3.465727,-0.03159333,0.2192951,3.362458,-0.03294947,0.1468298,3.364796,-0.1288942,0.06425267,3.38039,0.06093255,0.05618214,3.372431,-0.1565138,-0.2600964,3.118989,0.09825787,-0.3101732,3.181051,-0.05522707,-0.4664307,3.4225,0.0416416,-0.4497438,3.529273
-0.007125129,0.7786689,3.241158,-0.02693,0.5759986,3.293849,-0.2195524,0.4681691,3.306881,0.1695104,0.4451764,3.29858,-0.3367972,0.2494693,3.374899,0.2860554,0.2156228,3.385367,-0.4977262,0.08233291,3.442188,0.4837925,0.1139394,3.476095,-0.03197379,0.220153,3.361145,-0.03338815,0.1481155,3.365041,-0.1291686,0.06471238,3.380364,0.05976498,0.05883859,3.374627,-0.1618772,-0.2490372,3.106581,0.101464,-0.2964005,3.163208,-0.0450082,-0.366689,3.521308,0.02262787,-0.4073326,3.532997
-0.0084555,0.774539,3.235563,-0.0262825,0.5678878,3.283568,-0.2161198,0.4650107,3.301428,0.1699365,0.445218,3.298072,-0.3456519,0.2542458,3.390994,0.2907895,0.228107,3.397869,-0.5206859,0.1084278,3.469263,0.5080584,0.1506222,3.468804,-0.03221007,0.2200131,3.359724,-0.03344336,0.1480519,3.36503,-0.1293102,0.06468439,3.380297,0.05957023,0.05887304,3.375929,-0.1596278,-0.2484539,3.105466,0.08639621,-0.2919888,3.154301,-0.05344412,-0.3512045,3.433686,0.02516929,-0.4235408,3.515181
-0.007968519,0.7698193,3.229116,-0.02373778,0.5653503,3.281853,-0.2146795,0.4599451,3.295348,0.1704725,0.445107,3.297381,-0.3490667,0.257372,3.391545,0.2899403,0.2301815,3.395984,-0.5612226,0.1667361,3.462308,0.5255023,0.1846373,3.435736,-0.03219219,0.2184065,3.358075,-0.03356187,0.1468411,3.364758,-0.1297056,0.06352904,3.379619,0.05900149,0.05757628,3.376572,-0.150648,-0.2802385,3.146306,0.07217679,-0.3040256,3.173518,-0.06183889,-0.531531,3.42855,0.02507197,-0.5311309,3.465059
-0.01019042,0.7637107,3.22787,-0.02380731,0.560541,3.281061,-0.2142184,0.4563166,3.295136,0.1710197,0.4420549,3.296311,-0.3598397,0.2593496,3.39645,0.2923453,0.2323263,3.391971,-0.5930814,0.2182504,3.448259,0.5381016,0.2215066,3.377841,-0.03292838,0.2064102,3.35605,-0.0346611,0.1336435,3.364176,-0.1300139,0.05028762,3.377243,0.05658247,0.04516547,3.378327,-0.1503918,-0.3211145,3.19559,0.06832664,-0.3298768,3.204148,-0.07165526,-0.6851171,3.404142,0.02533502,-0.684842,3.432397
-0.009272336,0.7366946,3.224545,-0.02311311,0.5473088,3.285039,-0.2141984,0.438596,3.298651,0.1729107,0.4287814,3.297612,-0.3768847,0.2609501,3.398783,0.3437532,0.213123,3.382958,-0.6184639,0.2556022,3.430136,0.5859361,0.2400138,3.334593,-0.02925397,0.1738914,3.34747,-0.03026633,0.09683852,3.353195,-0.1236696,0.007700922,3.35936,0.06079137,0.007861271,3.365222,-0.1417736,-0.4032146,3.210569,0.0737233,-0.4049396,3.228721,-0.07722063,-0.7738041,3.381397,0.04282713,-0.8061081,3.390574
-0.009410141,0.7230033,3.231783,-0.02117156,0.5241477,3.291841,-0.2151687,0.4168876,3.30782,0.1714529,0.396445,3.30148,-0.4037811,0.2353521,3.395421,0.2950656,0.1858369,3.371165,-0.6486358,0.25537,3.368932,0.5226358,0.2054866,3.26526,-0.03172134,0.1339219,3.338596,-0.03420991,0.05516449,3.342518,-0.1262615,-0.02679065,3.346689,0.05264883,-0.03564787,3.351466,-0.1346612,-0.5195658,3.236252,0.06853517,-0.5234296,3.250156,-0.08896647,-0.9283362,3.328133,0.06609252,-0.9534727,3.370888
-0.006438744,0.6738507,3.248181,-0.01648082,0.4695959,3.302663,-0.2140781,0.3554179,3.318599,0.1797695,0.3435703,3.321778,-0.4085005,0.1941414,3.372152,0.2975827,0.1398531,3.364184,-0.643302,0.220129,3.289269,0.5105438,0.1613466,3.228484,-0.02878222,0.08440287,3.327458,-0.03118859,0.007182866,3.328654,-0.1254694,-0.08006941,3.327996,0.05745463,-0.08281175,3.333642,-0.1241948,-0.5585507,3.251123,0.05730479,-0.5582615,3.253548,-0.08237318,-0.9718075,3.355912,0.02938155,-0.9544389,3.325995
-0.006437858,0.6080202,3.262589,-0.01334793,0.4141002,3.317229,-0.2163315,0.2942655,3.316325,0.175712,0.2852345,3.329671,-0.4257995,0.1224484,3.315808,0.2961109,0.07286467,3.351326,-0.6537825,0.1703328,3.22264,0.4948552,0.07865402,3.192083,-0.02661865,0.02630669,3.324293,-0.02900083,-0.05108343,3.321423,-0.1232795,-0.1377559,3.314443,0.05933619,-0.1409872,3.324417,-0.1246959,-0.5708791,3.254494,0.05375799,-0.5726942,3.251429,-0.08363086,-0.9733538,3.356337,0.02513985,-0.9592972,3.326586
-0.006262457,0.5417481,3.266515,-0.01930873,0.3403996,3.314839,-0.2131923,0.2240715,3.315018,0.1718326,0.2077717,3.336365,-0.4064821,0.06013841,3.309218,0.2993975,-0.001290064,3.330947,-0.6211786,0.084706,3.177515,0.4807303,-0.01663448,3.15111,-0.02642247,-0.04285534,3.322003,-0.02737228,-0.119316,3.318643,-0.119559,-0.2052507,3.309123,0.061765,-0.2072364,3.324044,-0.1062738,-0.6086461,3.238021,0.04447255,-0.6061918,3.227976,-0.08478913,-0.963697,3.320451,0.02218852,-0.959178,3.322612
-0.005378907,0.5187814,3.275652,-0.02489422,0.3123056,3.318759,-0.2158261,0.1907001,3.315518,0.1690987,0.177684,3.33847,-0.4244677,0.006495235,3.287677,0.3058124,-0.06947955,3.297236,-0.6194788,-0.007235589,3.124109,0.4743167,-0.08523048,3.104387,-0.02641528,-0.07120031,3.328686,-0.02619861,-0.1479199,3.32585,-0.1160649,-0.2342852,3.317784,0.06324668,-0.23561,3.33114,-0.1205684,-0.6331521,3.220491,0.05836402,-0.6297701,3.213725,-0.1005491,-0.9612033,3.263993,0.01311476,-0.9636046,3.311552
-0.00444451,0.5064336,3.281399,-0.0255379,0.3076728,3.318155,-0.2150157,0.1842915,3.312703,0.1678464,0.1704973,3.33429,-0.4134398,0.001303684,3.287121,0.2923934,-0.07822548,3.28425,-0.5964873,-0.0794707,3.129822,0.4713432,-0.1185183,3.106092,-0.02708838,-0.07753217,3.32862,-0.02690362,-0.1545328,3.32591,-0.1162011,-0.2395943,3.318371,0.06203248,-0.2416754,3.330889,-0.1297025,-0.6375052,3.218431,0.06224641,-0.6364806,3.216641,-0.08953851,-0.9718207,3.310297,0.01286545,-0.9638152,3.311188
-0.003829897,0.5149449,3.281167,-0.02438395,0.3124156,3.315853,-0.2142301,0.191478,3.309572,0.1699673,0.1826386,3.328001,-0.4038027,0.004039111,3.295799,0.2832197,-0.03512931,3.308029,-0.5792052,-0.08793498,3.135841,0.446809,-0.1157362,3.128812,-0.02809289,-0.07145412,3.325954,-0.02850506,-0.1480018,3.323036,-0.118189,-0.232635,3.315473,0.05969224,-0.2361347,3.327986,-0.1331611,-0.6331151,3.229673,0.06264969,-0.6338277,3.226712,-0.08385953,-0.9678969,3.313414,0.01269634,-0.9629789,3.313599
-0.005431098,0.5859443,3.283831,-0.02017859,0.3903997,3.311531,-0.2057961,0.2635345,3.297249,0.1763236,0.256685,3.326681,-0.386395,0.05273387,3.297471,0.2879765,0.01277508,3.306397,-0.5502933,-0.09700482,3.177768,0.4449548,-0.1094626,3.147383,-0.03193662,-0.001506128,3.313456,-0.03352191,-0.07951753,3.307569,-0.1249653,-0.1627093,3.295398,0.05302082,-0.1689159,3.31289,-0.1284364,-0.5901527,3.286325,0.05736392,-0.5924548,3.282099,-0.08546899,-0.969628,3.348788,0.01431874,-0.9671285,3.340663
-0.005703122,0.6594168,3.284421,-0.01393586,0.4613279,3.314244,-0.2149568,0.3428378,3.301192,0.1730746,0.3280912,3.319502,-0.37679,0.1044096,3.29769,0.2874147,0.07638332,3.293449,-0.5179226,-0.08361787,3.21206,0.4430322,-0.09290853,3.192568,-0.03034193,0.06667846,3.313414,-0.03304742,-0.01168285,3.305096,-0.1263433,-0.09499491,3.292186,0.05317177,-0.1035182,3.30918,-0.1196788,-0.5785468,3.318047,0.06420016,-0.5796857,3.316691,-0.08455814,-0.9745971,3.3567,0.0145065,-0.9698334,3.349165
-0.006618353,0.723394,3.266696,-0.02049167,0.5302485,3.311591,-0.2179572,0.4058042,3.295711,0.1718232,0.3947809,3.308678,-0.3547614,0.1578433,3.291426,0.2840887,0.13396,3.301817,-0.4787631,-0.05342072,3.259672,0.4338602,-0.07083214,3.227854,-0.03277968,0.1304263,3.316171,-0.0347985,0.05093924,3.307895,-0.1274643,-0.03380327,3.298003,0.0526222,-0.04004161,3.311045,-0.1176944,-0.5684213,3.318594,0.06403361,-0.5660422,3.32733,-0.08781318,-0.9678028,3.354246,0.03854691,-0.9612802,3.359376
-0.005891412,0.7765815,3.260062,-0.01855749,0.5840457,3.299613,-0.2176485,0.4632191,3.288345,0.1680987,0.4486856,3.298308,-0.3368607,0.2048856,3.295088,0.2771087,0.1850314,3.295157,-0.44811,-0.01391609,3.27356,0.4118747,-0.01997171,3.270017,-0.03163338,0.1935584,3.320093,-0.03395328,0.1154031,3.316264,-0.1269043,0.03036366,3.311619,0.05328557,0.02656593,3.321636,-0.1307976,-0.4540953,3.256433,0.06632314,-0.4482922,3.275112,-0.09139539,-0.8420671,3.360584,0.03315246,-0.8457284,3.39459
-0.007468862,0.8048666,3.252948,-0.027029,0.607201,3.295475,-0.2246961,0.4861679,3.287163,0.1655972,0.4683155,3.29559,-0.3352958,0.2192152,3.303846,0.2795162,0.1993162,3.30354,-0.4445223,-0.0007175207,3.290462,0.4370137,0.009548148,3.32568,-0.03536732,0.2298403,3.325216,-0.03659516,0.1549588,3.324994,-0.1303529,0.06995915,3.322303,0.05432462,0.06236983,3.333483,-0.1328565,-0.3314216,3.208775,0.04954235,-0.3507482,3.22763,-0.05530979,-0.7054208,3.428147,0.02650716,-0.7288553,3.451778
-0.008301415,0.8289565,3.253616,-0.02487943,0.625361,3.293612,-0.2252064,0.5020027,3.289641,0.1636603,0.4843324,3.294746,-0.3325377,0.2483792,3.311426,0.2767696,0.2397139,3.334152,-0.4468532,0.0311576,3.302934,0.4480168,0.05722936,3.346471,-0.03445246,0.2489812,3.326985,-0.03619466,0.1731654,3.328097,-0.1309777,0.08734753,3.326695,0.05459128,0.08555479,3.337579,-0.1283931,-0.2791358,3.135292,0.05398019,-0.293981,3.176271,-0.05081436,-0.6532894,3.354771,0.03409406,-0.5439894,3.498472
-0.009228239,0.8337581,3.252049,-0.02861905,0.6328887,3.293533,-0.2266837,0.5121714,3.292572,0.1627829,0.4891214,3.294052,-0.3278441,0.270643,3.316939,0.2679619,0.2470874,3.338054,-0.4792658,0.07750483,3.308677,0.4661637,0.1066983,3.359132,-0.03597109,0.2579899,3.328744,-0.03738714,0.1827164,3.331183,-0.1320412,0.0939028,3.330249,0.05436478,0.0972382,3.341019,-0.119285,-0.2440287,3.089686,0.0563665,-0.2654451,3.142383,-0.04168502,-0.6182849,3.30924,0.0227566,-0.4132852,3.528388
-0.01096319,0.8405668,3.25105,-0.02896444,0.6373888,3.292457,-0.2260942,0.5170157,3.294393,0.1609956,0.4920034,3.293709,-0.335973,0.2797237,3.331203,0.264199,0.2643228,3.352424,-0.5252458,0.1235971,3.32361,0.4878928,0.1693629,3.372291,-0.03809492,0.2618765,3.328936,-0.0400096,0.1865727,3.332447,-0.1359898,0.09918788,3.332102,0.05111175,0.1018558,3.343038,-0.1260395,-0.2316003,3.081395,0.06102718,-0.2576278,3.138881,-0.04841166,-0.605991,3.301044,0.0243117,-0.4480578,3.522758
-0.01510484,0.8475721,3.25174,-0.03086436,0.642746,3.294741,-0.2271333,0.5192094,3.295238,0.1577939,0.5027641,3.295713,-0.3394533,0.2897519,3.335788,0.2622721,0.2821126,3.357187,-0.5561723,0.1748078,3.327778,0.5012807,0.2346045,3.371516,-0.04014005,0.2673995,3.328988,-0.04202283,0.1920955,3.332749,-0.1374993,0.1056633,3.331675,0.04898074,0.1057235,3.343118,-0.1405729,-0.2263764,3.082932,0.06594701,-0.2535602,3.139566,-0.06291187,-0.6009274,3.302692,0.007965036,-0.4576419,3.514605
-0.01883629,0.8540874,3.25597,-0.0325949,0.6517524,3.299132,-0.2290762,0.5233381,3.296464,0.1540962,0.5139287,3.297427,-0.3597548,0.3097797,3.336197,0.2611899,0.2941294,3.363097,-0.5949464,0.2399835,3.324631,0.5063987,0.3011447,3.352857,-0.04068523,0.2709851,3.327215,-0.04243525,0.195335,3.330743,-0.1372754,0.1094202,3.328522,0.04815822,0.1093711,3.339457,-0.1683527,-0.2375325,3.105268,0.06751008,-0.254131,3.144952,-0.07431588,-0.5799292,3.363176,8.245558E-05,-0.5358412,3.468815
-0.02144065,0.8533315,3.259859,-0.03296437,0.6534268,3.301483,-0.2311338,0.5246718,3.299262,0.1528753,0.5148164,3.302548,-0.3691974,0.3206193,3.339546,0.2647216,0.2999814,3.360853,-0.6132092,0.3051995,3.30523,0.5118396,0.3462502,3.335805,-0.04124693,0.2701023,3.322755,-0.04314724,0.1932162,3.323186,-0.1365249,0.1074907,3.316381,0.04569791,0.1043475,3.326388,-0.1676266,-0.2707281,3.157907,0.05361755,-0.2808015,3.184071,-0.08648762,-0.5871817,3.44817,0.006101049,-0.5965933,3.481683
-0.0259438,0.8493443,3.274399,-0.03609642,0.6455871,3.30864,-0.2316605,0.5213974,3.30262,0.1488116,0.5128817,3.308212,-0.4099428,0.3195526,3.332598,0.2802457,0.302324,3.34419,-0.6491199,0.3483498,3.272013,0.5104122,0.3657809,3.273485,-0.0432191,0.253992,3.312782,-0.04461022,0.1741747,3.307318,-0.1346853,0.08973278,3.294072,0.04290793,0.08709055,3.310635,-0.1562614,-0.3433838,3.184642,0.0486348,-0.3624239,3.207531,-0.1022008,-0.7120109,3.42049,-0.01208127,-0.7273983,3.446974
-0.03370804,0.8169213,3.310177,-0.0410824,0.61482,3.327782,-0.2350242,0.4820559,3.313431,0.1522641,0.4774958,3.318876,-0.4400761,0.304772,3.302211,0.3292897,0.2904238,3.312853,-0.6654558,0.3681896,3.214725,0.5484527,0.3794206,3.233631,-0.04350244,0.2126342,3.304581,-0.04369982,0.1327126,3.290116,-0.133626,0.04446993,3.272643,0.04570149,0.04245351,3.285168,-0.1524802,-0.4302101,3.205906,0.04314834,-0.4577908,3.235504,-0.120285,-0.8040584,3.402314,0.009304229,-0.8585472,3.412907
-0.0353563,0.7740958,3.31117,-0.04762553,0.5653192,3.335263,-0.2419594,0.4348907,3.316546,0.1508126,0.4256046,3.331251,-0.4421316,0.2728539,3.289007,0.3344356,0.2632498,3.30131,-0.6583958,0.359148,3.197769,0.5311333,0.3465677,3.166437,-0.04570816,0.1599028,3.303715,-0.0446097,0.08123843,3.283424,-0.134244,-0.005387282,3.262959,0.04612069,-0.008078533,3.27971,-0.1424119,-0.5446399,3.237766,0.03635198,-0.5400361,3.25352,-0.1344127,-0.9431763,3.356563,0.01088029,-0.9496538,3.349523
-0.04477212,0.7112114,3.308419,-0.05290361,0.5041053,3.337197,-0.2403347,0.3799521,3.311777,0.1430298,0.3628822,3.324671,-0.4515704,0.214405,3.265901,0.3271572,0.2014451,3.27432,-0.6557547,0.3134714,3.158795,0.519307,0.2842935,3.132114,-0.04729576,0.1019871,3.302167,-0.04527113,0.02507049,3.276542,-0.1332312,-0.05906,3.254753,0.04541752,-0.06205149,3.271398,-0.1417279,-0.5491568,3.236169,0.0340601,-0.5600426,3.251843,-0.1389543,-0.9538611,3.308153,-0.006237645,-0.9635915,3.299854
-0.04712915,0.6393023,3.316082,-0.06066594,0.4366795,3.338145,-0.2452395,0.2983888,3.302272,0.1426552,0.2953603,3.323079,-0.460272,0.1465759,3.243742,0.3221111,0.1294537,3.277443,-0.6497498,0.2520677,3.115121,0.4903507,0.2113973,3.104668,-0.05346819,0.03472508,3.308071,-0.05057939,-0.04156879,3.279223,-0.1394102,-0.1285533,3.253768,0.04192122,-0.1285839,3.277899,-0.1415226,-0.5769641,3.225471,0.01611616,-0.6006774,3.230339,-0.1325478,-0.9679687,3.307361,-0.01861723,-0.9629606,3.296821
-0.04905046,0.5823292,3.327772,-0.06458887,0.3691854,3.33191,-0.246361,0.2312668,3.295415,0.1372653,0.2273208,3.317327,-0.4580698,0.08203799,3.240714,0.3057577,0.04965034,3.285392,-0.6408669,0.180988,3.096569,0.4716854,0.139184,3.114447,-0.05816307,-0.03042548,3.312482,-0.05510505,-0.10619,3.281896,-0.1433675,-0.191828,3.259325,0.03659406,-0.1928131,3.281024,-0.1475167,-0.6101654,3.211282,0.02110915,-0.6011529,3.223899,-0.1314173,-0.9727507,3.299535,-0.02428618,-0.9652413,3.29016
-0.05250428,0.5642316,3.327328,-0.06164089,0.3523782,3.322845,-0.249316,0.218128,3.29502,0.1367449,0.2094846,3.31876,-0.4562633,0.05800509,3.245451,0.2985507,0.001178853,3.286949,-0.6415073,0.1243061,3.085055,0.4579206,0.105211,3.118246,-0.06039613,-0.04054175,3.315485,-0.05779655,-0.1159735,3.283338,-0.1475243,-0.2027044,3.263358,0.03284378,-0.2049059,3.283167,-0.1503548,-0.6117386,3.206953,0.02253876,-0.6069638,3.213935,-0.1311044,-0.9734511,3.293039,-0.02852554,-0.9672257,3.286364
-0.05292503,0.5636157,3.32604,-0.06173908,0.3537671,3.320513,-0.2487216,0.2179111,3.291943,0.1366557,0.2090959,3.316759,-0.4580472,0.06198484,3.246135,0.2985818,0.003967302,3.28606,-0.6467562,0.1078603,3.082443,0.4630056,0.08723073,3.110283,-0.06092068,-0.0410744,3.317712,-0.05825701,-0.1167122,3.283523,-0.14796,-0.2032878,3.264253,0.03225021,-0.2054218,3.283376,-0.1603808,-0.6141859,3.2076,0.02280581,-0.6073552,3.213922,-0.1311316,-0.9760664,3.293903,-0.03158903,-0.9687526,3.288185
-0.05201918,0.5976039,3.313115,-0.05557262,0.4105133,3.31945,-0.2435035,0.2693827,3.285739,0.1433801,0.2665614,3.315233,-0.4457535,0.1111636,3.256247,0.2996431,0.07837175,3.279417,-0.633779,0.07789776,3.088518,0.4796931,0.07074469,3.099183,-0.06095678,-7.959385E-05,3.314387,-0.05887103,-0.07809558,3.277762,-0.1494756,-0.164536,3.25863,0.03069431,-0.1639874,3.276222,-0.1628207,-0.6067629,3.23365,0.02118001,-0.608492,3.239784,-0.1310338,-0.9759188,3.300223,-0.03498946,-0.9722024,3.302955
-0.04676623,0.667257,3.28598,-0.04747637,0.4716688,3.310355,-0.2435401,0.3407579,3.282649,0.1439484,0.3308662,3.30988,-0.4439729,0.1597472,3.242383,0.2907821,0.1354503,3.270857,-0.6306872,0.05812345,3.106611,0.4767014,0.06199957,3.115137,-0.05867943,0.06718318,3.310886,-0.05788065,-0.009269826,3.272946,-0.150157,-0.0935052,3.255887,0.03063179,-0.09901889,3.271159,-0.1566483,-0.5737688,3.292631,0.02211004,-0.5716451,3.299015,-0.1340085,-0.967157,3.309633,-0.03375132,-0.9717,3.308344
-0.0372775,0.7260848,3.27544,-0.04718376,0.5264593,3.30547,-0.2404488,0.4016999,3.27059,0.141117,0.3932166,3.286751,-0.4356794,0.1779159,3.246721,0.2839667,0.1765721,3.274604,-0.6159931,0.03552073,3.148057,0.4656448,0.06853919,3.136776,-0.05909099,0.1244998,3.318627,-0.05961688,0.0473484,3.28274,-0.1506754,-0.03641085,3.26758,0.02697979,-0.04083032,3.284472,-0.1560519,-0.5681562,3.294331,0.02269872,-0.5592374,3.305178,-0.1337996,-0.9655825,3.325701,-0.02592101,-0.9600888,3.312901
-0.0391199,0.7629937,3.261544,-0.05210289,0.5680039,3.289114,-0.240429,0.4440033,3.260201,0.1456944,0.4426235,3.281526,-0.4192877,0.213901,3.248728,0.2852486,0.2056454,3.274698,-0.57497,0.03342453,3.179006,0.4718018,0.07655309,3.16852,-0.05860334,0.1763172,3.323666,-0.05769321,0.098198,3.295352,-0.1490702,0.01415704,3.287703,0.03172153,0.008096603,3.300216,-0.1539522,-0.4868295,3.248054,0.03123585,-0.5026973,3.269858,-0.1290491,-0.8894067,3.346213,0.01388725,-0.8965048,3.359805
-0.03754235,0.7941733,3.24041,-0.04551353,0.5926982,3.259373,-0.2406764,0.4675512,3.257974,0.1460952,0.4520612,3.27268,-0.4061344,0.2274468,3.257755,0.2824291,0.219115,3.275321,-0.5508726,0.03067538,3.230267,0.4841495,0.08890356,3.213882,-0.05950115,0.2040611,3.322463,-0.0610733,0.127431,3.303177,-0.1574012,0.04980198,3.308109,0.02847368,0.03640578,3.31102,-0.1570059,-0.3590927,3.199883,0.03218044,-0.3956865,3.226079,-0.1121936,-0.7508498,3.402734,0.03515402,-0.7671252,3.385568
-0.04078825,0.8033165,3.230094,-0.0456849,0.5963761,3.254186,-0.2416385,0.4761613,3.256657,0.1461435,0.4633633,3.27047,-0.3924092,0.2303288,3.272924,0.281092,0.2308834,3.279173,-0.5435007,0.03961819,3.233207,0.4821173,0.09933518,3.218558,-0.05988388,0.2286325,3.326101,-0.06173595,0.1542059,3.314381,-0.1577063,0.06951853,3.320266,0.02779568,0.06699763,3.329443,-0.1630829,-0.300089,3.138162,0.02172632,-0.3155332,3.179477,-0.08212563,-0.5578225,3.395204,0.01546007,-0.5655432,3.394635
-0.04367415,0.7975047,3.19057,-0.04657357,0.5935761,3.240151,-0.2421976,0.47703,3.254141,0.1464951,0.467176,3.264826,-0.3851067,0.2316823,3.282048,0.2810279,0.232471,3.279626,-0.5464735,0.04841764,3.253417,0.4871085,0.1098718,3.21678,-0.05907077,0.2341845,3.326825,-0.06077882,0.1607682,3.321263,-0.1571714,0.07807817,3.33366,0.03043829,0.07466057,3.341681,-0.1538486,-0.2559951,3.089008,0.01718282,-0.2874549,3.144794,-0.07718384,-0.436166,3.436846,0.01702133,-0.4519168,3.412117
-0.0457138,0.7782531,3.168855,-0.0434788,0.5817534,3.22481,-0.2374819,0.464909,3.235571,0.1459979,0.4588494,3.255936,-0.3841294,0.2261875,3.284932,0.2844304,0.2275551,3.28193,-0.5547196,0.05170205,3.253858,0.4949207,0.1178291,3.208354,-0.05861704,0.2336907,3.328558,-0.0597001,0.1589169,3.329774,-0.156068,0.07663356,3.348892,0.03130779,0.07308628,3.353725,-0.126657,-0.2209619,3.060527,-0.07345469,-0.2404048,3.104353,-0.08147656,-0.3888244,3.467099,0.01140008,-0.417504,3.389405
-0.04608078,0.7567428,3.155119,-0.04492872,0.5577339,3.213282,-0.2387764,0.4392467,3.218777,0.1445557,0.4424335,3.24848,-0.3895303,0.2085342,3.283897,0.2829146,0.2205128,3.278994,-0.5807906,0.06087798,3.231488,0.4962009,0.1238984,3.193742,-0.0587887,0.2265741,3.330166,-0.05950921,0.1526197,3.334898,-0.1559252,0.06737586,3.356633,0.03145182,0.06955397,3.359167,-0.1273373,-0.2201228,3.057569,0.03610153,-0.258343,3.106139,-0.08147529,-0.3973666,3.459413,0.09749101,-0.4208273,3.395811
-0.0432083,0.7230394,3.131727,-0.04794428,0.5283202,3.198936,-0.2369156,0.4180388,3.207765,0.1448432,0.4229065,3.241134,-0.3960377,0.1888745,3.264585,0.2856576,0.1712474,3.270114,-0.5983549,0.05964179,3.203234,0.4951319,0.1146112,3.142639,-0.0575338,0.2069816,3.333118,-0.05772634,0.1348574,3.343089,-0.1540218,0.05069042,3.365293,0.03459682,0.05391261,3.373937,-0.1313967,-0.2756776,3.11118,0.0505242,-0.2772812,3.125992,-0.09392218,-0.4876055,3.385856,-0.01068474,-0.5097572,3.420046
-0.04315436,0.7094542,3.124172,-0.04660098,0.5170501,3.193407,-0.23655,0.4077218,3.201261,0.1436659,0.3994986,3.22895,-0.3946505,0.1791285,3.24289,0.2842327,0.1688595,3.270012,-0.5835721,0.0407148,3.157815,0.4730582,0.08317608,3.12569,-0.05556891,0.1854171,3.334428,-0.05626124,0.1122396,3.348909,-0.1517745,0.03073318,3.373609,0.03509195,0.03346966,3.380823,-0.1471207,-0.3129821,3.14448,0.06176743,-0.3172512,3.165061,-0.1199403,-0.6407335,3.323345,-0.03366737,-0.6182924,3.358132
-0.04369612,0.695465,3.121917,-0.04582718,0.4998413,3.190662,-0.2359802,0.3922313,3.199574,0.1429002,0.3826664,3.229017,-0.3959842,0.1583194,3.213501,0.2717068,0.1557551,3.258644,-0.573894,0.006208092,3.128081,0.4549024,0.03816457,3.109026,-0.05235083,0.1559536,3.332919,-0.05251062,0.08165896,3.349338,-0.1457795,-0.001967893,3.37263,0.03815214,0.003876882,3.382606,-0.1557143,-0.3708812,3.177908,0.05679184,-0.3701674,3.209082,-0.1314184,-0.7629905,3.297459,-0.002437721,-0.7537252,3.305345
-0.04748207,0.6668103,3.118494,-0.0538451,0.4649171,3.190353,-0.2372701,0.349354,3.196398,0.1396599,0.3471211,3.229188,-0.393092,0.1356477,3.20067,0.2732287,0.1245028,3.248696,-0.5649426,-0.0247947,3.118932,0.4466976,-0.00100495,3.111634,-0.05610662,0.1014754,3.323758,-0.05504006,0.02563126,3.339614,-0.1425422,-0.0563884,3.356469,0.03255912,-0.0550263,3.373352,-0.1491321,-0.5011879,3.214897,0.05309341,-0.501671,3.231915,-0.1484304,-0.9064274,3.27781,0.001568768,-0.8938047,3.266094
-0.03997848,0.6221356,3.128292,-0.04467137,0.4262094,3.192182,-0.237659,0.3047718,3.197853,0.1454626,0.3101294,3.237869,-0.3873433,0.07577633,3.196471,0.2739273,0.08104695,3.260211,-0.5552626,-0.08545258,3.10721,0.4447973,-0.04081627,3.103538,-0.05182052,0.06350717,3.31285,-0.05165814,-0.01396899,3.327071,-0.1422173,-0.1002906,3.341975,0.03651193,-0.100093,3.355884,-0.1435085,-0.5597552,3.246819,0.05710962,-0.5744956,3.244418,-0.148151,-0.9554436,3.290935,-0.0001850079,-0.965812,3.263962
-0.04476646,0.5657123,3.146308,-0.05029781,0.3747494,3.20155,-0.2366651,0.2527912,3.199523,0.1486342,0.2565588,3.254092,-0.3754082,0.02242276,3.19812,0.269046,0.02540389,3.281403,-0.5506923,-0.1362365,3.121488,0.4427557,-0.0938379,3.105768,-0.0499932,0.004426091,3.296458,-0.04822392,-0.07205123,3.307127,-0.1385344,-0.1591162,3.314759,0.04288006,-0.1559356,3.334281,-0.138707,-0.573754,3.256976,0.04882573,-0.5788542,3.249532,-0.1443398,-0.9660175,3.312603,-0.005901172,-0.959121,3.281111
-0.04614879,0.521086,3.171458,-0.04598157,0.3195432,3.218276,-0.2398496,0.1913482,3.205851,0.146511,0.1959127,3.267133,-0.378229,-0.03989746,3.206721,0.2596555,-0.04653244,3.274645,-0.5520595,-0.1950841,3.118431,0.4451192,-0.1154973,3.115088,-0.04896048,-0.05339524,3.285748,-0.04782617,-0.1294116,3.292024,-0.1378199,-0.218459,3.293026,0.04145432,-0.2139553,3.31387,-0.1036667,-0.618668,3.228098,0.0423377,-0.6146302,3.241596,-0.1368386,-0.9791055,3.31379,-0.02110194,-0.9703121,3.299751
-0.04375101,0.5074448,3.201233,-0.04753987,0.3028803,3.221804,-0.2366422,0.1808244,3.207445,0.145095,0.178785,3.271469,-0.3311263,-0.0661515,3.264493,0.265911,-0.06165299,3.27885,-0.5279598,-0.1966528,3.137561,0.4444548,-0.1567398,3.127116,-0.05095265,-0.07631418,3.285946,-0.05002583,-0.1535288,3.292543,-0.1384839,-0.238256,3.292899,0.03772443,-0.2372829,3.313116,-0.1214875,-0.6363138,3.207701,0.04342575,-0.6352721,3.225748,-0.1327821,-0.9801273,3.304477,-0.02300679,-0.9699578,3.296766
-0.04202422,0.5089883,3.206893,-0.04735037,0.3028618,3.222632,-0.2351886,0.1801141,3.208077,0.1459532,0.1788781,3.271919,-0.3871635,-0.07419654,3.229966,0.27529,-0.05552761,3.28715,-0.5558637,-0.2275817,3.127441,0.4449133,-0.1585674,3.12995,-0.05043085,-0.07649683,3.285245,-0.04954571,-0.1535992,3.292567,-0.137416,-0.2388435,3.292464,0.03808905,-0.2373631,3.313206,-0.1292936,-0.636722,3.20571,0.04625136,-0.6341836,3.220844,-0.1318979,-0.9803823,3.302456,-0.02661058,-0.9639747,3.287577
-0.0325427,0.5500579,3.211625,-0.04006734,0.3507958,3.232627,-0.2296185,0.2132316,3.212509,0.1499429,0.2167193,3.266518,-0.3645859,-0.005832527,3.225689,0.2874031,-0.01207789,3.292779,-0.5185721,-0.1976275,3.145336,0.4433553,-0.1607027,3.14677,-0.04378686,-0.04196848,3.280424,-0.04327997,-0.1203447,3.286043,-0.1324821,-0.2057539,3.28307,0.04518734,-0.2060552,3.304039,-0.1415824,-0.6154815,3.228608,0.04991613,-0.611699,3.231911,-0.1320861,-0.9799925,3.30652,-0.02327968,-0.9661696,3.292608
-0.02011086,0.608537,3.201101,-0.03776105,0.4162459,3.227509,-0.2224546,0.2853232,3.217787,0.163595,0.2857442,3.263391,-0.3555251,0.04183671,3.224432,0.2940259,0.03609908,3.282997,-0.4789616,-0.1642618,3.165423,0.4398941,-0.1629784,3.190757,-0.03414033,0.03023025,3.278114,-0.03256976,-0.04761921,3.284659,-0.1217933,-0.1348569,3.28268,0.0586018,-0.1344429,3.302583,-0.1238709,-0.5794291,3.276642,0.05017746,-0.5804354,3.287039,-0.1316999,-0.9846764,3.31419,-0.02613723,-0.9784384,3.313045
-0.02220378,0.671361,3.192528,-0.02871446,0.4754082,3.222113,-0.2243582,0.3463589,3.229544,0.1614311,0.3429763,3.244054,-0.3309587,0.09143368,3.235185,0.2802759,0.08384627,3.278844,-0.4447423,-0.1242889,3.206563,0.4214138,-0.1285886,3.256228,-0.03188364,0.0885602,3.282801,-0.0322811,0.01042023,3.292058,-0.1225925,-0.07606935,3.295712,0.05670434,-0.07596016,3.308957,-0.1184217,-0.5745032,3.277156,0.04304016,-0.5594587,3.28749,-0.1258168,-0.9837363,3.315718,-0.02702674,-0.9761924,3.312544
-0.01370535,0.7198853,3.190744,-0.0227649,0.5140154,3.21495,-0.2191201,0.3894156,3.22683,0.1710488,0.3868575,3.231649,-0.3140739,0.1337741,3.25792,0.276726,0.1097144,3.286056,-0.4191508,-0.0859367,3.262509,0.4009672,-0.09626137,3.314089,-0.02096205,0.1405278,3.289386,-0.02068137,0.06395398,3.302243,-0.1124351,-0.02497336,3.313537,0.07158989,-0.02052141,3.318978,-0.1060686,-0.5152105,3.239889,0.05105614,-0.4931414,3.246338,-0.08967348,-0.9323592,3.357508,0.01166294,-0.8644184,3.345756
-0.01134893,0.7368437,3.168757,-0.01707279,0.5307698,3.212694,-0.2125343,0.4117103,3.231485,0.1722377,0.4016629,3.231538,-0.301395,0.1676523,3.288626,0.2722354,0.1396847,3.301626,-0.412399,-0.04940192,3.289717,0.4029359,-0.0555954,3.353795,-0.01844843,0.1625712,3.291641,-0.0188264,0.0886909,3.306152,-0.1112014,0.009292904,3.323505,0.07253169,0.00166114,3.320665,-0.1099687,-0.3804678,3.201298,0.0663249,-0.3887414,3.200988,-0.07005864,-0.7794744,3.374099,0.0159038,-0.7718661,3.417215
-0.004393641,0.744164,3.164339,-0.01119194,0.5494766,3.217484,-0.204372,0.429886,3.241453,0.1764724,0.418168,3.234284,-0.2893057,0.1986905,3.307452,0.269741,0.1595374,3.31902,-0.4297703,0.008635029,3.354643,0.4243047,-0.01491851,3.377519,-0.01276939,0.1935346,3.298261,-0.01339239,0.1214155,3.313323,-0.1071912,0.03638724,3.331092,0.07868899,0.03756092,3.326342,-0.1236736,-0.3179471,3.122759,0.05800568,-0.3307458,3.146586,-0.03959842,-0.5003741,3.351175,0.07723532,-0.5280867,3.453344
0.0002388053,0.7497135,3.165442,-0.007767909,0.5568138,3.21731,-0.1983774,0.4476742,3.25286,0.1809604,0.4269669,3.240745,-0.2842116,0.2399024,3.33678,0.2777254,0.1724028,3.333039,-0.4552243,0.08962967,3.410659,0.4653742,0.03479221,3.392657,-0.01117251,0.1986327,3.298384,-0.01208073,0.1262676,3.313949,-0.1058674,0.04302751,3.332256,0.07973455,0.0410961,3.327084,-0.09482979,-0.3113469,3.111596,0.1048918,-0.3031407,3.102412,-0.01414623,-0.5666865,3.300164,0.1171204,-0.5151671,3.478892
0.01471328,0.7605653,3.170667,-0.004104967,0.5615836,3.21819,-0.1962529,0.450003,3.258185,0.1857242,0.4291638,3.243199,-0.291373,0.2544853,3.365396,0.2912608,0.1771748,3.340782,-0.4942927,0.1449668,3.431285,0.5012357,0.06495512,3.380669,-0.008116273,0.2025762,3.299002,-0.009135351,0.1301104,3.314942,-0.1031394,0.04641233,3.333508,0.08245234,0.04401321,3.328086,-0.09493469,-0.3101131,3.111259,0.1325424,-0.3097809,3.124992,-0.2698686,-0.04273015,3.193051,-0.1703892,-0.1603276,3.110768
0.01638195,0.7614092,3.171564,0.002280739,0.5652379,3.217526,-0.1925027,0.4536529,3.262658,0.1894111,0.4310922,3.244708,-0.3031571,0.2691839,3.382214,0.3247272,0.192728,3.358037,-0.5252968,0.2102983,3.45028,0.5496833,0.09771941,3.338628,-0.004061081,0.2069496,3.30013,-0.005412641,0.1347556,3.316821,-0.09875842,0.05124072,3.335243,0.08501861,0.04881102,3.331509,-0.120939,-0.2785187,3.088275,0.1513595,-0.3057911,3.13503,0.07008433,-0.3790832,3.319722,0.03378001,-0.5793384,2.946129
0.01850097,0.7620332,3.171659,0.00412506,0.5664036,3.218165,-0.1902054,0.4555019,3.264552,0.1923334,0.4326522,3.245015,-0.3293633,0.2866534,3.392936,0.3355594,0.1955525,3.337343,-0.5618789,0.2551323,3.44609,0.5696015,0.1323918,3.292898,-0.0005587058,0.2082289,3.300295,-0.001562065,0.1360732,3.317214,-0.09372894,0.05267254,3.335934,0.08867332,0.04991415,3.331588,-0.1175763,-0.2867391,3.103907,0.147821,-0.321198,3.16929,-0.2590452,-0.5841534,2.999797,0.1659339,-0.5610659,3.477409
0.02056457,0.7613999,3.173214,0.0106108,0.5640269,3.221733,-0.1877981,0.4544628,3.270222,0.1955149,0.4329027,3.246501,-0.3340434,0.284986,3.392446,0.3476546,0.2063742,3.296738,-0.5757463,0.2737349,3.410936,0.5825099,0.1723701,3.22438,0.004263503,0.2032194,3.300892,0.003056201,0.1304309,3.317579,-0.08907387,0.04756803,3.336842,0.09278987,0.04204226,3.330028,-0.1040041,-0.3371505,3.201093,0.1333032,-0.3713309,3.215624,-0.344674,-0.4887058,2.990441,0.1849553,-0.7465683,3.440904
0.02580338,0.7494859,3.17777,0.02035678,0.546221,3.227172,-0.1804446,0.439161,3.279356,0.2006997,0.422823,3.245155,-0.3529046,0.2657655,3.358653,0.3501298,0.2020784,3.28757,-0.5917557,0.3165541,3.342502,0.5817462,0.1930842,3.196088,0.02038719,0.1626042,3.298068,0.02038644,0.0841953,3.312552,-0.06918772,0.00122146,3.328922,0.1077816,-0.002534255,3.321855,-0.07939544,-0.4205683,3.224892,0.1290895,-0.484865,3.249245,0.008820863,-0.7988917,3.408677,0.1690787,-0.8660379,3.388765
0.03238942,0.7138299,3.190739,0.03530091,0.496048,3.239656,-0.1705484,0.4150131,3.288875,0.2138907,0.3906813,3.252938,-0.3555392,0.2456372,3.319723,0.35678,0.1786963,3.259931,-0.5821139,0.3364318,3.310158,0.5638924,0.199092,3.117643,0.02411079,0.1246145,3.299299,0.02194463,0.05092682,3.312767,-0.06813262,-0.02883344,3.32793,0.1075234,-0.04225275,3.32034,-0.05651338,-0.537195,3.25666,0.1262473,-0.555461,3.280271,0.005908903,-0.9362285,3.363936,0.1558159,-0.9355631,3.354614
0.04271934,0.6653533,3.19793,0.04607987,0.4515869,3.260162,-0.1565236,0.3471902,3.288093,0.218858,0.3257617,3.251235,-0.3674608,0.2158474,3.304612,0.3917409,0.1397801,3.209939,-0.5866733,0.3143964,3.24743,0.5714217,0.2010405,3.041879,0.03113279,0.06962316,3.298869,0.02793621,-0.006909013,3.30816,-0.06313036,-0.08751475,3.316847,0.1123281,-0.09497514,3.311744,-0.02140789,-0.5929622,3.264679,0.111473,-0.5607112,3.279767,0.03068175,-0.9646373,3.347708,0.1165425,-0.9699298,3.318237
0.04812149,0.596059,3.215855,0.04853267,0.3954361,3.269198,-0.1531112,0.2900947,3.291434,0.2325452,0.2700511,3.256646,-0.3839127,0.1618615,3.291716,0.3879516,0.08344974,3.20397,-0.5985259,0.2320385,3.184553,0.5286852,0.1131234,2.992208,0.0390675,0.01575179,3.298621,0.03700494,-0.06027081,3.306255,-0.0553214,-0.141496,3.310688,0.124942,-0.15256,3.310357,-0.0201079,-0.5947083,3.262466,0.09403545,-0.5747083,3.262368,0.03694125,-0.9643674,3.3427,0.1166574,-0.9712591,3.319623
0.04999122,0.539867,3.229715,0.05565075,0.3358529,3.273512,-0.1495059,0.2217682,3.29592,0.2282988,0.2105742,3.267493,-0.3736128,0.1007164,3.282383,0.3903845,0.03175145,3.20337,-0.5933414,0.1036888,3.161857,0.515379,0.03014603,2.979267,0.04393252,-0.04649509,3.301712,0.04146263,-0.1230367,3.309281,-0.04875756,-0.2058968,3.315349,0.1264305,-0.210052,3.311035,-0.02122902,-0.6064214,3.259713,0.1337307,-0.6146631,3.238252,0.04004445,-0.9610586,3.335891,0.1204742,-0.963361,3.312118
0.04853739,0.5160981,3.234464,0.04121818,0.2873656,3.271862,-0.1528295,0.1932451,3.298806,0.2331887,0.1700871,3.275635,-0.3626867,0.03796702,3.273093,0.379683,-0.02013995,3.204262,-0.5773246,0.007614238,3.146766,0.5002011,-0.0227797,2.977649,0.04242042,-0.06992769,3.306133,0.04166102,-0.1428961,3.31456,-0.04629228,-0.2299844,3.322532,0.1282248,-0.2322139,3.318417,-0.02561236,-0.6296008,3.256932,0.1333435,-0.6293087,3.233015,0.04179227,-0.9550478,3.321372,0.1266132,-0.9590476,3.303592
0.04807586,0.519197,3.232833,0.04281508,0.2902076,3.269921,-0.1537505,0.1896622,3.298275,0.2340286,0.1692573,3.275485,-0.3522315,0.01501003,3.274713,0.3736453,-0.04437939,3.184906,-0.5609165,-0.05305887,3.153948,0.5061929,-0.03383774,2.965901,0.04320892,-0.07075354,3.305933,0.04281106,-0.1442546,3.314813,-0.04511357,-0.2318151,3.322983,0.1300187,-0.2336314,3.319101,-0.02568309,-0.6312502,3.256788,0.1334664,-0.6304222,3.232844,0.03853383,-0.9459932,3.317039,0.1287182,-0.9565438,3.302846
0.04659817,0.5275642,3.22999,0.03660844,0.3446771,3.265513,-0.1565012,0.224233,3.289166,0.2256422,0.2209626,3.266441,-0.3458432,0.01922829,3.274189,0.3750888,-0.01350967,3.181804,-0.5375285,-0.08075552,3.146853,0.5064145,-0.04792399,2.964657,0.03912129,-0.04601288,3.302178,0.03937439,-0.1232398,3.311733,-0.0493123,-0.2060154,3.317075,0.1275147,-0.2104687,3.317389,-0.02839515,-0.6096213,3.280111,0.1383735,-0.6155606,3.258201,0.04781218,-0.9606143,3.353013,0.1260449,-0.9653156,3.32539
0.03991909,0.6079799,3.221765,0.03214715,0.4086058,3.274245,-0.161419,0.285944,3.28102,0.2228997,0.2728593,3.25556,-0.3266126,0.067347,3.273023,0.361553,0.05807149,3.201649,-0.4857234,-0.09126256,3.163785,0.487043,-0.04985746,3.008054,0.02962837,0.02229431,3.298903,0.02905148,-0.05500826,3.30633,-0.06155701,-0.1404631,3.306274,0.1185045,-0.1425949,3.312897,-0.03814887,-0.5829392,3.328863,0.1303091,-0.5888103,3.308925,0.04611694,-0.9626426,3.363249,0.1324888,-0.9723094,3.34851
0.03409372,0.6810201,3.217256,0.03171263,0.4765145,3.261683,-0.1624345,0.3610068,3.272171,0.2087243,0.349327,3.246447,-0.2954129,0.1236179,3.278418,0.3462618,0.1107272,3.212094,-0.4348401,-0.06194187,3.189357,0.4665114,-0.03348984,3.042046,0.02701195,0.08691586,3.298707,0.02600229,0.008929573,3.308717,-0.06136333,-0.07195864,3.31437,0.1113322,-0.07687535,3.314613,-0.0347542,-0.5665534,3.338192,0.1335269,-0.5750431,3.314646,0.03937726,-0.9588201,3.369369,0.137278,-0.9642777,3.352654
0.02720792,0.730606,3.208949,0.02063893,0.5354329,3.241857,-0.178283,0.4169399,3.259567,0.1999461,0.4016837,3.234529,-0.2899915,0.1478963,3.271441,0.3295511,0.1488708,3.208725,-0.4091645,-0.05193524,3.184148,0.4565036,-0.03021367,3.088138,0.01465145,0.1490976,3.297595,0.01339212,0.07172815,3.311449,-0.07661291,-0.01229069,3.323882,0.100753,-0.01344242,3.319067,-0.03641176,-0.5003442,3.303704,0.1132949,-0.4861335,3.281359,0.03599635,-0.9088346,3.366205,0.1460176,-0.8754092,3.37734
0.02096945,0.7619097,3.192765,0.01190994,0.5689554,3.230955,-0.1847537,0.4424812,3.256507,0.1957258,0.4244585,3.228575,-0.2857593,0.1667911,3.269132,0.3212788,0.1710484,3.226746,-0.3928413,-0.04877938,3.216024,0.4460775,-0.02623644,3.141958,0.009207298,0.1951107,3.301584,0.008664286,0.1210958,3.319067,-0.08282193,0.03787903,3.335078,0.09950577,0.03491178,3.331171,-0.0540276,-0.379778,3.231402,0.09021238,-0.3946134,3.242556,0.02638143,-0.7766633,3.380568,0.1209949,-0.7694485,3.414417
0.01409063,0.7742258,3.183707,0.008487452,0.5790178,3.22795,-0.1876152,0.4570081,3.252864,0.187555,0.442493,3.226428,-0.2820294,0.1835261,3.274236,0.3168846,0.1793901,3.23991,-0.3922588,-0.03384262,3.2545,0.4540309,-0.01778814,3.183596,0.006674297,0.208165,3.303471,0.006352421,0.1341154,3.32179,-0.08438562,0.05353495,3.33836,0.09625323,0.05047462,3.335875,-0.1081708,-0.3207141,3.176147,0.05432472,-0.3262512,3.184394,0.01846424,-0.5564607,3.345074,0.09142933,-0.5605798,3.400248
0.01015159,0.7771198,3.168614,0.001845067,0.5861439,3.222735,-0.1915345,0.4670417,3.250479,0.18576,0.446945,3.227534,-0.2822926,0.2006378,3.27678,0.3113552,0.1930977,3.264373,-0.3966602,-0.01464652,3.262733,0.4565043,-0.0006171018,3.220865,0.001756052,0.2239756,3.306121,0.001692154,0.1525706,3.326485,-0.08904312,0.07218874,3.346054,0.09319135,0.0675083,3.342,-0.1352798,-0.2632519,3.11328,0.05122651,-0.2819421,3.131491,-0.0007474199,-0.4780844,3.313093,0.09917623,-0.4732985,3.458439
0.005901038,0.7789646,3.160621,-0.001858322,0.587104,3.218849,-0.194933,0.4700446,3.245432,0.1838955,0.450497,3.227082,-0.2883634,0.2183488,3.282537,0.3011131,0.1985788,3.28034,-0.4233499,0.01640336,3.28842,0.467726,0.02217825,3.242325,-0.002247608,0.2283142,3.305875,-0.002483589,0.1573632,3.326822,-0.09346609,0.07449237,3.347643,0.0885302,0.07561775,3.342857,-0.1214356,-0.2529364,3.100426,0.0961916,-0.2428275,3.082011,0.007511411,-0.4788991,3.297648,0.08053722,-0.3943539,3.48729
0.001180439,0.7787956,3.156023,-0.01123997,0.5823008,3.211884,-0.2015787,0.4671904,3.236225,0.1821604,0.4526015,3.228032,-0.2943901,0.2237503,3.287126,0.2932709,0.1978091,3.28799,-0.452012,0.04034606,3.303125,0.486242,0.05121024,3.247088,-0.0085268,0.2295642,3.305352,-0.008629441,0.15922,3.327055,-0.102382,0.07435965,3.349133,0.08447,0.07790752,3.344295,-0.1278442,-0.2407069,3.085124,0.08145405,-0.2472568,3.092252,0.0003560914,-0.4715041,3.284799,0.07620931,-0.3972056,3.484881
-0.004999442,0.7748473,3.153015,-0.02368716,0.576068,3.20684,-0.2076826,0.4624549,3.227479,0.1765109,0.4495587,3.224388,-0.3134522,0.2236684,3.295118,0.2872539,0.1956371,3.295106,-0.4737154,0.04106428,3.300262,0.4913066,0.06628126,3.248101,-0.01694967,0.2284417,3.304871,-0.0160918,0.1587223,3.327302,-0.1094497,0.07540635,3.349819,0.07837886,0.07603627,3.345948,-0.1297293,-0.2525638,3.102927,0.07278617,-0.2591946,3.108809,-0.02732456,-0.4741616,3.396084,0.03847159,-0.4844367,3.405526
-0.0216495,0.7626895,3.142255,-0.02867216,0.5713533,3.203295,-0.2164007,0.4569119,3.223518,0.1672357,0.4459226,3.218305,-0.3198956,0.2185049,3.296041,0.278917,0.2029613,3.295677,-0.5061768,0.06282209,3.30329,0.4874243,0.08672397,3.231768,-0.02433388,0.2222576,3.302216,-0.02366245,0.1523713,3.325083,-0.1163845,0.06943379,3.347975,0.070278,0.06884146,3.34455,-0.1520438,-0.2720836,3.123976,0.07256424,-0.2849185,3.138635,-0.08712921,-0.5623054,3.320507,0.02667414,-0.5857576,3.35767
-0.0341055,0.7568021,3.141219,-0.03573742,0.5608507,3.200678,-0.227017,0.4474573,3.219727,0.1598903,0.4398811,3.217088,-0.339007,0.2067839,3.289258,0.275851,0.1997164,3.293816,-0.5436608,0.0745074,3.280465,0.4761193,0.10437,3.178126,-0.03305368,0.2015333,3.295652,-0.0325411,0.1291457,3.317629,-0.1258559,0.04117253,3.33646,0.06228819,0.04653016,3.338567,-0.146154,-0.3327815,3.162655,0.05815297,-0.3542567,3.183753,-0.1230373,-0.737279,3.295965,0.00999594,-0.7500874,3.313585
-0.04745584,0.7355372,3.143794,-0.0496758,0.5422945,3.203321,-0.2388567,0.4184721,3.217283,0.1528698,0.4243411,3.222253,-0.3793145,0.1718117,3.285989,0.2739055,0.1884829,3.286881,-0.5900676,0.05936621,3.222825,0.4701929,0.09301423,3.163754,-0.04105865,0.1680979,3.285672,-0.03901253,0.092051,3.304529,-0.1289889,0.001628786,3.316961,0.05640169,0.006685585,3.323791,-0.1383558,-0.4415301,3.181024,0.0371846,-0.4575523,3.204917,-0.1637021,-0.8190005,3.26718,-0.01791268,-0.8439108,3.27277
-0.05829105,0.7115909,3.15652,-0.05660503,0.5101355,3.214426,-0.2478095,0.3863923,3.219588,0.139934,0.389832,3.230066,-0.3912407,0.1567336,3.27113,0.258682,0.146258,3.262332,-0.5927463,0.03986469,3.184759,0.4521434,0.05410003,3.124253,-0.04779146,0.1215446,3.277829,-0.04593847,0.04371952,3.293108,-0.13349,-0.0477595,3.299706,0.04657757,-0.03612097,3.310377,-0.1254675,-0.541835,3.201546,0.02833767,-0.5474951,3.224006,-0.1792708,-0.9314308,3.271157,-0.05219037,-0.9529707,3.249704
-0.07249703,0.663562,3.177717,-0.06866308,0.4597382,3.220447,-0.260304,0.3245116,3.229211,0.1334834,0.3329011,3.252097,-0.4038671,0.1145199,3.258666,0.2545711,0.09650309,3.2531,-0.6108212,0.009012364,3.170366,0.4346726,0.006691925,3.101049,-0.05278293,0.07496353,3.259556,-0.04959049,-0.002011918,3.270675,-0.1388274,-0.09688879,3.272609,0.04695118,-0.08398435,3.282382,-0.1197596,-0.5481008,3.203287,0.02713464,-0.5436908,3.227345,-0.1750575,-0.9355283,3.268041,-0.04646664,-0.9418745,3.247112
-0.07045601,0.5990406,3.206663,-0.0720583,0.3949362,3.244527,-0.2632476,0.2630376,3.235201,0.1227811,0.27029,3.26088,-0.436733,0.04741085,3.233046,0.2540747,0.0285415,3.263015,-0.639444,-0.05658077,3.131963,0.4382755,-0.05725065,3.080055,-0.06040998,0.01535297,3.255418,-0.05806381,-0.06056414,3.260921,-0.1479025,-0.1452687,3.254337,0.0371289,-0.1501241,3.268186,-0.1137113,-0.5732212,3.204309,0.01685695,-0.5985491,3.224495,-0.163701,-0.9805788,3.293891,-0.04780478,-0.9701241,3.29899
-0.07805641,0.553742,3.228872,-0.07359096,0.3439224,3.250445,-0.2629597,0.2024204,3.230174,0.1211296,0.214234,3.271686,-0.4340336,-0.01115029,3.244022,0.2502597,-0.04291153,3.243462,-0.6342742,-0.09977739,3.122507,0.4387659,-0.1047926,3.087373,-0.06446543,-0.04395229,3.251268,-0.06246727,-0.1214826,3.253392,-0.150438,-0.2126286,3.23959,0.02966793,-0.2045761,3.262825,-0.1389529,-0.6169415,3.191967,0.01358332,-0.6048257,3.213554,-0.1632,-0.9809609,3.294434,-0.04950563,-0.9693584,3.294569
-0.07577313,0.5446528,3.238666,-0.0731972,0.3366737,3.250247,-0.2610562,0.1957283,3.227019,0.1191779,0.2023108,3.269006,-0.4324211,-0.01478941,3.238902,0.2442408,-0.04902745,3.249382,-0.6276466,-0.1071758,3.111492,0.4329027,-0.109854,3.09307,-0.06445044,-0.05407954,3.252988,-0.06241762,-0.1322344,3.254456,-0.1497616,-0.2207521,3.24122,0.02881437,-0.2144198,3.263602,-0.1414727,-0.6207309,3.187802,0.01831392,-0.6137401,3.204372,-0.15924,-0.9794362,3.289119,-0.04840755,-0.956654,3.258115
-0.07653303,0.547176,3.238769,-0.07412101,0.3411083,3.249287,-0.2608092,0.1974305,3.225745,0.118092,0.2071446,3.262202,-0.4355799,-0.0113247,3.23121,0.2440448,-0.04167835,3.248426,-0.6308454,-0.1107583,3.110075,0.4316601,-0.1151251,3.096814,-0.06604978,-0.05151283,3.251777,-0.06412289,-0.1298538,3.251965,-0.1512598,-0.2186794,3.239919,0.02614768,-0.2109277,3.258317,-0.1453659,-0.6187375,3.187839,0.02045961,-0.6105549,3.201862,-0.1591354,-0.9795842,3.289675,-0.04014767,-0.9353533,3.252493
-0.07517435,0.5988142,3.225554,-0.08177124,0.3958136,3.240638,-0.2671299,0.2632284,3.224552,0.1135464,0.2621814,3.243464,-0.437838,0.04889575,3.210972,0.2618482,0.02651797,3.25386,-0.6086264,-0.1056252,3.116931,0.4277711,-0.1160972,3.109052,-0.07182283,0.002485922,3.238625,-0.0695453,-0.07593641,3.236014,-0.1575429,-0.1633398,3.225691,0.02289945,-0.1601291,3.239339,-0.1510249,-0.6010827,3.212603,0.01570009,-0.5972224,3.218506,-0.1588988,-0.9808438,3.298509,-0.06864818,-0.982757,3.305076
-0.07769121,0.6628212,3.193285,-0.07997213,0.4646637,3.229621,-0.2643377,0.3257291,3.217868,0.1189298,0.324762,3.229936,-0.4344618,0.07746609,3.206503,0.2609387,0.06924254,3.250937,-0.5890113,-0.09956399,3.127539,0.4112559,-0.09709436,3.140913,-0.07280318,0.06647734,3.23815,-0.07117928,-0.01307013,3.237397,-0.1599975,-0.1015908,3.231619,0.02081663,-0.09719928,3.240704,-0.1537038,-0.5829839,3.237984,0.00169612,-0.5636625,3.249695,-0.1589033,-0.9807639,3.299806,-0.06828545,-0.9812735,3.304532
-0.07600585,0.7097404,3.173658,-0.07344758,0.515259,3.213,-0.2596852,0.3879107,3.20684,0.1207804,0.3807855,3.205619,-0.4033501,0.1291333,3.198829,0.254481,0.115859,3.243139,-0.5462677,-0.06658347,3.158739,0.3932152,-0.08260302,3.184205,-0.07358333,0.1196498,3.243716,-0.07363226,0.04029508,3.248006,-0.1634902,-0.04607051,3.250572,0.01615912,-0.04443396,3.252784,-0.160888,-0.5453929,3.228999,-0.0007630789,-0.5462107,3.236982,-0.1580542,-0.9486948,3.295381,-0.06090736,-0.9594665,3.295973
-0.06788021,0.7452732,3.151753,-0.06600187,0.5487473,3.190811,-0.2617776,0.4195008,3.196158,0.1168534,0.4076263,3.188976,-0.3843389,0.172772,3.201511,0.2483479,0.1356228,3.242168,-0.5101918,-0.03495413,3.206872,0.3765085,-0.07154584,3.234196,-0.07019168,0.1596278,3.244037,-0.0710189,0.08303635,3.253557,-0.1625443,0.00316951,3.261725,0.01866315,-0.003199921,3.263827,-0.1700989,-0.4418905,3.178335,-0.002794858,-0.4520835,3.186605,-0.1468887,-0.8379912,3.313923,-0.04625243,-0.833039,3.316632
-0.06231057,0.7508379,3.134428,-0.06215579,0.5532708,3.184373,-0.2619766,0.4351982,3.192182,0.1188531,0.4148628,3.186195,-0.3776143,0.1776788,3.210522,0.2434348,0.1487653,3.246835,-0.5018108,-0.03062838,3.220026,0.3789263,-0.05338565,3.245462,-0.06996137,0.1827535,3.244366,-0.07216053,0.1103963,3.256697,-0.1684795,0.03025724,3.268817,0.0189936,0.01915024,3.268547,-0.1723806,-0.3496457,3.123254,5.937368E-05,-0.3655509,3.139321,-0.120578,-0.7207991,3.356383,-0.02442494,-0.7055844,3.360274
-0.05937218,0.7571577,3.123839,-0.06101807,0.5562404,3.179041,-0.2610186,0.4423881,3.191848,0.1222991,0.4247717,3.183769,-0.3717361,0.1939611,3.227513,0.2316721,0.1619033,3.261436,-0.502166,-0.00868924,3.24929,0.3838134,-0.02721253,3.26899,-0.06840157,0.1981308,3.244764,-0.07024609,0.1276174,3.258807,-0.1669874,0.04404379,3.27312,0.02228277,0.04173392,3.272726,-0.1557404,-0.3056282,3.061159,-0.009190818,-0.3195052,3.085315,-0.09065744,-0.5294501,3.359576,-0.0154252,-0.5331839,3.383851
-0.05638922,0.7457444,3.08366,-0.053634,0.5524631,3.163093,-0.2566643,0.4449305,3.187774,0.1240412,0.429132,3.179987,-0.3631747,0.2039489,3.256955,0.2229981,0.1681895,3.267776,-0.5198019,0.02280714,3.287772,0.4079439,0.01589878,3.298006,-0.06787218,0.2001945,3.244208,-0.07002036,0.1302731,3.25948,-0.1669398,0.04784698,3.275193,0.02151384,0.04655075,3.275589,-0.1683839,-0.2995386,3.05917,0.006228623,-0.2912596,3.044424,-0.08043843,-0.4221333,3.39115,-0.01274703,-0.4430088,3.428825
-0.05122455,0.7339269,3.069854,-0.05139248,0.5433846,3.14621,-0.2505763,0.4407582,3.177235,0.1256791,0.4280924,3.176838,-0.3609984,0.2054618,3.276398,0.2216225,0.1789531,3.281424,-0.5523317,0.06523567,3.317852,0.4321605,0.06543764,3.313748,-0.06798228,0.2002248,3.243577,-0.07017019,0.1303556,3.25958,-0.1672928,0.0483422,3.275457,0.0199886,0.04705593,3.279704,-0.1680323,-0.247214,2.989004,-0.001297526,-0.2844144,3.039421,-0.08376969,-0.4094303,3.389492,-0.01597265,-0.4409372,3.427833
-0.04858246,0.7246057,3.058531,-0.05219109,0.5341031,3.131372,-0.2422446,0.4317655,3.159526,0.1283404,0.4217578,3.170088,-0.3862481,0.2075888,3.29275,0.2248792,0.1797761,3.281937,-0.6059059,0.1207873,3.338526,0.4540732,0.1017574,3.295837,-0.06837511,0.1985292,3.242656,-0.07070249,0.1290396,3.260502,-0.1675012,0.04822709,3.276,0.017884,0.0441304,3.288177,-0.1638372,-0.2840449,3.036302,0.004832865,-0.2840349,3.042873,-0.08624642,-0.4324155,3.381712,-0.01250657,-0.4818907,3.372401
-0.04073936,0.7053108,3.042755,-0.05357578,0.5217035,3.116129,-0.2396073,0.4201566,3.14783,0.1329332,0.4115199,3.163957,-0.4211649,0.2260096,3.29179,0.2285496,0.1787238,3.280406,-0.6522553,0.1694697,3.330525,0.4667127,0.1307023,3.245428,-0.06859375,0.1910523,3.241415,-0.07108574,0.1223463,3.263178,-0.1675248,0.04282917,3.281876,0.01765101,0.03807367,3.293766,-0.1896332,-0.2976617,3.056338,0.03095987,-0.3092037,3.078818,-0.1048126,-0.6065452,3.271423,0.003520826,-0.5677673,3.313139
-0.0398809,0.6952379,3.034256,-0.0511763,0.5048175,3.103993,-0.2390039,0.4099418,3.142502,0.1351392,0.3962156,3.154327,-0.4286866,0.2285493,3.289529,0.2384344,0.1720954,3.267408,-0.6698413,0.2029558,3.300324,0.481189,0.1337314,3.199861,-0.06518253,0.1632283,3.236735,-0.06792345,0.09430815,3.263956,-0.1624852,0.0162347,3.288149,0.0195394,0.01555352,3.295824,-0.1838103,-0.3462096,3.103328,0.03994185,-0.3481814,3.113663,-0.1159862,-0.7228943,3.217015,0.03842449,-0.7249442,3.273502
-0.03840122,0.6784986,3.028851,-0.04677985,0.4776983,3.098095,-0.2385627,0.3883136,3.136239,0.1385318,0.3668392,3.150512,-0.4347699,0.2251594,3.278573,0.2491949,0.1554606,3.238068,-0.6697943,0.1894241,3.209752,0.4733567,0.1089923,3.139534,-0.06180383,0.1195044,3.224432,-0.06488075,0.04672695,3.251014,-0.1578961,-0.02984946,3.273986,0.02061206,-0.03817645,3.2818,-0.1747997,-0.4519947,3.123163,0.03800337,-0.4538194,3.137197,-0.1303844,-0.8401049,3.163223,0.04791313,-0.8411834,3.232242
-0.03474589,0.6578397,3.030671,-0.0484274,0.4530973,3.099031,-0.2381764,0.3507752,3.138042,0.141372,0.33124,3.149357,-0.4471298,0.1843668,3.227535,0.248193,0.1121822,3.206875,-0.6859608,0.1694805,3.166223,0.4652072,0.0570027,3.093073,-0.062937,0.08469576,3.215385,-0.06578653,0.01039939,3.240013,-0.1585017,-0.07253147,3.258694,0.02039293,-0.07573119,3.267338,-0.1668869,-0.5515327,3.149648,0.03718925,-0.5382228,3.153633,-0.1356113,-0.9625071,3.154414,0.03419276,-0.9332416,3.182079
-0.03329095,0.5922173,3.029374,-0.03943562,0.3994716,3.1074,-0.240033,0.293475,3.139337,0.1463766,0.2757596,3.149981,-0.4341909,0.1254438,3.200464,0.264528,0.05090177,3.182567,-0.6678985,0.1138761,3.117511,0.4694045,-0.004684296,3.048134,-0.05999757,0.02922961,3.202723,-0.0640817,-0.0452002,3.223692,-0.1591029,-0.1273321,3.239484,0.02154074,-0.132644,3.246686,-0.1584043,-0.5667552,3.164673,0.02415649,-0.5820602,3.170258,-0.1390526,-0.960417,3.165041,0.02698799,-0.9363365,3.174093
-0.02793357,0.5441374,3.054703,-0.04153896,0.3454277,3.110245,-0.2373197,0.2321353,3.138597,0.1466675,0.2189965,3.156422,-0.433436,0.05122634,3.186959,0.2311711,-0.04757116,3.188223,-0.6586478,0.0232977,3.083363,0.4348882,-0.07109211,3.030201,-0.05878494,-0.02873196,3.189644,-0.06217378,-0.1038442,3.207583,-0.1560921,-0.1861849,3.22106,0.02394077,-0.1914122,3.225402,-0.1538864,-0.5898592,3.162484,0.01272338,-0.5940126,3.161547,-0.1210253,-0.9827676,3.216532,-0.004873924,-0.9752958,3.215454
-0.02961446,0.5016007,3.075839,-0.04660366,0.2962983,3.126911,-0.2355275,0.1767351,3.139663,0.1424261,0.167957,3.163638,-0.4208272,-0.02091219,3.179898,0.2221396,-0.09109227,3.164942,-0.636079,-0.06399533,3.059365,0.4326283,-0.1315616,3.010244,-0.05758877,-0.07898848,3.187293,-0.05970345,-0.1542303,3.20157,-0.1496574,-0.2366957,3.209692,0.0253447,-0.2403824,3.215947,-0.1382682,-0.6300588,3.119479,0.01500307,-0.6352071,3.133611,-0.1160278,-0.9822375,3.210677,-0.006368,-0.9775003,3.215044
-0.03409616,0.4902772,3.095375,-0.04818138,0.2830394,3.136782,-0.2375757,0.1707162,3.145334,0.139181,0.1617288,3.163299,-0.4119944,-0.04643726,3.183752,0.2230695,-0.0978186,3.163265,-0.6113341,-0.1226016,3.051389,0.4279153,-0.1536371,3.008035,-0.05899486,-0.09026783,3.187946,-0.06116359,-0.1655799,3.200849,-0.1514449,-0.2466876,3.206213,0.02415643,-0.2532785,3.214638,-0.1484695,-0.6364561,3.099282,0.02253405,-0.6421729,3.10406,-0.09758952,-0.9801919,3.184944,-0.01219201,-0.9835834,3.209323
-0.03466723,0.4982601,3.112623,-0.04848495,0.2863793,3.142624,-0.2372077,0.1711855,3.145589,0.1395834,0.1614091,3.164496,-0.4055004,-0.04070493,3.183132,0.2237918,-0.09263165,3.161591,-0.5860864,-0.1592739,3.055728,0.4205669,-0.1643099,3.009842,-0.05911217,-0.08970992,3.187598,-0.06132663,-0.1648139,3.199887,-0.1513168,-0.2454765,3.203251,0.02361113,-0.2523228,3.212628,-0.1563852,-0.6365308,3.102683,0.02242906,-0.6416026,3.104223,-0.0990953,-0.9807242,3.184268,-0.01221448,-0.9839134,3.205376
-0.03125525,0.5455674,3.132507,-0.05370075,0.3484674,3.168154,-0.2355729,0.2249365,3.147012,0.1397197,0.2159432,3.169884,-0.4123222,-0.009131544,3.179982,0.2473482,-0.01696424,3.16666,-0.5694078,-0.166379,3.065455,0.416522,-0.1654805,3.021888,-0.06009586,-0.03870488,3.182104,-0.06131393,-0.1161505,3.187454,-0.1508031,-0.198353,3.179442,0.02539394,-0.2036836,3.197189,-0.1562984,-0.6102707,3.132365,0.02282226,-0.6141195,3.125861,-0.1031752,-0.9797269,3.187355,-0.01067465,-0.9857018,3.211516
-0.03591652,0.6181479,3.129965,-0.05236512,0.4194595,3.175032,-0.2419107,0.3032568,3.154474,0.1410679,0.2823448,3.170435,-0.4039804,0.05059689,3.177443,0.2523864,0.0333238,3.165933,-0.5357012,-0.1494624,3.117924,0.405398,-0.1514424,3.074315,-0.06423963,0.03097997,3.181643,-0.06655349,-0.04670369,3.185083,-0.1593106,-0.1300341,3.176676,0.02093388,-0.1365127,3.191804,-0.1552541,-0.591247,3.189129,0.02673551,-0.6032763,3.188522,-0.1088053,-0.9792192,3.204255,-0.006979863,-0.9903852,3.233776
-0.04302025,0.6883503,3.127217,-0.05634073,0.4943036,3.174969,-0.2454659,0.3709842,3.14507,0.1329236,0.353909,3.167202,-0.3846951,0.113404,3.166713,0.2455595,0.09184839,3.164614,-0.49692,-0.1029302,3.150454,0.3740482,-0.1127298,3.117838,-0.06604663,0.09651721,3.186183,-0.06791183,0.01695501,3.190689,-0.1579527,-0.0659936,3.182464,0.01797887,-0.07130357,3.199321,-0.1524651,-0.5739124,3.200146,0.03682006,-0.5742947,3.2039,-0.1186263,-0.9603124,3.203976,0.01307836,-0.943737,3.223825
-0.04831377,0.7394282,3.123591,-0.0584496,0.5434681,3.164505,-0.2544877,0.4220062,3.14605,0.1315885,0.4049038,3.163609,-0.3739485,0.1436824,3.164147,0.2379494,0.1314351,3.176053,-0.4826488,-0.07400683,3.163955,0.3683724,-0.07447739,3.160245,-0.06894584,0.1530904,3.192669,-0.07099424,0.07495945,3.200695,-0.1634043,-0.01017709,3.197682,0.01675087,-0.01412882,3.211742,-0.1575887,-0.4942792,3.162291,0.03226069,-0.4805699,3.165898,-0.1226397,-0.8962589,3.217974,0.03177189,-0.8544664,3.255932
-0.05212609,0.7643579,3.124016,-0.05952299,0.5672587,3.15953,-0.2577177,0.4497499,3.146406,0.1217534,0.4354959,3.157468,-0.3656159,0.1686247,3.172539,0.2406089,0.151917,3.196747,-0.4714057,-0.0502803,3.175954,0.3751004,-0.04569279,3.230093,-0.07513199,0.1933111,3.196944,-0.07855897,0.119357,3.207595,-0.1743673,0.03559769,3.206946,0.009693759,0.03614651,3.22213,-0.1604351,-0.3872891,3.114676,0.03473129,-0.3786533,3.126626,-0.1072149,-0.78279,3.262182,0.02671939,-0.7408314,3.314975
-0.05775533,0.7904966,3.124658,-0.06595807,0.591449,3.160772,-0.2617136,0.4624958,3.149384,0.1227987,0.4510137,3.159167,-0.3588844,0.2029539,3.187521,0.2293814,0.2040289,3.224853,-0.4720187,-0.01296167,3.176724,0.3625491,0.001715258,3.237998,-0.07806421,0.2198716,3.202119,-0.08046602,0.1451013,3.21308,-0.1761994,0.05827961,3.213537,0.009722643,0.05471866,3.226459,-0.1684416,-0.3166479,3.058861,0.009661064,-0.3213716,3.074716,-0.08713017,-0.5528517,3.275798,0.01390979,-0.5702266,3.340577
-0.06226847,0.8035812,3.120654,-0.07516249,0.6019515,3.162445,-0.2656385,0.4743823,3.150134,0.1205865,0.4632093,3.160249,-0.3567867,0.2138516,3.193111,0.2281707,0.2124034,3.233094,-0.4840856,0.006317437,3.191143,0.39295,0.04129212,3.273315,-0.08234654,0.235645,3.208424,-0.08372631,0.1628657,3.22074,-0.1787807,0.07685672,3.222929,0.008470034,0.07616074,3.23662,-0.17082,-0.2731269,3.014544,0.009841483,-0.2870796,3.05421,-0.09012485,-0.4863063,3.252346,-0.003044817,-0.4670136,3.398868
-0.06604603,0.8083674,3.123816,-0.0810447,0.6049863,3.162913,-0.2678734,0.4790957,3.150966,0.1181942,0.4690341,3.162973,-0.3641616,0.2291248,3.208165,0.2256063,0.2232806,3.241163,-0.5251287,0.04647657,3.206318,0.4140311,0.07555579,3.27248,-0.08380941,0.2394788,3.211119,-0.08448908,0.1668419,3.223911,-0.1787442,0.07992949,3.225874,0.008490553,0.08112787,3.241209,-0.1809741,-0.2551045,2.992466,0.08331641,-0.2711545,3.052166,-0.09829913,-0.4714782,3.234951,-0.01584775,-0.4206163,3.448631
-0.07776028,0.8140092,3.123552,-0.08291838,0.6073432,3.164251,-0.2720523,0.4807805,3.152366,0.1115707,0.4768502,3.166266,-0.3742062,0.237836,3.213543,0.2264621,0.2372173,3.256428,-0.5541456,0.07459937,3.219133,0.4412379,0.1242908,3.265303,-0.08495302,0.2419746,3.212501,-0.08540695,0.1691245,3.225224,-0.1791666,0.0813663,3.226572,0.007389653,0.08391745,3.242933,-0.1774063,-0.2530731,2.99221,0.006700203,-0.2691857,3.040004,-0.09550717,-0.4689263,3.235302,-0.04574657,-0.4001549,3.444374
-0.08516012,0.8176193,3.125948,-0.08520978,0.6071137,3.165225,-0.2752403,0.4817258,3.151093,0.1073379,0.4810557,3.168258,-0.4260641,0.2334021,3.22679,0.2286965,0.2391596,3.258023,-0.6217926,0.08852752,3.22434,0.4484071,0.1346303,3.259138,-0.08635559,0.2424966,3.213372,-0.08663721,0.1697165,3.2261,-0.179675,0.08167341,3.226938,0.005626755,0.08483205,3.244301,-0.19182,-0.2579797,3.001497,0.01851647,-0.2749977,3.055562,-0.1542502,-0.4561471,3.382732,-0.05065473,-0.476381,3.416408
-0.08953944,0.8134834,3.129921,-0.0914464,0.6046653,3.16868,-0.2794233,0.479935,3.150188,0.1051976,0.4799004,3.171126,-0.4289311,0.2349181,3.225795,0.2306969,0.2413902,3.257819,-0.6298903,0.09688224,3.207016,0.458544,0.1554718,3.2306,-0.08856528,0.2409677,3.214558,-0.08828314,0.1683196,3.227003,-0.1803862,0.08041516,3.226845,0.003690247,0.08263312,3.246013,-0.2122416,-0.2781104,3.038289,0.02453896,-0.2944389,3.100262,-0.1742266,-0.5299504,3.319285,-0.03614686,-0.5695441,3.397637
-0.1001232,0.7981972,3.135166,-0.09947096,0.5957834,3.173896,-0.2903904,0.4670352,3.154559,0.1001192,0.4743152,3.176969,-0.4464561,0.2308646,3.214555,0.2319197,0.2413019,3.25445,-0.6525658,0.1045239,3.168082,0.4559656,0.1544844,3.198321,-0.0940121,0.2270268,3.214951,-0.09312762,0.1527732,3.226235,-0.1846742,0.06188301,3.223112,0.000305435,0.06619509,3.244413,-0.2110558,-0.3544528,3.092821,0.01868878,-0.3562097,3.144076,-0.2386832,-0.712472,3.298823,-0.04226364,-0.7211494,3.384854
-0.1116888,0.7819734,3.142416,-0.111144,0.5772799,3.183619,-0.2970749,0.4481462,3.160087,0.08853921,0.445453,3.187422,-0.4577068,0.2169052,3.210042,0.2374671,0.221193,3.244154,-0.6575829,0.08746698,3.142967,0.4565828,0.1398678,3.160042,-0.1005853,0.1893431,3.211955,-0.0981571,0.1100602,3.219826,-0.1847955,0.02006067,3.208718,-0.005074099,0.02322941,3.237795,-0.2053045,-0.4406325,3.107451,0.01154034,-0.4475142,3.174134,-0.2500202,-0.8175052,3.268326,-0.07034546,-0.8327937,3.356713
-0.1247955,0.7307434,3.157288,-0.1210774,0.5312696,3.196254,-0.3039503,0.3877417,3.165316,0.08225743,0.3978333,3.200737,-0.4817727,0.1570082,3.201501,0.2381322,0.170089,3.240142,-0.6774895,0.02834672,3.119058,0.4565441,0.1093324,3.135736,-0.1031274,0.1330244,3.211433,-0.09947434,0.05348989,3.217591,-0.1845109,-0.03838965,3.203633,-0.006413593,-0.03083121,3.233986,-0.2033535,-0.5396293,3.138451,0.002396871,-0.5296366,3.207627,-0.2804134,-0.9350941,3.221137,-0.08207405,-0.9305593,3.310233
-0.1291523,0.6778083,3.174765,-0.1205296,0.4815911,3.20139,-0.3014838,0.3358277,3.170214,0.08070802,0.3441647,3.219368,-0.4806657,0.1175742,3.19456,0.2300755,0.1264814,3.237331,-0.6692356,-0.02176856,3.113036,0.4388612,0.05856648,3.116675,-0.1002303,0.08210271,3.204848,-0.09599863,0.00224217,3.207761,-0.1802201,-0.0886263,3.187833,-0.002796718,-0.08236365,3.224684,-0.1851888,-0.549098,3.154091,-0.001006196,-0.5552722,3.215563,-0.2695943,-0.9293556,3.208449,-0.08855378,-0.9556634,3.303355
-0.1302291,0.6143237,3.193211,-0.1250876,0.4169298,3.20785,-0.3083893,0.264829,3.174442,0.07870837,0.2761651,3.232717,-0.4900218,0.03767231,3.193409,0.2242083,0.05350496,3.232583,-0.6823514,-0.08450717,3.092036,0.4287203,0.003400739,3.095058,-0.1072058,0.01936294,3.199925,-0.1030159,-0.05990896,3.19778,-0.1894189,-0.1521347,3.172831,-0.008365587,-0.1458564,3.213522,-0.1716155,-0.5833349,3.166988,-0.009337706,-0.60524,3.214399,-0.2135613,-0.9373884,3.233209,-0.08863916,-0.9573646,3.30168
-0.1243329,0.5692973,3.211398,-0.1285716,0.3644106,3.216063,-0.3079241,0.2195145,3.175116,0.07035508,0.2269491,3.240403,-0.4893329,-0.01407943,3.20199,0.2238409,0.01355729,3.237783,-0.6808282,-0.1273783,3.087707,0.4131556,-0.0584162,3.087456,-0.1054766,-0.02272517,3.208266,-0.0998251,-0.09930902,3.203312,-0.1821679,-0.1921184,3.176222,-0.006901708,-0.179934,3.220077,-0.1711027,-0.5916885,3.165748,-0.008790614,-0.6044884,3.214265,-0.242336,-0.9787607,3.265662,-0.09256642,-0.9666383,3.29394
-0.1246178,0.5676315,3.210473,-0.1284967,0.363267,3.21443,-0.3072289,0.219272,3.174672,0.06967552,0.2252971,3.236312,-0.4878636,-0.01459689,3.201924,0.2232721,0.01060419,3.23751,-0.6704171,-0.1429473,3.089132,0.4060396,-0.07534336,3.080557,-0.1063512,-0.02629353,3.21084,-0.1006916,-0.1040119,3.204928,-0.1826038,-0.1951623,3.178612,-0.008846864,-0.1862315,3.222646,-0.1723414,-0.5953552,3.164345,-0.009018998,-0.6045359,3.213966,-0.2425946,-0.9782304,3.265483,-0.1015087,-0.9719542,3.294569
-0.1265923,0.5785413,3.199976,-0.1261895,0.3780113,3.206553,-0.3057087,0.2394072,3.169437,0.07446562,0.2534534,3.220776,-0.4803514,0.005592498,3.195852,0.2290385,0.0220648,3.23551,-0.6558962,-0.141004,3.096768,0.4065956,-0.08115009,3.080528,-0.1063378,-0.01550119,3.211563,-0.1010669,-0.09338841,3.20596,-0.183917,-0.1829073,3.184178,-0.009065213,-0.1767575,3.222337,-0.1787566,-0.5955152,3.177197,-0.009390784,-0.6043082,3.221938,-0.231985,-0.9712925,3.267971,-0.1016899,-0.9893529,3.324983
-0.1409243,0.6317655,3.171028,-0.120431,0.4484501,3.192128,-0.3035728,0.3073089,3.163069,0.07851516,0.3203263,3.199624,-0.4627028,0.06098711,3.186773,0.2429041,0.08257098,3.227142,-0.6167831,-0.115426,3.104418,0.3965647,-0.08293083,3.120621,-0.1038728,0.05260812,3.208328,-0.09968721,-0.02650814,3.205978,-0.184541,-0.1160104,3.190734,-0.007219626,-0.1113353,3.220956,-0.1995167,-0.5739291,3.225436,-0.01896555,-0.5706672,3.274137,-0.2492421,-0.959511,3.272257,-0.08892334,-0.9708685,3.324573
-0.1257966,0.6967593,3.141439,-0.1139334,0.5005855,3.177993,-0.2968972,0.3696126,3.152143,0.08307227,0.3777151,3.177305,-0.4447124,0.1071139,3.168881,0.2385886,0.1148519,3.218201,-0.57866,-0.09282937,3.114847,0.3820617,-0.07188256,3.140207,-0.102409,0.1118066,3.21384,-0.09954935,0.03364829,3.216325,-0.1846538,-0.05431181,3.209267,-0.009140237,-0.05059233,3.232145,-0.1976492,-0.562664,3.22501,-0.0233392,-0.5628093,3.277462,-0.2476083,-0.9514568,3.272858,-0.0876022,-0.9666367,3.323472
-0.1122403,0.7311884,3.108328,-0.1055129,0.53299,3.158307,-0.2936662,0.3973567,3.141435,0.08975494,0.4170407,3.163336,-0.4166475,0.1508484,3.163888,0.2363059,0.1421283,3.21499,-0.5300313,-0.06456044,3.164566,0.3777759,-0.05652229,3.19671,-0.0992068,0.1557599,3.214693,-0.09748912,0.08134148,3.222682,-0.185894,-0.008532687,3.223461,-0.006358162,-0.0001565665,3.241736,-0.1883007,-0.5149557,3.184812,-0.02465726,-0.5025761,3.232709,-0.2204376,-0.9128247,3.297823,-0.07984383,-0.9091386,3.325694
-0.102067,0.741277,3.089953,-0.1007102,0.554307,3.144753,-0.2879165,0.4279665,3.136235,0.09302032,0.4256161,3.162591,-0.4092032,0.1665767,3.163893,0.2277609,0.1647235,3.224633,-0.514635,-0.04872482,3.194403,0.3676597,-0.03407229,3.230351,-0.09619959,0.1893386,3.219069,-0.09492,0.1159078,3.231637,-0.186885,0.03503883,3.241351,-0.001452472,0.03036202,3.252748,-0.1680632,-0.3918477,3.138942,-0.007086566,-0.3832766,3.167938,-0.1822486,-0.7644346,3.367076,-0.07325894,-0.7599045,3.39167
-0.09064573,0.7455425,3.065797,-0.09691718,0.5569288,3.141954,-0.2854687,0.4321924,3.13549,0.09808765,0.435868,3.163419,-0.3975058,0.184749,3.18241,0.2187011,0.181025,3.248906,-0.5097598,-0.0257438,3.218835,0.3674877,-0.01215042,3.241719,-0.09291594,0.2021482,3.221768,-0.09185033,0.1316535,3.236553,-0.1853722,0.04465494,3.245567,0.002313188,0.05065284,3.26154,-0.1689508,-0.3184654,3.064944,-0.02044925,-0.3218441,3.104044,-0.1772048,-0.5457976,3.327375,-0.06925198,-0.564914,3.372695
-0.07887441,0.7447195,3.056628,-0.08541593,0.5584278,3.130724,-0.2743676,0.4414023,3.127167,0.1055681,0.4398602,3.167531,-0.3955683,0.2005316,3.197234,0.2161756,0.1768898,3.25905,-0.5348974,0.01652433,3.261708,0.4007983,0.02215768,3.2831,-0.09092104,0.2085297,3.222621,-0.09067491,0.1390612,3.239488,-0.185079,0.05624017,3.251822,0.002175264,0.05676442,3.266305,-0.1602544,-0.2724226,3.011588,0.008458929,-0.2967775,3.065916,-0.1527201,-0.4357505,3.361864,-0.04826408,-0.5499725,3.414985
-0.06674543,0.7375373,3.041907,-0.07778737,0.5482652,3.117245,-0.2683737,0.4410656,3.123926,0.1091034,0.4384416,3.168358,-0.4081565,0.2082407,3.215817,0.2096528,0.1808646,3.271877,-0.5714411,0.05307378,3.295022,0.4190693,0.06076323,3.292692,-0.08988553,0.2084249,3.222395,-0.08983451,0.139109,3.240537,-0.1839369,0.05673888,3.254519,0.002661884,0.05702977,3.269364,-0.1487029,-0.248394,2.984567,-0.09028267,-0.2525505,3.020083,-0.1447629,-0.3995209,3.353289,-0.08250707,-0.4686863,3.395526
-0.05387245,0.7194078,3.028445,-0.06539761,0.529631,3.105953,-0.2535621,0.4291326,3.11785,0.1206214,0.420793,3.15902,-0.4247079,0.2133711,3.235518,0.2207119,0.1791086,3.282943,-0.6052253,0.07594632,3.310824,0.4439836,0.08620845,3.313181,-0.08488815,0.2003023,3.223786,-0.08648071,0.1319494,3.244733,-0.1823448,0.0528666,3.257912,0.004795516,0.04802,3.280223,-0.1525134,-0.2475931,2.9818,0.0009067967,-0.2697235,3.023589,-0.1023238,-0.4267103,3.372149,-0.04931615,-0.4156193,3.413449
-0.03811657,0.6972724,3.014847,-0.05723325,0.5147821,3.093872,-0.2422283,0.4154235,3.111341,0.1272084,0.4124453,3.156182,-0.4273882,0.2147938,3.236554,0.2246149,0.1752851,3.281118,-0.6322352,0.10575,3.297564,0.4510354,0.08420578,3.265338,-0.07937324,0.1908831,3.226459,-0.08184552,0.123135,3.251331,-0.1767569,0.04415602,3.270015,0.006663191,0.04219893,3.288794,-0.1823344,-0.275439,3.016212,0.04193597,-0.2997469,3.071161,-0.08667482,-0.5086712,3.30713,-0.025916,-0.5304288,3.357471
-0.02923916,0.6813524,3.001163,-0.04520372,0.4898067,3.084799,-0.2355405,0.4001045,3.103329,0.1391927,0.3898545,3.148656,-0.4291821,0.2138674,3.235414,0.2376813,0.1509729,3.26737,-0.6492267,0.1083501,3.225855,0.4602832,0.05556114,3.222427,-0.07141762,0.1722784,3.227978,-0.07578805,0.1071514,3.255731,-0.1719803,0.03055236,3.279248,0.01031516,0.02740513,3.293469,-0.1810091,-0.3051433,3.049093,0.05145475,-0.3237961,3.093923,-0.0829629,-0.6522113,3.226893,-0.004002763,-0.6568438,3.270238
-0.02096411,0.6605593,2.995399,-0.0438268,0.4682301,3.079774,-0.2311581,0.3867279,3.098429,0.1452178,0.3607799,3.151148,-0.4366549,0.1787598,3.206405,0.2475303,0.1233972,3.253206,-0.6544288,0.06881665,3.200903,0.450284,0.006328873,3.169511,-0.06630453,0.1366807,3.225075,-0.07027122,0.06894536,3.254804,-0.1655265,-0.001953164,3.281667,0.01433553,-0.0165986,3.291793,-0.1773612,-0.3671639,3.085922,0.04922933,-0.3925885,3.125107,-0.1131443,-0.7660943,3.165513,0.01864151,-0.7760317,3.220132
-0.01395799,0.6461481,2.999361,-0.03482428,0.4474009,3.080372,-0.2225174,0.3493388,3.099131,0.1561577,0.3220014,3.144979,-0.4316605,0.1364535,3.185713,0.2583512,0.07315159,3.236132,-0.6381919,0.006437585,3.178408,0.4461182,-0.0563665,3.131003,-0.05811139,0.08976859,3.213487,-0.06325445,0.0185999,3.240718,-0.1578746,-0.05641892,3.261951,0.01872147,-0.0678497,3.275595,-0.1687161,-0.4817576,3.10483,0.05381484,-0.510326,3.145107,-0.1211511,-0.884941,3.137936,0.03938577,-0.9201151,3.170869
0.001315114,0.5906377,3.002238,-0.02081119,0.3959744,3.089278,-0.2145199,0.3025794,3.097801,0.1674492,0.2722842,3.150304,-0.4160534,0.08859882,3.166604,0.2528221,0.02072487,3.222487,-0.6119688,-0.05710177,3.14912,0.4369226,-0.1249265,3.119627,-0.05444359,0.03940248,3.20487,-0.06088976,-0.03266013,3.229074,-0.1584157,-0.1081566,3.248107,0.02121002,-0.1221446,3.258248,-0.1634033,-0.5460804,3.124482,0.04327939,-0.5649808,3.16656,-0.1249153,-0.9342688,3.15104,0.03950783,-0.9249284,3.165351
0.006448012,0.5554616,3.017013,-0.01919846,0.3658962,3.095893,-0.2068018,0.251427,3.096754,0.167267,0.2387875,3.155035,-0.3914459,0.0317242,3.162927,0.2429136,-0.03328587,3.219605,-0.5744567,-0.1285489,3.127166,0.4243252,-0.183856,3.113591,-0.04545801,-0.01105129,3.18931,-0.05046412,-0.08531213,3.208933,-0.1443491,-0.1628475,3.220432,0.03163206,-0.1724841,3.233381,-0.1536494,-0.5869807,3.138682,0.02342614,-0.6056788,3.172579,-0.1233883,-0.9726462,3.204788,-0.004171663,-0.9796916,3.203298
0.007958948,0.503781,3.043649,-0.01537205,0.3068767,3.108779,-0.2102285,0.1946568,3.111617,0.1649959,0.1750151,3.168172,-0.3807787,-0.04338948,3.171228,0.2406226,-0.0927388,3.210166,-0.5647844,-0.2020391,3.131981,0.4301625,-0.2297305,3.113924,-0.03985052,-0.06727497,3.178517,-0.04445438,-0.1424473,3.193966,-0.1371703,-0.222282,3.198941,0.03742521,-0.2300347,3.215312,-0.1523098,-0.6175255,3.133685,0.01927617,-0.6254118,3.152129,-0.1218841,-0.9736001,3.205125,-0.00865442,-0.9781245,3.20522
0.00558282,0.4908949,3.053126,-0.0207586,0.2843167,3.114537,-0.2092971,0.1797403,3.112984,0.1658109,0.1478297,3.169329,-0.3766899,-0.08435718,3.173849,0.2543785,-0.116126,3.212013,-0.5648464,-0.2366021,3.126552,0.445521,-0.2518185,3.128865,-0.0396224,-0.08483464,3.177929,-0.04331269,-0.1593345,3.192498,-0.1347688,-0.2399015,3.19544,0.03950356,-0.2478982,3.213543,-0.1334036,-0.6318021,3.108024,0.03231124,-0.637367,3.114377,-0.1105954,-0.9806162,3.201449,-0.007752062,-0.978571,3.201594
0.003721016,0.4887054,3.07004,-0.02160348,0.2847058,3.115983,-0.2098937,0.1777774,3.113832,0.1662606,0.1487769,3.169821,-0.3772184,-0.08367048,3.173885,0.2552819,-0.1152571,3.212233,-0.5606875,-0.2415322,3.126359,0.4478087,-0.2489929,3.129004,-0.0395637,-0.08501763,3.177743,-0.04314388,-0.1596286,3.192279,-0.1340879,-0.2409565,3.193332,0.03988516,-0.2485175,3.213676,-0.1380637,-0.6327925,3.106432,0.04101304,-0.6368908,3.10996,-0.105312,-0.984948,3.200427,-0.006811483,-0.9773706,3.193828
0.001265598,0.5286676,3.084843,-0.01895157,0.3365802,3.120716,-0.2112061,0.2081823,3.115714,0.1626963,0.2060563,3.165014,-0.3798982,-0.0176315,3.168165,0.2657422,-0.049649,3.219723,-0.5386177,-0.2018913,3.130638,0.4482769,-0.1998234,3.143528,-0.03442718,-0.05247806,3.172651,-0.03745458,-0.1296284,3.185534,-0.1277158,-0.2108075,3.183607,0.04664473,-0.2154191,3.205724,-0.1418145,-0.6192739,3.125751,0.04660637,-0.6127613,3.126095,-0.1046544,-0.9830214,3.200721,-0.0039204,-0.9787813,3.196265
0.002112585,0.5953453,3.077028,-0.020864,0.4014513,3.127628,-0.2125953,0.2864391,3.116464,0.1687046,0.2656149,3.166351,-0.3828735,0.045044,3.16481,0.2688417,0.01732551,3.219311,-0.5282983,-0.1493501,3.123084,0.4429836,-0.1641512,3.148988,-0.03426908,0.02085184,3.170381,-0.03677832,-0.05539032,3.181123,-0.1295922,-0.13835,3.176033,0.05001584,-0.1452356,3.200946,-0.1409509,-0.5942173,3.18561,0.04500907,-0.5866901,3.18082,-0.1037349,-0.9817711,3.209534,0.0001549779,-0.9827956,3.209323
-0.0001889756,0.6669778,3.073093,-0.02141173,0.4725586,3.12106,-0.21619,0.3557193,3.117523,0.1654867,0.3369683,3.158977,-0.3730431,0.1100544,3.164334,0.2711659,0.08098857,3.216354,-0.5170139,-0.08643864,3.131188,0.4313385,-0.1033284,3.157841,-0.03663499,0.09048529,3.175368,-0.03955359,0.013924,3.188559,-0.1311309,-0.06915583,3.187849,0.04522195,-0.07494851,3.20912,-0.1335348,-0.576592,3.190174,0.04443177,-0.5690253,3.188959,-0.1071966,-0.975188,3.215153,-0.001664913,-0.9809454,3.213971
0.002771911,0.7040635,3.05586,-0.01511439,0.5146992,3.109315,-0.2167759,0.4041732,3.111169,0.1654132,0.3804976,3.143082,-0.3645796,0.1402673,3.161962,0.2690958,0.123437,3.213493,-0.5102805,-0.05463488,3.125462,0.4321607,-0.06871474,3.16612,-0.03491721,0.1390102,3.183519,-0.03886208,0.06360641,3.201046,-0.1334718,-0.01981853,3.208928,0.04669709,-0.02303738,3.222372,-0.1280977,-0.5254481,3.152635,0.04103022,-0.5231217,3.154517,-0.114702,-0.9299076,3.244456,-0.004670894,-0.9341741,3.243985
0.003525887,0.719373,3.049517,-0.02229614,0.5428535,3.109941,-0.2132172,0.4275346,3.111935,0.1629111,0.3996651,3.143695,-0.3432256,0.1905236,3.169216,0.2694101,0.1352888,3.217571,-0.493337,-0.0004682392,3.128383,0.4491177,-0.02564178,3.164181,-0.03661861,0.1738689,3.189244,-0.03928608,0.1002119,3.207869,-0.1331042,0.02532193,3.220236,0.04858121,0.01374514,3.227703,-0.1348974,-0.3779409,3.103211,0.04084135,-0.3953283,3.110681,-0.08514169,-0.7724,3.30315,0.006664885,-0.7949014,3.298893
0.005482662,0.7484373,3.044891,-0.02339609,0.5566129,3.110849,-0.2134578,0.4505702,3.117988,0.1642969,0.4164954,3.14949,-0.3438891,0.2051717,3.169647,0.2589157,0.1743766,3.231701,-0.5188984,0.03618148,3.132409,0.439826,0.0155814,3.170352,-0.03951778,0.2016197,3.194142,-0.04272941,0.1308478,3.213732,-0.1384762,0.05059658,3.22539,0.04643567,0.04102886,3.235407,-0.1362956,-0.304868,3.030957,0.03636412,-0.3183397,3.049186,-0.06886034,-0.5231518,3.24613,0.02620612,-0.5532501,3.276315
0.00580684,0.7493697,3.04485,-0.02255755,0.5614535,3.11037,-0.2131729,0.4575839,3.121241,0.1654241,0.4266654,3.151815,-0.347225,0.2198251,3.175218,0.2563419,0.1817771,3.229385,-0.5498667,0.08449568,3.142786,0.4607495,0.05326875,3.177416,-0.04008286,0.2109447,3.196102,-0.04367121,0.1409746,3.216308,-0.140908,0.06109917,3.229329,0.04534825,0.05462935,3.239532,-0.09602779,-0.2593296,2.982581,0.04882631,-0.2700434,2.994373,-0.03641172,-0.4720786,3.21327,0.0402532,-0.4314309,3.327623
0.005407462,0.7518293,3.043605,-0.02253907,0.5661867,3.110068,-0.2131649,0.4599932,3.122072,0.1666578,0.4304907,3.153405,-0.35602,0.2242414,3.176265,0.2608618,0.1829363,3.232069,-0.5832443,0.1345182,3.157712,0.4798042,0.08205353,3.177731,-0.0418137,0.2153878,3.197097,-0.04571892,0.1452738,3.217552,-0.1433153,0.06517681,3.229567,0.04257884,0.0586974,3.242748,-0.1294822,-0.227655,2.945424,0.04898332,-0.2422945,2.967458,-0.06518989,-0.4251713,3.201538,0.05506555,-0.460697,3.341975
0.004399941,0.7547925,3.045194,-0.02270641,0.5669944,3.109966,-0.2131363,0.4598782,3.121868,0.1663582,0.4307482,3.153301,-0.366098,0.2317564,3.180684,0.2657435,0.191399,3.231356,-0.5973273,0.1531283,3.159413,0.4819711,0.1058725,3.141818,-0.04259919,0.2161128,3.197955,-0.04668542,0.1459683,3.218743,-0.1443051,0.06607556,3.230711,0.04104292,0.05975449,3.244802,-0.1314778,-0.2262521,2.94594,0.05089577,-0.2402855,2.968491,-0.06683114,-0.4262279,3.200061,0.03905519,-0.3761257,3.395632
0.003333654,0.7564322,3.04756,-0.02400565,0.567261,3.109911,-0.2136728,0.4591326,3.121015,0.166434,0.4311,3.153417,-0.3920132,0.2402479,3.179512,0.2726591,0.1921454,3.229888,-0.6176637,0.1524596,3.132259,0.4867423,0.1025154,3.138999,-0.04364345,0.217542,3.19964,-0.04763888,0.1477449,3.220989,-0.145692,0.06876031,3.235241,0.04071297,0.06065411,3.246445,-0.1342319,-0.2251093,2.952049,0.07667509,-0.2595967,2.997787,-0.06146012,-0.3893552,3.331196,0.03501344,-0.4524469,3.348563
0.001646611,0.7571436,3.048639,-0.02500479,0.5672851,3.111104,-0.2141315,0.4588441,3.12101,0.166651,0.431294,3.153685,-0.3942305,0.2413689,3.178378,0.2723109,0.1944077,3.225673,-0.6069733,0.1378987,3.10278,0.4753929,0.08622098,3.128997,-0.04416072,0.2175044,3.200504,-0.04804091,0.1476761,3.221744,-0.1459282,0.06854591,3.235783,0.04030169,0.06016536,3.247267,-0.1524665,-0.2745633,3.019357,0.06692738,-0.2893032,3.043814,-0.08217189,-0.5565482,3.3072,0.05556609,-0.6267121,3.282803
-0.003835817,0.7522814,3.056162,-0.03020732,0.56371,3.122824,-0.2157425,0.4560984,3.12248,0.1671057,0.4303327,3.156125,-0.3945822,0.2383899,3.172282,0.2695736,0.1921946,3.217476,-0.5844333,0.1034544,3.083994,0.450125,0.05560303,3.094055,-0.04448218,0.2101709,3.203432,-0.04755883,0.1387283,3.223494,-0.1446117,0.0568909,3.234386,0.04248685,0.04789601,3.248506,-0.1534815,-0.312231,3.05929,0.05127728,-0.3606414,3.10284,-0.08595014,-0.6995838,3.267119,0.01719788,-0.7547581,3.276333
-0.00693718,0.7491874,3.076948,-0.02763038,0.5481274,3.141886,-0.2198402,0.4340097,3.134017,0.1667235,0.4225162,3.162552,-0.3825671,0.2061946,3.15677,0.256576,0.1643965,3.214594,-0.5630498,0.05128591,3.086397,0.4302859,0.02045469,3.106285,-0.04010051,0.1744545,3.203782,-0.04228087,0.09679793,3.218203,-0.1359366,0.009957201,3.21917,0.04608488,0.005154383,3.237753,-0.1363155,-0.4149555,3.08453,0.04253625,-0.4713557,3.120754,-0.09107838,-0.8303904,3.218624,-0.002020782,-0.8689042,3.224918
-0.01063116,0.7218158,3.098276,-0.02388859,0.5204074,3.163597,-0.2204384,0.4025131,3.140529,0.1607027,0.391454,3.169417,-0.3685371,0.1429642,3.167009,0.253901,0.1239599,3.202995,-0.5586672,-0.00705114,3.120184,0.4208377,-0.03612193,3.109708,-0.03965795,0.1284295,3.201048,-0.04288508,0.05006953,3.210953,-0.1343832,-0.0346128,3.207589,0.04177956,-0.03288588,3.226237,-0.1221158,-0.5206271,3.10603,0.02561424,-0.5418062,3.133187,-0.1018149,-0.9637401,3.190209,-0.02026899,-0.9576992,3.182295
-0.01035519,0.6671951,3.117469,-0.03160261,0.4658794,3.173674,-0.2238791,0.3440594,3.157244,0.1599679,0.3327454,3.183184,-0.3716602,0.09061567,3.183654,0.2548908,0.0574024,3.217802,-0.5455068,-0.08107816,3.171264,0.4226702,-0.1178577,3.122307,-0.04011574,0.07600223,3.18731,-0.04179484,-0.001977503,3.193238,-0.1336612,-0.08654284,3.184221,0.04628491,-0.09122942,3.204128,-0.09814889,-0.5497342,3.110355,0.008569523,-0.5629527,3.134554,-0.09750567,-0.9909017,3.208631,-0.02258319,-0.9711783,3.188123
-0.01980512,0.6037276,3.138354,-0.03480756,0.3981347,3.179413,-0.2284421,0.2743627,3.160154,0.1597608,0.266267,3.200279,-0.3706034,0.02177648,3.199737,0.2593531,-0.009550964,3.236582,-0.5394084,-0.1533258,3.208868,0.4205213,-0.1876938,3.147182,-0.03874223,0.0130175,3.177478,-0.0393047,-0.06393595,3.178484,-0.1317761,-0.1497051,3.163694,0.05145286,-0.1542581,3.187384,-0.09253193,-0.5772217,3.109819,0.01577816,-0.5817392,3.12702,-0.09650622,-0.9895936,3.205503,-0.02332741,-0.9767644,3.192644
-0.02082533,0.5418621,3.142249,-0.0405402,0.3348348,3.188988,-0.2262572,0.2000694,3.160422,0.1586162,0.196171,3.207606,-0.3795761,-0.05058566,3.221374,0.2486334,-0.07997765,3.246439,-0.5387995,-0.2259732,3.26697,0.4141712,-0.2546047,3.18913,-0.04153068,-0.05194483,3.181722,-0.04113086,-0.1290445,3.178964,-0.1309032,-0.2161004,3.161509,0.04841905,-0.2166489,3.187175,-0.1077642,-0.6102039,3.096022,0.02471281,-0.608703,3.107984,-0.09696346,-0.9891658,3.204377,-0.02418977,-0.9762063,3.18806
