0.031421,0.72382,-0.05506,0.014727,0.54633,-0.031787,-0.16538,0.43922,-0.051156,0.18888,0.4142,-0.020456,-0.32383,0.22592,-0.074816,0.32191,0.19132,-0.019532,-0.44298,0.037144,-0.13633,0.47485,0.037669,-0.10476,0.0018524,0.19228,0.00069514,0,0.12276,0,-0.089068,0.050453,-0.0012551,0.082763,0.039123,0.0124,-0.090085,-0.34494,-0.13299,0.086066,-0.38852,-0.074492,-0.089498,-0.7144,-0.03712,0.065691,-0.74803,-0.014812
0.040045,0.74949,-0.072954,0.020264,0.56544,-0.050184,-0.16249,0.45121,-0.070443,0.1897,0.42616,-0.040963,-0.31042,0.2365,-0.073868,0.32331,0.19933,-0.024044,-0.42454,0.03878,-0.089533,0.47401,0.029594,-0.062139,0.0028365,0.21842,-0.001444,0,0.14699,0,-0.089506,0.075093,0.002377,0.081372,0.062447,0.012671,-0.086467,-0.26822,-0.1738,0.081581,-0.31001,-0.12519,-0.074698,-0.5974,0.019245,0.060847,-0.65809,0.013841
0.03926,0.75226,-0.08463,0.018611,0.57013,-0.061763,-0.16416,0.45672,-0.07848,0.18955,0.43282,-0.04836,-0.31109,0.2394,-0.078151,0.31983,0.20578,-0.02514,-0.42669,0.043028,-0.078042,0.47524,0.039613,-0.019994,0.002356,0.22953,-0.005438,0,0.16063,0,-0.089774,0.086835,0.0061535,0.082689,0.077511,0.014056,-0.071729,-0.22945,-0.21671,0.071225,-0.26268,-0.16774,-0.032895,-0.47855,0.053349,0.039967,-0.49875,0.039997
0.04095,0.75541,-0.090793,0.018535,0.57114,-0.071448,-0.16368,0.45951,-0.08361,0.19084,0.43352,-0.057398,-0.31071,0.23803,-0.070598,0.30252,0.21706,-0.014958,-0.43986,0.050928,-0.063763,0.46845,0.061285,-0.011022,0.0023855,0.23426,-0.0074688,0,0.16575,0,-0.09003,0.090883,0.0085342,0.083282,0.083059,0.015573,-0.069347,-0.20399,-0.24299,0.077761,-0.24371,-0.19084,-0.047255,-0.38235,0.091957,0.032794,-0.41561,0.088292
0.039839,0.75626,-0.081416,0.017906,0.5715,-0.07152,-0.16399,0.4589,-0.080203,0.19088,0.43364,-0.058664,-0.31176,0.24305,-0.045409,0.29859,0.2176,-0.016654,-0.45866,0.068506,-0.051932,0.475,0.077347,0.0058527,0.0025028,0.23527,-0.0076836,0,0.16688,0,-0.089803,0.091766,0.01077,0.08315,0.083896,0.012715,-0.076163,-0.19842,-0.24661,0.075405,-0.24014,-0.19776,-0.047419,-0.43009,0.075928,0.023888,-0.4012,0.13684
0.037237,0.75934,-0.066122,0.018165,0.5728,-0.062305,-0.1639,0.45983,-0.073386,0.19339,0.43948,-0.046537,-0.31863,0.24908,-0.026077,0.28982,0.22259,-0.0048882,-0.48321,0.09097,-0.040841,0.47793,0.097247,0.012981,0.0024951,0.23489,-0.0072189,0,0.16659,0,-0.090019,0.091414,0.0088156,0.083296,0.083263,0.012598,-0.09724,-0.2378,-0.19243,0.079562,-0.25494,-0.17201,-0.052877,-0.4471,0.11066,0.039537,-0.44898,0.13376
0.033565,0.76326,-0.058184,0.024513,0.57611,-0.029466,-0.16451,0.46019,-0.061276,0.19147,0.44666,-0.029677,-0.3217,0.25059,-0.028397,0.28534,0.22284,-0.003011,-0.51014,0.12234,-0.05274,0.48959,0.12177,-0.0045494,0.0030627,0.22984,-0.0047096,0,0.16146,0,-0.089637,0.086227,0.0045152,0.081792,0.079219,0.01059,-0.10927,-0.2708,-0.13413,0.076053,-0.27878,-0.12669,-0.059346,-0.57068,0.11692,0.033207,-0.56045,0.11574
0.032087,0.75671,-0.041154,0.021335,0.5744,-0.019852,-0.16734,0.45837,-0.035283,0.19104,0.44305,-0.021015,-0.3245,0.25246,-0.027015,0.28459,0.22205,0.0003323,-0.52332,0.1472,-0.078726,0.50289,0.14173,-0.034206,0.0031135,0.21897,-0.0025066,0,0.14759,0,-0.088929,0.069729,-0.0024501,0.081619,0.063992,0.0088138,-0.10937,-0.35348,-0.08619,0.075025,-0.35868,-0.078647,-0.067881,-0.69518,0.12873,0.051471,-0.70895,0.12622
0.036708,0.73412,-0.017055,0.023456,0.54477,0.013931,-0.16022,0.42609,-0.0056176,0.19803,0.42068,0.0062174,-0.3281,0.2471,-0.026311,0.29746,0.21577,0.0037552,-0.53294,0.17336,-0.108,0.51695,0.14181,-0.056685,0.0038054,0.17798,0.0065904,0,0.10379,0,-0.088474,0.029543,-0.0095117,0.080001,0.017844,-0.00012496,-0.1035,-0.44451,-0.038351,0.07542,-0.4593,-0.041213,-0.063493,-0.82105,0.1184,0.069345,-0.8421,0.10665
0.037507,0.69087,0.013895,0.023488,0.49992,0.034154,-0.15846,0.39467,0.020025,0.19833,0.36743,0.024583,-0.34679,0.22901,-0.020363,0.34151,0.15851,0.025571,-0.55022,0.18276,-0.12612,0.54208,0.12236,-0.090416,0.0036752,0.12829,0.01438,0,0.055421,0,-0.086532,-0.020707,-0.011148,0.078086,-0.028295,-0.0060323,-0.099523,-0.50407,0.012571,0.074056,-0.50362,-0.006359,-0.057351,-0.8826,0.13334,0.054403,-0.88173,0.11243
0.034533,0.63408,0.030506,0.020618,0.43952,0.042996,-0.16877,0.32997,0.029713,0.19481,0.30796,0.042478,-0.36656,0.18187,-0.040106,0.31563,0.083858,0.020623,-0.5703,0.19705,-0.155,0.51102,0.080772,-0.11053,0.002782,0.072482,0.019676,0,0.0014068,0,-0.087231,-0.076497,-0.013485,0.079584,-0.083177,-0.0075133,-0.098991,-0.5182,0.017536,0.059032,-0.54341,-0.0023539,-0.060262,-0.88903,0.12312,0.037773,-0.88461,0.10093
0.033665,0.56016,0.01891,0.013331,0.3674,0.032288,-0.16832,0.24953,0.011572,0.19596,0.24248,0.031972,-0.36914,0.13005,-0.060818,0.32273,0.027649,0.00050909,-0.55325,0.163,-0.2048,0.5072,0.026158,-0.14706,0.0011577,0.0041534,0.020948,0,-0.066205,0,-0.086316,-0.14617,-0.013985,0.081296,-0.14954,-0.0033054,-0.091667,-0.53654,-0.0064562,0.060679,-0.55263,-0.04114,-0.058767,-0.88808,0.083455,0.032474,-0.87888,0.052709
0.025717,0.50852,0.0044171,0.012795,0.32274,0.017402,-0.1703,0.20337,-0.0050196,0.18603,0.18324,0.019861,-0.38355,0.071082,-0.090283,0.34564,-0.028215,-0.029549,-0.55833,0.10506,-0.24626,0.5295,-0.03505,-0.17776,0.00068838,-0.04531,0.019767,0,-0.11721,0,-0.085259,-0.19577,-0.010932,0.080583,-0.19907,-0.00042486,-0.10179,-0.57467,-0.034366,0.063269,-0.57343,-0.069459,-0.063492,-0.88429,0.047476,0.032795,-0.87504,0.016424
0.027294,0.50018,-0.0026917,0.0108,0.30413,0.0099458,-0.17163,0.19108,-0.011576,0.18752,0.16619,0.012095,-0.37908,0.06531,-0.089576,0.32197,-0.038419,-0.027755,-0.55268,0.033958,-0.24751,0.50069,-0.083488,-0.17545,0.00045827,-0.057336,0.01898,0,-0.12887,0,-0.085561,-0.20979,-0.0075151,0.081469,-0.212,0.00017309,-0.10486,-0.58747,-0.040526,0.067203,-0.58511,-0.076462,-0.065421,-0.88221,0.034503,0.032538,-0.87478,0.0093071
0.027495,0.50022,-0.0037404,0.010001,0.30525,0.0060702,-0.17137,0.19169,-0.011774,0.1866,0.16714,0.010455,-0.37423,0.065704,-0.081637,0.30983,-0.034552,-0.015979,-0.53472,-0.014065,-0.23597,0.48545,-0.094353,-0.16189,0.00053772,-0.057111,0.018642,0,-0.12876,0,-0.085175,-0.20905,-0.006534,0.081315,-0.21154,0.00056833,-0.10715,-0.58664,-0.035054,0.071603,-0.58594,-0.067896,-0.065704,-0.88218,0.034287,0.031021,-0.87465,0.012672
0.025858,0.53568,-0.0057472,0.0041558,0.35548,-0.0029296,-0.17032,0.24038,-0.013612,0.18314,0.22624,0.0031323,-0.36776,0.07725,-0.066949,0.30496,0.011977,0.006309,-0.52139,-0.038004,-0.20311,0.45956,-0.096849,-0.13444,-0.0002307,-0.010076,0.01584,0,-0.082638,0,-0.083768,-0.1615,-0.0070801,0.082255,-0.16321,0.0031878,-0.10204,-0.57674,0.0041088,0.071099,-0.55958,-0.042358,-0.06099,-0.89219,0.066519,0.026008,-0.88921,0.05688
0.029064,0.59677,-0.013402,0.012568,0.41652,0.0038839,-0.16799,0.3046,-0.0073911,0.18814,0.28052,-0.0007405,-0.3357,0.10871,-0.043558,0.31679,0.040951,0.0098625,-0.47508,-0.050656,-0.1413,0.46574,-0.11264,-0.082033,0.0016904,0.050111,0.016822,0,-0.022276,0,-0.085015,-0.10009,-0.0078076,0.080412,-0.10515,0.0013958,-0.080482,-0.53254,0.045336,0.087,-0.52564,0.021623,-0.052247,-0.89943,0.086644,0.028708,-0.89403,0.072578
0.025372,0.65108,-0.032291,0.006338,0.47767,-0.0035063,-0.16564,0.36692,-0.015654,0.1886,0.34086,-0.018972,-0.31936,0.13241,-0.037403,0.30449,0.10489,0.0092136,-0.43942,-0.055711,-0.096902,0.44038,-0.075068,-0.03693,0.0011953,0.1068,0.014719,0,0.033116,0,-0.083406,-0.043351,-0.0010367,0.081128,-0.050206,-0.0025991,-0.082821,-0.5123,0.029718,0.085023,-0.50922,0.032014,-0.053891,-0.88084,0.090207,0.03651,-0.88376,0.075564
0.028863,0.69741,-0.050384,0.013604,0.51011,-0.02964,-0.16193,0.39838,-0.032017,0.18801,0.37799,-0.041762,-0.28699,0.17117,-0.033795,0.3032,0.12786,0.011559,-0.39658,-0.028546,-0.05157,0.44496,-0.05077,0.0034896,0.0029527,0.14534,0.0080677,0,0.073334,0,-0.085948,0.0015533,0.0052057,0.0805,-0.0093384,0.0021687,-0.095892,-0.40906,-0.044988,0.090394,-0.47182,-0.0076123,-0.040291,-0.77943,0.10043,0.081739,-0.83241,0.091151
0.028378,0.71104,-0.079248,0.0092381,0.52277,-0.04618,-0.16563,0.42005,-0.045187,0.18823,0.3974,-0.053534,-0.28185,0.18001,-0.031763,0.29553,0.17021,0.0068764,-0.38116,-0.021991,-0.010071,0.43772,-0.011896,0.025701,0.0016649,0.18163,0.0029176,0,0.11331,0,-0.087532,0.039112,0.010967,0.084273,0.025729,0.0030101,-0.11143,-0.32234,-0.1123,0.082005,-0.35484,-0.072438,-0.021028,-0.64821,0.11157,0.099395,-0.7012,0.11153
0.024276,0.72035,-0.097418,0.0058136,0.53251,-0.056103,-0.17336,0.43328,-0.048024,0.18574,0.41094,-0.057889,-0.28206,0.19705,-0.0098838,0.29075,0.18929,0.010543,-0.39359,0.0057636,0.03018,0.43162,0.02524,0.068736,0.0012618,0.19798,0.00023788,0,0.12994,0,-0.088536,0.05285,0.01291,0.086649,0.045672,0.0053464,-0.10998,-0.28698,-0.16543,0.085127,-0.31858,-0.11025,-0.01724,-0.47127,0.1008,0.072352,-0.51553,0.098188
0.024867,0.72311,-0.10913,0.0054336,0.53432,-0.061991,-0.17267,0.43444,-0.051411,0.18689,0.41128,-0.060824,-0.28122,0.22716,0.0014329,0.2929,0.19814,0.015433,-0.39777,0.038658,0.040559,0.45463,0.061912,0.093424,0.0012553,0.20298,-0.0021641,0,0.13591,0,-0.088808,0.059474,0.014434,0.086899,0.052003,0.0070671,-0.11437,-0.24075,-0.22752,0.12145,-0.2871,-0.17008,-0.020621,-0.43174,0.053412,0.069043,-0.41629,0.15224
0.02431,0.72075,-0.11467,0.0059778,0.53316,-0.065897,-0.17232,0.43335,-0.053834,0.18781,0.41206,-0.061518,-0.28084,0.23091,0.0091248,0.29568,0.19959,0.018814,-0.4298,0.076209,0.071409,0.47871,0.10546,0.10279,0.0013092,0.20378,-0.0036062,0,0.1371,0,-0.088656,0.059899,0.014183,0.086225,0.054462,0.008873,-0.11893,-0.23051,-0.23924,0.12482,-0.27435,-0.18682,-0.010756,-0.33942,0.14464,0.05185,-0.37704,0.15546
0.023129,0.71693,-0.11984,0.0066282,0.52565,-0.075403,-0.16909,0.43042,-0.058871,0.18825,0.4121,-0.061978,-0.28899,0.23534,0.024033,0.30012,0.21114,0.030396,-0.451,0.10036,0.09648,0.50123,0.13942,0.096055,0.0011416,0.20365,-0.0049113,0,0.13704,0,-0.088736,0.059873,0.014131,0.086095,0.054494,0.010088,-0.1168,-0.22997,-0.24026,0.11093,-0.27027,-0.19506,-0.018513,-0.32508,0.063549,0.054253,-0.39204,0.13898
0.02369,0.71256,-0.12555,0.0090934,0.5233,-0.076739,-0.16765,0.42573,-0.064247,0.18886,0.412,-0.062366,-0.29204,0.23823,0.024795,0.29944,0.21306,0.028903,-0.48841,0.15433,0.090294,0.51748,0.1709,0.065699,0.0012678,0.20216,-0.0061859,0,0.13592,0,-0.088993,0.058804,0.013756,0.085679,0.053294,0.010935,-0.10838,-0.25939,-0.2022,0.097874,-0.28141,-0.17702,-0.026174,-0.492,0.059047,0.054273,-0.49163,0.092841
0.022651,0.70691,-0.12617,0.010046,0.51885,-0.076933,-0.1662,0.42238,-0.063905,0.19038,0.40918,-0.062817,-0.30099,0.24006,0.029873,0.30268,0.21505,0.025728,-0.51689,0.20202,0.077829,0.53016,0.20503,0.012649,0.0016038,0.19106,-0.0075216,0,0.1237,0,-0.088261,0.046547,0.012095,0.084457,0.041806,0.013098,-0.10712,-0.29723,-0.15605,0.095328,-0.30534,-0.14813,-0.034243,-0.63416,0.036993,0.055534,-0.6339,0.063147
0.019432,0.6819,-0.11908,0.0066212,0.5066,-0.063087,-0.17025,0.40597,-0.050487,0.18806,0.39689,-0.051449,-0.32084,0.24154,0.042197,0.3462,0.19727,0.027549,-0.54445,0.23659,0.071218,0.57037,0.22216,-0.017218,0.00093706,0.16096,-0.0052992,0,0.089636,0,-0.086456,0.0071281,0.0057065,0.084285,0.0072766,0.011132,-0.10321,-0.37322,-0.13202,0.096255,-0.37482,-0.11522,-0.043462,-0.71625,0.026104,0.067657,-0.74615,0.034599
0.022955,0.66923,-0.1025,0.012069,0.48516,-0.046908,-0.1675,0.38588,-0.032117,0.19037,0.36696,-0.037986,-0.34208,0.21785,0.048968,0.30478,0.17201,0.026516,-0.56873,0.23638,0.024449,0.51543,0.1902,-0.071512,0.0023035,0.12396,-0.0036303,0,0.051061,0,-0.085205,-0.024798,0.0038608,0.080398,-0.032996,0.0082825,-0.09298,-0.48092,-0.098362,0.095103,-0.4845,-0.085492,-0.050684,-0.85929,-0.013315,0.092842,-0.88255,0.02626
0.022909,0.62373,-0.074488,0.013614,0.43467,-0.024058,-0.16929,0.32898,-0.0093071,0.19527,0.31802,-0.0063646,-0.34925,0.1797,0.040263,0.30432,0.12945,0.032887,-0.56659,0.20376,-0.036456,0.50144,0.14935,-0.092719,0.0022274,0.078125,-0.001107,0,0.0066486,0,-0.087268,-0.074114,-0.00060906,0.08205,-0.076652,0.004617,-0.086089,-0.51701,-0.071764,0.081911,-0.51674,-0.06952,-0.047378,-0.89953,0.025231,0.056065,-0.88345,-0.0024612
0.020885,0.5628,-0.054458,0.014489,0.3833,-0.0038821,-0.1734,0.27238,-0.0047188,0.18949,0.26402,0.0076345,-0.36729,0.11334,-0.0051974,0.30093,0.067445,0.027679,-0.57831,0.15766,-0.091436,0.48489,0.072804,-0.11972,0.002205,0.02435,0.0026565,0,-0.047284,0,-0.087266,-0.12751,-0.0064608,0.081767,-0.1305,0.0027713,-0.088577,-0.52842,-0.061951,0.076603,-0.5301,-0.064788,-0.050567,-0.90096,0.032317,0.050114,-0.88795,0.004779
0.01954,0.50145,-0.048251,0.0074638,0.31508,-0.0035211,-0.172,0.20741,-0.0033554,0.18439,0.19232,0.016404,-0.35091,0.055665,-0.008724,0.30246,-0.0011941,0.011389,-0.54964,0.078406,-0.13063,0.47031,-0.015397,-0.15507,0.00087916,-0.039668,0.0031101,0,-0.11044,0,-0.08533,-0.18998,-0.0088119,0.082507,-0.19182,0.0049993,-0.073033,-0.56338,-0.074625,0.066501,-0.5611,-0.083923,-0.053146,-0.89202,0.0016735,0.045875,-0.88784,0.0036738
0.019271,0.4802,-0.046464,0.0012074,0.28908,-0.0065636,-0.17552,0.17652,-0.0095635,0.18077,0.16447,0.011681,-0.36865,0.0060121,-0.035334,0.30732,-0.064312,-0.026486,-0.54915,-0.0066974,-0.18674,0.46329,-0.078891,-0.20499,-0.00020055,-0.065905,0.0026251,0,-0.13692,0,-0.083182,-0.21686,-0.0074661,0.082792,-0.21809,0.0048965,-0.087351,-0.58606,-0.097523,0.078273,-0.58293,-0.10379,-0.06882,-0.88971,-0.057256,0.036389,-0.89193,-0.013235
0.020789,0.46877,-0.0412,0.0012641,0.28479,-0.0071782,-0.17412,0.17058,-0.012225,0.18026,0.15782,0.0077567,-0.35779,0.0012067,-0.035904,0.29555,-0.072407,-0.038561,-0.52722,-0.07356,-0.1815,0.46119,-0.1097,-0.20347,-0.00017102,-0.071765,0.0025084,0,-0.14304,0,-0.082656,-0.22177,-0.0069783,0.082321,-0.2237,0.0046087,-0.095153,-0.59009,-0.099485,0.082519,-0.58914,-0.10114,-0.057976,-0.89954,-0.014452,0.036811,-0.89213,-0.013627
0.02284,0.47664,-0.038755,0.0038146,0.28918,-0.0066487,-0.17191,0.17724,-0.012463,0.18371,0.16905,0.0045957,-0.34738,0.0037387,-0.025211,0.28854,-0.032516,-0.013891,-0.50974,-0.081394,-0.17327,0.43996,-0.10713,-0.17978,0.00038151,-0.066139,0.002701,0,-0.13699,0,-0.083013,-0.21533,-0.0070005,0.081637,-0.21857,0.0045818,-0.096872,-0.58602,-0.086419,0.084375,-0.58668,-0.08916,-0.051237,-0.89591,-0.0089063,0.038137,-0.89135,-0.0087351
0.026001,0.54236,-0.021972,0.012351,0.36136,0.0036673,-0.15946,0.24393,-0.0095524,0.19424,0.23759,0.01769,-0.32663,0.048812,-0.0093469,0.29759,0.011825,-0.0010848,-0.47833,-0.08979,-0.12015,0.44289,-0.10132,-0.14827,0.0014674,-0.0013941,0.0054491,0,-0.073603,0,-0.084642,-0.15061,-0.011266,0.080106,-0.15635,0.0049252,-0.087855,-0.54626,-0.019664,0.084126,-0.54839,-0.023576,-0.048083,-0.89751,0.038153,0.044282,-0.89519,0.030633
0.02531,0.61037,-0.019137,0.01769,0.42701,0.0084676,-0.16838,0.31734,-0.0036136,0.19079,0.30369,0.013334,-0.31818,0.096644,-0.0068551,0.29663,0.070702,-0.010781,-0.44881,-0.077398,-0.086116,0.44067,-0.085998,-0.10416,0.0025043,0.061719,0.0076993,0,-0.010814,0,-0.086357,-0.087929,-0.01195,0.079806,-0.095819,0.0037802,-0.080188,-0.53552,0.011988,0.090014,-0.53657,0.010733,-0.047679,-0.90211,0.047766,0.044017,-0.8977,0.040791
0.026084,0.66959,-0.038135,0.013243,0.49081,0.0034211,-0.16954,0.37562,-0.011278,0.19125,0.36542,0.00072476,-0.29616,0.1461,-0.015244,0.29517,0.124,-0.0056259,-0.41094,-0.049447,-0.044636,0.4338,-0.065564,-0.074088,0.0018687,0.12073,0.0076604,0,0.04715,0,-0.085773,-0.031289,-0.0091562,0.080918,-0.037063,0.0029157,-0.07673,-0.52614,0.0099032,0.091481,-0.52394,0.017989,-0.049072,-0.89582,0.042903,0.06789,-0.88978,0.047652
0.025975,0.71882,-0.052022,0.014251,0.54061,-0.015413,-0.17003,0.42877,-0.025842,0.18702,0.41531,-0.01662,-0.28038,0.18965,-0.019601,0.28793,0.17127,-0.019537,-0.38335,-0.012881,-0.039528,0.41267,-0.018486,-0.042807,0.0021473,0.17916,0.0035442,0,0.10682,0,-0.086037,0.028105,-0.0042995,0.08075,0.02459,0.0049724,-0.089641,-0.42032,-0.055381,0.092818,-0.41495,-0.038091,-0.05317,-0.77944,0.041024,0.062114,-0.78282,0.0725
0.02696,0.745,-0.066687,0.0088546,0.56204,-0.027323,-0.17411,0.45001,-0.035017,0.18715,0.43348,-0.027217,-0.27648,0.20291,-0.019575,0.2926,0.18449,-0.019858,-0.37759,-0.00066415,-0.031964,0.43838,0.008838,0.00063498,0.0011365,0.21275,0.00020549,0,0.14343,0,-0.086784,0.064756,-0.0024908,0.084157,0.057731,0.0078576,-0.089102,-0.30677,-0.10757,0.079731,-0.32466,-0.090122,-0.017323,-0.65295,0.095481,0.058409,-0.67464,0.11735
0.025819,0.7673,-0.068941,0.010474,0.57885,-0.03192,-0.17495,0.46466,-0.035596,0.18499,0.44831,-0.03087,-0.2743,0.22991,-0.015431,0.28969,0.22188,0.0056046,-0.38011,0.02884,-0.023291,0.4482,0.052973,0.017007,0.0016126,0.23046,-0.0010293,0,0.16029,0,-0.087733,0.080851,-0.0012977,0.084033,0.079191,0.0087767,-0.085341,-0.25837,-0.17846,0.083468,-0.27212,-0.14053,-0.013532,-0.6047,0.02469,0.065061,-0.50353,0.1577
0.026064,0.77174,-0.073248,0.0081159,0.58582,-0.03485,-0.17522,0.47408,-0.035739,0.18528,0.45274,-0.034369,-0.26885,0.25051,-0.013185,0.28264,0.22871,0.0063599,-0.40901,0.07174,-0.020832,0.4661,0.098762,0.02587,0.0013107,0.2388,-0.0022576,0,0.16913,0,-0.087614,0.086918,-0.00086453,0.084928,0.090006,0.0091044,-0.075806,-0.22588,-0.22353,0.08678,-0.2457,-0.17476,-0.0039782,-0.5723,-0.020311,0.05567,-0.38255,0.18254
0.026886,0.77805,-0.075343,0.010224,0.58998,-0.037016,-0.17224,0.47856,-0.035224,0.18605,0.45541,-0.035857,-0.27395,0.25892,-0.0011515,0.28158,0.24466,0.018491,-0.44914,0.1144,-0.0081797,0.48864,0.15677,0.03688,0.0017723,0.2424,-0.0032499,0,0.1727,0,-0.088841,0.09181,-0.00031934,0.084344,0.09428,0.0098033,-0.079631,-0.21437,-0.23238,0.093522,-0.23847,-0.17917,-0.0077771,-0.56092,-0.029067,0.059537,-0.41473,0.17616
0.024916,0.78453,-0.074984,0.010329,0.59494,-0.035181,-0.17134,0.48059,-0.034721,0.18495,0.46537,-0.034281,-0.27531,0.2682,0.002813,0.28166,0.26113,0.02262,-0.47591,0.16181,-0.0046013,0.50289,0.21715,0.035884,0.0017427,0.24751,-0.0034813,0,0.17781,0,-0.088375,0.097804,-0.00099412,0.084235,0.09786,0.0095978,-0.09122,-0.20954,-0.23124,0.099939,-0.2347,-0.17881,-0.019335,-0.55623,-0.027821,0.04627,-0.4236,0.16833
0.021844,0.79056,-0.069211,0.0091084,0.60328,-0.02926,-0.17276,0.48441,-0.031729,0.18191,0.4757,-0.030838,-0.29372,0.28674,0.0050483,0.28104,0.27225,0.029948,-0.51142,0.22213,-0.0056574,0.50801,0.27875,0.020469,0.0016199,0.25083,-0.0032656,0,0.18081,0,-0.087786,0.10128,-0.0020558,0.083855,0.10124,0.0080659,-0.11655,-0.21987,-0.2087,0.10177,-0.23523,-0.17197,-0.029509,-0.53679,0.030021,0.039355,-0.49599,0.1278
0.020092,0.78986,-0.058617,0.0094255,0.60483,-0.020089,-0.174,0.48565,-0.022145,0.18144,0.47652,-0.019103,-0.3018,0.29677,0.015143,0.28497,0.27767,0.034865,-0.52766,0.2825,-0.01662,0.51371,0.3205,0.01168,0.001759,0.25001,-0.00039894,0,0.17884,0,-0.086432,0.099496,-0.0062989,0.082237,0.096586,0.0029638,-0.11522,-0.25059,-0.15299,0.089568,-0.25992,-0.12877,-0.040117,-0.54351,0.11569,0.045585,-0.55222,0.14671
0.017278,0.78617,-0.030471,0.0078806,0.59757,0.0012237,-0.17314,0.48262,-0.0043486,0.17904,0.47473,0.00082751,-0.33816,0.29578,0.0234,0.30069,0.27984,0.03413,-0.55955,0.32244,-0.032679,0.51374,0.33857,-0.031317,0.0012877,0.2351,0.0050576,0,0.16122,0,-0.083375,0.083059,-0.012261,0.081009,0.080613,0.0030703,-0.10335,-0.31784,-0.11355,0.08631,-0.33547,-0.092365,-0.053307,-0.65905,0.10475,0.030109,-0.6733,0.12927
0.0092486,0.75616,0.018569,0.0024227,0.56909,0.034864,-0.17709,0.4462,0.021581,0.18139,0.44198,0.026621,-0.36689,0.2821,0.011195,0.34525,0.26882,0.021046,-0.57551,0.3408,-0.069783,0.54811,0.3512,-0.052284,0.0001827,0.19682,0.013389,0,0.12284,0,-0.083238,0.041162,-0.016173,0.082752,0.039296,-0.00458,-0.10069,-0.39821,-0.077947,0.080388,-0.42374,-0.05055,-0.070889,-0.74425,0.10385,0.049062,-0.79469,0.11366
0.0085651,0.71652,0.025682,-0.0027915,0.52327,0.047983,-0.18267,0.40254,0.030658,0.18089,0.39395,0.04427,-0.36795,0.25256,0.0051677,0.35085,0.24367,0.016556,-0.56813,0.33243,-0.079284,0.53292,0.32079,-0.10829,-0.0010168,0.14801,0.018782,0,0.075196,0,-0.082967,-0.0049866,-0.018943,0.083982,-0.0074777,-0.0034378,-0.090528,-0.50413,-0.042262,0.07494,-0.49987,-0.02768,-0.083124,-0.87302,0.067699,0.051363,-0.87902,0.061183
0.00046189,0.65831,0.029506,-0.0070648,0.46661,0.056144,-0.18055,0.35169,0.032614,0.1743,0.33589,0.044549,-0.37608,0.19846,-0.0098495,0.34473,0.18646,-0.0020567,-0.56508,0.29016,-0.10899,0.52259,0.26315,-0.13369,-0.001874,0.094401,0.023719,0,0.023206,0,-0.081418,-0.054667,-0.020168,0.083943,-0.057436,-0.0047614,-0.089282,-0.50831,-0.03737,0.073431,-0.51839,-0.022862,-0.086715,-0.88291,0.02926,0.03613,-0.89192,0.021578
0.0031936,0.59175,0.034117,-0.0093363,0.4042,0.054539,-0.18018,0.27619,0.021335,0.17886,0.27339,0.040594,-0.37922,0.13567,-0.032842,0.34497,0.11983,-0.0016476,-0.5546,0.23332,-0.1519,0.5007,0.19567,-0.16157,-0.0026739,0.032142,0.026702,0,-0.038477,0,-0.082224,-0.11899,-0.023562,0.085621,-0.11902,-0.0012255,-0.084179,-0.53405,-0.049754,0.061735,-0.556,-0.045248,-0.075872,-0.89597,0.026045,0.029585,-0.89134,0.016289
0.0056043,0.53902,0.042464,-0.0087784,0.34173,0.046294,-0.17703,0.21407,0.012513,0.17806,0.21041,0.032796,-0.37299,0.075936,-0.038119,0.33402,0.045957,0.003236,-0.54219,0.16753,-0.17154,0.48761,0.12883,-0.15499,-0.0028306,-0.028162,0.028311,0,-0.098292,0,-0.081698,-0.17756,-0.020892,0.084879,-0.17847,-0.00080714,-0.085538,-0.56478,-0.065362,0.070545,-0.55644,-0.053683,-0.070636,-0.9004,0.016327,0.028527,-0.89345,0.0076493
0.0048986,0.52226,0.040718,-0.0035584,0.32617,0.036569,-0.17727,0.2019,0.010813,0.18007,0.1939,0.032787,-0.36883,0.053691,-0.035069,0.32984,0.0010912,0.0033424,-0.54029,0.11506,-0.18353,0.47736,0.097386,-0.15281,-0.0024062,-0.037526,0.029756,0,-0.10735,0,-0.083054,-0.18763,-0.018494,0.083899,-0.18967,-0.00015828,-0.085674,-0.56624,-0.070704,0.07436,-0.56182,-0.064241,-0.067855,-0.90105,0.0089795,0.027094,-0.89528,0.0028009
0.0049354,0.52169,0.039355,-0.0032231,0.32745,0.034239,-0.1763,0.2017,0.0077937,0.18042,0.19354,0.030764,-0.37005,0.057374,-0.034607,0.3303,0.0036722,0.0023483,-0.54473,0.099838,-0.18612,0.48249,0.080743,-0.16035,-0.0024655,-0.038019,0.031646,0,-0.10803,0,-0.083031,-0.18817,-0.017837,0.083775,-0.19014,-0.00013607,-0.094528,-0.5685,-0.070276,0.075033,-0.56218,-0.064424,-0.067454,-0.90347,0.0096079,0.024684,-0.8967,0.0043152
0.0063422,0.55315,0.032723,0.0030531,0.37998,0.038587,-0.1709,0.24935,0.0073837,0.18721,0.24673,0.034684,-0.35811,0.1029,-0.019915,0.33185,0.072543,0.0015319,-0.53215,0.072104,-0.17517,0.49851,0.065483,-0.1653,-0.0019306,-7.3674e-05,0.033901,0,-0.072287,0,-0.083866,-0.1523,-0.017709,0.082904,-0.15179,-0.0014255,-0.096218,-0.56163,-0.040831,0.074097,-0.56323,-0.035153,-0.066795,-0.90333,0.02079,0.022105,-0.89989,0.023319
0.010288,0.61763,0.012065,0.0096304,0.43659,0.034627,-0.17185,0.31541,0.0089813,0.18682,0.30626,0.034187,-0.35738,0.14787,-0.02829,0.32273,0.12538,-0.0019336,-0.5302,0.0538,-0.15396,0.49482,0.057388,-0.14607,-0.00073937,0.062186,0.035118,0,-0.0085803,0,-0.085413,-0.08655,-0.01579,0.081929,-0.091654,-0.0016541,-0.091421,-0.53109,0.018221,0.074041,-0.52913,0.02413,-0.070466,-0.89522,0.033958,0.022335,-0.89943,0.032765
0.020678,0.67208,-0.006757,0.011508,0.4873,0.021039,-0.16738,0.37182,-0.011246,0.1858,0.36397,0.0037127,-0.34809,0.16468,-0.03334,0.31803,0.16344,-0.0075309,-0.51499,0.032879,-0.12467,0.48619,0.063441,-0.13511,0.00048677,0.11524,0.033218,0,0.043827,0,-0.084286,-0.033703,-0.014032,0.080156,-0.037793,0.0016032,-0.089262,-0.5259,0.010729,0.076193,-0.51764,0.020769,-0.068665,-0.89376,0.039766,0.03119,-0.88868,0.027918
0.017192,0.70624,-0.031293,0.0051745,0.52576,-0.005774,-0.16914,0.41098,-0.032537,0.18826,0.4097,-0.012798,-0.3347,0.19799,-0.043156,0.31743,0.19035,-0.019118,-0.4788,0.030938,-0.10769,0.49011,0.070859,-0.1174,-0.00084244,0.1632,0.026208,0,0.090894,0,-0.08458,0.013104,-0.0070801,0.082764,0.0074944,0.0045022,-0.089099,-0.45062,-0.04378,0.082315,-0.46531,-0.023598,-0.066049,-0.82325,0.047078,0.066256,-0.82982,0.059659
0.021781,0.7351,-0.058098,0.014402,0.54861,-0.040546,-0.16624,0.43278,-0.041841,0.19176,0.41844,-0.028229,-0.3194,0.21053,-0.042044,0.31795,0.20282,-0.025784,-0.45337,0.028394,-0.067487,0.50467,0.082291,-0.082653,0.0014552,0.18888,0.017852,0,0.11795,0,-0.089163,0.046098,0.0045652,0.082887,0.033698,0.0072596,-0.088797,-0.33238,-0.095611,0.086318,-0.36626,-0.071364,-0.047318,-0.695,0.092152,0.08907,-0.71007,0.076263
0.01939,0.74357,-0.078018,0.014857,0.55202,-0.055718,-0.16652,0.44074,-0.053431,0.19242,0.4289,-0.040645,-0.30608,0.2132,-0.038373,0.31733,0.21371,-0.032589,-0.44593,0.036671,-0.075136,0.5034,0.091947,-0.088696,0.0017143,0.21163,0.010848,0,0.14274,0,-0.088832,0.064348,0.0054473,0.082872,0.062014,0.013942,-0.093809,-0.27777,-0.16311,0.077254,-0.29206,-0.12487,-0.018873,-0.51633,0.074811,0.071454,-0.52348,0.074285
0.015832,0.73819,-0.12097,0.013149,0.54943,-0.075079,-0.16793,0.44155,-0.06213,0.19186,0.43243,-0.052239,-0.3002,0.21445,-0.036298,0.31638,0.21518,-0.03854,-0.44957,0.044816,-0.0628,0.50714,0.1017,-0.096712,0.001581,0.21677,0.0051483,0,0.14881,0,-0.089223,0.072271,0.011475,0.084432,0.069107,0.018899,-0.086147,-0.23695,-0.21498,0.072163,-0.26607,-0.16334,-0.015185,-0.40372,0.10699,0.072013,-0.4183,0.084096
0.012946,0.72037,-0.14895,0.015015,0.53848,-0.097157,-0.16456,0.43033,-0.087196,0.1904,0.42472,-0.068346,-0.3003,0.20936,-0.041507,0.31853,0.21063,-0.044285,-0.4582,0.047857,-0.070269,0.51337,0.10907,-0.11239,0.0010025,0.21631,-0.0011256,0,0.1471,0,-0.0892,0.070934,0.017696,0.084239,0.06765,0.02217,-0.061977,-0.20453,-0.24922,-0.012732,-0.22252,-0.20865,-0.020157,-0.3599,0.12711,0.065812,-0.38645,0.055196
0.01243,0.70046,-0.16641,0.013496,0.51625,-0.11257,-0.16593,0.40658,-0.10748,0.18889,0.40953,-0.07999,-0.30547,0.19302,-0.047208,0.31695,0.20411,-0.051746,-0.48251,0.05635,-0.095718,0.51438,0.11468,-0.13066,0.00066692,0.20972,-0.00438,0,0.14127,0,-0.089245,0.062365,0.020118,0.084195,0.064381,0.022464,-0.062783,-0.20375,-0.2567,0.088499,-0.23913,-0.21174,-0.020332,-0.36781,0.11525,0.14532,-0.38953,0.056382
0.013438,0.66926,-0.19564,0.0090545,0.48902,-0.13343,-0.16586,0.38695,-0.12526,0.1875,0.39145,-0.094372,-0.31315,0.17483,-0.072665,0.31784,0.15851,-0.067547,-0.50042,0.055206,-0.12945,0.51174,0.10609,-0.18554,0.00017822,0.19159,-0.0092294,0,0.12483,0,-0.089133,0.04692,0.020552,0.085456,0.049903,0.028554,-0.068191,-0.25517,-0.21466,0.1002,-0.25666,-0.20095,-0.033504,-0.45134,0.039586,0.043543,-0.47184,0.071233
0.012132,0.65669,-0.20802,0.0089417,0.47859,-0.14394,-0.16688,0.3774,-0.13667,0.18506,0.36978,-0.11104,-0.31322,0.16581,-0.098133,0.31517,0.1563,-0.073029,-0.48809,0.037686,-0.17688,0.48995,0.07699,-0.20662,0.00064084,0.17163,-0.013404,0,0.10389,0,-0.088409,0.028447,0.022863,0.084558,0.03098,0.02954,-0.084101,-0.2897,-0.18922,0.10925,-0.29365,-0.17017,-0.058943,-0.59308,-0.023663,0.020913,-0.5723,0.008537
0.0081589,0.64374,-0.21051,0.0061863,0.46266,-0.14687,-0.16982,0.36306,-0.13862,0.18088,0.3542,-0.11137,-0.31793,0.14654,-0.12573,0.3001,0.14417,-0.083948,-0.4826,0.0057463,-0.2048,0.46967,0.035326,-0.22244,0.0001479,0.14435,-0.015198,0,0.075585,0,-0.086332,-0.0018215,0.02156,0.083919,0.0035885,0.030794,-0.095528,-0.3433,-0.15868,0.10117,-0.34263,-0.12982,-0.073039,-0.70624,-0.04802,0.046349,-0.69766,-0.040721
0.0069958,0.61721,-0.20467,0.0011061,0.43034,-0.13816,-0.16868,0.32337,-0.13256,0.18022,0.3213,-0.10221,-0.31291,0.12556,-0.12861,0.30385,0.11524,-0.084156,-0.47198,-0.02295,-0.20427,0.46442,-0.0009302,-0.21102,-0.00098723,0.093928,-0.014677,0,0.023725,0,-0.080994,-0.052194,0.015601,0.081084,-0.050934,0.031229,-0.087094,-0.46391,-0.11544,0.10009,-0.46436,-0.099688,-0.086444,-0.83901,-0.057207,0.052398,-0.82732,-0.068052
0.010811,0.57586,-0.18399,0.0064671,0.39451,-0.12486,-0.17217,0.2821,-0.11961,0.18246,0.28706,-0.082567,-0.31072,0.07014,-0.12089,0.30137,0.075019,-0.061887,-0.46615,-0.079097,-0.20351,0.45953,-0.03778,-0.20691,-0.0001503,0.058784,-0.013163,0,-0.01293,0,-0.083823,-0.092831,0.013795,0.081612,-0.092648,0.02667,-0.085019,-0.51812,-0.074283,0.10068,-0.53177,-0.076505,-0.089316,-0.88438,-0.033448,0.047645,-0.89398,-0.058415
0.0032003,0.52364,-0.14886,-0.0019196,0.34688,-0.097724,-0.17443,0.23399,-0.099601,0.18222,0.23748,-0.04909,-0.30285,0.020755,-0.1009,0.29367,0.023514,-0.023811,-0.4651,-0.1261,-0.17183,0.45446,-0.086858,-0.18638,-0.0016377,0.0040969,-0.0098755,0,-0.066692,0,-0.083593,-0.14728,0.0070643,0.084328,-0.14434,0.025134,-0.083753,-0.53108,-0.046421,0.089831,-0.5358,-0.053311,-0.088967,-0.89417,0.0050687,0.039175,-0.88778,-0.024081
0.0015526,0.48233,-0.1116,0.0017074,0.29578,-0.068263,-0.17774,0.17712,-0.079764,0.17988,0.18134,-0.02304,-0.30583,-0.03693,-0.078958,0.28461,-0.043071,-0.016086,-0.46673,-0.18057,-0.16068,0.45628,-0.10691,-0.16378,-0.0010499,-0.049424,-0.0058092,0,-0.11979,0,-0.0833,-0.20221,0.00092747,0.08264,-0.19804,0.020221,-0.051687,-0.57265,-0.059171,0.083458,-0.56891,-0.046677,-0.082392,-0.90628,0.020147,0.024737,-0.89814,0.0071523
0.0058081,0.4697,-0.084518,0.0023011,0.28035,-0.065478,-0.17274,0.16737,-0.078769,0.18061,0.16549,-0.019507,-0.26019,-0.061231,-0.025964,0.29244,-0.057067,-0.012675,-0.44239,-0.18203,-0.14345,0.4577,-0.14508,-0.15312,-0.00085788,-0.070638,-0.0061063,0,-0.14211,0,-0.081879,-0.22053,0.00032952,0.081223,-0.21963,0.019043,-0.066146,-0.58899,-0.078532,0.086501,-0.58802,-0.061827,-0.076601,-0.90723,0.011046,0.025009,-0.89781,0.0039089
0.006962,0.47113,-0.079302,0.0020321,0.28034,-0.064733,-0.17183,0.16672,-0.078206,0.18096,0.16557,-0.019112,-0.31251,-0.068678,-0.057945,0.30067,-0.051398,-0.0050141,-0.46866,-0.21065,-0.15284,0.45768,-0.14677,-0.15052,-0.0008193,-0.070807,-0.0067774,0,-0.14217,0,-0.081335,-0.22108,-9.5339e-05,0.081117,-0.21971,0.019104,-0.073816,-0.58936,-0.080397,0.088672,-0.58701,-0.066388,-0.076227,-0.90746,0.0091535,0.021229,-0.89228,-0.0046188
0.0099386,0.50915,-0.068883,0.0029737,0.3247,-0.049443,-0.17248,0.19737,-0.068065,0.17885,0.2006,-0.018073,-0.29741,-0.0053987,-0.055865,0.30609,-0.01118,0.006235,-0.43994,-0.18293,-0.13024,0.45044,-0.14875,-0.12891,-0.00046919,-0.038847,-0.0052011,0,-0.11139,0,-0.082567,-0.19045,-0.0027519,0.081887,-0.19073,0.016657,-0.090991,-0.5697,-0.053163,0.086264,-0.5662,-0.050106,-0.082201,-0.9071,0.018954,0.018513,-0.89431,0.0060767
0.011532,0.56327,-0.077343,-0.0048052,0.38529,-0.052899,-0.17576,0.2641,-0.061898,0.18157,0.26449,-0.019686,-0.29893,0.038725,-0.055747,0.3023,0.033414,-0.0015384,-0.41319,-0.15204,-0.11037,0.43732,-0.15086,-0.086918,-0.0014538,0.027982,-0.0060582,0,-0.044077,0,-0.082587,-0.12483,-0.0018318,0.08439,-0.12444,0.016591,-0.08451,-0.53633,-0.0074207,0.076593,-0.53726,0.002203,-0.091757,-0.91144,0.027335,0.0059541,-0.90566,0.026275
0.0093278,0.62143,-0.092127,0.0033014,0.44005,-0.064743,-0.17779,0.3206,-0.057864,0.1793,0.31747,-0.044434,-0.27646,0.084633,-0.052643,0.28931,0.07761,-0.012231,-0.38178,-0.11504,-0.079136,0.41995,-0.11902,-0.033165,0.0003679,0.081973,-0.0085685,0,0.0096452,0,-0.083594,-0.070411,0.0033822,0.082367,-0.07031,0.015642,-0.079734,-0.53177,-0.013794,0.069719,-0.51785,-0.0042282,-0.086579,-0.91057,0.0219,0.0048635,-0.90358,0.018962
0.0064572,0.66634,-0.10321,-0.0019286,0.47578,-0.0808,-0.18368,0.36045,-0.069804,0.17747,0.35808,-0.065343,-0.27157,0.12382,-0.041026,0.27529,0.10155,-0.014983,-0.36883,-0.079545,-0.036779,0.39029,-0.089102,0.010965,-0.0002598,0.13008,-0.011901,0,0.059197,0,-0.084929,-0.023116,0.010454,0.085408,-0.018995,0.01549,-0.079036,-0.47689,-0.057716,0.066402,-0.45646,-0.051747,-0.063861,-0.86301,0.051154,0.029939,-0.80012,0.040277
0.0069213,0.68204,-0.12718,0.0016232,0.49129,-0.086507,-0.1793,0.38109,-0.069113,0.17685,0.37179,-0.069064,-0.26155,0.15518,-0.016222,0.26941,0.1293,-0.0041894,-0.3643,-0.045727,-0.015213,0.39039,-0.05146,0.044099,0.00034986,0.15048,-0.013432,0,0.082094,0,-0.085504,0.0086017,0.016062,0.084563,0.0015376,0.013434,-0.084363,-0.35217,-0.097055,0.078818,-0.35983,-0.097342,-0.047422,-0.7215,0.062893,0.032147,-0.71446,0.1028
0.0083294,0.68881,-0.1379,0.0020368,0.50861,-0.088711,-0.17677,0.39791,-0.066524,0.17574,0.38707,-0.07316,-0.25539,0.18391,-0.0054343,0.26207,0.14767,0.0052733,-0.38541,0.0079928,0.038247,0.40514,-0.013809,0.059421,0.00057666,0.17914,-0.013942,0,0.11238,0,-0.086822,0.033681,0.016447,0.085232,0.034767,0.012051,-0.10208,-0.2943,-0.17639,0.066088,-0.30615,-0.15434,-0.024257,-0.46316,0.035037,0.083887,-0.48881,0.12961
0.011403,0.69395,-0.13746,0.003992,0.5154,-0.089451,-0.17244,0.41438,-0.056545,0.17868,0.39521,-0.067759,-0.25189,0.22206,0.021133,0.26825,0.15958,0.01767,-0.41018,0.082963,0.089517,0.44194,0.032204,0.072854,0.00084067,0.18386,-0.014407,0,0.11688,0,-0.086811,0.039827,0.016945,0.084986,0.038039,0.012158,-0.076594,-0.28819,-0.1873,0.10827,-0.28059,-0.1958,-0.0019119,-0.52454,-0.01276,0.11959,-0.47685,0.15267
0.022075,0.704,-0.13354,0.0046562,0.51981,-0.089556,-0.1732,0.41653,-0.052535,0.18037,0.39724,-0.066407,-0.26125,0.23556,0.046701,0.27805,0.164,0.023918,-0.44907,0.13418,0.10769,0.47241,0.060124,0.060838,0.00094328,0.18751,-0.014754,0,0.12043,0,-0.087012,0.04296,0.017185,0.084775,0.04074,0.012166,-0.079418,-0.28705,-0.18853,0.13114,-0.28674,-0.17582,-0.24134,-0.039552,-0.11282,-0.14926,-0.1484,-0.18899
0.020174,0.70478,-0.13445,0.0071212,0.5232,-0.09191,-0.17317,0.41991,-0.050134,0.18033,0.39903,-0.066749,-0.2756,0.24916,0.060529,0.30558,0.17839,0.03815,-0.48122,0.19466,0.12353,0.51381,0.090451,0.020185,0.001251,0.19156,-0.01545,0,0.12473,0,-0.086403,0.047429,0.017052,0.083705,0.045181,0.013596,-0.10693,-0.2578,-0.21155,0.14511,-0.28305,-0.16827,0.069882,-0.35089,0.0026852,0.036278,-0.53625,-0.34312
0.018571,0.70535,-0.13473,0.0052641,0.52428,-0.091682,-0.17461,0.42162,-0.048745,0.17947,0.40047,-0.066829,-0.30342,0.26533,0.07009,0.31205,0.18101,0.018632,-0.51864,0.23616,0.11929,0.52868,0.12254,-0.022507,0.00092873,0.19274,-0.015661,0,0.12595,0,-0.085312,0.048755,0.017328,0.083524,0.046202,0.013305,-0.10739,-0.26541,-0.19744,0.13827,-0.29731,-0.13692,-0.23833,-0.5407,-0.29381,0.15504,-0.51933,0.14828
0.016206,0.70477,-0.13363,0.0069927,0.52208,-0.088717,-0.17666,0.42066,-0.043835,0.17814,0.4007,-0.065791,-0.31203,0.26379,0.069298,0.31897,0.19102,-0.019291,-0.53575,0.25337,0.086413,0.53635,0.15955,-0.086267,0.0011175,0.1881,-0.015446,0,0.12073,0,-0.085278,0.04403,0.01783,0.083059,0.038915,0.011523,-0.099097,-0.31207,-0.10782,0.12056,-0.34371,-0.094372,-0.32187,-0.45236,-0.30281,0.16837,-0.69104,0.11415
0.005014,0.69374,-0.12476,-2.7454e-05,0.50559,-0.07903,-0.18589,0.4065,-0.030727,0.1669,0.39137,-0.062384,-0.34553,0.246,0.042672,0.30522,0.18705,-0.023124,-0.56661,0.29301,0.027722,0.51961,0.17872,-0.1078,6.9422e-07,0.15051,-0.013407,0,0.077933,0,-0.082912,0.0011306,0.015152,0.080895,-0.0023458,0.0086111,-0.09236,-0.38929,-0.08114,0.10062,-0.4488,-0.058598,-0.010705,-0.73947,0.088975,0.13763,-0.80162,0.070544
0.0096679,0.66074,-0.11295,0.012363,0.45915,-0.067673,-0.17818,0.38414,-0.022115,0.17767,0.36162,-0.055379,-0.34941,0.22737,0.0064386,0.30993,0.16541,-0.048906,-0.55913,0.31141,-0.0024149,0.50164,0.18428,-0.18061,0.002005,0.11535,-0.012466,0,0.047139,0,-0.083377,-0.026689,0.014035,0.079214,-0.03911,0.0070097,-0.072622,-0.49724,-0.051934,0.096545,-0.51415,-0.030079,-0.014843,-0.86659,0.047363,0.12391,-0.86598,0.038734
0.013684,0.61587,-0.10203,0.016794,0.418,-0.044428,-0.17074,0.32137,-0.018574,0.17672,0.30153,-0.052691,-0.36599,0.19979,-0.0032841,0.33675,0.12938,-0.090915,-0.5689,0.29101,-0.056213,0.50306,0.18609,-0.24648,0.0029588,0.064445,-0.0085999,0,-0.0063951,0,-0.084293,-0.081005,0.0080409,0.078115,-0.087911,0.0033174,-0.045674,-0.54886,-0.040247,0.077323,-0.51901,-0.026281,0.0025413,-0.89289,0.036606,0.082016,-0.89779,0.0093275
0.01029,0.55172,-0.083676,0.01067,0.36602,-0.034301,-0.17598,0.26852,-0.013719,0.181,0.24996,-0.045919,-0.38961,0.14982,-0.013458,0.32484,0.077243,-0.094677,-0.58826,0.21478,-0.11265,0.45511,0.10471,-0.29069,0.0019091,0.01458,-0.0070662,0,-0.055788,0,-0.085459,-0.13097,0.0041033,0.081396,-0.14121,0.0037969,-0.052865,-0.55047,-0.040532,0.052789,-0.53196,-0.040623,-5.8953e-05,-0.89264,0.033734,0.073728,-0.89902,0.012374
0.0078942,0.49971,-0.073648,0.013133,0.31087,-0.033109,-0.17676,0.20527,-0.012367,0.17294,0.19491,-0.03868,-0.3842,0.093225,-0.024897,0.32297,0.02939,-0.098033,-0.58759,0.095977,-0.13646,0.43867,0.027904,-0.30547,0.0022862,-0.043037,-0.007006,0,-0.11389,0,-0.08351,-0.19058,0.0056167,0.078648,-0.19443,0.0016235,-0.058029,-0.56132,-0.045881,0.085405,-0.56895,-0.065746,-0.0013127,-0.88958,0.024631,0.073135,-0.89171,0.002626
0.0063649,0.47771,-0.074139,-0.0004099,0.26599,-0.039522,-0.18002,0.17887,-0.014582,0.17728,0.15744,-0.03603,-0.37427,0.035143,-0.038383,0.31288,-0.018642,-0.10209,-0.57295,0.0070479,-0.15531,0.42443,-0.021085,-0.31185,0.00070292,-0.064727,-0.0078002,0,-0.13227,0,-0.081411,-0.21288,0.0073791,0.080125,-0.21494,0.0035701,-0.06227,-0.58277,-0.053342,0.084863,-0.5825,-0.07548,0.00012149,-0.88401,0.0063053,0.078634,-0.88771,-0.010152
0.0048732,0.48058,-0.075882,3.721e-06,0.26862,-0.041553,-0.18194,0.17556,-0.015308,0.17699,0.15667,-0.036403,-0.36566,0.013894,-0.037117,0.30623,-0.041078,-0.12024,-0.55882,-0.049112,-0.1489,0.42892,-0.031321,-0.32296,0.00036827,-0.065491,-0.0082195,0,-0.13353,0,-0.081385,-0.21457,0.0075623,0.080721,-0.21625,0.0039691,-0.0634,-0.5843,-0.053709,0.083912,-0.58353,-0.075872,-0.0039591,-0.87563,0.0020604,0.079517,-0.8854,-0.011077
0.0066865,0.48832,-0.075663,-0.0025602,0.31904,-0.042782,-0.18131,0.20755,-0.020888,0.17241,0.20453,-0.041923,-0.35657,0.017798,-0.034752,0.31074,-0.012505,-0.12027,-0.53399,-0.074749,-0.15262,0.4323,-0.044359,-0.32126,-0.00023427,-0.04259,-0.0088443,0,-0.11407,0,-0.08209,-0.19069,0.0049447,0.081585,-0.19481,0.0052353,-0.062729,-0.56428,-0.02927,0.091636,-0.56978,-0.04955,0.0078102,-0.88916,0.03821,0.080224,-0.89352,0.012641
0.010059,0.56276,-0.078275,0.0028654,0.37821,-0.029699,-0.1763,0.26468,-0.023427,0.17943,0.25256,-0.046994,-0.32921,0.062338,-0.03083,0.30777,0.053752,-0.096895,-0.47649,-0.084475,-0.13194,0.42393,-0.046149,-0.27609,0.00053398,0.020636,-0.0068746,0,-0.050917,0,-0.083869,-0.13002,-5.1835e-05,0.0828,-0.13199,0.0060786,-0.062202,-0.53958,0.020857,0.093726,-0.54502,0.002402,0.015796,-0.89104,0.052685,0.095744,-0.89999,0.039043
0.0074896,0.63037,-0.084658,0.0052856,0.44107,-0.043536,-0.17442,0.33416,-0.033828,0.16913,0.32334,-0.057638,-0.29751,0.11442,-0.028045,0.29644,0.10249,-0.089436,-0.42657,-0.057335,-0.11048,0.40774,-0.030999,-0.24684,0.00093456,0.080451,-0.0092655,0,0.0082654,0,-0.080867,-0.066606,0.0052325,0.078983,-0.071157,0.0054575,-0.056237,-0.52441,0.027283,0.099527,-0.53227,0.005488,0.01238,-0.8875,0.056141,0.103,-0.89256,0.040669
0.012788,0.67626,-0.094876,0.0067078,0.49561,-0.064416,-0.17742,0.38593,-0.048023,0.17268,0.37181,-0.071199,-0.28082,0.1369,-0.037032,0.29264,0.1378,-0.095084,-0.39113,-0.048072,-0.11783,0.41015,-0.027966,-0.2067,0.0011657,0.13801,-0.012824,0,0.066393,0,-0.083311,-0.011377,0.011508,0.080863,-0.012443,0.0070514,-0.0461,-0.46313,-0.0071689,0.092472,-0.44998,-0.027852,0.020923,-0.84124,0.050683,0.12276,-0.8103,0.06099
0.01139,0.70524,-0.11691,0.0030042,0.52664,-0.081558,-0.17903,0.40957,-0.057907,0.17315,0.39289,-0.083761,-0.27252,0.15439,-0.046221,0.28936,0.15833,-0.085454,-0.37164,-0.045151,-0.095379,0.40488,-0.024285,-0.16394,0.00050262,0.1806,-0.016183,0,0.11209,0,-0.084682,0.035062,0.01482,0.084085,0.032315,0.011204,-0.058029,-0.35153,-0.081145,0.075483,-0.36526,-0.07082,0.016399,-0.7189,0.056927,0.10398,-0.71222,0.088258
0.0071626,0.71664,-0.12781,0.0019762,0.53595,-0.08686,-0.17954,0.42302,-0.063799,0.16772,0.40958,-0.088269,-0.26693,0.16988,-0.044017,0.28744,0.16605,-0.07579,-0.36896,-0.031325,-0.062285,0.41438,-0.016465,-0.12792,0.00029794,0.19268,-0.016956,0,0.12414,0,-0.083989,0.049553,0.015338,0.083214,0.04672,0.013037,-0.10601,-0.29686,-0.13481,0.044404,-0.30198,-0.12718,0.011211,-0.51507,0.021552,0.078749,-0.51888,0.072622
0.0078302,0.71932,-0.14613,0.00014154,0.54255,-0.096033,-0.17885,0.4323,-0.070353,0.17038,0.4137,-0.091591,-0.26286,0.18571,-0.046008,0.28663,0.17874,-0.057492,-0.36872,-0.013557,-0.05901,0.42098,-0.0005712,-0.097764,5.9145e-05,0.20732,-0.018849,0,0.14122,0,-0.083986,0.066819,0.018113,0.084694,0.062487,0.014361,-0.12678,-0.24367,-0.19735,0.04585,-0.26097,-0.18049,-0.0022581,-0.44253,-0.012396,0.090233,-0.4381,0.12214
0.007761,0.72103,-0.15384,0.00057876,0.54344,-0.099942,-0.17814,0.43508,-0.075336,0.17252,0.41699,-0.092321,-0.26462,0.20211,-0.040991,0.28102,0.18381,-0.043025,-0.38956,0.015183,-0.035546,0.43524,0.020529,-0.078212,0.00021843,0.21133,-0.019389,0,0.14566,0,-0.084215,0.068952,0.019272,0.084244,0.069993,0.014842,-0.1101,-0.23412,-0.20956,0.091336,-0.22477,-0.2266,0.0092516,-0.44328,-0.027004,0.076846,-0.36502,0.14853
0.0090802,0.72087,-0.15831,-0.0024164,0.53899,-0.1066,-0.1786,0.43244,-0.084074,0.1766,0.41894,-0.091658,-0.26451,0.20711,-0.036959,0.27945,0.1831,-0.036159,-0.4104,0.037345,-0.02215,0.45806,0.047401,-0.074019,9.5007e-05,0.21249,-0.020089,0,0.14738,0,-0.086779,0.068829,0.020436,0.086175,0.072113,0.015958,-0.11035,-0.2228,-0.22394,0.083383,-0.22887,-0.21734,0.0083172,-0.43643,-0.039113,0.078529,-0.36766,0.14609
0.010267,0.71722,-0.16132,-0.0070304,0.53322,-0.1115,-0.17734,0.42806,-0.092398,0.17828,0.41612,-0.095259,-0.27524,0.20703,-0.02979,0.28078,0.18109,-0.029801,-0.42359,0.03801,-0.025029,0.46966,0.061351,-0.07331,-0.00079406,0.21145,-0.020763,0,0.14692,0,-0.086414,0.069798,0.020842,0.087444,0.070381,0.017259,-0.10519,-0.23378,-0.20769,0.082267,-0.23992,-0.20224,-0.010397,-0.43889,0.063666,0.050505,-0.4484,0.072406
0.0018632,0.70596,-0.16923,-0.0046371,0.52886,-0.11273,-0.1784,0.42293,-0.094011,0.1767,0.41276,-0.098836,-0.2742,0.20225,-0.026882,0.28007,0.18787,-0.027219,-0.44663,0.058149,-0.020172,0.47307,0.080274,-0.086374,-0.00062149,0.20573,-0.021166,0,0.14104,0,-0.085825,0.064269,0.021189,0.086953,0.063721,0.018019,-0.11883,-0.25185,-0.18615,0.089069,-0.26373,-0.17258,-0.058746,-0.52048,-0.0042356,0.046593,-0.54219,0.030163
-0.001448,0.70051,-0.16329,-0.0029586,0.51914,-0.10825,-0.18001,0.41418,-0.09062,0.17812,0.40716,-0.093063,-0.28367,0.1914,-0.026261,0.28545,0.18486,-0.022042,-0.4731,0.068966,-0.0344,0.47083,0.096607,-0.12913,-0.00047445,0.18654,-0.020342,0,0.11954,0,-0.086374,0.03811,0.01743,0.087776,0.043069,0.019381,-0.10516,-0.30803,-0.14345,0.083948,-0.32791,-0.12392,-0.083765,-0.68244,-0.020053,0.039373,-0.6943,-0.0037432
-0.0078153,0.68083,-0.14878,-0.0098701,0.50196,-0.09368,-0.18498,0.38735,-0.080757,0.17761,0.39278,-0.076156,-0.31499,0.15903,-0.017161,0.28964,0.17446,-0.016335,-0.51007,0.054951,-0.075627,0.47133,0.086096,-0.1303,-0.0018939,0.15559,-0.017454,0,0.085204,0,-0.083284,0.0015076,0.011507,0.088317,0.0061883,0.017829,-0.091954,-0.40869,-0.11432,0.07053,-0.42352,-0.092203,-0.11542,-0.75808,-0.034571,0.01953,-0.78114,-0.029397
-0.011434,0.65866,-0.12643,-0.0098732,0.47219,-0.07283,-0.18686,0.35765,-0.068052,0.17205,0.36084,-0.058353,-0.31962,0.14508,-0.020343,0.28196,0.13538,-0.028487,-0.50614,0.0369,-0.10029,0.46104,0.050076,-0.1563,-0.0017152,0.1125,-0.014143,0,0.040468,0,-0.08104,-0.044207,0.0061072,0.085635,-0.033434,0.015985,-0.073614,-0.50153,-0.084752,0.068752,-0.50677,-0.063962,-0.12342,-0.86215,-0.020318,-0.0057869,-0.88209,-0.040176
-0.021203,0.61421,-0.086044,-0.017654,0.42554,-0.046492,-0.19504,0.30037,-0.03838,0.16946,0.30814,-0.017196,-0.32793,0.106,-0.011116,0.28154,0.089325,-0.016268,-0.51949,0.008342,-0.092848,0.44824,0.0061942,-0.15701,-0.002955,0.069388,-0.010292,0,-0.0018623,0,-0.0826,-0.089682,0.0017902,0.089361,-0.077738,0.010836,-0.06495,-0.50733,-0.062376,0.071018,-0.50325,-0.040107,-0.11613,-0.86594,-0.0024381,0.0028915,-0.87182,-0.02181
-0.01147,0.55448,-0.050222,-0.012954,0.36556,-0.015175,-0.18992,0.24347,-0.023807,0.16739,0.25019,-3.795e-05,-0.3505,0.043884,-0.025802,0.28892,0.026419,0.0019383,-0.53814,-0.052372,-0.11937,0.45942,-0.052992,-0.16741,-0.0021717,0.014211,-0.0050937,0,-0.056059,0,-0.083157,-0.13446,-0.0060943,0.088112,-0.13896,0.0067246,-0.051508,-0.53059,-0.052401,0.069348,-0.55403,-0.033717,-0.09778,-0.90764,0.030518,0.009496,-0.89797,0.035237
-0.01443,0.51256,-0.022696,-0.010296,0.31834,-0.0027278,-0.18558,0.18736,-0.021491,0.16994,0.1983,0.016933,-0.34393,-0.010321,-0.0086731,0.28947,-0.03972,-0.0091914,-0.52928,-0.092356,-0.12115,0.46395,-0.096998,-0.15367,-0.0018495,-0.040683,-0.001966,0,-0.11245,0,-0.081428,-0.19681,-0.012775,0.085282,-0.18936,0.0087314,-0.070797,-0.57105,-0.056856,0.070394,-0.55984,-0.036875,-0.09324,-0.908,0.037989,0.011998,-0.89726,0.038114
-0.012362,0.50414,-0.014616,-0.0099778,0.31163,-0.0038959,-0.18386,0.18117,-0.025396,0.16809,0.18726,0.013468,-0.34248,-0.013689,-0.014397,0.28385,-0.045381,-0.0046966,-0.52319,-0.099204,-0.13233,0.45848,-0.10168,-0.14938,-0.0018816,-0.050057,-0.0013588,0,-0.1224,0,-0.080847,-0.20433,-0.012252,0.084446,-0.19847,0.0084657,-0.073175,-0.57456,-0.061696,0.074727,-0.56809,-0.046359,-0.089621,-0.90659,0.032085,0.012968,-0.8855,0.0033868
-0.011487,0.50648,-0.012214,-0.0092545,0.31574,-0.0024788,-0.18206,0.18275,-0.02427,0.16866,0.19174,0.0094756,-0.34383,-0.010482,-0.019211,0.28525,-0.038578,-0.0032758,-0.52457,-0.10252,-0.13134,0.45891,-0.10656,-0.14361,-0.0017836,-0.047681,-0.00017402,0,-0.1202,0,-0.080656,-0.20241,-0.01115,0.083556,-0.19524,0.0058795,-0.0752,-0.57272,-0.059356,0.078291,-0.56514,-0.046376,-0.087946,-0.90672,0.034905,0.022192,-0.86578,0.00048873
-0.0052104,0.55428,-0.009682,-0.011317,0.36637,0.0042801,-0.18289,0.24365,-0.010609,0.16947,0.24268,0.0068959,-0.3409,0.045259,-0.023179,0.30674,0.024546,0.016519,-0.49898,-0.097769,-0.11023,0.46033,-0.10746,-0.11752,-0.0021081,0.002301,0.0024168,0,-0.070288,0,-0.081452,-0.15119,-0.0095552,0.085569,-0.14822,0.0030777,-0.075419,-0.55637,-0.02167,0.078905,-0.5528,-0.016206,-0.082707,-0.90789,0.057847,0.00083039,-0.90966,0.063925
-0.0060276,0.61352,-0.040831,-0.0081388,0.4301,-0.0071976,-0.17879,0.3015,-0.018076,0.17597,0.30061,-0.0069061,-0.33626,0.071704,-0.028596,0.30742,0.064092,0.012533,-0.47932,-0.092159,-0.10169,0.44655,-0.089873,-0.089308,-0.0015031,0.061533,0.00069699,0,-0.012098,0,-0.082212,-0.094035,-0.0053482,0.085153,-0.08997,0.003061,-0.076386,-0.53962,0.00054334,0.067455,-0.52174,0.011383,-0.081199,-0.90782,0.057767,0.0026786,-0.90829,0.062142
-0.002197,0.65695,-0.068818,0.00017094,0.47693,-0.032402,-0.17221,0.35906,-0.038104,0.17995,0.35246,-0.039234,-0.30519,0.11953,-0.045519,0.30371,0.10724,-0.004505,-0.43748,-0.061631,-0.082627,0.43212,-0.076459,-0.059056,4.5291e-05,0.11075,-0.0039709,0,0.037298,0,-0.083174,-0.042644,0.0023751,0.083113,-0.041129,0.0044226,-0.080766,-0.50483,-0.017593,0.067449,-0.50558,-0.010204,-0.078143,-0.87813,0.043851,0.011778,-0.8881,0.044399
0.0029052,0.68984,-0.094232,0.0046439,0.50793,-0.058079,-0.17657,0.3883,-0.05313,0.1739,0.37731,-0.059778,-0.29002,0.15992,-0.048175,0.29561,0.12554,-0.010542,-0.40651,-0.032354,-0.043213,0.41424,-0.066224,-0.017921,0.00076569,0.14775,-0.0088119,0,0.07686,0,-0.084718,0.0029338,0.0075605,0.083012,-0.0029619,0.0095061,-0.091711,-0.40902,-0.069627,0.06315,-0.41846,-0.061972,-0.070227,-0.77566,0.055876,0.022924,-0.77108,0.058384
0.0091173,0.69499,-0.11317,0.0092606,0.51212,-0.066945,-0.1757,0.40283,-0.059716,0.17681,0.38401,-0.065258,-0.28273,0.16446,-0.042741,0.29212,0.1377,-0.0091285,-0.39769,-0.02835,-0.033943,0.41754,-0.049415,-0.010399,0.0020356,0.16916,-0.011414,0,0.10219,0,-0.089155,0.028007,0.011219,0.084374,0.017726,0.010969,-0.092766,-0.32364,-0.12352,0.066848,-0.33836,-0.10865,-0.044816,-0.66719,0.092271,0.044185,-0.6531,0.095873
0.010065,0.70084,-0.12493,0.0085416,0.51487,-0.073833,-0.17658,0.40948,-0.061979,0.17822,0.39318,-0.069457,-0.27907,0.17953,-0.028966,0.27946,0.14986,0.0024335,-0.39979,-0.0080429,-0.0088091,0.42029,-0.025188,0.0094256,0.0017073,0.18339,-0.012998,0,0.11813,0,-0.089546,0.040768,0.013248,0.085647,0.03863,0.012884,-0.079135,-0.2829,-0.18295,0.056514,-0.29574,-0.16059,-0.018893,-0.49007,0.093274,0.050743,-0.49353,0.11574
0.012617,0.69028,-0.16274,0.015168,0.51137,-0.089218,-0.17276,0.41184,-0.066373,0.17963,0.39721,-0.07358,-0.27135,0.18878,-0.0023372,0.27122,0.15568,0.007679,-0.41633,0.021111,0.026188,0.44241,0.014716,0.03566,0.0019884,0.1853,-0.014136,0,0.12058,0,-0.089711,0.044288,0.014544,0.084726,0.043088,0.014911,-0.091047,-0.27726,-0.18541,0.070578,-0.2696,-0.19906,-0.0096432,-0.39074,0.12188,0.053013,-0.41006,0.15675
0.017536,0.67934,-0.17561,0.017381,0.50297,-0.10494,-0.16699,0.40798,-0.07622,0.18128,0.39625,-0.076588,-0.2692,0.19018,0.015567,0.27009,0.16564,0.020219,-0.4463,0.060384,0.053938,0.46497,0.06057,0.050139,0.0020252,0.18533,-0.014813,0,0.12066,0,-0.089899,0.044747,0.014696,0.083453,0.043556,0.018627,-0.090583,-0.22883,-0.25045,0.06375,-0.26326,-0.20378,-0.012588,-0.37898,0.12025,0.050166,-0.40814,0.15574
0.020475,0.67071,-0.18695,0.017135,0.49438,-0.11953,-0.15878,0.39965,-0.093466,0.18424,0.39039,-0.083689,-0.29208,0.19215,0.029849,0.2736,0.1664,0.019841,-0.4954,0.1118,0.072221,0.48574,0.094189,0.032707,0.0021543,0.18376,-0.016519,0,0.11944,0,-0.089599,0.04464,0.014345,0.081998,0.040848,0.025617,-0.086207,-0.26292,-0.20752,0.069917,-0.26291,-0.20144,-0.014388,-0.40025,0.11219,0.053867,-0.44605,0.10358
0.028089,0.65285,-0.20403,0.016208,0.4829,-0.13611,-0.15599,0.38891,-0.10677,0.18884,0.38091,-0.091841,-0.32404,0.2092,0.026484,0.27735,0.16543,0.015947,-0.53794,0.15686,0.062338,0.4978,0.12098,-0.01643,0.0023066,0.17684,-0.020144,0,0.11325,0,-0.089266,0.039644,0.017307,0.082137,0.035242,0.028313,-0.10973,-0.27552,-0.19146,0.094456,-0.28621,-0.17065,-0.031218,-0.56143,0.0076317,0.069057,-0.52554,0.046245
0.025957,0.64353,-0.21262,0.015502,0.46727,-0.14807,-0.15836,0.37945,-0.11242,0.18796,0.36675,-0.10147,-0.33393,0.21155,0.023671,0.28357,0.1593,0.0031952,-0.55715,0.18786,0.033663,0.50827,0.12378,-0.059328,0.0025371,0.15109,-0.025196,0,0.087294,0,-0.087528,0.015027,0.022394,0.080957,0.014397,0.029498,-0.10727,-0.32046,-0.14868,0.099842,-0.32228,-0.13911,-0.044488,-0.66913,-0.04345,0.098438,-0.67102,0.008836
0.02451,0.62803,-0.20564,0.016755,0.44217,-0.14155,-0.16076,0.35943,-0.10624,0.18828,0.33955,-0.093027,-0.34238,0.20841,0.025509,0.29072,0.1439,-0.011983,-0.55992,0.17533,-0.038193,0.4982,0.10089,-0.10319,0.0028481,0.11062,-0.024605,0,0.043251,0,-0.086097,-0.027629,0.021263,0.079134,-0.035337,0.028496,-0.10174,-0.41838,-0.11834,0.095232,-0.42006,-0.10535,-0.060632,-0.77762,-0.081261,0.1044,-0.77862,-0.017376
0.028732,0.60891,-0.19377,0.016068,0.4194,-0.1305,-0.15957,0.32468,-0.094387,0.19175,0.3066,-0.083913,-0.35298,0.17065,-0.01155,0.29063,0.10384,-0.030673,-0.57405,0.15687,-0.068302,0.4915,0.052763,-0.13601,0.0026376,0.078396,-0.022796,0,0.0096259,0,-0.085819,-0.067137,0.017292,0.07977,-0.070098,0.025293,-0.093581,-0.51051,-0.083644,0.095317,-0.49819,-0.079955,-0.064631,-0.89092,-0.079232,0.092543,-0.86383,-0.053625
0.028501,0.54817,-0.17986,0.022813,0.36976,-0.10764,-0.16286,0.27165,-0.078081,0.1948,0.25525,-0.068228,-0.34258,0.11611,-0.0215,0.30417,0.047116,-0.038066,-0.55891,0.10541,-0.098283,0.49381,-0.0043359,-0.1625,0.0037804,0.027056,-0.019409,0,-0.041838,0,-0.087954,-0.11786,0.014617,0.079254,-0.12278,0.021284,-0.087307,-0.5246,-0.054629,0.081675,-0.53877,-0.04946,-0.069395,-0.88898,-0.054289,0.084296,-0.86669,-0.04591
0.031693,0.50367,-0.14151,0.0191,0.31974,-0.090098,-0.16212,0.21487,-0.063855,0.19331,0.20271,-0.047356,-0.34365,0.047416,-0.01909,0.27153,-0.044033,-0.01792,-0.55211,0.021565,-0.11498,0.46009,-0.065804,-0.16419,0.0031368,-0.026595,-0.016605,0,-0.09612,0,-0.086933,-0.17234,0.012475,0.079709,-0.17718,0.016494,-0.084891,-0.54599,-0.041745,0.069326,-0.54983,-0.042612,-0.054474,-0.90967,0.0082834,0.053038,-0.90275,0.0072856
0.027851,0.46429,-0.11638,0.012125,0.27426,-0.069106,-0.16275,0.16359,-0.057302,0.1871,0.15546,-0.035111,-0.33426,-0.019357,-0.02006,0.26088,-0.084317,-0.033904,-0.53351,-0.059235,-0.13163,0.45571,-0.12178,-0.1771,0.0019574,-0.073113,-0.013215,0,-0.14276,0,-0.083263,-0.21909,0.0075179,0.078722,-0.2225,0.013308,-0.072721,-0.5832,-0.075985,0.06915,-0.58796,-0.062904,-0.052135,-0.90918,0.0084296,0.049368,-0.90479,0.012472
0.025054,0.45381,-0.097629,0.012017,0.26199,-0.059302,-0.16329,0.15802,-0.051386,0.18544,0.1497,-0.034757,-0.32474,-0.042983,-0.015825,0.26309,-0.090543,-0.034789,-0.50925,-0.11348,-0.13834,0.4527,-0.14221,-0.17847,0.0020074,-0.083554,-0.011943,0,-0.15326,0,-0.083566,-0.22834,0.004965,0.078974,-0.23444,0.012763,-0.080812,-0.58912,-0.094013,0.077472,-0.59441,-0.08959,-0.033717,-0.90729,-0.014722,0.045329,-0.91043,0.0078437
0.024677,0.4612,-0.080773,0.011887,0.26508,-0.053004,-0.1628,0.15845,-0.050259,0.18597,0.1494,-0.032759,-0.31857,-0.037677,-0.015509,0.26391,-0.085742,-0.035448,-0.48573,-0.14743,-0.13344,0.44605,-0.15209,-0.17591,0.0020498,-0.083037,-0.011375,0,-0.15256,0,-0.083297,-0.22722,0.0031138,0.07862,-0.23356,0.011793,-0.087988,-0.58919,-0.089974,0.077526,-0.59388,-0.088549,-0.034959,-0.90778,-0.014457,0.045459,-0.91073,0.0050807
0.027823,0.50499,-0.05086,0.0070469,0.32255,-0.017864,-0.1613,0.20821,-0.037434,0.18608,0.19988,-0.016263,-0.3249,-0.0084523,-0.0069162,0.2857,-0.015702,-0.019247,-0.4703,-0.154,-0.11292,0.4423,-0.15317,-0.15325,0.0011275,-0.035826,-0.0049521,0,-0.10751,0,-0.082833,-0.1836,-0.0074161,0.080259,-0.18853,0.0090109,-0.08792,-0.56488,-0.050992,0.077878,-0.56844,-0.057012,-0.038748,-0.90686,-9.1636e-05,0.046873,-0.91239,0.022272
0.028358,0.57217,-0.051018,0.013133,0.38826,-0.0093034,-0.16231,0.2807,-0.028332,0.19218,0.26134,-0.013558,-0.31233,0.046834,-0.0070717,0.29522,0.030845,-0.017726,-0.43425,-0.13835,-0.062164,0.43685,-0.14018,-0.10253,0.0021418,0.028676,-0.0031841,0,-0.04323,0,-0.085858,-0.12036,-0.0077817,0.08098,-0.12636,0.0062211,-0.082103,-0.54727,0.0037451,0.08635,-0.55841,0.0031832,-0.039109,-0.90639,0.017746,0.055143,-0.91672,0.045071
0.02304,0.63715,-0.058751,0.01071,0.45754,-0.014551,-0.16435,0.34339,-0.042226,0.1859,0.32759,-0.02174,-0.29322,0.10497,-0.022193,0.29016,0.085017,-0.024136,-0.3971,-0.095274,-0.037242,0.40909,-0.10435,-0.067432,0.0017265,0.089338,-0.0041708,0,0.015694,0,-0.083344,-0.061085,-0.0076132,0.079502,-0.066,0.00799,-0.078264,-0.53123,0.0087536,0.096942,-0.53158,0.012228,-0.046942,-0.88889,0.012299,0.074966,-0.87354,0.030671
0.020994,0.68443,-0.071369,0.011612,0.50305,-0.033498,-0.16985,0.39062,-0.050581,0.18751,0.37479,-0.034328,-0.28042,0.133,-0.03383,0.28596,0.12166,-0.022809,-0.38104,-0.068502,-0.034007,0.40669,-0.068938,-0.037441,0.001896,0.1417,-0.007429,0,0.069384,0,-0.085537,-0.0094201,-0.0027889,0.081219,-0.013078,0.010225,-0.080154,-0.45752,-0.035548,0.095575,-0.44483,-0.032209,-0.047804,-0.8296,0.015994,0.095122,-0.79091,0.051129
0.024467,0.70751,-0.077362,0.01762,0.52507,-0.04449,-0.16583,0.4163,-0.056638,0.18541,0.4031,-0.046399,-0.26571,0.15608,-0.032449,0.29543,0.14062,-0.010041,-0.36363,-0.046541,-0.029288,0.41992,-0.042294,0.020825,0.0031721,0.17893,-0.0098588,0,0.11048,0,-0.088682,0.03295,-0.00060073,0.081689,0.033458,0.013454,-0.075786,-0.35848,-0.086008,0.10486,-0.35049,-0.074947,-0.026525,-0.72457,0.050527,0.097448,-0.68573,0.099393
0.021021,0.7317,-0.081845,0.013429,0.54746,-0.048417,-0.16777,0.4281,-0.058958,0.18815,0.41747,-0.049903,-0.25771,0.18786,-0.023658,0.2868,0.18885,0.010897,-0.36243,-0.011998,-0.033652,0.41006,0.0015877,0.023065,0.0022232,0.20352,-0.010146,0,0.13431,0,-0.088613,0.053945,0.00042301,0.083481,0.050649,0.012384,-0.081432,-0.2931,-0.14275,0.083424,-0.29747,-0.12807,-0.0061685,-0.51173,0.058053,0.087356,-0.52781,0.11801
0.019862,0.74381,-0.092642,0.0079269,0.55718,-0.053959,-0.16838,0.4391,-0.065354,0.18912,0.42876,-0.055992,-0.25275,0.19795,-0.025574,0.2887,0.19661,0.011435,-0.37058,0.0058476,-0.027396,0.44122,0.038221,0.048665,0.0012771,0.21812,-0.0114,0,0.15075,0,-0.087984,0.07114,0.0020262,0.085339,0.070496,0.014699,-0.080616,-0.25281,-0.19086,0.086608,-0.26573,-0.15414,-0.0059226,-0.45014,0.029255,0.07468,-0.43228,0.16488
0.017071,0.74824,-0.09265,0.0031882,0.55999,-0.056461,-0.16974,0.44346,-0.067519,0.18761,0.43415,-0.056405,-0.25887,0.21208,-0.014575,0.28703,0.20667,0.015969,-0.40787,0.04302,-0.016284,0.46144,0.069936,0.044956,0.00062912,0.22167,-0.011841,0,0.15443,0,-0.087245,0.073984,0.001817,0.086064,0.075094,0.016011,-0.089309,-0.23613,-0.21423,0.15532,-0.25099,-0.15897,-0.012783,-0.43641,0.010219,0.063536,-0.38933,0.20801
0.0070779,0.75346,-0.09411,0.0023035,0.56217,-0.056438,-0.17276,0.44502,-0.067439,0.18233,0.44138,-0.054573,-0.26732,0.22015,-0.010812,0.28867,0.21957,0.028883,-0.43387,0.069051,-0.005638,0.48747,0.11505,0.037098,0.00042017,0.22398,-0.011777,0,0.15655,0,-0.086786,0.075314,0.0012477,0.085894,0.077676,0.016392,-0.085157,-0.23425,-0.21568,0.085256,-0.24916,-0.17144,-0.009349,-0.43405,0.0093284,0.03671,-0.37039,0.20285
0.0013672,0.75681,-0.092703,0.0013213,0.56196,-0.056347,-0.17457,0.4459,-0.069428,0.17955,0.44528,-0.05354,-0.31418,0.21604,0.00063868,0.29188,0.22137,0.029549,-0.49535,0.081943,-0.0016291,0.49525,0.12462,0.030581,0.00026067,0.22446,-0.011781,0,0.15709,0,-0.086118,0.075599,0.00077567,0.085401,0.078522,0.016847,-0.097359,-0.23879,-0.2079,0.097332,-0.25454,-0.15785,-0.062584,-0.42222,0.14498,0.033306,-0.44095,0.17615
-0.0011629,0.75298,-0.089861,-0.002928,0.55969,-0.053985,-0.17692,0.44424,-0.071102,0.17909,0.44421,-0.051721,-0.31531,0.21745,-0.0011182,0.29525,0.22344,0.028524,-0.50132,0.089676,-0.0185,0.50615,0.14391,0.0033295,-0.00026115,0.22304,-0.011519,0,0.1558,0,-0.085253,0.074434,-0.00014625,0.085133,0.076487,0.017596,-0.11474,-0.25742,-0.17468,0.10443,-0.27254,-0.11731,-0.079551,-0.49053,0.085418,0.048258,-0.52718,0.15794
-0.0064753,0.73883,-0.084295,-0.0058715,0.55147,-0.048446,-0.18259,0.4323,-0.066345,0.17887,0.43904,-0.045602,-0.32705,0.21369,-0.010811,0.30087,0.22335,0.026116,-0.51783,0.09675,-0.053828,0.50825,0.14299,-0.025838,-0.00081869,0.21014,-0.010445,0,0.14141,0,-0.084737,0.05728,-0.0028907,0.086484,0.061272,0.016826,-0.10916,-0.32809,-0.12349,0.1035,-0.32972,-0.076048,-0.13473,-0.65948,0.067189,0.047081,-0.66751,0.14682
-0.012525,0.72381,-0.071652,-0.012021,0.53434,-0.033514,-0.18412,0.41481,-0.055296,0.17281,0.41232,-0.029994,-0.33281,0.20077,-0.0090563,0.31066,0.20474,0.022519,-0.51782,0.080961,-0.071142,0.51348,0.12946,-0.055337,-0.0022476,0.17526,-0.0072856,0,0.10187,0,-0.080194,0.018569,-0.010282,0.08616,0.021502,0.016632,-0.099178,-0.40786,-0.10402,0.10154,-0.41423,-0.042293,-0.14057,-0.7567,0.044893,0.025743,-0.77085,0.12671
-0.023438,0.67639,-0.055818,-0.019996,0.49175,-0.01975,-0.18927,0.3589,-0.048387,0.16821,0.36824,-0.0156,-0.35386,0.14533,-0.014893,0.3125,0.15744,0.020874,-0.53502,0.026238,-0.091204,0.51466,0.1012,-0.075767,-0.0033813,0.12313,-0.0057,0,0.049511,0,-0.078712,-0.035534,-0.01292,0.086139,-0.028538,0.015176,-0.096153,-0.49949,-0.073254,0.094294,-0.49024,-0.0092229,-0.16748,-0.86554,0.0032823,0.016106,-0.86135,0.085751
-0.030688,0.62739,-0.030542,-0.022706,0.44577,-0.0058971,-0.1902,0.31085,-0.034754,0.16356,0.31857,0.010744,-0.35606,0.10883,-0.012219,0.30182,0.11707,0.027371,-0.5306,-0.020149,-0.087679,0.49508,0.05421,-0.084311,-0.0039169,0.075996,-0.0026963,0,0.0020754,0,-0.077957,-0.082034,-0.018446,0.08627,-0.076238,0.015664,-0.082556,-0.50826,-0.049678,0.087927,-0.51397,0.0072217,-0.16068,-0.86023,0.00063683,0.0068911,-0.88458,0.088484
-0.025189,0.56863,-0.0042292,-0.02043,0.38592,0.009321,-0.1901,0.24513,-0.021602,0.16821,0.25562,0.032338,-0.35822,0.03487,-0.0040459,0.30289,0.049525,0.032214,-0.53625,-0.078222,-0.097879,0.49219,0.0031478,-0.095082,-0.0038783,0.017923,0.0019855,0,-0.055453,0,-0.079976,-0.14082,-0.023093,0.08761,-0.13501,0.014571,-0.063497,-0.53995,-0.028502,0.086711,-0.56022,0.015383,-0.10232,-0.86767,0.032794,0.013307,-0.88616,0.096172
-0.022685,0.52695,0.0074846,-0.026608,0.33731,0.011803,-0.19262,0.20319,-0.026099,0.15752,0.21007,0.034332,-0.36054,-0.013032,-0.0012237,0.29959,0.012549,0.031907,-0.53779,-0.1179,-0.10701,0.47483,-0.054071,-0.10724,-0.0052311,-0.021035,0.0045855,0,-0.091923,0,-0.076218,-0.17783,-0.025075,0.086012,-0.16655,0.015518,-0.065976,-0.54768,-0.03477,0.084263,-0.55953,0.010138,-0.13191,-0.90596,0.057712,0.0067188,-0.89474,0.083887
-0.022147,0.52541,0.0051326,-0.025737,0.33625,0.0087953,-0.19118,0.20296,-0.028006,0.1577,0.20854,0.02905,-0.35837,-0.013511,-0.0027806,0.29987,0.0098155,0.030159,-0.52735,-0.13232,-0.10718,0.46904,-0.069739,-0.11512,-0.0052386,-0.024338,0.0054723,0,-0.096276,0,-0.07582,-0.18065,-0.024359,0.085013,-0.17238,0.0164,-0.066321,-0.55107,-0.037564,0.084854,-0.55957,0.0083658,-0.13135,-0.90547,0.056051,-0.00075632,-0.89966,0.082974
-0.023627,0.53551,-0.0055389,-0.023254,0.3499,0.00054889,-0.18942,0.2216,-0.033806,0.16248,0.2346,0.013714,-0.35107,0.0051765,-0.0093562,0.30555,0.020424,0.027352,-0.51356,-0.13052,-0.10107,0.4699,-0.075114,-0.1161,-0.0048789,-0.014348,0.0051863,0,-0.086442,0,-0.076688,-0.1693,-0.020162,0.085159,-0.16361,0.015159,-0.071911,-0.55122,-0.026624,0.084857,-0.55936,0.01479,-0.12118,-0.89905,0.057399,-0.00057666,-0.91577,0.11017
-0.03817,0.58478,-0.03235,-0.019201,0.41509,-0.01282,-0.18872,0.28445,-0.039717,0.16495,0.2965,-0.0058814,-0.33601,0.056451,-0.017777,0.31711,0.076429,0.01959,-0.47863,-0.10684,-0.094006,0.45934,-0.076763,-0.079008,-0.0038743,0.048695,0.0021752,0,-0.024536,0,-0.078542,-0.10738,-0.01411,0.08559,-0.10305,0.013864,-0.092404,-0.53124,0.018011,0.074718,-0.52822,0.063089,-0.13843,-0.88814,0.061349,0.0099633,-0.89866,0.10977
-0.024295,0.64494,-0.069316,-0.013314,0.46335,-0.035481,-0.18267,0.34212,-0.059408,0.16904,0.34962,-0.036118,-0.31949,0.099147,-0.043915,0.31299,0.10631,0.0017365,-0.44347,-0.085925,-0.09393,0.44579,-0.066536,-0.070456,-0.002647,0.10349,-0.0023002,0,0.031146,0,-0.078774,-0.050272,-0.006533,0.083685,-0.046829,0.014643,-0.090803,-0.52081,0.008039,0.070542,-0.52095,0.05659,-0.13705,-0.88069,0.052328,0.011059,-0.89474,0.099178
-0.013654,0.6768,-0.10585,-0.007427,0.49335,-0.059587,-0.18159,0.3678,-0.075204,0.17332,0.38602,-0.054932,-0.29542,0.13963,-0.054421,0.30897,0.13156,-0.0071199,-0.40037,-0.059759,-0.053793,0.43992,-0.052318,-0.02404,-0.0015899,0.14417,-0.0073948,0,0.075291,0,-0.081829,-0.007898,0.00072106,0.084353,-0.00014492,0.017637,-0.084057,-0.47665,-0.035053,0.067415,-0.4652,0.0092812,-0.1138,-0.84493,0.069552,0.016333,-0.84152,0.09535
-0.0066154,0.68614,-0.13115,-0.0053595,0.51308,-0.080422,-0.17864,0.39613,-0.088306,0.17396,0.39396,-0.06391,-0.29091,0.15419,-0.062705,0.29868,0.15247,-0.0064831,-0.3885,-0.045101,-0.034465,0.42817,-0.031538,-0.0011903,-0.0011844,0.17526,-0.011633,0,0.10729,0,-0.085125,0.032433,0.0089915,0.086516,0.028104,0.019541,-0.067703,-0.3627,-0.0858,0.0813,-0.35477,-0.058961,-0.080833,-0.70758,0.12537,0.02005,-0.70338,0.14813
0.001115,0.69009,-0.15806,-0.00469,0.51551,-0.087563,-0.17922,0.40005,-0.093546,0.17581,0.40345,-0.067694,-0.28292,0.17101,-0.050116,0.28745,0.16756,0.011434,-0.38683,-0.023829,-0.0164,0.42517,-0.011247,0.0047818,-0.00098635,0.18711,-0.013685,0,0.12186,0,-0.086566,0.041334,0.0083435,0.08716,0.046885,0.023128,-0.071366,-0.29478,-0.15884,0.06609,-0.29791,-0.12265,-0.079006,-0.5052,0.084067,0.020918,-0.5229,0.12602
0.010923,0.68933,-0.16926,0.0048678,0.51689,-0.10067,-0.17003,0.40857,-0.10397,0.18165,0.40714,-0.066605,-0.28222,0.18562,-0.039111,0.28403,0.16373,0.018107,-0.41118,0.015295,0.020567,0.45492,0.02051,0.040368,-0.00022782,0.19302,-0.015612,0,0.12872,0,-0.087382,0.052057,0.011417,0.085944,0.052542,0.024822,-0.064404,-0.25216,-0.21095,0.09176,-0.2747,-0.16066,-0.05743,-0.40334,0.11327,0.039256,-0.50907,0.16244
0.021372,0.68268,-0.18386,0.011151,0.50749,-0.11412,-0.16526,0.40826,-0.10794,0.18414,0.40583,-0.06681,-0.29465,0.19275,-0.022881,0.27721,0.16741,0.029009,-0.44579,0.049126,0.050432,0.47105,0.056244,0.048276,-4.7225e-05,0.19292,-0.016793,0,0.12876,0,-0.087103,0.052519,0.012942,0.085617,0.052788,0.026683,-0.05449,-0.22992,-0.23693,-0.00041483,-0.23377,-0.20406,-0.050843,-0.3698,0.10437,0.0067824,-0.43383,0.14346
0.030183,0.6659,-0.2002,0.019515,0.49024,-0.12846,-0.15465,0.39721,-0.11745,0.1917,0.38949,-0.079338,-0.31307,0.1975,-0.0085296,0.28434,0.16579,0.035368,-0.48016,0.070298,0.061175,0.49101,0.079796,0.063357,0.0014741,0.1854,-0.019389,0,0.12214,0,-0.088734,0.048934,0.012199,0.084487,0.044448,0.03285,-0.061121,-0.22918,-0.24338,0.080888,-0.24966,-0.2047,-0.014665,-0.39497,0.11794,0.0344,-0.38471,0.15617
0.040476,0.64541,-0.21889,0.022782,0.47649,-0.14575,-0.14845,0.38452,-0.12958,0.1935,0.38177,-0.088072,-0.31984,0.19882,-0.013678,0.28367,0.16225,0.027571,-0.50945,0.097884,0.042794,0.49325,0.077943,0.012965,0.0022884,0.17669,-0.023022,0,0.11398,0,-0.087852,0.040872,0.017294,0.081926,0.03906,0.034677,-0.093015,-0.25495,-0.21763,0.11457,-0.27745,-0.16677,-0.0044701,-0.47084,0.051649,0.05177,-0.49098,0.098245
0.043087,0.63067,-0.23563,0.02831,0.45338,-0.15822,-0.14787,0.37035,-0.14107,0.19899,0.36086,-0.099111,-0.32711,0.19796,-0.018806,0.29015,0.13974,0.010773,-0.53079,0.10029,-0.027654,0.4962,0.051429,-0.030827,0.0040454,0.15946,-0.025689,0,0.099182,0,-0.089038,0.02828,0.021768,0.079699,0.025367,0.034931,-0.097395,-0.28245,-0.19127,0.11778,-0.29971,-0.14977,-0.0066412,-0.6037,-0.026693,0.066446,-0.60799,0.013428
0.04564,0.61143,-0.24011,0.024478,0.4334,-0.16201,-0.14892,0.35796,-0.14474,0.19946,0.33395,-0.095946,-0.33913,0.16546,-0.044799,0.29416,0.11422,-0.0014791,-0.54071,0.063698,-0.049892,0.48184,0.0058581,-0.078949,0.0036717,0.12651,-0.027518,0,0.063817,0,-0.08817,-0.0018079,0.024865,0.078314,-0.015364,0.034238,-0.099125,-0.33985,-0.15632,0.11061,-0.36339,-0.12005,-0.039684,-0.70911,-0.08265,0.082299,-0.71831,-0.032093
0.04563,0.59809,-0.22341,0.026316,0.41412,-0.14842,-0.14742,0.32336,-0.13106,0.20309,0.29805,-0.088618,-0.341,0.1263,-0.050914,0.29768,0.067711,-0.0042449,-0.53217,0.0059588,-0.057675,0.47149,-0.052174,-0.10155,0.0047605,0.083092,-0.025206,0,0.017216,0,-0.087582,-0.052223,0.019654,0.075879,-0.062803,0.032283,-0.097618,-0.44592,-0.12578,0.10836,-0.47237,-0.0885,-0.05359,-0.81912,-0.095137,0.095006,-0.85168,-0.064654
0.057578,0.54671,-0.20996,0.037098,0.36652,-0.1294,-0.1422,0.28007,-0.12151,0.21136,0.25203,-0.072911,-0.32875,0.082009,-0.057824,0.29038,0.019183,-0.0060971,-0.51009,-0.052855,-0.074007,0.46079,-0.11563,-0.10131,0.0059667,0.036472,-0.022404,0,-0.030231,0,-0.090272,-0.10011,0.017617,0.075993,-0.11306,0.027004,-0.094889,-0.50546,-0.096813,0.096421,-0.52296,-0.057864,-0.059263,-0.86478,-0.07223,0.09293,-0.85613,-0.058983
0.052679,0.51415,-0.17765,0.02894,0.33868,-0.10463,-0.14471,0.23273,-0.10384,0.20154,0.22103,-0.049889,-0.31562,0.029365,-0.042584,0.27156,-0.03081,0.0098782,-0.48502,-0.11899,-0.075685,0.43948,-0.17018,-0.088251,0.0046338,-0.010229,-0.018163,0,-0.078967,0,-0.086902,-0.15074,0.010644,0.07599,-0.15965,0.02263,-0.09551,-0.54332,-0.065026,0.068394,-0.56063,-0.03365,-0.0675,-0.9003,-0.0038367,0.042849,-0.90682,-0.0052159
0.048515,0.46631,-0.13914,0.026919,0.28405,-0.078851,-0.15344,0.18018,-0.076224,0.19387,0.162,-0.023875,-0.31131,-0.040162,-0.021047,0.26387,-0.085841,0.014995,-0.48163,-0.18701,-0.057375,0.43932,-0.21264,-0.074089,0.0042614,-0.062271,-0.0143,0,-0.13185,0,-0.08582,-0.20575,0.004605,0.075789,-0.21292,0.019758,-0.099833,-0.57159,-0.055797,0.05899,-0.57889,-0.038725,-0.071671,-0.90118,0.010329,0.033137,-0.90537,0.010417
0.045259,0.45438,-0.12901,0.020877,0.26317,-0.072162,-0.15364,0.16637,-0.0736,0.19357,0.13683,-0.021446,-0.30858,-0.078083,-0.017262,0.27555,-0.10749,0.018063,-0.48274,-0.219,-0.061041,0.45247,-0.23309,-0.0589,0.0034158,-0.078525,-0.013485,0,-0.14748,0,-0.084654,-0.22206,0.0027232,0.076656,-0.22946,0.01948,-0.08339,-0.58481,-0.078191,0.069999,-0.58996,-0.07231,-0.062278,-0.90768,0.0082852,0.032916,-0.90579,0.0084194
0.043379,0.45236,-0.11315,0.019938,0.26353,-0.070621,-0.15435,0.16455,-0.072612,0.19383,0.13771,-0.020788,-0.30923,-0.077447,-0.017026,0.27623,-0.10668,0.01847,-0.47905,-0.22357,-0.061017,0.45444,-0.23047,-0.058569,0.0033139,-0.078694,-0.013455,0,-0.14776,0,-0.08418,-0.22303,0.00097468,0.076853,-0.23003,0.019806,-0.08786,-0.58573,-0.079462,0.077897,-0.58952,-0.076196,-0.057544,-0.91169,0.007542,0.03363,-0.90467,0.0014338
0.03584,0.48935,-0.093202,0.017127,0.31155,-0.059997,-0.16083,0.1927,-0.064627,0.18526,0.19073,-0.018994,-0.31697,-0.01632,-0.016077,0.28065,-0.045956,0.031646,-0.46389,-0.18687,-0.050813,0.4496,-0.18496,-0.038882,0.0028022,-0.048575,-0.011925,0,-0.11999,0,-0.083548,-0.19513,-0.0017837,0.077844,-0.1994,0.018688,-0.096598,-0.57321,-0.055336,0.077809,-0.56718,-0.055018,-0.062202,-0.90991,0.014057,0.03104,-0.90598,0.0099328
0.035998,0.55106,-0.096353,0.014731,0.37159,-0.049516,-0.16274,0.26513,-0.05985,0.1902,0.24586,-0.013673,-0.32035,0.041694,-0.0151,0.28289,0.016037,0.035348,-0.45496,-0.13824,-0.053722,0.44408,-0.15194,-0.029745,0.0023226,0.019301,-0.009943,0,-0.05127,0,-0.08591,-0.12806,-0.0047114,0.080339,-0.13443,0.018349,-0.096424,-0.55002,0.0041533,0.075704,-0.54305,-0.00028046,-0.061976,-0.90875,0.026298,0.034186,-0.9097,0.026103
0.036437,0.61737,-0.10688,0.016792,0.43741,-0.062478,-0.1635,0.32926,-0.065752,0.18979,0.3119,-0.027382,-0.30868,0.10187,-0.022423,0.28761,0.074965,0.025728,-0.44195,-0.080009,-0.053104,0.43587,-0.095643,-0.028433,0.0027015,0.083755,-0.01221,0,0.012888,0,-0.084766,-0.064012,-0.00065719,0.07847,-0.069374,0.019032,-0.086991,-0.53371,0.0014949,0.077739,-0.5267,0.00037025,-0.062612,-0.90265,0.024616,0.035071,-0.90798,0.023522
0.038537,0.6517,-0.13439,0.021981,0.47642,-0.084908,-0.16468,0.37411,-0.083192,0.18908,0.3522,-0.053653,-0.30149,0.12983,-0.036177,0.28505,0.11426,0.011521,-0.43635,-0.050571,-0.069962,0.43599,-0.063604,-0.032328,0.0036515,0.12867,-0.016223,0,0.058875,0,-0.087573,-0.018344,0.0072957,0.079195,-0.021324,0.01974,-0.082598,-0.48637,-0.04481,0.07395,-0.48421,-0.043068,-0.070199,-0.86074,0.040181,0.031648,-0.86469,0.039745
0.039628,0.66587,-0.14657,0.015726,0.50248,-0.090644,-0.16099,0.39574,-0.088799,0.18716,0.36994,-0.059401,-0.28133,0.17635,-0.035778,0.28574,0.12523,0.0089804,-0.42028,-0.00043341,-0.073574,0.45208,-0.023735,-0.040439,0.0024691,0.16094,-0.01724,0,0.092758,0,-0.08684,0.023439,0.011447,0.081332,0.012723,0.018359,-0.0885,-0.34983,-0.096874,0.074168,-0.36592,-0.089959,-0.042445,-0.71495,0.088194,0.042533,-0.73578,0.084254
0.044626,0.69277,-0.15628,0.017895,0.51521,-0.095231,-0.15803,0.41706,-0.088623,0.19163,0.38552,-0.059464,-0.27876,0.18991,-0.040806,0.27921,0.16141,0.016632,-0.44075,0.03349,-0.075274,0.44666,0.014422,-0.040153,0.0029728,0.18662,-0.018133,0,0.12112,0,-0.088625,0.046833,0.010791,0.082533,0.037977,0.020063,-0.086607,-0.28219,-0.16918,0.073211,-0.29466,-0.15231,-0.024187,-0.48424,0.029988,0.063808,-0.5121,0.057928
0.045798,0.69363,-0.15871,0.019543,0.51969,-0.098058,-0.15689,0.42355,-0.087996,0.19354,0.39493,-0.059696,-0.28098,0.20347,-0.038034,0.2777,0.16826,0.012104,-0.46855,0.078211,-0.068054,0.4669,0.049307,-0.035999,0.0033215,0.19525,-0.018703,0,0.13049,0,-0.090004,0.056555,0.012053,0.082398,0.050566,0.021497,-0.048462,-0.24004,-0.21634,0.085618,-0.24996,-0.20543,0.0067195,-0.43697,-0.002812,0.077682,-0.39934,0.10304
0.047324,0.69591,-0.16101,0.021456,0.52407,-0.099489,-0.15499,0.42578,-0.088378,0.19658,0.39847,-0.059376,-0.28722,0.20756,-0.038216,0.28378,0.16933,0.013437,-0.49754,0.12451,-0.055389,0.48644,0.07595,-0.036859,0.0036148,0.19937,-0.018934,0,0.13447,0,-0.090337,0.060329,0.011121,0.08173,0.054332,0.023322,-0.077533,-0.21072,-0.25189,0.087658,-0.22427,-0.23149,-0.018023,-0.39355,-0.014823,0.093288,-0.42643,0.11517
0.047286,0.69865,-0.16064,0.022195,0.52482,-0.10069,-0.15407,0.42567,-0.08967,0.1972,0.39871,-0.060574,-0.29566,0.21452,-0.035228,0.28919,0.17716,0.011675,-0.50969,0.14174,-0.054917,0.48934,0.097998,-0.071203,0.0037823,0.20004,-0.019242,0,0.13511,0,-0.090359,0.061161,0.011078,0.081203,0.05531,0.024121,-0.078486,-0.20942,-0.25251,0.090323,-0.22241,-0.23164,-0.018647,-0.39453,-0.017292,0.079363,-0.34815,0.16373
0.047181,0.70017,-0.16053,0.021875,0.52507,-0.10282,-0.15368,0.42498,-0.092538,0.19815,0.39904,-0.062546,-0.31876,0.22238,-0.038392,0.29647,0.17785,0.0082371,-0.52763,0.14112,-0.08213,0.49463,0.09489,-0.075892,0.0036983,0.20136,-0.019761,0,0.13676,0,-0.09076,0.063646,0.013192,0.08178,0.056143,0.023563,-0.080152,-0.20837,-0.24894,0.11507,-0.24029,-0.2066,-0.012793,-0.3604,0.10201,0.076505,-0.41879,0.11809
0.045992,0.70083,-0.16023,0.021323,0.52509,-0.10241,-0.15374,0.42472,-0.093242,0.19872,0.39921,-0.062997,-0.32044,0.22342,-0.04014,0.29652,0.17995,0.0036368,-0.51736,0.12764,-0.11012,0.4845,0.079808,-0.085849,0.0035916,0.20133,-0.01966,0,0.13669,0,-0.090607,0.063448,0.012995,0.081772,0.05569,0.023625,-0.096659,-0.25414,-0.18733,0.10642,-0.26779,-0.1647,-0.031592,-0.51515,0.0791,0.095901,-0.5801,0.056517
0.040471,0.69633,-0.15489,0.016061,0.52178,-0.093182,-0.15567,0.42217,-0.093501,0.1987,0.39833,-0.062358,-0.32121,0.22066,-0.047403,0.29354,0.1779,-0.0055704,-0.49694,0.09576,-0.12912,0.46067,0.051467,-0.11981,0.0028478,0.19454,-0.01857,0,0.12841,0,-0.089834,0.052659,0.010082,0.083348,0.044334,0.023152,-0.098044,-0.28901,-0.15199,0.091485,-0.33382,-0.11168,-0.035536,-0.64755,0.04038,0.05994,-0.69862,0.048909
0.032715,0.69346,-0.13075,0.013561,0.50736,-0.070641,-0.16435,0.40173,-0.077924,0.19346,0.39109,-0.051512,-0.31498,0.19086,-0.056864,0.27663,0.15217,-0.0033406,-0.48203,0.047471,-0.122,0.43742,0.018933,-0.10359,0.0020182,0.16148,-0.013348,0,0.089598,0,-0.08669,0.0092166,0.00089508,0.081793,0.004771,0.018096,-0.08704,-0.38409,-0.12373,0.078509,-0.4363,-0.090201,-0.045168,-0.76863,0.00038969,0.037266,-0.80428,0.0062155
0.029855,0.66813,-0.1043,0.017584,0.4817,-0.043834,-0.16435,0.37257,-0.065186,0.18845,0.36234,-0.038447,-0.30143,0.13233,-0.040675,0.27471,0.11474,-0.0073661,-0.47742,-0.0065267,-0.084018,0.42923,-0.033435,-0.093715,0.0029871,0.11888,-0.0091683,0,0.046345,0,-0.084693,-0.032038,-0.0031138,0.078367,-0.03044,0.014147,-0.073338,-0.4819,-0.097119,0.063404,-0.50151,-0.071982,-0.054547,-0.89206,-0.019201,0.020934,-0.88647,-0.026526
0.029101,0.61757,-0.070133,0.0094341,0.43123,-0.018109,-0.16854,0.31847,-0.033317,0.18676,0.308,-0.0093062,-0.30533,0.083876,-0.0088712,0.27462,0.053133,0.022737,-0.46625,-0.075048,-0.02034,0.42992,-0.10909,-0.065655,0.0015542,0.070349,-0.0054871,0,-0.0018304,0,-0.085033,-0.080106,-0.0083463,0.081528,-0.084444,0.01008,-0.052162,-0.50885,-0.076718,0.046618,-0.52108,-0.054319,-0.051567,-0.9172,0.014248,0.017783,-0.89894,-0.0047346
0.018049,0.55882,-0.037145,0.0041626,0.36852,0.0008599,-0.17507,0.25396,-0.016967,0.18426,0.24646,0.020174,-0.30666,0.020157,0.019672,0.27644,-0.0088406,0.053777,-0.46291,-0.14192,0.028124,0.42562,-0.17373,-0.028974,0.00052063,0.012049,-0.00093117,0,-0.05918,0,-0.085593,-0.13857,-0.01369,0.084007,-0.14278,0.008238,-0.049268,-0.53429,-0.063558,0.050986,-0.53847,-0.047636,-0.052947,-0.91599,0.025009,0.014789,-0.90411,0.013107
0.018795,0.50156,-0.033984,0.00054673,0.30993,0.0092784,-0.17136,0.18519,-0.017163,0.18489,0.18158,0.026512,-0.31327,-0.046823,0.039256,0.26821,-0.074029,0.062456,-0.46065,-0.20917,0.08146,0.42144,-0.23567,0.0094099,-0.00037008,-0.048081,0.0025529,0,-0.11945,0,-0.083095,-0.20003,-0.016157,0.082889,-0.20053,0.0076003,-0.061677,-0.56482,-0.076773,0.060946,-0.56343,-0.065701,-0.05168,-0.91559,0.023523,0.015681,-0.9036,0.0084194
