-0.06453133,0.4679974,3.232226,-0.06893635,0.2716957,3.268812,-0.2569844,0.1697624,3.251671,0.12251,0.1513032,3.25049,-0.4857475,0.03753695,3.243055,0.2596602,-0.02708161,3.233999,-0.6820377,0.09819285,3.136769,0.4630592,-0.0008641054,3.065608,-0.06704383,-0.06314383,3.265768,-0.06661376,-0.1264013,3.236186,-0.1439028,-0.2101228,3.223146,0.01148592,-0.2127908,3.229455,-0.1742768,-0.6743103,3.1834,0.02860676,-0.660542,3.162896,-0.1147463,-1.027211,3.273836,-0.006099491,-1.024736,3.266632
-0.06902592,0.5179572,3.23105,-0.06646761,0.3242592,3.266653,-0.2601381,0.225411,3.254744,0.1197556,0.2106086,3.249891,-0.4733732,0.08085619,3.23515,0.2689687,-0.005468509,3.19521,-0.6576384,0.1006613,3.093206,0.4491018,0.01524237,3.047653,-0.06851487,-0.01225919,3.261727,-0.06919698,-0.07499465,3.228858,-0.1470622,-0.1588692,3.213125,0.007506824,-0.1610155,3.222599,-0.1769792,-0.6681723,3.207808,0.03222245,-0.6574616,3.172462,-0.1160299,-1.037849,3.307393,-0.005961349,-1.026365,3.271714
-0.06364661,0.5808612,3.223934,-0.06598595,0.3849836,3.272742,-0.2639374,0.2952564,3.263535,0.1185826,0.2749442,3.247213,-0.4573168,0.1297629,3.232902,0.2725173,0.06197802,3.215495,-0.6401736,0.09407932,3.092399,0.4302003,0.02250244,3.043801,-0.07135031,0.04724888,3.25921,-0.07370663,-0.01419515,3.222224,-0.1534938,-0.0961858,3.203004,0.002783815,-0.1026517,3.213945,-0.1639213,-0.6246691,3.250309,0.0390458,-0.6295589,3.218627,-0.1271992,-1.019555,3.328313,0.005751992,-1.023604,3.27563
-0.05955298,0.6388783,3.212646,-0.06694983,0.4543677,3.275338,-0.2617415,0.360956,3.266581,0.1222764,0.3396499,3.260526,-0.439816,0.1605697,3.237589,0.2466751,0.1314664,3.231437,-0.6047013,0.07543423,3.096024,0.4242975,0.02517981,3.042546,-0.07305355,0.1071366,3.262357,-0.0745473,0.04414275,3.223135,-0.1521778,-0.03814703,3.205426,-8.416455E-05,-0.04459186,3.213292,-0.1594569,-0.6139117,3.276874,0.04090437,-0.6234357,3.245226,-0.1360713,-1.010245,3.328871,0.03493939,-1.008345,3.264018
-0.06175724,0.6850419,3.191381,-0.06413117,0.5122256,3.267688,-0.2596814,0.4169287,3.255809,0.1242227,0.403997,3.252621,-0.419879,0.2128916,3.237058,0.2441434,0.1767083,3.236746,-0.5437006,0.06234924,3.110303,0.4166998,0.0225518,3.04903,-0.0729128,0.1627,3.266983,-0.07483564,0.09828016,3.227936,-0.1530005,0.01376734,3.213294,-0.001106789,0.01125113,3.22035,-0.164113,-0.5640376,3.270146,0.04164651,-0.5675676,3.25258,-0.145528,-0.9827277,3.32144,0.05105169,-0.9760764,3.259638
-0.06609516,0.7308121,3.162727,-0.0659301,0.5483782,3.254955,-0.2700545,0.4599766,3.245652,0.1130956,0.4453246,3.232736,-0.4154832,0.2189549,3.238299,0.2430643,0.1904369,3.236488,-0.5231698,0.04488944,3.130343,0.3837569,0.01265608,3.094403,-0.07579821,0.2133779,3.269152,-0.07902988,0.1494879,3.233294,-0.1575949,0.06630885,3.222607,-0.005936595,0.06057037,3.229607,-0.1879442,-0.4996549,3.226836,0.0451245,-0.5194766,3.216713,-0.1395177,-0.8854746,3.336755,0.06779402,-0.9134588,3.276724
-0.06565333,0.7346966,3.157797,-0.06508429,0.5772887,3.226615,-0.2688206,0.4786989,3.234439,0.1088335,0.464606,3.222862,-0.3808344,0.252783,3.245989,0.2382983,0.2004116,3.235912,-0.484319,0.01767508,3.163251,0.3619781,0.007623573,3.139521,-0.07628591,0.2356469,3.264922,-0.07965244,0.1697497,3.235461,-0.1602454,0.09031292,3.229332,-0.00530329,0.0832799,3.237506,-0.2110437,-0.394294,3.174943,0.03995292,-0.4147428,3.167662,-0.1163772,-0.7534421,3.388016,0.04408614,-0.8078851,3.291492
-0.06889011,0.7432132,3.147518,-0.06964132,0.5809174,3.221137,-0.2705678,0.4869197,3.224822,0.1065433,0.4770026,3.220649,-0.3774471,0.2414485,3.244124,0.2340041,0.2034911,3.236615,-0.4726409,0.01720712,3.178182,0.3493891,0.00151077,3.198006,-0.08091977,0.2547516,3.260765,-0.08329247,0.1910659,3.237098,-0.1633072,0.1108525,3.234164,-0.007728343,0.1014426,3.241532,-0.2213897,-0.3059845,3.13063,0.0434681,-0.3401045,3.138169,-0.09150118,-0.594175,3.343348,0.04267957,-0.7092909,3.329415
-0.06995852,0.7473478,3.133915,-0.07249652,0.5827938,3.21684,-0.2724845,0.4890545,3.220461,0.1047587,0.4789309,3.218517,-0.375068,0.2296868,3.252257,0.2178417,0.2014569,3.247614,-0.4524266,0.01581559,3.23379,0.3415644,-0.007352927,3.236418,-0.08329968,0.2614407,3.258286,-0.08550489,0.1978865,3.238616,-0.165371,0.1167358,3.235833,-0.01058363,0.1104316,3.246277,-0.2115191,-0.3018877,3.134201,0.04329591,-0.3022516,3.123469,-0.07366371,-0.5545348,3.385802,0.02267491,-0.6292179,3.34384
-0.06974678,0.7438718,3.11584,-0.07318261,0.5829813,3.213541,-0.2731007,0.4902882,3.217375,0.103907,0.4798909,3.217534,-0.3730875,0.2281392,3.25309,0.2068412,0.2003887,3.255637,-0.4515665,0.01717763,3.250884,0.3275715,-0.003546405,3.255947,-0.08515891,0.2641683,3.254665,-0.08755553,0.2007576,3.237997,-0.1682098,0.1199677,3.235823,-0.01300114,0.113298,3.245939,-0.1927395,-0.3039998,3.153831,0.04230185,-0.2979153,3.11877,-0.07442416,-0.5045042,3.365752,0.01403492,-0.6121646,3.345323
-0.06944811,0.7429127,3.108893,-0.07404453,0.5822231,3.212117,-0.273057,0.4920692,3.212819,0.1024745,0.479037,3.210588,-0.372508,0.2290742,3.25562,0.1955008,0.2001234,3.264447,-0.4533814,0.02318293,3.285198,0.325876,-0.006688089,3.281094,-0.08636939,0.2648042,3.251037,-0.08905562,0.2015566,3.236706,-0.1700749,0.1213854,3.234547,-0.01478638,0.1137034,3.244284,-0.2104206,-0.2948804,3.120686,0.03685877,-0.2992032,3.122043,-0.09512793,-0.5667675,3.347424,0.0050793,-0.6165227,3.343335
-0.06959894,0.7426197,3.103541,-0.0785902,0.5787878,3.207817,-0.2731303,0.4924765,3.211754,0.1015574,0.4757362,3.208161,-0.3721073,0.22974,3.260438,0.1877625,0.1987692,3.275346,-0.4636045,0.02894866,3.292927,0.3241539,0.007519357,3.298801,-0.09021907,0.2622563,3.245671,-0.09293638,0.1987876,3.233563,-0.1730706,0.1201749,3.232165,-0.01958095,0.108805,3.240327,-0.2244796,-0.3095147,3.124697,0.02981495,-0.3618161,3.133114,-0.105169,-0.6762912,3.314502,0.007846392,-0.7415588,3.304546
-0.06869233,0.7358125,3.101253,-0.07722422,0.5673043,3.204803,-0.2731729,0.4832874,3.20612,0.1046882,0.4576228,3.206686,-0.3797162,0.2326192,3.274401,0.1876823,0.1930261,3.285147,-0.5016083,0.04776965,3.30325,0.3474444,0.02704515,3.312715,-0.09130885,0.2423387,3.23667,-0.09434374,0.1765359,3.225379,-0.1766286,0.09608062,3.22232,-0.02020507,0.08385448,3.23097,-0.2323833,-0.4004674,3.130556,0.01707977,-0.438572,3.149801,-0.1449295,-0.7908348,3.277803,0.008649262,-0.8403988,3.275049
-0.06869368,0.7114091,3.104065,-0.08323333,0.54408,3.200834,-0.2724763,0.4573976,3.200838,0.09918509,0.4365771,3.204454,-0.3995342,0.2091866,3.297622,0.1934979,0.1700498,3.292118,-0.5631788,0.06204966,3.333256,0.3792295,0.04256973,3.293961,-0.0963129,0.1948951,3.225709,-0.0983285,0.1260561,3.21558,-0.1746856,0.04862507,3.209489,-0.02679954,0.03913628,3.223179,-0.2236824,-0.4994631,3.147823,0.01367194,-0.5367578,3.169601,-0.186378,-0.8939814,3.209244,0.008904501,-0.9473235,3.252955
-0.07083427,0.6744133,3.112505,-0.08864611,0.4960537,3.189407,-0.2735144,0.4038339,3.199478,0.10558,0.3836585,3.214058,-0.4261019,0.1723041,3.299804,0.1997523,0.1378578,3.28613,-0.6215549,0.06655838,3.324802,0.4047348,0.04419977,3.282522,-0.09828057,0.1549905,3.214136,-0.09963138,0.08573164,3.205466,-0.1775561,0.001308871,3.197305,-0.02652909,-0.007782088,3.212531,-0.2254795,-0.5783405,3.168056,0.009688752,-0.588221,3.18118,-0.2071492,-0.9722086,3.186679,-0.008108164,-1.010463,3.243312
-0.07151875,0.6271346,3.129461,-0.08087153,0.4398599,3.198613,-0.2730424,0.3444385,3.196447,0.1055583,0.3281795,3.224795,-0.4555625,0.1305269,3.287995,0.2073519,0.09095632,3.272885,-0.6716071,0.06939131,3.296331,0.4476143,0.04857429,3.233061,-0.09521987,0.09803806,3.20575,-0.09675746,0.0304387,3.193217,-0.1754925,-0.05172443,3.181443,-0.02466074,-0.05848411,3.196938,-0.219787,-0.6019195,3.172986,0.008935393,-0.5906067,3.18277,-0.2374973,-1.018003,3.204591,-0.01486598,-0.9984608,3.231894
-0.07455323,0.5571299,3.145528,-0.08458584,0.3695589,3.20068,-0.2812018,0.2784514,3.201192,0.09873797,0.2633174,3.225989,-0.4790874,0.07780275,3.279353,0.2194915,0.03899314,3.253194,-0.7028006,0.07124815,3.236795,0.4618597,0.05209174,3.176608,-0.09762372,0.03420736,3.198589,-0.09889985,-0.03133425,3.182094,-0.1786088,-0.1148127,3.16603,-0.02531798,-0.1194562,3.184264,-0.2155655,-0.658155,3.159081,-0.008301895,-0.6113716,3.176833,-0.2371676,-1.02623,3.238041,-0.04132741,-1.000463,3.245169
-0.07688273,0.5024499,3.150549,-0.09196112,0.3049325,3.213162,-0.2811516,0.212074,3.198632,0.09508106,0.1937432,3.222926,-0.5140169,0.03244006,3.235956,0.2361318,-0.01177222,3.22867,-0.7305994,0.0759488,3.176067,0.4504688,0.0453927,3.126481,-0.0989023,-0.02687345,3.203547,-0.0986941,-0.09067962,3.18222,-0.1774046,-0.1742785,3.164019,-0.02286656,-0.1764737,3.181233,-0.2153247,-0.6612004,3.151256,-0.009000661,-0.6339985,3.154769,-0.2240622,-1.03354,3.239605,-0.04793674,-1.003057,3.238444
-0.0841376,0.4553099,3.155216,-0.09718883,0.2750143,3.210799,-0.2830367,0.169986,3.193445,0.09364216,0.1497234,3.215228,-0.5127575,0.02732068,3.224235,0.245965,-0.0668065,3.201104,-0.7116536,0.07294546,3.114031,0.440293,0.0398241,3.079701,-0.1014028,-0.05841829,3.208874,-0.1006618,-0.1229019,3.186867,-0.179091,-0.205211,3.169433,-0.02364947,-0.2117708,3.188388,-0.212564,-0.6693208,3.121879,-0.005964585,-0.6426963,3.145461,-0.184817,-1.023493,3.204803,-0.05168152,-1.001101,3.218351
-0.08348416,0.4534622,3.164444,-0.09860542,0.2709265,3.21188,-0.2846556,0.1636489,3.191203,0.0930155,0.1464666,3.214999,-0.5174517,0.02284893,3.200164,0.2518865,-0.06967419,3.173225,-0.7026744,0.07750161,3.069547,0.4342026,0.03844228,3.038823,-0.1033617,-0.06654651,3.214575,-0.1025086,-0.1320827,3.192151,-0.1810483,-0.2145267,3.175314,-0.02539252,-0.2216026,3.195012,-0.2141433,-0.6707127,3.118855,-0.005940162,-0.6493754,3.143411,-0.1853628,-1.021687,3.201522,-0.05142562,-1.000277,3.214191
-0.08609824,0.4738235,3.181453,-0.0980041,0.2761561,3.21126,-0.2854803,0.1693324,3.189699,0.0928822,0.1506404,3.214986,-0.5138928,0.0229586,3.195035,0.2543186,-0.04442297,3.154896,-0.6769686,0.08416124,3.029157,0.4295107,0.0425294,3.007553,-0.1033706,-0.06127921,3.215686,-0.1024512,-0.1265859,3.192275,-0.1811535,-0.2095123,3.17537,-0.02549013,-0.2155538,3.195419,-0.2177835,-0.6712295,3.121157,-0.006080363,-0.6451046,3.14522,-0.1854051,-1.020602,3.202924,-0.0514036,-1.000142,3.21615
-0.08341504,0.5321934,3.187221,-0.09731019,0.336721,3.212648,-0.2867026,0.2389407,3.19239,0.08658979,0.2155616,3.212074,-0.4981871,0.06978719,3.16789,0.2547383,0.03422201,3.1673,-0.6731871,0.08662228,3.007519,0.4228336,0.04369594,2.998367,-0.1063265,-0.00460949,3.211075,-0.1063487,-0.06977227,3.184061,-0.1851154,-0.1521472,3.162581,-0.03134834,-0.1567845,3.187849,-0.2267808,-0.6520882,3.166546,-0.008291734,-0.6398149,3.166749,-0.1925358,-1.028504,3.229216,-0.05469429,-1.003209,3.227506
-0.089062,0.5834839,3.185315,-0.1007911,0.4038585,3.225798,-0.2954401,0.3045516,3.197935,0.09185217,0.2843344,3.213385,-0.4951483,0.1471352,3.161649,0.2443361,0.1065411,3.180469,-0.6605814,0.08574709,3.00652,0.4147612,0.04895059,2.994299,-0.1092974,0.05638559,3.213792,-0.109438,-0.008491293,3.181701,-0.1889506,-0.09356122,3.157925,-0.03358603,-0.09799297,3.180935,-0.21698,-0.6409913,3.21254,-0.01976816,-0.6190368,3.221236,-0.2065582,-1.0306,3.256685,-0.05530107,-1.009151,3.25059
-0.09251912,0.6499375,3.167742,-0.1064743,0.4734111,3.224721,-0.2954176,0.3789812,3.199322,0.09251202,0.3552844,3.221513,-0.4916901,0.1906972,3.167015,0.2366967,0.1601964,3.197701,-0.6403828,0.07976048,3.019333,0.4109337,0.05290932,3.00122,-0.113519,0.1190935,3.216051,-0.1125829,0.05303702,3.181846,-0.1906727,-0.02989697,3.159085,-0.03703516,-0.03897495,3.180991,-0.212107,-0.6052825,3.22746,-0.02328954,-0.6123207,3.263961,-0.2214034,-0.9969301,3.235317,-0.03735927,-1.008437,3.263709
-0.08940794,0.704812,3.15897,-0.1061563,0.5286609,3.216383,-0.2990875,0.4230737,3.193962,0.08711205,0.4089402,3.204145,-0.4819778,0.2097984,3.171236,0.2286916,0.2038168,3.199898,-0.616025,0.05726281,3.059024,0.3859952,0.05723945,3.054111,-0.1128177,0.1706211,3.219774,-0.1130133,0.1029029,3.186133,-0.1901124,0.02004899,3.165842,-0.03872914,0.01097409,3.18831,-0.2212126,-0.5568536,3.220294,-0.01958984,-0.5641321,3.260103,-0.2159419,-0.9745544,3.252743,-0.02231207,-1.003811,3.262375
-0.09211977,0.7545799,3.145186,-0.1085213,0.5717201,3.20569,-0.2957128,0.4690531,3.185341,0.08372247,0.4561153,3.191036,-0.4698677,0.227953,3.178999,0.2304712,0.210108,3.20179,-0.5975574,0.05592862,3.094249,0.3734812,0.03800521,3.105685,-0.1141565,0.2238799,3.222158,-0.1146078,0.1562991,3.191569,-0.1929737,0.07622536,3.173851,-0.03869,0.06416211,3.198022,-0.2274492,-0.4986666,3.173913,-0.00728349,-0.5149661,3.231102,-0.2119524,-0.8944315,3.288216,-0.0003772936,-0.9279197,3.277497
-0.09621453,0.7688106,3.131811,-0.1073377,0.5913554,3.195147,-0.3001021,0.4797996,3.182736,0.08329692,0.4657025,3.188123,-0.462535,0.23338,3.183453,0.2245435,0.218687,3.213255,-0.5737317,0.03709984,3.162913,0.3632477,0.02107319,3.154325,-0.1137249,0.2460714,3.22339,-0.1144491,0.1791344,3.197659,-0.1944344,0.09722639,3.185135,-0.03746589,0.08676308,3.205786,-0.2398531,-0.4045988,3.138034,0.0006900933,-0.4431019,3.19363,-0.1807092,-0.7854374,3.322831,-0.008972157,-0.8325477,3.300376
-0.09787874,0.7730659,3.114323,-0.1087664,0.595394,3.190195,-0.3039693,0.4927036,3.177038,0.0803643,0.4748628,3.184854,-0.4470375,0.2395675,3.201637,0.2139213,0.2173634,3.233963,-0.5407554,0.03543691,3.21011,0.3406652,0.02293343,3.228752,-0.1178321,0.2656268,3.223699,-0.1192462,0.2017276,3.203541,-0.2005234,0.1232053,3.194143,-0.04250932,0.1079231,3.215654,-0.2550719,-0.2962057,3.102489,0.01171141,-0.368395,3.152059,-0.1480214,-0.5559986,3.273207,-0.009259199,-0.7489185,3.309787
-0.1001371,0.7689419,3.09185,-0.1104046,0.5965927,3.187366,-0.3058681,0.4960631,3.175616,0.07951027,0.4778543,3.184319,-0.4413263,0.237669,3.205853,0.1932371,0.2200889,3.247483,-0.5270532,0.03696872,3.254167,0.316051,0.02652384,3.266442,-0.1210109,0.2719747,3.222412,-0.1226444,0.2081191,3.205512,-0.2039739,0.1275945,3.195297,-0.04621867,0.1144266,3.220329,-0.2443998,-0.2932569,3.103299,0.01884557,-0.3033992,3.128726,-0.1234387,-0.5573768,3.371464,-0.02626362,-0.6383541,3.297515
-0.1002066,0.7658606,3.086688,-0.1124112,0.5956128,3.184181,-0.3066848,0.4944701,3.170199,0.07892232,0.4773744,3.183316,-0.4317008,0.2352597,3.217478,0.1842222,0.2115054,3.263114,-0.5152892,0.03140035,3.285387,0.3148825,0.01340388,3.314778,-0.1221387,0.2723876,3.219681,-0.1234837,0.2083291,3.205271,-0.2049129,0.1276051,3.195335,-0.0470419,0.1148354,3.220032,-0.2448807,-0.2898579,3.087185,0.01974953,-0.3012976,3.1217,-0.126044,-0.5484245,3.375411,-0.04918487,-0.5893986,3.318155
-0.1010702,0.7586537,3.075582,-0.1156531,0.5815494,3.158105,-0.3084207,0.4868358,3.163325,0.07501169,0.4728203,3.179861,-0.4191782,0.2234484,3.244401,0.170416,0.208155,3.271881,-0.5105511,0.02843553,3.298573,0.3102926,0.02941838,3.340163,-0.1239995,0.2695858,3.213158,-0.1250056,0.2050271,3.202641,-0.2062731,0.1238819,3.19333,-0.04824473,0.1132705,3.219823,-0.247921,-0.2920936,3.080008,0.02111945,-0.3012908,3.116574,-0.1253586,-0.5699605,3.313764,-0.05371432,-0.5973262,3.311722
-0.1030007,0.7325624,3.056071,-0.1198238,0.5698433,3.1503,-0.3104428,0.4709988,3.15241,0.06945656,0.4619545,3.175823,-0.4206925,0.2199833,3.247263,0.1659973,0.2055094,3.283951,-0.5141133,0.02743748,3.305688,0.3102112,0.04360005,3.35217,-0.125837,0.2527737,3.205723,-0.1258376,0.1874977,3.198904,-0.2058744,0.1057355,3.191803,-0.04839404,0.09944946,3.219528,-0.2520164,-0.3228848,3.087352,0.003052094,-0.367272,3.135963,-0.142694,-0.6934854,3.271431,-0.0238176,-0.747622,3.302854
-0.1074347,0.7182917,3.050428,-0.1232973,0.5433048,3.139163,-0.3128727,0.4519729,3.148119,0.06437461,0.445825,3.170499,-0.4273989,0.2088413,3.258083,0.1638458,0.1996995,3.294839,-0.5285236,0.02238466,3.322041,0.3139753,0.04746322,3.354008,-0.128001,0.2201308,3.198567,-0.1278659,0.1532367,3.195256,-0.2082568,0.06984393,3.191713,-0.04934189,0.06728252,3.217469,-0.2457075,-0.4183193,3.109513,0.005402402,-0.4277861,3.146343,-0.1906133,-0.8037066,3.229202,-0.03820032,-0.8035491,3.281813
-0.1103872,0.7032315,3.048045,-0.1228624,0.5221393,3.140635,-0.31441,0.4159298,3.144506,0.06295963,0.4084681,3.16774,-0.429779,0.2003844,3.258133,0.1651676,0.169877,3.302068,-0.5427127,0.02143577,3.323556,0.3334978,0.03543545,3.356421,-0.1249451,0.1825241,3.196732,-0.124237,0.1125819,3.194491,-0.2013825,0.02625853,3.190128,-0.0474583,0.02575702,3.215613,-0.238894,-0.5055788,3.132168,-0.0005526536,-0.5194606,3.166332,-0.2075159,-0.9015929,3.181746,-0.03490042,-0.9192428,3.237681
-0.1173664,0.6607139,3.056227,-0.1238764,0.4688019,3.146645,-0.3135167,0.3826775,3.149425,0.06485791,0.3786035,3.181506,-0.4385663,0.1396969,3.259475,0.1757307,0.1278001,3.289655,-0.5910381,-0.01948629,3.295649,0.3870056,0.02400703,3.306138,-0.1245116,0.1313192,3.189313,-0.1233719,0.06287201,3.186176,-0.1993952,-0.02267252,3.177957,-0.04713415,-0.02425637,3.205313,-0.2346346,-0.5899311,3.1507,-0.003482758,-0.5891593,3.18036,-0.2369643,-0.9935814,3.198054,-0.03498915,-1.015988,3.240437
-0.1219698,0.6008421,3.078119,-0.1244907,0.4161639,3.15123,-0.3184056,0.3159313,3.156254,0.06113167,0.3124738,3.186164,-0.4521035,0.07217731,3.250671,0.1872549,0.06246126,3.281998,-0.621033,-0.07799371,3.241475,0.400106,-0.01261881,3.25518,-0.1252897,0.07620316,3.179219,-0.124382,0.007894345,3.174622,-0.2020296,-0.07872807,3.164646,-0.04668834,-0.07818694,3.188628,-0.2300532,-0.6049438,3.164211,-0.007896595,-0.5939585,3.187016,-0.2404184,-1.021227,3.247765,-0.04287988,-0.9968265,3.231071
-0.1256247,0.5377101,3.095376,-0.1381159,0.3474619,3.170755,-0.321064,0.2404239,3.160599,0.05663238,0.2380664,3.187809,-0.4694104,0.003829972,3.228451,0.1948177,-0.003718838,3.2654,-0.6592059,-0.1197298,3.199635,0.4190577,-0.04890733,3.214934,-0.1283479,0.01180315,3.174713,-0.1253339,-0.05455217,3.164242,-0.200862,-0.1416598,3.146585,-0.04433848,-0.1393984,3.173182,-0.2241386,-0.6626204,3.172044,-0.02570792,-0.6317839,3.183525,-0.2361393,-1.02894,3.272514,-0.07258987,-1.011456,3.261883
-0.133565,0.485474,3.115255,-0.1270264,0.295105,3.174142,-0.3201068,0.1821276,3.162786,0.05761371,0.1741876,3.191856,-0.4834668,-0.05132365,3.2068,0.1952346,-0.05130398,3.244597,-0.6769775,-0.1618665,3.154631,0.432082,-0.09296976,3.155684,-0.124519,-0.0412114,3.172795,-0.1227158,-0.1072784,3.159326,-0.2003369,-0.1940264,3.138461,-0.04324899,-0.1928171,3.167911,-0.2209902,-0.6634382,3.159794,-0.02228125,-0.6370025,3.164218,-0.2171047,-1.032136,3.268907,-0.0826524,-1.010574,3.235841
-0.1307854,0.4673661,3.122069,-0.1314469,0.2704763,3.17512,-0.3209963,0.1619975,3.158794,0.05809022,0.156905,3.189071,-0.4928426,-0.07217404,3.190511,0.2004722,-0.08114079,3.244936,-0.6814765,-0.1747701,3.105675,0.4009356,-0.1096876,3.128581,-0.1269092,-0.06070007,3.176388,-0.1245872,-0.1257639,3.16182,-0.2023109,-0.2117059,3.141403,-0.04415147,-0.2131983,3.170618,-0.2170904,-0.6644759,3.130181,-0.0226661,-0.6421834,3.14837,-0.1888989,-1.016101,3.220352,-0.08870872,-1.002437,3.205063
-0.1315064,0.4644821,3.124269,-0.1329724,0.2674616,3.173473,-0.3215284,0.156022,3.153476,0.05811198,0.1526159,3.187569,-0.4972065,-0.07202965,3.181481,0.199842,-0.08007008,3.236046,-0.6797897,-0.1782113,3.08672,0.4098871,-0.1140329,3.097913,-0.1270555,-0.06295649,3.177957,-0.124217,-0.1281334,3.162946,-0.2013974,-0.2156612,3.14355,-0.0433289,-0.2149674,3.172234,-0.2190175,-0.6657249,3.128027,-0.02365956,-0.6438474,3.145105,-0.1886451,-1.015562,3.220223,-0.08869792,-1.002429,3.205064
-0.1292916,0.4894036,3.12935,-0.1289283,0.2887988,3.170813,-0.3187703,0.1714524,3.143176,0.06067663,0.1637616,3.185941,-0.4939869,-0.05453116,3.168305,0.1845375,-0.05081773,3.212167,-0.6609799,-0.1760078,3.062165,0.4081782,-0.1119506,3.085398,-0.1264822,-0.05148508,3.176776,-0.123571,-0.1180027,3.161215,-0.2010705,-0.2049613,3.139275,-0.04323634,-0.205998,3.172622,-0.2261299,-0.664368,3.136576,-0.0198838,-0.6495977,3.150973,-0.1927738,-1.020197,3.237648,-0.07309709,-1.017709,3.235187
-0.1278417,0.5491012,3.125717,-0.1409924,0.3536402,3.166164,-0.322919,0.2428949,3.139231,0.05876132,0.2367138,3.176663,-0.4791789,0.01280093,3.16176,0.2107028,0.01617813,3.222587,-0.6385255,-0.1644363,3.071761,0.380174,-0.09902257,3.09007,-0.1303653,0.01291291,3.16596,-0.1260561,-0.05338913,3.147346,-0.2012486,-0.1411307,3.125811,-0.0444823,-0.1395456,3.15492,-0.2303904,-0.6530482,3.191653,-0.02505164,-0.6415609,3.184326,-0.2028517,-1.023762,3.276779,-0.07049137,-1.012459,3.244475
-0.1253037,0.6151614,3.115733,-0.135564,0.4169807,3.155293,-0.3239108,0.3062499,3.12949,0.06094743,0.303265,3.17623,-0.4710452,0.05401852,3.161673,0.1986072,0.07473856,3.21655,-0.6028586,-0.1305138,3.088351,0.3659817,-0.09071915,3.108287,-0.1301363,0.071797,3.162038,-0.1262788,0.004205458,3.144044,-0.202907,-0.08429468,3.126186,-0.04571412,-0.08228851,3.151256,-0.2281206,-0.6379853,3.211018,-0.03545759,-0.6228215,3.22891,-0.2192815,-1.028837,3.302276,-0.06684889,-1.011951,3.259255
-0.1266516,0.6768155,3.097505,-0.1379635,0.4869547,3.151054,-0.3254246,0.3717567,3.124678,0.05910108,0.3671302,3.165782,-0.4567267,0.1042037,3.16732,0.1830455,0.1184588,3.207529,-0.5656878,-0.09388649,3.121889,0.3399333,-0.07853758,3.138318,-0.1298934,0.1333184,3.15992,-0.1257781,0.06393175,3.141833,-0.2015512,-0.02408839,3.123551,-0.04495915,-0.02321836,3.150557,-0.2286065,-0.5971426,3.203133,-0.03459199,-0.596796,3.230268,-0.2226999,-0.982484,3.282518,-0.05433596,-0.9885824,3.260194
-0.1256634,0.7201357,3.07448,-0.1312285,0.537383,3.133049,-0.3231597,0.4243916,3.118316,0.06218286,0.4068597,3.155154,-0.4366531,0.1595059,3.163783,0.1789162,0.1382986,3.217332,-0.539735,-0.06029874,3.163106,0.3057769,-0.05143059,3.192299,-0.1271928,0.185494,3.153689,-0.1242742,0.1155447,3.139321,-0.200984,0.02971538,3.123086,-0.04466728,0.02330386,3.152319,-0.2319903,-0.5319854,3.150253,-0.0184384,-0.5542684,3.199065,-0.2262706,-0.9093515,3.285069,-0.03756312,-0.9749904,3.285409
-0.1282203,0.7318872,3.062945,-0.1372249,0.5512154,3.124174,-0.3238132,0.4348328,3.115565,0.05864631,0.4321661,3.144474,-0.4347272,0.1669554,3.164335,0.1701071,0.1672476,3.223015,-0.5231687,-0.03530051,3.20056,0.2896653,-0.04097554,3.244281,-0.1311327,0.208516,3.149268,-0.1284284,0.1407288,3.13816,-0.2052061,0.0564911,3.12697,-0.04784849,0.05398438,3.150108,-0.244983,-0.4145269,3.082241,-0.007474125,-0.4414562,3.134937,-0.1892393,-0.7612146,3.325581,-0.04852909,-0.8172514,3.328074
-0.1289997,0.7408199,3.049123,-0.1339081,0.5608859,3.121686,-0.325573,0.4525001,3.112143,0.05854055,0.4484414,3.143412,-0.4305021,0.1934321,3.170352,0.1578152,0.1828736,3.232149,-0.5142834,-0.01434159,3.208986,0.2795458,-0.02241864,3.262455,-0.1315046,0.2328577,3.146937,-0.1300141,0.1678962,3.137933,-0.2107331,0.0841703,3.127727,-0.04851105,0.07571264,3.150068,-0.2500161,-0.3358034,3.032571,-0.004783791,-0.3497936,3.09668,-0.1486582,-0.5719984,3.319992,-0.05346059,-0.6626383,3.336384
-0.1265282,0.7442993,3.044142,-0.1316827,0.5683436,3.118003,-0.3259794,0.4626956,3.108417,0.05814163,0.4505733,3.141409,-0.4295694,0.2048367,3.173143,0.1534566,0.1882298,3.240482,-0.5193195,0.006290764,3.220917,0.2793983,0.01486266,3.313005,-0.1317278,0.2415083,3.142213,-0.1306252,0.176303,3.134711,-0.2115794,0.09223261,3.124043,-0.04987331,0.08579949,3.146965,-0.1915317,-0.335492,3.143303,0.008697696,-0.3337254,3.062287,-0.1291695,-0.5334078,3.369653,-0.06762247,-0.5443659,3.336326
-0.1236931,0.7445128,3.028314,-0.132165,0.5695701,3.113065,-0.3246315,0.4686661,3.10226,0.05813106,0.4533044,3.137695,-0.4306308,0.2212119,3.173481,0.1489569,0.1966253,3.245945,-0.5352437,0.03995951,3.24618,0.2884834,0.0262052,3.326791,-0.1339932,0.2457836,3.138169,-0.1333593,0.1812792,3.132272,-0.2147959,0.09823,3.12272,-0.05313267,0.09080801,3.144536,-0.1901445,-0.3292013,3.141417,0.009282924,-0.3263982,3.050627,-0.1328328,-0.5251962,3.370428,-0.06811982,-0.5285127,3.344305
-0.1220001,0.7451661,3.015508,-0.1320742,0.5698935,3.107518,-0.3230801,0.4705886,3.097576,0.05723014,0.4547729,3.132606,-0.4338046,0.2261111,3.176434,0.1442191,0.2062987,3.245972,-0.557384,0.05899991,3.252595,0.2969403,0.06507511,3.321744,-0.1351756,0.2466083,3.133169,-0.1348059,0.1820128,3.128735,-0.216007,0.09929556,3.119933,-0.05540323,0.09213251,3.140509,-0.2444569,-0.3119091,2.986248,0.008016169,-0.3245825,3.045509,-0.1478865,-0.5176952,3.30101,-0.05960333,-0.5398561,3.322841
-0.118935,0.7425946,3.010355,-0.1355851,0.5619606,3.090918,-0.322787,0.4686031,3.092559,0.05655809,0.4535928,3.128077,-0.4368658,0.2272373,3.181399,0.1442072,0.2063937,3.245995,-0.5833564,0.07720536,3.253253,0.3083283,0.07410564,3.315081,-0.1378783,0.2427837,3.123717,-0.1373688,0.1784462,3.121656,-0.2179539,0.09602052,3.113428,-0.05787061,0.0893607,3.135978,-0.2498294,-0.3181733,2.991875,-0.005160004,-0.3295816,3.04544,-0.1825263,-0.6767059,3.216695,-0.03827934,-0.6659781,3.305173
-0.1185837,0.720548,2.996885,-0.1356013,0.5515946,3.083162,-0.3166553,0.4516291,3.075999,0.0582671,0.4444937,3.117302,-0.4437674,0.2260862,3.183495,0.1628973,0.1996118,3.241935,-0.6093993,0.09000468,3.243009,0.3547031,0.09198704,3.282509,-0.1376517,0.2236442,3.115036,-0.1369367,0.1572444,3.11431,-0.2161431,0.0726894,3.103308,-0.05826362,0.07068272,3.133106,-0.2503324,-0.4103189,3.007012,-0.009517731,-0.3976277,3.047513,-0.2208835,-0.7962258,3.155097,-0.03555957,-0.7734994,3.2542
-0.1169873,0.7066225,2.989145,-0.1306498,0.5281672,3.073779,-0.314617,0.4297144,3.067744,0.06026722,0.4145708,3.103876,-0.4684534,0.2048111,3.181113,0.1685522,0.1766868,3.236964,-0.6575053,0.08694953,3.208783,0.3849164,0.08993331,3.246167,-0.1345156,0.1851808,3.106832,-0.1345551,0.1157824,3.107629,-0.2130871,0.03249665,3.096508,-0.05829707,0.02697233,3.12833,-0.2448641,-0.5248454,3.019137,-0.01143358,-0.4848674,3.062606,-0.2343364,-0.9083491,3.065032,-0.02957712,-0.896113,3.165167
-0.1166965,0.6819919,2.984031,-0.1276409,0.4851794,3.062844,-0.315677,0.3863403,3.06138,0.06288402,0.3771532,3.099339,-0.4789238,0.1610552,3.163174,0.1780512,0.1425476,3.2079,-0.6801214,0.05985122,3.174881,0.3964075,0.07669485,3.199273,-0.1315857,0.1350286,3.09581,-0.1315724,0.06509217,3.097456,-0.2077939,-0.02073759,3.086251,-0.05706496,-0.02303258,3.117585,-0.2409776,-0.5992657,3.035294,-0.01233467,-0.5753407,3.074078,-0.2534488,-1.006259,3.037835,-0.03020027,-1.013774,3.111629
-0.1169923,0.6284459,2.994742,-0.1256834,0.4320225,3.071774,-0.3175071,0.332977,3.059433,0.06910888,0.3212556,3.106302,-0.4953592,0.1148392,3.15165,0.1851922,0.08668936,3.180817,-0.6970555,0.01907206,3.098604,0.4303787,0.04277257,3.134974,-0.1284186,0.09554309,3.086388,-0.128025,0.02745033,3.085327,-0.2054315,-0.05946781,3.069599,-0.05081438,-0.06849717,3.098869,-0.2406673,-0.6198208,3.035708,-0.02200256,-0.6353287,3.082097,-0.2553669,-1.009237,3.037912,-0.03649769,-1.016572,3.104025
-0.1196005,0.5564372,3.014183,-0.1354559,0.3629819,3.072855,-0.3163455,0.2580917,3.055595,0.05882601,0.2524086,3.100283,-0.4965615,0.04331482,3.118704,0.1846113,0.02801859,3.152817,-0.7088709,-0.0139316,3.049683,0.4024931,0.004181085,3.08104,-0.1314188,0.02392366,3.074195,-0.1295328,-0.04347658,3.068846,-0.2061109,-0.1267634,3.049415,-0.05045046,-0.1320288,3.080724,-0.2322451,-0.640601,3.028028,-0.02772102,-0.6427674,3.075473,-0.2494252,-1.023588,3.065629,-0.06468961,-1.021974,3.108896
-0.126261,0.5030173,3.026605,-0.1226142,0.3036481,3.075619,-0.3150012,0.1968543,3.054892,0.05732539,0.1854282,3.097449,-0.4989359,-0.01897227,3.102958,0.1824551,-0.0256141,3.134243,-0.6987251,-0.05719958,2.988996,0.3909931,-0.03340807,3.031789,-0.124118,-0.03331041,3.068296,-0.1230447,-0.09979752,3.058439,-0.2014441,-0.1829468,3.032817,-0.04482839,-0.1882902,3.070858,-0.2150436,-0.667427,2.99731,-0.03366776,-0.6567845,3.033307,-0.2450721,-1.030892,3.070421,-0.1122424,-1.035597,3.091662
-0.1238296,0.4674284,3.034672,-0.12777,0.259704,3.076897,-0.3148668,0.1473413,3.053235,0.06182288,0.1490691,3.101815,-0.5005411,-0.05293431,3.077972,0.1965908,-0.07767259,3.130098,-0.6874827,-0.09841556,2.944176,0.3971151,-0.06634602,2.977031,-0.1258305,-0.07538235,3.071607,-0.1236319,-0.1413175,3.059664,-0.2018068,-0.225257,3.03414,-0.04369936,-0.233101,3.07184,-0.213982,-0.6684509,2.967532,-0.03276554,-0.6603815,3.019706,-0.2003887,-1.023459,3.0422,-0.1125463,-1.030746,3.072625
-0.1238182,0.4583279,3.041514,-0.128004,0.2576824,3.078644,-0.3152609,0.1439901,3.052765,0.06197526,0.1414816,3.102192,-0.4998516,-0.05829257,3.076625,0.1852071,-0.09076784,3.124814,-0.6587648,-0.1388019,2.922524,0.3947799,-0.07843374,2.96446,-0.1266487,-0.0796892,3.075205,-0.1242358,-0.1460094,3.061348,-0.2027949,-0.2300417,3.036495,-0.04400929,-0.2364213,3.072528,-0.2170354,-0.6692473,2.961584,-0.0288159,-0.6625623,3.011083,-0.199869,-1.021661,3.038212,-0.1115482,-1.029227,3.068597
-0.1196276,0.4631721,3.049587,-0.12902,0.2615218,3.082251,-0.3148811,0.1491031,3.052361,0.0621354,0.1423806,3.101519,-0.4936816,-0.05688971,3.071982,0.1834496,-0.08311541,3.116059,-0.6535486,-0.1447485,2.923487,0.3954793,-0.08563943,2.954856,-0.1273432,-0.0780052,3.077301,-0.1245982,-0.144059,3.060919,-0.203205,-0.2277179,3.035795,-0.04433334,-0.2335701,3.070937,-0.2211428,-0.667447,2.962306,-0.02835466,-0.6616771,3.01045,-0.2021214,-1.021214,3.038232,-0.1110715,-1.028082,3.067532
-0.1190615,0.5070188,3.058931,-0.1224924,0.3203586,3.087246,-0.3108355,0.2065473,3.054939,0.06086538,0.1964208,3.096711,-0.4850318,-0.02617744,3.072335,0.1644584,-0.03315375,3.128042,-0.6359669,-0.1546641,2.948395,0.3982124,-0.09303196,2.958392,-0.1230978,-0.02610001,3.069628,-0.1205335,-0.09230753,3.046342,-0.1987015,-0.1747614,3.016471,-0.04155777,-0.1800015,3.053637,-0.2354847,-0.6575367,2.982927,-0.02898055,-0.6588016,3.017443,-0.2159593,-1.023945,3.050586,-0.110351,-1.029602,3.076657
-0.117623,0.5757778,3.064203,-0.1309351,0.3856261,3.095668,-0.314274,0.2699729,3.057321,0.06400622,0.2629344,3.103027,-0.4817751,0.02072964,3.076921,0.2092387,0.03896129,3.123563,-0.6222899,-0.1453515,2.999098,0.381504,-0.09491586,3.010793,-0.122813,0.0329192,3.071286,-0.1178744,-0.03327189,3.043036,-0.1928051,-0.1163473,3.013167,-0.03759781,-0.1216579,3.045693,-0.2407613,-0.6431751,3.024066,-0.03762968,-0.6522843,3.071205,-0.2269073,-1.021702,3.064566,-0.07196523,-1.03723,3.11931
-0.1135802,0.6449766,3.058264,-0.1305416,0.4545489,3.099073,-0.3177428,0.350308,3.067726,0.06972697,0.3267606,3.108096,-0.468444,0.08637258,3.08256,0.2061174,0.1032335,3.131405,-0.5883402,-0.1047766,3.045985,0.3648405,-0.08312419,3.059622,-0.1224264,0.0990824,3.079555,-0.1173735,0.0326803,3.048853,-0.1923116,-0.05122733,3.01995,-0.03695255,-0.05906413,3.051079,-0.2343979,-0.6280485,3.055959,-0.03922109,-0.6359007,3.1023,-0.2304072,-1.015678,3.065932,-0.06849851,-1.031712,3.120502
-0.1155616,0.6969745,3.059904,-0.1295789,0.4564907,3.096329,-0.3142929,0.394014,3.065141,0.07065992,0.3823653,3.096068,-0.4553939,0.1251628,3.082595,0.2008317,0.1139584,3.138261,-0.5587826,-0.07663994,3.097816,0.3441341,-0.06186318,3.122161,-0.1254587,0.1324674,3.085564,-0.1230528,0.07845485,3.055602,-0.1987537,-0.003891978,3.029062,-0.04582437,-0.012769,3.060865,-0.2334261,-0.582284,3.052641,-0.033736,-0.5902136,3.106614,-0.226595,-0.9993227,3.073737,-0.04340784,-1.012377,3.134114
-0.1164549,0.744628,3.045098,-0.1284219,0.5609475,3.093522,-0.314557,0.4393489,3.063813,0.05904164,0.4292047,3.082309,-0.4288119,0.174994,3.094856,0.1782185,0.1690076,3.149639,-0.5252219,-0.03514501,3.122307,0.3127239,-0.01515019,3.174991,-0.1271731,0.1983971,3.091115,-0.1250241,0.1300418,3.057937,-0.2005779,0.04852788,3.036056,-0.0481372,0.04250363,3.060423,-0.2421803,-0.4987766,3.01002,-0.01708557,-0.5200841,3.07731,-0.1956675,-0.8865452,3.146443,-0.02403689,-0.9238091,3.163556
-0.11566,0.7611623,3.040327,-0.1288625,0.5715333,3.087426,-0.3183858,0.4578807,3.060043,0.05850696,0.4490843,3.07564,-0.4254634,0.1930048,3.108647,0.1737343,0.1895536,3.152853,-0.5131039,-0.009696871,3.146899,0.2989665,0.004168284,3.229983,-0.1305625,0.2250709,3.093751,-0.1296162,0.1608736,3.062087,-0.2104694,0.08321083,3.045315,-0.04962758,0.06793542,3.064685,-0.2414059,-0.3760745,2.970482,-0.0008997269,-0.4286936,3.034267,-0.1504692,-0.7241354,3.202919,-0.03354895,-0.810004,3.226499
-0.1162779,0.771475,3.033962,-0.1289651,0.5848112,3.081086,-0.3183142,0.4668867,3.061518,0.05775943,0.461508,3.075888,-0.4238431,0.2206083,3.126398,0.1650511,0.2120669,3.162322,-0.5042163,0.01329608,3.157885,0.2941483,0.02344592,3.243937,-0.1322423,0.2427809,3.09464,-0.131541,0.177372,3.06391,-0.2117696,0.09761614,3.048665,-0.05288484,0.08845183,3.067392,-0.2448844,-0.3227073,2.95504,0.003914062,-0.3419988,3.007784,-0.1145455,-0.5653709,3.21464,-0.0180667,-0.6906774,3.250717
-0.1189099,0.7792372,3.023015,-0.1279022,0.5914325,3.07974,-0.3213581,0.4845766,3.070131,0.05704835,0.4725266,3.081862,-0.4217146,0.231944,3.135877,0.1551174,0.23389,3.176931,-0.5183752,0.03735568,3.187564,0.2921914,0.07391911,3.250441,-0.1320455,0.2550391,3.09566,-0.1317855,0.1905954,3.065727,-0.212667,0.1090126,3.05044,-0.0529111,0.1006148,3.069806,-0.2349612,-0.3091247,2.943288,0.02442735,-0.3165722,2.992594,-0.1302567,-0.4343324,3.215136,-0.05918504,-0.539455,3.236571
-0.1199363,0.7794303,3.018966,-0.1288325,0.5932961,3.079962,-0.3216453,0.4862188,3.070218,0.05730473,0.4748051,3.084107,-0.4210864,0.2365971,3.138946,0.156883,0.2336244,3.185677,-0.5332259,0.05139093,3.193185,0.3058312,0.08226307,3.251933,-0.1327366,0.2586202,3.096432,-0.1321581,0.1943133,3.067007,-0.2128529,0.1123243,3.05149,-0.05297553,0.1042425,3.071419,-0.2372906,-0.303887,2.937038,0.0233484,-0.3127636,2.992526,-0.1352453,-0.5392671,3.271911,-0.03735413,-0.5465654,3.291833
-0.1197258,0.7809248,3.017054,-0.128237,0.5938997,3.079243,-0.3212748,0.4866313,3.07037,0.05745707,0.475926,3.084406,-0.4222555,0.2420383,3.145277,0.1607954,0.2349041,3.190166,-0.5560765,0.07243493,3.201062,0.3331815,0.09529449,3.244744,-0.1323382,0.2592954,3.095924,-0.131787,0.1948957,3.06699,-0.2124268,0.1129962,3.051684,-0.05259204,0.1051611,3.071398,-0.2431175,-0.3030155,2.938582,0.01921744,-0.3133118,2.997694,-0.1511643,-0.5791079,3.24651,-0.04226056,-0.6106557,3.294221
-0.1190935,0.7788646,3.01398,-0.1274242,0.5891387,3.076894,-0.3207414,0.4855286,3.069208,0.05780088,0.4734873,3.082048,-0.4254774,0.2383338,3.150559,0.1699614,0.2288038,3.189417,-0.5777128,0.08078521,3.196194,0.3756486,0.09271341,3.230615,-0.1316936,0.2556728,3.096202,-0.1312765,0.1907504,3.068655,-0.2116109,0.1086166,3.053528,-0.05247069,0.1006079,3.074892,-0.2316983,-0.3374757,2.980292,0.006848778,-0.3641317,3.018873,-0.159398,-0.6531251,3.256781,-0.02564098,-0.7186241,3.256941
-0.1216683,0.7587916,3.00155,-0.1240051,0.5747508,3.072715,-0.3206471,0.4669936,3.065225,0.059524,0.4579197,3.076326,-0.438688,0.2158536,3.153035,0.1812294,0.2094973,3.182706,-0.6041346,0.06741518,3.185515,0.3921089,0.08955357,3.193434,-0.1251575,0.2310829,3.097598,-0.1242339,0.1627924,3.073416,-0.2032355,0.07547171,3.060329,-0.0453745,0.0750949,3.082057,-0.2288876,-0.4247238,3.004984,0.003875185,-0.4357612,3.0352,-0.1959389,-0.808382,3.193656,-0.02121206,-0.8258208,3.218665
-0.1240594,0.7352941,2.997259,-0.1208827,0.5431977,3.069022,-0.3163494,0.432717,3.061691,0.06992237,0.4224531,3.07535,-0.454037,0.1868004,3.144987,0.1812332,0.1825381,3.159461,-0.6360493,0.05158776,3.11869,0.419518,0.06009287,3.146125,-0.1188483,0.1886981,3.100018,-0.1173323,0.1182194,3.079706,-0.1957535,0.03006775,3.067501,-0.03737973,0.02858745,3.09126,-0.2196579,-0.5276579,3.033564,0.003534219,-0.5282612,3.063801,-0.1985564,-0.8897281,3.134402,-0.01657572,-0.933068,3.15529
-0.1246655,0.6791055,2.999126,-0.121799,0.4872201,3.065556,-0.3214298,0.3759568,3.059169,0.06792115,0.368819,3.075335,-0.464002,0.1296797,3.117806,0.1904652,0.1292281,3.14751,-0.6553372,0.01242658,3.069023,0.4214528,0.02604235,3.098382,-0.1199598,0.1346534,3.094653,-0.1184454,0.06434901,3.076334,-0.195949,-0.02411785,3.065514,-0.03954099,-0.02382648,3.085872,-0.2196514,-0.599109,3.052524,0.006190728,-0.6020913,3.082572,-0.214178,-1.001616,3.108714,-0.02175839,-1.03501,3.135691
-0.1221241,0.6258869,3.006014,-0.1229649,0.4295247,3.071829,-0.3235668,0.3178729,3.063106,0.0725827,0.3133383,3.080358,-0.4721804,0.077702,3.090088,0.1928756,0.06910552,3.13781,-0.6578984,-0.03391512,3.008142,0.4142128,-0.01900707,3.035774,-0.1179614,0.08149546,3.090996,-0.1157999,0.01278947,3.071797,-0.1951593,-0.07663542,3.058905,-0.03335639,-0.07716738,3.078714,-0.2149023,-0.5995715,3.056363,0.001387526,-0.622359,3.084396,-0.2155483,-0.994451,3.104243,-0.02308111,-1.024857,3.1164
-0.1261865,0.5530354,3.022901,-0.1243104,0.3577433,3.07836,-0.3210157,0.2449854,3.069046,0.06250328,0.2370301,3.079989,-0.4758919,0.01755507,3.083154,0.1855885,0.008967324,3.120888,-0.6602586,-0.09020857,2.959092,0.407476,-0.08146861,2.993978,-0.1173205,0.01271313,3.088222,-0.1151231,-0.05462237,3.066779,-0.193365,-0.1419674,3.050861,-0.03301353,-0.1408775,3.071992,-0.199748,-0.6508147,3.06446,-0.00704627,-0.645146,3.073363,-0.201939,-1.024211,3.150775,-0.04728748,-1.034047,3.135911
-0.1248301,0.497453,3.036492,-0.121959,0.2952455,3.082362,-0.3148635,0.1778647,3.068531,0.06524146,0.1703871,3.086,-0.4721476,-0.04829582,3.06537,0.1920218,-0.05529179,3.108081,-0.6384932,-0.1434337,2.921023,0.4016438,-0.1288863,2.962234,-0.1159903,-0.04740711,3.085593,-0.1134519,-0.113507,3.061406,-0.1920594,-0.1995605,3.040831,-0.03125482,-0.1999233,3.067296,-0.1954536,-0.6598535,3.045817,-0.009998006,-0.6586758,3.044769,-0.1853139,-1.034871,3.145901,-0.04932649,-1.034534,3.131611
-0.126425,0.4603216,3.036452,-0.1184177,0.2614642,3.087061,-0.3142889,0.1555369,3.071345,0.07154609,0.131025,3.088079,-0.4657611,-0.06976583,3.060104,0.1917884,-0.07825796,3.101858,-0.6146501,-0.1891991,2.910958,0.3725832,-0.1674848,2.969155,-0.1170533,-0.07853724,3.093323,-0.1153313,-0.1443108,3.068707,-0.1956508,-0.2314104,3.050689,-0.03385739,-0.2340688,3.073564,-0.1943282,-0.6726561,3.021822,-0.008411257,-0.6619678,3.031575,-0.1618081,-1.0271,3.104928,-0.06100162,-1.031232,3.110466
-0.1244204,0.4523844,3.041577,-0.1198485,0.2563927,3.086576,-0.3138374,0.1417353,3.069338,0.06961044,0.1283782,3.087189,-0.4604402,-0.08526701,3.058597,0.1954133,-0.08914153,3.100472,-0.5989338,-0.2156096,2.906079,0.3693996,-0.1812702,2.963112,-0.1172475,-0.08574892,3.095864,-0.1151806,-0.1522624,3.07144,-0.1947502,-0.2382179,3.054029,-0.03366357,-0.2394978,3.076323,-0.1982958,-0.6734668,3.020553,-0.006444066,-0.6658424,3.024163,-0.1615209,-1.026706,3.104989,-0.06747312,-1.028094,3.103148
-0.1182918,0.4717636,3.045968,-0.118765,0.2640817,3.084997,-0.314251,0.1460102,3.069375,0.06855785,0.1355565,3.084279,-0.4512977,-0.08263674,3.063766,0.1962233,-0.08813041,3.099462,-0.5806062,-0.2277771,2.93095,0.3873061,-0.2037012,2.954221,-0.1149551,-0.07888479,3.097636,-0.1128635,-0.1455395,3.073828,-0.1921658,-0.2315689,3.058095,-0.03073024,-0.2316846,3.079219,-0.206081,-0.6775241,3.027363,-0.003329727,-0.6582917,3.032939,-0.163222,-1.026488,3.108683,-0.06490244,-1.022223,3.104075
-0.1186546,0.5280175,3.046875,-0.1169964,0.3311714,3.089398,-0.3065631,0.2175457,3.07054,0.06799577,0.2054535,3.082973,-0.4504587,-0.04403352,3.063777,0.2105449,-0.03458599,3.097777,-0.5693333,-0.233867,2.983855,0.3775855,-0.2030072,2.975515,-0.1113801,-0.01829272,3.096702,-0.1091595,-0.08577732,3.070833,-0.1861923,-0.1697045,3.052766,-0.02893765,-0.1715267,3.075709,-0.2171888,-0.6574879,3.075829,-0.007586949,-0.6542294,3.064338,-0.1733138,-1.028716,3.143863,-0.06078428,-1.040267,3.138258
-0.1100564,0.5907229,3.047137,-0.1184909,0.4037038,3.087059,-0.3088716,0.2784013,3.074608,0.07491798,0.2722993,3.085658,-0.4329832,0.02172489,3.072586,0.2050069,0.01997393,3.114813,-0.5482683,-0.1937857,3.045654,0.3456918,-0.1749296,3.030476,-0.112212,0.04450951,3.095412,-0.1100125,-0.02496787,3.068995,-0.1873924,-0.1124612,3.05376,-0.02920676,-0.1106841,3.071337,-0.2110121,-0.6444554,3.120336,-0.0146179,-0.6331236,3.119691,-0.1773489,-1.021596,3.151463,-0.05678516,-1.034549,3.153402
-0.1117678,0.6565255,3.041668,-0.12217,0.4687521,3.092882,-0.3120931,0.3589171,3.08229,0.07573843,0.3404059,3.09,-0.4177602,0.08683492,3.087396,0.1971241,0.07472943,3.131319,-0.5181416,-0.1315429,3.08462,0.3293685,-0.1263864,3.090765,-0.1148592,0.1095334,3.0988,-0.1126172,0.04044539,3.070761,-0.1900989,-0.04585209,3.056201,-0.0312388,-0.04797009,3.070648,-0.2088131,-0.6175835,3.138011,-0.01121631,-0.622076,3.136668,-0.1961787,-0.9993406,3.15782,-0.035347,-1.017417,3.158056
-0.108502,0.7119302,3.042284,-0.118046,0.5270042,3.093123,-0.3075839,0.4106731,3.082781,0.07810128,0.3992806,3.08097,-0.4070948,0.133212,3.121637,0.1911554,0.1297266,3.149102,-0.4976913,-0.07284504,3.138988,0.3146861,-0.07138789,3.140486,-0.1111863,0.1619486,3.102613,-0.1098977,0.09140295,3.074648,-0.187287,0.0042745,3.061409,-0.02925865,0.004803646,3.074995,-0.211771,-0.5704392,3.12257,0.009728597,-0.5692596,3.134991,-0.1977773,-0.9923162,3.170902,-0.004559316,-0.9988715,3.174659
-0.1081753,0.7502031,3.045709,-0.1193524,0.5568981,3.093076,-0.3044625,0.4485792,3.086745,0.07808896,0.4301203,3.082327,-0.3989621,0.1670987,3.139614,0.1851721,0.1584794,3.151654,-0.4845526,-0.03709261,3.177195,0.3040605,-0.02694464,3.193915,-0.1118374,0.2086493,3.108083,-0.110577,0.1411932,3.081748,-0.1873626,0.05710775,3.07119,-0.03005999,0.05209586,3.081946,-0.2198566,-0.4766403,3.065378,0.01559871,-0.488784,3.09001,-0.1683239,-0.8598263,3.256962,-0.008852135,-0.8806479,3.240545
-0.1060408,0.7630603,3.043868,-0.1105947,0.5764668,3.091666,-0.3030931,0.4610523,3.085551,0.07724485,0.4452156,3.081296,-0.4053467,0.2110066,3.154275,0.1838464,0.1946663,3.172307,-0.4605972,0.0005724281,3.206316,0.3056839,0.01908043,3.23593,-0.1110804,0.2271415,3.109617,-0.1113189,0.1592545,3.084455,-0.1926911,0.08019468,3.076114,-0.03060048,0.06955922,3.084704,-0.2320245,-0.3449792,3.023515,0.03083317,-0.3900993,3.049787,-0.1208957,-0.6290732,3.274376,-0.003824469,-0.7398664,3.294412
-0.1036914,0.7818643,3.038916,-0.1095869,0.5833831,3.09181,-0.3041937,0.4794544,3.09193,0.07770303,0.4639236,3.089972,-0.4052949,0.2203912,3.162592,0.1843878,0.2075884,3.187237,-0.4635185,0.009479851,3.210539,0.3187689,0.03903243,3.245658,-0.1105101,0.2502401,3.111708,-0.1108824,0.1859494,3.088275,-0.192646,0.1024141,3.078813,-0.03019799,0.09542606,3.09011,-0.2152853,-0.3231789,3.019408,0.0488963,-0.3225014,3.023364,-0.1367402,-0.5518452,3.214444,-0.05140867,-0.5484498,3.266732
-0.10235,0.7883859,3.038092,-0.1079714,0.588899,3.093587,-0.3033563,0.4871851,3.09433,0.08021758,0.470358,3.095204,-0.4043913,0.2343584,3.171878,0.1869978,0.2159088,3.198949,-0.4846332,0.03190486,3.223463,0.3260183,0.05122015,3.257617,-0.10961,0.2592037,3.113032,-0.1099424,0.1948102,3.090349,-0.1921622,0.1109301,3.078843,-0.0290246,0.1043701,3.094299,-0.2384317,-0.3035277,2.966446,0.05496363,-0.3111191,3.01766,-0.1269836,-0.4404725,3.216124,-0.06968541,-0.4591843,3.283386
-0.1014879,0.7895831,3.03788,-0.1075402,0.5898728,3.09335,-0.3016006,0.4905922,3.095089,0.08152301,0.4720679,3.09774,-0.404517,0.242923,3.181692,0.1878891,0.221972,3.206655,-0.5062037,0.05685344,3.25006,0.3549373,0.08313999,3.2602,-0.1094492,0.2612278,3.112135,-0.1096953,0.1969524,3.090298,-0.191833,0.1135222,3.079022,-0.02889269,0.106739,3.094151,-0.2403208,-0.3006198,2.966859,0.05379369,-0.3087304,3.016436,-0.1329308,-0.4490602,3.212161,-0.06413075,-0.4566716,3.274817
-0.1001559,0.7886881,3.036706,-0.1058519,0.5912322,3.094967,-0.2999462,0.490921,3.095876,0.08189914,0.4719388,3.097761,-0.4052641,0.2444178,3.186825,0.1887991,0.2232798,3.207273,-0.5314226,0.06907447,3.244211,0.3745228,0.1027727,3.250047,-0.1089418,0.2612731,3.11218,-0.1093534,0.1968774,3.090856,-0.191502,0.1136377,3.079298,-0.02876727,0.106705,3.094901,-0.2346985,-0.3011771,2.968019,0.05488239,-0.3082376,3.015817,-0.1150143,-0.4259442,3.226469,0.001480203,-0.5843251,3.33257
-0.09888175,0.7862777,3.036733,-0.1052154,0.5892195,3.095357,-0.2977674,0.4862506,3.096928,0.08354104,0.4696407,3.098093,-0.4121609,0.2317357,3.193251,0.1955753,0.2187729,3.209649,-0.5803308,0.08660077,3.22848,0.3895599,0.1077631,3.238233,-0.1071745,0.2558788,3.112664,-0.1073386,0.1902831,3.092154,-0.1891571,0.1075646,3.081066,-0.02674477,0.1001251,3.095875,-0.2190785,-0.3155603,3.008645,0.04055441,-0.3326674,3.021554,-0.1226923,-0.5912091,3.292745,0.02458522,-0.6350067,3.319592
-0.09581576,0.7667001,3.033381,-0.1054474,0.5752481,3.097767,-0.2934333,0.4657959,3.096099,0.08811761,0.4484375,3.099651,-0.4169542,0.2202933,3.188964,0.2055967,0.2054224,3.20493,-0.5945445,0.08132806,3.205439,0.4295081,0.1016725,3.198035,-0.10409,0.2276991,3.11621,-0.1032646,0.1585724,3.096833,-0.1829596,0.07495792,3.086117,-0.02262968,0.06961817,3.100815,-0.2132099,-0.3992218,3.022737,0.03505211,-0.421346,3.047291,-0.1602537,-0.7581527,3.252229,0.02983897,-0.7860339,3.274063
-0.09546378,0.7270084,3.038887,-0.09785893,0.5374842,3.103817,-0.2903781,0.4294888,3.098958,0.09310929,0.4150875,3.104917,-0.4329044,0.1910195,3.176843,0.2182747,0.1690012,3.19417,-0.6325107,0.06838652,3.154565,0.4465884,0.08100381,3.146728,-0.0964006,0.1857741,3.119835,-0.09574477,0.1169629,3.100418,-0.1744957,0.03201414,3.090035,-0.01611766,0.0279381,3.103573,-0.2095577,-0.4941933,3.040503,0.0372223,-0.519598,3.072387,-0.1518549,-0.8731042,3.197508,0.02694334,-0.9037476,3.224226
-0.09167262,0.682839,3.042823,-0.1002893,0.4888459,3.110118,-0.2883069,0.3836235,3.104106,0.09573805,0.3673673,3.108303,-0.4528075,0.1378188,3.162569,0.2228503,0.1324497,3.17091,-0.6506677,0.04185195,3.090076,0.4594848,0.05273784,3.101468,-0.09459192,0.1331755,3.120174,-0.09309594,0.06366197,3.099272,-0.1710259,-0.02074394,3.086935,-0.01222207,-0.02523047,3.101514,-0.199255,-0.5727187,3.05923,0.03998749,-0.5917212,3.091602,-0.1684489,-0.9735293,3.165209,0.0205932,-1.008604,3.162594
-0.09258977,0.6227803,3.056606,-0.09250404,0.4253894,3.106887,-0.2939937,0.3096719,3.106236,0.1014595,0.3033671,3.12079,-0.4494345,0.08312269,3.136961,0.2211747,0.07656157,3.161616,-0.6478071,0.0004265159,3.048216,0.4565787,0.002459744,3.045767,-0.09183641,0.07322919,3.116812,-0.09069625,0.004397459,3.095524,-0.1713956,-0.08368312,3.081753,-0.009230254,-0.08606098,3.098605,-0.1935453,-0.6257675,3.083939,0.03323405,-0.6085919,3.096402,-0.1896366,-1.001442,3.13421,0.01453546,-0.9999875,3.13809
-0.09284563,0.5531894,3.069793,-0.09691224,0.3530726,3.105053,-0.2890123,0.2365971,3.105798,0.09944339,0.2296014,3.118842,-0.462907,0.01889611,3.126496,0.2307235,-0.0005671997,3.147035,-0.6479917,-0.04604608,2.997195,0.4372712,-0.061103,3.016793,-0.09045589,0.005673788,3.111418,-0.08820063,-0.06176011,3.088463,-0.1675614,-0.1486556,3.075661,-0.005168816,-0.1496734,3.08844,-0.1864378,-0.6410694,3.079896,0.01595968,-0.6442453,3.08316,-0.187262,-0.983384,3.125782,-0.02224438,-1.027448,3.180573
-0.1036894,0.4918126,3.073234,-0.09875233,0.2922208,3.112715,-0.2911392,0.1747231,3.113821,0.09482635,0.1670298,3.124361,-0.4511389,-0.04201339,3.105886,0.2278313,-0.06421597,3.138637,-0.6412161,-0.1040897,2.967519,0.4309434,-0.1140069,2.995091,-0.09392776,-0.05171653,3.115484,-0.09211484,-0.1179093,3.090259,-0.1710952,-0.2026216,3.077411,-0.01032956,-0.2065126,3.087768,-0.1816941,-0.660129,3.064722,0.0178794,-0.6472872,3.067921,-0.1423931,-1.034884,3.157922,-0.01697814,-1.032424,3.172722
-0.09747819,0.4685713,3.076844,-0.09732649,0.2606675,3.112145,-0.2846724,0.1461072,3.099969,0.09195212,0.1415373,3.118586,-0.4488734,-0.06762788,3.107798,0.2169743,-0.07975782,3.136628,-0.6183677,-0.1419215,2.961455,0.4238353,-0.1387062,2.992291,-0.09238413,-0.08552018,3.12006,-0.08987781,-0.1525773,3.095143,-0.1672333,-0.2350033,3.080503,-0.009657319,-0.2369356,3.096512,-0.179785,-0.6699167,3.052759,0.02188017,-0.6629171,3.053782,-0.1406175,-1.030989,3.148422,-0.01189136,-1.034287,3.15596
-0.09769387,0.4631134,3.080483,-0.09670201,0.2578136,3.112012,-0.2841059,0.1442173,3.097882,0.09105875,0.137668,3.116256,-0.4319676,-0.07792497,3.116489,0.2168304,-0.09193125,3.139044,-0.612268,-0.1508844,2.96651,0.4156142,-0.1542403,2.990508,-0.09152502,-0.08810627,3.123313,-0.08891582,-0.1555019,3.09919,-0.1654006,-0.2390225,3.087137,-0.009028472,-0.2401215,3.10171,-0.1834154,-0.6733025,3.051334,0.02325976,-0.6655321,3.053186,-0.1405334,-1.031066,3.148218,-0.003389235,-1.027877,3.148156
-0.09430204,0.4765947,3.082784,-0.09376251,0.2761102,3.105953,-0.283992,0.1545663,3.096341,0.09196446,0.1426623,3.113207,-0.4312919,-0.05280385,3.114333,0.2206169,-0.08752225,3.13584,-0.5941014,-0.172123,2.993578,0.4122876,-0.1599766,2.988782,-0.09143017,-0.07251914,3.1254,-0.08953305,-0.1405465,3.103654,-0.1676223,-0.2230117,3.093756,-0.009576079,-0.2275215,3.107291,-0.1938904,-0.6709723,3.068189,0.02675599,-0.6540429,3.066294,-0.1441754,-1.026198,3.152629,-0.0005914452,-1.025737,3.150854
-0.08297901,0.5466738,3.096607,-0.09449223,0.3472873,3.11312,-0.2818261,0.2310584,3.095502,0.09362064,0.217042,3.109585,-0.443835,0.007134154,3.101294,0.2249473,-0.02033769,3.135854,-0.5919479,-0.1752915,3.002544,0.4096221,-0.1611164,2.991557,-0.09193689,-0.007448994,3.128745,-0.09029999,-0.07701208,3.106617,-0.1681656,-0.1606005,3.096485,-0.0107613,-0.1627558,3.10863,-0.1933782,-0.6498873,3.124397,0.02582377,-0.6398422,3.115435,-0.1617995,-1.023819,3.187886,0.003997086,-1.022374,3.162948
-0.08758155,0.6092911,3.086172,-0.09442516,0.4222932,3.123579,-0.283544,0.30137,3.108172,0.09728864,0.2882096,3.127983,-0.4375067,0.04973199,3.101923,0.2185535,0.05053164,3.138096,-0.5659154,-0.1616623,3.048364,0.3752527,-0.1478559,3.034225,-0.09214298,0.05973723,3.13321,-0.09010862,-0.0108804,3.109445,-0.1678942,-0.09541835,3.096778,-0.01061152,-0.09809902,3.111018,-0.1846972,-0.6344962,3.163925,0.01690188,-0.6497135,3.17215,-0.1723671,-1.026973,3.196172,0.005010186,-1.025994,3.167815
-0.08565202,0.6744163,3.085165,-0.09957837,0.4852827,3.129198,-0.2896219,0.3717985,3.112293,0.09555926,0.3593648,3.129695,-0.4183732,0.1146592,3.129128,0.2204765,0.08231764,3.149095,-0.5233224,-0.09762181,3.097626,0.3494617,-0.103239,3.092988,-0.0981308,0.1220815,3.137258,-0.09642544,0.05155688,3.112427,-0.1740438,-0.03310561,3.098276,-0.01754356,-0.0375943,3.114309,-0.1862079,-0.6057927,3.169981,0.0161391,-0.6105226,3.178283,-0.1781331,-1.016164,3.190945,0.008257349,-1.023255,3.167463
-0.08568971,0.7261559,3.07707,-0.1002076,0.5393037,3.124561,-0.2857598,0.4258698,3.109519,0.08923874,0.4124699,3.117088,-0.4049163,0.1589744,3.14879,0.2063962,0.1367324,3.161694,-0.4975685,-0.06311364,3.137321,0.3433565,-0.06804579,3.147216,-0.09957867,0.175015,3.139956,-0.09880602,0.103611,3.116946,-0.1755289,0.01940984,3.104968,-0.02153786,0.01831663,3.120575,-0.2009584,-0.5560853,3.151943,0.02538921,-0.5451461,3.155656,-0.1917001,-0.967663,3.182191,0.01047203,-0.9255148,3.181237
-0.08246165,0.7548037,3.079414,-0.09632054,0.5746568,3.12388,-0.2873003,0.4486149,3.104392,0.08897574,0.43472,3.1183,-0.3996346,0.1708082,3.148992,0.200579,0.162577,3.174545,-0.480968,-0.03949854,3.167194,0.3330427,-0.02364757,3.216028,-0.1012256,0.2215928,3.14387,-0.1013062,0.1522809,3.123169,-0.1834617,0.06913721,3.113291,-0.02147277,0.06440555,3.127208,-0.2139885,-0.4773907,3.106319,0.0248252,-0.4491556,3.10238,-0.1808742,-0.872336,3.256208,0.02068935,-0.843307,3.234174
-0.0894293,0.7809947,3.080007,-0.09850899,0.5864168,3.124129,-0.2951462,0.4699459,3.115787,0.08553369,0.4530078,3.118109,-0.391275,0.2125268,3.168206,0.1977855,0.1867448,3.198069,-0.4721774,-0.01004131,3.178478,0.3277989,-0.009519548,3.243216,-0.1032689,0.2365284,3.146659,-0.1040935,0.1672407,3.128039,-0.1863939,0.08466021,3.120834,-0.0240926,0.07837095,3.131386,-0.2330225,-0.3609951,3.065827,0.02802204,-0.3781094,3.08225,-0.1312179,-0.7105039,3.294055,0.01354774,-0.7417599,3.282178
-0.08834288,0.7972952,3.085348,-0.1017068,0.6019295,3.131002,-0.2984124,0.4887975,3.121106,0.0830919,0.4704101,3.12906,-0.3978353,0.2195134,3.173754,0.1911319,0.2044017,3.214007,-0.4786655,0.009372175,3.194684,0.3277369,0.02651027,3.270175,-0.1083998,0.2597838,3.151289,-0.1092321,0.1922634,3.133303,-0.1922974,0.1102093,3.122995,-0.02884172,0.101046,3.137924,-0.2424367,-0.3103937,3.047383,0.0346599,-0.3180777,3.064591,-0.113233,-0.5427886,3.291804,-0.02288862,-0.6162346,3.302577
-0.08955444,0.8112398,3.091811,-0.1045632,0.608052,3.131709,-0.3004439,0.4932661,3.123278,0.08335461,0.4761493,3.136364,-0.4018187,0.2279978,3.18152,0.184941,0.2129082,3.228014,-0.4902461,0.02058958,3.200538,0.3321886,0.0356882,3.275995,-0.1119445,0.2674264,3.151053,-0.1125692,0.2000284,3.13406,-0.1957555,0.1171429,3.123214,-0.03206372,0.1080252,3.139425,-0.1905857,-0.3080922,3.157572,0.03295311,-0.3105903,3.064683,-0.09648606,-0.5364825,3.347253,-0.01224113,-0.6012661,3.349489
-0.09064791,0.8133702,3.095796,-0.1048894,0.6090714,3.134199,-0.3006301,0.4953158,3.124971,0.08441445,0.4789291,3.144659,-0.4089026,0.2342605,3.191361,0.1815556,0.2194501,3.238739,-0.5277467,0.04575233,3.225188,0.3469847,0.07461496,3.2897,-0.1126605,0.2696022,3.151286,-0.1130186,0.2026433,3.134761,-0.196408,0.1198053,3.122703,-0.03255923,0.1104037,3.140645,-0.2006375,-0.30542,3.156544,0.03019732,-0.3082354,3.064267,-0.09786872,-0.4976013,3.375393,-0.0150205,-0.6165857,3.354275
-0.09055577,0.8150288,3.105957,-0.1038466,0.610559,3.140714,-0.3002199,0.4952064,3.126488,0.08293047,0.4797267,3.147134,-0.4111686,0.24033,3.196874,0.1796294,0.2199419,3.242854,-0.5645345,0.07309444,3.204391,0.3536893,0.08337565,3.283765,-0.1126944,0.2691355,3.151624,-0.1130262,0.2024137,3.134832,-0.1963622,0.1198771,3.122452,-0.03274904,0.1101856,3.140595,-0.2680417,-0.2972288,3.045995,0.01597995,-0.3310449,3.075859,-0.1414192,-0.5550072,3.3584,-0.01979208,-0.6604857,3.345308
-0.09378281,0.8124598,3.111405,-0.1086797,0.6060245,3.151436,-0.2992114,0.4919598,3.12975,0.08166891,0.4733689,3.150218,-0.4197036,0.2347529,3.198084,0.1795635,0.2187722,3.24415,-0.5928332,0.08676514,3.193448,0.3695204,0.0989182,3.269173,-0.1137869,0.2621651,3.155278,-0.1135899,0.1948705,3.136171,-0.1958508,0.115143,3.120772,-0.03349267,0.1020959,3.141948,-0.2651696,-0.3029323,3.048681,0.003981186,-0.4014509,3.101076,-0.1612673,-0.5978453,3.337893,-0.01907718,-0.7787088,3.30845
-0.09759222,0.7854097,3.129815,-0.1144423,0.5916846,3.160504,-0.2990051,0.4673838,3.138035,0.08041367,0.4588251,3.157372,-0.4319718,0.2224992,3.19083,0.1837485,0.2085236,3.242012,-0.6187213,0.09394935,3.153136,0.383896,0.1001185,3.240766,-0.1160109,0.2298024,3.161787,-0.1146351,0.1584102,3.138953,-0.1939005,0.0776642,3.11699,-0.03443936,0.06687088,3.145356,-0.2477591,-0.4032521,3.084112,-0.002863714,-0.4736544,3.117974,-0.1998274,-0.748678,3.333191,-0.02981259,-0.8687008,3.293639
-0.1032517,0.7396924,3.139041,-0.1136393,0.5381993,3.174129,-0.3081062,0.4191147,3.150591,0.07938527,0.4048747,3.170105,-0.4563802,0.1923185,3.179586,0.1977253,0.1621214,3.239393,-0.6548249,0.1120239,3.087336,0.4350235,0.08314434,3.192872,-0.115801,0.1764388,3.169163,-0.1146622,0.1071342,3.142578,-0.194462,0.02666948,3.121954,-0.03527814,0.01244341,3.144758,-0.2519596,-0.5020797,3.102334,-0.0200518,-0.5656041,3.147908,-0.2245153,-0.8745429,3.29432,-0.04665275,-0.9510083,3.272124
-0.1034923,0.6931032,3.152634,-0.1173763,0.494404,3.177934,-0.3027631,0.3748062,3.148248,0.07936178,0.3651282,3.177352,-0.4666633,0.1497933,3.154963,0.2068166,0.122135,3.226707,-0.672526,0.1092659,3.051902,0.4349157,0.0500572,3.143855,-0.1183671,0.1236956,3.170383,-0.1159773,0.05389104,3.140116,-0.1945882,-0.02886496,3.11698,-0.03668195,-0.03499407,3.142801,-0.2491487,-0.5885184,3.12401,-0.01759427,-0.5901721,3.146735,-0.2295309,-0.9675228,3.243624,-0.07413377,-1.011669,3.244948
-0.1038487,0.628377,3.157949,-0.1159438,0.425629,3.181635,-0.3070533,0.3006923,3.152586,0.07370637,0.2929807,3.180032,-0.4781363,0.09579151,3.145715,0.2038175,0.05520513,3.213323,-0.6694751,0.08261301,3.008586,0.4298011,-0.00385934,3.112296,-0.1196246,0.06412144,3.171578,-0.1177495,-0.003517218,3.138034,-0.1968051,-0.0878145,3.114764,-0.03941615,-0.09090512,3.138323,-0.2419784,-0.642844,3.133355,-0.02305498,-0.6146938,3.148889,-0.2498671,-1.030265,3.217032,-0.07403518,-1.008303,3.21934
-0.1172719,0.5530608,3.154714,-0.1176553,0.3527805,3.182124,-0.3062729,0.2344615,3.156507,0.07060825,0.2185743,3.180038,-0.4715756,0.02867522,3.13742,0.2031322,-0.01146111,3.196256,-0.6566122,0.03098699,2.990389,0.4224453,-0.06817252,3.073056,-0.1177915,-0.004432718,3.171352,-0.1152516,-0.07047354,3.135113,-0.1942415,-0.1534604,3.109841,-0.0352957,-0.1575682,3.135931,-0.2396179,-0.6456956,3.128277,-0.03151941,-0.6301835,3.137995,-0.244284,-1.023708,3.208126,-0.07852456,-1.012662,3.22002
-0.1160495,0.5014341,3.157137,-0.1164684,0.2907417,3.176825,-0.3041624,0.16471,3.147664,0.06665625,0.1568803,3.183229,-0.4704038,-0.02424915,3.131917,0.1923726,-0.07376837,3.182699,-0.6395946,-0.04001194,2.966071,0.3951516,-0.1253635,3.058984,-0.1201539,-0.0619931,3.173941,-0.1169674,-0.1274354,3.136964,-0.1960255,-0.209187,3.111843,-0.03810994,-0.2137506,3.1405,-0.2364025,-0.6689728,3.097895,-0.02904047,-0.6414598,3.124576,-0.2307348,-1.0186,3.186697,-0.08634241,-1.000977,3.189909
-0.1091369,0.4748773,3.156113,-0.1202055,0.2647627,3.172525,-0.3053423,0.1565862,3.149362,0.06911819,0.1380563,3.18047,-0.4722188,-0.04514728,3.127892,0.1905275,-0.08556275,3.181883,-0.6340697,-0.09781802,2.944801,0.3894842,-0.1647215,3.043976,-0.1213595,-0.07579757,3.178857,-0.1180876,-0.1401729,3.141893,-0.1968405,-0.2236501,3.118483,-0.03905316,-0.2298269,3.147896,-0.2376766,-0.6696447,3.094982,-0.02511435,-0.6570835,3.119428,-0.2291662,-1.01717,3.181029,-0.0914517,-0.9996686,3.182863
-0.1095509,0.4745059,3.155694,-0.1195867,0.2647041,3.172539,-0.303774,0.1522801,3.145003,0.0707065,0.1355411,3.179777,-0.4711766,-0.04661211,3.128364,0.1899613,-0.08765535,3.182442,-0.6178126,-0.1383599,2.966025,0.3764999,-0.1756445,3.043854,-0.1213117,-0.07888831,3.181459,-0.1178119,-0.1444325,3.14465,-0.1970692,-0.2285551,3.123562,-0.03879293,-0.2326876,3.149576,-0.2394514,-0.6710103,3.095086,-0.02531238,-0.659812,3.119079,-0.2297515,-1.017333,3.181461,-0.09105003,-0.9994831,3.183105
-0.1012136,0.4994892,3.158924,-0.1019921,0.3117828,3.169327,-0.2966863,0.1773238,3.142843,0.07335255,0.1639336,3.174738,-0.4638427,-0.03028145,3.129645,0.1851011,-0.07910946,3.177968,-0.6074184,-0.1467882,2.978708,0.3738277,-0.1777623,3.044012,-0.1160923,-0.05720096,3.183306,-0.11427,-0.1260278,3.14687,-0.1947206,-0.2074425,3.12554,-0.03600859,-0.2114724,3.153947,-0.2480145,-0.6626967,3.113113,-0.02390206,-0.6446732,3.12967,-0.2270193,-1.018736,3.195931,-0.08078748,-1.012043,3.23633
-0.09263798,0.569158,3.161161,-0.1036108,0.3726487,3.178341,-0.2939944,0.2557981,3.144266,0.07628283,0.2395965,3.168268,-0.4607309,0.02359815,3.125885,0.19224,-0.01611735,3.181817,-0.5889913,-0.1652894,3.020686,0.3655671,-0.1726609,3.056213,-0.1121398,0.01125866,3.185393,-0.1108323,-0.05647495,3.146769,-0.1916898,-0.1381489,3.129769,-0.03278008,-0.1414909,3.146127,-0.2390076,-0.6494502,3.173198,-0.02627073,-0.6184568,3.188426,-0.2471148,-1.023936,3.220919,-0.07427108,-1.000734,3.235901
-0.09564932,0.6326106,3.136539,-0.1018195,0.4373871,3.173453,-0.2946347,0.3129298,3.147724,0.08492997,0.30739,3.164124,-0.443036,0.07354245,3.124964,0.1992253,0.05385649,3.185091,-0.5508232,-0.1237891,3.07335,0.3301443,-0.1306865,3.093804,-0.1092202,0.07132287,3.188532,-0.108769,0.001659758,3.151431,-0.1889807,-0.08147199,3.13565,-0.03128725,-0.08637401,3.153124,-0.2359004,-0.6342286,3.198947,-0.03088609,-0.6335102,3.235472,-0.249705,-1.022512,3.222858,-0.06780845,-1.024724,3.263213
-0.08980314,0.693648,3.130841,-0.1026788,0.5027554,3.166755,-0.2876369,0.3837703,3.142534,0.0870163,0.3708562,3.163759,-0.4186514,0.1161086,3.140122,0.1928117,0.1011369,3.200437,-0.5141968,-0.08914862,3.094571,0.3285227,-0.100366,3.129963,-0.1052421,0.1373839,3.190168,-0.1032872,0.06667075,3.156116,-0.181959,-0.01576588,3.139888,-0.02485275,-0.02095426,3.162796,-0.2309559,-0.5894117,3.184513,-0.01748602,-0.5846089,3.234331,-0.2499514,-0.9712424,3.233619,-0.04798823,-0.9743302,3.263113
-0.08422624,0.7390777,3.12044,-0.09835601,0.5356776,3.158626,-0.2868972,0.418971,3.135108,0.08547509,0.4192611,3.150116,-0.3982218,0.1499168,3.15396,0.1931079,0.1406532,3.200492,-0.4852435,-0.06001097,3.120665,0.3222771,-0.06023558,3.178343,-0.1026314,0.1756666,3.192174,-0.1019189,0.1050739,3.163436,-0.180733,0.03099591,3.153952,-0.0244984,0.01372162,3.170713,-0.2290788,-0.5030326,3.141029,-0.005638039,-0.5627549,3.2047,-0.2224922,-0.8825749,3.290159,-0.04091395,-0.9805157,3.285824
-0.08073659,0.7606977,3.110572,-0.1000254,0.5620556,3.152884,-0.2828149,0.4582087,3.137497,0.09015629,0.4297324,3.155653,-0.3876245,0.1729821,3.162188,0.1969957,0.1519383,3.210197,-0.4650215,-0.04159954,3.151065,0.3288566,-0.03124925,3.229489,-0.1031384,0.2250632,3.191765,-0.1019461,0.1564061,3.168221,-0.1839655,0.07347354,3.161882,-0.02022918,0.06565358,3.175433,-0.2246199,-0.377175,3.099397,0.0174209,-0.4324517,3.142341,-0.1647502,-0.7307404,3.335879,-0.02391272,-0.8041207,3.311654
-0.079739,0.7688654,3.096954,-0.0981763,0.5718924,3.152682,-0.2820575,0.461767,3.138214,0.09769689,0.4555719,3.159312,-0.37923,0.1890719,3.178984,0.200775,0.1804058,3.226771,-0.4587011,-0.02470869,3.158508,0.3346296,-0.01558565,3.246729,-0.1015483,0.2344013,3.191956,-0.1003273,0.1663385,3.171998,-0.1825169,0.08547404,3.167056,-0.01862779,0.07580718,3.179982,-0.226931,-0.3295469,3.059947,0.03122421,-0.3462973,3.11864,-0.1163207,-0.5534244,3.35615,-0.01269998,-0.695721,3.363732
-0.07706944,0.7716451,3.093385,-0.09345252,0.5800166,3.149013,-0.2800754,0.4697213,3.13904,0.09862046,0.4576843,3.159388,-0.3765732,0.2097164,3.187112,0.20299,0.1939384,3.237841,-0.4675779,0.001923129,3.198058,0.3482457,0.001931417,3.262844,-0.09884515,0.2443479,3.189697,-0.09827533,0.1767112,3.17302,-0.1811512,0.09517103,3.169277,-0.01725842,0.08722909,3.181525,-0.1673827,-0.3316169,3.133255,0.05070136,-0.3270807,3.0867,-0.09899545,-0.5150186,3.370507,-0.01317765,-0.5251602,3.287881
-0.07360907,0.7742465,3.088382,-0.08607567,0.5857421,3.14479,-0.2761455,0.4743222,3.138951,0.1007494,0.460583,3.159964,-0.3764869,0.2172562,3.193586,0.2048796,0.2006291,3.245614,-0.4745438,0.01279113,3.205534,0.3528065,0.02951956,3.262192,-0.09545026,0.250533,3.185724,-0.09565693,0.1828122,3.171739,-0.179459,0.1013873,3.167543,-0.0152211,0.09371919,3.181458,-0.1628225,-0.3254227,3.136161,0.05471431,-0.3196742,3.084155,-0.07562587,-0.4868098,3.437706,-0.001878832,-0.5879589,3.407649
-0.07149489,0.7731596,3.085596,-0.08317412,0.5846913,3.143308,-0.2723753,0.4752386,3.137566,0.1031747,0.4626028,3.160948,-0.379971,0.2265164,3.208618,0.2051885,0.2037442,3.24991,-0.4923405,0.02880944,3.214336,0.3780943,0.04730676,3.2752,-0.09167502,0.2518967,3.18313,-0.09163715,0.184724,3.171493,-0.174068,0.103198,3.166603,-0.0118752,0.09636267,3.182446,-0.116051,-0.3188176,3.187649,0.05565272,-0.3169153,3.083042,-0.06915278,-0.5069489,3.426298,-0.002944015,-0.5881592,3.403927
-0.06820813,0.7711599,3.083464,-0.07826792,0.5813391,3.140374,-0.2676617,0.4757705,3.136243,0.106877,0.4588253,3.160685,-0.3811844,0.225701,3.209687,0.2101288,0.2055314,3.2546,-0.525549,0.0493056,3.208199,0.3916762,0.05360108,3.267275,-0.08787633,0.2486822,3.180146,-0.08821474,0.1814198,3.170737,-0.1711936,0.1006171,3.166279,-0.009044974,0.09335358,3.182043,-0.1992543,-0.3166024,3.064487,0.06817766,-0.3193571,3.08882,-0.09591826,-0.6167183,3.349511,0.009420469,-0.5973858,3.37951
-0.06174339,0.7630384,3.079872,-0.07025573,0.568448,3.135552,-0.2602165,0.4662655,3.132259,0.1115645,0.4536395,3.157262,-0.3843646,0.2157028,3.211459,0.2124872,0.2019889,3.255146,-0.5524111,0.06129427,3.191242,0.4022397,0.05659309,3.253911,-0.07659861,0.2316978,3.173916,-0.07648405,0.1635323,3.166342,-0.1586261,0.08136262,3.16202,0.002508534,0.07754064,3.178081,-0.1949782,-0.3528884,3.081295,0.06594341,-0.3660405,3.109967,-0.09251305,-0.6995143,3.314203,0.07071046,-0.7180459,3.355486
-0.05426909,0.7444142,3.081129,-0.06301812,0.5453135,3.13965,-0.2496467,0.4315131,3.129025,0.1230382,0.4287409,3.156879,-0.3836875,0.2001329,3.201779,0.2287576,0.1620803,3.24438,-0.5612175,0.05689387,3.177866,0.4405111,0.03334874,3.196738,-0.06534347,0.1979275,3.174339,-0.06443833,0.1276484,3.167761,-0.1460558,0.04485509,3.162865,0.0163361,0.03975755,3.178175,-0.1773881,-0.4530836,3.105139,0.06600543,-0.4511299,3.130976,-0.1130101,-0.8427608,3.271018,0.07564511,-0.8423703,3.294425
-0.05133149,0.7038646,3.082436,-0.05289947,0.5071265,3.133136,-0.2450039,0.397872,3.126552,0.1340708,0.3849186,3.163913,-0.3854999,0.1503737,3.176073,0.2354512,0.1354772,3.23919,-0.5691552,0.02590118,3.108167,0.4619286,0.001048272,3.152997,-0.05866043,0.146268,3.171113,-0.05859017,0.07427118,3.167178,-0.1396911,-0.01121051,3.161633,0.01975688,-0.01172339,3.181117,-0.1580412,-0.5659886,3.138184,0.07759254,-0.559046,3.156828,-0.1170676,-0.9750212,3.220947,0.08219889,-0.9527975,3.250359
-0.04648215,0.6484728,3.09114,-0.05692519,0.4498864,3.133343,-0.2408613,0.3348616,3.124982,0.1365717,0.3276589,3.169344,-0.3823151,0.1167578,3.157895,0.2432252,0.08046731,3.226172,-0.5806934,-0.004300666,3.062518,0.4633395,-0.03260381,3.114467,-0.05598885,0.09134712,3.168391,-0.05422135,0.01908155,3.165249,-0.1318352,-0.06453096,3.161583,0.02446239,-0.06777377,3.176063,-0.1461823,-0.6241922,3.154988,0.0747762,-0.6247147,3.173553,-0.1142187,-0.9969438,3.223582,0.08074765,-1.028775,3.217698
-0.04334513,0.5835866,3.106859,-0.05242454,0.3820943,3.131786,-0.23712,0.2669894,3.122436,0.1370963,0.2635597,3.165294,-0.3731365,0.04927278,3.134695,0.2550103,0.01260163,3.209372,-0.5596577,-0.03879905,3.022858,0.4576238,-0.08601633,3.074872,-0.05368321,0.02888112,3.156945,-0.05254047,-0.04197875,3.153166,-0.1326728,-0.1242426,3.14585,0.0275456,-0.1290533,3.163493,-0.1406074,-0.6280659,3.157471,0.07116014,-0.6341822,3.172499,-0.1079859,-1.0037,3.239638,0.07582343,-1.028631,3.215223
-0.04306188,0.5173333,3.113664,-0.05169624,0.311159,3.144379,-0.2352924,0.1871322,3.124357,0.1415391,0.1908382,3.171112,-0.3739349,-0.0176703,3.127293,0.2457642,-0.05258264,3.194431,-0.5620113,-0.09151739,2.970965,0.4545066,-0.1379685,3.039571,-0.04829204,-0.03621269,3.152976,-0.04606948,-0.1052894,3.14562,-0.1256212,-0.1901991,3.132231,0.03579167,-0.191303,3.15384,-0.1371668,-0.6469836,3.14959,0.06884812,-0.6472648,3.152705,-0.1021804,-1.009099,3.240629,0.06298716,-1.026495,3.217986
-0.04613316,0.4672585,3.1209,-0.04725517,0.2668415,3.146416,-0.2341043,0.1472467,3.119253,0.1430636,0.1481726,3.174515,-0.3729436,-0.06347159,3.116117,0.2453214,-0.09412307,3.19287,-0.5324267,-0.1353464,2.955506,0.4475213,-0.1622774,3.037539,-0.04455761,-0.07448255,3.15278,-0.04210346,-0.142294,3.144431,-0.1203763,-0.2286365,3.130668,0.03851873,-0.2270402,3.151721,-0.1272532,-0.6593886,3.127658,0.06813245,-0.6572519,3.113286,-0.05615654,-1.011818,3.204358,0.04603898,-1.021143,3.200984
-0.04904678,0.4579288,3.121512,-0.04876937,0.2537621,3.142971,-0.2343207,0.1337599,3.116514,0.1406079,0.1370445,3.170097,-0.371489,-0.07638953,3.111432,0.2449754,-0.1036662,3.188886,-0.5273901,-0.1510624,2.948402,0.4432593,-0.1805347,3.028276,-0.04319473,-0.09118048,3.152513,-0.04010992,-0.1599479,3.144717,-0.1180695,-0.2452075,3.132582,0.04139072,-0.2432134,3.152047,-0.1252607,-0.6722943,3.114908,0.07166846,-0.6680536,3.105597,-0.05630297,-1.009254,3.197744,0.04908616,-1.011251,3.181843
-0.04777323,0.4584189,3.121295,-0.04902884,0.2563189,3.135912,-0.2337528,0.1355173,3.114679,0.1411895,0.1374561,3.168484,-0.3633038,-0.07508646,3.120853,0.2416506,-0.1050954,3.189445,-0.5116277,-0.1618297,2.956646,0.443615,-0.1811873,3.030695,-0.04284773,-0.09044944,3.151347,-0.03985229,-0.1595578,3.144527,-0.1178441,-0.2447959,3.13312,0.0419284,-0.2428181,3.151843,-0.1280738,-0.6746092,3.116054,0.07213546,-0.6676649,3.106217,-0.07660654,-1.022659,3.224885,0.05253989,-1.01695,3.187055
-0.04354543,0.4965672,3.116956,-0.04657357,0.2952348,3.132685,-0.2278102,0.1756767,3.112356,0.1410911,0.1709496,3.159639,-0.3689474,-0.05340647,3.103508,0.2385521,-0.05514622,3.195717,-0.5142061,-0.1712447,2.958726,0.4456936,-0.1759456,3.037659,-0.04358175,-0.05786274,3.14699,-0.04138802,-0.1283064,3.141195,-0.1203921,-0.2074309,3.129872,0.03971291,-0.2147867,3.1497,-0.1381589,-0.6675594,3.137695,0.07505766,-0.6569769,3.12985,-0.07455035,-1.021367,3.230465,0.0502546,-1.021159,3.210852
-0.0431036,0.5663099,3.112231,-0.05057838,0.3689022,3.14099,-0.2338994,0.2520377,3.111255,0.1409626,0.2440363,3.153707,-0.3659113,0.01870493,3.103308,0.2613077,0.01090229,3.193307,-0.5021827,-0.1597781,2.989947,0.4461823,-0.1579775,3.052095,-0.04700598,0.01297639,3.143219,-0.04478014,-0.05753731,3.133828,-0.1237577,-0.1417699,3.120715,0.03650267,-0.1428496,3.138592,-0.1355175,-0.6261526,3.190955,0.06065757,-0.6377576,3.177992,-0.08588274,-1.028773,3.282698,0.07048116,-1.021874,3.233433
-0.03528368,0.6372985,3.102513,-0.05126483,0.4383374,3.144883,-0.2363309,0.326798,3.114542,0.1361154,0.3210561,3.159581,-0.3714432,0.08386314,3.107484,0.2540184,0.08058487,3.182918,-0.4881836,-0.1145752,3.052498,0.437163,-0.1012858,3.103393,-0.04790826,0.07965247,3.141295,-0.04534996,0.009029962,3.128498,-0.1227284,-0.07355513,3.114579,0.03434358,-0.07641437,3.130588,-0.1280466,-0.6204541,3.220003,0.0656172,-0.6319073,3.200595,-0.09250849,-1.02135,3.286041,0.07089937,-1.023301,3.236876
-0.03792133,0.6974853,3.088801,-0.04833359,0.505689,3.141308,-0.2404104,0.3977075,3.117949,0.1366216,0.3822263,3.153336,-0.3680571,0.1346811,3.121942,0.2552071,0.1169608,3.193135,-0.4784501,-0.06311801,3.07917,0.4283516,-0.0633225,3.128551,-0.05114443,0.1397221,3.141805,-0.05005004,0.06758341,3.128098,-0.1285896,-0.0167427,3.113342,0.02782049,-0.01886258,3.132311,-0.1349422,-0.582395,3.218094,0.06536669,-0.5888715,3.206487,-0.1164851,-0.9652804,3.251354,0.07370292,-1.005997,3.225783
-0.0417779,0.7470972,3.086329,-0.05157227,0.5620246,3.130676,-0.2385597,0.4498407,3.110013,0.1367711,0.4302349,3.139307,-0.3629081,0.1872292,3.142508,0.2499056,0.1684356,3.204739,-0.4688292,-0.01483011,3.117972,0.4182722,-0.01132275,3.166317,-0.05506091,0.1951834,3.138058,-0.05432661,0.1225941,3.125091,-0.1321776,0.03847395,3.114227,0.02246055,0.03699409,3.128453,-0.1498915,-0.5318713,3.193077,0.07168366,-0.5347118,3.184815,-0.11909,-0.9601326,3.268757,0.08801976,-0.9438924,3.250927
-0.04373982,0.770175,3.079129,-0.05297696,0.588851,3.119392,-0.2391911,0.4777325,3.108049,0.1313507,0.4606404,3.12778,-0.3655348,0.2178778,3.151647,0.24823,0.194405,3.205333,-0.4695851,0.01043991,3.141751,0.4287487,0.01003725,3.195265,-0.05801446,0.2338255,3.132213,-0.05814328,0.1638217,3.120805,-0.139222,0.08637983,3.116012,0.02052695,0.07787044,3.121781,-0.1755022,-0.4482228,3.126545,0.07582492,-0.444876,3.124284,-0.1232577,-0.8346348,3.309056,0.07200714,-0.826842,3.27647
-0.03772288,0.7872767,3.070273,-0.05462202,0.6054596,3.120817,-0.2393637,0.489595,3.104206,0.1321956,0.4661015,3.12762,-0.3699956,0.2429348,3.158432,0.2460928,0.2098951,3.210629,-0.4780369,0.04233061,3.16114,0.4289723,0.04915436,3.202374,-0.06208707,0.2549511,3.13271,-0.06247051,0.1853136,3.121084,-0.143731,0.1058421,3.114056,0.01629184,0.09515667,3.122948,-0.1881735,-0.3344367,3.085448,0.07914423,-0.3594761,3.092963,-0.08733647,-0.6601868,3.345074,0.03278142,-0.706706,3.341138
-0.03682163,0.7922871,3.069063,-0.05650343,0.6123212,3.119521,-0.2431999,0.5077615,3.105188,0.1291287,0.4803265,3.130183,-0.3718798,0.251775,3.160416,0.2376012,0.2285746,3.21443,-0.4877583,0.05570772,3.16476,0.4327971,0.0649415,3.20118,-0.06536899,0.2690581,3.130328,-0.06598183,0.2013403,3.118371,-0.1475566,0.1217416,3.10776,0.01211299,0.1129158,3.123111,-0.2024901,-0.3001055,3.054954,0.07847371,-0.3056135,3.05523,-0.0999235,-0.5386248,3.230397,-0.0004964918,-0.6100913,3.343644
-0.03616608,0.7986144,3.066681,-0.05645432,0.6147251,3.11771,-0.2449716,0.5102128,3.105439,0.12873,0.4819693,3.130739,-0.3732284,0.2528182,3.160951,0.2371316,0.2290769,3.214113,-0.5036243,0.06586263,3.163165,0.427726,0.08006886,3.191654,-0.06750823,0.2732402,3.128454,-0.06865051,0.2058378,3.116457,-0.1517146,0.126238,3.104905,0.009553709,0.1163412,3.12209,-0.2192417,-0.2903862,3.025739,0.08512761,-0.2986402,3.041302,-0.2549194,-0.6140089,2.949487,-0.03364927,-0.4638336,3.341063
-0.03699632,0.8022911,3.06531,-0.05732086,0.6167474,3.113782,-0.2462011,0.5110818,3.10494,0.128736,0.4820766,3.130736,-0.3765184,0.2511333,3.160512,0.2366972,0.2285244,3.209277,-0.5230821,0.07589787,3.152825,0.4357718,0.08274371,3.159621,-0.06983405,0.2748049,3.12594,-0.07122377,0.2071787,3.114319,-0.1554395,0.1272687,3.103045,0.007127751,0.1171513,3.120095,-0.226171,-0.2850971,3.003968,0.08400972,-0.2969753,3.036238,-0.2584984,-0.6068966,2.915072,-0.0482827,-0.4125211,3.327832
-0.03800607,0.8014677,3.06474,-0.0591159,0.61179,3.109884,-0.2479988,0.5074603,3.101051,0.1283367,0.4817088,3.130377,-0.3810973,0.2488325,3.153864,0.231607,0.2253009,3.20148,-0.5340424,0.08230864,3.106621,0.4393883,0.07906821,3.148168,-0.07243319,0.2725064,3.123011,-0.0738244,0.2051353,3.111848,-0.1585502,0.1245883,3.100046,0.004303845,0.1153019,3.118136,-0.2200642,-0.2893161,3.001844,0.07555319,-0.2982306,3.025987,-0.3280739,-0.5527747,2.809488,-0.02603023,-0.4924642,3.338812
-0.04116453,0.7944812,3.062465,-0.06002785,0.5999232,3.102512,-0.2499425,0.4911609,3.092506,0.1248975,0.4681243,3.118072,-0.3882889,0.2283921,3.12886,0.2279005,0.2160293,3.188712,-0.5537801,0.06814646,3.082156,0.4300369,0.05383556,3.10303,-0.07615518,0.2573951,3.115893,-0.07833362,0.1892046,3.105225,-0.1620395,0.1113378,3.096005,-0.002278719,0.09825568,3.110034,-0.2092689,-0.3069177,3.011621,0.05896485,-0.3175463,3.022015,-0.3347051,-0.5533245,2.805956,-0.0002995121,-0.6239648,3.301353
-0.04333676,0.7772613,3.057771,-0.06323348,0.5748855,3.093313,-0.2541953,0.4674313,3.085168,0.119011,0.4419703,3.105443,-0.3970887,0.2091788,3.113811,0.2262726,0.1853206,3.162599,-0.5542951,0.04907741,3.056211,0.4286031,0.03824008,3.093619,-0.08037814,0.224587,3.107357,-0.08293895,0.1547663,3.09742,-0.1676919,0.0757142,3.087519,-0.006022508,0.06505019,3.103941,-0.2168681,-0.3828902,3.009511,0.03638094,-0.4012327,3.028416,-0.1428213,-0.7573814,3.211727,0.01772992,-0.7741346,3.244024
-0.04558827,0.7301663,3.056118,-0.06749272,0.5318278,3.095695,-0.2555034,0.4273297,3.080654,0.1187361,0.4084878,3.10257,-0.4087425,0.1629365,3.080898,0.2230217,0.1473211,3.150336,-0.5612611,0.003073663,3.008275,0.4249044,-0.006307252,3.061489,-0.08075006,0.1750488,3.10353,-0.08232956,0.1046634,3.091724,-0.1640684,0.02397303,3.080979,-0.006381453,0.01657869,3.095362,-0.211407,-0.5100874,3.032244,0.03194783,-0.4983368,3.047261,-0.1852134,-0.8774369,3.155186,0.01729741,-0.8971609,3.173361
-0.04975517,0.6878412,3.058562,-0.06991986,0.4884295,3.096594,-0.2570275,0.3826442,3.07757,0.1170893,0.3624526,3.101535,-0.4054633,0.125967,3.072098,0.2297438,0.09647111,3.146983,-0.5651504,-0.02250995,2.989406,0.4218769,-0.05543728,3.02311,-0.08250076,0.1223097,3.098252,-0.08375899,0.05078375,3.083765,-0.16508,-0.02963823,3.067802,-0.007775143,-0.03851776,3.089287,-0.2097091,-0.6052704,3.042696,0.01732633,-0.5881873,3.058208,-0.1998194,-0.9852368,3.090786,0.006233772,-1.005335,3.111935
-0.05966703,0.6220111,3.051283,-0.0719988,0.4286345,3.089504,-0.2648919,0.303842,3.073277,0.1145518,0.2940023,3.095593,-0.3772356,0.06090509,3.095424,0.2190106,0.04466517,3.139439,-0.5516725,-0.06286445,2.959266,0.4188438,-0.1005261,3.005152,-0.08565076,0.06016668,3.089655,-0.0871713,-0.01219679,3.073082,-0.1691508,-0.09438844,3.05688,-0.01110099,-0.1016947,3.0775,-0.2073042,-0.6354009,3.042296,0.005320135,-0.6376989,3.065678,-0.2180441,-1.0256,3.087868,-0.0004794204,-1.013207,3.109497
-0.06792861,0.5497841,3.062509,-0.07626393,0.3488699,3.088135,-0.2735377,0.2304659,3.06826,0.1070601,0.2203534,3.095142,-0.4117219,-0.001754776,3.05716,0.2150984,-0.0320406,3.127286,-0.5723575,-0.1301404,2.927833,0.4184678,-0.136475,2.993288,-0.08661684,-0.008618194,3.080373,-0.08700126,-0.07784978,3.059181,-0.1699325,-0.1607598,3.040077,-0.008392659,-0.1667299,3.061059,-0.2020678,-0.649912,3.033108,-0.002284558,-0.6502586,3.05113,-0.2138322,-1.027429,3.094576,-0.05846403,-1.049294,3.145174
-0.07169107,0.5012897,3.067824,-0.08644448,0.2924235,3.088873,-0.2728182,0.1692539,3.067937,0.1053138,0.1548787,3.104303,-0.4074068,-0.05617765,3.054706,0.2068356,-0.08346651,3.12698,-0.5781325,-0.148407,2.919439,0.4048122,-0.1719149,2.974974,-0.09144216,-0.05965552,3.077711,-0.08974099,-0.1265061,3.052316,-0.1712921,-0.2043566,3.030837,-0.009504247,-0.2175765,3.053693,-0.1980139,-0.6667161,3.011364,-0.004791356,-0.6686,3.016653,-0.1918013,-1.02656,3.087172,-0.06233668,-1.040751,3.125346
-0.0764171,0.4849904,3.064541,-0.08629367,0.274896,3.086201,-0.2720562,0.1620044,3.063721,0.09888206,0.1418563,3.094372,-0.4160701,-0.06996365,3.051338,0.2053428,-0.08666804,3.126582,-0.5836277,-0.1597418,2.910407,0.3789372,-0.1797874,2.996631,-0.09215324,-0.07558599,3.080925,-0.09070908,-0.1425852,3.053771,-0.1707856,-0.2217695,3.033562,-0.01194481,-0.2290152,3.055386,-0.1966988,-0.6703415,3.004334,-0.002350999,-0.6708589,3.012384,-0.1731873,-1.025876,3.080877,-0.05676135,-1.037737,3.111861
-0.07661977,0.4831746,3.063724,-0.08611456,0.2749161,3.085917,-0.2721706,0.1589167,3.060508,0.09883081,0.1419366,3.091983,-0.4193149,-0.0688632,3.04927,0.206737,-0.08872967,3.121875,-0.5851306,-0.1632462,2.9094,0.3827828,-0.1796313,2.99388,-0.09222688,-0.07608955,3.083414,-0.09056312,-0.1431165,3.054584,-0.1708485,-0.2230108,3.035626,-0.01172957,-0.2295644,3.056278,-0.1982353,-0.671367,3.004411,-0.000575801,-0.6723443,3.012142,-0.1732333,-1.025934,3.081145,-0.05532771,-1.037511,3.112103
-0.07665578,0.5034434,3.060608,-0.09114967,0.3150097,3.075129,-0.2724148,0.1894348,3.049195,0.09746296,0.1775952,3.081317,-0.4288955,-0.0157125,3.051087,0.2072078,-0.06208771,3.115691,-0.578007,-0.1565929,2.925522,0.3996281,-0.174414,2.98783,-0.09454042,-0.05001492,3.084687,-0.09245098,-0.1198096,3.056834,-0.172469,-0.200536,3.038691,-0.01331363,-0.2068664,3.06139,-0.2085172,-0.6654184,3.029134,0.007175542,-0.6675833,3.042582,-0.2070912,-1.041951,3.122205,-0.03903882,-1.036004,3.117402
-0.07454517,0.5761144,3.042733,-0.08481837,0.3755392,3.07919,-0.2756372,0.2690373,3.054298,0.09948863,0.247459,3.076067,-0.4104192,0.04084305,3.076125,0.224389,0.005407453,3.119973,-0.5758463,-0.1447998,2.958995,0.4098807,-0.1552133,3.004073,-0.09346861,0.01753142,3.085712,-0.09307693,-0.05123425,3.056648,-0.1743011,-0.133193,3.037869,-0.01514479,-0.1393964,3.060925,-0.2091272,-0.6601943,3.088647,-0.005076372,-0.6591446,3.101919,-0.2067566,-1.035411,3.11879,-0.02992625,-1.037794,3.133169
-0.0745493,0.6414725,3.035525,-0.08593635,0.4512866,3.080382,-0.2739297,0.3356178,3.061928,0.09409471,0.3165429,3.07486,-0.3965823,0.1041545,3.073917,0.2205615,0.06625496,3.124875,-0.5543367,-0.1164348,3.015416,0.4091657,-0.1010947,3.037325,-0.09511312,0.08071586,3.09161,-0.09562441,0.008979656,3.063065,-0.1742959,-0.07135825,3.049053,-0.02059447,-0.07693876,3.065367,-0.2091023,-0.6432952,3.106146,-0.0002764352,-0.6489617,3.127236,-0.2153027,-1.019809,3.127629,-0.0260795,-1.038565,3.141672
-0.08202539,0.7047076,3.041086,-0.09411995,0.5124741,3.080976,-0.2832829,0.3954193,3.062525,0.08872017,0.3841302,3.069845,-0.4055861,0.1151233,3.074437,0.2136851,0.1221932,3.132542,-0.5265949,-0.07881501,3.05323,0.3932044,-0.05519616,3.063968,-0.09874246,0.1416853,3.094358,-0.09892704,0.06972942,3.06621,-0.1777669,-0.01139008,3.054267,-0.02190718,-0.01677904,3.067324,-0.2097242,-0.5854082,3.094972,0.003556177,-0.5895563,3.122558,-0.1903817,-0.9872359,3.155928,-0.027643,-1.012234,3.185364
-0.08438742,0.7390741,3.036454,-0.09263338,0.5515203,3.081888,-0.2800914,0.4337189,3.064761,0.0889789,0.4212415,3.069228,-0.4008464,0.1700224,3.082225,0.2121153,0.1540441,3.131012,-0.5027881,-0.05550291,3.066223,0.3833526,-0.01227791,3.07864,-0.09819777,0.1940644,3.099804,-0.09888484,0.1233025,3.07324,-0.1780433,0.04333977,3.062606,-0.02219933,0.0370243,3.075201,-0.2146042,-0.4762441,3.035909,0.01524416,-0.4985328,3.077799,-0.1790974,-0.865037,3.223305,-0.00379387,-0.8848249,3.220482
-0.09097312,0.760488,3.036812,-0.09476096,0.5640171,3.081707,-0.2861838,0.4522716,3.069944,0.0873493,0.4334614,3.071616,-0.4004081,0.1706778,3.083355,0.2202003,0.1712804,3.134879,-0.4995728,-0.04744718,3.069947,0.4018401,-0.001968094,3.081242,-0.1029194,0.2167491,3.10381,-0.1046654,0.1493209,3.080138,-0.1879073,0.07055689,3.071995,-0.02521653,0.05886644,3.082016,-0.2207978,-0.3493614,2.989182,0.02030146,-0.4013225,3.036098,-0.1234035,-0.6251534,3.235297,-0.01795746,-0.7437528,3.26782
-0.09355423,0.7722744,3.033826,-0.09790353,0.5777692,3.081486,-0.28899,0.4616641,3.072619,0.08559757,0.4545443,3.07516,-0.3975625,0.1885645,3.089992,0.2172809,0.1983152,3.137018,-0.4992179,-0.01641925,3.074928,0.4095232,0.01145077,3.080675,-0.1059768,0.2385225,3.107929,-0.1073719,0.1712515,3.087101,-0.1900426,0.08831541,3.078691,-0.02824128,0.08493872,3.092467,-0.1967777,-0.3294414,2.978164,0.03194014,-0.3315631,3.00802,-0.1011154,-0.4794662,3.195608,-0.0110021,-0.6411391,3.084348
-0.09536654,0.7802466,3.036022,-0.09913117,0.5801495,3.082021,-0.2899063,0.4653953,3.073589,0.08506184,0.4610647,3.075106,-0.3990512,0.197536,3.0917,0.2148482,0.2047672,3.133757,-0.5069485,-0.004909062,3.071227,0.4111149,0.03952428,3.076869,-0.1060514,0.243659,3.108186,-0.1072035,0.1769491,3.089527,-0.1899603,0.09392655,3.081292,-0.02729174,0.09049296,3.095268,-0.2230909,-0.2991424,2.904986,0.03568168,-0.3215817,2.990732,-0.1222831,-0.4588431,3.136432,0.1133797,-0.6314415,2.88398
-0.09666839,0.7828812,3.037819,-0.1003381,0.5831356,3.081576,-0.291034,0.4658936,3.073902,0.08389623,0.4613475,3.075828,-0.400409,0.1987822,3.091573,0.2143383,0.2054344,3.134214,-0.5366581,0.00141876,3.05495,0.3964675,0.05367884,3.07489,-0.1062463,0.2455841,3.107068,-0.1072529,0.1785894,3.090306,-0.1898911,0.09558305,3.082608,-0.02719187,0.09238316,3.096097,-0.2214531,-0.2951731,2.900762,0.03832505,-0.3172698,2.983236,0.05544758,-0.4616997,2.936667,0.171999,-0.5975991,2.846864
-0.1004207,0.7824381,3.039794,-0.1011562,0.5834854,3.081424,-0.2931836,0.4655446,3.073889,0.0833406,0.4607798,3.075642,-0.4047565,0.1967538,3.08915,0.2121085,0.204429,3.134311,-0.5532793,-0.001688089,3.038578,0.3951394,0.05632824,3.071624,-0.1064185,0.246233,3.105618,-0.107349,0.1792654,3.090559,-0.1899211,0.09593241,3.082731,-0.02711982,0.09283439,3.09653,-0.2178444,-0.2950111,2.900682,0.03876363,-0.3164517,2.982411,-0.03763393,-0.3492498,3.143643,0.1604316,-0.600509,2.841733
-0.1059039,0.7786346,3.037563,-0.1069539,0.5783338,3.083684,-0.2978838,0.4606587,3.073611,0.07827288,0.4526641,3.077252,-0.4152338,0.1911744,3.082542,0.2092684,0.2024427,3.134168,-0.5576268,0.007242498,3.02091,0.3876832,0.04997931,3.054843,-0.1077617,0.2434119,3.105017,-0.1080788,0.1767489,3.091043,-0.1902348,0.09367438,3.082521,-0.02721312,0.08956912,3.097452,-0.2102464,-0.3160058,2.952154,0.04433608,-0.3213838,2.995204,-0.1288462,-0.5195078,3.284425,0.1003401,-0.6445469,2.940241
-0.110626,0.7709336,3.039953,-0.1103821,0.56853,3.086707,-0.3019667,0.4465173,3.075509,0.07561903,0.4442844,3.078207,-0.4243003,0.1749459,3.073315,0.2056294,0.1903117,3.128293,-0.5646761,0.003092721,3.003163,0.3639908,0.04037607,3.044806,-0.1091722,0.2267671,3.107107,-0.1087924,0.1584586,3.094187,-0.1894184,0.07431498,3.086197,-0.02735814,0.07239392,3.099414,-0.2194818,-0.3412252,2.981925,0.02391998,-0.3674356,3.027866,-0.1747076,-0.6824487,3.237563,-0.01837549,-0.7219774,3.267021
-0.1180333,0.7303526,3.045485,-0.1199983,0.5393178,3.088266,-0.3106785,0.4176084,3.07602,0.073452,0.4231072,3.084865,-0.4242328,0.1663513,3.069631,0.2093056,0.1525939,3.123455,-0.5621099,-0.005450245,2.984353,0.3842439,-0.00427288,3.01952,-0.1108718,0.1929594,3.109206,-0.1085114,0.1237453,3.09789,-0.1870326,0.03459344,3.090454,-0.02465289,0.0359272,3.103902,-0.2159055,-0.4415092,3.008358,0.01641311,-0.4612303,3.04752,-0.1920135,-0.8270569,3.203127,-0.03215221,-0.8314983,3.229965
-0.1190472,0.7133009,3.056749,-0.1174531,0.5154618,3.091214,-0.3068931,0.3893963,3.081188,0.07189828,0.3776928,3.094853,-0.4062798,0.1092554,3.080446,0.2093357,0.1296792,3.130671,-0.5749558,-0.05057791,2.963273,0.3754982,-0.01693428,3.021606,-0.1072028,0.139586,3.108416,-0.1047161,0.06684379,3.096987,-0.1820994,-0.01818599,3.086766,-0.02280474,-0.01884769,3.103565,-0.203006,-0.5675185,3.03932,0.005525739,-0.5799662,3.080929,-0.190935,-0.9723699,3.168563,-0.02800676,-0.9876805,3.179095
-0.119366,0.6525211,3.066608,-0.1201921,0.4484152,3.097195,-0.3127958,0.3208793,3.088474,0.0716358,0.3260615,3.100579,-0.4150349,0.06876642,3.084341,0.2098255,0.06865338,3.134504,-0.5797006,-0.09857758,2.952259,0.377013,-0.08063575,3.011489,-0.1099099,0.08786874,3.101907,-0.1072687,0.01682733,3.087204,-0.1850455,-0.07062959,3.07526,-0.02430294,-0.06900755,3.089581,-0.1955544,-0.6288441,3.060372,0.004140162,-0.6066433,3.087576,-0.1613862,-1.009726,3.178412,-0.02760089,-0.9988958,3.151942
-0.1276907,0.5803453,3.071794,-0.1261901,0.3823645,3.104944,-0.3136562,0.2530583,3.092223,0.07096192,0.260035,3.114845,-0.4136809,-0.01466751,3.079238,0.19658,0.02002945,3.134526,-0.5916628,-0.1623208,2.955669,0.3820731,-0.1413766,3.001889,-0.1081793,0.02735707,3.097999,-0.1033285,-0.04147489,3.078092,-0.1804708,-0.1308888,3.059112,-0.01683277,-0.125467,3.080426,-0.1916952,-0.6384363,3.064517,3.662694E-05,-0.6224213,3.086663,-0.1762243,-1.042849,3.188977,-0.03510817,-1.007223,3.157087
-0.1255821,0.5195308,3.086488,-0.1272571,0.3152382,3.111172,-0.313465,0.1884313,3.093761,0.07072598,0.1890366,3.122776,-0.432713,-0.04136127,3.074969,0.1931945,-0.05151767,3.139268,-0.6033455,-0.2234004,2.967269,0.3781318,-0.1765188,2.994565,-0.1085581,-0.03341383,3.095977,-0.1028845,-0.09966582,3.07064,-0.1795838,-0.1871336,3.04784,-0.01604394,-0.1848375,3.070819,-0.1884874,-0.6468707,3.063259,0.000110269,-0.6402161,3.075186,-0.1692773,-1.042612,3.182719,-0.03854519,-1.017612,3.162109
-0.1252397,0.5020855,3.086565,-0.1251709,0.289147,3.103137,-0.3139923,0.1608663,3.088592,0.06782248,0.1614433,3.1216,-0.4444163,-0.09909298,3.083826,0.1895475,-0.08750142,3.137293,-0.6024325,-0.2322585,2.971262,0.3694249,-0.1966778,2.998002,-0.1105318,-0.05847488,3.097538,-0.1051273,-0.1249925,3.071146,-0.1830218,-0.2116548,3.04811,-0.01891342,-0.2115585,3.075139,-0.1859309,-0.6612176,3.05408,-0.001052769,-0.6496637,3.065172,-0.1595381,-1.03926,3.170674,-0.04795265,-1.031854,3.163604
-0.1279514,0.4974578,3.082538,-0.1246339,0.2864297,3.100106,-0.3159886,0.1572684,3.085941,0.0657571,0.1561731,3.114159,-0.4449873,-0.098765,3.083413,0.1910862,-0.08816268,3.136084,-0.6030356,-0.2337543,2.973381,0.370359,-0.2010038,2.996456,-0.1118946,-0.06268017,3.10093,-0.1073818,-0.1303433,3.074415,-0.1872069,-0.2195872,3.056747,-0.02148874,-0.2162364,3.078227,-0.1868975,-0.663149,3.053061,0.0006423027,-0.6518776,3.064316,-0.1584019,-1.039126,3.169955,-0.05394005,-1.033743,3.162945
-0.1283164,0.5050242,3.077815,-0.1263561,0.3078495,3.093824,-0.314578,0.182507,3.076189,0.06118028,0.1859092,3.093989,-0.4521493,-0.06678592,3.072496,0.1965443,-0.04643044,3.128596,-0.6003813,-0.2288882,2.975836,0.3692943,-0.1975956,2.996374,-0.1116264,-0.04915743,3.103119,-0.1074494,-0.1177276,3.077044,-0.1848568,-0.2019706,3.060281,-0.02277434,-0.2021117,3.082787,-0.1937364,-0.6624401,3.074537,0.001455057,-0.6622794,3.086711,-0.1645602,-1.046549,3.191482,-0.05654138,-1.036914,3.174858
-0.1289881,0.5723718,3.059104,-0.1248665,0.379657,3.085089,-0.3146284,0.2523981,3.069539,0.06496011,0.2444685,3.084858,-0.4547199,0.004441783,3.072818,0.1996271,0.0169536,3.117491,-0.581021,-0.1911191,2.98497,0.3620164,-0.1658967,3.001312,-0.1103057,0.02033366,3.09464,-0.106062,-0.04919165,3.068147,-0.1833118,-0.1357522,3.050616,-0.02128251,-0.1343478,3.073355,-0.1966832,-0.6282088,3.124455,-0.008782461,-0.6268099,3.141517,-0.1657776,-1.038731,3.205872,-0.04941987,-1.027989,3.18182
-0.128922,0.6418059,3.037584,-0.1230804,0.4414961,3.07854,-0.3172458,0.3194966,3.067211,0.06365329,0.316885,3.073214,-0.4445845,0.0656786,3.073475,0.1901524,0.07287274,3.127987,-0.5645788,-0.1397341,3.015184,0.348693,-0.1198951,3.032743,-0.1151584,0.08272611,3.095523,-0.1130713,0.01253363,3.07108,-0.1907565,-0.07459932,3.058117,-0.03137105,-0.07240062,3.075502,-0.1959471,-0.6240922,3.137896,-0.01152772,-0.6213592,3.159361,-0.164612,-1.017111,3.201794,-0.04951666,-1.012968,3.182038
-0.1260227,0.6839951,3.022939,-0.1236196,0.4977279,3.066994,-0.3177977,0.3792934,3.059811,0.06199041,0.3787834,3.063744,-0.4324042,0.1008116,3.076585,0.1922775,0.1096085,3.118144,-0.5406111,-0.09986058,3.040118,0.3417329,-0.0836937,3.067764,-0.1153445,0.1372373,3.094674,-0.11339,0.06555379,3.074726,-0.1914365,-0.02154688,3.065757,-0.03128248,-0.01891219,3.081274,-0.1980889,-0.5884319,3.116144,-0.0143802,-0.5898203,3.14815,-0.1757105,-0.9985378,3.203638,-0.02835993,-0.9813969,3.192244
-0.1305806,0.7102361,2.99693,-0.1262378,0.5166605,3.054681,-0.3141509,0.405978,3.053514,0.06058007,0.3970346,3.058466,-0.4272438,0.1217451,3.076838,0.1919595,0.1319198,3.123941,-0.5405566,-0.09091951,3.060733,0.337963,-0.04469815,3.108047,-0.1186919,0.1735097,3.092881,-0.1169601,0.1059628,3.078817,-0.1948975,0.02536007,3.074978,-0.03525512,0.02239501,3.089387,-0.2100966,-0.4754087,3.047923,-0.005573004,-0.476956,3.081609,-0.1713075,-0.8595888,3.243553,-0.0556671,-0.8454999,3.259181
-0.1279503,0.724229,2.985349,-0.1253643,0.5300457,3.046736,-0.3123021,0.4195152,3.050099,0.06371905,0.4169686,3.060236,-0.4247965,0.154344,3.08284,0.1905279,0.1505362,3.128438,-0.5263975,-0.05072821,3.099629,0.3371525,-0.0307737,3.112866,-0.1214282,0.1971736,3.090801,-0.1201334,0.1297117,3.080304,-0.2005753,0.04476359,3.076417,-0.03702679,0.04374348,3.093768,-0.2120527,-0.3766073,2.998943,0.001715302,-0.3857697,3.034282,-0.1382669,-0.7007849,3.268891,-0.05076004,-0.7222691,3.294912
-0.1232544,0.7293549,2.974972,-0.1241083,0.5380346,3.039994,-0.3123719,0.4326735,3.045019,0.06387764,0.4238934,3.059104,-0.4250476,0.171309,3.08253,0.189345,0.1601548,3.136285,-0.5353577,-0.02775121,3.096154,0.3432418,-0.0231429,3.119874,-0.1223809,0.211983,3.087034,-0.1214506,0.1461148,3.079331,-0.2026992,0.06363307,3.075826,-0.03908212,0.0588112,3.095042,-0.2122674,-0.3487214,2.95469,0.01953661,-0.3553556,2.99953,-0.1178117,-0.5275643,3.264399,-0.02438522,-0.646305,3.307447
