0.0020681,0.46478,-0.0039328,-0.0023066,0.26983,0.032402,-0.18906,0.1686,0.015379,0.18782,0.15026,0.014206,-0.41625,0.037279,0.0068218,0.32403,-0.026895,-0.002172,-0.61119,0.097518,-0.098734,0.52603,-0.00085817,-0.16941,-0.00042711,-0.06271,0.029379,0,-0.12553,0,-0.076758,-0.20868,-0.01295,0.077563,-0.21133,-0.0066847,-0.10692,-0.66968,-0.052423,0.094566,-0.656,-0.072786,-0.047802,-1.0202,0.037391,0.060098,-1.0177,0.030237
0.00016988,0.5144,0.0021769,0.0027106,0.32203,0.037535,-0.18963,0.22386,0.025708,0.18765,0.20916,0.020888,-0.4014,0.0803,0.0062488,0.33584,-0.0054309,-0.033417,-0.5844,0.099969,-0.13472,0.51474,0.015138,-0.17996,0.00067742,-0.012175,0.032643,0,-0.074479,0,-0.07733,-0.15778,-0.015625,0.076177,-0.15991,-0.006216,-0.10704,-0.66358,-0.020905,0.10072,-0.65294,-0.056008,-0.046511,-1.0307,0.077995,0.062801,-1.0193,0.042561
0.0099909,0.57687,0.0016982,0.0076676,0.38234,0.050171,-0.18892,0.29323,0.041027,0.19097,0.27305,0.024817,-0.38097,0.12887,0.010605,0.34384,0.061552,-0.0066827,-0.56257,0.093433,-0.12893,0.50044,0.022348,-0.1772,0.0023401,0.046924,0.036732,0,-0.014098,0,-0.079239,-0.095525,-0.019088,0.075965,-0.10195,-0.0082221,-0.089595,-0.62038,0.027892,0.11198,-0.62523,-0.0035723,-0.053125,-1.0125,0.10536,0.078912,-1.0166,0.053039
0.014891,0.63449,-0.010417,0.0075453,0.45124,0.051844,-0.18591,0.35848,0.043147,0.19547,0.33732,0.037134,-0.36276,0.15947,0.014355,0.31901,0.13056,0.0082449,-0.52651,0.074916,-0.12624,0.49542,0.025007,-0.17935,0.0014835,0.1064,0.038952,0,0.043839,0,-0.077097,-0.037885,-0.017587,0.073951,-0.044285,-0.0097753,-0.084326,-0.60969,0.05337,0.11466,-0.61915,0.021939,-0.061101,-1.0033,0.10501,0.10873,-1.0014,0.040602
0.012989,0.68033,-0.036304,0.010631,0.5087,0.039479,-0.18358,0.41406,0.027681,0.19769,0.40122,0.024515,-0.34267,0.21143,0.0090593,0.31679,0.17549,0.0087494,-0.46564,0.061921,-0.11682,0.48816,0.022397,-0.17768,0.0019096,0.16158,0.038779,0,0.097605,0,-0.077628,0.013673,-0.014541,0.073222,0.011174,-0.0075339,-0.088664,-0.56016,0.04192,0.11568,-0.56367,0.024475,-0.070206,-0.97597,0.092861,0.12502,-0.96937,0.031484
0.012846,0.72579,-0.070082,0.01301,0.54461,0.021512,-0.18971,0.45682,0.012273,0.1908,0.44226,-0.00055416,-0.33414,0.21745,0.0049706,0.31988,0.18913,0.003172,-0.44109,0.044581,-0.10224,0.45961,0.012569,-0.13794,0.0032095,0.21191,0.035612,0,0.14846,0,-0.078025,0.065853,-0.010614,0.072591,0.060154,-0.0036617,-0.10817,-0.49622,-0.0064136,0.1233,-0.51591,-0.016467,-0.060072,-0.87939,0.10275,0.14581,-0.90718,0.043131
0.013903,0.72965,-0.07713,0.014468,0.57332,-0.0087852,-0.18787,0.47541,-0.001015,0.18719,0.46141,-0.012512,-0.29911,0.25105,0.010456,0.31577,0.19903,0.0004479,-0.40189,0.017554,-0.071714,0.4386,0.0075712,-0.095281,0.0033434,0.23403,0.029259,0,0.16858,0,-0.080039,0.089692,-0.0060869,0.073838,0.082707,0.0020309,-0.13049,-0.39158,-0.060102,0.11878,-0.41189,-0.067333,-0.036472,-0.74826,0.15151,0.12289,-0.80233,0.055646
0.014303,0.7381,-0.088964,0.013557,0.57692,-0.015851,-0.18599,0.48357,-0.012192,0.18853,0.47372,-0.016336,-0.29213,0.23979,0.0069777,0.31512,0.20209,-0.00047968,-0.38667,0.017089,-0.058511,0.42971,0.0015004,-0.038823,0.0023564,0.253,0.023504,0,0.18975,0,-0.079465,0.11009,-0.0029138,0.075045,0.10075,0.0044035,-0.13715,-0.30388,-0.10574,0.12589,-0.33777,-0.098249,-0.0081523,-0.59009,0.10552,0.12511,-0.70442,0.091682
0.01544,0.74221,-0.10398,0.012919,0.57879,-0.021626,-0.18569,0.48569,-0.01803,0.18896,0.47564,-0.019961,-0.28757,0.22811,0.013547,0.30126,0.20007,0.0089362,-0.3644,0.015707,-0.0047928,0.42413,-0.0073024,-0.0021829,0.0021901,0.25964,0.019535,0,0.19653,0,-0.079317,0.11593,-0.0027639,0.074406,0.10967,0.0076083,-0.12515,-0.29981,-0.1037,0.12792,-0.30017,-0.11436,0.01176,-0.55072,0.14617,0.10744,-0.62489,0.1045
0.017686,0.73876,-0.12132,0.014274,0.57897,-0.024288,-0.18427,0.48692,-0.02048,0.19015,0.47659,-0.020322,-0.28357,0.22657,0.014989,0.29237,0.19901,0.017519,-0.36151,0.01706,0.012798,0.41227,-0.003522,0.017827,0.0023801,0.26235,0.016553,0,0.19938,0,-0.0801,0.11914,-0.0021591,0.074042,0.11252,0.0078874,-0.10446,-0.30191,-0.083588,0.12896,-0.29587,-0.11841,0.013041,-0.50104,0.12688,0.10089,-0.60796,0.10659
0.019473,0.73781,-0.12693,0.014908,0.57822,-0.02442,-0.18274,0.48869,-0.023723,0.19021,0.47574,-0.025938,-0.2815,0.2275,0.018784,0.2826,0.19875,0.02755,-0.36182,0.023024,0.048159,0.41208,-0.0066421,0.044083,0.0026678,0.26298,0.014232,0,0.20017,0,-0.080462,0.12055,-0.0021442,0.073759,0.11292,0.0075259,-0.12053,-0.29285,-0.11522,0.12505,-0.29715,-0.11387,-0.0060306,-0.56287,0.10996,0.093488,-0.61229,0.1059
0.023177,0.73752,-0.12913,0.014248,0.57481,-0.025569,-0.17896,0.48909,-0.021659,0.19316,0.47247,-0.025227,-0.27725,0.22816,0.02669,0.27877,0.1974,0.041496,-0.36812,0.02875,0.058956,0.41422,0.0074677,0.06479,0.0026986,0.26045,0.012025,0,0.19742,0,-0.079583,0.11935,-0.0013884,0.072851,0.10806,0.0067175,-0.13064,-0.30739,-0.10812,0.12191,-0.35933,-0.099759,-0.012149,-0.67164,0.080383,0.10009,-0.73646,0.070495
0.025475,0.73076,-0.12327,0.017002,0.56341,-0.020435,-0.1776,0.47997,-0.019127,0.19766,0.45448,-0.018565,-0.28341,0.23102,0.048685,0.28009,0.1917,0.059357,-0.40447,0.047441,0.077336,0.43875,0.026859,0.086736,0.003014,0.24067,0.011213,0,0.17532,0,-0.081719,0.09542,-0.003038,0.073629,0.083278,0.0055526,-0.13709,-0.39771,-0.094171,0.11066,-0.43556,-0.075059,-0.050238,-0.7854,0.052064,0.10229,-0.83462,0.049329
0.029431,0.70652,-0.11075,0.014991,0.54034,-0.014645,-0.17295,0.45425,-0.014641,0.19616,0.43358,-0.01105,-0.29914,0.20775,0.081478,0.28982,0.16888,0.076012,-0.46166,0.061623,0.11687,0.47428,0.042277,0.077842,0.0020017,0.19356,0.010059,0,0.12519,0,-0.075832,0.048291,-0.0060491,0.071037,0.038867,0.0075468,-0.12449,-0.49603,-0.067291,0.11123,-0.53307,-0.045663,-0.087444,-0.88784,-0.0062925,0.1065,-0.94081,0.037118
0.028599,0.66978,-0.092322,0.01091,0.49264,-0.015949,-0.17269,0.40106,-0.0059468,0.2038,0.38102,0.0085329,-0.32423,0.17112,0.09369,0.29733,0.13691,0.08011,-0.51834,0.066101,0.11852,0.5009,0.043896,0.076526,0.0013415,0.15393,0.0086104,0,0.085142,0,-0.077389,0.0012999,-0.0081049,0.0726,-0.0077286,0.0070164,-0.12498,-0.57437,-0.037153,0.10857,-0.58418,-0.024119,-0.10678,-0.96553,-0.018658,0.090894,-1.0035,0.037586
0.025065,0.62282,-0.063318,0.015777,0.43684,0.0053589,-0.17507,0.34207,0.0032078,0.20093,0.32592,0.031361,-0.35634,0.12963,0.094127,0.30202,0.090331,0.07912,-0.5709,0.068914,0.10241,0.54063,0.04824,0.03957,0.001527,0.097364,0.012447,0,0.030229,0,-0.078194,-0.051369,-0.011693,0.071601,-0.058082,0.0036954,-0.12218,-0.59778,-0.020092,0.10497,-0.58655,-0.010375,-0.13977,-1.011,0.011296,0.081329,-0.9916,0.038411
0.024179,0.5533,-0.036315,0.014216,0.36702,0.018458,-0.18105,0.27654,0.018967,0.19628,0.26151,0.043593,-0.37757,0.077268,0.096591,0.3162,0.038725,0.070611,-0.59975,0.070758,0.054325,0.55691,0.051734,-0.0054483,0.0012674,0.033972,0.016382,0,-0.031119,0,-0.079161,-0.11402,-0.015954,0.073076,-0.11864,0.0021551,-0.11586,-0.65363,-0.022855,0.089975,-0.60717,-0.0052248,-0.13732,-1.0192,0.055562,0.057177,-0.99359,0.062641
0.021661,0.499,-0.031453,0.0066867,0.30284,0.030729,-0.1812,0.21062,0.016299,0.19244,0.19241,0.040426,-0.41247,0.032217,0.053367,0.33252,-0.011691,0.046131,-0.62756,0.075427,-0.0061107,0.54539,0.045081,-0.055356,-0.00020677,-0.026689,0.02118,0,-0.090056,0,-0.078169,-0.17308,-0.018076,0.075306,-0.17526,-0.00098022,-0.11583,-0.65666,-0.030751,0.089077,-0.62964,-0.027262,-0.12451,-1.0264,0.056991,0.050408,-0.99616,0.055838
0.016411,0.45218,-0.031433,0.0034491,0.27312,0.023768,-0.18112,0.16882,0.0065328,0.19297,0.14869,0.028166,-0.40926,0.027133,0.037111,0.34424,-0.066347,0.014139,-0.60679,0.072444,-0.072335,0.53724,0.03955,-0.10643,-0.00073591,-0.058017,0.021856,0,-0.12206,0,-0.07789,-0.2038,-0.017314,0.076483,-0.21032,0.0015105,-0.11113,-0.66472,-0.064541,0.094046,-0.63828,-0.041121,-0.083577,-1.0165,0.017813,0.048644,-0.99422,0.031268
0.018894,0.45035,-0.027517,0.0038764,0.26906,0.019593,-0.1809,0.16252,-0.00094148,0.19418,0.14546,0.022691,-0.41209,0.022692,0.0079579,0.35196,-0.069195,-0.018796,-0.59604,0.076969,-0.12176,0.53302,0.038178,-0.15227,-0.00084724,-0.066089,0.02227,0,-0.13117,0,-0.078,-0.21305,-0.016721,0.076586,-0.22008,0.0028413,-0.11087,-0.6661,-0.072792,0.095905,-0.64491,-0.048405,-0.082285,-1.0147,0.0093066,0.050732,-0.9934,0.021889
0.016241,0.47057,-0.010748,0.0044165,0.27426,0.018855,-0.18177,0.16817,-0.0025583,0.19399,0.14961,0.022555,-0.40861,0.022801,0.002741,0.35432,-0.044118,-0.037122,-0.57057,0.083583,-0.162,0.52831,0.042237,-0.18345,-0.00091308,-0.060858,0.02325,0,-0.12572,0,-0.078161,-0.20807,-0.016789,0.076432,-0.21407,0.0031224,-0.11454,-0.66662,-0.070629,0.095708,-0.64067,-0.046732,-0.082384,-1.0136,0.010576,0.050697,-0.99327,0.023711
0.022776,0.52854,0.0031383,0.0089764,0.33441,0.028391,-0.17911,0.2373,0.0082718,0.19161,0.21408,0.02782,-0.38915,0.069308,-0.01606,0.35861,0.033987,-0.016646,-0.56294,0.086027,-0.17533,0.52555,0.043396,-0.18442,2.2047e-05,-0.0045778,0.026828,0,-0.069293,0,-0.078225,-0.1511,-0.021332,0.074485,-0.15571,0.003762,-0.1196,-0.64761,-0.017395,0.097383,-0.63542,-0.017193,-0.085595,-1.0214,0.044845,0.051299,-0.99631,0.043146
0.020236,0.57947,0.0035892,0.0085875,0.40108,0.043794,-0.18472,0.30246,0.016122,0.19991,0.28238,0.031466,-0.38306,0.14612,-0.019914,0.35134,0.10581,-0.0012235,-0.54736,0.085158,-0.17398,0.5206,0.048614,-0.18611,0.00013963,0.055998,0.03187,0,-0.0084329,0,-0.078966,-0.092918,-0.023613,0.075331,-0.097319,-0.00076074,-0.1068,-0.63659,0.030627,0.089054,-0.61478,0.039263,-0.096453,-1.0235,0.074469,0.053765,-1.0022,0.068416
0.019926,0.64547,-0.014007,0.0060666,0.47016,0.04258,-0.18158,0.37638,0.017356,0.20369,0.35284,0.039394,-0.3765,0.18939,-0.014729,0.34688,0.1591,0.015746,-0.52417,0.079212,-0.1614,0.51992,0.052546,-0.17938,-0.00092967,0.11827,0.03397,0,0.052672,0,-0.077553,-0.029691,-0.022605,0.075028,-0.038707,-0.00084912,-0.09884,-0.60112,0.0453,0.08868,-0.60811,0.081551,-0.10807,-0.99008,0.053103,0.074707,-1.0015,0.0813
0.023443,0.69997,-0.026976,0.0068099,0.52503,0.030042,-0.1848,0.42017,0.0077752,0.19875,0.40613,0.017888,-0.36643,0.20836,-0.014795,0.33936,0.20242,0.01367,-0.49955,0.056869,-0.12624,0.49558,0.056846,-0.13111,0.00019426,0.16945,0.03341,0,0.1022,0,-0.076569,0.019911,-0.020152,0.073774,0.010899,0.002162,-0.10746,-0.55303,0.033926,0.092781,-0.56025,0.073462,-0.10222,-0.96786,0.066152,0.090078,-0.99691,0.075718
0.022333,0.74939,-0.046064,0.0060447,0.56779,0.014024,-0.17986,0.46583,-0.0061852,0.19697,0.45298,-0.00052934,-0.35282,0.22639,-0.012484,0.34271,0.20866,0.010151,-0.47963,0.055544,-0.096651,0.48473,0.037744,-0.085294,0.0004482,0.22234,0.030379,0,0.15522,0,-0.077827,0.075701,-0.017596,0.075396,0.063721,0.0064086,-0.11207,-0.49524,-0.017535,0.10659,-0.51143,0.039261,-0.096676,-0.88828,0.095983,0.11345,-0.92154,0.085337
0.018109,0.76353,-0.065395,0.0070625,0.58729,-0.0024947,-0.18438,0.4765,-0.01482,0.19639,0.4625,-0.0094705,-0.34569,0.23178,-0.014108,0.33666,0.21718,0.015489,-0.45613,0.036845,-0.034507,0.47441,0.020928,-0.043036,0.00071922,0.24438,0.025554,0,0.1779,0,-0.079436,0.096558,-0.012438,0.076454,0.086167,0.0080711,-0.12454,-0.40182,-0.059215,0.11435,-0.44006,-0.0040013,-0.065805,-0.78004,0.12431,0.10475,-0.82683,0.10201
0.021221,0.76775,-0.088605,0.010408,0.5913,-0.013254,-0.18345,0.48932,-0.026321,0.19824,0.4716,-0.018559,-0.32554,0.23792,-0.0018909,0.33088,0.21587,0.030213,-0.41861,0.035193,0.0065238,0.45675,0.022776,0.025038,0.0014044,0.2638,0.020019,0,0.20034,0,-0.080719,0.12236,-0.0093334,0.076209,0.10718,0.01203,-0.13489,-0.29417,-0.10036,0.13006,-0.36586,-0.051128,-0.028577,-0.55218,0.069187,0.10923,-0.74377,0.10552
0.022353,0.76366,-0.11288,0.012156,0.59249,-0.018021,-0.18196,0.49265,-0.029691,0.20077,0.47457,-0.021047,-0.31649,0.23604,0.00033866,0.31371,0.21858,0.041683,-0.40163,0.036715,0.048321,0.43568,0.026342,0.060511,0.0016223,0.27011,0.016784,0,0.20669,0,-0.08077,0.12672,-0.010145,0.0759,0.11364,0.014715,-0.12092,-0.29124,-0.10151,0.14052,-0.30131,-0.076258,-0.00078884,-0.55355,0.16481,0.095718,-0.63397,0.091371
0.023117,0.7606,-0.11777,0.010996,0.59152,-0.020945,-0.18194,0.49107,-0.034831,0.20101,0.47409,-0.021804,-0.3061,0.23364,0.012123,0.30559,0.21005,0.057445,-0.38911,0.031185,0.079565,0.43535,0.013312,0.10875,0.0013358,0.27052,0.014311,0,0.2069,0,-0.08087,0.12673,-0.0098677,0.075916,0.11405,0.01466,-0.12056,-0.28787,-0.11727,0.14225,-0.29923,-0.082997,-0.0025427,-0.54466,0.16897,0.073788,-0.58535,0.11211
0.023771,0.75344,-0.12619,0.0092882,0.57755,-0.04423,-0.18215,0.48349,-0.039046,0.19864,0.46957,-0.022623,-0.29215,0.22191,0.041473,0.29339,0.20672,0.068764,-0.3829,0.02824,0.095273,0.43231,0.029216,0.13658,0.00099918,0.26773,0.010445,0,0.20362,0,-0.080709,0.12303,-0.009247,0.076233,0.11249,0.017064,-0.12207,-0.29009,-0.12179,0.14512,-0.29922,-0.085475,-0.00035057,-0.56604,0.11036,0.070801,-0.59322,0.10833
0.02268,0.72753,-0.14185,0.0059725,0.56593,-0.04827,-0.18334,0.46776,-0.046174,0.19395,0.45878,-0.022922,-0.29283,0.21847,0.048027,0.28983,0.2041,0.084462,-0.38561,0.027249,0.10605,0.43305,0.0433,0.15221,5.9588e-07,0.25104,0.0067721,0,0.18621,0,-0.079487,0.10501,-0.0070522,0.076911,0.098766,0.020482,-0.12531,-0.32067,-0.11079,0.128,-0.36475,-0.062508,-0.016741,-0.68872,0.072029,0.10132,-0.74248,0.10324
0.020291,0.71335,-0.14383,0.0045372,0.53957,-0.055707,-0.18374,0.44887,-0.046813,0.19092,0.44276,-0.024587,-0.29747,0.20741,0.062395,0.28971,0.19833,0.098899,-0.3979,0.022231,0.12591,0.4388,0.047137,0.15766,-0.00013417,0.21862,0.0032882,0,0.15218,0,-0.079838,0.069364,-0.0035186,0.077984,0.06682,0.02206,-0.11703,-0.41544,-0.085154,0.13235,-0.42485,-0.048577,-0.062316,-0.79818,0.033713,0.089049,-0.79803,0.085962
0.013755,0.6984,-0.14544,0.0013652,0.51855,-0.053486,-0.18887,0.41307,-0.049641,0.18591,0.40566,-0.026567,-0.30344,0.19901,0.063205,0.28742,0.16871,0.10684,-0.4156,0.021288,0.12818,0.45459,0.035192,0.16082,-0.00070323,0.18127,0.0022256,0,0.11181,0,-0.076615,0.026078,-0.004333,0.076251,0.02558,0.020977,-0.11387,-0.5021,-0.061895,0.12283,-0.51589,-0.027965,-0.082706,-0.8954,-0.012657,0.088723,-0.91292,0.042893
0.0059642,0.65617,-0.12906,-0.00050103,0.46558,-0.039259,-0.18884,0.38005,-0.036498,0.18694,0.376,-0.0046379,-0.31303,0.13874,0.072795,0.29705,0.12692,0.10277,-0.46445,-0.019352,0.10872,0.50687,0.023842,0.11914,-0.0011319,0.13042,0.0031154,0,0.06244,0,-0.075501,-0.022517,-0.0081625,0.075714,-0.02409,0.019005,-0.1105,-0.58588,-0.035232,0.11907,-0.58511,-0.005776,-0.11281,-0.98675,0.011796,0.087775,-1.009,0.053888
0.0023956,0.59671,-0.09584,-0.00010795,0.4133,-0.023231,-0.19269,0.31376,-0.018242,0.18424,0.31033,0.011463,-0.32547,0.071681,0.075526,0.30949,0.062032,0.10664,-0.49324,-0.077458,0.066393,0.52088,-0.012532,0.080004,-0.00090146,0.075679,0.0045654,0,0.0078401,0,-0.077114,-0.078187,-0.0099074,0.07716,-0.07765,0.01391,-0.10494,-0.60079,-0.010339,0.11568,-0.58988,0.012309,-0.11524,-1.0142,0.07264,0.080942,-0.98998,0.056061
-0.0002888,0.53401,-0.068393,-0.012694,0.34507,0.0064682,-0.19438,0.23877,-0.003618,0.18072,0.23643,0.023405,-0.34171,0.0038036,0.063768,0.31795,-0.0036933,0.10046,-0.5302,-0.11891,0.03515,0.54065,-0.048571,0.050344,-0.0029933,0.011722,0.010399,0,-0.054177,0,-0.075009,-0.14069,-0.017536,0.080439,-0.13844,0.0088786,-0.098126,-0.65807,0.0077484,0.098941,-0.62744,0.01915,-0.11004,-1.0219,0.10753,0.052382,-1.0045,0.09697
-0.010775,0.48214,-0.043768,-0.004281,0.29308,0.014714,-0.19603,0.18088,0.0034362,0.17909,0.17299,0.032306,-0.35827,-0.050971,0.047148,0.31577,-0.050951,0.084685,-0.55045,-0.16075,-0.0046627,0.55098,-0.092331,-0.003617,-0.0017908,-0.040928,0.013376,0,-0.10654,0,-0.077088,-0.19269,-0.020722,0.078921,-0.19149,0.008526,-0.097599,-0.65888,0.00046478,0.099744,-0.63262,0.0048584,-0.09374,-1.025,0.10883,0.039788,-1.0036,0.075989
-0.0061556,0.46415,-0.039478,-0.0068126,0.26862,0.013209,-0.19506,0.16088,-0.0030052,0.18142,0.15583,0.027064,-0.36572,-0.071678,0.028494,0.32283,-0.080583,0.082545,-0.55306,-0.17357,-0.055759,0.52191,-0.10893,-0.033011,-0.002306,-0.060283,0.014468,0,-0.1249,0,-0.077189,-0.21025,-0.020277,0.079883,-0.21173,0.0087375,-0.091867,-0.65991,-0.031422,0.10122,-0.63777,-0.013358,-0.06387,-1.0091,0.05813,0.035632,-0.99555,0.042946
-0.0072393,0.46129,-0.038411,-0.0086952,0.26562,0.010455,-0.19596,0.15495,-0.0094049,0.18108,0.15157,0.024454,-0.37043,-0.071535,0.018408,0.32183,-0.07952,0.072598,-0.55175,-0.17699,-0.075702,0.53043,-0.11325,-0.064586,-0.002819,-0.062524,0.014908,0,-0.12725,0,-0.07665,-0.21418,-0.019263,0.080332,-0.21349,0.0092242,-0.094149,-0.66115,-0.034679,0.099866,-0.63942,-0.017718,-0.063985,-1.0086,0.056883,0.035275,-0.99554,0.041829
-0.0056813,0.48604,-0.031646,-0.0053205,0.28681,0.009532,-0.19386,0.17027,-0.017915,0.18298,0.16264,0.024556,-0.36787,-0.054156,0.0070413,0.30599,-0.050468,0.050602,-0.53372,-0.1748,-0.098369,0.52809,-0.11118,-0.075296,-0.0028912,-0.051131,0.015454,0,-0.11719,0,-0.076967,-0.20355,-0.021789,0.079782,-0.20458,0.011329,-0.10185,-0.6598,-0.02447,0.10297,-0.64513,-0.010172,-0.068727,-1.0132,0.075908,0.050127,-1.0107,0.073464
-0.0017733,0.54533,-0.02148,-0.014834,0.35121,0.018689,-0.19551,0.24123,-0.0080592,0.18355,0.23509,0.029115,-0.3507,0.012713,0.014315,0.33444,0.016067,0.074724,-0.50895,-0.16331,-0.075065,0.50275,-0.098342,-0.056882,-0.0042796,0.012824,0.018486,0,-0.053022,0,-0.074676,-0.14016,-0.021387,0.081013,-0.13859,0.0075219,-0.10362,-0.64856,0.044002,0.10031,-0.63715,0.036726,-0.076268,-1.0167,0.12854,0.055183,-1.0055,0.096461
0.0009684,0.61093,-0.028116,-0.0092214,0.41411,0.011172,-0.19627,0.30414,-0.014454,0.18594,0.30118,0.031965,-0.3424,0.053647,0.017508,0.32265,0.074225,0.072008,-0.4733,-0.12962,-0.05531,0.48888,-0.090096,-0.035511,-0.003831,0.071304,0.01787,0,0.0041766,0,-0.076102,-0.083715,-0.017735,0.080011,-0.081723,0.0071624,-0.10114,-0.6336,0.066514,0.090197,-0.61854,0.084283,-0.092363,-1.0218,0.15714,0.059021,-1.005,0.11442
-0.0008675,0.67216,-0.044023,-0.012102,0.48361,0.0091576,-0.19827,0.3692,-0.017037,0.18361,0.36461,0.023784,-0.32867,0.10349,0.025312,0.3067,0.11764,0.065244,-0.43689,-0.093241,-0.019807,0.46251,-0.077998,-0.0034908,-0.004087,0.1324,0.017963,0,0.063492,0,-0.075252,-0.023923,-0.018156,0.080263,-0.023059,0.008664,-0.10212,-0.59304,0.060879,0.090559,-0.59269,0.087827,-0.096256,-0.97573,0.13972,0.070951,-0.98179,0.11755
-0.0013797,0.71519,-0.064395,-0.0069065,0.53369,-0.0062289,-0.19752,0.42147,-0.020861,0.18518,0.40406,0.015724,-0.31023,0.15841,0.024294,0.30111,0.13735,0.077475,-0.41261,-0.059884,0.023622,0.4271,-0.051077,0.052614,-0.0028985,0.18422,0.014269,0,0.11475,0,-0.076183,0.029511,-0.016123,0.07906,0.023144,0.012909,-0.10698,-0.52833,0.010857,0.10511,-0.55046,0.059333,-0.1013,-0.9031,0.14475,0.086115,-0.96829,0.14508
0.00020667,0.72686,-0.074698,-0.008736,0.54743,-0.01389,-0.19404,0.43184,-0.02244,0.18579,0.4292,0.0062706,-0.30419,0.16581,0.025995,0.29648,0.1661,0.084272,-0.39203,-0.035058,0.061971,0.41522,-0.040694,0.10539,-0.0026857,0.20708,0.011032,0,0.13976,0,-0.07625,0.056103,-0.011113,0.080026,0.053613,0.011866,-0.11575,-0.41168,-0.055535,0.12012,-0.43842,-0.0032008,-0.060393,-0.75598,0.18613,0.07935,-0.81163,0.18861
0.0010074,0.73573,-0.0882,-0.0038672,0.55703,-0.016135,-0.19421,0.44939,-0.025613,0.18726,0.44536,0.0054413,-0.29842,0.1921,0.032196,0.28585,0.18162,0.093568,-0.38163,-0.014243,0.070565,0.40674,-0.022265,0.12367,-0.0014803,0.23126,0.0089421,0,0.16674,0,-0.080164,0.083592,-0.010136,0.080943,0.075192,0.012052,-0.11918,-0.3335,-0.10464,0.12437,-0.34739,-0.040969,-0.018516,-0.56807,0.18081,0.076027,-0.65808,0.19709
0.0040688,0.73918,-0.089946,-0.0010502,0.56444,-0.016593,-0.19401,0.45952,-0.026113,0.18747,0.44748,0.006652,-0.29689,0.20343,0.038168,0.28213,0.18694,0.10504,-0.38602,0.0062475,0.085613,0.40721,0.014761,0.17707,-0.001095,0.23985,0.0074504,0,0.17509,0,-0.080398,0.091599,-0.010595,0.080197,0.08521,0.01217,-0.060488,-0.33319,0.0085329,0.13837,-0.33143,-0.071926,0.0014457,-0.52974,0.23333,0.06257,-0.54062,0.20023
0.0095998,0.7394,-0.10324,0.0011861,0.56566,-0.019075,-0.18996,0.46544,-0.029806,0.19017,0.45019,0.0053857,-0.29523,0.21969,0.040926,0.28038,0.19527,0.11289,-0.39912,0.039685,0.11313,0.41894,0.026025,0.19318,-0.00062954,0.24409,0.0058565,0,0.18003,0,-0.080877,0.097555,-0.0094863,0.079675,0.090184,0.01218,-0.056395,-0.32694,0.0090821,0.14166,-0.32415,-0.081084,0.00052288,-0.52159,0.23652,0.064791,-0.52488,0.21058
0.012718,0.74004,-0.11245,0.0027129,0.56598,-0.021071,-0.18698,0.46735,-0.030945,0.19072,0.45165,0.0038444,-0.29694,0.22456,0.047371,0.27711,0.20488,0.11643,-0.41967,0.058594,0.12301,0.42878,0.064628,0.19168,-0.00036716,0.24491,0.0044035,0,0.18076,0,-0.080643,0.098613,-0.0087415,0.078857,0.091499,0.011693,-0.1089,-0.30977,-0.14151,0.14184,-0.32235,-0.082654,-0.012991,-0.51414,0.17109,0.074686,-0.53615,0.19277
0.018307,0.73749,-0.11054,0.0017714,0.5581,-0.030527,-0.18414,0.46538,-0.028897,0.19259,0.45048,0.0063769,-0.29744,0.22568,0.059332,0.27964,0.20498,0.12348,-0.44292,0.076675,0.13069,0.44263,0.073596,0.1921,-0.000506,0.24111,0.0020468,0,0.17722,0,-0.080031,0.095361,-0.0081714,0.078952,0.088746,0.014224,-0.11169,-0.31599,-0.12889,0.1313,-0.32732,-0.075692,-0.044847,-0.67205,0.094386,0.098408,-0.6614,0.18226
0.018227,0.7156,-0.11662,0.0013262,0.5478,-0.030934,-0.17848,0.44852,-0.038048,0.19386,0.44144,0.0029714,-0.30472,0.22453,0.068709,0.29777,0.19824,0.12675,-0.46922,0.089386,0.12781,0.48826,0.091355,0.16704,-0.00071009,0.22211,0.00072101,0,0.15616,0,-0.078662,0.07219,-0.010926,0.078132,0.070197,0.018667,-0.11262,-0.4075,-0.10656,0.12654,-0.39489,-0.066338,-0.08337,-0.79075,0.040507,0.10068,-0.76818,0.13893
0.017447,0.70177,-0.11767,0.0038785,0.52454,-0.033617,-0.17882,0.42676,-0.039611,0.19348,0.41172,-0.0037272,-0.3316,0.2034,0.072979,0.30102,0.17547,0.12845,-0.51936,0.086352,0.10046,0.5159,0.089315,0.13759,3.9229e-05,0.18391,-0.00079152,0,0.11499,0,-0.077992,0.032273,-0.011045,0.075734,0.026787,0.020559,-0.10955,-0.52124,-0.087884,0.12228,-0.48153,-0.044714,-0.099095,-0.90211,-0.042304,0.10426,-0.88995,0.057143
0.014774,0.6773,-0.11265,0.0039045,0.48184,-0.034374,-0.18284,0.38368,-0.035828,0.19312,0.37456,0.0018701,-0.34496,0.15995,0.065266,0.3075,0.14157,0.10968,-0.54478,0.05944,0.076893,0.52435,0.076168,0.10112,-1.3209e-05,0.1341,-0.0016347,0,0.064645,0,-0.075698,-0.020595,-0.011128,0.073995,-0.022874,0.019991,-0.10865,-0.59515,-0.061735,0.11842,-0.57139,-0.023217,-0.12104,-0.99934,-0.059211,0.10068,-1.0068,0.014076
0.010957,0.62413,-0.089962,0.0023255,0.42905,-0.01346,-0.18818,0.33069,-0.025716,0.19578,0.31905,0.020831,-0.36481,0.11405,0.065867,0.31106,0.086094,0.094834,-0.56512,0.018941,0.013186,0.55457,0.042479,0.049306,-0.00039089,0.094886,0.0010537,0,0.027262,0,-0.076874,-0.059059,-0.01562,0.07668,-0.068026,0.013449,-0.11187,-0.61556,-0.049278,0.10529,-0.63096,-0.0032078,-0.12647,-1.0023,-0.047089,0.090898,-1.0096,0.018569
0.009864,0.55261,-0.054287,-0.0058824,0.36049,0.0039814,-0.18553,0.25632,-0.01316,0.18706,0.25067,0.031221,-0.36451,0.043017,0.049515,0.31198,0.027826,0.083394,-0.57536,-0.013836,-0.019031,0.52837,0.0041523,0.01211,-0.001873,0.023759,0.0053122,0,-0.043178,0,-0.076052,-0.12589,-0.019297,0.078539,-0.13112,0.011796,-0.10201,-0.6362,-0.040537,0.10111,-0.63835,0.0065815,-0.11907,-1.0166,-0.0031949,0.064398,-1.0149,0.039775
-0.0031942,0.49956,-0.031615,0.00042754,0.30156,0.017062,-0.19064,0.1955,-0.0035226,0.17913,0.18415,0.038742,-0.37331,-0.018842,0.044213,0.3034,-0.025438,0.075283,-0.57172,-0.056806,-0.068966,0.5105,-0.033178,-0.026467,-0.0010659,-0.033081,0.0097892,0,-0.099112,0,-0.077861,-0.18169,-0.025446,0.077679,-0.187,0.012334,-0.091367,-0.66284,-0.060709,0.088763,-0.65227,-0.024959,-0.12119,-1.0238,0.0119,0.010728,-1.0285,0.032995
-0.00019634,0.46422,-0.02482,-0.0041097,0.25792,0.017115,-0.18992,0.14633,-0.0063848,0.18418,0.14804,0.041861,-0.37432,-0.05257,0.018182,0.31802,-0.077139,0.06995,-0.55998,-0.097739,-0.11469,0.51717,-0.06589,-0.082065,-0.0021835,-0.074864,0.011861,0,-0.14035,0,-0.077638,-0.22371,-0.025349,0.079383,-0.2315,0.012092,-0.089729,-0.66386,-0.091499,0.090242,-0.65584,-0.039683,-0.076229,-1.0164,-0.017344,0.011009,-1.0237,0.012872
0.00041473,0.45518,-0.019698,-0.0037423,0.25591,0.017177,-0.18971,0.143,-0.008524,0.18493,0.14051,0.040563,-0.37303,-0.057892,0.015172,0.30732,-0.090144,0.06303,-0.53086,-0.13785,-0.13787,0.51545,-0.077895,-0.096222,-0.0023963,-0.079141,0.013762,0,-0.14501,0,-0.078019,-0.22846,-0.024682,0.079675,-0.2348,0.011103,-0.092162,-0.66465,-0.099078,0.094764,-0.65801,-0.04992,-0.075113,-1.0146,-0.022977,0.0126,-1.0222,0.0071992
0.0049364,0.45999,-0.011254,-0.0043914,0.25972,0.021185,-0.18898,0.14808,-0.0084992,0.18545,0.1414,0.040321,-0.36655,-0.056499,0.010987,0.30593,-0.082544,0.054761,-0.52531,-0.14375,-0.13649,0.5165,-0.085051,-0.10533,-0.0027261,-0.077469,0.016269,0,-0.14307,0,-0.078067,-0.22615,-0.024951,0.079713,-0.23196,0.0099491,-0.095881,-0.66286,-0.097935,0.095582,-0.65713,-0.050122,-0.07699,-1.0142,-0.022531,0.013434,-1.021,0.0065675
0.0014619,0.50353,0.012502,-0.0019454,0.31816,0.040623,-0.18899,0.20513,0.0085379,0.18015,0.19507,0.050023,-0.36199,-0.025998,0.025814,0.28303,-0.032926,0.081138,-0.51189,-0.1536,-0.097274,0.51518,-0.092393,-0.087345,-0.0025467,-0.025921,0.023126,0,-0.091673,0,-0.077631,-0.17356,-0.029666,0.078433,-0.17876,0.0072449,-0.11416,-0.65302,-0.062979,0.090924,-0.65427,-0.0287,-0.09477,-1.0169,0.0042148,0.010113,-1.0225,0.030107
0.00024967,0.57182,0.021022,-0.012971,0.38298,0.05227,-0.19505,0.26812,0.014187,0.18063,0.26113,0.059579,-0.3614,0.020587,0.033652,0.32486,0.038693,0.079974,-0.50095,-0.14435,-0.043636,0.49595,-0.094263,-0.032021,-0.0049047,0.032693,0.028056,0,-0.033043,0,-0.074416,-0.11555,-0.029664,0.079725,-0.12082,0.0026387,-0.12204,-0.63875,-0.01884,0.079693,-0.6478,0.027975,-0.10828,-1.0147,0.021382,0.045594,-1.0301,0.07575
0.0037672,0.64054,0.0093463,-0.013078,0.45142,0.049875,-0.19899,0.3479,0.018743,0.18581,0.32451,0.058836,-0.34866,0.085779,0.033475,0.32127,0.10252,0.081985,-0.46773,-0.10406,-0.0028483,0.4789,-0.082553,0.010695,-0.0050182,0.098401,0.030491,0,0.032456,0,-0.074423,-0.050875,-0.028704,0.079868,-0.058658,0.0022107,-0.11622,-0.62373,0.0070572,0.077615,-0.63153,0.05308,-0.11226,-1.0087,0.016962,0.048539,-1.0246,0.071157
0.0074397,0.69218,0.0042724,-0.0064812,0.45335,0.040447,-0.18993,0.39131,0.0094734,0.19238,0.37974,0.040188,-0.33006,0.1243,0.026807,0.32166,0.11318,0.082091,-0.43273,-0.076113,0.041924,0.46398,-0.061438,0.066102,-0.0023894,0.13156,0.029756,0,0.077916,0,-0.075181,-0.0038652,-0.026358,0.076698,-0.012681,0.0052268,-0.10961,-0.57828,-0.0029406,0.088703,-0.58616,0.050661,-0.10283,-0.99245,0.01801,0.079098,-1.0054,0.077972
0.0085103,0.73951,-0.012751,-0.0033744,0.55709,0.03534,-0.18823,0.43633,0.0058356,0.1828,0.42625,0.024204,-0.3017,0.17379,0.036665,0.30116,0.16785,0.091072,-0.39745,-0.034903,0.063928,0.43474,-0.015046,0.11625,-0.0021342,0.19703,0.03295,0,0.12915,0,-0.075034,0.048194,-0.021731,0.076358,0.042211,0.0024689,-0.11635,-0.49535,-0.047588,0.1072,-0.51651,0.01924,-0.070158,-0.88045,0.087898,0.10029,-0.91746,0.10489
0.01386,0.75593,-0.02161,0.00074852,0.5676,0.025165,-0.18747,0.45473,-0.00203,0.18683,0.446,0.01346,-0.29381,0.19168,0.04624,0.30127,0.18825,0.090142,-0.38085,-0.0096302,0.084229,0.42564,0.0041396,0.16674,-0.0009398,0.22352,0.031446,0,0.15977,0,-0.080297,0.082639,-0.016657,0.079439,0.067468,0.0025801,-0.11102,-0.37349,-0.090975,0.12783,-0.42575,-0.027629,-0.02071,-0.71916,0.13986,0.095407,-0.80444,0.16328
0.015158,0.76617,-0.029742,0.0025582,0.58079,0.017058,-0.18549,0.46368,-0.0023756,0.188,0.45834,0.011896,-0.29029,0.21909,0.062059,0.29455,0.21061,0.097736,-0.37011,0.013205,0.093329,0.42276,0.023285,0.17879,-0.00069648,0.24111,0.030519,0,0.17615,0,-0.079677,0.096945,-0.01514,0.078116,0.087844,0.0034581,-0.11256,-0.32049,-0.10812,0.13452,-0.33965,-0.05574,0.016879,-0.56148,0.14969,0.11269,-0.68593,0.18552
0.012787,0.77388,-0.042418,0.0038566,0.58737,0.013917,-0.18827,0.48125,0.0043737,0.18754,0.46928,0.016024,-0.28794,0.23035,0.069668,0.28493,0.23228,0.11044,-0.38393,0.037099,0.121,0.42106,0.073411,0.18344,-0.00025821,0.25329,0.029727,0,0.18929,0,-0.080326,0.10826,-0.015182,0.078332,0.099923,0.004051,-0.10247,-0.307,-0.1216,0.15514,-0.3144,-0.07263,0.0015183,-0.43135,0.14838,0.072101,-0.53575,0.16967
0.012138,0.77407,-0.047711,0.0033027,0.58922,0.012866,-0.18818,0.48288,0.0031889,0.18816,0.47154,0.016982,-0.28694,0.23497,0.071445,0.28705,0.23202,0.11785,-0.39831,0.051038,0.12531,0.43498,0.081698,0.18365,-0.00057452,0.25684,0.029223,0,0.19298,0,-0.08014,0.11155,-0.01541,0.078638,0.10353,0.0043817,-0.10441,-0.3018,-0.12908,0.15444,-0.31061,-0.073969,-0.003066,-0.53556,0.2035,0.094152,-0.54281,0.22328
0.011978,0.77556,-0.049593,0.0035256,0.58982,0.012169,-0.18819,0.48329,0.0033568,0.18794,0.47265,0.017296,-0.28847,0.24037,0.077749,0.29057,0.23329,0.12233,-0.42137,0.071937,0.13315,0.46177,0.09464,0.17653,-0.00054741,0.25751,0.028735,0,0.19356,0,-0.080086,0.11222,-0.015201,0.078651,0.10444,0.0043777,-0.11057,-0.30093,-0.12753,0.14997,-0.31116,-0.06882,-0.019244,-0.57513,0.17829,0.088911,-0.60646,0.22567
0.012099,0.77351,-0.054299,0.0038258,0.58509,0.0081824,-0.18816,0.48219,0.0005492,0.18778,0.47023,0.013301,-0.29218,0.2367,0.081341,0.29917,0.22723,0.11993,-0.44337,0.08023,0.12666,0.50344,0.092076,0.16085,-0.00041423,0.25392,0.027358,0,0.18944,0,-0.079782,0.10787,-0.015023,0.078264,0.099916,0.0061941,-0.099732,-0.33516,-0.087756,0.13718,-0.36163,-0.04944,-0.027928,-0.64864,0.18683,0.10491,-0.71368,0.18699
0.002548,0.75358,-0.071372,0.00022723,0.5708,-0.00069618,-0.19506,0.46378,-0.0081347,0.18249,0.45477,0.00289,-0.31229,0.21437,0.079072,0.30336,0.20806,0.10854,-0.4766,0.066952,0.11133,0.51279,0.088938,0.11919,-0.00091725,0.22949,0.024016,0,0.16167,0,-0.078459,0.074953,-0.012997,0.078317,0.074579,0.0085816,-0.10393,-0.4218,-0.067962,0.12723,-0.43277,-0.037953,-0.071212,-0.80283,0.11941,0.10231,-0.82014,0.14425
-0.0066809,0.73024,-0.08188,-0.003526,0.53946,-0.010611,-0.19765,0.42974,-0.017891,0.18597,0.41955,-0.0043261,-0.33439,0.18552,0.064832,0.29651,0.18128,0.079207,-0.51515,0.051233,0.038716,0.53316,0.05968,0.065962,-0.0015056,0.1874,0.020172,0,0.11741,0,-0.077882,0.029861,-0.012121,0.079403,0.028391,0.011475,-0.10162,-0.52403,-0.045825,0.12004,-0.52463,-0.015796,-0.080666,-0.88361,0.05432,0.10006,-0.92665,0.075064
-0.0061773,0.67444,-0.076677,-0.0033305,0.48387,-0.010704,-0.20159,0.37337,-0.017047,0.18509,0.36628,-0.00099213,-0.34318,0.12879,0.041187,0.30679,0.12834,0.070687,-0.5332,0.012341,-0.0072607,0.53619,0.025863,0.021896,-0.001504,0.13373,0.018193,0,0.063907,0,-0.076971,-0.023952,-0.010746,0.078362,-0.023663,0.0094724,-0.10051,-0.59499,-0.023646,0.12378,-0.59795,0.0061951,-0.095075,-0.99473,0.032157,0.096022,-1.0279,0.058949
-0.0062807,0.62158,-0.065331,-0.0071158,0.42657,3.178e-05,-0.20634,0.31569,-0.0086313,0.18709,0.31118,0.0085022,-0.35393,0.077168,0.018165,0.30655,0.068631,0.065559,-0.53837,-0.033682,-0.063217,0.52637,-0.018876,-0.035775,-0.0021466,0.080935,0.019067,0,0.012702,0,-0.078814,-0.076109,-0.012803,0.081877,-0.076637,0.0068695,-0.098421,-0.59545,-0.015328,0.11638,-0.61808,0.012512,-0.099063,-0.98762,0.032223,0.092082,-1.0178,0.044296
-0.010987,0.54923,-0.043576,-0.0091242,0.35528,0.011501,-0.20448,0.2433,0.0022514,0.17641,0.2354,0.013119,-0.35829,0.017434,0.016262,0.29864,0.0089057,0.053737,-0.54139,-0.089589,-0.10695,0.51901,-0.080909,-0.072301,-0.0021823,0.012626,0.021296,0,-0.054247,0,-0.077704,-0.14099,-0.015809,0.081545,-0.13991,0.0051772,-0.084043,-0.64634,-0.0023031,0.10733,-0.64071,0.0065387,-0.086219,-1.0172,0.083419,0.067369,-1.0269,0.068657
-0.0113,0.49403,-0.024743,-0.0084486,0.29322,0.020812,-0.20003,0.17664,0.007076,0.17747,0.16922,0.024425,-0.35623,-0.047964,0.0039368,0.30337,-0.054912,0.046354,-0.52143,-0.14245,-0.13942,0.51156,-0.128,-0.09849,-0.002521,-0.047081,0.024021,0,-0.11273,0,-0.078067,-0.19819,-0.020434,0.081632,-0.19855,0.0058495,-0.081438,-0.65532,-0.015482,0.10274,-0.65415,-0.016523,-0.071368,-1.0278,0.083914,0.063685,-1.0274,0.069722
-0.011017,0.45716,-0.032033,-0.0030652,0.25967,0.018228,-0.19759,0.15447,0.0026199,0.18559,0.13012,0.019239,-0.34802,-0.069286,-0.0085439,0.30501,-0.07772,0.032923,-0.49589,-0.1879,-0.15666,0.48456,-0.16633,-0.098868,-0.0017102,-0.077997,0.024447,0,-0.14332,0,-0.079767,-0.22982,-0.017894,0.080914,-0.23246,0.0048236,-0.078454,-0.66803,-0.046563,0.10619,-0.65742,-0.036877,-0.046157,-1.02,0.035972,0.053956,-1.0241,0.041472
-0.0091763,0.44928,-0.029658,-0.0046358,0.25463,0.015032,-0.19729,0.14076,-0.0020876,0.18352,0.1275,0.015641,-0.34289,-0.084681,-0.012755,0.30846,-0.088529,0.028832,-0.48043,-0.21413,-0.16422,0.48125,-0.18002,-0.10758,-0.0020527,-0.08516,0.024256,0,-0.15122,0,-0.079023,-0.23658,-0.017291,0.080957,-0.23785,0.0048494,-0.082544,-0.66884,-0.050537,0.10799,-0.66127,-0.046952,-0.046022,-1.0196,0.033318,0.04738,-1.021,0.03149
-0.005391,0.46852,-0.027669,-0.0058609,0.26227,0.011092,-0.2,0.14501,-0.0044224,0.18017,0.13462,0.010379,-0.33611,-0.082069,-0.0099928,0.30696,-0.087525,0.025458,-0.46453,-0.22621,-0.1419,0.49673,-0.2023,-0.11878,-0.0020772,-0.078343,0.023644,0,-0.14454,0,-0.078757,-0.22998,-0.015625,0.081569,-0.23009,0.0053539,-0.092577,-0.67287,-0.046146,0.10878,-0.65377,-0.040608,-0.050012,-1.0194,0.034615,0.047631,-1.0152,0.030039
-0.0094298,0.52439,-0.023793,-0.007783,0.3289,0.018437,-0.19605,0.21605,-0.00029099,0.17594,0.20404,0.012057,-0.33895,-0.043731,-0.0070075,0.31751,-0.034348,0.026759,-0.45701,-0.23226,-0.08638,0.4834,-0.20161,-0.094663,-0.0022053,-0.018167,0.025691,0,-0.085188,0,-0.076503,-0.16854,-0.017943,0.07967,-0.17035,0.0048425,-0.10729,-0.65297,0.0049617,0.10087,-0.64973,-0.0064504,-0.063713,-1.0216,0.072528,0.048043,-1.0331,0.066962
-4.3598e-05,0.58666,-0.021708,-0.0084201,0.40093,0.01794,-0.19749,0.27649,0.0055744,0.18366,0.27043,0.016548,-0.32075,0.021576,0.0035663,0.31285,0.019837,0.045503,-0.43524,-0.19245,-0.023181,0.45257,-0.17373,-0.038254,-0.0021844,0.044204,0.026235,0,-0.024796,0,-0.076848,-0.11169,-0.01513,0.08025,-0.10992,0.0023259,-0.10031,-0.64003,0.050988,0.094739,-0.62877,0.050348,-0.066874,-1.0146,0.081901,0.052861,-1.0274,0.083827
0.00084356,0.65201,-0.028893,-0.0094871,0.46553,0.021969,-0.1981,0.35645,0.01145,0.18706,0.33807,0.019107,-0.30305,0.086238,0.016521,0.30761,0.074216,0.060142,-0.40274,-0.13064,0.013764,0.43895,-0.12552,0.019867,-0.0022266,0.10878,0.027846,0,0.040167,0,-0.076949,-0.045537,-0.01446,0.080819,-0.04764,-0.00011222,-0.095535,-0.61334,0.066788,0.1007,-0.6178,0.065454,-0.082987,-0.99247,0.086461,0.076739,-1.0104,0.086695
0.0013861,0.70704,-0.032142,-0.0080923,0.52338,0.018348,-0.19633,0.40785,0.0080771,0.18671,0.39654,0.0062785,-0.29515,0.1323,0.046666,0.29898,0.12883,0.073942,-0.38513,-0.072344,0.063898,0.42167,-0.070897,0.065385,-0.0012797,0.16084,0.027773,0,0.090775,0,-0.076857,0.0042451,-0.013148,0.080085,0.0047706,0.00034461,-0.10117,-0.56652,0.047593,0.1188,-0.56535,0.059928,-0.087276,-0.9855,0.095592,0.10461,-0.99201,0.099324
0.0023852,0.74505,-0.035791,-0.0087151,0.55307,0.01125,-0.19255,0.4455,0.0049627,0.18737,0.42716,0.00057502,-0.2864,0.16595,0.057468,0.29372,0.15739,0.069426,-0.37141,-0.036838,0.094791,0.41179,-0.026759,0.1114,-0.0012517,0.20722,0.026154,0,0.14022,0,-0.076258,0.056715,-0.010485,0.079964,0.051738,0.00019664,-0.10853,-0.47336,-0.016257,0.12531,-0.48542,0.0082052,-0.05735,-0.85392,0.17401,0.10103,-0.87459,0.15771
0.0052418,0.75782,-0.040308,0.00071922,0.5725,0.0071614,-0.19046,0.45788,0.0010885,0.18727,0.44216,-0.0031373,-0.29201,0.20956,0.06934,0.29314,0.19333,0.087248,-0.34688,0.00056849,0.12102,0.41414,0.018949,0.15043,0.00023686,0.22558,0.024989,0,0.15816,0,-0.080813,0.079643,-0.0082837,0.080164,0.069081,0.00024729,-0.11988,-0.34261,-0.060521,0.14118,-0.38742,-0.03443,-0.009511,-0.62475,0.18862,0.10676,-0.73478,0.20851
0.0071416,0.77649,-0.04902,0.0012866,0.57937,0.0035107,-0.19198,0.47616,0.0036299,0.18729,0.46073,0.0016853,-0.29239,0.21888,0.073806,0.29324,0.20616,0.098282,-0.35021,0.0094147,0.12142,0.4267,0.038764,0.1563,0.00036974,0.24852,0.023272,0,0.18467,0,-0.081202,0.10171,-0.009397,0.08013,0.09477,0.0018224,-0.10369,-0.32096,-0.068394,0.15868,-0.32028,-0.064465,-0.02568,-0.54805,0.1253,0.059065,-0.54468,0.17723
0.0075402,0.78297,-0.051898,0.0019575,0.58485,0.0032157,-0.19208,0.48384,0.0039536,0.18885,0.46713,0.0048216,-0.29243,0.23275,0.080969,0.2949,0.21442,0.10785,-0.37212,0.031686,0.1322,0.43296,0.050868,0.16612,0.00033012,0.25742,0.022527,0,0.19347,0,-0.081655,0.11017,-0.011427,0.080362,0.10365,0.0039229,-0.12761,-0.30144,-0.12305,0.16377,-0.30898,-0.072189,-0.016924,-0.43744,0.12491,0.03998,-0.45603,0.19171
0.008151,0.78416,-0.052058,0.0021403,0.58582,0.003031,-0.19059,0.48722,0.0047581,0.1899,0.46882,0.0073908,-0.2928,0.24125,0.090766,0.29554,0.22045,0.11556,-0.39378,0.056463,0.15866,0.46144,0.082569,0.16873,0.00024441,0.25943,0.021687,0,0.1956,0,-0.081573,0.11274,-0.011198,0.080247,0.10601,0.0038265,-0.12973,-0.29855,-0.12259,0.16237,-0.30661,-0.073354,-0.023076,-0.44597,0.12103,0.045251,-0.45353,0.18325
0.0091343,0.78327,-0.053778,0.0034774,0.58717,0.0040827,-0.18928,0.48755,0.0049855,0.18994,0.4687,0.0068575,-0.29388,0.24274,0.095309,0.2961,0.22175,0.11562,-0.41917,0.0686,0.1523,0.48055,0.10207,0.1581,0.00040877,0.25948,0.021177,0,0.19552,0,-0.081584,0.11286,-0.011479,0.080032,0.10597,0.0040172,-0.12448,-0.29911,-0.12199,0.16311,-0.30612,-0.074523,-0.005622,-0.42302,0.13468,0.11007,-0.58031,0.24005
0.0083987,0.78087,-0.05504,0.0021086,0.58517,0.003181,-0.18912,0.48291,0.0047412,0.18957,0.46641,0.0058982,-0.30273,0.23014,0.1004,0.30083,0.21727,0.11669,-0.46974,0.086006,0.13539,0.49348,0.10702,0.14507,0.00016297,0.25412,0.020369,0,0.18898,0,-0.081256,0.10683,-0.011012,0.08004,0.099437,0.0036954,-0.11097,-0.31339,-0.082935,0.14688,-0.33038,-0.070115,-0.015248,-0.58715,0.19921,0.13102,-0.63064,0.22587
0.0073976,0.76143,-0.063016,-0.0021678,0.57129,0.00092758,-0.18886,0.46259,-0.00072895,0.19007,0.44536,0.0027986,-0.31153,0.21878,0.091498,0.30674,0.20401,0.10735,-0.4879,0.080769,0.10786,0.52911,0.10097,0.10051,-0.00081973,0.22613,0.019244,0,0.15748,0,-0.079147,0.074443,-0.010642,0.080081,0.06914,0.0039546,-0.10919,-0.39648,-0.073587,0.13737,-0.41845,-0.049201,-0.056597,-0.75294,0.15433,0.13219,-0.78063,0.17601
0.00027906,0.72201,-0.061108,-0.0020996,0.53379,0.0033756,-0.1933,0.42654,-0.00145,0.18756,0.41223,0.0044681,-0.33484,0.18971,0.0759,0.31186,0.16784,0.093108,-0.53308,0.067916,0.053775,0.53861,0.080447,0.045992,-0.00065132,0.1845,0.019284,0,0.11616,0,-0.07821,0.031794,-0.010312,0.07908,0.027746,0.0031333,-0.11303,-0.4908,-0.059503,0.13205,-0.51603,-0.027838,-0.055724,-0.8671,0.096423,0.12184,-0.89754,0.12296
0.0014135,0.67815,-0.056061,-0.0071439,0.48549,0.010771,-0.19387,0.38099,0.0048008,0.18754,0.36484,0.0089689,-0.35724,0.13687,0.062862,0.31377,0.13154,0.071146,-0.55374,0.041564,-0.0091328,0.54878,0.052375,0.0021809,-0.0014857,0.13226,0.020758,0,0.063224,0,-0.077394,-0.020601,-0.012252,0.080318,-0.025057,0.0022266,-0.10543,-0.56878,-0.039767,0.13217,-0.58765,-0.0076173,-0.074835,-0.96684,0.065484,0.11291,-1.0017,0.062887
-0.0018805,0.6185,-0.038651,-0.0017954,0.42247,0.011285,-0.2019,0.30754,0.010638,0.19084,0.30128,0.025092,-0.35627,0.082551,0.041152,0.30973,0.076035,0.065638,-0.55328,0.00042358,-0.046983,0.54351,0.0024428,-0.049415,-0.0011323,0.072726,0.021142,0,0.0043672,0,-0.080145,-0.083108,-0.013676,0.080906,-0.085469,0.0030598,-0.10214,-0.62147,-0.011505,0.12308,-0.60441,0.00087197,-0.09826,-0.99456,0.03842,0.10451,-0.99311,0.042273
-0.0046131,0.54939,-0.018542,-0.0086517,0.35065,0.016476,-0.19943,0.23497,0.017216,0.18635,0.22802,0.03017,-0.37213,0.018766,0.037772,0.31673,-0.0005633,0.058169,-0.55594,-0.04573,-0.090641,0.52186,-0.060683,-0.071177,-0.0022398,0.0056348,0.022797,0,-0.061336,0,-0.078815,-0.14763,-0.012714,0.082461,-0.14864,-2.2842e-05,-0.097562,-0.63666,-0.0085081,0.10344,-0.63982,-0.0052666,-0.09838,-0.97662,0.037062,0.065503,-1.0204,0.091477
-0.011495,0.48843,-0.016908,-0.0065919,0.29021,0.022302,-0.19766,0.17352,0.0234,0.18566,0.16588,0.033868,-0.35656,-0.041725,0.01552,0.31775,-0.063775,0.048045,-0.54533,-0.10337,-0.1219,0.51946,-0.11322,-0.094514,-0.0018005,-0.051361,0.025052,0,-0.1171,0,-0.078438,-0.20123,-0.01276,0.081223,-0.20509,-0.0024739,-0.088964,-0.65559,-0.025361,0.10924,-0.64284,-0.022184,-0.049933,-1.0278,0.067198,0.07462,-1.0253,0.081896
-0.0075481,0.46535,-0.018173,-0.0073975,0.25888,0.016885,-0.19346,0.1451,0.0047928,0.18058,0.14056,0.023282,-0.35653,-0.067163,0.012568,0.30474,-0.07921,0.0412,-0.52486,-0.14095,-0.13277,0.51018,-0.13775,-0.10215,-0.0024891,-0.084932,0.024746,0,-0.15153,0,-0.076824,-0.23339,-0.014539,0.079669,-0.23531,0.0013596,-0.089289,-0.66531,-0.042093,0.11099,-0.65836,-0.041077,-0.050391,-1.0239,0.052913,0.07745,-1.0272,0.060399
-0.0087177,0.45993,-0.018578,-0.0077327,0.25604,0.012734,-0.19385,0.14323,-0.001299,0.17874,0.13672,0.016949,-0.34069,-0.077389,0.01718,0.30364,-0.091299,0.03958,-0.51976,-0.14985,-0.13177,0.50106,-0.15318,-0.10793,-0.0025913,-0.087501,0.023957,0,-0.15443,0,-0.075959,-0.23738,-0.01197,0.079338,-0.23847,0.0025027,-0.09385,-0.66867,-0.047527,0.1114,-0.66096,-0.045688,-0.051263,-1.024,0.048691,0.084939,-1.0208,0.048629
-0.0047362,0.47332,-0.020727,-0.0042004,0.27421,0.0022832,-0.19312,0.1535,-0.0072627,0.18025,0.14168,0.0094873,-0.33941,-0.052441,0.010606,0.30802,-0.086921,0.031965,-0.5011,-0.17094,-0.10932,0.49837,-0.15888,-0.11408,-0.0018841,-0.072021,0.021597,0,-0.13958,0,-0.077553,-0.22148,-0.00983,0.079407,-0.22596,0.003612,-0.10364,-0.66636,-0.035221,0.11549,-0.64955,-0.037103,-0.054267,-1.0191,0.048638,0.08833,-1.0187,0.046876
0.0072707,0.54292,-0.0099412,-0.0041634,0.3449,0.0064583,-0.19021,0.22947,-0.011039,0.18266,0.21555,0.0029476,-0.35111,0.0070851,-0.0052864,0.31308,-0.020198,0.029036,-0.4982,-0.17409,-0.10336,0.49649,-0.16001,-0.11427,-0.0016256,-0.0073978,0.021976,0,-0.076483,0,-0.07733,-0.1595,-0.010062,0.078992,-0.16164,0.0019992,-0.10237,-0.64542,0.017658,0.11533,-0.63544,0.0087574,-0.071008,-1.0168,0.08071,0.093649,-1.0153,0.055944
0.0025097,0.6051,-0.023113,-0.0042869,0.41939,0.014037,-0.19211,0.2993,-0.0012643,0.18611,0.28623,0.018411,-0.34501,0.04939,-0.0074703,0.30654,0.050184,0.028454,-0.47254,-0.16055,-0.060661,0.46216,-0.14684,-0.074703,-0.0020204,0.059327,0.023602,0,-0.010806,0,-0.077251,-0.094763,-0.01258,0.078951,-0.097425,0.0015622,-0.093938,-0.63014,0.054106,0.10627,-0.64525,0.062274,-0.081693,-1.0199,0.086131,0.094465,-1.0189,0.057969
0.010699,0.66978,-0.027075,-0.0031313,0.48195,0.016656,-0.19187,0.36924,-0.00013308,0.19067,0.35689,0.017149,-0.31973,0.11387,0.016586,0.31472,0.081752,0.036416,-0.42396,-0.096951,-0.014699,0.44282,-0.10253,-0.019305,-0.0016936,0.12124,0.02466,0,0.051203,0,-0.077085,-0.032878,-0.014054,0.07834,-0.037336,0.0018691,-0.089165,-0.60163,0.057158,0.11179,-0.60633,0.065403,-0.081146,-1.0092,0.077978,0.10396,-1.0162,0.054658
0.013026,0.72116,-0.039602,-0.0013919,0.5356,0.0075627,-0.18567,0.42294,-0.007376,0.18675,0.40963,0.00014102,-0.30401,0.15788,0.031625,0.3031,0.13579,0.04444,-0.39602,-0.06268,0.020235,0.43912,-0.067578,0.030062,-0.00076734,0.17381,0.022852,0,0.1029,0,-0.076196,0.019276,-0.011896,0.076737,0.018191,0.0036041,-0.10145,-0.55226,0.034756,0.12334,-0.5414,0.038444,-0.092256,-0.96101,0.064797,0.10853,-0.91915,0.063849
0.018715,0.74962,-0.043454,0.0049514,0.57071,0.00070611,-0.18472,0.44553,-0.018648,0.18897,0.43173,-0.0048355,-0.29628,0.16963,0.025646,0.29981,0.16146,0.051023,-0.37705,-0.039227,0.043722,0.43136,-0.023485,0.092221,8.0046e-05,0.22007,0.020559,0,0.15123,0,-0.081591,0.068662,-0.0098101,0.079285,0.063963,0.0040112,-0.11191,-0.47411,-0.016734,0.12526,-0.44607,-0.020646,-0.079021,-0.86634,0.13212,0.12116,-0.83751,0.11024
0.014563,0.77563,-0.047702,0.0055461,0.58239,-0.0038831,-0.18974,0.46672,-0.012168,0.18832,0.44989,-0.0098617,-0.28521,0.21107,0.039891,0.2998,0.18546,0.069549,-0.36555,-0.0099723,0.050092,0.42892,-0.0094541,0.11439,0.00081893,0.2349,0.018492,0,0.16609,0,-0.081735,0.084078,-0.0071555,0.079451,0.077832,0.003324,-0.12804,-0.35851,-0.061784,0.13121,-0.37551,-0.045474,-0.026938,-0.70562,0.16487,0.11683,-0.73666,0.15308
0.020746,0.79182,-0.047625,0.0074736,0.59779,-0.0022852,-0.18788,0.48544,-0.012113,0.191,0.46718,-0.0042138,-0.28662,0.218,0.040173,0.2983,0.203,0.080149,-0.36689,0.0093078,0.060959,0.43397,0.026328,0.13593,0.00082658,0.258,0.017862,0,0.19094,0,-0.082494,0.10945,-0.010237,0.079838,0.10035,0.0045892,-0.13229,-0.30826,-0.085329,0.1429,-0.31589,-0.06824,-0.0039734,-0.53906,0.15741,0.08575,-0.612,0.16811
0.022857,0.80566,-0.041959,0.007951,0.60387,-0.0023348,-0.18658,0.48988,-0.010708,0.19458,0.47288,0.0022882,-0.28726,0.22643,0.047134,0.29547,0.21144,0.093308,-0.37508,0.020448,0.066021,0.4417,0.035443,0.14096,0.00062041,0.26559,0.016876,0,0.19865,0,-0.082615,0.11634,-0.010771,0.079952,0.10728,0.0053281,-0.07748,-0.30597,0.02335,0.14452,-0.30846,-0.0689,0.015973,-0.5328,0.21173,0.099638,-0.59713,0.21395
0.022217,0.80778,-0.038697,0.0080733,0.60489,-0.00055814,-0.18632,0.49191,-0.0097227,0.19608,0.47564,0.00983,-0.29385,0.23265,0.056211,0.29255,0.21794,0.10326,-0.41188,0.045438,0.089805,0.45684,0.074102,0.15387,0.00035564,0.26775,0.016411,0,0.20125,0,-0.082816,0.11898,-0.011975,0.079906,0.10964,0.0058436,-0.087017,-0.30332,0.021633,0.14223,-0.30612,-0.070009,0.015046,-0.49418,0.23898,0.097325,-0.61235,0.21801
0.022316,0.80943,-0.028677,0.0091165,0.60636,0.0058416,-0.18591,0.4918,-0.0082866,0.19461,0.47643,0.012217,-0.29609,0.23868,0.061616,0.29064,0.21843,0.10728,-0.4484,0.072592,0.069081,0.46351,0.082803,0.14791,0.00032952,0.26729,0.016677,0,0.20102,0,-0.082763,0.11905,-0.012295,0.079725,0.10943,0.0057234,-0.15395,-0.29519,-0.088226,0.12812,-0.32877,-0.058568,-0.028198,-0.55119,0.22203,0.092593,-0.65595,0.20903
0.019671,0.80688,-0.024596,0.0048765,0.60186,0.01516,-0.18435,0.48858,-0.0063769,0.19392,0.47012,0.01395,-0.30401,0.23314,0.061487,0.29114,0.21727,0.10724,-0.47595,0.086169,0.056883,0.47979,0.098238,0.13209,-0.00019565,0.26036,0.018976,0,0.19353,0,-0.081695,0.11435,-0.015293,0.079547,0.10139,0.0057373,-0.15054,-0.30085,-0.086889,0.11676,-0.39869,-0.034854,-0.04735,-0.59374,0.20034,0.093863,-0.77336,0.17109
0.016926,0.78001,-0.0090752,0.00019147,0.58762,0.021403,-0.1831,0.46417,-0.00091169,0.19371,0.45567,0.018292,-0.31516,0.22097,0.05152,0.29633,0.20709,0.10235,-0.50062,0.093304,0.014086,0.4951,0.09943,0.10111,-0.0013663,0.22822,0.022677,0,0.15732,0,-0.078721,0.07713,-0.021812,0.079645,0.066411,0.006359,-0.13221,-0.40048,-0.054464,0.111,-0.4704,-0.020835,-0.084607,-0.74353,0.1929,0.084239,-0.86273,0.15362
0.011332,0.73461,-0.0035127,0.0010159,0.5345,0.031334,-0.19211,0.41623,0.0079579,0.19271,0.40209,0.027338,-0.33937,0.191,0.036754,0.31024,0.16101,0.09615,-0.53645,0.11125,-0.054862,0.54591,0.082573,0.049948,-0.001131,0.17523,0.026402,0,0.1064,0,-0.079251,0.026486,-0.020482,0.078838,0.012358,0.002165,-0.13635,-0.49863,-0.039967,0.09396,-0.56172,0.0052934,-0.1091,-0.86853,0.1507,0.067542,-0.94447,0.12866
0.012399,0.68834,0.012432,-0.0013894,0.49101,0.037558,-0.1855,0.37223,0.0080761,0.194,0.36262,0.03698,-0.34828,0.14876,0.014745,0.32058,0.1213,0.085996,-0.55272,0.10851,-0.087608,0.54711,0.049713,0.0037133,-0.0023734,0.12285,0.030059,0,0.053521,0,-0.078071,-0.028667,-0.022977,0.07875,-0.034754,0.0026665,-0.13226,-0.58447,-0.015995,0.097707,-0.58612,0.0065735,-0.11277,-0.96087,0.1028,0.041556,-1.0047,0.10411
0.013805,0.62406,0.019778,0.0017933,0.4227,0.043301,-0.188,0.29863,0.014452,0.19014,0.29097,0.041709,-0.35791,0.095133,0.0076282,0.31936,0.054826,0.074772,-0.54793,0.082045,-0.12856,0.54379,-0.0038328,-0.025561,-0.0018622,0.063681,0.033313,0,-0.003493,0,-0.078512,-0.087211,-0.02311,0.077795,-0.09028,0.00028701,-0.12338,-0.63843,-0.0046468,0.094044,-0.61047,0.01078,-0.13121,-1.0232,0.078455,0.043414,-1.0014,0.080747
-0.0020064,0.54926,0.019466,-0.0023872,0.35036,0.046688,-0.18971,0.23285,0.021247,0.18458,0.21707,0.044616,-0.35387,0.028478,0.0022911,0.3162,-0.011382,0.060723,-0.53764,0.030774,-0.14373,0.534,-0.067704,-0.06163,-0.0025224,-0.0044023,0.03599,0,-0.069989,0,-0.078447,-0.15241,-0.025098,0.079406,-0.15649,0.00081238,-0.12351,-0.64126,-0.006789,0.083157,-0.62585,0.0028622,-0.12815,-1.0167,0.072511,0.036475,-1.0057,0.084323
0.00091159,0.49799,0.020034,0.00049557,0.28874,0.039587,-0.18591,0.16358,0.010626,0.18236,0.1558,0.045947,-0.35101,-0.024082,-0.0050123,0.30721,-0.073261,0.045421,-0.51904,-0.039737,-0.16972,0.5086,-0.1245,-0.077444,-0.0031646,-0.061567,0.036723,0,-0.12656,0,-0.078515,-0.20775,-0.024948,0.078315,-0.21228,0.0035117,-0.11861,-0.66437,-0.0388,0.087323,-0.63705,-0.012303,-0.11299,-1.0116,0.049391,0.030414,-0.9941,0.052581
0.0088892,0.47161,0.014122,-0.0021033,0.26294,0.030421,-0.18597,0.15551,0.0074177,0.18592,0.13711,0.038312,-0.3517,-0.044837,-0.013905,0.30649,-0.084975,0.039715,-0.51244,-0.097146,-0.19574,0.50408,-0.16359,-0.097244,-0.0032494,-0.075277,0.03671,0,-0.13921,0,-0.078212,-0.22211,-0.023249,0.078491,-0.22825,0.0059617,-0.11877,-0.66504,-0.046589,0.092334,-0.65257,-0.022311,-0.11032,-1.0102,0.038867,0.026453,-0.9928,0.040688
0.0082042,0.47124,0.010968,-0.0017626,0.26288,0.027697,-0.18468,0.15123,0.00035057,0.18722,0.13461,0.034886,-0.35094,-0.046292,-0.016174,0.30566,-0.087053,0.037532,-0.49656,-0.13741,-0.1774,0.49091,-0.17444,-0.1001,-0.0034757,-0.078346,0.036556,0,-0.14344,0,-0.078713,-0.22698,-0.020943,0.078476,-0.23109,0.0048921,-0.1208,-0.6664,-0.049223,0.091864,-0.65528,-0.025395,-0.11117,-1.0103,0.036558,0.026578,-0.99261,0.038191
0.012967,0.49606,0.011971,0.012194,0.30964,0.022303,-0.18116,0.17611,-0.0039993,0.18633,0.16281,0.027676,-0.34717,-0.030073,-0.017107,0.29731,-0.078566,0.030884,-0.48976,-0.14578,-0.16701,0.48474,-0.17654,-0.10215,-0.0018098,-0.056808,0.036186,0,-0.12516,0,-0.079898,-0.20602,-0.021183,0.077723,-0.21002,0.0070284,-0.13283,-0.65814,-0.033525,0.089747,-0.64024,-0.017082,-0.11197,-1.0117,0.048724,0.033252,-1.0051,0.088845
0.018069,0.56525,0.014293,0.0071719,0.37009,0.031355,-0.1819,0.25404,-0.0024858,0.18583,0.23795,0.021351,-0.34749,0.023436,-0.02074,0.30099,-0.016007,0.034807,-0.47487,-0.16415,-0.12522,0.47312,-0.17147,-0.089934,-0.0012985,0.011181,0.038359,0,-0.056087,0,-0.080302,-0.1372,-0.016883,0.077516,-0.14052,-0.00063759,-0.12729,-0.64499,0.026247,0.08398,-0.61421,0.041371,-0.13535,-1.0169,0.07364,0.03631,-0.99386,0.088519
0.01303,0.62826,-0.01479,0.0069017,0.43438,0.021871,-0.18459,0.31078,-0.0036815,0.19237,0.30528,0.012606,-0.33197,0.073037,-0.026285,0.30588,0.053486,0.033429,-0.43902,-0.12294,-0.077544,0.4359,-0.12979,-0.057231,-0.0004481,0.070833,0.036846,0,0.0016483,0,-0.07966,-0.080912,-0.015673,0.076949,-0.08578,0.0016814,-0.12626,-0.62987,0.047189,0.077348,-0.62916,0.083463,-0.13997,-1.0155,0.070936,0.040679,-1.0177,0.11101
0.013391,0.68888,-0.025101,0.00060422,0.4993,0.010566,-0.18308,0.38113,-0.013489,0.189,0.36831,0.0075905,-0.3132,0.11531,-0.015884,0.29406,0.10044,0.044016,-0.40809,-0.088536,-0.061122,0.42884,-0.099676,-0.025973,-0.0019415,0.13644,0.033818,0,0.066213,0,-0.078131,-0.015658,-0.016116,0.077895,-0.02081,0.0066341,-0.12679,-0.58536,0.028202,0.085211,-0.58059,0.077677,-0.14566,-0.96457,0.07697,0.054919,-0.96763,0.10626
0.017571,0.734,-0.0427,0.0035384,0.532,-0.0047769,-0.18371,0.41609,-0.028133,0.18611,0.41638,-0.013228,-0.29427,0.14889,-0.0094109,0.293,0.13969,0.036801,-0.38069,-0.059598,-0.042477,0.42128,-0.059822,0.014805,-0.0007076,0.17446,0.02854,0,0.10435,0,-0.078272,0.030783,-0.0094188,0.076888,0.013627,0.007227,-0.12629,-0.49958,-0.022253,0.095619,-0.55889,0.04098,-0.11974,-0.87651,0.12585,0.060586,-0.97378,0.12155
0.021064,0.75547,-0.057253,0.0019075,0.55819,-0.015232,-0.17963,0.45506,-0.030513,0.19078,0.42678,-0.012482,-0.28371,0.17179,-0.0059915,0.29689,0.15089,0.041687,-0.36058,-0.041314,-0.017038,0.42784,-0.031034,0.060847,-0.0011841,0.22352,0.023382,0,0.15533,0,-0.081456,0.072969,-0.0062954,0.081155,0.065202,0.0071624,-0.12183,-0.37458,-0.068351,0.11855,-0.42948,-0.025702,-0.062372,-0.72572,0.16651,0.077497,-0.79859,0.14245
0.020447,0.76358,-0.074528,0.0021362,0.56796,-0.019183,-0.18048,0.45859,-0.033552,0.19666,0.45244,-0.012599,-0.27699,0.18777,0.006938,0.29903,0.17917,0.054397,-0.35591,-0.024539,-0.013397,0.43197,-0.015479,0.074217,-0.0012126,0.23279,0.019821,0,0.1652,0,-0.081625,0.084887,-0.004908,0.081138,0.075286,0.0079291,-0.12573,-0.32728,-0.11128,0.13065,-0.34392,-0.052991,-0.015883,-0.54962,0.18289,0.087025,-0.69094,0.19042
0.02106,0.76634,-0.079088,0.0047897,0.57603,-0.023842,-0.18055,0.46649,-0.033746,0.19554,0.45454,-0.013538,-0.27639,0.20827,0.013995,0.29919,0.19261,0.064375,-0.36676,0.0019099,0.024866,0.44345,0.0019181,0.089207,-0.0005659,0.24267,0.016562,0,0.1755,0,-0.082306,0.094517,-0.0037173,0.08046,0.08663,0.0084465,-0.068632,-0.32934,-0.039492,0.14795,-0.32483,-0.085727,-0.00071517,-0.51148,0.19613,0.084513,-0.52155,0.11407
0.021896,0.76892,-0.082784,0.0095154,0.58172,-0.026764,-0.17925,0.47106,-0.032563,0.19506,0.45742,-0.011694,-0.2789,0.21576,0.021697,0.29847,0.19925,0.073367,-0.37628,0.012703,0.033563,0.44538,0.029317,0.089831,0.00020525,0.24881,0.013889,0,0.18156,0,-0.083226,0.10069,-0.0041672,0.079883,0.093075,0.0096522,-0.066704,-0.32319,-0.035333,0.14934,-0.31748,-0.086982,0.019893,-0.48346,0.26414,0.093134,-0.58392,0.23429
0.020004,0.76785,-0.085307,0.0084049,0.58067,-0.027991,-0.1795,0.47197,-0.033694,0.19347,0.45942,-0.010473,-0.28635,0.22496,0.03687,0.29479,0.20234,0.077878,-0.39795,0.028611,0.042549,0.4665,0.046982,0.10299,-3.761e-05,0.25017,0.011557,0,0.18345,0,-0.081864,0.10249,-0.0048564,0.079214,0.0957,0.010878,-0.024246,-0.31663,0.016045,0.14628,-0.31474,-0.087843,0.02233,-0.50346,0.25305,0.088084,-0.58412,0.23084
0.019869,0.76586,-0.086673,0.0098785,0.57734,-0.030154,-0.17821,0.4725,-0.034257,0.19375,0.45567,-0.0099829,-0.29096,0.22415,0.038682,0.29629,0.20412,0.083287,-0.43433,0.048967,0.037205,0.47659,0.053233,0.095874,0.00033608,0.24697,0.0093443,0,0.18017,0,-0.082409,0.099926,-0.0044274,0.078626,0.092712,0.011228,-0.11028,-0.31443,-0.10552,0.15532,-0.31716,-0.081354,-0.0076506,-0.61248,0.17755,0.096964,-0.59328,0.20734
0.014639,0.75779,-0.085876,0.0061855,0.56454,-0.030578,-0.18247,0.46306,-0.033849,0.18676,0.45052,-0.0090176,-0.30576,0.21422,0.044807,0.28699,0.2006,0.088194,-0.47266,0.060873,0.024729,0.47543,0.056204,0.086967,-0.00011377,0.23011,0.0075219,0,0.16241,0,-0.081577,0.080803,-0.0042923,0.07845,0.077008,0.011658,-0.11768,-0.35046,-0.084462,0.14145,-0.36352,-0.055988,-0.015919,-0.69471,0.14684,0.14618,-0.71311,0.18784
0.010099,0.7393,-0.086037,0.0014104,0.54157,-0.027918,-0.18394,0.42855,-0.03847,0.18619,0.42579,-0.010807,-0.31705,0.19876,0.033784,0.29118,0.16097,0.076092,-0.49336,0.056503,0.010036,0.50148,0.03312,0.028778,-0.00089892,0.19657,0.0065328,0,0.12677,0,-0.081056,0.044547,-0.0048623,0.080219,0.039484,0.010342,-0.11217,-0.44997,-0.062192,0.12955,-0.44803,-0.036532,-0.048238,-0.83697,0.10255,0.13912,-0.83658,0.12579
0.0072088,0.69903,-0.08416,0.0056516,0.50364,-0.033808,-0.18513,0.39514,-0.040347,0.19134,0.38227,-0.0032426,-0.32466,0.14934,0.0088339,0.29202,0.13455,0.071517,-0.50706,0.025723,-0.058605,0.51694,0.0010411,-0.014084,-6.9777e-05,0.14526,0.003908,0,0.073761,0,-0.080543,-0.011133,-0.0055069,0.077809,-0.011643,0.013843,-0.098767,-0.5621,-0.028795,0.13525,-0.5552,-0.010279,-0.058075,-0.96832,0.053399,0.13982,-0.94625,0.082609
0.007686,0.64402,-0.0736,-0.0026853,0.44679,-0.031687,-0.18536,0.33256,-0.03999,0.18948,0.32541,0.0040669,-0.32584,0.11596,-0.0073035,0.2954,0.079914,0.060504,-0.52285,-0.0042711,-0.10202,0.514,-0.03238,-0.050433,-0.0017554,0.090719,0.0031204,0,0.01895,0,-0.07708,-0.064087,-0.0036408,0.078143,-0.067308,0.01074,-0.091329,-0.6199,-0.01019,0.12811,-0.62042,0.0082469,-0.059585,-0.99009,0.057932,0.13404,-1.0217,0.052089
0.0091321,0.57958,-0.045989,0.00011513,0.37947,-0.021233,-0.18331,0.26515,-0.030519,0.18833,0.26175,0.012045,-0.31839,0.048934,-0.018344,0.30544,0.012515,0.05582,-0.50363,-0.038532,-0.12941,0.50666,-0.085425,-0.077756,-0.0011349,0.028683,0.003753,0,-0.04169,0,-0.079582,-0.12339,-0.0072657,0.079536,-0.12817,0.010256,-0.087462,-0.62375,0.0042754,0.12285,-0.62982,0.0192,-0.055064,-0.9968,0.085878,0.12748,-1.0216,0.06163
0.0029869,0.51378,-0.031736,-0.0055881,0.30902,-0.0012325,-0.18792,0.18585,-0.021117,0.18632,0.18953,0.025317,-0.32561,-0.017549,-0.018201,0.28983,-0.052221,0.048476,-0.5124,-0.090888,-0.17345,0.49714,-0.13702,-0.10532,-0.0022073,-0.035964,0.0073054,0,-0.10457,0,-0.079005,-0.18889,-0.013297,0.081298,-0.18999,0.0081635,-0.090471,-0.64254,0.0039427,0.11413,-0.64282,0.0070363,-0.055725,-1.0022,0.094356,0.10831,-1.0194,0.071869
-0.004002,0.46405,-0.023369,-0.0051163,0.26501,0.0019714,-0.19068,0.14623,-0.025005,0.18389,0.14715,0.029877,-0.32857,-0.063035,-0.028119,0.28545,-0.093476,0.048106,-0.48695,-0.13442,-0.18763,0.48626,-0.16116,-0.10616,-0.0024373,-0.073971,0.0082916,0,-0.14132,0,-0.077735,-0.22707,-0.013668,0.080068,-0.22548,0.0072399,-0.084564,-0.65486,-0.016658,0.10948,-0.65273,-0.030931,-0.013956,-1.0049,0.059515,0.087537,-1.0141,0.056164
-0.0088754,0.45478,-0.023046,-0.0085999,0.25202,-0.001734,-0.19288,0.13284,-0.028009,0.17948,0.1361,0.025206,-0.3291,-0.075864,-0.033056,0.28313,-0.10295,0.043865,-0.48393,-0.15002,-0.19497,0.48005,-0.17929,-0.11564,-0.0030636,-0.090554,0.0077424,0,-0.15885,0,-0.077424,-0.24352,-0.012052,0.08094,-0.24154,0.0072796,-0.084566,-0.66767,-0.029604,0.11101,-0.66346,-0.038851,-0.016082,-1.0023,0.052663,0.088583,-1.0043,0.036871
-0.0078665,0.45527,-0.023072,-0.0091135,0.25456,-0.0085558,-0.19257,0.13459,-0.029643,0.1798,0.13651,0.023792,-0.32123,-0.07457,-0.023511,0.27957,-0.10437,0.044609,-0.46853,-0.16072,-0.18659,0.48014,-0.17994,-0.11305,-0.0029749,-0.089828,0.0067731,0,-0.15846,0,-0.077456,-0.24311,-0.011329,0.081219,-0.24115,0.0072657,-0.087615,-0.66997,-0.028277,0.11122,-0.66308,-0.038047,-0.036502,-1.0156,0.079806,0.091757,-1.01,0.042236
-0.0021426,0.49315,-0.024072,-0.0051499,0.29321,-0.0084515,-0.18514,0.17447,-0.028641,0.18122,0.16977,0.018317,-0.32531,-0.053039,-0.037428,0.27802,-0.054767,0.054147,-0.46957,-0.17007,-0.18121,0.48373,-0.17474,-0.10282,-0.0021787,-0.057465,0.0057552,0,-0.12742,0,-0.078461,-0.20601,-0.011245,0.080543,-0.21331,0.0084465,-0.096106,-0.66297,-0.0034759,0.11565,-0.65246,-0.011267,-0.032934,-1.0143,0.088656,0.091013,-1.0141,0.069178
0.001665,0.56242,-0.021449,-0.0057584,0.36637,0.0071128,-0.18782,0.25031,-0.022418,0.18447,0.24236,0.019742,-0.31892,0.018576,-0.03031,0.30398,0.010827,0.05907,-0.45426,-0.15868,-0.14289,0.48759,-0.15689,-0.081171,-0.0022105,0.012887,0.0093265,0,-0.057142,0,-0.078435,-0.1408,-0.013023,0.080724,-0.14187,0.0047313,-0.090114,-0.62185,0.056734,0.10471,-0.63337,0.04386,-0.04082,-1.0217,0.14785,0.11447,-1.0149,0.09892
0.0099971,0.63292,-0.025806,-0.0058742,0.43532,0.016272,-0.18967,0.32455,-0.01386,0.18022,0.31885,0.030869,-0.32385,0.083287,-0.02087,0.29731,0.080031,0.054046,-0.43979,-0.11379,-0.075478,0.4792,-0.10059,-0.024932,-0.0025407,0.079105,0.012709,0,0.0089679,0,-0.076847,-0.07305,-0.013823,0.079146,-0.075889,0.0020756,-0.082128,-0.61619,0.090876,0.1102,-0.62756,0.071601,-0.046834,-1.0143,0.15646,0.11545,-1.0163,0.10763
0.012045,0.69269,-0.039027,0.0017047,0.50221,0.013119,-0.18905,0.39497,-0.010079,0.18539,0.3796,0.025065,-0.31582,0.13376,-0.0061137,0.30316,0.11616,0.06459,-0.42546,-0.062684,-0.048592,0.47511,-0.062887,0.00044989,-0.0010869,0.13876,0.013613,0,0.067119,0,-0.078,-0.016628,-0.014655,0.077335,-0.018733,0.004184,-0.084309,-0.57839,0.089377,0.11462,-0.58482,0.07785,-0.065978,-0.95865,0.12241,0.1229,-0.99908,0.097014
0.012462,0.74196,-0.038496,0.0027354,0.55816,0.0055466,-0.18297,0.44675,-0.014974,0.18978,0.42728,0.014118,-0.30646,0.18594,0.017297,0.30214,0.16728,0.079101,-0.41165,-0.014728,-0.0070701,0.46935,-0.011245,0.040943,-0.00072925,0.19384,0.012878,0,0.12175,0,-0.077316,0.03821,-0.010789,0.076259,0.03674,0.0033389,-0.094908,-0.52822,0.067519,0.12514,-0.53104,0.059313,-0.064318,-0.95353,0.14268,0.14137,-0.9374,0.12497
0.014304,0.76488,-0.04139,0.0051308,0.5848,-0.0014033,-0.1798,0.47445,-0.012668,0.18819,0.45747,0.0069271,-0.30528,0.21638,0.03063,0.30427,0.19307,0.083947,-0.40861,0.010368,0.020802,0.48355,0.0099683,0.073948,0.00012793,0.23222,0.01133,0,0.1627,0,-0.080521,0.085786,-0.0047601,0.07813,0.077335,0.00096929,-0.11655,-0.44514,0.0057005,0.13305,-0.44182,0.0034551,-0.064667,-0.8289,0.18696,0.12926,-0.82116,0.1546
0.024578,0.78187,-0.050462,0.0077945,0.6013,-0.00026516,-0.17568,0.48623,-0.016762,0.19333,0.4629,0.0064911,-0.30541,0.24127,0.037091,0.30644,0.20845,0.08893,-0.41271,0.04204,0.039781,0.48806,0.048817,0.080731,0.0003808,0.2532,0.011546,0,0.18404,0,-0.080702,0.10511,-0.0069797,0.078221,0.094503,0.0018512,-0.12484,-0.33214,-0.035391,0.14064,-0.35701,-0.027928,-0.024695,-0.65565,0.22245,0.094597,-0.70185,0.21854
0.02896,0.78684,-0.048969,0.0094133,0.60811,0.0011421,-0.176,0.50427,-0.013092,0.19377,0.47703,0.011731,-0.3038,0.25004,0.041756,0.3015,0.227,0.095399,-0.41888,0.055325,0.04607,0.49535,0.064495,0.08224,0.00060863,0.26721,0.011875,0,0.19996,0,-0.081014,0.1209,-0.010538,0.077558,0.11214,0.0047074,-0.13557,-0.29804,-0.062981,0.14346,-0.30351,-0.062707,-0.033708,-0.53492,0.11126,0.065035,-0.6059,0.22372
0.032261,0.79313,-0.049434,0.012112,0.6105,0.0012444,-0.17511,0.50671,-0.010942,0.19602,0.47866,0.014184,-0.30248,0.25108,0.044188,0.30368,0.2275,0.096985,-0.43198,0.06541,0.046387,0.49296,0.079519,0.07468,0.0011344,0.27136,0.011915,0,0.20442,0,-0.082493,0.12537,-0.011473,0.077667,0.11554,0.0055943,-0.14956,-0.28839,-0.090094,0.15272,-0.29659,-0.074638,-0.18499,-0.60979,-0.16582,0.034761,-0.46065,0.22306
0.033992,0.79678,-0.048672,0.013807,0.61251,-0.00053331,-0.17377,0.50757,-0.0093145,0.19859,0.47876,0.016304,-0.3032,0.24941,0.045876,0.3058,0.22695,0.094305,-0.44875,0.075376,0.038241,0.50351,0.082175,0.044991,0.0013802,0.27292,0.011541,0,0.20575,0,-0.083637,0.12639,-0.011197,0.077813,0.11635,0.0057363,-0.15388,-0.28314,-0.10959,0.15417,-0.29493,-0.077544,-0.18599,-0.60273,-0.19788,0.022783,-0.40969,0.21205
0.035572,0.79596,-0.046784,0.014607,0.60758,-0.0019505,-0.17298,0.50397,-0.010723,0.20077,0.4784,0.018402,-0.30516,0.24712,0.041727,0.30333,0.22375,0.089016,-0.45705,0.081743,-0.0051911,0.50969,0.078525,0.03607,0.0013816,0.27063,0.011086,0,0.20373,0,-0.084143,0.12373,-0.011721,0.077591,0.11451,0.0062448,-0.14523,-0.28733,-0.10925,0.14835,-0.29618,-0.085271,-0.2525,-0.54898,-0.30028,0.047466,-0.48908,0.2254
0.036914,0.78902,-0.042466,0.01818,0.5958,-0.0026944,-0.17043,0.48779,-0.012632,0.20183,0.46491,0.012759,-0.30782,0.22682,0.023473,0.30413,0.21454,0.082913,-0.47218,0.067678,-0.02291,0.50488,0.053466,-0.0021799,0.0021635,0.25563,0.010595,0,0.1879,0,-0.083131,0.11057,-0.0091566,0.075532,0.09758,0.0047759,-0.13004,-0.30481,-0.092961,0.13635,-0.31536,-0.082638,-0.25461,-0.54952,-0.29721,0.077498,-0.61968,0.19478
0.03933,0.77192,-0.039376,0.01957,0.57093,-0.0040788,-0.17008,0.46422,-0.012168,0.20056,0.43893,0.0079679,-0.31199,0.20774,0.016278,0.30709,0.18405,0.064731,-0.46812,0.04874,-0.040926,0.50803,0.037977,-0.0037749,0.0025432,0.22304,0.0098687,0,0.1537,0,-0.08417,0.075194,-0.0098329,0.076388,0.064603,0.0064762,-0.13301,-0.38026,-0.087305,0.1185,-0.39847,-0.06853,-0.059471,-0.75218,0.11352,0.099977,-0.76881,0.1456
0.036489,0.72515,-0.035361,0.014735,0.52817,0.0039437,-0.17198,0.42439,-0.010994,0.19968,0.40568,0.010771,-0.32417,0.16182,-0.010752,0.30325,0.14631,0.058209,-0.47564,0.0030525,-0.082875,0.50375,-0.0062639,-0.030027,0.0015686,0.17385,0.011725,0,0.10394,0,-0.081177,0.023808,-0.010671,0.075426,0.016465,0.003613,-0.12819,-0.50658,-0.059071,0.11349,-0.49491,-0.044157,-0.10218,-0.87141,0.063026,0.098942,-0.89099,0.081076
0.03377,0.68311,-0.02503,0.013744,0.48507,0.012741,-0.17208,0.38001,-0.0061524,0.19947,0.35996,0.017648,-0.31949,0.1251,-0.011587,0.31135,0.095808,0.062783,-0.47808,-0.022355,-0.09371,0.50216,-0.055056,-0.060238,0.0012496,0.12147,0.014387,0,0.050435,0,-0.080762,-0.029435,-0.015853,0.075462,-0.038253,0.005484,-0.12508,-0.60111,-0.040787,0.10039,-0.58414,-0.025381,-0.11526,-0.97846,0.0069727,0.089374,-0.99843,0.027976
0.027315,0.61774,-0.021649,0.015068,0.42569,0.016309,-0.1765,0.30175,0.00019366,0.20034,0.29198,0.022356,-0.28807,0.060486,0.022188,0.30408,0.044358,0.065901,-0.46131,-0.062432,-0.11303,0.50254,-0.099835,-0.067463,0.0015101,0.059753,0.016459,0,-0.012113,0,-0.081416,-0.09374,-0.016091,0.075547,-0.101,0.0043876,-0.11931,-0.63103,-0.030574,0.091856,-0.63332,-0.0073531,-0.12997,-1.0186,0.014684,0.086096,-1.0062,0.036165
0.018942,0.54601,0.0033051,0.010664,0.34647,0.028755,-0.18525,0.22888,0.0090166,0.19273,0.21884,0.035714,-0.32249,-0.0017427,-0.0020071,0.30002,-0.03182,0.067637,-0.48202,-0.12925,-0.13045,0.50199,-0.13554,-0.06544,0.00038178,-0.008559,0.021046,0,-0.077315,0,-0.082361,-0.15965,-0.018973,0.078068,-0.16558,0.0018651,-0.11428,-0.64544,-0.025894,0.084134,-0.64579,-0.0079957,-0.12596,-1.0204,0.035152,0.028341,-1.0421,0.085402
0.017926,0.49784,0.015401,0.0032739,0.29041,0.036306,-0.18182,0.16809,0.015514,0.19371,0.15381,0.05163,-0.31548,-0.055792,0.0023736,0.29454,-0.082893,0.074151,-0.48503,-0.14739,-0.13196,0.49115,-0.17073,-0.07681,-0.0016895,-0.059245,0.02522,0,-0.12564,0,-0.080991,-0.20295,-0.021331,0.079685,-0.21608,0.0013675,-0.10753,-0.66213,-0.040671,0.084366,-0.664,-0.035418,-0.10136,-1.0195,0.034616,0.027216,-1.0336,0.072528
0.014194,0.48166,0.010696,0.0043851,0.27301,0.032207,-0.1801,0.16089,0.0098816,0.18829,0.14088,0.040322,-0.32312,-0.069483,-0.0024163,0.29402,-0.086072,0.072311,-0.48953,-0.15864,-0.14238,0.46642,-0.17855,-0.056747,-0.0014342,-0.075066,0.026967,0,-0.14161,0,-0.079526,-0.22025,-0.02007,0.078223,-0.22744,0.0016039,-0.10526,-0.66573,-0.049097,0.087751,-0.66625,-0.041103,-0.081911,-1.0188,0.02692,0.033714,-1.0306,0.057691
0.013848,0.47985,0.0090772,0.004418,0.27303,0.031118,-0.18036,0.15782,0.0058833,0.18809,0.14096,0.037142,-0.32649,-0.06839,-0.0052775,0.29526,-0.08812,0.066828,-0.49117,-0.16212,-0.14419,0.47009,-0.1784,-0.060287,-0.0016523,-0.075567,0.028632,0,-0.14213,0,-0.079734,-0.22148,-0.018828,0.078292,-0.22799,0.0016824,-0.10693,-0.66675,-0.049828,0.089369,-0.66772,-0.04215,-0.082102,-1.0189,0.026378,0.034993,-1.0304,0.057124
0.015687,0.49998,0.0037481,0.0012924,0.31284,0.018169,-0.17873,0.18813,-0.0075865,0.18861,0.17637,0.024315,-0.33413,-0.015605,-0.0057075,0.2976,-0.061661,0.058452,-0.48222,-0.15552,-0.13041,0.4887,-0.17322,-0.06853,-0.0020751,-0.049671,0.027662,0,-0.11899,0,-0.079468,-0.19916,-0.018018,0.078593,-0.20544,0.0045247,-0.11527,-0.66084,-0.02751,0.098942,-0.66299,-0.014154,-0.11385,-1.0348,0.064922,0.053045,-1.0289,0.060152
0.018404,0.57215,-0.013819,0.0082018,0.37296,0.022387,-0.18131,0.26719,-0.0023338,0.19124,0.24576,0.019286,-0.31516,0.040562,0.019343,0.31528,0.0053703,0.06289,-0.47945,-0.1438,-0.096982,0.4995,-0.15415,-0.052214,-0.00038899,0.017411,0.028864,0,-0.050882,0,-0.080666,-0.13228,-0.01865,0.077396,-0.13844,0.0042476,-0.11525,-0.65566,0.031779,0.087396,-0.65461,0.04496,-0.1129,-1.0283,0.061715,0.062717,-1.0307,0.075995
0.02093,0.63706,-0.027351,0.0096215,0.44818,0.017198,-0.17708,0.33331,-0.0011292,0.18842,0.31437,0.011714,-0.29889,0.10344,0.010777,0.31401,0.0658,0.061385,-0.45556,-0.11563,-0.047321,0.50132,-0.1004,-0.025563,0.00050778,0.080161,0.028349,0,0.0089179,0,-0.078131,-0.070868,-0.013916,0.074514,-0.07641,0.0022862,-0.1127,-0.63887,0.042785,0.094693,-0.6445,0.06373,-0.11886,-1.0128,0.06412,0.069067,-1.0314,0.078067
0.016785,0.69986,-0.024951,0.004774,0.50895,0.014665,-0.18309,0.3927,-0.0036597,0.18636,0.38149,0.00361,-0.30455,0.11433,0.0081705,0.31046,0.12135,0.065876,-0.42473,-0.078273,-0.012891,0.48875,-0.054817,-0.0022266,0.00018331,0.14071,0.027955,0,0.06925,0,-0.078298,-0.011312,-0.011861,0.07649,-0.016664,0.0011063,-0.11004,-0.58138,0.028564,0.10178,-0.5855,0.055961,-0.090826,-0.98045,0.089101,0.070794,-1.0053,0.11834
0.014398,0.73399,-0.036533,0.0062085,0.54773,0.0085886,-0.17996,0.43074,-0.0084207,0.18657,0.41835,-0.0039844,-0.29989,0.16885,0.0089232,0.30886,0.15299,0.057375,-0.40113,-0.055121,-0.0069688,0.47892,-0.012194,0.0053629,0.00068235,0.19273,0.026381,0,0.12246,0,-0.078614,0.043042,-0.010561,0.076158,0.03677,0.0019475,-0.11492,-0.47297,-0.037074,0.11334,-0.49511,0.0045277,-0.079661,-0.85909,0.14903,0.094437,-0.87874,0.14623
0.013598,0.75526,-0.043028,0.0098364,0.56014,0.0015582,-0.18027,0.44916,-0.010124,0.19069,0.43048,-0.0084634,-0.29371,0.1695,0.0031949,0.32263,0.1701,0.054365,-0.39219,-0.047121,-0.010121,0.50302,-0.0019546,0.0010964,0.001734,0.21526,0.023509,0,0.14829,0,-0.08267,0.070072,-0.008087,0.078903,0.058462,0.0018651,-0.11533,-0.34696,-0.090331,0.12411,-0.39856,-0.043737,-0.018609,-0.62086,0.15409,0.086112,-0.73864,0.18639
0.013723,0.76697,-0.052909,0.0094033,0.5738,-0.0055764,-0.18037,0.45849,-0.014382,0.19164,0.45142,-0.011859,-0.2882,0.18727,0.0028711,0.32242,0.19695,0.049574,-0.38915,-0.016306,-0.012089,0.51334,0.011372,-0.0063818,0.0013855,0.23688,0.020685,0,0.17007,0,-0.082102,0.087708,-0.0083522,0.078587,0.084355,0.0053291,-0.088791,-0.32718,-0.10819,0.13835,-0.32928,-0.078537,0.0062135,-0.47617,0.10776,0.095707,-0.63673,-0.0027341
0.011756,0.77488,-0.053137,0.0080168,0.57616,-0.0074544,-0.18145,0.4622,-0.015828,0.19094,0.4579,-0.014322,-0.28984,0.19618,0.0021581,0.31984,0.20336,0.043926,-0.397,-0.0048753,-0.018174,0.51476,0.039253,-0.012571,0.0011442,0.24198,0.018531,0,0.17573,0,-0.082188,0.093281,-0.0081784,0.079363,0.089871,0.0057015,-0.11509,-0.29709,-0.18327,0.1419,-0.31937,-0.098116,-0.014976,-0.45569,0.046583,0.21907,-0.6271,-0.20413
0.010512,0.7775,-0.052126,0.0068673,0.57913,-0.00867,-0.18252,0.46269,-0.016291,0.18984,0.45818,-0.014378,-0.29114,0.19742,0.0012583,0.31938,0.20402,0.043606,-0.42645,0.001409,-0.035113,0.50026,0.05331,-0.01531,0.00099968,0.2439,0.016647,0,0.17736,0,-0.08207,0.094926,-0.0076451,0.079511,0.091748,0.0057512,-0.11342,-0.29314,-0.18824,0.14458,-0.31509,-0.10633,0.16158,-0.45853,-0.15258,0.27733,-0.59349,-0.24177
0.0068807,0.77706,-0.050416,0.0061502,0.57947,-0.0090722,-0.18456,0.46234,-0.016555,0.18938,0.45761,-0.014814,-0.29536,0.1954,-0.0013993,0.31726,0.20302,0.043451,-0.44287,-0.0016765,-0.051624,0.49903,0.055941,-0.018805,0.0009241,0.24454,0.014955,0,0.17803,0,-0.082005,0.095273,-0.0077742,0.079678,0.092196,0.00593,-0.10974,-0.29298,-0.18857,0.14511,-0.31428,-0.1074,0.069236,-0.34685,0.052719,0.26594,-0.59638,-0.24712
0.00216,0.77328,-0.053112,0.0011172,0.57436,-0.0073084,-0.1885,0.45749,-0.017312,0.18507,0.44955,-0.013696,-0.30504,0.18986,-0.0084426,0.31517,0.20105,0.042829,-0.44646,0.0071927,-0.069651,0.49235,0.049636,-0.035951,0.00031492,0.24174,0.013878,0,0.17553,0,-0.081591,0.093031,-0.0084634,0.08031,0.088953,0.0063649,-0.10147,-0.31383,-0.13793,0.15137,-0.31917,-0.09518,-0.020625,-0.51594,0.19205,0.20699,-0.64012,-0.14977
-0.001821,0.76563,-0.053861,-0.0015788,0.56462,-0.0074286,-0.19185,0.44345,-0.01855,0.18314,0.44123,-0.01587,-0.31334,0.17374,-0.020729,0.31226,0.189,0.033872,-0.45275,0.0030715,-0.090398,0.46953,0.040099,-0.049042,-0.00037719,0.22521,0.012831,0,0.15737,0,-0.080072,0.073804,-0.0079351,0.080875,0.071896,0.0051911,-0.10993,-0.33888,-0.11149,0.1318,-0.36491,-0.065865,-0.065462,-0.67776,0.14239,0.089795,-0.71702,0.17165
-0.0094565,0.72533,-0.052045,-0.011408,0.53561,-0.0095579,-0.20078,0.41474,-0.02172,0.18071,0.4202,-0.012935,-0.31355,0.16521,-0.028065,0.31563,0.15155,0.025389,-0.45048,-0.0054128,-0.11276,0.48937,-0.0042435,-0.077831,-0.0023442,0.19163,0.011238,0,0.12289,0,-0.077982,0.034356,-0.0073849,0.083282,0.03568,0.0059707,-0.10666,-0.43847,-0.088917,0.12407,-0.45806,-0.050024,-0.082928,-0.82137,0.10451,0.075834,-0.82578,0.13117
-0.014233,0.7084,-0.039961,-0.012649,0.51192,-0.0057333,-0.20079,0.38672,-0.01569,0.1754,0.3751,-0.0021193,-0.29949,0.1085,-0.016427,0.31189,0.12879,0.033452,-0.46701,-0.05023,-0.13279,0.47691,-0.016818,-0.074863,-0.0024696,0.13863,0.01135,0,0.066384,0,-0.076851,-0.018061,-0.010151,0.081348,-0.018718,0.0065328,-0.097614,-0.56362,-0.057271,0.10948,-0.57598,-0.015948,-0.085626,-0.96569,0.071084,0.076182,-0.98089,0.081544
-0.012014,0.64804,-0.020454,-0.012835,0.44533,0.0099223,-0.20411,0.31867,0.0012613,0.17767,0.32382,0.013283,-0.30565,0.068294,-0.0028433,0.31491,0.068182,0.046975,-0.46918,-0.0979,-0.13402,0.48095,-0.080082,-0.075195,-0.002623,0.087265,0.014602,0,0.016712,0,-0.077242,-0.070144,-0.011862,0.082396,-0.068533,0.0023607,-0.087679,-0.62452,-0.026648,0.11064,-0.60247,0.00036944,-0.053746,-1.0028,0.090581,0.07912,-0.99203,0.064293
-0.024195,0.57636,-0.0062547,-0.022704,0.37974,0.026667,-0.20888,0.25132,0.014034,0.17309,0.25825,0.0365,-0.30822,-0.014567,0.0011381,0.29785,0.019892,0.056046,-0.48498,-0.16121,-0.12158,0.48207,-0.1404,-0.075679,-0.0048175,0.027169,0.01977,0,-0.04119,0,-0.076612,-0.12999,-0.01885,0.085901,-0.1246,0.002318,-0.087759,-0.63405,-0.013482,0.10265,-0.61814,0.0085121,-0.072395,-1.0357,0.11012,0.067751,-1.0003,0.078452
-0.022542,0.51596,0.015739,-0.024205,0.31307,0.040253,-0.20913,0.18714,0.022962,0.17242,0.18774,0.051778,-0.32756,-0.041077,0.0042992,0.29404,-0.051164,0.068156,-0.49702,-0.22186,-0.10266,0.47771,-0.17531,-0.075552,-0.0056346,-0.033184,0.025163,0,-0.098981,0,-0.076172,-0.18585,-0.022643,0.086244,-0.18357,0.00017777,-0.085015,-0.64242,-0.0073303,0.10229,-0.63582,0.0045148,-0.065936,-1.0354,0.11131,0.063897,-1.0106,0.09084
-0.019974,0.49863,0.015313,-0.019906,0.28716,0.031771,-0.20743,0.15976,0.017326,0.17176,0.16033,0.050107,-0.33696,-0.098412,0.012593,0.29265,-0.0869,0.065692,-0.49389,-0.23066,-0.099197,0.47129,-0.19533,-0.072641,-0.0053674,-0.058073,0.026211,0,-0.12413,0,-0.077359,-0.2102,-0.022878,0.085621,-0.2101,0.0039656,-0.080248,-0.65667,-0.016949,0.10336,-0.6452,-0.0059329,-0.054037,-1.0321,0.098844,0.056782,-1.0248,0.091823
-0.020428,0.49404,0.0080672,-0.017134,0.28446,0.025514,-0.20717,0.15619,0.011447,0.17195,0.1551,0.039471,-0.33529,-0.098086,0.0089362,0.29642,-0.087557,0.061245,-0.49225,-0.23215,-0.10034,0.47446,-0.19962,-0.077423,-0.0044818,-0.062249,0.026333,0,-0.12945,0,-0.079276,-0.21808,-0.017547,0.085303,-0.21475,0.0037858,-0.078969,-0.65859,-0.021207,0.10728,-0.6474,-0.01003,-0.050669,-1.032,0.094883,0.053074,-1.0266,0.087922
-0.020724,0.50155,0.0007657,-0.018777,0.30573,0.016665,-0.2057,0.18125,-0.00084912,0.16747,0.18463,0.016829,-0.34233,-0.066327,-0.0045167,0.3019,-0.046111,0.051198,-0.48954,-0.22731,-0.10051,0.47347,-0.19624,-0.080116,-0.0041483,-0.04882,0.025896,0,-0.11692,0,-0.076875,-0.20058,-0.016648,0.084093,-0.20072,0.0057035,-0.085694,-0.65789,-0.0024898,0.10816,-0.65773,0.0096006,-0.056718,-1.0394,0.11365,0.050558,-1.0298,0.097142
-0.022769,0.56844,-0.0089808,-0.018675,0.37705,0.016826,-0.20713,0.25066,0.0013824,0.16985,0.24279,0.016596,-0.34626,0.0044113,0.0046389,0.30359,0.016837,0.049005,-0.47169,-0.18981,-0.082605,0.46486,-0.16476,-0.066376,-0.0042145,0.020194,0.026311,0,-0.048854,0,-0.076719,-0.13482,-0.017411,0.084197,-0.13342,0.0051722,-0.089998,-0.62389,0.055921,0.096611,-0.6225,0.072866,-0.059305,-1.0316,0.13678,0.056253,-1.0209,0.11289
-0.015742,0.63739,-0.033266,-0.0099403,0.43846,0.0074087,-0.20277,0.3173,-0.0038424,0.17551,0.31471,0.0021193,-0.32923,0.065227,0.0023785,0.30114,0.072372,0.056516,-0.4484,-0.13877,-0.055512,0.45859,-0.11907,-0.038073,-0.0020728,0.082158,0.024275,0,0.012447,0,-0.077151,-0.074087,-0.012874,0.081139,-0.071903,0.0043916,-0.082306,-0.6198,0.066357,0.10085,-0.61709,0.087674,-0.051186,-1.0101,0.12982,0.063118,-1.006,0.1102
-0.012546,0.67929,-0.051431,-0.010159,0.49431,-0.0076789,-0.203,0.37669,-0.014812,0.17417,0.37618,-0.010907,-0.31682,0.10012,0.0018462,0.30357,0.10886,0.04312,-0.42428,-0.099174,-0.03437,0.45199,-0.083118,-0.0069141,-0.0019411,0.13629,0.019811,0,0.065103,0,-0.07751,-0.021399,-0.0089074,0.081543,-0.018782,0.006503,-0.084117,-0.58439,0.041133,0.098329,-0.58577,0.072919,-0.061892,-0.99167,0.12803,0.084446,-0.97465,0.11671
-0.013527,0.70535,-0.081324,-0.0092139,0.51311,-0.02397,-0.19584,0.40319,-0.025129,0.17632,0.39431,-0.020211,-0.30815,0.12091,-0.0019654,0.3068,0.13101,0.044814,-0.42068,-0.090295,-0.01796,0.4518,-0.044391,0.029029,-0.0017199,0.17232,0.013967,0,0.10523,0,-0.077402,0.025186,-0.0038126,0.081143,0.022241,0.010497,-0.092496,-0.47214,-0.030682,0.11062,-0.47368,0.0027728,-0.053974,-0.85368,0.1636,0.060872,-0.83969,0.17912
-0.0077632,0.71925,-0.094302,-0.0051949,0.5264,-0.033337,-0.19085,0.41663,-0.029997,0.18259,0.4141,-0.01993,-0.30257,0.15328,0.0025186,0.30853,0.1495,0.047803,-0.40347,-0.05038,0.019192,0.45414,-0.030562,0.032338,-0.0012859,0.19582,0.010425,0,0.12882,0,-0.079889,0.044456,-0.0038603,0.082535,0.043443,0.013371,-0.091288,-0.37402,-0.080802,0.12101,-0.38312,-0.045706,-0.018009,-0.69597,0.18729,0.068897,-0.7173,0.21313
-0.0017914,0.72434,-0.10364,-0.0026394,0.53434,-0.039067,-0.18961,0.4297,-0.034076,0.18405,0.42098,-0.020088,-0.30151,0.17013,0.003177,0.30866,0.15905,0.056563,-0.41106,-0.02756,0.016707,0.4615,-0.022984,0.040264,-0.00092391,0.21053,0.0076501,0,0.14511,0,-0.08069,0.063196,-0.0034809,0.081802,0.058407,0.015603,-0.090193,-0.34632,-0.12378,0.14002,-0.35291,-0.079253,0.0036139,-0.52394,0.1838,0.096398,-0.64186,0.22655
