0.0020824,0.468,-0.00396,-0.0023226,0.2717,0.032626,-0.19037,0.16976,0.015485,0.18912,0.1513,0.014304,-0.41913,0.037537,0.006869,0.32627,-0.027082,-0.002187,-0.61542,0.098193,-0.099417,0.52967,-0.00086411,-0.17058,-0.00043007,-0.063144,0.029582,0,-0.1264,0,-0.077289,-0.21012,-0.01304,0.0781,-0.21279,-0.006731,-0.10766,-0.67431,-0.052786,0.095221,-0.66054,-0.07329,-0.048133,-1.0272,0.03765,0.060514,-1.0247,0.030446
0.00017106,0.51796,0.002192,0.0027294,0.32426,0.037795,-0.19094,0.22541,0.025886,0.18895,0.21061,0.021033,-0.40418,0.080856,0.006292,0.33817,-0.0054685,-0.033648,-0.58844,0.10066,-0.13565,0.5183,0.015242,-0.1812,0.00068211,-0.012259,0.032869,0,-0.074995,0,-0.077865,-0.15887,-0.015733,0.076704,-0.16102,-0.006259,-0.10778,-0.66817,-0.02105,0.10142,-0.65746,-0.056396,-0.046833,-1.0378,0.078535,0.063236,-1.0264,0.042856
0.01006,0.58086,0.00171,0.0077207,0.38498,0.050518,-0.19023,0.29526,0.041311,0.19229,0.27494,0.024989,-0.38361,0.12976,0.010678,0.34622,0.061978,-0.006729,-0.56647,0.094079,-0.12983,0.50391,0.022502,-0.17842,0.0023563,0.047249,0.036986,0,-0.014195,0,-0.079787,-0.096186,-0.01922,0.07649,-0.10265,-0.008279,-0.090215,-0.62467,0.028085,0.11275,-0.62956,-0.003597,-0.053493,-1.0196,0.10609,0.079459,-1.0236,0.053406
0.014994,0.63888,-0.010489,0.0075975,0.45437,0.052203,-0.18719,0.36096,0.043446,0.19682,0.33965,0.037391,-0.36527,0.16057,0.014454,0.32122,0.13147,0.008302,-0.53015,0.075434,-0.12711,0.49884,0.02518,-0.18059,0.0014938,0.10714,0.039222,0,0.044143,0,-0.077631,-0.038147,-0.017709,0.074463,-0.044592,-0.009843,-0.08491,-0.61391,0.053739,0.11545,-0.62344,0.022091,-0.061524,-1.0102,0.10574,0.10949,-1.0083,0.040883
0.013078,0.68504,-0.036555,0.010704,0.51223,0.039752,-0.18485,0.41693,0.027873,0.19906,0.404,0.024685,-0.34504,0.21289,0.009122,0.31898,0.17671,0.00881,-0.46886,0.062349,-0.11763,0.49154,0.022552,-0.17891,0.0019228,0.1627,0.039047,0,0.09828,0,-0.078165,0.013767,-0.014642,0.073729,0.011251,-0.007586,-0.089277,-0.56404,0.04221,0.11648,-0.56757,0.024644,-0.070692,-0.98273,0.093504,0.12589,-0.97608,0.031702
0.012935,0.73081,-0.070567,0.0131,0.54838,0.021661,-0.19102,0.45998,0.012358,0.19213,0.44532,-0.000558,-0.33645,0.21895,0.005005,0.32209,0.19044,0.003194,-0.44414,0.044889,-0.10295,0.46279,0.012656,-0.13889,0.0032317,0.21338,0.035858,0,0.14949,0,-0.078565,0.066309,-0.010687,0.073093,0.06057,-0.003687,-0.10891,-0.49965,-0.006458,0.12415,-0.51948,-0.016581,-0.060488,-0.88547,0.10346,0.14682,-0.91346,0.04343
0.013999,0.7347,-0.077664,0.014568,0.57729,-0.008846,-0.18917,0.4787,-0.001022,0.18849,0.46461,-0.012599,-0.30118,0.25278,0.010528,0.31795,0.20041,0.000451,-0.40467,0.017675,-0.07221,0.44163,0.0076236,-0.09594,0.0033665,0.23565,0.029461,0,0.16975,0,-0.080593,0.090313,-0.006129,0.074349,0.08328,0.002045,-0.13139,-0.39429,-0.060518,0.11961,-0.41474,-0.067799,-0.036725,-0.75344,0.15256,0.12374,-0.80789,0.056031
0.014402,0.74321,-0.08958,0.013651,0.58092,-0.015961,-0.18728,0.48692,-0.012276,0.18984,0.477,-0.016449,-0.29415,0.24145,0.007026,0.3173,0.20349,-0.000483,-0.38935,0.017207,-0.058916,0.43268,0.0015108,-0.039092,0.0023727,0.25475,0.023667,0,0.19107,0,-0.080015,0.11085,-0.002934,0.075564,0.10144,0.004434,-0.1381,-0.30598,-0.10647,0.12676,-0.3401,-0.098929,-0.0082087,-0.59418,0.10625,0.12597,-0.70929,0.092317
0.015546,0.74735,-0.1047,0.013008,0.58279,-0.021776,-0.18698,0.48905,-0.018155,0.19026,0.47893,-0.020099,-0.28956,0.22969,0.013641,0.30335,0.20146,0.008998,-0.36692,0.015816,-0.004826,0.42707,-0.0073529,-0.002198,0.0022052,0.26144,0.01967,0,0.19789,0,-0.079866,0.11674,-0.002783,0.074921,0.11043,0.007661,-0.12601,-0.30189,-0.10441,0.1288,-0.30225,-0.11515,0.011841,-0.55453,0.14719,0.10818,-0.62922,0.10522
0.017809,0.74387,-0.12216,0.014373,0.58298,-0.024456,-0.18555,0.49029,-0.020622,0.19146,0.47989,-0.020463,-0.28553,0.22814,0.015093,0.2944,0.20039,0.01764,-0.36401,0.017178,0.012887,0.41513,-0.0035464,0.01795,0.0023966,0.26417,0.016668,0,0.20076,0,-0.080654,0.11997,-0.002174,0.074554,0.1133,0.007942,-0.10518,-0.304,-0.084166,0.12986,-0.29792,-0.11923,0.013131,-0.5045,0.12776,0.10159,-0.61216,0.10733
0.019608,0.74291,-0.12781,0.015011,0.58222,-0.024589,-0.184,0.49207,-0.023887,0.19153,0.47904,-0.026118,-0.28345,0.22907,0.018914,0.28456,0.20012,0.027741,-0.36433,0.023183,0.048492,0.41493,-0.0066881,0.044388,0.0026862,0.2648,0.014331,0,0.20156,0,-0.081019,0.12139,-0.002159,0.074269,0.1137,0.007578,-0.12136,-0.29488,-0.11602,0.12591,-0.2992,-0.11466,-0.0060723,-0.56677,0.11072,0.094135,-0.61652,0.10663
0.023337,0.74262,-0.13002,0.014346,0.57879,-0.025746,-0.18019,0.49248,-0.021809,0.19449,0.47574,-0.025402,-0.27917,0.22974,0.026875,0.2807,0.19877,0.041783,-0.37067,0.028949,0.059364,0.41709,0.0075194,0.065238,0.0027173,0.26226,0.012108,0,0.19879,0,-0.080134,0.12017,-0.001398,0.073355,0.10881,0.006764,-0.13154,-0.30951,-0.10887,0.12275,-0.36182,-0.10045,-0.012233,-0.67629,0.080939,0.10078,-0.74156,0.070983
0.025651,0.73581,-0.12413,0.01712,0.5673,-0.020576,-0.17883,0.48329,-0.019259,0.19903,0.45762,-0.018693,-0.28537,0.23262,0.049022,0.28203,0.19303,0.059768,-0.40726,0.04777,0.077871,0.44179,0.027045,0.087336,0.0030349,0.24234,0.011291,0,0.17654,0,-0.082285,0.096081,-0.003059,0.074139,0.083854,0.005591,-0.13804,-0.40047,-0.094823,0.11142,-0.43857,-0.075578,-0.050586,-0.79083,0.052424,0.10299,-0.8404,0.04967
0.029635,0.71141,-0.11152,0.015095,0.54408,-0.014746,-0.17415,0.4574,-0.014742,0.19751,0.43658,-0.011126,-0.30121,0.20919,0.082042,0.29183,0.17005,0.076538,-0.46485,0.06205,0.11768,0.47756,0.04257,0.078381,0.0020156,0.1949,0.010129,0,0.12606,0,-0.076357,0.048625,-0.006091,0.071529,0.039136,0.007599,-0.12535,-0.49946,-0.067757,0.112,-0.53676,-0.045979,-0.088049,-0.89398,-0.006336,0.10723,-0.94732,0.037375
0.028797,0.67441,-0.092961,0.010985,0.49605,-0.016059,-0.17388,0.40383,-0.005988,0.20521,0.38366,0.008592,-0.32647,0.1723,0.094338,0.29938,0.13786,0.080664,-0.52192,0.066558,0.11934,0.50437,0.0442,0.077056,0.0013508,0.15499,0.00867,0,0.085732,0,-0.077925,0.0013089,-0.008161,0.073102,-0.0077821,0.007065,-0.12585,-0.57834,-0.03741,0.10932,-0.58822,-0.024286,-0.10752,-0.97221,-0.018787,0.091523,-1.0105,0.037846
0.025239,0.62713,-0.063756,0.015886,0.43986,0.005396,-0.17628,0.34444,0.00323,0.20232,0.32818,0.031578,-0.35881,0.13053,0.094778,0.30411,0.090956,0.079668,-0.57485,0.069391,0.10311,0.54437,0.048574,0.039844,0.0015376,0.098038,0.012533,0,0.030439,0,-0.078735,-0.051724,-0.011774,0.072097,-0.058484,0.003721,-0.12303,-0.60192,-0.020231,0.10569,-0.59061,-0.010447,-0.14074,-1.018,0.011374,0.081891,-0.99846,0.038677
0.024347,0.55713,-0.036566,0.014314,0.36956,0.018586,-0.1823,0.27845,0.019098,0.19764,0.26332,0.043895,-0.38019,0.077803,0.097259,0.31839,0.038993,0.0711,-0.6039,0.071248,0.054701,0.56076,0.052092,-0.005486,0.0012761,0.034207,0.016495,0,-0.031334,0,-0.079709,-0.11481,-0.016064,0.073582,-0.11946,0.00217,-0.11667,-0.65816,-0.023013,0.090598,-0.61137,-0.005261,-0.13827,-1.0262,0.055947,0.057572,-1.0005,0.063075
0.021811,0.50245,-0.031671,0.006733,0.30493,0.030942,-0.18246,0.21207,0.016412,0.19378,0.19374,0.040706,-0.41532,0.03244,0.053736,0.33483,-0.011772,0.04645,-0.63191,0.075949,-0.006153,0.54916,0.045393,-0.055739,-0.0002082,-0.026873,0.021327,0,-0.09068,0,-0.07871,-0.17428,-0.018201,0.075828,-0.17647,-0.000987,-0.11663,-0.6612,-0.030964,0.089693,-0.634,-0.027451,-0.12537,-1.0335,0.057385,0.050757,-1.0031,0.056224
0.016524,0.45531,-0.031651,0.003473,0.27501,0.023932,-0.18237,0.16999,0.006578,0.1943,0.14972,0.028361,-0.4121,0.027321,0.037368,0.34663,-0.066807,0.014237,-0.61099,0.072945,-0.072836,0.54095,0.039824,-0.10717,-0.000741,-0.058418,0.022007,0,-0.1229,0,-0.078429,-0.20521,-0.017434,0.077012,-0.21177,0.001521,-0.1119,-0.66932,-0.064988,0.094697,-0.6427,-0.041406,-0.084155,-1.0235,0.017936,0.04898,-1.0011,0.031484
0.019024,0.45346,-0.027707,0.0039032,0.27093,0.019729,-0.18215,0.16365,-0.000948,0.19552,0.14647,0.022848,-0.41494,0.022849,0.008013,0.3544,-0.069674,-0.018926,-0.60017,0.077502,-0.1226,0.53671,0.038442,-0.15333,-0.0008531,-0.066547,0.022424,0,-0.13208,0,-0.07854,-0.21453,-0.016837,0.077116,-0.2216,0.002861,-0.11163,-0.67071,-0.073296,0.096568,-0.64938,-0.04874,-0.082854,-1.0217,0.009371,0.051083,-1.0003,0.02204
0.016353,0.47382,-0.010822,0.0044471,0.27616,0.018985,-0.18303,0.16933,-0.002576,0.19533,0.15064,0.022711,-0.41144,0.022959,0.00276,0.35677,-0.044423,-0.037379,-0.57452,0.084161,-0.16312,0.53196,0.042529,-0.18472,-0.0009194,-0.061279,0.023411,0,-0.12659,0,-0.078702,-0.20951,-0.016905,0.076961,-0.21555,0.003144,-0.11533,-0.67123,-0.071118,0.096371,-0.6451,-0.047055,-0.082954,-1.0206,0.010649,0.051048,-1.0001,0.023875
0.022934,0.53219,0.00316,0.0090385,0.33672,0.028587,-0.18035,0.23894,0.008329,0.19294,0.21556,0.028013,-0.39184,0.069787,-0.016171,0.36109,0.034222,-0.016761,-0.56684,0.086622,-0.17654,0.52918,0.043696,-0.18569,2.22e-05,-0.0046095,0.027014,0,-0.069772,0,-0.078767,-0.15215,-0.02148,0.075,-0.15678,0.003788,-0.12043,-0.65209,-0.017515,0.098057,-0.63981,-0.017312,-0.086187,-1.0285,0.045155,0.051654,-1.0032,0.043445
0.020376,0.58348,0.003614,0.0086469,0.40386,0.044097,-0.186,0.30455,0.016234,0.20129,0.28433,0.031684,-0.38571,0.14714,-0.020052,0.35377,0.10654,-0.001232,-0.55114,0.085747,-0.17518,0.5242,0.048951,-0.1874,0.0001406,0.056386,0.032091,0,-0.0084913,0,-0.079513,-0.093561,-0.023776,0.075852,-0.097993,-0.000766,-0.10754,-0.64099,0.030839,0.08967,-0.61904,0.039535,-0.09712,-1.0306,0.074984,0.054137,-1.0092,0.068889
0.020064,0.64994,-0.014104,0.0061086,0.47341,0.042875,-0.18283,0.37898,0.017476,0.20509,0.35528,0.039667,-0.37911,0.1907,-0.014831,0.34928,0.1602,0.015855,-0.5278,0.07976,-0.16251,0.52352,0.052909,-0.18063,-0.0009361,0.11909,0.034205,0,0.053037,0,-0.07809,-0.029897,-0.022761,0.075548,-0.038975,-0.000855,-0.099524,-0.60528,0.045614,0.089293,-0.61232,0.082115,-0.10882,-0.99693,0.053471,0.075224,-1.0084,0.081863
0.023605,0.70481,-0.027163,0.006857,0.52866,0.03025,-0.18607,0.42307,0.007829,0.20013,0.40894,0.018012,-0.36896,0.2098,-0.014897,0.3417,0.20382,0.013765,-0.50301,0.057263,-0.12711,0.49901,0.057239,-0.13202,0.0001956,0.17062,0.033641,0,0.1029,0,-0.077099,0.020049,-0.020291,0.074284,0.010974,0.002177,-0.1082,-0.55685,0.034161,0.093423,-0.56413,0.07397,-0.10293,-0.97455,0.06661,0.090701,-1.0038,0.076242
0.022488,0.75458,-0.046383,0.0060865,0.57172,0.014121,-0.18111,0.46905,-0.006228,0.19833,0.45612,-0.000533,-0.35526,0.22795,-0.01257,0.34508,0.21011,0.010221,-0.48295,0.055929,-0.09732,0.48809,0.038005,-0.085884,0.0004513,0.22388,0.030589,0,0.1563,0,-0.078366,0.076225,-0.017718,0.075918,0.064162,0.006453,-0.11284,-0.49867,-0.017656,0.10732,-0.51497,0.039533,-0.097345,-0.89443,0.096647,0.11423,-0.92792,0.085928
0.018235,0.76881,-0.065848,0.0071114,0.59136,-0.002512,-0.18565,0.4798,-0.014923,0.19775,0.4657,-0.009536,-0.34809,0.23338,-0.014206,0.33899,0.21869,0.015596,-0.45928,0.0371,-0.034746,0.4777,0.021073,-0.043334,0.0007242,0.24607,0.025731,0,0.17913,0,-0.079985,0.097226,-0.012524,0.076983,0.086763,0.008127,-0.1254,-0.4046,-0.059625,0.11514,-0.4431,-0.004029,-0.06626,-0.78544,0.12517,0.10548,-0.83255,0.10272
0.021367,0.77307,-0.089218,0.01048,0.59539,-0.013346,-0.18472,0.4927,-0.026503,0.19961,0.47486,-0.018687,-0.32779,0.23957,-0.001904,0.33317,0.21736,0.030422,-0.42151,0.035437,0.006569,0.45991,0.022933,0.025211,0.0014141,0.26563,0.020158,0,0.20173,0,-0.081277,0.12321,-0.009398,0.076737,0.10792,0.012113,-0.13583,-0.29621,-0.10105,0.13096,-0.36839,-0.051482,-0.028775,-0.556,0.069666,0.10999,-0.74892,0.10625
0.022507,0.76894,-0.11366,0.01224,0.59659,-0.018146,-0.18322,0.49606,-0.029896,0.20215,0.47785,-0.021193,-0.31868,0.23767,0.000341,0.31588,0.22009,0.041971,-0.40441,0.036969,0.048655,0.4387,0.026524,0.06093,0.0016335,0.27197,0.0169,0,0.20812,0,-0.08133,0.12759,-0.010215,0.076426,0.11443,0.014817,-0.12176,-0.29326,-0.10221,0.14149,-0.3034,-0.076786,-0.0007943,-0.55738,0.16595,0.096381,-0.63835,0.092003
0.023277,0.76586,-0.11858,0.011072,0.59561,-0.02109,-0.1832,0.49447,-0.035072,0.20241,0.47737,-0.021955,-0.30822,0.23526,0.012207,0.30771,0.21151,0.057843,-0.39181,0.0314,0.080116,0.43837,0.013404,0.10951,0.001345,0.27239,0.01441,0,0.20833,0,-0.081429,0.12761,-0.009936,0.076442,0.11484,0.014761,-0.1214,-0.28986,-0.11809,0.14323,-0.3013,-0.083571,-0.0025603,-0.54842,0.17014,0.074299,-0.5894,0.11288
0.023935,0.75865,-0.12706,0.0093525,0.58155,-0.044536,-0.18342,0.48684,-0.039316,0.20002,0.47282,-0.02278,-0.29417,0.22345,0.04176,0.29542,0.20816,0.06924,-0.38555,0.028436,0.095932,0.4353,0.029418,0.13752,0.0010061,0.26959,0.010517,0,0.20503,0,-0.081267,0.12388,-0.009311,0.076761,0.11327,0.017182,-0.12292,-0.29209,-0.12263,0.14613,-0.30129,-0.086067,-0.000353,-0.56996,0.11112,0.071291,-0.59733,0.10908
0.022837,0.73256,-0.14283,0.0060138,0.56984,-0.048604,-0.18461,0.471,-0.046494,0.19529,0.46195,-0.023081,-0.29485,0.21998,0.048359,0.29183,0.20551,0.085047,-0.38828,0.027437,0.10678,0.43605,0.0436,0.15327,6e-07,0.25277,0.006819,0,0.1875,0,-0.080037,0.10574,-0.007101,0.077444,0.099449,0.020624,-0.12618,-0.32288,-0.11155,0.12889,-0.36727,-0.062941,-0.016856,-0.69349,0.072527,0.10202,-0.74762,0.10395
0.020431,0.71829,-0.14483,0.0045686,0.5433,-0.056093,-0.18501,0.45197,-0.047137,0.19224,0.44583,-0.024757,-0.29953,0.20884,0.062827,0.29171,0.1997,0.099583,-0.40066,0.022385,0.12678,0.44184,0.047463,0.15875,-0.0001351,0.22013,0.003311,0,0.15324,0,-0.080391,0.069844,-0.003543,0.078524,0.067283,0.022213,-0.11784,-0.41832,-0.085743,0.13327,-0.42779,-0.048913,-0.062747,-0.80371,0.033946,0.089666,-0.80355,0.086557
0.01385,0.70323,-0.14645,0.0013746,0.52214,-0.053856,-0.19017,0.41593,-0.049985,0.1872,0.40847,-0.026751,-0.30554,0.20038,0.063642,0.2894,0.16988,0.10758,-0.41848,0.021436,0.12906,0.45773,0.035435,0.16193,-0.0007081,0.18252,0.002241,0,0.11258,0,-0.077145,0.026259,-0.004363,0.076779,0.025757,0.021122,-0.11466,-0.50558,-0.062323,0.12368,-0.51946,-0.028159,-0.083279,-0.90159,-0.012745,0.089337,-0.91924,0.04319
0.0060055,0.66071,-0.12995,-0.0005045,0.4688,-0.039531,-0.19014,0.38268,-0.036751,0.18823,0.3786,-0.00467,-0.31519,0.1397,0.073299,0.2991,0.1278,0.10348,-0.46767,-0.019486,0.10947,0.51038,0.024007,0.11996,-0.0011397,0.13132,0.003137,0,0.062872,0,-0.076023,-0.022673,-0.008219,0.076238,-0.024256,0.019137,-0.11126,-0.58993,-0.035476,0.11989,-0.58916,-0.005816,-0.11359,-0.99358,0.011878,0.088383,-1.016,0.054261
0.0024122,0.60084,-0.096503,-0.0001087,0.41616,-0.023392,-0.19402,0.31593,-0.018368,0.18551,0.31247,0.011542,-0.32772,0.072177,0.076049,0.31164,0.062461,0.10738,-0.49665,-0.077994,0.066853,0.52449,-0.012619,0.080558,-0.0009077,0.076203,0.004597,0,0.0078943,0,-0.077648,-0.078728,-0.009976,0.077694,-0.078187,0.014006,-0.10567,-0.60494,-0.010411,0.11649,-0.59396,0.012394,-0.11604,-1.0212,0.073143,0.081502,-0.99683,0.056449
-0.0002908,0.53771,-0.068866,-0.012782,0.34746,0.006513,-0.19573,0.24042,-0.003643,0.18197,0.23807,0.023567,-0.34408,0.00383,0.064209,0.32015,-0.0037188,0.10116,-0.53387,-0.11973,0.035393,0.54439,-0.048907,0.050692,-0.003014,0.011803,0.010471,0,-0.054552,0,-0.075528,-0.14166,-0.017657,0.080995,-0.1394,0.00894,-0.098805,-0.66262,0.007802,0.099626,-0.63178,0.019283,-0.11081,-1.0289,0.10827,0.052744,-1.0115,0.097641
-0.010849,0.48547,-0.044071,-0.0043106,0.29511,0.014816,-0.19739,0.18213,0.00346,0.18033,0.17419,0.03253,-0.36075,-0.051324,0.047474,0.31795,-0.051304,0.085271,-0.55426,-0.16187,-0.004695,0.5548,-0.09297,-0.003642,-0.0018032,-0.041211,0.013469,0,-0.10728,0,-0.077621,-0.19403,-0.020865,0.079467,-0.19282,0.008585,-0.098274,-0.66344,0.000468,0.10043,-0.637,0.004892,-0.094389,-1.0321,0.10958,0.040063,-1.0106,0.076515
-0.0061982,0.46737,-0.039751,-0.0068597,0.27048,0.0133,-0.19641,0.162,-0.003026,0.18268,0.1569,0.027251,-0.36826,-0.072174,0.028691,0.32506,-0.081141,0.083116,-0.55689,-0.17477,-0.056145,0.52552,-0.10969,-0.033239,-0.002322,-0.0607,0.014568,0,-0.12576,0,-0.077724,-0.21171,-0.020417,0.080436,-0.2132,0.008798,-0.092503,-0.66448,-0.031639,0.10192,-0.64218,-0.01345,-0.064312,-1.0161,0.058532,0.035878,-1.0024,0.043243
-0.0072894,0.46448,-0.038677,-0.0087554,0.26746,0.010527,-0.19731,0.15602,-0.00947,0.18233,0.15262,0.024623,-0.37299,-0.07203,0.018535,0.32406,-0.08007,0.0731,-0.55557,-0.17821,-0.076226,0.5341,-0.11403,-0.065033,-0.0028385,-0.062956,0.015011,0,-0.12813,0,-0.07718,-0.21566,-0.019396,0.080888,-0.21497,0.009288,-0.094801,-0.66572,-0.034919,0.10056,-0.64385,-0.017841,-0.064428,-1.0156,0.057277,0.035519,-1.0024,0.042118
-0.0057206,0.4894,-0.031865,-0.0053573,0.2888,0.009598,-0.1952,0.17145,-0.018039,0.18425,0.16376,0.024726,-0.37042,-0.054531,0.00709,0.30811,-0.050818,0.050952,-0.53741,-0.17601,-0.09905,0.53175,-0.11195,-0.075817,-0.0029112,-0.051485,0.015561,0,-0.118,0,-0.0775,-0.20496,-0.02194,0.080335,-0.206,0.011407,-0.10256,-0.66437,-0.024639,0.10369,-0.6496,-0.010242,-0.069203,-1.0202,0.076433,0.050474,-1.0177,0.073972
-0.0017856,0.5491,-0.021629,-0.014936,0.35364,0.018818,-0.19686,0.24289,-0.008115,0.18482,0.23671,0.029317,-0.35312,0.012801,0.014414,0.33676,0.016178,0.075241,-0.51247,-0.16444,-0.075585,0.50623,-0.099023,-0.057276,-0.0043092,0.012913,0.018614,0,-0.053389,0,-0.075192,-0.14113,-0.021535,0.081574,-0.13955,0.007574,-0.10433,-0.65305,0.044307,0.101,-0.64156,0.03698,-0.076796,-1.0238,0.12943,0.055565,-1.0125,0.097129
0.0009751,0.61516,-0.028311,-0.0092852,0.41698,0.011249,-0.19763,0.30625,-0.014554,0.18723,0.30327,0.032186,-0.34477,0.054019,0.017629,0.32489,0.074739,0.072506,-0.47658,-0.13051,-0.055693,0.49226,-0.090719,-0.035757,-0.0038575,0.071797,0.017994,0,0.0042055,0,-0.076628,-0.084295,-0.017858,0.080565,-0.082289,0.007212,-0.10184,-0.63799,0.066974,0.090821,-0.62282,0.084866,-0.093003,-1.0288,0.15823,0.05943,-1.012,0.11521
-0.0008735,0.67682,-0.044328,-0.012185,0.48695,0.009221,-0.19965,0.37176,-0.017155,0.18488,0.36713,0.023949,-0.33095,0.1042,0.025487,0.30882,0.11846,0.065696,-0.43991,-0.093886,-0.019944,0.46571,-0.078538,-0.003515,-0.0041153,0.13332,0.018087,0,0.063932,0,-0.075773,-0.024088,-0.018282,0.080819,-0.023218,0.008724,-0.10283,-0.59714,0.0613,0.091186,-0.5968,0.088435,-0.096922,-0.98248,0.14068,0.071442,-0.98858,0.11836
-0.0013892,0.72014,-0.064841,-0.0069543,0.53738,-0.006272,-0.19889,0.42439,-0.021005,0.18646,0.40686,0.015833,-0.31238,0.15951,0.024462,0.30319,0.1383,0.078011,-0.41546,-0.060299,0.023785,0.43005,-0.051431,0.052978,-0.0029186,0.18549,0.014368,0,0.11554,0,-0.07671,0.029715,-0.016235,0.079607,0.023304,0.012998,-0.10772,-0.53199,0.010932,0.10584,-0.55427,0.059744,-0.102,-0.90935,0.14575,0.086711,-0.97499,0.14609
0.0002081,0.73189,-0.075215,-0.0087965,0.55122,-0.013986,-0.19538,0.43483,-0.022595,0.18707,0.43217,0.006314,-0.3063,0.16696,0.026175,0.29854,0.16725,0.084855,-0.39474,-0.035301,0.0624,0.41809,-0.040976,0.10612,-0.0027043,0.20852,0.011108,0,0.14073,0,-0.076778,0.056491,-0.01119,0.08058,0.053984,0.011948,-0.11655,-0.41453,-0.055919,0.12095,-0.44146,-0.003223,-0.060811,-0.76121,0.18742,0.079899,-0.81725,0.18991
0.0010144,0.74082,-0.08881,-0.003894,0.56089,-0.016247,-0.19556,0.4525,-0.02579,0.18855,0.44844,0.005479,-0.30049,0.19343,0.032419,0.28783,0.18287,0.094216,-0.38427,-0.014342,0.071053,0.40956,-0.022419,0.12452,-0.0014905,0.23286,0.009004,0,0.1679,0,-0.080719,0.08417,-0.010206,0.081503,0.075713,0.012135,-0.12,-0.3358,-0.10536,0.12523,-0.34979,-0.041253,-0.018644,-0.572,0.18206,0.076554,-0.66264,0.19845
0.004097,0.7443,-0.090569,-0.0010575,0.56834,-0.016708,-0.19535,0.4627,-0.026294,0.18877,0.45057,0.006698,-0.29894,0.20484,0.038432,0.28408,0.18823,0.10577,-0.38869,0.0062908,0.086206,0.41002,0.014863,0.17829,-0.0011026,0.24151,0.007502,0,0.1763,0,-0.080954,0.092233,-0.010668,0.080752,0.085799,0.012254,-0.060907,-0.33549,0.008592,0.13932,-0.33373,-0.072424,0.0014557,-0.53341,0.23494,0.063003,-0.54437,0.20162
0.0096662,0.74451,-0.10396,0.0011943,0.56957,-0.019207,-0.19127,0.46867,-0.030012,0.19149,0.4533,0.005423,-0.29727,0.22121,0.041209,0.28232,0.19663,0.11367,-0.40188,0.03996,0.11391,0.42184,0.026205,0.19452,-0.0006339,0.24578,0.005897,0,0.18128,0,-0.081437,0.09823,-0.009552,0.080227,0.090808,0.012264,-0.056785,-0.3292,0.009145,0.14264,-0.3264,-0.081645,0.0005265,-0.5252,0.23816,0.065239,-0.52851,0.21203
0.012806,0.74517,-0.11323,0.0027317,0.56989,-0.021217,-0.18827,0.47059,-0.031159,0.19204,0.45477,0.003871,-0.299,0.22611,0.047699,0.27902,0.2063,0.11724,-0.42258,0.059,0.12386,0.43175,0.065075,0.19301,-0.0003697,0.24661,0.004434,0,0.18201,0,-0.081201,0.099296,-0.008802,0.079403,0.092133,0.011774,-0.10965,-0.31191,-0.14249,0.14282,-0.32458,-0.083226,-0.013081,-0.5177,0.17228,0.075203,-0.53986,0.19411
0.018434,0.74259,-0.1113,0.0017837,0.56196,-0.030738,-0.18542,0.4686,-0.029097,0.19393,0.45359,0.006421,-0.2995,0.22724,0.059743,0.28158,0.20639,0.12434,-0.44599,0.077205,0.1316,0.4457,0.074106,0.19342,-0.0005095,0.24278,0.002061,0,0.17845,0,-0.080585,0.096021,-0.008228,0.079498,0.089361,0.014322,-0.11246,-0.31817,-0.12978,0.13221,-0.32958,-0.076216,-0.045157,-0.67671,0.095039,0.099089,-0.66598,0.18352
0.018353,0.72055,-0.11743,0.0013354,0.55159,-0.031148,-0.17972,0.45163,-0.038311,0.1952,0.44449,0.002992,-0.30683,0.22609,0.069185,0.29983,0.19961,0.12762,-0.47246,0.090005,0.1287,0.49164,0.091987,0.1682,-0.000715,0.22364,0.000726,0,0.15724,0,-0.079206,0.072689,-0.011002,0.078673,0.070683,0.018796,-0.1134,-0.41032,-0.1073,0.12742,-0.39763,-0.066797,-0.083947,-0.79623,0.040787,0.10138,-0.7735,0.13989
0.017568,0.70662,-0.11848,0.0039053,0.52817,-0.03385,-0.18006,0.42971,-0.039885,0.19482,0.41457,-0.003753,-0.3339,0.20481,0.073484,0.30311,0.17669,0.12933,-0.52295,0.08695,0.10115,0.51947,0.089933,0.13854,3.95e-05,0.18518,-0.000797,0,0.11578,0,-0.078532,0.032497,-0.011121,0.076258,0.026972,0.020701,-0.11031,-0.52485,-0.088492,0.12312,-0.48487,-0.045023,-0.099781,-0.90835,-0.042597,0.10498,-0.89611,0.057538
0.014876,0.68199,-0.11343,0.0039315,0.48518,-0.034612,-0.1841,0.38634,-0.036076,0.19446,0.37715,0.001883,-0.34735,0.16106,0.065718,0.30962,0.14255,0.11044,-0.54855,0.059851,0.077425,0.52798,0.076695,0.10182,-1.33e-05,0.13503,-0.001646,0,0.065092,0,-0.076221,-0.020738,-0.011205,0.074507,-0.023033,0.020129,-0.10941,-0.59927,-0.062162,0.11924,-0.57534,-0.023378,-0.12188,-1.0063,-0.059621,0.10137,-1.0138,0.014173
0.011033,0.62845,-0.090585,0.0023416,0.43202,-0.013553,-0.18948,0.33298,-0.025894,0.19713,0.32126,0.020975,-0.36733,0.11484,0.066323,0.31322,0.086689,0.09549,-0.56903,0.019072,0.013277,0.5584,0.042773,0.049647,-0.0003936,0.095543,0.001061,0,0.02745,0,-0.077406,-0.059468,-0.015728,0.077211,-0.068497,0.013542,-0.11264,-0.61982,-0.049619,0.10602,-0.63533,-0.00323,-0.12734,-1.0092,-0.047415,0.091527,-1.0166,0.018698
0.0099323,0.55644,-0.054663,-0.0059231,0.36298,0.004009,-0.18681,0.25809,-0.013251,0.18836,0.25241,0.031437,-0.36703,0.043315,0.049858,0.31414,0.028019,0.083971,-0.57934,-0.013932,-0.019163,0.53203,0.0041811,0.012194,-0.001886,0.023924,0.005349,0,-0.043477,0,-0.076578,-0.12676,-0.019431,0.079082,-0.13203,0.011878,-0.10271,-0.6406,-0.040818,0.10181,-0.64277,0.006627,-0.11989,-1.0236,-0.003217,0.064843,-1.022,0.04005
-0.0032163,0.50302,-0.031834,0.0004305,0.30365,0.01718,-0.19196,0.19685,-0.003547,0.18037,0.18543,0.03901,-0.37589,-0.018972,0.044519,0.3055,-0.025614,0.075804,-0.57568,-0.0572,-0.069443,0.51404,-0.033408,-0.02665,-0.0010733,-0.03331,0.009857,0,-0.099798,0,-0.078399,-0.18295,-0.025622,0.078216,-0.18829,0.012419,-0.091999,-0.66743,-0.061129,0.089377,-0.65678,-0.025132,-0.12203,-1.0309,0.011982,0.010802,-1.0356,0.033223
-0.0001977,0.46743,-0.024992,-0.0041381,0.2597,0.017233,-0.19123,0.14734,-0.006429,0.18545,0.14907,0.042151,-0.37691,-0.052934,0.018308,0.32022,-0.077673,0.070434,-0.56385,-0.098416,-0.11549,0.52075,-0.066346,-0.082633,-0.0021986,-0.075382,0.011943,0,-0.14132,0,-0.078175,-0.22526,-0.025524,0.079933,-0.2331,0.012176,-0.09035,-0.66845,-0.092132,0.090866,-0.66038,-0.039958,-0.076757,-1.0235,-0.017464,0.011086,-1.0307,0.012961
0.0004176,0.45833,-0.019834,-0.0037682,0.25768,0.017296,-0.19103,0.14399,-0.008583,0.18621,0.14148,0.040844,-0.37562,-0.058293,0.015277,0.30944,-0.090768,0.063466,-0.53453,-0.1388,-0.13882,0.51902,-0.078434,-0.096888,-0.0024129,-0.079689,0.013857,0,-0.14601,0,-0.078559,-0.23004,-0.024853,0.080227,-0.23642,0.01118,-0.0928,-0.66925,-0.099764,0.09542,-0.66256,-0.050265,-0.075633,-1.0217,-0.023136,0.012688,-1.0292,0.007249
0.0049706,0.46317,-0.011332,-0.0044218,0.26152,0.021332,-0.19028,0.1491,-0.008558,0.18673,0.14238,0.0406,-0.36908,-0.05689,0.011063,0.30805,-0.083115,0.05514,-0.52895,-0.14475,-0.13743,0.52008,-0.085639,-0.10606,-0.002745,-0.078005,0.016382,0,-0.14406,0,-0.078607,-0.22772,-0.025124,0.080265,-0.23357,0.010018,-0.096545,-0.66745,-0.098613,0.096244,-0.66168,-0.050469,-0.077523,-1.0212,-0.022687,0.013527,-1.0281,0.006613
0.001472,0.50702,0.012589,-0.0019589,0.32036,0.040904,-0.1903,0.20655,0.008597,0.1814,0.19642,0.050369,-0.3645,-0.026177,0.025993,0.28499,-0.033154,0.0817,-0.51543,-0.15466,-0.097947,0.51875,-0.093032,-0.08795,-0.0025643,-0.0261,0.023286,0,-0.092308,0,-0.078168,-0.17476,-0.029871,0.078976,-0.18,0.007295,-0.11495,-0.65754,-0.063415,0.091553,-0.6588,-0.028899,-0.095426,-1.0239,0.004244,0.010182,-1.0296,0.030315
0.0002514,0.57578,0.021167,-0.013061,0.38563,0.052632,-0.1964,0.26997,0.014285,0.18188,0.26293,0.059991,-0.3639,0.02073,0.033885,0.32711,0.038961,0.080527,-0.50442,-0.14535,-0.043938,0.49938,-0.094916,-0.032243,-0.0049386,0.032919,0.02825,0,-0.033272,0,-0.074931,-0.11635,-0.029869,0.080277,-0.12166,0.002657,-0.12289,-0.64318,-0.01897,0.080245,-0.65228,0.028169,-0.10903,-1.0217,0.02153,0.045909,-1.0372,0.076274
0.0037933,0.64498,0.009411,-0.013168,0.45455,0.05022,-0.20037,0.35031,0.018873,0.1871,0.32676,0.059243,-0.35107,0.086373,0.033707,0.32349,0.10323,0.082552,-0.47097,-0.10478,-0.002868,0.48221,-0.083124,0.010769,-0.0050529,0.099082,0.030702,0,0.03268,0,-0.074938,-0.051227,-0.028903,0.080421,-0.059064,0.002226,-0.11702,-0.62805,0.007106,0.078152,-0.6359,0.053447,-0.11303,-1.0157,0.017079,0.048875,-1.0317,0.071649
0.0074912,0.69697,0.004302,-0.0065261,0.45649,0.040727,-0.19124,0.39401,0.009539,0.19371,0.38237,0.040466,-0.33234,0.12516,0.026993,0.32388,0.11396,0.082659,-0.43573,-0.07664,0.042214,0.46719,-0.061863,0.066559,-0.0024059,0.13247,0.029962,0,0.078455,0,-0.075701,-0.003892,-0.02654,0.077228,-0.012769,0.005263,-0.11037,-0.58228,-0.002961,0.089317,-0.59021,0.051012,-0.10354,-0.99932,0.018135,0.079645,-1.0124,0.078512
0.0085692,0.74463,-0.012839,-0.0033978,0.56095,0.035585,-0.18953,0.43935,0.005876,0.18407,0.4292,0.024372,-0.30379,0.17499,0.036919,0.30324,0.16901,0.091702,-0.4002,-0.035145,0.06437,0.43775,-0.01515,0.11705,-0.002149,0.1984,0.033178,0,0.13004,0,-0.075554,0.048528,-0.021881,0.076887,0.042504,0.002486,-0.11716,-0.49878,-0.047917,0.10794,-0.52008,0.019373,-0.070643,-0.88655,0.088506,0.10099,-0.92381,0.10562
0.013956,0.76116,-0.02176,0.0007537,0.57153,0.025339,-0.18877,0.45788,-0.002044,0.18812,0.44908,0.013553,-0.29585,0.193,0.04656,0.30335,0.18955,0.090766,-0.38349,-0.0096969,0.084812,0.42858,0.0041683,0.1679,-0.0009463,0.22507,0.031664,0,0.16087,0,-0.080853,0.083211,-0.016772,0.079989,0.067935,0.002598,-0.11179,-0.37607,-0.091605,0.12872,-0.42869,-0.02782,-0.020853,-0.72414,0.14083,0.096067,-0.81,0.16441
0.015263,0.77148,-0.029948,0.0025759,0.58481,0.017176,-0.18677,0.46689,-0.002392,0.1893,0.46151,0.011978,-0.2923,0.22061,0.062488,0.29659,0.21207,0.098412,-0.37268,0.013296,0.093975,0.42569,0.023446,0.18003,-0.0007013,0.24278,0.03073,0,0.17737,0,-0.080229,0.097616,-0.015245,0.078656,0.088452,0.003482,-0.11334,-0.32271,-0.10887,0.13546,-0.342,-0.056126,0.016995,-0.56537,0.15073,0.11347,-0.69068,0.18681
0.012876,0.77924,-0.042712,0.0038833,0.59143,0.014013,-0.18957,0.48458,0.004404,0.18883,0.47253,0.016135,-0.28993,0.23194,0.07015,0.2869,0.23389,0.1112,-0.38659,0.037356,0.12184,0.42398,0.073919,0.18471,-0.00026,0.25504,0.029933,0,0.1906,0,-0.080881,0.10901,-0.015287,0.078874,0.10061,0.004079,-0.10318,-0.30912,-0.12244,0.15621,-0.31657,-0.073133,0.0015288,-0.43433,0.14941,0.0726,-0.53946,0.17084
0.012222,0.77943,-0.048041,0.0033256,0.5933,0.012955,-0.18949,0.48622,0.003211,0.18946,0.47481,0.0171,-0.28893,0.2366,0.071939,0.28904,0.23362,0.11867,-0.40107,0.051391,0.12618,0.43799,0.082263,0.18493,-0.0005785,0.25862,0.029425,0,0.19431,0,-0.080695,0.11232,-0.015517,0.079183,0.10424,0.004412,-0.10513,-0.30389,-0.12997,0.15551,-0.31276,-0.074481,-0.0030872,-0.53927,0.2049,0.094804,-0.54657,0.22483
0.012061,0.78092,-0.049936,0.00355,0.5939,0.012253,-0.18949,0.48663,0.00338,0.18924,0.47593,0.017416,-0.29047,0.24204,0.078287,0.29258,0.2349,0.12318,-0.42429,0.072435,0.13407,0.46497,0.095294,0.17775,-0.0005512,0.2593,0.028934,0,0.1949,0,-0.08064,0.113,-0.015306,0.079195,0.10516,0.004408,-0.11133,-0.30302,-0.12841,0.151,-0.31331,-0.069296,-0.019377,-0.57911,0.17952,0.089526,-0.61066,0.22723
0.012183,0.77886,-0.054675,0.0038523,0.58914,0.008239,-0.18946,0.48553,0.000553,0.18908,0.47349,0.013393,-0.2942,0.23833,0.081904,0.30124,0.2288,0.12076,-0.44644,0.080785,0.12754,0.50693,0.092713,0.16196,-0.0004171,0.25567,0.027547,0,0.19075,0,-0.080334,0.10862,-0.015127,0.078806,0.10061,0.006237,-0.10042,-0.33748,-0.088363,0.13813,-0.36413,-0.049782,-0.028122,-0.65313,0.18813,0.10564,-0.71862,0.18829
0.0025656,0.75879,-0.071866,0.0002288,0.57475,-0.000701,-0.19641,0.46699,-0.008191,0.18376,0.45792,0.00291,-0.31445,0.21585,0.079619,0.30546,0.2095,0.10929,-0.4799,0.067415,0.1121,0.51634,0.089554,0.12002,-0.0009236,0.23108,0.024182,0,0.16279,0,-0.079002,0.075472,-0.013087,0.078859,0.075095,0.008641,-0.10465,-0.42472,-0.068432,0.12811,-0.43576,-0.038216,-0.071705,-0.80838,0.12024,0.10302,-0.82582,0.14525
-0.0067271,0.73529,-0.082447,-0.0035504,0.5432,-0.010684,-0.19902,0.43272,-0.018015,0.18725,0.42245,-0.004356,-0.3367,0.1868,0.065281,0.29857,0.18254,0.079755,-0.51872,0.051588,0.038984,0.53685,0.060093,0.066419,-0.001516,0.1887,0.020312,0,0.11822,0,-0.078421,0.030068,-0.012205,0.079953,0.028587,0.011554,-0.10233,-0.52766,-0.046142,0.12087,-0.52826,-0.015905,-0.081224,-0.88973,0.054696,0.10076,-0.93307,0.075584
-0.0062201,0.67911,-0.077208,-0.0033536,0.48722,-0.010778,-0.20298,0.37596,-0.017165,0.18637,0.36882,-0.000999,-0.34556,0.12968,0.041472,0.30891,0.12923,0.071176,-0.53689,0.012427,-0.007311,0.5399,0.026042,0.022048,-0.0015144,0.13465,0.018319,0,0.064349,0,-0.077504,-0.024118,-0.01082,0.078904,-0.023826,0.009538,-0.10121,-0.59911,-0.02381,0.12464,-0.60209,0.006238,-0.095733,-1.0016,0.03238,0.096687,-1.035,0.059357
-0.0063242,0.62589,-0.065783,-0.007165,0.42952,3.2e-05,-0.20777,0.31787,-0.008691,0.18838,0.31334,0.008561,-0.35638,0.077702,0.018291,0.30868,0.069106,0.066013,-0.5421,-0.033915,-0.063655,0.53001,-0.019007,-0.036023,-0.0021615,0.081495,0.019199,0,0.012789,0,-0.079359,-0.076635,-0.012892,0.082444,-0.077167,0.006917,-0.099102,-0.59957,-0.015434,0.11719,-0.62236,0.012599,-0.099748,-0.99445,0.032446,0.092719,-1.0249,0.044603
-0.011063,0.55304,-0.043878,-0.0091873,0.35774,0.011581,-0.20589,0.24499,0.002267,0.17763,0.23703,0.01321,-0.36077,0.017555,0.016375,0.30071,0.0089673,0.054109,-0.54514,-0.090209,-0.10769,0.5226,-0.081469,-0.072801,-0.0021974,0.012713,0.021443,0,-0.054622,0,-0.078242,-0.14197,-0.015918,0.08211,-0.14088,0.005213,-0.084625,-0.65081,-0.002319,0.10808,-0.64515,0.006584,-0.086816,-1.0242,0.083996,0.067836,-1.034,0.069132
-0.011378,0.49745,-0.024914,-0.0085071,0.29525,0.020956,-0.20141,0.17786,0.007125,0.17869,0.17039,0.024594,-0.3587,-0.048296,0.003964,0.30547,-0.055292,0.046675,-0.52504,-0.14343,-0.14038,0.5151,-0.12889,-0.099172,-0.0025384,-0.047407,0.024187,0,-0.11351,0,-0.078607,-0.19956,-0.020575,0.082197,-0.19992,0.00589,-0.082002,-0.65985,-0.015589,0.10345,-0.65868,-0.016637,-0.071862,-1.0349,0.084495,0.064125,-1.0345,0.070205
-0.011094,0.46032,-0.032255,-0.0030864,0.26146,0.018354,-0.19896,0.15554,0.002638,0.18688,0.13103,0.019372,-0.35043,-0.069766,-0.008603,0.30712,-0.078258,0.033151,-0.49932,-0.1892,-0.15775,0.48791,-0.16748,-0.099552,-0.001722,-0.078537,0.024616,0,-0.14431,0,-0.08032,-0.23141,-0.018018,0.081474,-0.23407,0.004857,-0.078997,-0.67266,-0.046885,0.10692,-0.66197,-0.037132,-0.046477,-1.0271,0.036221,0.05433,-1.0312,0.041759
-0.0092398,0.45238,-0.029863,-0.0046679,0.25639,0.015136,-0.19866,0.14174,-0.002102,0.18479,0.12838,0.015749,-0.34526,-0.085267,-0.012843,0.31059,-0.089142,0.029032,-0.48375,-0.21561,-0.16536,0.48458,-0.18127,-0.10833,-0.0020669,-0.085749,0.024424,0,-0.15226,0,-0.07957,-0.23822,-0.017411,0.081517,-0.2395,0.004883,-0.083115,-0.67347,-0.050887,0.10874,-0.66584,-0.047277,-0.04634,-1.0267,0.033549,0.047707,-1.0281,0.031708
-0.0054283,0.47176,-0.02786,-0.0059015,0.26408,0.011169,-0.20139,0.14601,-0.004453,0.18142,0.13556,0.010451,-0.33843,-0.082637,-0.010062,0.30909,-0.08813,0.025634,-0.46774,-0.22778,-0.14288,0.50017,-0.2037,-0.11961,-0.0020916,-0.078885,0.023808,0,-0.14554,0,-0.079302,-0.23157,-0.015733,0.082133,-0.23168,0.005391,-0.093217,-0.67752,-0.046465,0.10953,-0.65829,-0.040889,-0.050359,-1.0265,0.034855,0.047961,-1.0222,0.030247
-0.0094951,0.52802,-0.023958,-0.0078369,0.33117,0.018565,-0.1974,0.21755,-0.000293,0.17716,0.20545,0.01214,-0.3413,-0.044034,-0.007056,0.3197,-0.034586,0.026944,-0.46017,-0.23387,-0.086978,0.48675,-0.20301,-0.095318,-0.0022206,-0.018293,0.025869,0,-0.085777,0,-0.077033,-0.1697,-0.018067,0.080222,-0.17153,0.004876,-0.10803,-0.65749,0.004996,0.10157,-0.65423,-0.006495,-0.064154,-1.0287,0.07303,0.048375,-1.0403,0.067425
-4.39e-05,0.59072,-0.021858,-0.0084784,0.4037,0.018064,-0.19886,0.2784,0.005613,0.18493,0.2723,0.016663,-0.32297,0.021725,0.003591,0.31502,0.019974,0.045818,-0.43826,-0.19379,-0.023341,0.4557,-0.17493,-0.038519,-0.0021995,0.04451,0.026417,0,-0.024968,0,-0.07738,-0.11246,-0.015235,0.080806,-0.11068,0.002342,-0.101,-0.64446,0.051341,0.095395,-0.63312,0.050696,-0.067336,-1.0216,0.082468,0.053227,-1.0345,0.084407
0.0008494,0.65653,-0.029093,-0.0095528,0.46875,0.022121,-0.19948,0.35892,0.011529,0.18836,0.34041,0.019239,-0.30514,0.086835,0.016635,0.30974,0.074729,0.060558,-0.40552,-0.13154,0.013859,0.44199,-0.12639,0.020004,-0.002242,0.10953,0.028039,0,0.040445,0,-0.077482,-0.045852,-0.01456,0.081378,-0.04797,-0.000113,-0.096196,-0.61758,0.06725,0.1014,-0.62208,0.065907,-0.083562,-0.99934,0.087059,0.07727,-1.0174,0.087295
0.0013957,0.71193,-0.032364,-0.0081483,0.527,0.018475,-0.19769,0.41067,0.008133,0.188,0.39928,0.006322,-0.2972,0.13321,0.046989,0.30105,0.12973,0.074454,-0.38779,-0.072845,0.06434,0.42458,-0.071388,0.065838,-0.0012886,0.16195,0.027965,0,0.091403,0,-0.077389,0.0042745,-0.013239,0.080639,0.0048036,0.000347,-0.10187,-0.57044,0.047922,0.11963,-0.56926,0.060343,-0.08788,-0.99232,0.096254,0.10534,-0.99887,0.10001
0.0024017,0.7502,-0.036039,-0.0087754,0.5569,0.011328,-0.19389,0.44858,0.004997,0.18867,0.43012,0.000579,-0.28839,0.1671,0.057866,0.29575,0.15848,0.069906,-0.37398,-0.037093,0.095447,0.41464,-0.026945,0.11217,-0.0012604,0.20865,0.026335,0,0.14119,0,-0.076786,0.057108,-0.010558,0.080517,0.052096,0.000198,-0.10928,-0.47664,-0.01637,0.12618,-0.48878,0.008262,-0.057747,-0.85983,0.17521,0.10172,-0.88065,0.1588
0.0052781,0.76306,-0.040587,0.0007242,0.57647,0.007211,-0.19177,0.46105,0.001096,0.18856,0.44522,-0.003159,-0.29403,0.21101,0.06982,0.29517,0.19467,0.087852,-0.34928,0.00057243,0.12186,0.417,0.01908,0.15148,0.0002385,0.22714,0.025162,0,0.15925,0,-0.081372,0.080195,-0.008341,0.080718,0.069559,0.000249,-0.12071,-0.34498,-0.06094,0.14215,-0.3901,-0.034668,-0.0095768,-0.62907,0.18992,0.10749,-0.73987,0.20996
0.007191,0.78186,-0.049359,0.0012955,0.58338,0.003535,-0.19331,0.47945,0.003655,0.18859,0.46392,0.001697,-0.29441,0.22039,0.074317,0.29527,0.20759,0.098962,-0.35264,0.0094799,0.12226,0.42965,0.039032,0.15738,0.0003723,0.25024,0.023433,0,0.18595,0,-0.081764,0.10241,-0.009462,0.080684,0.095426,0.001835,-0.1044,-0.32318,-0.068867,0.15978,-0.3225,-0.064911,-0.025858,-0.55185,0.12617,0.059474,-0.54845,0.17846
0.0075924,0.78839,-0.052257,0.001971,0.5889,0.003238,-0.19341,0.48719,0.003981,0.19016,0.47036,0.004855,-0.29445,0.23436,0.081529,0.29694,0.21591,0.1086,-0.37469,0.031905,0.13311,0.43596,0.05122,0.16727,0.0003324,0.2592,0.022683,0,0.19481,0,-0.08222,0.11093,-0.011506,0.080918,0.10437,0.00395,-0.12849,-0.30353,-0.1239,0.16491,-0.31112,-0.072689,-0.017041,-0.44047,0.12578,0.040257,-0.45918,0.19304
0.0082074,0.78958,-0.052418,0.0021551,0.58987,0.003052,-0.19191,0.49059,0.004791,0.19122,0.47207,0.007442,-0.29482,0.24292,0.091394,0.29758,0.22197,0.11636,-0.39651,0.056853,0.15976,0.46463,0.08314,0.1699,0.0002461,0.26123,0.021837,0,0.19695,0,-0.082138,0.11352,-0.011276,0.080803,0.10674,0.003853,-0.13063,-0.30062,-0.12344,0.16349,-0.30873,-0.073862,-0.023235,-0.44906,0.12186,0.045565,-0.45667,0.18452
0.0091975,0.78869,-0.05415,0.0035015,0.59123,0.004111,-0.19059,0.49092,0.00502,0.19125,0.47194,0.006905,-0.29591,0.24442,0.095969,0.29815,0.22328,0.11642,-0.42207,0.069074,0.15335,0.48388,0.10277,0.15919,0.0004116,0.26127,0.021324,0,0.19688,0,-0.082149,0.11364,-0.011558,0.080586,0.1067,0.004045,-0.12535,-0.30118,-0.12284,0.16424,-0.30824,-0.075039,-0.0056609,-0.42594,0.13561,0.11083,-0.58433,0.24171
0.0084569,0.78628,-0.055421,0.0021232,0.58922,0.003203,-0.19043,0.48625,0.004774,0.19088,0.46964,0.005939,-0.30482,0.23174,0.1011,0.30291,0.21877,0.1175,-0.47299,0.086601,0.13633,0.4969,0.10776,0.14608,0.0001641,0.25588,0.02051,0,0.19028,0,-0.081818,0.10756,-0.011088,0.080594,0.10013,0.003721,-0.11174,-0.31556,-0.083509,0.14789,-0.33267,-0.0706,-0.015354,-0.59121,0.20059,0.13192,-0.63501,0.22744
0.0074488,0.7667,-0.063452,-0.0021828,0.57525,0.000934,-0.19017,0.4658,-0.000734,0.19138,0.44844,0.002818,-0.31369,0.22029,0.092131,0.30886,0.20542,0.1081,-0.49128,0.081328,0.10861,0.53277,0.10167,0.1012,-0.0008254,0.2277,0.019377,0,0.15857,0,-0.079695,0.074958,-0.010716,0.080635,0.069618,0.003982,-0.10995,-0.39922,-0.074096,0.13832,-0.42135,-0.049542,-0.056989,-0.75815,0.1554,0.1331,-0.78603,0.17723
0.00028099,0.72701,-0.061531,-0.0021142,0.53748,0.003399,-0.19463,0.42949,-0.00146,0.18885,0.41509,0.004499,-0.33716,0.19102,0.076425,0.31402,0.169,0.093752,-0.53677,0.068387,0.054147,0.54233,0.081004,0.04631,-0.00065583,0.18577,0.019417,0,0.11696,0,-0.078751,0.032014,-0.010383,0.079627,0.027938,0.003155,-0.11381,-0.49419,-0.059915,0.13297,-0.5196,-0.028031,-0.05611,-0.8731,0.09709,0.12269,-0.90375,0.12381
0.0014233,0.68284,-0.056449,-0.0071934,0.48885,0.010846,-0.19521,0.38362,0.004834,0.18883,0.36737,0.009031,-0.35971,0.13782,0.063297,0.31595,0.13245,0.071638,-0.55757,0.041852,-0.009196,0.55258,0.052738,0.002196,-0.001496,0.13318,0.020902,0,0.063662,0,-0.07793,-0.020744,-0.012337,0.080874,-0.02523,0.002242,-0.10616,-0.57272,-0.040042,0.13308,-0.59172,-0.00767,-0.075353,-0.97353,0.065937,0.11369,-1.0086,0.063322
-0.0018935,0.62278,-0.038918,-0.0018078,0.42539,0.011363,-0.2033,0.30967,0.010712,0.19216,0.30337,0.025266,-0.35874,0.083123,0.041437,0.31187,0.076562,0.066092,-0.55711,0.00042652,-0.047308,0.54727,0.0024597,-0.049757,-0.0011402,0.073229,0.021288,0,0.0043975,0,-0.080699,-0.083683,-0.013771,0.081466,-0.086061,0.003081,-0.10285,-0.62577,-0.011585,0.12393,-0.60859,0.000878,-0.09894,-1.0014,0.038686,0.10523,-0.99999,0.042566
-0.004645,0.55319,-0.01867,-0.0087116,0.35307,0.01659,-0.20081,0.2366,0.017335,0.18764,0.2296,0.030379,-0.37471,0.018896,0.038033,0.31892,-0.0005672,0.058572,-0.55979,-0.046046,-0.091268,0.52547,-0.061103,-0.07167,-0.0022553,0.0056738,0.022955,0,-0.06176,0,-0.079361,-0.14866,-0.012802,0.083032,-0.14967,-2.3e-05,-0.098237,-0.64107,-0.008567,0.10416,-0.64425,-0.005303,-0.099061,-0.98338,0.037319,0.065956,-1.0274,0.09211
-0.011575,0.49181,-0.017025,-0.0066375,0.29222,0.022456,-0.19902,0.17472,0.023562,0.18694,0.16703,0.034102,-0.35902,-0.042013,0.015627,0.31995,-0.064216,0.048378,-0.5491,-0.10409,-0.12274,0.52306,-0.11401,-0.095168,-0.0018129,-0.051717,0.025225,0,-0.11791,0,-0.07898,-0.20262,-0.012848,0.081785,-0.20651,-0.002491,-0.089579,-0.66013,-0.025537,0.10999,-0.64729,-0.022338,-0.050278,-1.0349,0.067663,0.075137,-1.0324,0.082463
-0.0076004,0.46857,-0.018299,-0.0074487,0.26067,0.017002,-0.19479,0.14611,0.004826,0.18183,0.14154,0.023443,-0.359,-0.067628,0.012655,0.30685,-0.079758,0.041485,-0.52849,-0.14192,-0.13369,0.51371,-0.13871,-0.10285,-0.0025063,-0.08552,0.024917,0,-0.15258,0,-0.077355,-0.235,-0.01464,0.08022,-0.23694,0.001369,-0.089907,-0.66992,-0.042384,0.11176,-0.66292,-0.041361,-0.05074,-1.031,0.053279,0.077986,-1.0343,0.060817
-0.008778,0.46311,-0.018707,-0.0077862,0.25781,0.012822,-0.19519,0.14422,-0.001308,0.17997,0.13767,0.017066,-0.34305,-0.077925,0.017299,0.30575,-0.091931,0.039854,-0.52335,-0.15088,-0.13268,0.50453,-0.15424,-0.10868,-0.0026092,-0.088106,0.024123,0,-0.1555,0,-0.076485,-0.23902,-0.012053,0.079887,-0.24012,0.00252,-0.0945,-0.6733,-0.047856,0.11218,-0.66553,-0.046004,-0.051618,-1.0311,0.049028,0.085527,-1.0279,0.048966
-0.004769,0.47659,-0.02087,-0.0042295,0.27611,0.002299,-0.19446,0.15457,-0.007313,0.1815,0.14266,0.009553,-0.34176,-0.052804,0.010679,0.31015,-0.087522,0.032186,-0.50457,-0.17212,-0.11008,0.50182,-0.15998,-0.11487,-0.0018971,-0.072519,0.021746,0,-0.14055,0,-0.078089,-0.22301,-0.009898,0.079957,-0.22752,0.003637,-0.10436,-0.67097,-0.035465,0.11629,-0.65404,-0.03736,-0.054642,-1.0262,0.048975,0.088942,-1.0257,0.0472
0.007321,0.54667,-0.01001,-0.0041922,0.34729,0.006503,-0.19153,0.23106,-0.011115,0.18392,0.21704,0.002968,-0.35354,0.0071342,-0.005323,0.31525,-0.020338,0.029237,-0.50165,-0.17529,-0.10407,0.49992,-0.16112,-0.11506,-0.0016369,-0.007449,0.022128,0,-0.077012,0,-0.077866,-0.1606,-0.010132,0.079539,-0.16276,0.002013,-0.10308,-0.64989,0.01778,0.11612,-0.63984,0.008818,-0.0715,-1.0238,0.081269,0.094297,-1.0224,0.056331
0.0025271,0.60929,-0.023273,-0.0043165,0.42229,0.014134,-0.19344,0.30137,-0.001273,0.1874,0.28821,0.018538,-0.3474,0.049732,-0.007522,0.30866,0.050532,0.028651,-0.47581,-0.16166,-0.061081,0.46536,-0.14786,-0.07522,-0.0020344,0.059737,0.023765,0,-0.01088,0,-0.077786,-0.095418,-0.012667,0.079497,-0.098099,0.001573,-0.094589,-0.6345,0.05448,0.10701,-0.64971,0.062705,-0.082258,-1.027,0.086727,0.095119,-1.026,0.05837
0.010773,0.67442,-0.027262,-0.0031529,0.48528,0.016771,-0.1932,0.3718,-0.000134,0.19198,0.35936,0.017268,-0.32195,0.11466,0.016701,0.3169,0.082318,0.036668,-0.4269,-0.097622,-0.014801,0.44589,-0.10324,-0.019439,-0.0017054,0.12208,0.024831,0,0.051557,0,-0.077618,-0.033106,-0.014151,0.078882,-0.037594,0.001882,-0.089782,-0.60579,0.057554,0.11256,-0.61052,0.065856,-0.081708,-1.0162,0.078518,0.10468,-1.0233,0.055036
0.013116,0.72616,-0.039876,-0.0014016,0.5393,0.007615,-0.18695,0.42587,-0.007427,0.18804,0.41247,0.000142,-0.30611,0.15897,0.031844,0.3052,0.13673,0.044748,-0.39876,-0.063114,0.020375,0.44216,-0.068046,0.03027,-0.00077265,0.17502,0.02301,0,0.10361,0,-0.076723,0.01941,-0.011978,0.077268,0.018317,0.003629,-0.10215,-0.55609,0.034997,0.1242,-0.54515,0.03871,-0.092894,-0.96766,0.065245,0.10928,-0.92551,0.064291
0.018845,0.7548,-0.043755,0.0049857,0.57466,0.000711,-0.18599,0.44861,-0.018777,0.19028,0.43472,-0.004869,-0.29833,0.17081,0.025823,0.30189,0.16258,0.051376,-0.37966,-0.039499,0.044025,0.43435,-0.023648,0.092859,8.06e-05,0.22159,0.020701,0,0.15228,0,-0.082156,0.069137,-0.009878,0.079833,0.064406,0.004039,-0.11268,-0.47739,-0.01685,0.12613,-0.44916,-0.020789,-0.079568,-0.87234,0.13304,0.122,-0.84331,0.11101
0.014664,0.78099,-0.048032,0.0055845,0.58642,-0.00391,-0.19105,0.46995,-0.012252,0.18963,0.45301,-0.00993,-0.28718,0.21253,0.040167,0.30188,0.18674,0.07003,-0.36808,-0.010041,0.050439,0.43189,-0.0095195,0.11518,0.0008246,0.23653,0.01862,0,0.16724,0,-0.0823,0.08466,-0.007205,0.080001,0.078371,0.003347,-0.12893,-0.361,-0.062212,0.13212,-0.37811,-0.045789,-0.027124,-0.7105,0.16602,0.11764,-0.74176,0.15414
0.020889,0.7973,-0.047955,0.0075253,0.60193,-0.002301,-0.18918,0.4888,-0.012197,0.19232,0.47041,-0.004243,-0.2886,0.21951,0.040451,0.30036,0.2044,0.080704,-0.36943,0.0093722,0.061381,0.43697,0.02651,0.13687,0.0008323,0.25978,0.017986,0,0.19226,0,-0.083065,0.11021,-0.010308,0.08039,0.10105,0.004621,-0.1332,-0.31039,-0.08592,0.14389,-0.31808,-0.068712,-0.0040009,-0.54279,0.1585,0.086343,-0.61623,0.16927
0.023015,0.81124,-0.042249,0.008006,0.60805,-0.002351,-0.18787,0.49327,-0.010782,0.19592,0.47615,0.002304,-0.28925,0.228,0.04746,0.29751,0.21291,0.093954,-0.37768,0.02059,0.066478,0.44476,0.035688,0.14194,0.0006247,0.26743,0.016993,0,0.20003,0,-0.083186,0.11714,-0.010846,0.080505,0.10803,0.005365,-0.078017,-0.30809,0.023512,0.14552,-0.31059,-0.069377,0.016083,-0.53648,0.21319,0.10033,-0.60127,0.21543
0.022371,0.81337,-0.038965,0.0081292,0.60907,-0.000562,-0.18761,0.49532,-0.00979,0.19743,0.47893,0.009898,-0.29588,0.23426,0.0566,0.29457,0.21945,0.10398,-0.41473,0.045752,0.090427,0.46,0.074615,0.15494,0.0003581,0.2696,0.016525,0,0.20264,0,-0.083389,0.11981,-0.012058,0.080459,0.1104,0.005884,-0.087619,-0.30542,0.021783,0.14322,-0.30824,-0.070494,0.01515,-0.4976,0.24063,0.097998,-0.61659,0.21951
0.02247,0.81503,-0.028875,0.0091796,0.61056,0.005882,-0.18719,0.49521,-0.008344,0.19596,0.47973,0.012302,-0.29814,0.24033,0.062042,0.29266,0.21994,0.10802,-0.45151,0.073094,0.069559,0.46672,0.083376,0.14893,0.0003318,0.26914,0.016792,0,0.20241,0,-0.083336,0.11988,-0.01238,0.080277,0.11019,0.005763,-0.15502,-0.29723,-0.088837,0.12901,-0.33104,-0.058973,-0.028393,-0.55501,0.22357,0.093234,-0.66049,0.21048
0.019807,0.81246,-0.024766,0.0049102,0.60602,0.015265,-0.18562,0.49196,-0.006421,0.19526,0.47337,0.014047,-0.30611,0.23475,0.061913,0.29315,0.21877,0.10798,-0.47924,0.086765,0.057277,0.48311,0.098918,0.133,-0.000197,0.26217,0.019107,0,0.19487,0,-0.082261,0.11514,-0.015399,0.080097,0.1021,0.005777,-0.15158,-0.30293,-0.08749,0.11757,-0.40145,-0.035095,-0.047677,-0.59785,0.20172,0.094513,-0.77871,0.17228
0.017043,0.78541,-0.009138,0.0001928,0.59168,0.021551,-0.18437,0.46738,-0.000918,0.19505,0.45883,0.018419,-0.31734,0.2225,0.051877,0.29838,0.20852,0.10306,-0.50409,0.093949,0.014183,0.49853,0.10012,0.10181,-0.0013758,0.2298,0.022834,0,0.15841,0,-0.079265,0.077664,-0.021963,0.080196,0.066871,0.006403,-0.13312,-0.40325,-0.054841,0.11177,-0.47365,-0.020979,-0.085192,-0.74868,0.19424,0.084823,-0.8687,0.15469
0.011411,0.73969,-0.003537,0.0010229,0.5382,0.031551,-0.19344,0.41911,0.008013,0.19405,0.40487,0.027527,-0.34172,0.19232,0.037008,0.31239,0.16212,0.096815,-0.54016,0.11202,-0.055242,0.54969,0.083144,0.050294,-0.0011388,0.17644,0.026585,0,0.10713,0,-0.0798,0.026669,-0.020624,0.079384,0.012443,0.00218,-0.1373,-0.50208,-0.040244,0.09461,-0.5656,0.00533,-0.10985,-0.87454,0.15174,0.068009,-0.95101,0.12955
0.012485,0.6931,0.012518,-0.001399,0.4944,0.037818,-0.18679,0.37481,0.008132,0.19534,0.36513,0.037236,-0.35069,0.14979,0.014847,0.32279,0.12213,0.086591,-0.55655,0.10927,-0.088214,0.55089,0.050057,0.003739,-0.0023898,0.1237,0.030267,0,0.053891,0,-0.078611,-0.028865,-0.023136,0.079295,-0.034994,0.002685,-0.13317,-0.58852,-0.016106,0.098383,-0.59017,0.006619,-0.11355,-0.96752,0.10351,0.041844,-1.0117,0.10483
0.013901,0.62838,0.019915,0.0018057,0.42563,0.043601,-0.1893,0.30069,0.014552,0.19146,0.29298,0.041998,-0.36039,0.095792,0.007681,0.32157,0.055205,0.075289,-0.55173,0.082613,-0.12945,0.54755,-0.0038593,-0.025738,-0.0018751,0.064121,0.033544,0,-0.0035172,0,-0.079056,-0.087815,-0.02327,0.078333,-0.090905,0.000289,-0.12423,-0.64284,-0.004679,0.094695,-0.61469,0.010855,-0.13212,-1.0303,0.078998,0.043714,-1.0083,0.081306
-0.0020203,0.55306,0.019601,-0.0024037,0.35278,0.047011,-0.19102,0.23446,0.021394,0.18586,0.21857,0.044925,-0.35632,0.028675,0.002307,0.31838,-0.011461,0.061143,-0.54136,0.030987,-0.14472,0.5377,-0.068173,-0.062057,-0.0025399,-0.0044327,0.036239,0,-0.070474,0,-0.07899,-0.15346,-0.025272,0.079956,-0.15757,0.000818,-0.12437,-0.6457,-0.006836,0.083732,-0.63018,0.002882,-0.12903,-1.0237,0.073013,0.036727,-1.0127,0.084907
0.0009179,0.50143,0.020173,0.000499,0.29074,0.039861,-0.1872,0.16471,0.0107,0.18362,0.15688,0.046265,-0.35344,-0.024249,-0.005047,0.30934,-0.073768,0.045735,-0.52263,-0.040012,-0.17089,0.51212,-0.12536,-0.07798,-0.0031865,-0.061993,0.036977,0,-0.12744,0,-0.079058,-0.20919,-0.025121,0.078857,-0.21375,0.003536,-0.11944,-0.66897,-0.039069,0.087927,-0.64146,-0.012388,-0.11377,-1.0186,0.049733,0.030625,-1.001,0.052945
0.0089507,0.47488,0.01422,-0.0021179,0.26476,0.030632,-0.18725,0.15659,0.007469,0.18721,0.13806,0.038577,-0.35413,-0.045147,-0.014001,0.30862,-0.085563,0.03999,-0.51598,-0.097818,-0.19709,0.50757,-0.16472,-0.097917,-0.0032719,-0.075798,0.036964,0,-0.14017,0,-0.078753,-0.22365,-0.02341,0.079034,-0.22983,0.006003,-0.11959,-0.66964,-0.046911,0.092973,-0.65708,-0.022465,-0.11108,-1.0172,0.039136,0.026636,-0.99967,0.04097
0.008261,0.47451,0.011044,-0.0017748,0.2647,0.027889,-0.18596,0.15228,0.000353,0.18852,0.13554,0.035127,-0.35336,-0.046612,-0.016286,0.30777,-0.087655,0.037792,-0.5,-0.13836,-0.17862,0.49431,-0.17564,-0.1008,-0.0034998,-0.078888,0.036809,0,-0.14443,0,-0.079257,-0.22856,-0.021088,0.079019,-0.23269,0.004926,-0.12164,-0.67101,-0.049564,0.0925,-0.65981,-0.025571,-0.11194,-1.0173,0.036811,0.026762,-0.99948,0.038455
0.013056,0.49949,0.012054,0.012278,0.31178,0.022457,-0.18242,0.17732,-0.004027,0.18762,0.16393,0.027868,-0.34957,-0.030281,-0.017225,0.29937,-0.079109,0.031098,-0.49315,-0.14679,-0.16816,0.4881,-0.17776,-0.10286,-0.0018223,-0.057201,0.036436,0,-0.12603,0,-0.080451,-0.20744,-0.02133,0.078261,-0.21147,0.007077,-0.13374,-0.6627,-0.033757,0.090368,-0.64467,-0.0172,-0.11275,-1.0187,0.049061,0.033483,-1.012,0.08946
0.018194,0.56916,0.014392,0.0072215,0.37265,0.031572,-0.18316,0.2558,-0.002503,0.18712,0.2396,0.021499,-0.3499,0.023598,-0.020884,0.30307,-0.016117,0.035048,-0.47816,-0.16529,-0.12608,0.4764,-0.17266,-0.090556,-0.0013075,0.011259,0.038624,0,-0.056475,0,-0.080857,-0.13815,-0.017,0.078052,-0.14149,-0.000642,-0.12818,-0.64945,0.026429,0.084562,-0.61846,0.041657,-0.13628,-1.0239,0.07415,0.036561,-1.0007,0.089132
0.01312,0.63261,-0.014892,0.0069495,0.43739,0.022022,-0.18587,0.31293,-0.003707,0.1937,0.30739,0.012693,-0.33427,0.073542,-0.026467,0.30799,0.053856,0.03366,-0.44205,-0.12379,-0.078081,0.43891,-0.13069,-0.057627,-0.0004512,0.071323,0.037101,0,0.0016598,0,-0.080212,-0.081472,-0.015781,0.077482,-0.086374,0.001693,-0.12713,-0.63423,0.047516,0.077883,-0.63351,0.084041,-0.14094,-1.0225,0.071427,0.040961,-1.0247,0.11178
0.013484,0.69365,-0.025275,0.0006084,0.50276,0.010639,-0.18435,0.38377,-0.013582,0.1903,0.37086,0.007643,-0.31536,0.11611,-0.015994,0.2961,0.10114,0.044321,-0.41091,-0.089149,-0.061545,0.43181,-0.10037,-0.026153,-0.0019549,0.13738,0.034052,0,0.066671,0,-0.078672,-0.015766,-0.016228,0.078434,-0.020954,0.00668,-0.12767,-0.58941,0.028397,0.085801,-0.58461,0.078215,-0.14666,-0.97124,0.077503,0.055299,-0.97433,0.107
0.017693,0.73908,-0.042996,0.0035629,0.53568,-0.00481,-0.18498,0.41897,-0.028328,0.18739,0.41926,-0.01332,-0.2963,0.14992,-0.009476,0.29503,0.14065,0.037056,-0.38332,-0.060011,-0.042771,0.4242,-0.060236,0.014907,-0.0007125,0.17567,0.028738,0,0.10507,0,-0.078814,0.030996,-0.009484,0.077421,0.013722,0.007277,-0.12716,-0.50303,-0.022407,0.096281,-0.56275,0.041264,-0.12057,-0.88257,0.12672,0.061005,-0.98052,0.12239
0.02121,0.7607,-0.057649,0.0019207,0.56206,-0.015337,-0.18087,0.45821,-0.030724,0.1921,0.42973,-0.012568,-0.28568,0.17298,-0.006033,0.29894,0.15194,0.041976,-0.36308,-0.0416,-0.017156,0.4308,-0.031249,0.061268,-0.0011923,0.22506,0.023544,0,0.15641,0,-0.082019,0.073474,-0.006339,0.081717,0.065654,0.007212,-0.12267,-0.37717,-0.068824,0.11937,-0.43245,-0.02588,-0.062804,-0.73074,0.16766,0.078033,-0.80412,0.14343
0.020588,0.76887,-0.075044,0.002151,0.57189,-0.019316,-0.18173,0.46177,-0.033784,0.19802,0.45557,-0.012686,-0.2789,0.18907,0.006986,0.3011,0.18041,0.054773,-0.35837,-0.024709,-0.01349,0.43496,-0.015586,0.074731,-0.001221,0.2344,0.019958,0,0.16634,0,-0.08219,0.085474,-0.004942,0.0817,0.075807,0.007984,-0.1266,-0.32955,-0.11205,0.13155,-0.3463,-0.053358,-0.015993,-0.55342,0.18415,0.087627,-0.69572,0.19173
0.021206,0.77165,-0.079635,0.0048228,0.58002,-0.024007,-0.1818,0.46972,-0.03398,0.1969,0.45768,-0.013632,-0.2783,0.20972,0.014092,0.30127,0.19394,0.064821,-0.3693,0.0019231,0.025038,0.44652,0.0019314,0.089824,-0.00056982,0.24435,0.016677,0,0.17671,0,-0.082876,0.095171,-0.003743,0.081017,0.087229,0.008505,-0.069107,-0.33162,-0.039765,0.14898,-0.32708,-0.08632,-0.00072012,-0.51502,0.19749,0.085098,-0.52516,0.11486
0.022048,0.77425,-0.083357,0.0095813,0.58574,-0.026949,-0.18049,0.47432,-0.032788,0.19641,0.46058,-0.011775,-0.28083,0.21726,0.021847,0.30054,0.20063,0.073875,-0.37889,0.012791,0.033795,0.44846,0.02952,0.090453,0.00020667,0.25053,0.013985,0,0.18281,0,-0.083802,0.10139,-0.004196,0.080436,0.093719,0.009719,-0.067166,-0.32542,-0.035578,0.15037,-0.31967,-0.087584,0.020031,-0.48681,0.26597,0.093778,-0.58796,0.23591
0.020142,0.77316,-0.085897,0.008463,0.58469,-0.028185,-0.18074,0.47524,-0.033927,0.19481,0.4626,-0.010545,-0.28833,0.22652,0.037125,0.29683,0.20374,0.078417,-0.4007,0.028809,0.042843,0.46973,0.047307,0.10371,-3.787e-05,0.2519,0.011637,0,0.18472,0,-0.082431,0.1032,-0.00489,0.079762,0.096363,0.010953,-0.024414,-0.31882,0.016156,0.14729,-0.31692,-0.088451,0.022484,-0.50695,0.25481,0.088693,-0.58816,0.23243
0.020007,0.77116,-0.087273,0.0099468,0.58134,-0.030363,-0.17945,0.47577,-0.034494,0.19509,0.45883,-0.010052,-0.29297,0.2257,0.03895,0.29834,0.20553,0.083863,-0.43733,0.049306,0.037462,0.47989,0.053601,0.096538,0.00033841,0.24868,0.009409,0,0.18142,0,-0.082979,0.10062,-0.004458,0.07917,0.093354,0.011306,-0.11104,-0.3166,-0.10625,0.15639,-0.31936,-0.081917,-0.0077035,-0.61672,0.17877,0.097635,-0.59739,0.20877
0.014741,0.76304,-0.08647,0.0062283,0.56845,-0.03079,-0.18373,0.46627,-0.034083,0.18805,0.45364,-0.00908,-0.30788,0.2157,0.045117,0.28897,0.20199,0.088804,-0.47593,0.061294,0.0249,0.47872,0.056593,0.087569,-0.00011456,0.2317,0.007574,0,0.16353,0,-0.082142,0.081363,-0.004322,0.078993,0.077541,0.011739,-0.11849,-0.35289,-0.085047,0.14243,-0.36604,-0.056375,-0.016029,-0.69951,0.14786,0.14719,-0.71805,0.18914
0.010169,0.74441,-0.086632,0.0014202,0.54531,-0.028111,-0.18521,0.43151,-0.038736,0.18748,0.42874,-0.010882,-0.31925,0.20013,0.034018,0.2932,0.16208,0.076619,-0.49678,0.056894,0.010105,0.50495,0.033349,0.028977,-0.00090514,0.19793,0.006578,0,0.12765,0,-0.081617,0.044855,-0.004896,0.080774,0.039758,0.010414,-0.11295,-0.45308,-0.062622,0.13044,-0.45113,-0.036785,-0.048572,-0.84276,0.10326,0.14008,-0.84237,0.12666
0.0072587,0.70386,-0.084742,0.0056907,0.50713,-0.034042,-0.18641,0.39787,-0.040626,0.19266,0.38492,-0.003265,-0.32691,0.15037,0.008895,0.29404,0.13548,0.072012,-0.51057,0.025901,-0.059011,0.52052,0.0010483,-0.014181,-7.026e-05,0.14627,0.003935,0,0.074271,0,-0.081101,-0.011211,-0.005545,0.078347,-0.011723,0.013939,-0.099451,-0.56599,-0.028994,0.13618,-0.55905,-0.01035,-0.058477,-0.97502,0.053769,0.14079,-0.9528,0.083181
0.0077392,0.64847,-0.074109,-0.0027038,0.44989,-0.031906,-0.18664,0.33486,-0.040267,0.19079,0.32766,0.004095,-0.32809,0.11676,-0.007354,0.29745,0.080467,0.060923,-0.52647,-0.0043007,-0.10273,0.51756,-0.032604,-0.050782,-0.0017675,0.091347,0.003142,0,0.019082,0,-0.077614,-0.064531,-0.003666,0.078684,-0.067774,0.010814,-0.091961,-0.62419,-0.010261,0.129,-0.62471,0.008304,-0.059997,-0.99694,0.058333,0.13497,-1.0288,0.052449
0.0091953,0.58359,-0.046307,0.00011593,0.38209,-0.02138,-0.18458,0.26699,-0.03073,0.18964,0.26356,0.012128,-0.3206,0.049273,-0.018471,0.30755,0.012602,0.056206,-0.50712,-0.038799,-0.13031,0.51016,-0.086016,-0.078294,-0.0011427,0.028881,0.003779,0,-0.041979,0,-0.080132,-0.12424,-0.007316,0.080086,-0.12905,0.010327,-0.088067,-0.62807,0.004305,0.1237,-0.63418,0.019333,-0.055445,-1.0037,0.086472,0.12836,-1.0286,0.062057
0.0030076,0.51733,-0.031956,-0.0056268,0.31116,-0.001241,-0.18922,0.18713,-0.021263,0.18761,0.19084,0.025492,-0.32787,-0.01767,-0.018327,0.29183,-0.052583,0.048811,-0.51594,-0.091517,-0.17466,0.50058,-0.13797,-0.10605,-0.0022226,-0.036213,0.007356,0,-0.10529,0,-0.079552,-0.1902,-0.013389,0.081861,-0.1913,0.00822,-0.091097,-0.64698,0.00397,0.11492,-0.64726,0.007085,-0.056111,-1.0091,0.095009,0.10906,-1.0265,0.072366
-0.0040297,0.46726,-0.023531,-0.0051517,0.26684,0.001985,-0.192,0.14725,-0.025178,0.18517,0.14817,0.030084,-0.33084,-0.063472,-0.028314,0.28742,-0.094123,0.048439,-0.49032,-0.13535,-0.18892,0.48962,-0.16228,-0.10689,-0.0024541,-0.074483,0.008349,0,-0.14229,0,-0.078273,-0.22864,-0.013763,0.080622,-0.22704,0.00729,-0.08515,-0.65939,-0.016773,0.11024,-0.65725,-0.031145,-0.014053,-1.0118,0.059927,0.088142,-1.0211,0.056553
-0.0089369,0.45793,-0.023205,-0.0086594,0.25376,-0.001746,-0.19421,0.13376,-0.028203,0.18072,0.13704,0.02538,-0.33138,-0.07639,-0.033285,0.28509,-0.10367,0.044169,-0.48728,-0.15106,-0.19631,0.48337,-0.18053,-0.11644,-0.0030848,-0.09118,0.007796,0,-0.15995,0,-0.07796,-0.24521,-0.012135,0.081501,-0.24321,0.00733,-0.085151,-0.67229,-0.029809,0.11178,-0.66805,-0.03912,-0.016193,-1.0093,0.053027,0.089196,-1.0113,0.037126
-0.0079209,0.45842,-0.023232,-0.0091765,0.25632,-0.008615,-0.1939,0.13552,-0.029848,0.18104,0.13746,0.023957,-0.32345,-0.075086,-0.023674,0.2815,-0.1051,0.044918,-0.47178,-0.16183,-0.18788,0.48347,-0.18119,-0.11383,-0.0029954,-0.090449,0.00682,0,-0.15956,0,-0.077992,-0.2448,-0.011407,0.081781,-0.24282,0.007316,-0.088222,-0.67461,-0.028473,0.11199,-0.66766,-0.03831,-0.036754,-1.0227,0.080358,0.092392,-1.017,0.042528
-0.0021574,0.49657,-0.024239,-0.0051856,0.29523,-0.00851,-0.18642,0.17568,-0.028839,0.18248,0.17095,0.018444,-0.32756,-0.053406,-0.037687,0.27994,-0.055146,0.054522,-0.47282,-0.17124,-0.18247,0.48708,-0.17595,-0.10354,-0.0021937,-0.057863,0.005795,0,-0.12831,0,-0.079004,-0.20743,-0.011323,0.081101,-0.21479,0.008505,-0.096771,-0.66756,-0.0035,0.11645,-0.65698,-0.011345,-0.033162,-1.0214,0.08927,0.091643,-1.0212,0.069657
0.0016765,0.56631,-0.021597,-0.0057982,0.3689,0.007162,-0.18912,0.25204,-0.022573,0.18574,0.24404,0.019879,-0.32113,0.018705,-0.03052,0.30609,0.010902,0.059479,-0.4574,-0.15978,-0.14388,0.49096,-0.15798,-0.081733,-0.0022258,0.012976,0.009391,0,-0.057537,0,-0.078978,-0.14177,-0.013113,0.081283,-0.14285,0.004764,-0.090737,-0.62615,0.057127,0.10544,-0.63776,0.044164,-0.041103,-1.0288,0.14887,0.11526,-1.0219,0.099605
0.010066,0.6373,-0.025985,-0.0059149,0.43834,0.016385,-0.19098,0.3268,-0.013956,0.18147,0.32106,0.031083,-0.32609,0.083863,-0.021014,0.29937,0.080585,0.05442,-0.44283,-0.11458,-0.076,0.48251,-0.10129,-0.025105,-0.0025583,0.079652,0.012797,0,0.00903,0,-0.077378,-0.073555,-0.013919,0.079694,-0.076414,0.00209,-0.082697,-0.62045,0.091505,0.11097,-0.63191,0.072097,-0.047159,-1.0214,0.15754,0.11625,-1.0233,0.10838
0.012129,0.69749,-0.039297,0.0017164,0.50569,0.01321,-0.19036,0.39771,-0.010149,0.18667,0.38223,0.025238,-0.31801,0.13468,-0.006156,0.30526,0.11696,0.065037,-0.4284,-0.063118,-0.048928,0.4784,-0.063323,0.000453,-0.0010944,0.13972,0.013707,0,0.067583,0,-0.07854,-0.016743,-0.014756,0.077871,-0.018863,0.004213,-0.084892,-0.5824,0.089996,0.11542,-0.58887,0.078389,-0.066435,-0.96528,0.12326,0.12375,-1.006,0.097685
0.012549,0.7471,-0.038762,0.0027543,0.56202,0.005585,-0.18423,0.44984,-0.015078,0.1911,0.43023,0.014216,-0.30858,0.18723,0.017417,0.30423,0.16844,0.079648,-0.4145,-0.01483,-0.007119,0.4726,-0.011323,0.041226,-0.0007343,0.19518,0.012967,0,0.12259,0,-0.077851,0.038474,-0.010864,0.076787,0.036994,0.003362,-0.095565,-0.53187,0.067986,0.12601,-0.53471,0.059724,-0.064763,-0.96013,0.14367,0.14235,-0.94389,0.12584
0.014403,0.77018,-0.041676,0.0051663,0.58885,-0.001413,-0.18105,0.47773,-0.012756,0.18949,0.46064,0.006975,-0.30739,0.21788,0.030842,0.30637,0.1944,0.084528,-0.41144,0.01044,0.020946,0.48689,0.010037,0.07446,0.00012882,0.23383,0.011408,0,0.16382,0,-0.081079,0.08638,-0.004793,0.07867,0.07787,0.000976,-0.11736,-0.44822,0.00574,0.13397,-0.44488,0.003479,-0.065114,-0.83463,0.18825,0.13015,-0.82684,0.15567
0.024748,0.78728,-0.050811,0.0078485,0.60546,-0.000267,-0.17689,0.4896,-0.016878,0.19467,0.4661,0.006536,-0.30753,0.24293,0.037348,0.30856,0.2099,0.089545,-0.41557,0.042331,0.040056,0.49144,0.049154,0.08129,0.00038344,0.25495,0.011626,0,0.18531,0,-0.08126,0.10584,-0.007028,0.078762,0.095157,0.001864,-0.1257,-0.33444,-0.035636,0.14161,-0.35948,-0.028121,-0.024866,-0.66019,0.22399,0.095252,-0.70671,0.22005
0.02916,0.79229,-0.049308,0.0094784,0.61232,0.00115,-0.17722,0.50776,-0.013183,0.19511,0.48033,0.011812,-0.3059,0.25178,0.042045,0.30358,0.22857,0.096059,-0.42178,0.055708,0.046389,0.49878,0.064941,0.082809,0.00061284,0.26906,0.011957,0,0.20134,0,-0.081575,0.12174,-0.010611,0.078095,0.11292,0.00474,-0.13651,-0.30011,-0.063417,0.14446,-0.30561,-0.063141,-0.033942,-0.53862,0.11203,0.065485,-0.61009,0.22527
0.032484,0.79861,-0.049776,0.012196,0.61473,0.001253,-0.17632,0.51021,-0.011018,0.19738,0.48197,0.014282,-0.30458,0.25282,0.044494,0.30578,0.22908,0.097656,-0.43497,0.065863,0.046708,0.49638,0.080069,0.075197,0.0011423,0.27324,0.011997,0,0.20584,0,-0.083064,0.12624,-0.011552,0.078204,0.11634,0.005633,-0.15059,-0.29039,-0.090718,0.15378,-0.29864,-0.075155,-0.18627,-0.61401,-0.16697,0.035001,-0.46383,0.22461
0.034227,0.80229,-0.049009,0.013903,0.61675,-0.000537,-0.17498,0.51108,-0.009379,0.19996,0.48208,0.016417,-0.30529,0.25113,0.046193,0.30792,0.22852,0.094958,-0.45186,0.075898,0.038506,0.507,0.082744,0.045302,0.0013897,0.2748,0.011621,0,0.20718,0,-0.084216,0.12727,-0.011274,0.078352,0.11715,0.005776,-0.15495,-0.2851,-0.11035,0.15523,-0.29698,-0.078081,-0.18727,-0.6069,-0.19925,0.022941,-0.41252,0.21351
0.035818,0.80147,-0.047108,0.014708,0.61179,-0.001964,-0.17417,0.50746,-0.010797,0.20216,0.48171,0.018529,-0.30727,0.24883,0.042016,0.30543,0.2253,0.089632,-0.46022,0.082309,-0.005227,0.51321,0.079068,0.03632,0.0013912,0.27251,0.011163,0,0.20514,0,-0.084726,0.12459,-0.011802,0.078128,0.1153,0.006288,-0.14624,-0.28932,-0.11,0.14938,-0.29823,-0.085861,-0.25425,-0.55277,-0.30236,0.047794,-0.49246,0.22696
0.037169,0.79448,-0.04276,0.018306,0.59992,-0.002713,-0.17161,0.49116,-0.012719,0.20323,0.46812,0.012847,-0.30996,0.22839,0.023635,0.30623,0.21603,0.083487,-0.47545,0.068146,-0.023069,0.50837,0.053836,-0.002195,0.0021784,0.2574,0.010668,0,0.1892,0,-0.083706,0.11134,-0.00922,0.076055,0.098256,0.004809,-0.13094,-0.30692,-0.093604,0.1373,-0.31755,-0.08321,-0.25637,-0.55332,-0.29927,0.078034,-0.62396,0.19613
0.039602,0.77726,-0.039649,0.019705,0.57489,-0.004107,-0.17126,0.46743,-0.012252,0.20195,0.44197,0.008023,-0.31415,0.20918,0.016391,0.30921,0.18532,0.065179,-0.47136,0.049077,-0.041209,0.51154,0.03824,-0.003801,0.0025608,0.22459,0.009937,0,0.15477,0,-0.084753,0.075714,-0.009901,0.076916,0.06505,0.006521,-0.13393,-0.38289,-0.087909,0.11932,-0.40123,-0.069004,-0.059882,-0.75738,0.11431,0.10067,-0.77413,0.1466
0.036741,0.73017,-0.035606,0.014837,0.53183,0.003971,-0.17317,0.42733,-0.01107,0.20107,0.40849,0.010846,-0.32641,0.16294,-0.010826,0.30535,0.14732,0.058612,-0.47893,0.0030737,-0.083449,0.50723,-0.0063073,-0.030235,0.0015795,0.17505,0.011806,0,0.10466,0,-0.081739,0.023973,-0.010745,0.075948,0.016579,0.003638,-0.12908,-0.51009,-0.05948,0.11428,-0.49834,-0.044463,-0.10288,-0.87744,0.063462,0.099627,-0.89716,0.081637
0.034004,0.68784,-0.025203,0.013839,0.48843,0.012829,-0.17327,0.38264,-0.006195,0.20085,0.36245,0.01777,-0.3217,0.12597,-0.011667,0.3135,0.096471,0.063218,-0.48139,-0.02251,-0.094359,0.50564,-0.055437,-0.060655,0.0012582,0.12231,0.014487,0,0.050784,0,-0.081321,-0.029638,-0.015963,0.075984,-0.038518,0.005522,-0.12595,-0.60527,-0.041069,0.10109,-0.58819,-0.025557,-0.11606,-0.98524,0.007021,0.089993,-1.0053,0.02817
0.027504,0.62201,-0.021799,0.015172,0.42863,0.016422,-0.17772,0.30384,0.000195,0.20172,0.294,0.022511,-0.29006,0.060905,0.022342,0.30618,0.044665,0.066357,-0.4645,-0.062864,-0.11382,0.50602,-0.10053,-0.06793,0.0015205,0.060167,0.016573,0,-0.012197,0,-0.081979,-0.094388,-0.016202,0.07607,-0.10169,0.004418,-0.12013,-0.6354,-0.030786,0.092491,-0.6377,-0.007404,-0.13087,-1.0256,0.014786,0.086692,-1.0132,0.036415
0.019073,0.54978,0.003328,0.010737,0.34887,0.028954,-0.18654,0.23047,0.009079,0.19406,0.22035,0.035961,-0.32472,-0.0017548,-0.002021,0.3021,-0.032041,0.068105,-0.48536,-0.13014,-0.13135,0.50547,-0.13648,-0.065893,0.00038442,-0.0086182,0.021192,0,-0.07785,0,-0.082931,-0.16076,-0.019104,0.078609,-0.16673,0.001878,-0.11507,-0.64991,-0.026073,0.084717,-0.65026,-0.008051,-0.12683,-1.0274,0.035395,0.028537,-1.0493,0.085993
0.01805,0.50129,0.015508,0.0032965,0.29242,0.036557,-0.18308,0.16925,0.015621,0.19505,0.15488,0.051987,-0.31767,-0.056178,0.00239,0.29658,-0.083467,0.074664,-0.48839,-0.14841,-0.13288,0.49455,-0.17191,-0.077342,-0.0017012,-0.059656,0.025395,0,-0.12651,0,-0.081551,-0.20436,-0.021479,0.080237,-0.21758,0.001377,-0.10827,-0.66672,-0.040952,0.08495,-0.6686,-0.035663,-0.10206,-1.0266,0.034856,0.027404,-1.0408,0.07303
0.014292,0.48499,0.01077,0.0044154,0.2749,0.03243,-0.18135,0.162,0.00995,0.18959,0.14186,0.040601,-0.32536,-0.069964,-0.002433,0.29605,-0.086668,0.072811,-0.49292,-0.15974,-0.14336,0.46965,-0.17979,-0.05714,-0.0014442,-0.075586,0.027154,0,-0.14259,0,-0.080077,-0.22177,-0.020209,0.078764,-0.22902,0.001615,-0.10599,-0.67034,-0.049437,0.088358,-0.67086,-0.041387,-0.082478,-1.0259,0.027106,0.033948,-1.0377,0.05809
0.013943,0.48317,0.00914,0.0044486,0.27492,0.031333,-0.18161,0.15892,0.005924,0.18939,0.14194,0.037399,-0.32875,-0.068863,-0.005314,0.2973,-0.08873,0.067291,-0.49457,-0.16325,-0.14518,0.47335,-0.17963,-0.060704,-0.0016638,-0.07609,0.02883,0,-0.14312,0,-0.080285,-0.22301,-0.018958,0.078834,-0.22956,0.001694,-0.10767,-0.67137,-0.050173,0.089987,-0.67234,-0.042442,-0.08267,-1.0259,0.026561,0.035235,-1.0375,0.057519
0.015795,0.50344,0.003774,0.0013013,0.31501,0.018295,-0.17996,0.18943,-0.007639,0.18991,0.1776,0.024483,-0.33644,-0.015713,-0.005747,0.29966,-0.062088,0.058857,-0.48556,-0.15659,-0.13131,0.49208,-0.17441,-0.069004,-0.0020894,-0.050015,0.027853,0,-0.11981,0,-0.080018,-0.20054,-0.018143,0.079137,-0.20687,0.004556,-0.11607,-0.66542,-0.0277,0.099627,-0.66758,-0.014252,-0.11464,-1.042,0.065371,0.053412,-1.036,0.060568
0.018532,0.57611,-0.013915,0.0082586,0.37554,0.022542,-0.18256,0.26904,-0.00235,0.19257,0.24746,0.019419,-0.31734,0.040843,0.019477,0.31747,0.0054075,0.063325,-0.48277,-0.1448,-0.097653,0.50296,-0.15521,-0.052575,-0.00039168,0.017531,0.029064,0,-0.051234,0,-0.081224,-0.13319,-0.018779,0.077932,-0.1394,0.004277,-0.11605,-0.66019,0.031999,0.088001,-0.65914,0.045271,-0.11368,-1.0354,0.062142,0.063151,-1.0378,0.076521
0.021075,0.64147,-0.02754,0.0096881,0.45129,0.017317,-0.17831,0.33562,-0.001137,0.18972,0.31654,0.011795,-0.30096,0.10415,0.010852,0.31619,0.066255,0.06181,-0.45871,-0.11643,-0.047649,0.50479,-0.10109,-0.02574,0.00051129,0.080716,0.028545,0,0.0089797,0,-0.078671,-0.071358,-0.014012,0.07503,-0.076939,0.002302,-0.11348,-0.6433,0.043081,0.095348,-0.64896,0.064171,-0.11968,-1.0198,0.064564,0.069545,-1.0386,0.078607
0.016902,0.70471,-0.025124,0.0048071,0.51247,0.014766,-0.18436,0.39542,-0.003685,0.18765,0.38413,0.003635,-0.30666,0.11512,0.008227,0.31261,0.12219,0.066332,-0.42767,-0.078815,-0.01298,0.49213,-0.055196,-0.002242,0.00018458,0.14169,0.028148,0,0.069729,0,-0.07884,-0.01139,-0.011943,0.07702,-0.016779,0.001114,-0.1108,-0.58541,0.028762,0.10248,-0.58956,0.056348,-0.091455,-0.98724,0.089718,0.071284,-1.0122,0.11915
0.014497,0.73907,-0.036786,0.0062515,0.55152,0.008648,-0.18121,0.43372,-0.008479,0.18786,0.42124,-0.004012,-0.30196,0.17002,0.008985,0.311,0.15404,0.057772,-0.4039,-0.055503,-0.007017,0.48224,-0.012278,0.0054,0.00068707,0.19406,0.026564,0,0.1233,0,-0.079158,0.04334,-0.010634,0.076686,0.037024,0.001961,-0.11572,-0.47624,-0.037331,0.11413,-0.49853,0.004559,-0.080213,-0.86504,0.15006,0.095091,-0.88482,0.14724
0.013692,0.76049,-0.043326,0.0099044,0.56402,0.001569,-0.18152,0.45227,-0.010194,0.19201,0.43346,-0.008522,-0.29574,0.17068,0.003217,0.32487,0.17128,0.054741,-0.39491,-0.047447,-0.010191,0.50651,-0.0019681,0.001104,0.001746,0.21675,0.023672,0,0.14932,0,-0.083242,0.070557,-0.008143,0.079449,0.058866,0.001878,-0.11613,-0.34936,-0.090956,0.12497,-0.40132,-0.04404,-0.018738,-0.62515,0.15516,0.086708,-0.74375,0.18768
0.013818,0.77227,-0.053275,0.0094684,0.57777,-0.005615,-0.18162,0.46166,-0.014482,0.19297,0.45454,-0.011941,-0.29019,0.18856,0.002891,0.32465,0.19832,0.049917,-0.39185,-0.016419,-0.012173,0.5169,0.011451,-0.006426,0.0013951,0.23852,0.020828,0,0.17125,0,-0.082671,0.088315,-0.00841,0.079131,0.084939,0.005366,-0.089406,-0.32944,-0.10894,0.13931,-0.33156,-0.079081,0.0062565,-0.47947,0.10851,0.09637,-0.64114,-0.002753
0.011837,0.78025,-0.053505,0.0080723,0.58015,-0.007506,-0.1827,0.4654,-0.015938,0.19227,0.46106,-0.014421,-0.29185,0.19754,0.002173,0.32205,0.20477,0.04423,-0.39975,-0.0049091,-0.0183,0.51832,0.039524,-0.012658,0.0011521,0.24366,0.018659,0,0.17695,0,-0.082757,0.093927,-0.008235,0.079912,0.090493,0.005741,-0.11589,-0.29914,-0.18454,0.14289,-0.32158,-0.098795,-0.01508,-0.45884,0.046905,0.22058,-0.63144,-0.20555
0.010585,0.78288,-0.052487,0.0069148,0.58314,-0.00873,-0.18378,0.46589,-0.016404,0.19115,0.46135,-0.014478,-0.29316,0.19878,0.001267,0.32159,0.20543,0.043908,-0.42941,0.0014188,-0.035356,0.50372,0.053679,-0.015416,0.0010066,0.24558,0.016762,0,0.17859,0,-0.082638,0.095583,-0.007698,0.080061,0.092383,0.005791,-0.1142,-0.29517,-0.18954,0.14558,-0.31727,-0.10707,0.1627,-0.4617,-0.15364,0.27925,-0.5976,-0.24344
0.0069283,0.78244,-0.050765,0.0061928,0.58349,-0.009135,-0.18583,0.46554,-0.01667,0.19069,0.46078,-0.014917,-0.29741,0.19675,-0.001409,0.31946,0.20443,0.043752,-0.44593,-0.0016881,-0.051981,0.50249,0.056328,-0.018935,0.0009305,0.24623,0.015059,0,0.17927,0,-0.082572,0.095932,-0.007828,0.080229,0.092834,0.005971,-0.1105,-0.29501,-0.18988,0.14611,-0.31645,-0.10815,0.069715,-0.34925,0.053084,0.26778,-0.60051,-0.24883
0.0021749,0.77863,-0.05348,0.0011249,0.57833,-0.007359,-0.1898,0.46066,-0.017432,0.18635,0.45266,-0.013791,-0.30715,0.19117,-0.008501,0.31735,0.20244,0.043125,-0.44955,0.0072425,-0.070133,0.49576,0.049979,-0.0362,0.0003171,0.24341,0.013974,0,0.17675,0,-0.082156,0.093674,-0.008522,0.080866,0.089569,0.006409,-0.10217,-0.31601,-0.13889,0.15241,-0.32138,-0.095839,-0.020767,-0.51951,0.19338,0.20842,-0.64455,-0.1508
-0.0018336,0.77093,-0.054234,-0.0015897,0.56853,-0.00748,-0.19317,0.44652,-0.018678,0.18441,0.44428,-0.01598,-0.31551,0.17495,-0.020872,0.31442,0.19031,0.034106,-0.45588,0.0030927,-0.091024,0.47278,0.040376,-0.049381,-0.0003798,0.22677,0.01292,0,0.15846,0,-0.080626,0.074315,-0.00799,0.081434,0.072394,0.005227,-0.11069,-0.34123,-0.11226,0.13271,-0.36744,-0.066321,-0.065915,-0.68245,0.14338,0.090417,-0.72198,0.17283
-0.0095219,0.73035,-0.052405,-0.011487,0.53932,-0.009624,-0.20217,0.41761,-0.02187,0.18196,0.42311,-0.013025,-0.31572,0.16635,-0.028259,0.31782,0.15259,0.025565,-0.4536,-0.0054502,-0.11354,0.49276,-0.0042729,-0.07837,-0.0023604,0.19296,0.011316,0,0.12375,0,-0.078521,0.034593,-0.007436,0.083859,0.035927,0.006012,-0.10739,-0.44151,-0.089532,0.12492,-0.46123,-0.05037,-0.083502,-0.82706,0.10524,0.076359,-0.8315,0.13207
-0.014331,0.7133,-0.040238,-0.012737,0.51546,-0.005773,-0.20218,0.3894,-0.015799,0.17661,0.37769,-0.002134,-0.30156,0.10926,-0.016541,0.31405,0.12968,0.033684,-0.47024,-0.050578,-0.13371,0.48021,-0.016934,-0.075381,-0.0024867,0.13959,0.011429,0,0.066844,0,-0.077383,-0.018186,-0.010221,0.081911,-0.018848,0.006578,-0.09829,-0.56752,-0.057667,0.11024,-0.57997,-0.016058,-0.086219,-0.97237,0.071576,0.076709,-0.98768,0.082108
-0.012097,0.65252,-0.020596,-0.012923,0.44842,0.009991,-0.20553,0.32088,0.00127,0.1789,0.32606,0.013375,-0.30777,0.068766,-0.002863,0.31709,0.068653,0.0473,-0.47243,-0.098578,-0.13494,0.48428,-0.080636,-0.075715,-0.0026412,0.087869,0.014703,0,0.016827,0,-0.077777,-0.07063,-0.011944,0.082966,-0.069008,0.002377,-0.088286,-0.62884,-0.026832,0.11141,-0.60664,0.000372,-0.054118,-1.0097,0.091208,0.079668,-0.9989,0.064738
-0.024362,0.58035,-0.006298,-0.022862,0.38236,0.026852,-0.21033,0.25306,0.014131,0.17429,0.26004,0.036753,-0.31035,-0.014668,0.001146,0.29991,0.020029,0.056434,-0.48833,-0.16232,-0.12242,0.4854,-0.14138,-0.076203,-0.0048508,0.027357,0.019907,0,-0.041475,0,-0.077142,-0.13089,-0.01898,0.086496,-0.12547,0.002334,-0.088367,-0.63844,-0.013575,0.10337,-0.62242,0.008571,-0.072896,-1.0428,0.11089,0.06822,-1.0072,0.078995
-0.022698,0.51953,0.015848,-0.024373,0.31524,0.040532,-0.21058,0.18843,0.023121,0.17361,0.18904,0.052136,-0.32983,-0.041361,0.004329,0.29608,-0.051518,0.068628,-0.50046,-0.2234,-0.10337,0.48102,-0.17652,-0.076075,-0.0056736,-0.033414,0.025337,0,-0.099666,0,-0.076699,-0.18713,-0.0228,0.086841,-0.18484,0.000179,-0.085603,-0.64687,-0.007381,0.10299,-0.64022,0.004546,-0.066393,-1.0426,0.11208,0.064339,-1.0176,0.091469
-0.020112,0.50209,0.015419,-0.020044,0.28915,0.031991,-0.20887,0.16087,0.017446,0.17295,0.16144,0.050454,-0.33929,-0.099093,0.01268,0.29467,-0.087501,0.066147,-0.49731,-0.23226,-0.099884,0.47455,-0.19668,-0.073144,-0.0054045,-0.058475,0.026392,0,-0.12499,0,-0.077895,-0.21165,-0.023036,0.086214,-0.21156,0.003993,-0.080804,-0.66122,-0.017066,0.10407,-0.64966,-0.005974,-0.054411,-1.0393,0.099528,0.057175,-1.0319,0.092458
-0.02057,0.49746,0.008123,-0.017252,0.28643,0.025691,-0.20861,0.15727,0.011526,0.17314,0.15617,0.039744,-0.33761,-0.098765,0.008998,0.29847,-0.088163,0.061669,-0.49565,-0.23375,-0.10103,0.47774,-0.201,-0.077959,-0.0045128,-0.06268,0.026515,0,-0.13034,0,-0.079825,-0.21959,-0.017668,0.085893,-0.21624,0.003812,-0.079516,-0.66315,-0.021354,0.10802,-0.65188,-0.010099,-0.05102,-1.0391,0.09554,0.053442,-1.0337,0.08853
-0.020867,0.50502,0.000771,-0.018907,0.30785,0.01678,-0.20713,0.18251,-0.000855,0.16863,0.18591,0.016945,-0.3447,-0.066786,-0.004548,0.30399,-0.04643,0.051552,-0.49293,-0.22889,-0.10121,0.47674,-0.1976,-0.08067,-0.004177,-0.049157,0.026075,0,-0.11773,0,-0.077407,-0.20197,-0.016763,0.084675,-0.20211,0.005743,-0.086287,-0.66244,-0.002507,0.1089,-0.66228,0.009667,-0.057111,-1.0465,0.11444,0.050908,-1.0369,0.097814
-0.022926,0.57237,-0.009043,-0.018805,0.37966,0.016942,-0.20857,0.2524,0.001392,0.17102,0.24447,0.016711,-0.34866,0.0044418,0.004671,0.30569,0.016954,0.049344,-0.47496,-0.19112,-0.083177,0.46808,-0.1659,-0.066835,-0.0042437,0.020334,0.026493,0,-0.049192,0,-0.07725,-0.13575,-0.017531,0.084779,-0.13435,0.005208,-0.090621,-0.62821,0.056308,0.09728,-0.62681,0.07337,-0.059716,-1.0387,0.13772,0.056642,-1.028,0.11367
-0.015851,0.64181,-0.033496,-0.010009,0.4415,0.00746,-0.20417,0.3195,-0.003869,0.17672,0.31688,0.002134,-0.33151,0.065679,0.002395,0.30322,0.072873,0.056907,-0.45151,-0.13973,-0.055896,0.46176,-0.1199,-0.038337,-0.0020871,0.082726,0.024443,0,0.012534,0,-0.077685,-0.074599,-0.012963,0.0817,-0.072401,0.004422,-0.082876,-0.62409,0.066816,0.10154,-0.62136,0.088281,-0.051541,-1.0171,0.13071,0.063555,-1.013,0.11096
-0.012633,0.684,-0.051787,-0.01023,0.49773,-0.007732,-0.20441,0.37929,-0.014915,0.17538,0.37878,-0.010982,-0.31901,0.10081,0.001859,0.30567,0.10961,0.043418,-0.42722,-0.099861,-0.034608,0.45512,-0.083694,-0.006962,-0.0019545,0.13724,0.019948,0,0.065554,0,-0.078047,-0.021547,-0.008969,0.082108,-0.018912,0.006548,-0.084699,-0.58843,0.041418,0.09901,-0.58982,0.073424,-0.06232,-0.99854,0.12891,0.08503,-0.9814,0.11752
-0.01362,0.71024,-0.081887,-0.0092777,0.51666,-0.024136,-0.19719,0.40598,-0.025303,0.17754,0.39703,-0.020351,-0.31028,0.12175,-0.001979,0.30892,0.13192,0.045124,-0.4236,-0.09092,-0.018084,0.45492,-0.044698,0.02923,-0.0017318,0.17351,0.014064,0,0.10596,0,-0.077937,0.02536,-0.003839,0.081705,0.022395,0.01057,-0.093136,-0.47541,-0.030894,0.11139,-0.47696,0.002792,-0.054347,-0.85959,0.16474,0.061293,-0.8455,0.18036
-0.0078169,0.72423,-0.094955,-0.0052309,0.53005,-0.033568,-0.19217,0.41952,-0.030205,0.18385,0.41697,-0.020068,-0.30466,0.15434,0.002536,0.31066,0.15054,0.048134,-0.40626,-0.050728,0.019325,0.45729,-0.030774,0.032562,-0.0012948,0.19717,0.010497,0,0.12971,0,-0.080442,0.044764,-0.003887,0.083107,0.043743,0.013464,-0.091919,-0.37661,-0.081361,0.12185,-0.38577,-0.046022,-0.018133,-0.70078,0.18859,0.069373,-0.72227,0.21461
-0.0018038,0.72935,-0.10436,-0.0026577,0.53803,-0.039337,-0.19092,0.43267,-0.034312,0.18533,0.42389,-0.020227,-0.3036,0.17131,0.003199,0.3108,0.16015,0.056954,-0.41391,-0.027751,0.016823,0.46469,-0.023143,0.040543,-0.0009303,0.21198,0.007703,0,0.14611,0,-0.081249,0.063633,-0.003505,0.082368,0.058811,0.015711,-0.090817,-0.34872,-0.12464,0.14099,-0.35536,-0.079801,0.0036389,-0.52756,0.18507,0.097065,-0.64631,0.22812
