-0.2056734,0.6960233,2.555503,-0.1853825,0.5407027,2.714468,-0.3831981,0.4793155,2.752804,-0.004871891,0.4781662,2.725398,-0.4654528,0.1998578,2.844843,0.1142874,0.1932013,2.818397,-0.5609174,-0.01397816,2.929199,0.206144,-0.01775961,2.908522,-0.17262,0.2226168,2.801985,-0.1701838,0.1588139,2.819798,-0.2579855,0.07254667,2.844527,-0.07531212,0.08094212,2.834036,-0.2535938,-0.3709892,2.651198,-0.05705077,-0.3594635,2.633973,-0.2299056,-0.6895576,2.877644,-0.06284937,-0.5943063,3.00694
-0.2037363,0.6916075,2.540772,-0.1833121,0.5360631,2.702491,-0.381813,0.4731281,2.74887,-0.004225959,0.4732018,2.720371,-0.4517726,0.205295,2.866539,0.1142179,0.200868,2.852036,-0.5533324,0.01941404,2.990024,0.201525,0.003792376,2.976604,-0.171625,0.2139403,2.791937,-0.1694256,0.1488162,2.810222,-0.2565452,0.0594511,2.835014,-0.07599837,0.07340623,2.825246,-0.251581,-0.4075056,2.718304,-0.05591221,-0.3674104,2.626873,-0.2347866,-0.8241726,2.827627,-0.07427958,-0.6837565,2.939057
-0.1993486,0.6800354,2.520574,-0.1773425,0.5211971,2.682763,-0.3812819,0.4686028,2.746556,-0.001970125,0.4652094,2.715547,-0.4604531,0.2173928,2.899852,0.117158,0.2036479,2.865132,-0.5914789,0.04578274,3.016939,0.2296562,0.03916603,3.00744,-0.169227,0.1901582,2.778589,-0.1678016,0.1227625,2.798524,-0.2540789,0.02446871,2.822901,-0.07710021,0.05429852,2.816811,-0.2568833,-0.5061507,2.768935,-0.07193559,-0.4122007,2.698605,-0.2476396,-0.969772,2.780382,-0.08668926,-0.7375849,2.931052
-0.1945677,0.6570069,2.50443,-0.1740335,0.5021324,2.671336,-0.3814832,0.4486524,2.738378,0.002165331,0.4460571,2.708612,-0.4696056,0.2125046,2.910266,0.1407311,0.2085793,2.883784,-0.6541649,0.08874623,3.016549,0.2968233,0.05635822,2.997463,-0.168917,0.1638267,2.768053,-0.1681564,0.09561166,2.78876,-0.2549857,0.001716734,2.814831,-0.07908066,0.02021975,2.805746,-0.2398383,-0.5839399,2.806108,-0.0605613,-0.4836137,2.731243,-0.2468397,-1.011281,2.783991,-0.08346794,-0.8857212,2.87774
-0.1900396,0.6163428,2.502032,-0.1693258,0.464636,2.662288,-0.3808812,0.4122765,2.736259,0.007293191,0.4033872,2.698794,-0.5192561,0.2013643,2.924165,0.1740973,0.1943762,2.883698,-0.7468148,0.1359185,2.998492,0.3811709,0.067729,2.94019,-0.1622239,0.1205546,2.756655,-0.1609797,0.05111101,2.776968,-0.2486687,-0.03878019,2.802052,-0.06997534,-0.02874584,2.793817,-0.2350442,-0.6103739,2.813076,-0.05667528,-0.5630363,2.748191,-0.2349802,-1.035025,2.850549,-0.09253253,-0.9911723,2.8542
-0.1906703,0.5746251,2.50881,-0.1679821,0.4142476,2.670496,-0.3794011,0.3637215,2.737775,0.009989938,0.358662,2.7017,-0.5848677,0.1857732,2.899422,0.2100991,0.1591459,2.860583,-0.8358399,0.1899841,2.916403,0.4545435,0.09456203,2.854723,-0.1618965,0.08170959,2.750884,-0.1608275,0.01439885,2.768987,-0.2494419,-0.07737798,2.786966,-0.06913888,-0.06879547,2.785913,-0.2359198,-0.6172986,2.799625,-0.05950084,-0.5991906,2.760751,-0.2299873,-1.033217,2.852165,-0.089838,-1.014361,2.866957
-0.1888801,0.5244193,2.526901,-0.1667267,0.3616884,2.679985,-0.3839744,0.3032658,2.748739,0.017383,0.3025628,2.716935,-0.6285765,0.1790043,2.846447,0.2625522,0.1370444,2.810694,-0.8709977,0.2503789,2.819676,0.5117038,0.1365698,2.752147,-0.16272,0.03066012,2.744731,-0.1620551,-0.03582752,2.759525,-0.2529353,-0.1288146,2.773365,-0.06908006,-0.1210928,2.774822,-0.250862,-0.6286598,2.739087,-0.06655531,-0.6131407,2.758858,-0.2312036,-1.033093,2.851737,-0.08196466,-1.02281,2.872975
-0.1855267,0.4963276,2.540777,-0.1704149,0.322257,2.697082,-0.3908103,0.2694665,2.748835,0.02529046,0.2464963,2.726101,-0.6620255,0.1863783,2.788559,0.2929327,0.1221588,2.738221,-0.8876283,0.2904648,2.726266,0.5264422,0.1778757,2.643799,-0.1643019,0.001677035,2.747946,-0.1632687,-0.06318874,2.760696,-0.2576678,-0.1618866,2.769543,-0.06591975,-0.1567211,2.77621,-0.2488635,-0.6389313,2.725836,-0.06954382,-0.6341301,2.74805,-0.2335908,-1.032323,2.844857,-0.08113492,-1.025818,2.87506
-0.1876919,0.4841879,2.545827,-0.1726491,0.3113686,2.701652,-0.3961406,0.2591891,2.744855,0.0251225,0.2431075,2.723855,-0.6873167,0.2088345,2.724776,0.3143553,0.1485398,2.665702,-0.8856316,0.3493949,2.640038,0.5213588,0.2265527,2.528365,-0.1656342,-0.006914975,2.750534,-0.1643492,-0.0708452,2.76278,-0.2592584,-0.1695619,2.771504,-0.06588467,-0.1630603,2.7775,-0.2479781,-0.6458629,2.725421,-0.07126627,-0.6402103,2.74613,-0.2352812,-1.03029,2.835371,-0.08266187,-1.026075,2.874343
-0.1876212,0.4855743,2.547544,-0.1728355,0.3137493,2.701294,-0.3949093,0.264699,2.738783,0.0245988,0.2458334,2.717918,-0.6751183,0.2378914,2.679783,0.3108701,0.1902763,2.589799,-0.8775984,0.3486782,2.561606,0.5153807,0.273427,2.423213,-0.1663301,-0.006166583,2.751891,-0.1652304,-0.07026931,2.764763,-0.2604916,-0.1677276,2.774278,-0.06720878,-0.1621165,2.780862,-0.249425,-0.6445119,2.739093,-0.07207756,-0.6393793,2.758059,-0.2344651,-1.031457,2.83738,-0.07897305,-1.030892,2.885174
-0.1858398,0.5216631,2.547457,-0.1628704,0.3710087,2.702095,-0.3946677,0.3183647,2.721588,0.02405742,0.3013591,2.699366,-0.6484607,0.2820237,2.645989,0.2681906,0.2348586,2.563638,-0.8665235,0.3284412,2.511937,0.4997669,0.2487127,2.353518,-0.164529,0.04571159,2.763823,-0.1649279,-0.01952643,2.778597,-0.2622804,-0.1142564,2.792811,-0.06855666,-0.1110725,2.793932,-0.2602059,-0.6208355,2.800485,-0.06191497,-0.614906,2.811899,-0.2354734,-1.030428,2.838527,-0.07512063,-1.028521,2.887208
-0.1915636,0.5867447,2.545577,-0.1832191,0.4334772,2.702333,-0.3949164,0.3799222,2.715395,0.007570467,0.3587069,2.691654,-0.6468605,0.3030275,2.626712,0.2266437,0.26225,2.581565,-0.8578846,0.2661707,2.477796,0.4240849,0.2141941,2.366932,-0.1755089,0.09613276,2.767573,-0.1738703,0.02762627,2.78308,-0.2651032,-0.06216828,2.796594,-0.07890847,-0.059843,2.799029,-0.2600195,-0.6160653,2.819049,-0.05993915,-0.6112125,2.833661,-0.2410995,-1.027346,2.831298,-0.06660366,-1.013262,2.880645
-0.1903319,0.6434276,2.538531,-0.1648193,0.4947363,2.696131,-0.3867373,0.4397207,2.708607,0.005960627,0.4275468,2.687183,-0.6275145,0.3142692,2.622951,0.1991062,0.287023,2.575773,-0.8244861,0.2010155,2.49753,0.4161433,0.1331977,2.347927,-0.1710942,0.1483605,2.770546,-0.172404,0.07891705,2.788075,-0.2639577,-0.01059476,2.806495,-0.08402051,-0.00537228,2.802006,-0.2599669,-0.597073,2.813156,-0.06689338,-0.5889208,2.827193,-0.2475027,-1.00455,2.830242,-0.06784141,-1.012501,2.879327
-0.1919238,0.6858149,2.538766,-0.167827,0.5439327,2.687995,-0.3839402,0.4920253,2.70274,0.00548463,0.4815903,2.687419,-0.6153899,0.2986404,2.627379,0.1949309,0.2846527,2.573824,-0.7954868,0.1143317,2.535738,0.3711928,0.06568585,2.402671,-0.1742336,0.2106713,2.761451,-0.1755511,0.1438589,2.77888,-0.2708867,0.05843531,2.794818,-0.08353876,0.05710475,2.795796,-0.2613296,-0.4905845,2.757816,-0.07481535,-0.5147115,2.770131,-0.2145958,-0.9291024,2.879762,-0.1038833,-0.9494309,2.906825
-0.195961,0.7152253,2.536328,-0.1720386,0.5570918,2.682941,-0.383395,0.5079857,2.698759,0.0002488689,0.503541,2.686037,-0.582402,0.2621145,2.662039,0.1783029,0.24785,2.594329,-0.7407359,0.07247311,2.593647,0.3152258,0.02003399,2.474944,-0.1788839,0.2429668,2.757392,-0.1801732,0.1812005,2.775365,-0.2740001,0.09631949,2.793544,-0.08931149,0.1020183,2.792335,-0.270141,-0.372164,2.687882,-0.07335786,-0.3710814,2.695017,-0.2173986,-0.7698656,2.896876,-0.1182722,-0.7620336,2.916496
-0.1974176,0.7236575,2.535511,-0.1896995,0.5791054,2.677113,-0.3844032,0.5147322,2.699144,-0.003467332,0.5123443,2.685133,-0.5448433,0.2462581,2.695974,0.1527823,0.2303044,2.641626,-0.6963657,0.004555576,2.668154,0.2608341,-0.03728481,2.578572,-0.1803176,0.2521969,2.754861,-0.1799313,0.1881235,2.773284,-0.271279,0.1035682,2.790844,-0.08781211,0.107659,2.790609,-0.2737818,-0.3467905,2.618914,-0.09112138,-0.3444106,2.623679,-0.2378475,-0.7006237,2.892153,-0.1439693,-0.6965411,2.896421
-0.2017453,0.7299105,2.531951,-0.1930561,0.5816305,2.678291,-0.3869515,0.5146416,2.69827,-0.005901754,0.5139581,2.685251,-0.5254436,0.2353908,2.725762,0.1276975,0.2140002,2.688778,-0.6375276,-0.02833442,2.74694,0.1973016,-0.0574711,2.689581,-0.1815751,0.2572875,2.75298,-0.1801934,0.1932657,2.770798,-0.2706983,0.1070937,2.788484,-0.08609056,0.1130819,2.786649,-0.2810532,-0.3119332,2.546629,-0.09264309,-0.3085295,2.54948,-0.2035294,-0.6108385,2.867855,-0.1422368,-0.5998211,2.882023
-0.2044315,0.731899,2.528995,-0.1988148,0.5824984,2.677947,-0.3885333,0.5120387,2.696592,-0.008882073,0.514695,2.685711,-0.5004459,0.2181294,2.755573,0.1015686,0.2083605,2.733974,-0.5773813,-0.0226451,2.813646,0.1532081,-0.03691673,2.764306,-0.1846725,0.2587447,2.746874,-0.1825019,0.194594,2.763002,-0.2717992,0.1082882,2.777231,-0.08717422,0.114836,2.776184,-0.2816406,-0.3153015,2.544002,-0.1276362,-0.2846509,2.504503,-0.2017089,-0.4836918,2.933239,-0.1516053,-0.5740294,2.841299
-0.2075805,0.7314371,2.522833,-0.2035631,0.5807185,2.676986,-0.3902256,0.5104342,2.696227,-0.01226103,0.5136378,2.686315,-0.4735489,0.2255455,2.78198,0.0907274,0.2125257,2.75108,-0.541161,-0.008766972,2.877351,0.1330181,-0.01466325,2.839654,-0.190606,0.2582019,2.737312,-0.1883399,0.1941253,2.751329,-0.2767233,0.1079835,2.765507,-0.09345425,0.1134896,2.759649,-0.2780755,-0.3210378,2.543468,-0.107908,-0.296454,2.502512,-0.2323049,-0.5218629,2.893225,-0.1482283,-0.6134493,2.814201
-0.2110433,0.7303624,2.519574,-0.2126486,0.5760041,2.676222,-0.3944711,0.5058136,2.697125,-0.0153373,0.5111696,2.68823,-0.4653799,0.223002,2.800644,0.07444106,0.2213088,2.781803,-0.537797,0.013596,2.908427,0.1598996,-0.01076621,2.891836,-0.196633,0.2511325,2.728561,-0.193646,0.1860666,2.741111,-0.2811098,0.09625614,2.754644,-0.09795557,0.1060683,2.746128,-0.2788219,-0.3583456,2.597804,-0.09677016,-0.3415405,2.568611,-0.2477758,-0.6698661,2.842105,-0.1340055,-0.6004885,2.862724
-0.2142043,0.7270399,2.516661,-0.2135243,0.5707883,2.674821,-0.398976,0.4986054,2.700139,-0.01832461,0.5060722,2.692537,-0.4662384,0.2211316,2.819602,0.08159447,0.2158403,2.805037,-0.5684764,0.02364913,2.926027,0.1771196,0.00814737,2.900684,-0.1998844,0.2364384,2.715202,-0.1973669,0.1691682,2.725067,-0.2850784,0.07495842,2.733887,-0.1028131,0.08980091,2.728651,-0.2796517,-0.4216738,2.634587,-0.1017224,-0.3714206,2.595374,-0.2701552,-0.8381753,2.776046,-0.1362404,-0.7876446,2.775623
-0.2204171,0.7000842,2.510092,-0.2123469,0.5488079,2.672264,-0.4076594,0.479759,2.710968,-0.02013306,0.4936705,2.696638,-0.4783438,0.2119114,2.835421,0.09646157,0.2120681,2.817229,-0.6296493,0.03895882,2.927197,0.2517731,0.01590338,2.910272,-0.1967134,0.1972662,2.699069,-0.1935487,0.1268604,2.706964,-0.278298,0.02591298,2.714172,-0.100854,0.05224671,2.708766,-0.2727971,-0.5571974,2.65239,-0.09819097,-0.4645042,2.593762,-0.2729486,-0.9800264,2.716617,-0.1208,-0.8850778,2.767005
-0.2241209,0.6643814,2.517501,-0.2109041,0.5006723,2.670498,-0.4128074,0.4392555,2.718947,-0.0191778,0.436078,2.703884,-0.5167726,0.1772594,2.854276,0.1367313,0.1742353,2.82421,-0.7334465,0.05525585,2.896868,0.3389235,0.02759157,2.851496,-0.1940046,0.157144,2.688792,-0.1906567,0.08832677,2.695766,-0.274952,-0.005716499,2.699951,-0.09760754,0.00268364,2.695871,-0.2591637,-0.6083218,2.647176,-0.1046012,-0.5704701,2.609494,-0.2651884,-1.029264,2.714386,-0.1472931,-1.01108,2.730042
-0.2259656,0.5961313,2.526736,-0.2099562,0.4317776,2.667601,-0.4136421,0.3751482,2.719863,-0.02381477,0.3777428,2.697747,-0.5760439,0.1396646,2.834763,0.1780084,0.1338085,2.799232,-0.8239386,0.09208457,2.840216,0.4227637,0.07089266,2.768888,-0.1938992,0.09358594,2.67909,-0.1907043,0.025945,2.684644,-0.2762065,-0.06720794,2.687061,-0.09688782,-0.05616792,2.683321,-0.2556791,-0.6125889,2.640684,-0.1240811,-0.6157372,2.619978,-0.2533181,-1.03678,2.73593,-0.1440715,-1.023622,2.737186
-0.2275648,0.5429112,2.541752,-0.2112204,0.3788684,2.680927,-0.4184994,0.3119963,2.734007,-0.02162619,0.3135113,2.701707,-0.6339462,0.1187672,2.797289,0.2222016,0.1141005,2.746043,-0.8829851,0.1606238,2.76393,0.4669749,0.1249671,2.667537,-0.1996797,0.03676421,2.683235,-0.1974863,-0.03162752,2.685835,-0.2843902,-0.1245892,2.681773,-0.1046109,-0.1171486,2.685722,-0.2557993,-0.6262206,2.61982,-0.122482,-0.6185514,2.622317,-0.256325,-1.03386,2.73137,-0.1246672,-1.035103,2.750823
-0.2309022,0.5106186,2.544068,-0.225625,0.3284096,2.692583,-0.4367566,0.2493007,2.738145,-0.0148568,0.2557614,2.704606,-0.6849193,0.1270145,2.740961,0.2526877,0.1127829,2.673528,-0.92013,0.2143925,2.692355,0.4768931,0.1773229,2.560593,-0.2043411,0.005334524,2.687491,-0.2007448,-0.0592782,2.68673,-0.2914788,-0.163358,2.685392,-0.1007111,-0.1522605,2.679751,-0.2545941,-0.6350249,2.616935,-0.1251197,-0.6357101,2.626153,-0.2613753,-1.030345,2.720415,-0.1336659,-1.048462,2.756063
-0.2327269,0.5017294,2.545961,-0.2257828,0.3212627,2.691043,-0.4377545,0.2477294,2.734305,-0.01427914,0.2526183,2.700704,-0.7339345,0.164159,2.681645,0.2606117,0.1503221,2.600184,-0.94435,0.2874868,2.598998,0.461738,0.2226153,2.449851,-0.2055444,-0.001806733,2.689368,-0.2021556,-0.06627136,2.68732,-0.2932675,-0.1677049,2.686058,-0.1008087,-0.1585461,2.680446,-0.2462017,-0.6447177,2.620745,-0.1274826,-0.6402748,2.630226,-0.2611118,-1.031837,2.722288,-0.1351859,-1.045838,2.755886
-0.2329197,0.5018734,2.545624,-0.224761,0.3260099,2.689471,-0.4397494,0.2577093,2.722896,-0.01589184,0.2629219,2.685824,-0.7204368,0.2119356,2.651092,0.2847047,0.204371,2.514313,-0.9380903,0.2883606,2.532062,0.4639866,0.2638036,2.331094,-0.2059207,0.0002838166,2.693224,-0.2029505,-0.06436817,2.691857,-0.2956156,-0.1643478,2.694779,-0.1012981,-0.1558279,2.687103,-0.2554077,-0.640308,2.641642,-0.1303249,-0.6318165,2.658223,-0.2593454,-1.032573,2.730852,-0.1361001,-1.03766,2.761416
-0.2322725,0.5108922,2.540443,-0.2224217,0.3921309,2.689532,-0.4403341,0.3246229,2.711101,-0.03008175,0.3190112,2.664676,-0.7089188,0.2593903,2.635447,0.1975996,0.2590864,2.543069,-0.9230834,0.2641015,2.485976,0.4183421,0.2332762,2.301739,-0.2084676,0.05383495,2.712081,-0.2063297,-0.01399672,2.714386,-0.2972489,-0.1093605,2.720817,-0.1080969,-0.1032149,2.712662,-0.2918981,-0.6172189,2.694696,-0.1092771,-0.6241511,2.697021,-0.2639557,-1.033859,2.746056,-0.109804,-1.032302,2.77481
-0.2386322,0.5939301,2.521769,-0.2151235,0.4523742,2.683076,-0.4331646,0.3843278,2.705338,-0.02907496,0.380846,2.659238,-0.7047859,0.2692618,2.629991,0.1782952,0.2704722,2.508711,-0.912896,0.2071356,2.485401,0.4012478,0.2016519,2.301035,-0.2066414,0.107828,2.71692,-0.2055371,0.03859922,2.722066,-0.2953159,-0.05470831,2.734301,-0.1115431,-0.05002954,2.720601,-0.293093,-0.6129679,2.705354,-0.1022153,-0.6143131,2.725731,-0.2692049,-1.023782,2.735041,-0.1000241,-1.020967,2.764331
-0.240272,0.6556368,2.513624,-0.2113138,0.5118724,2.67755,-0.4247708,0.4451101,2.696835,-0.03443677,0.4473362,2.655884,-0.6497418,0.2990864,2.639373,0.1778249,0.2758991,2.5078,-0.8433253,0.1528956,2.549549,0.3723463,0.1230007,2.326063,-0.2088092,0.1602976,2.715846,-0.2087943,0.08964542,2.722397,-0.297616,0.0003020704,2.730403,-0.118927,0.003760374,2.726988,-0.2880226,-0.5632102,2.691782,-0.1050438,-0.5849,2.718134,-0.2544422,-0.9621498,2.751063,-0.1024509,-1.009601,2.765675
-0.2429605,0.6923801,2.508301,-0.2184336,0.5518872,2.666315,-0.426391,0.4907732,2.68859,-0.03578003,0.4854522,2.654122,-0.6078101,0.3030344,2.666604,0.1728304,0.2686213,2.518545,-0.81089,0.09159816,2.589988,0.3385099,0.04818536,2.395715,-0.2122151,0.2185455,2.716398,-0.2112197,0.1506881,2.72598,-0.3034737,0.06290927,2.744585,-0.1155697,0.06329768,2.727358,-0.2866314,-0.4155002,2.637683,-0.125597,-0.4538029,2.649453,-0.2384723,-0.8325568,2.814834,-0.09862448,-0.8739218,2.824227
-0.2480148,0.7050925,2.505088,-0.22525,0.5687987,2.662391,-0.4272533,0.5061789,2.689484,-0.04197539,0.4968342,2.651402,-0.6086509,0.2441908,2.690596,0.1472296,0.2416226,2.570819,-0.7670302,0.04811835,2.652264,0.2937963,0.003730531,2.482685,-0.2144932,0.2385169,2.717189,-0.2126891,0.1725236,2.728143,-0.3027395,0.09108355,2.748846,-0.1168399,0.08630457,2.730392,-0.2772792,-0.3727886,2.631378,-0.1634941,-0.3688957,2.585341,-0.2051806,-0.7572269,2.858976,-0.08716832,-0.6425917,2.716637
-0.2517687,0.7106396,2.501759,-0.2336788,0.571928,2.658453,-0.4292095,0.5065005,2.688208,-0.04665328,0.5012077,2.650328,-0.5693254,0.2291793,2.727299,0.1308134,0.2248423,2.621187,-0.7064114,0.01634239,2.718102,0.2510434,-0.02904972,2.583618,-0.2162129,0.2442574,2.716071,-0.213426,0.1789671,2.727716,-0.3026151,0.09479871,2.748694,-0.1157558,0.09454048,2.730873,-0.3004923,-0.3190329,2.49965,-0.1599825,-0.3640752,2.598086,-0.2529305,-0.625241,2.821354,-0.1023269,-0.6241139,2.886194
-0.2570483,0.717724,2.496146,-0.2372414,0.5743462,2.655808,-0.431908,0.5032781,2.687813,-0.04886419,0.5026287,2.65063,-0.5422088,0.2071276,2.760563,0.1043099,0.2255107,2.675023,-0.6493719,-0.01525058,2.802744,0.2043939,-0.02504608,2.68092,-0.2190651,0.2498457,2.713952,-0.2158794,0.184943,2.726117,-0.3041704,0.09770842,2.748374,-0.1177948,0.1026167,2.728549,-0.3100001,-0.3038831,2.479407,-0.1689238,-0.3093359,2.482219,-0.2630004,-0.5636343,2.837019,-0.1104603,-0.5795485,2.830983
-0.2631995,0.7198927,2.490307,-0.2423031,0.5761235,2.653485,-0.4321437,0.5020548,2.688254,-0.05343159,0.5038451,2.649815,-0.5125473,0.2214756,2.774476,0.08591139,0.2151365,2.706574,-0.5767266,-0.0020971,2.860318,0.1727733,-0.01112211,2.765783,-0.2223086,0.2520276,2.711425,-0.2186991,0.1870692,2.72388,-0.3057547,0.09966494,2.747553,-0.1221683,0.1064511,2.723401,-0.3141424,-0.3022507,2.479547,-0.1645652,-0.3065701,2.477624,-0.2665529,-0.5732261,2.829377,-0.1600408,-0.4539388,2.886048
-0.2697403,0.7201764,2.482225,-0.2440823,0.5754312,2.650398,-0.4326552,0.5024754,2.6883,-0.05714044,0.5045675,2.649779,-0.4834513,0.2264608,2.816017,0.07253754,0.2237577,2.750029,-0.5567961,0.01545157,2.92107,0.1638832,0.01012549,2.83659,-0.2260723,0.2517925,2.70771,-0.2228901,0.1869043,2.720273,-0.3089303,0.09933807,2.746208,-0.1286322,0.1069784,2.716782,-0.3144865,-0.3365094,2.542831,-0.1268409,-0.3346642,2.527303,-0.2996984,-0.5962452,2.842166,-0.1777016,-0.5247139,2.844156
-0.2736535,0.7155764,2.475424,-0.2499009,0.571622,2.644866,-0.4348022,0.4962349,2.689205,-0.0583794,0.5039877,2.650609,-0.479767,0.2221728,2.828677,0.07755507,0.2285659,2.774291,-0.5577161,0.03176391,2.961995,0.187612,0.03780857,2.885009,-0.2301777,0.2443328,2.701036,-0.2265667,0.1784336,2.713466,-0.3126315,0.08546797,2.738302,-0.1307838,0.1019735,2.711306,-0.3146804,-0.3728204,2.599486,-0.1063931,-0.3115534,2.464683,-0.3079544,-0.7326126,2.79916,-0.147342,-0.6917213,2.705973
-0.2794866,0.703423,2.469698,-0.251605,0.5573734,2.64013,-0.4382352,0.485909,2.693796,-0.06118991,0.5001585,2.65288,-0.484548,0.2189347,2.849762,0.08598729,0.2356696,2.784979,-0.5961089,0.05683346,2.994911,0.2360951,0.06208921,2.891112,-0.2289902,0.2236093,2.692802,-0.2245744,0.1564488,2.704759,-0.309591,0.0594638,2.72668,-0.1280262,0.08417857,2.704185,-0.3156501,-0.4506133,2.63129,-0.1346932,-0.3922607,2.577362,-0.3182664,-0.8638428,2.756019,-0.1502802,-0.7935686,2.750304
-0.2841448,0.6824141,2.468955,-0.2507722,0.5390607,2.638073,-0.4452497,0.4620801,2.709799,-0.06359997,0.4816949,2.657349,-0.5081063,0.194414,2.883973,0.1141213,0.2379379,2.791692,-0.6675352,0.05524366,3.008785,0.3091411,0.07783737,2.854034,-0.2271473,0.1764112,2.680286,-0.2227397,0.105354,2.690549,-0.3046477,0.008815813,2.709261,-0.1296003,0.02955924,2.687905,-0.3120131,-0.5760669,2.650725,-0.1366262,-0.535091,2.600791,-0.3167938,-0.9979055,2.725197,-0.1439039,-0.9803202,2.716651
-0.287203,0.6290509,2.483264,-0.238921,0.4803443,2.63406,-0.4477089,0.405213,2.715193,-0.0647421,0.4215297,2.665138,-0.5338758,0.1748578,2.890959,0.1502872,0.2051599,2.79322,-0.7643042,0.09311956,2.973953,0.3802722,0.09912864,2.787514,-0.220698,0.1315387,2.673433,-0.2172455,0.0618749,2.683309,-0.3008775,-0.03733177,2.702609,-0.124336,-0.01336207,2.678096,-0.3050873,-0.611877,2.652311,-0.1360572,-0.595935,2.609599,-0.3047078,-1.015292,2.734085,-0.1416541,-1.0065,2.728975
-0.2806121,0.5748438,2.504891,-0.2479394,0.4202445,2.649957,-0.4466077,0.3459112,2.721817,-0.07053458,0.356859,2.666879,-0.5935147,0.1221079,2.885697,0.1739464,0.1739219,2.754088,-0.8436186,0.1299405,2.911521,0.4205461,0.1277178,2.683499,-0.2242916,0.07378776,2.670741,-0.2197729,0.004438184,2.676977,-0.3005361,-0.08873271,2.691137,-0.1274709,-0.07273279,2.667963,-0.300481,-0.6227407,2.644574,-0.1362207,-0.6171974,2.620095,-0.2947739,-1.030337,2.752219,-0.1355361,-1.018067,2.741997
-0.2864185,0.526585,2.52698,-0.2477087,0.360002,2.669806,-0.4592636,0.278017,2.747546,-0.0636531,0.2863584,2.677333,-0.6660551,0.1099505,2.844279,0.2049933,0.13688,2.681838,-0.9090712,0.1808743,2.817484,0.4396384,0.1662855,2.576184,-0.228943,0.01838453,2.672644,-0.2256318,-0.04990211,2.674262,-0.3107019,-0.1463817,2.681725,-0.1309301,-0.1322514,2.662434,-0.3000147,-0.6359581,2.634442,-0.1374355,-0.6319889,2.629028,-0.2981998,-1.030442,2.746898,-0.1279356,-1.035871,2.766723
-0.284858,0.5151768,2.537822,-0.2484059,0.3347852,2.679737,-0.4686334,0.2515754,2.753866,-0.05431912,0.258626,2.683039,-0.7388151,0.1235839,2.786977,0.2205938,0.1289043,2.616948,-0.9576467,0.24683,2.738338,0.4265095,0.2043867,2.475421,-0.2325581,0.004817334,2.677748,-0.2298826,-0.06162015,2.676969,-0.320655,-0.1649725,2.68602,-0.1335246,-0.1501588,2.662366,-0.2832856,-0.6542652,2.629331,-0.1404814,-0.6557657,2.64137,-0.3052497,-1.04811,2.753561,-0.1356046,-1.038519,2.764612
-0.2851611,0.5113665,2.543088,-0.2481511,0.3319255,2.681881,-0.4699993,0.247045,2.750226,-0.0525301,0.255003,2.677926,-0.7502917,0.1594819,2.721655,0.1722622,0.1632564,2.576912,-0.9517779,0.3033071,2.652951,0.3928826,0.2532207,2.371828,-0.2330519,0.0006445046,2.68138,-0.2308901,-0.06569474,2.679096,-0.3222043,-0.1681225,2.687955,-0.1334617,-0.1551607,2.663577,-0.2826698,-0.654434,2.630387,-0.1478609,-0.6416764,2.642681,-0.3019151,-1.053607,2.76148,-0.1413788,-1.037229,2.765464
-0.2843643,0.5193404,2.547138,-0.2513219,0.3433318,2.685308,-0.4716728,0.2709517,2.737607,-0.05437183,0.2682973,2.667794,-0.7378921,0.2090593,2.684308,0.1630019,0.2014759,2.527723,-0.9508364,0.3024742,2.569248,0.3820922,0.2654862,2.272428,-0.2355979,0.008481715,2.690301,-0.2335683,-0.0582322,2.688581,-0.3251448,-0.1570859,2.701374,-0.1351434,-0.1481814,2.673353,-0.3063362,-0.6342332,2.67289,-0.1439852,-0.6385835,2.658526,-0.3010349,-1.044553,2.759371,-0.1402406,-1.034407,2.775307
-0.2762599,0.5675529,2.532697,-0.2413806,0.4101714,2.678393,-0.4667447,0.3375145,2.72936,-0.06025865,0.329389,2.6525,-0.7228389,0.2484368,2.665416,0.1441225,0.2581622,2.490836,-0.9411248,0.2711345,2.524463,0.347682,0.2210626,2.230992,-0.2293559,0.06776312,2.70429,-0.2280781,-0.00096035,2.707066,-0.3173741,-0.09778338,2.722466,-0.1328204,-0.0883907,2.698039,-0.3197881,-0.6153927,2.719851,-0.1176049,-0.6153057,2.704128,-0.3023798,-1.034904,2.763371,-0.1299349,-1.029307,2.775981
-0.2723089,0.6225604,2.517813,-0.2446343,0.4735498,2.672195,-0.4668919,0.4073699,2.718847,-0.06310059,0.3920788,2.645472,-0.6864303,0.2852383,2.658463,0.1443942,0.2707827,2.475048,-0.9241982,0.2107356,2.488526,0.2860239,0.1709155,2.27592,-0.2309359,0.1269847,2.709486,-0.2291813,0.05726976,2.715139,-0.3154354,-0.03826385,2.7378,-0.1360953,-0.03123696,2.705076,-0.3196272,-0.6145165,2.71971,-0.117035,-0.6096166,2.708654,-0.3001014,-1.026622,2.758498,-0.1173428,-1.013437,2.749648
-0.2721026,0.6704577,2.507725,-0.2450685,0.5266464,2.666557,-0.4512959,0.4641286,2.703545,-0.06685442,0.4562379,2.644092,-0.6738534,0.298893,2.649596,0.1456187,0.2630244,2.467452,-0.8529223,0.1503189,2.535144,0.3053845,0.07510863,2.278591,-0.2358926,0.1684815,2.709434,-0.2346489,0.09613687,2.716577,-0.3218507,0.0109939,2.732672,-0.1448912,0.01805644,2.715408,-0.3056814,-0.5737011,2.693416,-0.1373255,-0.5612292,2.68667,-0.2681938,-0.9678597,2.765697,-0.1330112,-0.9975916,2.768515
-0.2746187,0.6843651,2.498253,-0.2438017,0.550521,2.65851,-0.4478305,0.5047045,2.68887,-0.06748329,0.4751441,2.640198,-0.6249989,0.3093428,2.656305,0.1274544,0.2469733,2.492121,-0.829816,0.08743693,2.575887,0.2691391,0.009476361,2.371164,-0.2376759,0.2268975,2.711629,-0.2371516,0.1596696,2.722108,-0.3283547,0.07444519,2.746053,-0.1433297,0.07384618,2.720549,-0.3088125,-0.3917136,2.634966,-0.1739005,-0.4143506,2.624069,-0.2478871,-0.8046973,2.819285,-0.1572482,-0.8292449,2.812701
-0.2757252,0.6951112,2.489938,-0.250446,0.5647519,2.650797,-0.4461565,0.5110283,2.686017,-0.0709604,0.4919913,2.640935,-0.6250599,0.2433032,2.668757,0.1030009,0.2174993,2.554544,-0.8280103,0.01741109,2.619682,0.2181589,-0.03745724,2.493439,-0.2382493,0.2353104,2.711269,-0.2367522,0.1691276,2.722969,-0.3260913,0.08846289,2.746847,-0.141939,0.08505453,2.723966,-0.3093534,-0.3440685,2.538162,-0.2168342,-0.3628519,2.572175,-0.258653,-0.7115074,2.795977,-0.1730218,-0.7389117,2.819745
-0.2751023,0.7004821,2.482596,-0.2508529,0.5672593,2.648676,-0.4465475,0.5075655,2.680366,-0.07108983,0.4941602,2.641275,-0.584536,0.2223815,2.70968,0.0782211,0.2164987,2.62605,-0.7296924,-0.01294344,2.699694,0.1738305,-0.06029782,2.605582,-0.2377458,0.243666,2.709594,-0.2356327,0.1790488,2.721957,-0.3252822,0.09463293,2.745191,-0.1393843,0.09766684,2.725488,-0.3509982,-0.3029521,2.473423,-0.2355604,-0.312672,2.493504,-0.2889456,-0.5431852,2.842605,-0.1476087,-0.6160762,2.81128
-0.2763838,0.7005949,2.472391,-0.2582684,0.5681449,2.643415,-0.4466348,0.5011663,2.676154,-0.07261868,0.4947104,2.640505,-0.5589156,0.1968557,2.75314,0.06735864,0.2067284,2.679357,-0.6569035,-0.03378233,2.77572,0.1361862,-0.0500211,2.716394,-0.2397836,0.2452332,2.707086,-0.2369127,0.1804964,2.720123,-0.3255733,0.09538285,2.744313,-0.1405986,0.1003112,2.722657,-0.3418705,-0.2881398,2.451334,-0.1224441,-0.3008049,2.455797,-0.2986772,-0.5276223,2.823534,-0.123507,-0.421997,2.872533
-0.2794364,0.7010966,2.461719,-0.262285,0.5609102,2.634805,-0.446161,0.496989,2.673197,-0.07419353,0.4901723,2.638451,-0.5193968,0.2010627,2.776502,0.04890526,0.2012001,2.726902,-0.591363,-0.03020105,2.836143,0.1139051,-0.02667379,2.801898,-0.2448487,0.2425755,2.701071,-0.2419118,0.1784437,2.714854,-0.3301248,0.09409116,2.740174,-0.1458472,0.09801005,2.71738,-0.3410606,-0.2864636,2.443204,-0.1189099,-0.3222258,2.485129,-0.2995786,-0.5255569,2.815868,-0.1504355,-0.4006154,2.860147
-0.2816903,0.6847373,2.436373,-0.2648076,0.5512812,2.629215,-0.4445402,0.4930886,2.668717,-0.07433397,0.484618,2.636312,-0.5043927,0.208571,2.788876,0.04033351,0.205226,2.754325,-0.5573382,-0.02081962,2.90574,0.1195458,0.004266173,2.872233,-0.2621602,0.2383152,2.702465,-0.2646911,0.1753237,2.718811,-0.3593869,0.09519137,2.752365,-0.1810016,0.0901005,2.722064,-0.3299843,-0.2884769,2.461318,-0.1633204,-0.3232321,2.476492,-0.2900734,-0.6151561,2.766767,-0.1730492,-0.4784967,2.81678
-0.2830169,0.6807297,2.432082,-0.2636847,0.5415471,2.621466,-0.4454323,0.4802558,2.667681,-0.07531805,0.478874,2.633983,-0.4942563,0.2080919,2.799763,0.0421197,0.2177244,2.779462,-0.5485802,0.01884626,2.944793,0.139993,0.03246921,2.907487,-0.2566123,0.2239164,2.689129,-0.2557353,0.1591726,2.703244,-0.340894,0.06725886,2.730237,-0.1652666,0.07794571,2.701661,-0.3360749,-0.3753226,2.547011,-0.1482921,-0.3352545,2.45621,-0.2914591,-0.673811,2.775689,-0.1818397,-0.7358028,2.669207
-0.2822167,0.673758,2.428012,-0.2579206,0.5253426,2.610531,-0.443876,0.4597721,2.667992,-0.07443725,0.4723319,2.635391,-0.4906263,0.2061036,2.807358,0.06162876,0.2240619,2.793083,-0.5647978,0.02617256,2.955201,0.1784468,0.0576074,2.929834,-0.2470422,0.1972037,2.677152,-0.2451773,0.1312705,2.692084,-0.3322169,0.04166722,2.717976,-0.1552708,0.0588117,2.696492,-0.3340864,-0.4328981,2.595242,-0.1638284,-0.4078934,2.561662,-0.3036864,-0.863398,2.719352,-0.20033,-0.83386,2.703949
-0.2787364,0.6429554,2.429897,-0.2530215,0.4976029,2.604452,-0.4446619,0.4376015,2.671353,-0.06851342,0.4525248,2.642226,-0.508597,0.1795592,2.854549,0.0930761,0.2234192,2.811141,-0.645155,0.019109,2.980834,0.2435227,0.06304274,2.935582,-0.2381021,0.1536375,2.666116,-0.2350893,0.08402327,2.679914,-0.319668,-0.007856876,2.702226,-0.1435992,0.005977428,2.683951,-0.3151894,-0.5642455,2.616634,-0.1818201,-0.5484003,2.585188,-0.2997995,-1.007482,2.699538,-0.1740879,-0.9859835,2.682205
-0.2738926,0.6097229,2.445307,-0.2411723,0.4499365,2.606208,-0.4419754,0.3936574,2.679007,-0.05987935,0.4029766,2.658281,-0.5327356,0.1481829,2.866076,0.1271513,0.1924348,2.822305,-0.7421402,0.04721902,2.9523,0.3406013,0.07957558,2.884534,-0.2348466,0.1170383,2.656374,-0.2334039,0.04993596,2.66856,-0.3198509,-0.04078674,2.685979,-0.1430103,-0.03381488,2.6704,-0.2928518,-0.6122209,2.617485,-0.1759514,-0.6080617,2.605667,-0.2946867,-1.013468,2.703818,-0.1862576,-1.026752,2.709292
-0.2673592,0.5527535,2.472481,-0.237995,0.3913183,2.616297,-0.4385321,0.3360113,2.681299,-0.05737488,0.348277,2.662858,-0.5860888,0.1138159,2.857121,0.1617583,0.1588678,2.807387,-0.8318276,0.1068434,2.903691,0.4120402,0.1230954,2.808291,-0.230478,0.05810114,2.647541,-0.2290456,-0.008639909,2.655781,-0.3145851,-0.09906716,2.662809,-0.1396741,-0.08947212,2.659487,-0.2909555,-0.6123295,2.61586,-0.169166,-0.6167625,2.611551,-0.3168991,-1.033619,2.727291,-0.1670848,-0.9872655,2.693089
-0.2699422,0.5184829,2.486036,-0.2432336,0.34601,2.637855,-0.4539817,0.2771049,2.706843,-0.05275675,0.2796219,2.674237,-0.6571896,0.1073275,2.825011,0.2133545,0.1405678,2.760753,-0.8986095,0.1835027,2.819551,0.4592168,0.1899157,2.710523,-0.2340098,0.01861527,2.647063,-0.2324042,-0.04790194,2.651419,-0.3222209,-0.1443079,2.653308,-0.1384447,-0.1402256,2.648148,-0.2913588,-0.6269176,2.614347,-0.172746,-0.625028,2.61546,-0.3142256,-1.034874,2.729883,-0.159852,-1.033848,2.731427
-0.2682691,0.5064392,2.493067,-0.2477477,0.3344213,2.644043,-0.4611879,0.2603767,2.707401,-0.05067238,0.2706435,2.674818,-0.724658,0.1362987,2.769992,0.2438016,0.1481694,2.70824,-0.9407606,0.2660364,2.730136,0.4619864,0.2479403,2.612461,-0.2355768,0.01014363,2.648382,-0.23349,-0.05517395,2.651126,-0.3241054,-0.1531571,2.652818,-0.1375338,-0.1460248,2.646246,-0.2889077,-0.628336,2.614387,-0.178779,-0.6288244,2.614857,-0.3119332,-1.033576,2.726663,-0.1597412,-1.03421,2.730871
-0.2661804,0.5099156,2.497475,-0.2503983,0.3372208,2.647084,-0.4635413,0.263038,2.701885,-0.0491924,0.2704928,2.673654,-0.745939,0.1849209,2.703057,0.2584883,0.1874746,2.634178,-0.9543926,0.319864,2.638409,0.4513703,0.3011017,2.501144,-0.236291,0.01071238,2.652826,-0.2338244,-0.05485997,2.655211,-0.3247626,-0.152994,2.656885,-0.1358506,-0.1461655,2.651726,-0.2928465,-0.6326348,2.625854,-0.1713352,-0.6306848,2.61901,-0.3023111,-1.039326,2.734061,-0.1594039,-1.034096,2.731363
-0.2653873,0.5409399,2.491942,-0.2514151,0.3901689,2.653858,-0.4645502,0.3157381,2.678072,-0.04513223,0.3127674,2.658025,-0.7542161,0.2366744,2.648407,0.2374097,0.2334146,2.575167,-0.9767435,0.3265466,2.552809,0.4815794,0.3413782,2.399374,-0.2368812,0.05120452,2.674654,-0.2341069,-0.01639631,2.679843,-0.3254272,-0.1118975,2.687371,-0.1347638,-0.1064855,2.680187,-0.3169439,-0.6237218,2.686302,-0.1469891,-0.6158422,2.664532,-0.3098622,-1.03259,2.7386,-0.1568363,-1.032047,2.733929
-0.2595222,0.5883807,2.479667,-0.2443456,0.4419674,2.64713,-0.4631706,0.370077,2.675967,-0.05230774,0.3680651,2.647587,-0.7178137,0.2840772,2.626177,0.2031146,0.2800152,2.539503,-0.9378394,0.2919163,2.486484,0.4047647,0.2838342,2.344885,-0.2351412,0.1047689,2.684308,-0.233454,0.03715272,2.693051,-0.325929,-0.05872577,2.704616,-0.1360171,-0.05139717,2.695844,-0.3216396,-0.6144939,2.701089,-0.1368864,-0.5900586,2.683987,-0.3076298,-1.028783,2.734085,-0.1519587,-1.021456,2.727387
-0.2610422,0.6187058,2.468824,-0.2428841,0.4929333,2.642947,-0.4574544,0.4222259,2.667378,-0.05647379,0.4244313,2.640895,-0.7000679,0.3048206,2.604227,0.1593241,0.3189223,2.528163,-0.9024445,0.2310232,2.445296,0.3837848,0.2260873,2.302521,-0.229261,0.1381201,2.695806,-0.2267138,0.068063,2.707585,-0.3137338,-0.02058245,2.724498,-0.1307702,-0.01581508,2.71596,-0.3166612,-0.6105843,2.700609,-0.1401542,-0.5906809,2.686187,-0.2783226,-1.027566,2.762423,-0.1614568,-1.026895,2.738769
-0.2634477,0.6695386,2.466399,-0.2434256,0.5213929,2.64104,-0.4497054,0.4741896,2.65891,-0.06051876,0.459471,2.636333,-0.6842073,0.3064027,2.581291,0.1592426,0.3200099,2.503735,-0.8767533,0.1310366,2.439276,0.3564113,0.1378812,2.30852,-0.2343564,0.1934847,2.700956,-0.2326209,0.1257894,2.714803,-0.3226509,0.03520968,2.73224,-0.1378959,0.04327552,2.72301,-0.3148797,-0.5982005,2.68375,-0.1513476,-0.5099955,2.663031,-0.2473287,-0.9318107,2.820363,-0.1682559,-0.9426166,2.809448
-0.263514,0.6733217,2.467074,-0.2431724,0.5417429,2.640462,-0.4465506,0.4776179,2.657064,-0.06234466,0.4772583,2.634081,-0.6289089,0.2560496,2.588112,0.1525213,0.2693172,2.4858,-0.7989075,0.05935222,2.500061,0.3085547,0.06335235,2.364891,-0.2310707,0.2117761,2.703777,-0.2285106,0.1460498,2.718608,-0.3160603,0.06398702,2.741019,-0.1335869,0.06366942,2.724856,-0.2869361,-0.3907171,2.598185,-0.1885871,-0.3948738,2.606472,-0.251329,-0.7800978,2.829749,-0.1582923,-0.7865169,2.835295
-0.2641248,0.680261,2.461778,-0.2464688,0.5462102,2.638824,-0.4463074,0.4914316,2.658179,-0.06520407,0.4866123,2.637935,-0.5924065,0.2105919,2.627195,0.1338904,0.2309521,2.533994,-0.7359498,-0.04202716,2.557041,0.2640323,-0.000182908,2.442558,-0.2333857,0.2328563,2.703393,-0.2303262,0.1715933,2.71879,-0.3179152,0.08568951,2.740761,-0.1334933,0.08953173,2.727046,-0.2745097,-0.3338717,2.511861,-0.1890071,-0.3553042,2.5611,-0.2675724,-0.6677601,2.81356,-0.1220271,-0.6808704,2.864387
-0.26481,0.6798891,2.459411,-0.2465125,0.5476332,2.637224,-0.4464006,0.491211,2.657967,-0.06521234,0.4866473,2.637923,-0.5619607,0.1919743,2.669634,0.1100057,0.1978676,2.607314,-0.6789532,-0.06865098,2.637977,0.2142611,-0.05136443,2.561545,-0.2324486,0.2363112,2.7012,-0.2293537,0.1748142,2.716679,-0.3173936,0.08818359,2.737493,-0.1320723,0.09334025,2.725948,-0.2836618,-0.3190676,2.484499,-0.1435595,-0.3221534,2.485381,-0.2739313,-0.5763741,2.848952,-0.105178,-0.5756353,2.850564
-0.2701937,0.6785043,2.446249,-0.2497417,0.5451458,2.632603,-0.4453717,0.4764427,2.655572,-0.06572565,0.4860633,2.637549,-0.5307497,0.1650375,2.711996,0.08878777,0.1844419,2.661373,-0.6036406,-0.07601297,2.726008,0.1619415,-0.06224242,2.67627,-0.2323299,0.2349663,2.698674,-0.2288221,0.1732584,2.714199,-0.3161519,0.0855315,2.734501,-0.131329,0.0930087,2.723925,-0.2983144,-0.3156015,2.469751,-0.1443787,-0.3232867,2.48496,-0.2740979,-0.5708991,2.834994,-0.1034537,-0.4126657,2.928571
-0.2754804,0.6635365,2.422567,-0.2562943,0.5257488,2.613612,-0.4418567,0.4644002,2.651284,-0.06540515,0.4752523,2.633139,-0.5021586,0.1683607,2.73647,0.06786722,0.1832606,2.714991,-0.5568437,-0.06658278,2.799944,0.1503362,-0.05817757,2.775367,-0.2343151,0.2257348,2.69174,-0.2302515,0.1651708,2.708973,-0.3172711,0.07844497,2.732559,-0.1320223,0.08739407,2.719233,-0.2996804,-0.3250428,2.471633,-0.1500931,-0.3292909,2.481373,-0.2691222,-0.6419965,2.788721,-0.1048523,-0.4234124,2.89867
-0.2796811,0.6395162,2.404473,-0.2523994,0.4973889,2.592162,-0.4394619,0.4386939,2.642576,-0.07276966,0.4451761,2.61903,-0.4882172,0.1609524,2.767061,0.06386775,0.1840684,2.740371,-0.5426882,-0.05075587,2.881062,0.1601918,-0.02789963,2.867645,-0.2339601,0.1998544,2.68553,-0.2302971,0.1396978,2.706028,-0.3163711,0.05605253,2.73324,-0.1341358,0.06790167,2.720127,-0.283986,-0.38844,2.5604,-0.1525727,-0.3940795,2.605919,-0.2722563,-0.6479841,2.805089,-0.1465094,-0.6516501,2.810385
-0.2800589,0.6108283,2.393967,-0.2412081,0.4591936,2.573869,-0.4396846,0.4471487,2.644972,-0.0715702,0.4267619,2.615534,-0.480381,0.1769831,2.762006,0.06876506,0.1894401,2.755841,-0.536323,-0.007799404,2.914765,0.1662966,0.02896844,2.911802,-0.2291128,0.1676322,2.682791,-0.2265461,0.1086079,2.70662,-0.3094035,0.02023433,2.735244,-0.1358999,0.03508182,2.729337,-0.2895569,-0.4416918,2.621714,-0.1318627,-0.4165533,2.574923,-0.2789326,-0.8170563,2.738879,-0.1300076,-0.711929,2.748413
-0.2824085,0.5780533,2.381708,-0.24613,0.4447223,2.57042,-0.4379381,0.3587849,2.620351,-0.07044226,0.3982681,2.610764,-0.4817018,0.1726037,2.758564,0.08586527,0.1882271,2.80415,-0.5584246,0.003790549,2.921952,0.2201211,0.05363362,2.957519,-0.2184034,0.1097737,2.68184,-0.2120789,0.04483277,2.707437,-0.290719,-0.04782769,2.735563,-0.1180654,-0.02000909,2.730128,-0.2690115,-0.5503891,2.647777,-0.1246546,-0.4813406,2.612522,-0.2874607,-0.9865083,2.703468,-0.1193499,-0.8726304,2.719728
-0.2821063,0.5437504,2.384207,-0.2506412,0.3887671,2.563102,-0.4370859,0.337831,2.617866,-0.07239258,0.372506,2.609361,-0.4834751,0.1454151,2.748063,0.1073127,0.1890478,2.808506,-0.625308,-0.01062581,2.932862,0.2697078,0.0744511,2.951502,-0.2129913,0.07443885,2.677351,-0.2055262,0.01027277,2.702946,-0.2795895,-0.08166887,2.7297,-0.1133437,-0.05269837,2.726635,-0.2479262,-0.6076401,2.664408,-0.1131069,-0.5813265,2.638793,-0.267332,-1.006368,2.704673,-0.129762,-1.012496,2.715109
-0.2865286,0.4934017,2.398999,-0.2446497,0.3424539,2.567567,-0.4347394,0.2677781,2.624258,-0.07329662,0.3059732,2.609193,-0.5408819,0.05913619,2.838776,0.138753,0.1698225,2.813593,-0.7645366,-0.01714678,2.916118,0.3594159,0.08677059,2.892292,-0.206447,0.01688528,2.667372,-0.1988527,-0.04809728,2.690211,-0.2718354,-0.1373265,2.712771,-0.1075156,-0.1154548,2.711169,-0.2427977,-0.6115056,2.66124,-0.1235424,-0.6417049,2.664223,-0.2515512,-1.037663,2.767863,-0.1333693,-1.007921,2.733644
-0.2835166,0.4436826,2.42953,-0.2436756,0.2860032,2.577557,-0.4411113,0.2145186,2.641984,-0.06009859,0.2518002,2.62991,-0.6005687,0.01272943,2.81664,0.1863123,0.1300479,2.805155,-0.8523071,0.01065245,2.83154,0.4385895,0.110432,2.805092,-0.2074456,-0.03340933,2.65947,-0.2002047,-0.09741744,2.678813,-0.276923,-0.1910188,2.697368,-0.104552,-0.1708218,2.698104,-0.2461764,-0.6583596,2.620028,-0.1315943,-0.6419054,2.657907,-0.2463805,-1.033128,2.761555,-0.1244233,-1.028889,2.754504
-0.2789068,0.4233817,2.447152,-0.2459693,0.2528521,2.595588,-0.4563911,0.1857919,2.659475,-0.05383988,0.1955069,2.64888,-0.6561115,0.001823215,2.776623,0.2412049,0.1031365,2.747558,-0.9012176,0.05611869,2.72724,0.484742,0.1567914,2.687782,-0.2099719,-0.05892289,2.658131,-0.2028666,-0.1225548,2.674284,-0.2853709,-0.2217472,2.690845,-0.1007551,-0.2119815,2.68486,-0.2384782,-0.6861171,2.60322,-0.1675009,-0.6772896,2.623182,-0.2387024,-1.03516,2.756906,-0.1305804,-1.000879,2.715351
-0.2782868,0.4139228,2.472705,-0.2541943,0.2347213,2.610326,-0.4641215,0.1503649,2.669469,-0.05212856,0.1869669,2.651487,-0.6962711,0.0125228,2.705461,0.2661927,0.09995914,2.677408,-0.9224511,0.1107436,2.63234,0.4813338,0.1968947,2.570443,-0.2172209,-0.0780523,2.663657,-0.2097353,-0.1406809,2.677696,-0.2950583,-0.242674,2.692665,-0.1036132,-0.2232592,2.687247,-0.2242216,-0.700855,2.588148,-0.1585837,-0.6898294,2.624244,-0.2366488,-1.040735,2.758594,-0.1318516,-1.014793,2.715368
-0.2753565,0.4164854,2.489473,-0.253479,0.2409764,2.624044,-0.4625946,0.1535025,2.669509,-0.05178637,0.1869413,2.651675,-0.6870493,0.0367469,2.656523,0.2563489,0.1235331,2.614958,-0.9074261,0.125065,2.553408,0.4480611,0.2154665,2.462618,-0.2167561,-0.07663773,2.670499,-0.2093565,-0.1399056,2.68333,-0.2947994,-0.2412113,2.696393,-0.103088,-0.2227193,2.693016,-0.2243457,-0.6988661,2.589585,-0.1623223,-0.6877965,2.622509,-0.2531002,-1.020178,2.714563,-0.1275232,-1.041713,2.761621
-0.2722318,0.4469075,2.512164,-0.2494036,0.28245,2.64568,-0.4557375,0.1904113,2.671461,-0.05021913,0.2157542,2.65525,-0.7080445,0.1008162,2.620729,0.2751018,0.1633971,2.552003,-0.9215109,0.1289228,2.472619,0.4559231,0.2233961,2.370458,-0.2137568,-0.04695844,2.695488,-0.2066286,-0.1128077,2.708384,-0.2890708,-0.2111413,2.721659,-0.1041168,-0.1924437,2.721083,-0.2470004,-0.6744093,2.627059,-0.1209232,-0.6611375,2.653157,-0.248546,-1.044364,2.750786,-0.1279785,-1.040053,2.761512
-0.2510101,0.4954388,2.524814,-0.2373305,0.3492848,2.65689,-0.4491414,0.2532256,2.675497,-0.04151454,0.2755178,2.659344,-0.697506,0.1545475,2.61077,0.1946492,0.2037153,2.573828,-0.9020264,0.08849978,2.45624,0.4298019,0.1773543,2.359061,-0.2077225,0.005949702,2.707325,-0.2018119,-0.06275795,2.720591,-0.2867015,-0.16089,2.730715,-0.1013991,-0.1486935,2.73167,-0.282209,-0.6313683,2.67957,-0.114972,-0.6272855,2.680646,-0.2587273,-1.03327,2.749047,-0.1278833,-1.037636,2.767205
-0.2630546,0.5718637,2.516219,-0.2391046,0.4147066,2.65811,-0.4419584,0.3220866,2.672484,-0.04591373,0.353874,2.656855,-0.6850486,0.1679746,2.613602,0.1826552,0.2264835,2.573803,-0.8935584,0.03716028,2.472652,0.4178183,0.1061453,2.385797,-0.209176,0.07332771,2.712248,-0.2031988,0.005012043,2.726287,-0.2857085,-0.09127617,2.739182,-0.1052101,-0.07532012,2.736594,-0.2886814,-0.6039782,2.713702,-0.1003007,-0.6059224,2.732842,-0.2689495,-1.026868,2.745536,-0.1072951,-1.006339,2.75629
-0.2668595,0.636907,2.511043,-0.2374232,0.4885009,2.656135,-0.4380502,0.3887404,2.670476,-0.04997545,0.4207532,2.655817,-0.6375468,0.1770788,2.6394,0.1842034,0.2347253,2.57871,-0.8222193,0.001828202,2.549345,0.3707362,0.05843326,2.465053,-0.2068639,0.1329357,2.717539,-0.2007589,0.06178282,2.733062,-0.282935,-0.03188979,2.748059,-0.103735,-0.01735006,2.743403,-0.2891431,-0.5828176,2.71808,-0.09765528,-0.5980815,2.736804,-0.2848302,-0.9999926,2.735821,-0.1056093,-1.004985,2.756953
-0.2671906,0.686591,2.501503,-0.239924,0.5376834,2.650889,-0.440301,0.4432025,2.668912,-0.05502446,0.4588302,2.651741,-0.6105801,0.1754533,2.664287,0.1788014,0.221445,2.607556,-0.760516,-0.0254606,2.612838,0.3286948,0.01068341,2.561857,-0.2080972,0.1882196,2.72033,-0.2017384,0.1182376,2.737493,-0.2839637,0.02451779,2.756971,-0.1040128,0.04165397,2.747342,-0.2841748,-0.4746512,2.687965,-0.09809072,-0.5158603,2.709461,-0.2680742,-0.8946618,2.79236,-0.09931961,-0.9389031,2.810214
-0.2684967,0.6952589,2.501353,-0.2440008,0.5456887,2.64743,-0.4379775,0.4579788,2.671405,-0.05957673,0.4748337,2.649463,-0.5677391,0.1767339,2.711457,0.1420046,0.2135635,2.673113,-0.6920111,-0.06613927,2.712485,0.2685128,-0.02532836,2.671771,-0.2113449,0.2137197,2.721773,-0.2045574,0.1490057,2.74066,-0.2859793,0.06450759,2.764365,-0.1059497,0.07440036,2.751482,-0.2919769,-0.3947456,2.642005,-0.1030836,-0.3939188,2.666951,-0.2511131,-0.7602198,2.870888,-0.09485905,-0.8017527,2.872287
-0.271737,0.7113956,2.496637,-0.2505432,0.561066,2.650511,-0.4376257,0.4797049,2.677723,-0.06225633,0.4968082,2.662061,-0.5275664,0.203582,2.748307,0.1061047,0.2162591,2.725569,-0.6060724,-0.03676222,2.783549,0.207654,-0.02952695,2.762484,-0.2185363,0.2396731,2.727105,-0.2117039,0.1749176,2.745748,-0.2915111,0.08716569,2.76913,-0.1136045,0.09638375,2.755898,-0.2900518,-0.3454563,2.567006,-0.1517323,-0.3485843,2.589982,-0.2373065,-0.685037,2.859761,-0.09875303,-0.6969284,2.873163
-0.2711067,0.7140192,2.496532,-0.2501129,0.565498,2.653675,-0.4336425,0.4942591,2.688059,-0.06195066,0.4986743,2.665309,-0.4985215,0.2057684,2.793979,0.09421496,0.2193109,2.755893,-0.5583929,-0.02315162,2.87077,0.175633,-0.007830323,2.849127,-0.2193514,0.2444314,2.728495,-0.2129607,0.1801415,2.746873,-0.2931303,0.09301125,2.771035,-0.1163103,0.1034022,2.755792,-0.28095,-0.3296682,2.547874,-0.1333356,-0.3188641,2.532134,-0.2406629,-0.4660942,2.953831,-0.08544303,-0.5769193,2.8942
-0.2706059,0.7149438,2.496264,-0.2498818,0.5662373,2.654266,-0.4307415,0.4994569,2.692266,-0.05954646,0.5022333,2.674479,-0.4665461,0.2330121,2.833752,0.07453321,0.2449762,2.805145,-0.5257754,0.02092843,2.945208,0.1517787,0.03473498,2.909734,-0.2197227,0.248247,2.729658,-0.2136386,0.1849418,2.748158,-0.2942494,0.09821579,2.773587,-0.1173233,0.1088209,2.756359,-0.2907659,-0.2963837,2.501354,-0.1573212,-0.3013106,2.513061,-0.2447155,-0.559926,2.860077,-0.09709987,-0.4832701,2.914457
-0.2679314,0.7102578,2.491224,-0.248142,0.5649511,2.654746,-0.4301649,0.499328,2.69368,-0.05861066,0.5020169,2.677201,-0.4606329,0.2348028,2.858049,0.07105374,0.2547373,2.818795,-0.5101335,0.05159478,3.011982,0.170577,0.08399438,2.971262,-0.2193795,0.248902,2.7301,-0.2134163,0.1860261,2.74873,-0.2944468,0.09908704,2.774206,-0.1170526,0.1101786,2.757339,-0.2758939,-0.3301551,2.566289,-0.1935788,-0.2854369,2.498668,-0.259562,-0.5467397,2.88959,-0.1028428,-0.4626715,2.89675
-0.2650937,0.7040408,2.485427,-0.2458038,0.5614698,2.654273,-0.4286793,0.4987493,2.698306,-0.05864832,0.501963,2.67747,-0.4652807,0.2474944,2.900917,0.102982,0.2877234,2.863087,-0.5536324,0.08003069,3.055281,0.2073248,0.1143035,3.001551,-0.2186703,0.2478633,2.730438,-0.2129225,0.1852114,2.749122,-0.2938954,0.09744502,2.774143,-0.116802,0.1101495,2.758636,-0.2820063,-0.3590865,2.644351,-0.1070597,-0.3087523,2.529081,-0.2620896,-0.7057352,2.841796,-0.07133012,-0.5937467,2.873603
-0.2640068,0.6952134,2.478653,-0.2347677,0.5537254,2.654991,-0.4275528,0.4930373,2.713602,-0.05591851,0.4996717,2.683538,-0.4724898,0.250828,2.918714,0.1134976,0.2927887,2.87029,-0.615416,0.1125062,3.061636,0.2603924,0.1477793,3.003213,-0.2126988,0.233332,2.737634,-0.2081563,0.1684406,2.758118,-0.2908437,0.0737306,2.78311,-0.1143835,0.09680234,2.771634,-0.2682497,-0.451412,2.717051,-0.1111359,-0.3640471,2.660204,-0.2618763,-0.870832,2.791316,-0.102768,-0.7101,2.83806
-0.2629076,0.6810457,2.479449,-0.2306453,0.5440614,2.658221,-0.4274361,0.4894057,2.720351,-0.0541374,0.4951485,2.689208,-0.5085708,0.2582313,2.932278,0.1399551,0.3026944,2.868302,-0.7063915,0.1561178,3.039256,0.3492427,0.1723546,2.977892,-0.2052813,0.2020007,2.742864,-0.2003044,0.1326134,2.763145,-0.2778526,0.02871724,2.787414,-0.1109266,0.07062092,2.77488,-0.261513,-0.550294,2.746668,-0.1124192,-0.4766512,2.687694,-0.2614968,-1.007074,2.79575,-0.09290361,-0.8817415,2.804483
-0.2623294,0.6416603,2.498537,-0.2768071,0.5163114,2.692807,-0.4325977,0.454289,2.747627,-0.04666013,0.4574741,2.705151,-0.5765736,0.2322593,2.937882,0.1735794,0.2831774,2.874084,-0.825249,0.2127497,2.969297,0.4150169,0.2078371,2.886784,-0.2142514,0.1691859,2.750854,-0.2032232,0.09931849,2.766929,-0.2753033,0.008208023,2.786909,-0.1045643,0.01694084,2.773216,-0.2565832,-0.5885779,2.762458,-0.09827615,-0.5665696,2.712051,-0.2509413,-1.027883,2.843084,-0.0940934,-1.006103,2.796753
-0.2538252,0.6017333,2.532725,-0.2155428,0.454453,2.690608,-0.4311328,0.3980211,2.768323,-0.04784718,0.3993714,2.716239,-0.6233237,0.2262832,2.904922,0.2003727,0.2617581,2.835946,-0.8724945,0.2728794,2.882442,0.4517938,0.2448108,2.787735,-0.1990708,0.1151913,2.742113,-0.1957877,0.04732796,2.755835,-0.2777386,-0.0455122,2.771736,-0.1055199,-0.03040076,2.761474,-0.2547364,-0.5978404,2.776126,-0.1052255,-0.6117056,2.739609,-0.2449928,-1.025776,2.871215,-0.08408839,-1.025773,2.833444
-0.2462708,0.5686591,2.572023,-0.2197641,0.4068858,2.720255,-0.4368657,0.3526615,2.785144,-0.03357415,0.3562899,2.742805,-0.6966574,0.2202942,2.850677,0.2505142,0.2413954,2.771963,-0.9136919,0.3352515,2.773002,0.4880737,0.2919544,2.684551,-0.1999535,0.09034892,2.74579,-0.1962076,0.02615728,2.756033,-0.278666,-0.074501,2.767753,-0.1036875,-0.05942544,2.757059,-0.252973,-0.6164311,2.7892,-0.1048189,-0.6253629,2.756452,-0.2453245,-1.023403,2.875357,-0.07834579,-1.038463,2.877773
-0.2484939,0.5631417,2.584333,-0.2283838,0.3910497,2.742454,-0.4485264,0.3248039,2.798498,-0.0246936,0.3336374,2.755571,-0.7167966,0.2373842,2.788965,0.265483,0.2383871,2.711541,-0.9056795,0.391202,2.703982,0.4691813,0.3384828,2.584002,-0.201827,0.07393567,2.750443,-0.1969799,0.009806095,2.757158,-0.2822189,-0.09556498,2.761963,-0.09751797,-0.08066591,2.755026,-0.2542211,-0.6221138,2.800379,-0.105229,-0.6257845,2.769847,-0.2397873,-1.022523,2.878213,-0.08237267,-1.037948,2.877944
-0.2491519,0.5636606,2.593956,-0.2250342,0.3976961,2.750191,-0.4470932,0.3256499,2.797258,-0.02427786,0.3336436,2.754805,-0.7364685,0.2803476,2.722627,0.2913313,0.2722542,2.627578,-0.9184792,0.4347275,2.622391,0.4676329,0.3749295,2.46253,-0.2000958,0.07225313,2.755146,-0.1952989,0.007171897,2.760685,-0.281361,-0.09636401,2.763465,-0.09587033,-0.08220029,2.757788,-0.2585079,-0.6197235,2.821998,-0.09844779,-0.6283521,2.810962,-0.2393388,-1.023481,2.882207,-0.0921125,-1.035889,2.882961
-0.2508756,0.5862416,2.598674,-0.230053,0.4499429,2.757114,-0.4417869,0.3802308,2.789541,-0.03302253,0.3876696,2.741325,-0.683394,0.3032228,2.714247,0.1952703,0.3045011,2.640611,-0.8911626,0.37531,2.573668,0.4202419,0.34512,2.402643,-0.2010182,0.1002682,2.772459,-0.1954709,0.03091215,2.778108,-0.2792031,-0.06302443,2.788312,-0.09654112,-0.05294673,2.777652,-0.2511895,-0.6115844,2.856351,-0.09530515,-0.6260228,2.836313,-0.2455333,-1.02455,2.879887,-0.08028448,-1.024795,2.870386
-0.2510079,0.6396935,2.582873,-0.2238858,0.4997322,2.747656,-0.43721,0.4227464,2.77982,-0.04198804,0.438994,2.73497,-0.7005325,0.3303829,2.684255,0.1721311,0.3457505,2.608145,-0.9012992,0.3033069,2.517471,0.3840493,0.2766641,2.356988,-0.1989391,0.1491013,2.789583,-0.1939955,0.0789331,2.801053,-0.2759673,-0.01577744,2.815467,-0.09945277,-0.003331238,2.803071,-0.2551396,-0.6057891,2.860172,-0.08896689,-0.6155141,2.843163,-0.2465229,-1.023882,2.87612,-0.07459802,-1.015566,2.857061
-0.2566187,0.6763881,2.576783,-0.2192643,0.5392331,2.742531,-0.4269294,0.4724857,2.769547,-0.04550296,0.4833994,2.724898,-0.6460565,0.3421246,2.697515,0.178472,0.3407293,2.560954,-0.8410574,0.2300967,2.54835,0.3586496,0.1895032,2.345831,-0.2050245,0.2005866,2.800407,-0.2023266,0.1318804,2.815229,-0.283832,0.04166975,2.834758,-0.1140384,0.05169728,2.820092,-0.2793357,-0.5182663,2.829596,-0.08648413,-0.5475801,2.813693,-0.2148709,-0.9535612,2.925105,-0.05799748,-0.9645678,2.883523
-0.2576659,0.6888517,2.574489,-0.216823,0.5550299,2.740988,-0.4276145,0.4903505,2.76848,-0.0468035,0.498494,2.724163,-0.6352801,0.2974632,2.700763,0.1711585,0.3096636,2.555152,-0.8001065,0.1280856,2.594693,0.3352121,0.08038083,2.391483,-0.2022574,0.2287673,2.806243,-0.1993498,0.1646281,2.823196,-0.2853865,0.07793319,2.848622,-0.106384,0.08468758,2.82807,-0.2823088,-0.3951296,2.774816,-0.08568744,-0.4220353,2.75723,-0.2021914,-0.8061707,2.962312,-0.08783353,-0.8307546,2.963221
-0.2619799,0.6998867,2.573713,-0.2184268,0.5607166,2.739095,-0.426921,0.4943565,2.76909,-0.04710952,0.5011626,2.724614,-0.6068951,0.2500201,2.734518,0.1452533,0.2494977,2.590451,-0.7607144,0.05551711,2.667309,0.2874475,0.01744851,2.489341,-0.2038204,0.238127,2.806475,-0.2008313,0.1738963,2.823653,-0.2866496,0.08789872,2.847657,-0.1076321,0.09350618,2.830712,-0.2865741,-0.3649744,2.704064,-0.1147079,-0.3639526,2.704646,-0.1806974,-0.7014971,2.988057,-0.06960669,-0.7224756,2.978683
-0.2623054,0.700717,2.57259,-0.2262461,0.5623441,2.737306,-0.4262914,0.495024,2.769794,-0.04864635,0.5037031,2.729833,-0.5586463,0.2126919,2.794394,0.1244914,0.2198359,2.67106,-0.6967829,-0.02719647,2.774444,0.2364855,-0.04597282,2.620066,-0.2051944,0.2424194,2.806638,-0.2013808,0.1790649,2.82402,-0.2853697,0.09334224,2.847957,-0.1073455,0.100572,2.832,-0.2845903,-0.3350243,2.637932,-0.1474781,-0.3319098,2.635614,-0.2237934,-0.6039753,2.991877,-0.08699182,-0.598339,2.991371
-0.2627394,0.7026191,2.568786,-0.2298957,0.5600854,2.735701,-0.4223858,0.4885875,2.770925,-0.04957097,0.4986703,2.733104,-0.5191069,0.1970698,2.831757,0.1021874,0.1924695,2.736307,-0.6175591,-0.03432128,2.850674,0.1860538,-0.07176436,2.740441,-0.2058204,0.2416707,2.805583,-0.2016519,0.1783322,2.822948,-0.2849826,0.09280705,2.846411,-0.1074269,0.1001373,2.831066,-0.2731575,-0.3193141,2.604486,-0.1545529,-0.3189767,2.607198,-0.2233676,-0.5599062,2.978532,-0.08151139,-0.5033475,3.0066
-0.2671057,0.6889231,2.558056,-0.2335728,0.546343,2.727098,-0.4163464,0.4696838,2.770751,-0.05543933,0.4715156,2.73153,-0.4941994,0.1749891,2.876282,0.09123415,0.1705727,2.779227,-0.560033,-0.05451854,2.947767,0.1669804,-0.07131992,2.844236,-0.2080159,0.2229674,2.798587,-0.2031338,0.1579736,2.816152,-0.284035,0.0755976,2.841168,-0.1097553,0.08432741,2.823783,-0.2765284,-0.3307248,2.58891,-0.1592194,-0.332182,2.595355,-0.2348625,-0.5883149,2.953344,-0.08228084,-0.4871788,3.005694
-0.2763638,0.6462297,2.533666,-0.236615,0.5011883,2.71386,-0.4164134,0.4759494,2.770833,-0.05734104,0.4351059,2.721015,-0.4573348,0.1756163,2.903752,0.08774267,0.1589237,2.806117,-0.5063231,-0.03743958,3.018137,0.1619297,-0.06031533,2.922477,-0.2145057,0.2003367,2.796553,-0.2098028,0.1389764,2.815659,-0.2914558,0.05959442,2.846088,-0.1187073,0.05438612,2.82018,-0.2660108,-0.3801536,2.665524,-0.09439101,-0.354137,2.573097,-0.240972,-0.6034337,2.985094,-0.05302161,-0.4986007,2.991832
-0.2811913,0.6264461,2.521905,-0.2346298,0.4753615,2.697116,-0.4174712,0.3849176,2.762736,-0.05830516,0.3997392,2.707964,-0.4540871,0.1556268,2.922623,0.08179422,0.1568352,2.838268,-0.4840577,-0.0298765,3.078764,0.1715974,-0.02999741,2.970217,-0.2089709,0.1480097,2.795747,-0.203972,0.08390128,2.819712,-0.2825774,-0.004790121,2.856573,-0.1142843,0.024189,2.826971,-0.2908613,-0.4625498,2.733338,-0.0931303,-0.3988024,2.60746,-0.2536117,-0.7645513,2.921166,-0.07920875,-0.7271709,2.917434
-0.2846478,0.5808455,2.502117,-0.2353747,0.4234507,2.66897,-0.4172637,0.3649055,2.753248,-0.05991709,0.3785313,2.702789,-0.4516382,0.1525121,2.913863,0.09448671,0.1405508,2.867993,-0.5030789,-0.009632319,3.099344,0.2085044,-0.0199642,3.013717,-0.2051777,0.1123472,2.799432,-0.1991381,0.04828659,2.828263,-0.272626,-0.03977261,2.869416,-0.1108058,-0.0210417,2.845977,-0.2803355,-0.5333533,2.804551,-0.1148017,-0.4890537,2.78339,-0.2668692,-0.9629411,2.855783,-0.08818428,-0.8244789,2.94482
-0.2915186,0.5438946,2.495625,-0.2322567,0.4008429,2.661492,-0.418276,0.340158,2.744542,-0.06743738,0.3234695,2.690418,-0.4480047,0.1412352,2.884896,0.1017065,0.1320897,2.880817,-0.5486705,-0.001979457,3.087373,0.2514953,-8.188342E-05,3.023234,-0.2000367,0.06259435,2.795823,-0.1938923,-0.003105514,2.826713,-0.2650899,-0.0836449,2.863805,-0.1094213,-0.06367903,2.847392,-0.2637037,-0.5999312,2.828092,-0.09331606,-0.5334762,2.774846,-0.2535444,-1.020887,2.880635,-0.09397935,-0.9731912,2.91717
-0.288978,0.482624,2.503649,-0.2268253,0.3305168,2.657693,-0.4176308,0.2656138,2.741985,-0.06630342,0.2942681,2.686198,-0.4853972,0.0675104,2.985878,0.1298344,0.1249862,2.883241,-0.6785851,-0.01821969,3.111888,0.3370055,-0.005129377,2.994798,-0.1983871,0.006473131,2.787617,-0.1927151,-0.05838283,2.816976,-0.2604722,-0.1422147,2.849938,-0.1119527,-0.1228289,2.839289,-0.2590589,-0.6157738,2.830958,-0.1022623,-0.6162497,2.800455,-0.2270956,-1.027353,2.937006,-0.108747,-0.9794098,2.907728
-0.2843696,0.4337438,2.519218,-0.2278293,0.2805056,2.664216,-0.4169073,0.2078692,2.757059,-0.06656268,0.2203704,2.696463,-0.5516521,0.0378911,2.994927,0.1644369,0.0890654,2.885581,-0.7856433,0.01991607,3.076893,0.4107883,0.01004584,2.912672,-0.2024001,-0.05086583,2.772845,-0.1973325,-0.1171753,2.797955,-0.2686828,-0.200865,2.830912,-0.114351,-0.1851589,2.810549,-0.2550497,-0.6708413,2.816775,-0.1065435,-0.6550421,2.810822,-0.2329684,-1.02395,2.930937,-0.1077688,-0.9804081,2.908303
-0.2839061,0.4161655,2.525807,-0.2326448,0.2465824,2.677781,-0.4294348,0.1685192,2.784075,-0.05634727,0.1840252,2.714023,-0.6238003,0.02224197,2.982518,0.2055483,0.04893516,2.859667,-0.869144,0.08567163,2.978587,0.4570528,0.04344055,2.81312,-0.2057689,-0.07129918,2.767518,-0.2006401,-0.1365126,2.789511,-0.2798373,-0.2295262,2.819028,-0.1100323,-0.216065,2.795416,-0.2477777,-0.6982388,2.789519,-0.175726,-0.6813535,2.793012,-0.2337941,-1.026593,2.930266,-0.1167866,-1.040833,2.959083
-0.2816443,0.4027177,2.536684,-0.2359905,0.2355558,2.685527,-0.4328454,0.165311,2.787129,-0.05521724,0.1798911,2.715424,-0.6611613,0.0356217,2.919731,0.2326677,0.04537858,2.802136,-0.8896318,0.1366989,2.861961,0.4641926,0.0801243,2.690398,-0.2081944,-0.07828834,2.768035,-0.202723,-0.1420065,2.788837,-0.2830457,-0.2344108,2.818673,-0.1098748,-0.2214572,2.794852,-0.2442842,-0.702198,2.781706,-0.1768489,-0.6864738,2.791271,-0.2368705,-1.03291,2.92873,-0.1291065,-0.9820885,2.898351
-0.2791803,0.4086052,2.542229,-0.2335468,0.2490684,2.694384,-0.4355121,0.1690245,2.788422,-0.0542071,0.1827884,2.714565,-0.6792951,0.07027495,2.861253,0.2469988,0.06460861,2.72447,-0.8809323,0.2072618,2.777057,0.4528241,0.1209066,2.573149,-0.2078808,-0.07553656,2.770723,-0.2025953,-0.1402052,2.790535,-0.2832856,-0.2329415,2.819959,-0.1091985,-0.2195866,2.796908,-0.24479,-0.7006182,2.78267,-0.1775679,-0.6843311,2.790983,-0.236292,-1.034704,2.923955,-0.1306728,-1.034286,2.940117
-0.2704611,0.4535236,2.551547,-0.2239051,0.3087248,2.705932,-0.4396632,0.2284278,2.788258,-0.039283,0.2308322,2.706753,-0.6803776,0.1222983,2.815264,0.1860049,0.1137597,2.692567,-0.8972553,0.1989492,2.694323,0.4152699,0.1450584,2.487854,-0.2041191,-0.0257334,2.781156,-0.2002503,-0.09408146,2.799345,-0.2828342,-0.1912565,2.827193,-0.1072567,-0.179201,2.805663,-0.2725933,-0.6608213,2.818377,-0.1413799,-0.6474921,2.80421,-0.2362379,-1.032142,2.91989,-0.1307208,-1.033942,2.940281
-0.2684867,0.5107274,2.536961,-0.2243025,0.3661495,2.706796,-0.4378735,0.2951661,2.785503,-0.04332788,0.2917599,2.700112,-0.6693084,0.1732211,2.793992,0.1909856,0.1625268,2.657444,-0.8898579,0.1603891,2.655372,0.4014093,0.1231159,2.418818,-0.2048917,0.03682198,2.779637,-0.2010243,-0.02905747,2.797633,-0.2850358,-0.1219134,2.832947,-0.1065745,-0.113418,2.79664,-0.282977,-0.6237163,2.838246,-0.116815,-0.6207649,2.814394,-0.246217,-1.024552,2.912031,-0.1080763,-1.022742,2.935027
-0.2635035,0.5690722,2.528595,-0.2217276,0.4269268,2.700567,-0.4295925,0.3618497,2.771074,-0.0449844,0.3660273,2.690567,-0.6585585,0.2071656,2.785823,0.1788382,0.2154551,2.622444,-0.8512126,0.08660396,2.659287,0.3787834,0.07118135,2.416682,-0.2056962,0.09342613,2.772006,-0.2025025,0.02671397,2.789727,-0.2865179,-0.06245792,2.814949,-0.110283,-0.05490116,2.796454,-0.2869818,-0.6058136,2.839383,-0.09252043,-0.6029556,2.831518,-0.2489976,-1.020578,2.910181,-0.08816388,-1.016683,2.916095
-0.2652045,0.6241367,2.514771,-0.2248058,0.4902631,2.69057,-0.4345395,0.4118267,2.759528,-0.04682555,0.4216095,2.676495,-0.6455648,0.2118321,2.782817,0.180669,0.2215601,2.61111,-0.8024026,0.02297774,2.705389,0.3461705,0.02332999,2.472401,-0.2035974,0.1483934,2.765522,-0.1993671,0.08000814,2.783952,-0.2835268,-0.01254967,2.818538,-0.1043978,-0.001762792,2.782971,-0.2968654,-0.5671232,2.804794,-0.0877061,-0.5728049,2.824641,-0.2553437,-0.9726676,2.885703,-0.08287668,-1.015198,2.916807
-0.2696099,0.6619178,2.51124,-0.2303174,0.5266298,2.679144,-0.4355214,0.4417627,2.751144,-0.04937341,0.4549497,2.669423,-0.5937461,0.194355,2.790237,0.1732637,0.2201371,2.61227,-0.7605183,-0.03367512,2.764637,0.3144599,-0.0284485,2.565225,-0.2061389,0.204872,2.755029,-0.2011596,0.1394954,2.773968,-0.2860104,0.0488256,2.806301,-0.1032191,0.05861554,2.777556,-0.2993233,-0.430661,2.748784,-0.09292832,-0.4607385,2.761209,-0.2307091,-0.8346015,2.934679,-0.04676202,-0.8828212,2.938913
-0.2720644,0.6771905,2.508076,-0.2295041,0.5378932,2.671837,-0.4332561,0.4636324,2.741835,-0.05151663,0.4757875,2.668491,-0.5580874,0.1981864,2.807391,0.1434354,0.2077398,2.665381,-0.6681533,-0.04955167,2.832613,0.2665094,-0.04611198,2.655997,-0.2069194,0.2174696,2.750205,-0.2023944,0.1535331,2.769266,-0.2868468,0.067231,2.799817,-0.106028,0.07264641,2.774766,-0.2862715,-0.3982198,2.723483,-0.1115391,-0.3920756,2.693413,-0.2068308,-0.7091143,2.97005,-0.03490511,-0.7762315,2.928539
-0.2741045,0.6839997,2.503675,-0.233012,0.5467482,2.668185,-0.4301319,0.4711458,2.738225,-0.05317648,0.4831307,2.669516,-0.5081187,0.2056357,2.820253,0.1180642,0.1931364,2.706811,-0.5922868,-0.0340416,2.878503,0.2121687,-0.04825656,2.739112,-0.2100826,0.2314212,2.742604,-0.2054273,0.1685131,2.760787,-0.2878857,0.08054462,2.793677,-0.1111346,0.09232751,2.76083,-0.3269917,-0.3403073,2.574827,-0.1206886,-0.3510834,2.592312,-0.2153437,-0.6516256,2.883592,-0.02326828,-0.6755072,2.893028
-0.2739057,0.6872796,2.499255,-0.2331779,0.5496147,2.666174,-0.4232928,0.4811237,2.733907,-0.05349921,0.4856339,2.670151,-0.4754571,0.2080269,2.833643,0.09979328,0.1974522,2.726271,-0.5453491,-0.01473483,2.918374,0.180674,-0.03836237,2.80427,-0.2111612,0.2378813,2.730672,-0.2068252,0.1757203,2.745966,-0.2877289,0.08905441,2.777442,-0.1150737,0.1003481,2.739265,-0.2559543,-0.3638949,2.643945,-0.1135705,-0.328138,2.533196,-0.1931776,-0.4651434,2.96876,-0.06820057,-0.47004,2.942814
-0.2741658,0.6887783,2.493056,-0.2329102,0.5499157,2.661905,-0.4228894,0.4847728,2.730786,-0.05345663,0.4855973,2.6698,-0.4629163,0.2104458,2.841201,0.08846153,0.2096203,2.748067,-0.5227473,0.000708133,2.956231,0.1657854,-0.007946389,2.849965,-0.2121998,0.240703,2.716123,-0.2082092,0.1790652,2.729836,-0.289367,0.08975406,2.765105,-0.1163244,0.1032071,2.717913,-0.3198539,-0.2996351,2.490694,-0.1418038,-0.3117641,2.485984,-0.2061323,-0.5581558,2.84086,-0.09161197,-0.5435746,2.86605
-0.274738,0.6828991,2.486076,-0.2338487,0.5470342,2.658138,-0.4202335,0.4824022,2.722863,-0.05132304,0.4826646,2.666522,-0.4542672,0.2180986,2.844487,0.08881843,0.2106265,2.758439,-0.5210323,0.02006041,2.973826,0.1869989,0.009392199,2.886532,-0.2127238,0.2362622,2.705623,-0.2084941,0.1742671,2.71805,-0.2897103,0.08206102,2.746051,-0.1158849,0.09879999,2.708064,-0.3116059,-0.3339361,2.515738,-0.1121677,-0.3058925,2.456269,-0.1885095,-0.4796688,2.887727,-0.1131181,-0.602595,2.795411
-0.2722833,0.6784009,2.474216,-0.2317459,0.540998,2.652668,-0.4207138,0.4772656,2.719584,-0.04967077,0.4761683,2.66026,-0.4554548,0.195572,2.883271,0.1025712,0.2092097,2.772552,-0.5747907,0.02137288,3.009352,0.2227245,0.02080013,2.894919,-0.2125309,0.2267699,2.694236,-0.2088405,0.1639509,2.705597,-0.2918031,0.06970358,2.73261,-0.1160298,0.08736262,2.694487,-0.2922555,-0.369246,2.552884,-0.1045603,-0.330999,2.468333,-0.2146059,-0.6705254,2.791184,-0.1163014,-0.6862425,2.751081
-0.2722802,0.6671281,2.464901,-0.2279119,0.5199667,2.639834,-0.4259308,0.4607171,2.718075,-0.04770835,0.4618505,2.655077,-0.4668416,0.188775,2.882554,0.1153943,0.2083172,2.775769,-0.6362764,0.04224026,2.986975,0.286389,0.02666333,2.858589,-0.2111704,0.1981385,2.681186,-0.2079326,0.1336596,2.692887,-0.291894,0.03430733,2.717873,-0.1152817,0.0569797,2.685118,-0.2818246,-0.4271272,2.594061,-0.1327767,-0.40093,2.570962,-0.2410654,-0.8531651,2.705263,-0.1265545,-0.7381319,2.739915
-0.2753524,0.6399749,2.459573,-0.2163729,0.4882782,2.626893,-0.4295622,0.432551,2.714354,-0.0458661,0.4332524,2.646951,-0.5075035,0.1574463,2.875699,0.1450394,0.1868719,2.761997,-0.7260913,0.05459712,2.938212,0.3380398,0.02820653,2.791761,-0.2018056,0.1521934,2.66903,-0.1991236,0.08521077,2.681149,-0.2822646,-0.009569287,2.707146,-0.1096589,0.006345502,2.67424,-0.255849,-0.541211,2.59448,-0.1359065,-0.5369639,2.571895,-0.2543377,-0.9616783,2.659056,-0.1039058,-0.8994927,2.663937
-0.2741174,0.5955262,2.461262,-0.2224839,0.4528587,2.628427,-0.428977,0.3766929,2.710711,-0.04235088,0.3819776,2.633965,-0.5501444,0.1217913,2.855139,0.1624812,0.1637765,2.747103,-0.7973808,0.07012929,2.862839,0.404014,0.0245231,2.701766,-0.2007705,0.1146392,2.661645,-0.1963573,0.04634494,2.671554,-0.275681,-0.05231826,2.693177,-0.1050437,-0.03520075,2.661229,-0.2266805,-0.5654001,2.585976,-0.12135,-0.5629032,2.562124,-0.2097797,-1.005516,2.633144,-0.1292368,-0.9966527,2.629149
-0.2721657,0.5431232,2.47435,-0.2217112,0.3872764,2.626156,-0.4231786,0.3121712,2.703081,-0.044659,0.3248835,2.627764,-0.5876964,0.08435383,2.811148,0.175092,0.1095726,2.692478,-0.8403655,0.08873308,2.776152,0.4375524,0.043756,2.583862,-0.1964851,0.05293493,2.647147,-0.1914434,-0.01393426,2.654816,-0.2693146,-0.1082222,2.673237,-0.1005547,-0.09219684,2.642582,-0.240858,-0.6122476,2.580679,-0.1199361,-0.6125847,2.574405,-0.194778,-1.014565,2.656711,-0.1202355,-1.000851,2.634835
-0.2708334,0.4964284,2.495066,-0.2230423,0.3313538,2.64446,-0.4315402,0.2545527,2.7038,-0.04059678,0.2585117,2.628412,-0.6310196,0.06129213,2.760736,0.1745669,0.07964335,2.633651,-0.8728322,0.1207069,2.698733,0.4295152,0.06489182,2.480901,-0.2016491,-0.0003043341,2.645416,-0.1976222,-0.06661619,2.647791,-0.2800752,-0.1637388,2.661092,-0.1037777,-0.147836,2.629589,-0.2442525,-0.6249815,2.570672,-0.1193281,-0.63118,2.564186,-0.2194853,-1.015426,2.658209,-0.09587802,-1.001277,2.63513
-0.2668647,0.4838601,2.500887,-0.2230787,0.3163773,2.649376,-0.4358549,0.2288557,2.708119,-0.03574413,0.2406734,2.631223,-0.6708222,0.06391638,2.717297,0.1765302,0.07474963,2.581344,-0.9027368,0.1196624,2.617139,0.4148071,0.09512666,2.380871,-0.2033662,-0.008254307,2.646432,-0.1999421,-0.0736132,2.646468,-0.2845024,-0.1736186,2.659488,-0.1060639,-0.1588772,2.624887,-0.240802,-0.6323508,2.559238,-0.1218387,-0.6339385,2.560448,-0.2409199,-1.013261,2.649609,-0.09511654,-1.00115,2.635514
-0.2653312,0.4813335,2.502234,-0.2228617,0.3143811,2.651089,-0.4365293,0.2260547,2.707926,-0.03268492,0.2391826,2.631383,-0.671688,0.0844837,2.691615,0.1802842,0.1009344,2.539663,-0.8970021,0.1135949,2.56494,0.3985055,0.1159806,2.301742,-0.202977,-0.009420974,2.648057,-0.199884,-0.07450598,2.646236,-0.2851288,-0.1754032,2.65873,-0.1048396,-0.1606705,2.624056,-0.2410273,-0.6340157,2.558485,-0.1211768,-0.6336024,2.560645,-0.231297,-1.01012,2.644307,-0.09303492,-0.9996301,2.633548
-0.2630089,0.4912378,2.503882,-0.218969,0.3338798,2.653351,-0.4368119,0.2494534,2.705416,-0.02536441,0.2642968,2.629819,-0.6600828,0.1211179,2.679303,0.1821503,0.1419432,2.523157,-0.8726189,0.0613047,2.540656,0.3821321,0.1075528,2.254287,-0.2005218,-0.0002799916,2.653292,-0.1979068,-0.06652046,2.650227,-0.2844186,-0.1681585,2.661295,-0.1009958,-0.1517031,2.631831,-0.254403,-0.6313891,2.582981,-0.1046621,-0.6182824,2.573201,-0.2375745,-1.009725,2.647273,-0.09184851,-0.998623,2.633504
-0.2542865,0.5547633,2.502662,-0.2185401,0.4042104,2.656449,-0.4334248,0.3152747,2.700592,-0.02223512,0.3350179,2.628275,-0.6566458,0.1430231,2.678128,0.1818851,0.1951126,2.511452,-0.864477,0.03939466,2.56252,0.3743183,0.06935106,2.261463,-0.1955207,0.07055646,2.664238,-0.1921537,0.003892109,2.662267,-0.2776539,-0.0954779,2.671252,-0.09438438,-0.08287804,2.649356,-0.2711747,-0.6034372,2.631269,-0.07085052,-0.589141,2.611382,-0.2475823,-1.001016,2.648407,-0.08056298,-0.9932162,2.639858
-0.2592787,0.6079463,2.488349,-0.2183455,0.4693224,2.649457,-0.4275917,0.3733875,2.69333,-0.02780825,0.4012537,2.623274,-0.6319913,0.1652426,2.683122,0.1849557,0.1981868,2.511421,-0.8147805,-0.003524169,2.620797,0.3502826,0.03037025,2.334785,-0.1898757,0.1256482,2.667654,-0.1852771,0.05675289,2.668464,-0.2678171,-0.04218911,2.685362,-0.08810371,-0.02687439,2.653666,-0.270633,-0.5892321,2.641668,-0.06792542,-0.5762538,2.629545,-0.2558624,-0.9833266,2.639156,-0.07852674,-0.9855967,2.632735
-0.2672871,0.6642145,2.483114,-0.2213923,0.5245559,2.639719,-0.4213922,0.4332907,2.68486,-0.03205702,0.457509,2.614305,-0.5881705,0.1855864,2.71138,0.1849094,0.2064812,2.535738,-0.7567544,-0.04981854,2.703665,0.3312758,-0.008147945,2.448704,-0.1917021,0.1687545,2.669549,-0.1867625,0.09664875,2.673028,-0.2668484,0.002567923,2.694674,-0.09229001,0.01688083,2.65988,-0.2688827,-0.5673498,2.631674,-0.07404299,-0.5578799,2.631736,-0.2398339,-0.9689628,2.653104,-0.07639953,-0.9824278,2.64625
-0.2712073,0.6935391,2.472562,-0.2239244,0.5463201,2.624417,-0.4188128,0.4526255,2.677261,-0.0413126,0.4788627,2.605902,-0.5453776,0.2006605,2.745534,0.166167,0.2183783,2.593336,-0.6687239,-0.02667753,2.776143,0.3038863,-0.02798402,2.573532,-0.1968971,0.2129001,2.670333,-0.1926112,0.1473474,2.679147,-0.2722093,0.0549531,2.709043,-0.09947009,0.0688067,2.668612,-0.2781729,-0.5735922,2.624919,-0.09384437,-0.4903196,2.609539,-0.1926628,-0.8980202,2.706868,-0.109464,-0.9045063,2.711925
-0.2717285,0.7078029,2.470366,-0.2284681,0.5682477,2.614467,-0.4176022,0.4783331,2.67676,-0.04439589,0.4927647,2.605766,-0.5054185,0.2295596,2.77105,0.1461613,0.2186315,2.656167,-0.5841447,0.003212005,2.839367,0.2589438,-0.006158657,2.691268,-0.1997631,0.2289772,2.669901,-0.1949098,0.1608131,2.68,-0.2754584,0.07523526,2.708493,-0.1012286,0.08085789,2.672672,-0.2705278,-0.3732879,2.558649,-0.1343033,-0.3765218,2.562024,-0.1736732,-0.7755294,2.758253,-0.09676983,-0.7910023,2.757138
-0.2737956,0.7170265,2.470723,-0.227965,0.5713128,2.614839,-0.4142165,0.4802345,2.681964,-0.04286957,0.5003672,2.613971,-0.4727643,0.2266122,2.818888,0.1245343,0.2341162,2.706875,-0.5372725,0.005740032,2.911032,0.227047,0.01055708,2.795946,-0.1993426,0.2416214,2.672075,-0.1944215,0.1758234,2.683125,-0.274812,0.08721307,2.712574,-0.1005583,0.09805039,2.67597,-0.2753534,-0.3389437,2.503817,-0.1620026,-0.3370571,2.499398,-0.1569791,-0.6942843,2.76338,-0.1148469,-0.720205,2.743326
-0.2734368,0.717649,2.471199,-0.2272645,0.5718341,2.616398,-0.4083859,0.4830858,2.68612,-0.04064891,0.5014951,2.619259,-0.4317834,0.2371864,2.844198,0.1150784,0.2429488,2.744569,-0.4923662,0.03763008,2.97413,0.196353,0.0456718,2.873513,-0.1986988,0.2456756,2.671603,-0.1936892,0.1809116,2.682348,-0.2738082,0.09137274,2.712477,-0.09994178,0.1047082,2.672939,-0.2943307,-0.3120214,2.461273,-0.1224007,-0.3219556,2.46699,-0.2197203,-0.5763837,2.817472,-0.05390565,-0.6063834,2.809762
-0.2736311,0.7147936,2.47132,-0.2238325,0.5680771,2.618251,-0.4058394,0.4825267,2.691199,-0.03902689,0.4985386,2.625707,-0.4188527,0.2845394,2.823432,0.1168637,0.2549984,2.782271,-0.4680859,0.07704861,3.008398,0.2022791,0.07435069,2.939997,-0.1979668,0.2455173,2.671489,-0.193103,0.1809475,2.682428,-0.2728686,0.09104117,2.712873,-0.09968371,0.1048554,2.672833,-0.2990311,-0.3048241,2.449841,-0.143198,-0.3175837,2.461256,-0.2180902,-0.5243583,2.832175,-0.05486024,-0.4157473,2.885301
-0.2732177,0.6977546,2.471514,-0.2205067,0.5534942,2.621925,-0.4043399,0.4800532,2.695479,-0.03666405,0.4845896,2.633573,-0.422459,0.2300861,2.901425,0.1255813,0.2610196,2.806234,-0.4830221,0.04278827,3.046911,0.2294121,0.09834364,2.956361,-0.1972484,0.2409207,2.671659,-0.1926784,0.1775052,2.682503,-0.2724964,0.08762838,2.713829,-0.0996685,0.09969112,2.671458,-0.297163,-0.3161584,2.46405,-0.1259527,-0.3165235,2.444602,-0.2226586,-0.5808833,2.820053,-0.05511288,-0.4150166,2.885323
-0.2749097,0.681766,2.468568,-0.1989705,0.5254921,2.615658,-0.4036237,0.470991,2.700494,-0.03894168,0.4727782,2.635867,-0.4312944,0.2277738,2.912689,0.1359849,0.2672894,2.819496,-0.5468402,0.06679657,3.056492,0.2820637,0.1176999,2.948526,-0.1913168,0.22215,2.672391,-0.189213,0.1605243,2.68425,-0.2712436,0.06965789,2.718601,-0.09956248,0.08543563,2.673157,-0.2747518,-0.3755064,2.560178,-0.1081695,-0.3298005,2.44333,-0.2206533,-0.6041792,2.863661,-0.05427597,-0.5890144,2.806546
-0.2769459,0.6550282,2.463577,-0.196456,0.5107085,2.618165,-0.4063095,0.4410824,2.72043,-0.03979009,0.4549865,2.641054,-0.4429284,0.2020137,2.935505,0.1557818,0.2606891,2.816958,-0.6354639,0.08561482,3.037905,0.3714445,0.1285231,2.898897,-0.1863866,0.1855078,2.681653,-0.1847821,0.1193405,2.695771,-0.2660474,0.02214429,2.733215,-0.09851265,0.04481533,2.686465,-0.2740044,-0.4323125,2.608296,-0.1125715,-0.4112808,2.569159,-0.2248006,-0.8040885,2.79634,-0.08212941,-0.7172144,2.820979
-0.2758551,0.6201688,2.469725,-0.2103181,0.4668169,2.631957,-0.3976497,0.3892397,2.733175,-0.03534842,0.4183036,2.649713,-0.4668163,0.2034233,2.887872,0.1791468,0.2383634,2.819708,-0.6853108,0.1330942,2.98715,0.4278347,0.1542853,2.802812,-0.1858544,0.1356066,2.690958,-0.1813752,0.06919275,2.704026,-0.2572552,-0.02759728,2.74125,-0.0931704,-0.002046695,2.691232,-0.2464534,-0.558363,2.661286,-0.0903028,-0.4742002,2.598183,-0.2275233,-0.9785948,2.754656,-0.05458251,-0.8646059,2.772466
-0.2682942,0.5834425,2.482165,-0.2090546,0.4412143,2.638907,-0.3974712,0.3560546,2.733989,-0.0318302,0.3678986,2.654741,-0.540056,0.1328149,2.899079,0.21778,0.1924876,2.769174,-0.7901119,0.1690705,2.905087,0.4635406,0.1747566,2.695439,-0.1806154,0.09835156,2.694059,-0.1751424,0.02895354,2.706441,-0.2501683,-0.0643209,2.738837,-0.08611587,-0.04682593,2.695786,-0.2340001,-0.6032628,2.672408,-0.1002649,-0.5824007,2.621277,-0.2173443,-1.040246,2.782047,-0.08890282,-1.018559,2.760474
-0.2609012,0.5290463,2.512028,-0.1998161,0.3801391,2.65702,-0.4046203,0.2938016,2.744097,-0.02154239,0.3123884,2.66236,-0.5849561,0.1041528,2.862064,0.2385036,0.1477022,2.714399,-0.8200157,0.1912557,2.810149,0.4622317,0.1935505,2.590147,-0.1742425,0.04277593,2.69541,-0.1694958,-0.0248704,2.704804,-0.2494968,-0.1207438,2.729575,-0.07640477,-0.1038488,2.694516,-0.2229804,-0.6162624,2.670728,-0.106921,-0.6320076,2.648077,-0.166881,-1.035562,2.77945,-0.08836977,-1.024936,2.764798
-0.2494296,0.4786839,2.537034,-0.1786728,0.3198803,2.665413,-0.4080821,0.2321949,2.753751,-0.01432195,0.2450081,2.669524,-0.6333073,0.08424752,2.814158,0.2528668,0.1077379,2.649568,-0.8522775,0.1933191,2.733508,0.4516543,0.1959505,2.505111,-0.1708248,-0.01617378,2.699293,-0.1695914,-0.08350377,2.707959,-0.2541402,-0.1819243,2.728228,-0.08101242,-0.1641023,2.700253,-0.2108703,-0.6443943,2.659836,-0.1047824,-0.6373804,2.650693,-0.1848508,-1.035879,2.784458,-0.0845235,-1.036796,2.780024
-0.2468992,0.4666898,2.551414,-0.1808482,0.2903322,2.687452,-0.4097703,0.1951247,2.762959,-0.001506928,0.2145992,2.680745,-0.6432022,0.07780104,2.785399,0.2190102,0.09288394,2.624835,-0.8626297,0.1584544,2.673331,0.4240776,0.1902875,2.418424,-0.1722622,-0.03021342,2.701636,-0.1708905,-0.0955938,2.708167,-0.2583219,-0.1962915,2.727479,-0.07923637,-0.1858139,2.694298,-0.2115102,-0.6573062,2.651071,-0.1112868,-0.6509938,2.64583,-0.1981609,-1.035749,2.771836,-0.08412544,-1.035644,2.779746
-0.2370051,0.4548923,2.563577,-0.178891,0.2818744,2.697248,-0.4090342,0.1940464,2.76474,0.0001561765,0.2077098,2.68365,-0.6508293,0.08706794,2.760299,0.2211252,0.09759955,2.598771,-0.8713225,0.1187801,2.625357,0.4212821,0.1844569,2.320158,-0.1724181,-0.04027962,2.707648,-0.1713533,-0.1047365,2.712526,-0.2596979,-0.2029468,2.728931,-0.07929499,-0.1931157,2.697749,-0.1967943,-0.6599238,2.639139,-0.1127105,-0.6576182,2.643333,-0.1914891,-1.045017,2.782428,-0.08330438,-1.036606,2.781471
-0.224494,0.4746708,2.583395,-0.1759402,0.3010509,2.708876,-0.4062027,0.2112531,2.768501,0.004026032,0.221425,2.688163,-0.6481808,0.1038727,2.74858,0.2189719,0.1199871,2.572671,-0.872089,0.07858013,2.618665,0.3935415,0.1340461,2.29447,-0.1725662,-0.03074141,2.715183,-0.171991,-0.09677795,2.718616,-0.2618529,-0.1953228,2.732433,-0.07956044,-0.1852022,2.705147,-0.2031899,-0.6533339,2.646049,-0.1118438,-0.6491374,2.64462,-0.1706167,-1.038669,2.791228,-0.08302762,-1.035978,2.779566
-0.2217,0.514276,2.58642,-0.181171,0.356527,2.721776,-0.4018504,0.2730607,2.773074,0.003726861,0.283273,2.696562,-0.6439133,0.1194256,2.7408,0.1977129,0.1618495,2.556193,-0.8679861,0.01839658,2.639739,0.3927537,0.071848,2.299614,-0.1756447,0.02063784,2.726089,-0.1750077,-0.04649767,2.727954,-0.2634829,-0.1431206,2.73759,-0.08371821,-0.1338941,2.71464,-0.2444947,-0.6422567,2.695283,-0.07199565,-0.6275063,2.6696,-0.1787494,-1.034139,2.786176,-0.07764785,-1.033498,2.778861
-0.2183543,0.577993,2.581043,-0.1881442,0.4244502,2.72615,-0.3969205,0.3399228,2.764309,0.001963824,0.3479789,2.692871,-0.610999,0.1449071,2.74698,0.2125263,0.1655264,2.547251,-0.8124408,-0.003087372,2.692051,0.3839459,-0.004019126,2.361423,-0.1717685,0.07886321,2.729305,-0.169115,0.009804405,2.729949,-0.2538286,-0.08667729,2.738963,-0.07610756,-0.07443624,2.71639,-0.2522565,-0.6189851,2.728432,-0.05651486,-0.6071817,2.683671,-0.198595,-1.029874,2.79192,-0.04449406,-1.008051,2.754215
-0.2309473,0.6350161,2.565726,-0.1732163,0.4848147,2.709454,-0.396098,0.3955616,2.752412,-0.002338047,0.4039461,2.68287,-0.5855588,0.1593337,2.770079,0.2041697,0.1635865,2.580384,-0.7528591,-0.03072335,2.762096,0.351043,-0.04018831,2.470293,-0.1676778,0.1316332,2.726661,-0.1671199,0.06093913,2.730461,-0.2528453,-0.03509052,2.747755,-0.07880399,-0.02313425,2.716047,-0.2489673,-0.6016462,2.735193,-0.05520521,-0.5894802,2.697635,-0.2119169,-0.9945557,2.763953,-0.04327219,-1.006455,2.749152
-0.2354339,0.6856211,2.545476,-0.1919787,0.5315039,2.692036,-0.4049871,0.4502548,2.746007,-0.01031695,0.4588037,2.676607,-0.5390496,0.1814043,2.803316,0.1805045,0.1741019,2.649221,-0.6641319,-0.04799395,2.85024,0.3047238,-0.06920995,2.597884,-0.1815431,0.1850637,2.726201,-0.1799443,0.1155767,2.733709,-0.263979,0.01896826,2.754941,-0.09070116,0.03216968,2.724357,-0.251414,-0.5317581,2.711323,-0.06625852,-0.5316611,2.697834,-0.2091712,-0.9728683,2.777807,-0.05661736,-0.9710144,2.761892
-0.2392099,0.6985979,2.536499,-0.1970004,0.5418081,2.684875,-0.4019774,0.4553193,2.743165,-0.0164751,0.4691485,2.67176,-0.4949318,0.1961194,2.842255,0.1458785,0.1856526,2.700843,-0.5808631,-0.03634794,2.914671,0.2447506,-0.07686722,2.729028,-0.1834428,0.2052225,2.726532,-0.1810427,0.1388739,2.736338,-0.2649017,0.05208981,2.761829,-0.08977211,0.06090442,2.729329,-0.2676201,-0.4136267,2.669795,-0.08741184,-0.4455024,2.66463,-0.1855348,-0.8167967,2.830285,-0.08010504,-0.8502005,2.84657
-0.2407123,0.7074304,2.530732,-0.2004005,0.5526001,2.680532,-0.3978644,0.4731691,2.742838,-0.01922009,0.4754292,2.673381,-0.4536575,0.2124389,2.872269,0.119619,0.1927682,2.75373,-0.5131686,-0.02082112,2.983674,0.1854587,-0.05287174,2.818327,-0.1850196,0.2223187,2.728095,-0.1821801,0.1563149,2.739245,-0.2648683,0.06818362,2.7654,-0.09110859,0.07613265,2.733103,-0.2799432,-0.3763824,2.608511,-0.1273255,-0.3742056,2.600121,-0.1716021,-0.7555857,2.841606,-0.09810914,-0.7606983,2.843184
-0.2407288,0.708152,2.526012,-0.1942752,0.5547944,2.67411,-0.3940256,0.4809141,2.741654,-0.02220861,0.4821849,2.678541,-0.4311486,0.225861,2.89026,0.09262079,0.2099474,2.781827,-0.4635421,0.0222515,3.023387,0.1516587,-0.008186191,2.88228,-0.1838068,0.2295091,2.728239,-0.1817724,0.1654445,2.740811,-0.2651218,0.08152942,2.770734,-0.0928682,0.0857895,2.735166,-0.2997641,-0.3306358,2.539689,-0.0985565,-0.3780428,2.666903,-0.1991948,-0.6469491,2.848748,-0.08832593,-0.608414,2.951055
-0.2406148,0.7052578,2.520612,-0.1897683,0.55181,2.670292,-0.3928135,0.4808933,2.742697,-0.02269855,0.4827645,2.681131,-0.4221151,0.2325758,2.900285,0.09597819,0.2188812,2.811091,-0.4342096,0.06041288,3.071658,0.1632896,0.002472916,2.95706,-0.1823095,0.2310117,2.727886,-0.1804377,0.1674381,2.740976,-0.2640207,0.08268393,2.771443,-0.09203012,0.08856837,2.735544,-0.2853183,-0.3113928,2.507867,-0.147245,-0.3275172,2.516989,-0.2348048,-0.5797888,2.866243,-0.1337277,-0.5851064,2.885652
-0.242507,0.7015932,2.517764,-0.1872768,0.5472943,2.66809,-0.3921635,0.4834857,2.744668,-0.02540785,0.4761664,2.681512,-0.4198969,0.2586716,2.928906,0.0901702,0.2263515,2.816728,-0.4420565,0.08130848,3.12431,0.1673429,0.0555767,2.973158,-0.1822617,0.2311112,2.727635,-0.1805138,0.1678178,2.740926,-0.2641779,0.08313715,2.771945,-0.09267054,0.08913443,2.73524,-0.2888062,-0.3138801,2.513409,-0.1504375,-0.3262649,2.516016,-0.2409216,-0.5840091,2.871011,-0.09761332,-0.5707332,2.889762
-0.2454402,0.6876419,2.509372,-0.1845694,0.5334907,2.663619,-0.3923575,0.4832179,2.74558,-0.02616967,0.4727142,2.681559,-0.4155049,0.2700789,2.934756,0.1094017,0.236802,2.841323,-0.4705776,0.1370818,3.129178,0.2060316,0.08195595,3.003618,-0.1830425,0.228956,2.727418,-0.1817409,0.1664149,2.741252,-0.2668219,0.08017626,2.773268,-0.09504342,0.08776394,2.736403,-0.2808352,-0.3458544,2.569141,-0.1124462,-0.3447236,2.547784,-0.2619288,-0.7161069,2.835356,-0.07976719,-0.5533185,2.909412
-0.2456963,0.6705158,2.503545,-0.1819503,0.5244235,2.661256,-0.3940867,0.4771348,2.752631,-0.02521201,0.4581062,2.681736,-0.4113042,0.2991397,2.935756,0.1390924,0.2436357,2.865097,-0.5268588,0.1680746,3.134838,0.2646073,0.09030142,3.00898,-0.1844249,0.2076184,2.729754,-0.1851774,0.1432754,2.745745,-0.27173,0.05165016,2.778621,-0.1012653,0.06473804,2.744966,-0.2766415,-0.4053807,2.668877,-0.1078884,-0.3841239,2.603816,-0.2734158,-0.8070939,2.830578,-0.1075223,-0.717116,2.8466
-0.2465769,0.6492114,2.50289,-0.1814692,0.4977485,2.658814,-0.3926446,0.4553801,2.759409,-0.02313494,0.445422,2.686753,-0.4585487,0.2652794,3.00922,0.1497245,0.2376172,2.869901,-0.6273631,0.1717806,3.159349,0.3345797,0.09657572,2.956605,-0.1820079,0.1655733,2.731187,-0.1823057,0.09909525,2.748147,-0.2649663,0.00640646,2.777827,-0.1001375,0.02835769,2.750221,-0.2714309,-0.5337006,2.708683,-0.111669,-0.4696589,2.653583,-0.2778807,-0.9769252,2.78707,-0.1184422,-0.8820177,2.808991
-0.2457714,0.6109309,2.510879,-0.1802471,0.4698966,2.665022,-0.3899235,0.4247349,2.765496,-0.02186361,0.3955861,2.693117,-0.4961256,0.2442341,3.009115,0.1784424,0.2059134,2.868891,-0.724317,0.2223886,3.103008,0.4128319,0.1042529,2.877668,-0.1816287,0.1342311,2.73171,-0.1821272,0.06663784,2.747425,-0.2634426,-0.01783928,2.774267,-0.1021898,-0.01692462,2.74891,-0.2490766,-0.597486,2.714647,-0.1209588,-0.5820215,2.683094,-0.261365,-1.029377,2.802119,-0.1513748,-1.021304,2.78725
-0.2352874,0.5658829,2.540219,-0.1751721,0.4107241,2.682142,-0.3963111,0.3724956,2.781244,-0.01634362,0.3507951,2.697687,-0.5634796,0.2032487,2.994861,0.2022354,0.1648224,2.839485,-0.7970383,0.2942791,3.018399,0.4470733,0.1274804,2.771229,-0.181025,0.07947186,2.733259,-0.1824139,0.01310517,2.745993,-0.2669814,-0.07748824,2.770154,-0.1009815,-0.06843875,2.743324,-0.2508889,-0.601753,2.715531,-0.1271927,-0.6395311,2.7045,-0.2451876,-1.047182,2.848037,-0.1367568,-1.040418,2.814903
-0.2276958,0.5160158,2.564429,-0.1751594,0.3545938,2.698192,-0.3951316,0.3033482,2.796494,-0.00927678,0.2820927,2.713162,-0.6254762,0.1929484,2.95311,0.2418802,0.1124848,2.773556,-0.8297473,0.3427099,2.928075,0.4684307,0.1600817,2.655995,-0.1838702,0.02393809,2.734899,-0.1858042,-0.04225914,2.744842,-0.2721658,-0.1319345,2.762681,-0.104127,-0.1272218,2.741281,-0.2658789,-0.6336896,2.703637,-0.1296903,-0.6452698,2.708833,-0.258799,-1.042703,2.842911,-0.1160482,-1.037109,2.821369
-0.2228487,0.4966401,2.581021,-0.1796858,0.318871,2.720422,-0.4082466,0.260129,2.820574,0.003041033,0.2402035,2.72932,-0.6721061,0.1992717,2.892903,0.2572776,0.09575056,2.702327,-0.8483191,0.3770451,2.838536,0.4532852,0.1912473,2.558781,-0.1853521,0.008267356,2.736076,-0.1869175,-0.05551212,2.743724,-0.2772353,-0.1519333,2.758097,-0.1011543,-0.1498359,2.735404,-0.265066,-0.639022,2.698793,-0.1776354,-0.6421958,2.692442,-0.2652647,-1.043487,2.84062,-0.1188138,-1.038832,2.82952
-0.2212059,0.4904355,2.602617,-0.1789445,0.3164737,2.730607,-0.4110461,0.2533785,2.820231,0.003093455,0.2389833,2.729127,-0.6827895,0.2140902,2.829083,0.2111771,0.09803127,2.668498,-0.8549926,0.3906406,2.756443,0.4133528,0.2104503,2.47456,-0.1868566,-0.00220223,2.743095,-0.1887103,-0.0665417,2.74898,-0.2815426,-0.1626474,2.761809,-0.1011391,-0.1599144,2.738297,-0.2617581,-0.6449144,2.698476,-0.1542893,-0.6455704,2.691639,-0.2404268,-1.069978,2.866059,-0.1258616,-1.042361,2.827395
