-0.1524061,0.7009689,2.728999,-0.1479824,0.5416145,2.864244,-0.340868,0.4799646,2.884925,0.04509915,0.4580614,2.864138,-0.5135976,0.2276861,2.896669,0.21498,0.1697579,2.852956,-0.6557231,0.0249185,2.886587,0.3279543,-0.05324448,2.83383,-0.1401418,0.2163855,2.909774,-0.138486,0.1522607,2.922487,-0.2295593,0.06935248,2.930109,-0.04323028,0.06325408,2.935094,-0.2215351,-0.3822759,2.783598,-0.04256109,-0.4015765,2.847036,-0.1948259,-0.7061387,3.047471,-0.0503372,-0.7889663,3.102125
-0.1558763,0.7180219,2.714219,-0.1485775,0.5507531,2.843314,-0.342278,0.4803152,2.884901,0.03955793,0.465174,2.862725,-0.4907102,0.2170747,2.922393,0.1894063,0.1755146,2.911567,-0.6136154,-0.0317786,2.963245,0.2823014,-0.05740336,2.944835,-0.1404575,0.2238414,2.906893,-0.1388128,0.1593665,2.921501,-0.2297021,0.07488998,2.930501,-0.04386445,0.07494739,2.937656,-0.2203431,-0.3454962,2.705916,-0.07313406,-0.3739503,2.786748,-0.1858387,-0.7079101,2.991107,-0.06819448,-0.7015966,3.109799
-0.1567491,0.7158705,2.706986,-0.1560715,0.5486811,2.832418,-0.3486631,0.4655577,2.883226,0.03826331,0.4653643,2.863027,-0.4642208,0.2036858,2.967377,0.1658247,0.1808466,2.958547,-0.552774,-0.013494,3.035841,0.2558026,-0.03560369,3.029843,-0.140716,0.2238955,2.906103,-0.1388008,0.1593782,2.921417,-0.2294787,0.07430468,2.930993,-0.04283443,0.07579543,2.938416,-0.2092082,-0.3460227,2.708202,-0.09504092,-0.3520956,2.737736,-0.1952612,-0.6128782,3.031839,-0.04776542,-0.5827045,3.128607
-0.1590348,0.7084684,2.697321,-0.1557055,0.5478221,2.831319,-0.3477242,0.4583078,2.878913,0.03769369,0.4637738,2.864041,-0.4294949,0.204955,2.993203,0.1613848,0.1908636,2.978221,-0.5203025,-0.0005061626,3.084007,0.2436786,-0.01495814,3.117264,-0.1392519,0.2218955,2.904434,-0.1367679,0.1570014,2.920385,-0.2247275,0.06721222,2.929259,-0.04107522,0.07544023,2.93893,-0.2082166,-0.3763952,2.763241,-0.02211058,-0.3461423,2.719719,-0.221263,-0.7496536,2.972017,-0.02849399,-0.6050347,3.096782
-0.1615689,0.7046766,2.689492,-0.1556638,0.5435132,2.828123,-0.3480412,0.4537773,2.878062,0.03723375,0.4622233,2.865078,-0.4218832,0.212696,3.006295,0.1663764,0.2143831,3.022947,-0.5251924,0.02277982,3.113719,0.2462435,0.02833124,3.152045,-0.1371177,0.2142869,2.902369,-0.1336962,0.1482597,2.919505,-0.2188204,0.0481744,2.927074,-0.03874515,0.0729216,2.940946,-0.2166182,-0.4769779,2.845559,-0.0187936,-0.3466717,2.718535,-0.2432333,-0.8975424,2.919286,-0.05068159,-0.6252189,3.081289
-0.1692852,0.688007,2.677743,-0.158734,0.527371,2.826078,-0.3504093,0.4470325,2.880894,0.03838807,0.4517604,2.868699,-0.4211389,0.2149775,3.020632,0.169335,0.2143161,3.035659,-0.5468407,0.04234046,3.132805,0.2862222,0.05274302,3.169112,-0.1354749,0.1966367,2.8987,-0.1308932,0.1304522,2.91622,-0.213762,0.02354677,2.92256,-0.03565132,0.06164135,2.940708,-0.211872,-0.5121542,2.856438,-0.01752484,-0.3775798,2.764351,-0.2417264,-0.9856907,2.909148,-0.07292125,-0.7661978,3.014771
-0.1732296,0.6591045,2.663399,-0.1544614,0.496972,2.821987,-0.3511721,0.4355523,2.88428,0.03395516,0.4412256,2.870763,-0.4475613,0.1959309,3.061568,0.19156,0.2231378,3.043416,-0.6342803,0.06686661,3.147486,0.358628,0.06891302,3.165815,-0.1302154,0.1640555,2.88834,-0.1253727,0.09748153,2.904934,-0.2063104,-0.001944146,2.911838,-0.03292859,0.02961587,2.928514,-0.2164717,-0.4748373,2.904137,-0.02260227,-0.4607833,2.824105,-0.2260633,-0.9522979,2.935431,-0.0724864,-0.9018648,2.981891
-0.1718354,0.6175886,2.667729,-0.1545942,0.4571095,2.825189,-0.3522591,0.3840712,2.892815,0.03289428,0.3956969,2.883865,-0.4995776,0.1715752,3.069718,0.236091,0.2062455,3.044049,-0.7308486,0.1177944,3.12716,0.4421602,0.09761737,3.11496,-0.1287116,0.1205164,2.884215,-0.123512,0.05302013,2.899383,-0.2042238,-0.03860218,2.905535,-0.02959823,-0.02613521,2.918892,-0.1823045,-0.5052975,2.918967,-0.01525548,-0.5147828,2.818648,-0.2064892,-0.9814476,2.955671,-0.08733203,-0.9640479,2.946994
-0.1727925,0.5634401,2.680126,-0.1548373,0.4003172,2.818024,-0.3545123,0.3346876,2.904632,0.03522214,0.3597449,2.884061,-0.5621285,0.1616841,3.03978,0.2653032,0.2002672,3.001649,-0.8047589,0.1895383,3.069325,0.5023612,0.1438902,3.034177,-0.1298183,0.0736609,2.873543,-0.124769,0.009719218,2.888493,-0.2076256,-0.0890682,2.892332,-0.02883438,-0.06707879,2.908897,-0.221569,-0.6075215,2.856343,-0.03759812,-0.6004166,2.838663,-0.2046625,-1.017342,2.966211,-0.06471597,-1.024564,2.965825
-0.1677103,0.5021412,2.686939,-0.1453778,0.3402172,2.833089,-0.3556756,0.2776525,2.908524,0.05059627,0.2876007,2.888969,-0.5990087,0.1628074,2.994172,0.3156963,0.1831027,2.951698,-0.833989,0.2419233,2.989813,0.5633018,0.1919148,2.951105,-0.1271611,0.01993443,2.875164,-0.1235187,-0.04412434,2.88705,-0.2117185,-0.1416109,2.887838,-0.02494606,-0.1290202,2.905089,-0.240663,-0.620224,2.824409,-0.03648334,-0.6072428,2.837741,-0.2122848,-1.011851,2.960421,-0.05590141,-1.027834,2.975861
-0.161794,0.4480044,2.696611,-0.1533465,0.2849967,2.846106,-0.361925,0.223451,2.908933,0.05952535,0.223043,2.881152,-0.6208407,0.168367,2.932696,0.3536541,0.167858,2.897378,-0.8356907,0.2908068,2.898128,0.5869282,0.2377229,2.835498,-0.1320944,-0.02520349,2.879374,-0.127754,-0.08612671,2.88952,-0.2175768,-0.1876566,2.890276,-0.02572702,-0.1793304,2.903921,-0.241508,-0.6498317,2.810714,-0.0419653,-0.6424351,2.828726,-0.2125226,-1.012363,2.960757,-0.05651914,-1.030233,2.977674
-0.1632188,0.4205916,2.706313,-0.1564835,0.2377678,2.852247,-0.3723966,0.1662552,2.903782,0.06398659,0.1678703,2.87467,-0.6512181,0.1783835,2.885439,0.3636259,0.1620091,2.817486,-0.8574322,0.3027093,2.809288,0.5852439,0.2341024,2.718072,-0.1370536,-0.07377362,2.888443,-0.133174,-0.136058,2.899162,-0.2267359,-0.238271,2.901687,-0.02734284,-0.2294128,2.913688,-0.234897,-0.6966439,2.798742,-0.04802844,-0.6884444,2.816366,-0.2215759,-1.025783,2.962104,-0.05645832,-1.033923,2.981261
-0.1628437,0.3987523,2.714243,-0.1550862,0.2184086,2.854032,-0.3729013,0.1570666,2.901073,0.06375716,0.1548955,2.867136,-0.6433258,0.1748225,2.841408,0.3254717,0.1502876,2.762828,-0.8597763,0.2444191,2.727966,0.5802335,0.1842512,2.614722,-0.1362231,-0.08567944,2.894851,-0.1324197,-0.1469567,2.906435,-0.2258498,-0.2506957,2.914385,-0.02670801,-0.24004,2.920543,-0.2207867,-0.7046747,2.792977,-0.04857399,-0.6967064,2.813651,-0.222375,-1.024955,2.956336,-0.05873062,-1.034319,2.983761
-0.1631931,0.3927099,2.717926,-0.1538337,0.2149093,2.855763,-0.372779,0.1539863,2.89899,0.06073982,0.146107,2.853738,-0.6363239,0.145371,2.801079,0.295968,0.1266664,2.722436,-0.8512869,0.1820166,2.66877,0.5507045,0.1060613,2.545159,-0.1360263,-0.08968358,2.901393,-0.1325483,-0.1509025,2.914395,-0.2266479,-0.2532355,2.927218,-0.02742468,-0.2434922,2.927491,-0.2175443,-0.7031951,2.791891,-0.04886122,-0.6985756,2.815031,-0.2237132,-1.024506,2.95647,-0.05885673,-1.034751,2.985593
-0.1598205,0.397459,2.722584,-0.152511,0.2194563,2.858317,-0.3669589,0.1575096,2.895232,0.06151227,0.1484807,2.847775,-0.6178769,0.1048509,2.791132,0.3100519,0.08365737,2.679685,-0.8309593,0.09346373,2.65065,0.5053631,0.02270183,2.525412,-0.1351715,-0.08574989,2.906763,-0.1317643,-0.1469699,2.920298,-0.2252395,-0.2448547,2.934998,-0.027428,-0.2393241,2.933437,-0.2138977,-0.6936597,2.796993,-0.0475691,-0.6933345,2.817508,-0.2237094,-1.024642,2.956607,-0.05866747,-1.035012,2.986497
-0.1537035,0.4408796,2.718565,-0.1410602,0.2774233,2.855419,-0.3512431,0.1965957,2.878892,0.06219662,0.178064,2.836262,-0.5953964,0.09673791,2.801122,0.3093588,0.08073138,2.681638,-0.8066354,0.004252928,2.668558,0.5086109,-0.06327888,2.525189,-0.1274307,-0.04903189,2.914552,-0.1248489,-0.1148567,2.929278,-0.214292,-0.2010824,2.947226,-0.02498675,-0.2070304,2.942067,-0.2131269,-0.6553423,2.832139,-0.03467136,-0.6643226,2.84231,-0.2236461,-1.024658,2.956658,-0.05948536,-1.035058,2.987895
-0.1489674,0.5026911,2.717417,-0.1402833,0.3327893,2.849191,-0.3485614,0.2404809,2.874287,0.06799759,0.2458444,2.833301,-0.5873817,0.08489966,2.806882,0.2889392,0.07505689,2.706266,-0.7700018,-0.06216835,2.712194,0.449532,-0.08086152,2.585487,-0.1221137,0.005192242,2.903629,-0.1184808,-0.06032862,2.917989,-0.2102868,-0.1603858,2.934652,-0.01671967,-0.148937,2.928066,-0.2148213,-0.6273123,2.855681,-0.02917316,-0.6181,2.875967,-0.2228332,-1.024482,2.961016,-0.05916112,-1.034201,2.988435
-0.149312,0.561778,2.711941,-0.134746,0.4031952,2.842609,-0.339052,0.3105374,2.86123,0.06976277,0.3127054,2.829832,-0.5281613,0.09509065,2.840124,0.2649275,0.08108016,2.745462,-0.7113469,-0.07984389,2.764849,0.40292,-0.1096794,2.648607,-0.1182554,0.06478047,2.891196,-0.1149579,-0.002903566,2.904386,-0.2047574,-0.09728932,2.918441,-0.01626174,-0.09110149,2.911703,-0.2241479,-0.6006151,2.885229,-0.0260451,-0.6080408,2.904421,-0.2260935,-1.010784,2.948418,-0.05099009,-1.022676,2.981914
-0.1534949,0.6277176,2.701916,-0.1343444,0.4627056,2.840456,-0.333956,0.3682848,2.855214,0.06064841,0.3657327,2.821728,-0.5277434,0.09489802,2.846473,0.2486852,0.0890131,2.775119,-0.674649,-0.1041429,2.813512,0.3684663,-0.1245507,2.714511,-0.1186164,0.1147687,2.884741,-0.1154575,0.04386964,2.897269,-0.2034062,-0.04519353,2.908505,-0.01955775,-0.04096784,2.903551,-0.229811,-0.5408068,2.863916,-0.01749914,-0.5418093,2.914423,-0.2372638,-0.9554977,2.944356,-0.04900916,-1.013302,2.98087
-0.1593268,0.6722255,2.69916,-0.1356987,0.4999291,2.825696,-0.3312801,0.4131334,2.857327,0.05391997,0.4085292,2.822282,-0.4822406,0.1345379,2.883077,0.2170204,0.1171366,2.83047,-0.6129497,-0.1115857,2.87298,0.3196543,-0.1152821,2.808034,-0.1196655,0.1581535,2.871165,-0.1164809,0.09108555,2.883394,-0.2034693,-0.0007240014,2.897927,-0.02143707,0.00961687,2.887908,-0.2241218,-0.4620651,2.816589,-0.01871059,-0.5123155,2.878698,-0.2278733,-0.8550538,2.984987,-0.04936299,-0.939185,3.038555
-0.1542946,0.6906712,2.700322,-0.1370881,0.5189444,2.816851,-0.3278511,0.4291969,2.851425,0.04920369,0.4325593,2.822598,-0.4470173,0.1469644,2.903421,0.1930885,0.1408142,2.863927,-0.5604181,-0.120003,2.936759,0.2882987,-0.08740958,2.894658,-0.118172,0.1794374,2.86619,-0.1144508,0.1112926,2.879564,-0.1979566,0.02966265,2.891776,-0.02059168,0.02985864,2.886436,-0.2217425,-0.4166315,2.751432,-0.02606766,-0.4312275,2.817261,-0.2107293,-0.7309576,3.038238,-0.03718511,-0.8182139,3.077089
-0.1535357,0.6981326,2.695784,-0.1399415,0.5250201,2.811982,-0.3267164,0.4329207,2.849247,0.04788492,0.4425958,2.826805,-0.4259657,0.15361,2.928832,0.1730226,0.1535521,2.910879,-0.5023514,-0.08565582,3.004926,0.2646772,-0.06601869,2.979449,-0.1198786,0.189705,2.861906,-0.1158708,0.1228563,2.875342,-0.1998952,0.03882954,2.889988,-0.02086395,0.04176388,2.881094,-0.2129792,-0.3736928,2.663937,-0.08838736,-0.3948825,2.725456,-0.1817865,-0.730137,2.959989,-0.04758165,-0.7097149,3.061128
-0.1499949,0.7026654,2.688743,-0.1382059,0.526228,2.806913,-0.3254715,0.4342684,2.849272,0.04908684,0.4436287,2.828045,-0.3987878,0.1627247,2.954366,0.1712027,0.1679251,2.93762,-0.4638986,-0.06025413,3.063498,0.2569989,-0.0411484,3.048593,-0.1164385,0.1968346,2.85548,-0.1119508,0.1315713,2.868567,-0.1966878,0.04569295,2.884642,-0.01615765,0.0511049,2.873884,-0.2155613,-0.3660034,2.657457,-0.1201494,-0.3599352,2.671419,-0.1540109,-0.5293257,3.032506,-0.05774872,-0.5984724,3.058724
-0.1467987,0.698539,2.682089,-0.1372571,0.5260948,2.805179,-0.3244398,0.4347872,2.850438,0.05285963,0.4431652,2.830518,-0.3871703,0.1790686,2.981523,0.1920255,0.1860987,2.969362,-0.4661396,-0.02252115,3.08977,0.2726768,-0.005824757,3.100583,-0.114468,0.1986016,2.85242,-0.109791,0.1336573,2.865255,-0.1953238,0.04700206,2.880092,-0.01240944,0.05306402,2.870919,-0.1918185,-0.3622067,2.648324,-0.05148134,-0.3551287,2.640728,-0.1408323,-0.5976906,2.995867,0.00108017,-0.5440751,3.054331
-0.1438537,0.6966799,2.677128,-0.1354791,0.5258935,2.805316,-0.3222497,0.4353585,2.852269,0.057593,0.4431874,2.832002,-0.386391,0.1850306,2.999087,0.2017161,0.1947055,2.979243,-0.4960293,0.007607594,3.120283,0.3039454,0.01690228,3.105637,-0.1126085,0.1974691,2.850044,-0.1078363,0.1320209,2.86201,-0.1928921,0.04178277,2.868656,-0.01068125,0.05183523,2.869603,-0.1924642,-0.4008623,2.718527,-0.02382741,-0.3593579,2.642897,-0.1638157,-0.7496261,2.92012,0.01196753,-0.5130122,3.07172
-0.1421154,0.6918221,2.667313,-0.1315048,0.5224955,2.805587,-0.3194638,0.4346439,2.854007,0.06018687,0.4440449,2.832296,-0.3950194,0.1876639,3.010749,0.2191094,0.2113778,2.988057,-0.5650942,0.04327732,3.106189,0.3678223,0.02924755,3.086149,-0.1098871,0.1911312,2.846462,-0.1054519,0.1246401,2.857512,-0.189075,0.02633836,2.859144,-0.01024711,0.04954888,2.868017,-0.1860394,-0.4840059,2.780128,-0.004776592,-0.3946162,2.723862,-0.1686094,-0.9077768,2.872605,-0.004467316,-0.6616502,2.993423
-0.1370351,0.6826083,2.665511,-0.1211025,0.5091387,2.809781,-0.3163881,0.4304281,2.858347,0.06594822,0.4392872,2.834055,-0.425885,0.1858775,3.022718,0.2415268,0.2126444,2.981857,-0.6359672,0.07806757,3.086011,0.4297944,0.05927407,3.030871,-0.10256,0.1717213,2.841928,-0.09878871,0.1036862,2.851308,-0.182007,0.002161182,2.851568,-0.006365355,0.03158923,2.861201,-0.1701877,-0.5711812,2.792064,-0.004213534,-0.4378938,2.731751,-0.169526,-0.9851302,2.857627,-0.01403706,-0.8420953,2.909752
-0.124617,0.633437,2.660523,-0.1125685,0.4839304,2.813688,-0.3111741,0.4036703,2.870964,0.08290518,0.4029758,2.8483,-0.4853429,0.1738226,3.007104,0.2948054,0.186291,2.966586,-0.723361,0.1164946,3.036612,0.5140979,0.07030339,2.969896,-0.09436873,0.1396286,2.838422,-0.09081265,0.07083508,2.846594,-0.1768039,-0.0250071,2.844995,0.005385345,-0.01471983,2.855503,-0.1653871,-0.5952109,2.797002,-0.005708055,-0.5367603,2.720671,-0.1632257,-1.001831,2.86401,-0.008932842,-0.9670631,2.869476
-0.1222992,0.5876634,2.672762,-0.1074758,0.4195136,2.824686,-0.3146053,0.3474151,2.88761,0.09052742,0.3502842,2.856901,-0.5404111,0.1557326,2.971986,0.3273645,0.1427197,2.916201,-0.7883103,0.1766732,2.960106,0.5718254,0.1013287,2.881436,-0.09250665,0.08659063,2.837525,-0.08951303,0.02000598,2.843557,-0.1765509,-0.07710844,2.838974,0.005727065,-0.06530463,2.850281,-0.1591229,-0.6036046,2.776774,-0.005234406,-0.5999755,2.738311,-0.157761,-1.00979,2.871761,-0.003166081,-0.9982256,2.870121
-0.1205041,0.5201139,2.687256,-0.1156424,0.3555407,2.82998,-0.3187078,0.2806206,2.888845,0.09643807,0.2844437,2.857639,-0.5723022,0.1557179,2.912513,0.3544206,0.125418,2.846884,-0.8109635,0.2234863,2.879606,0.5976477,0.131183,2.780646,-0.09244046,0.02869617,2.836416,-0.08783086,-0.03667136,2.84076,-0.1759748,-0.1346111,2.833542,0.01355288,-0.1254455,2.846359,-0.1596709,-0.6106023,2.754932,-0.01003592,-0.6060308,2.743251,-0.15592,-1.009901,2.872897,-0.0002495067,-1.010558,2.877869
-0.1176905,0.4734914,2.69652,-0.1177867,0.2992034,2.842781,-0.3222825,0.2173533,2.884522,0.105755,0.2235834,2.849814,-0.6017264,0.1614161,2.861709,0.3481835,0.1164994,2.802189,-0.8126683,0.2833182,2.797359,0.5738921,0.1446035,2.685509,-0.0918728,-0.02178612,2.841825,-0.08686903,-0.0852515,2.843034,-0.1772716,-0.1855665,2.832867,0.01900254,-0.1785572,2.846329,-0.1560095,-0.6414551,2.744581,-0.01748738,-0.631848,2.748638,-0.1529526,-1.016695,2.881737,0.01561484,-1.030282,2.909032
-0.1168143,0.4368694,2.69342,-0.1192103,0.2581242,2.843436,-0.3286071,0.1794943,2.873844,0.1051039,0.1728614,2.832585,-0.6286813,0.1900822,2.802757,0.4178953,0.1133016,2.695387,-0.8308931,0.3059247,2.701318,0.6144342,0.1789149,2.543406,-0.09394214,-0.04972794,2.847243,-0.08917145,-0.1119409,2.848455,-0.1811489,-0.2171606,2.844737,0.01777422,-0.2033864,2.848697,-0.1513365,-0.6684852,2.736199,-0.02328789,-0.655696,2.749568,-0.1541771,-1.020889,2.880046,0.01236584,-1.02793,2.903356
-0.1180084,0.4240924,2.694026,-0.1182857,0.2427163,2.840652,-0.326507,0.1714447,2.866008,0.1054044,0.1635615,2.820607,-0.5976779,0.1890191,2.776896,0.3244943,0.1203635,2.68321,-0.7991244,0.2849515,2.631436,0.5518872,0.1427941,2.469265,-0.09436893,-0.06072355,2.851948,-0.08984267,-0.1221535,2.854929,-0.1828367,-0.22491,2.857013,0.01765915,-0.2157542,2.85495,-0.1514462,-0.6724038,2.733414,-0.02363354,-0.6660397,2.747244,-0.1530011,-1.021026,2.879629,0.01086004,-1.028587,2.901524
-0.1173912,0.4234548,2.69318,-0.1177621,0.2431125,2.840668,-0.3255385,0.1728947,2.860124,0.1042909,0.1664208,2.805645,-0.5898576,0.190403,2.745858,0.3175617,0.1336638,2.620238,-0.7820949,0.2560529,2.576746,0.5258824,0.1147943,2.414332,-0.09435641,-0.06003324,2.860224,-0.09031656,-0.1212399,2.867218,-0.1831917,-0.2208745,2.882545,0.01568685,-0.2144459,2.867351,-0.1530011,-0.6621743,2.736971,-0.01155457,-0.6640835,2.753137,-0.1533455,-1.021009,2.879409,0.01073467,-1.027623,2.899854
-0.1138396,0.4361658,2.688107,-0.1125766,0.2725143,2.840322,-0.3162495,0.2182179,2.843483,0.1033609,0.2011828,2.785095,-0.552918,0.1989409,2.742686,0.3020294,0.1377233,2.622343,-0.7745605,0.1882787,2.564195,0.4819572,0.0572529,2.403535,-0.09138393,-0.03487718,2.872272,-0.08748418,-0.09632517,2.88058,-0.1771926,-0.1917959,2.897649,0.01532036,-0.1873111,2.880631,-0.1595847,-0.6387684,2.771363,-0.0006109793,-0.638535,2.772608,-0.1536141,-1.020818,2.880815,0.01029366,-1.027542,2.901296
-0.1128422,0.503803,2.685521,-0.1007181,0.3530844,2.840054,-0.3119804,0.2736997,2.844841,0.09669681,0.2600754,2.783968,-0.5448771,0.1914076,2.739599,0.3074901,0.1203082,2.597075,-0.7729955,0.1158545,2.573518,0.4876199,-0.04563336,2.408511,-0.08352565,0.02616186,2.876206,-0.0803751,-0.03938641,2.884997,-0.16755,-0.1341122,2.900581,0.0163268,-0.1284617,2.883837,-0.168116,-0.6093009,2.820613,0.02334916,-0.5969445,2.817297,-0.1553897,-1.019465,2.885192,0.01692534,-1.025828,2.908081
-0.110397,0.5662161,2.673779,-0.1006868,0.4190231,2.83293,-0.3030669,0.3225119,2.837366,0.09952597,0.3243397,2.785321,-0.5420959,0.1847191,2.745088,0.2933956,0.1207571,2.63997,-0.7287028,0.05118245,2.635849,0.4307175,-0.05710972,2.499465,-0.08390801,0.08122067,2.866513,-0.0807732,0.01353141,2.874972,-0.1693581,-0.08111158,2.888058,0.01669919,-0.07279664,2.874339,-0.17164,-0.6061037,2.830173,0.025751,-0.5843117,2.830991,-0.1654397,-1.01164,2.873909,0.01814938,-1.018934,2.899322
-0.1113307,0.630971,2.669595,-0.09557105,0.4775501,2.818647,-0.3006876,0.3863934,2.830255,0.1010948,0.3832134,2.783267,-0.4939993,0.181239,2.791232,0.2865646,0.1195702,2.672428,-0.6683764,0.01374526,2.710903,0.3932758,-0.1016596,2.58541,-0.08371647,0.1376749,2.858585,-0.08152705,0.06955858,2.868485,-0.1717608,-0.02392134,2.884148,0.01492266,-0.0175406,2.868624,-0.1766692,-0.5481246,2.825102,0.02545644,-0.5528797,2.833083,-0.1681948,-0.9553896,2.875883,0.02438628,-0.9923154,2.898523
-0.1143845,0.6684984,2.658525,-0.09549943,0.5070117,2.805921,-0.29408,0.4223426,2.824893,0.0915557,0.4108478,2.782059,-0.4784859,0.1789804,2.815852,0.2546899,0.1276078,2.749815,-0.6116856,-0.03040618,2.788212,0.3614485,-0.1112583,2.6932,-0.08357956,0.1697609,2.852147,-0.08135301,0.1023371,2.863448,-0.169468,0.01894526,2.881944,0.01293488,0.02070948,2.862861,-0.1710742,-0.4449529,2.784395,0.01031524,-0.4658716,2.791955,-0.148517,-0.8412921,2.945872,0.02054704,-0.8894253,2.952923
-0.1185176,0.6842239,2.655657,-0.1015048,0.5239903,2.792986,-0.29618,0.4336786,2.82603,0.08306572,0.4344262,2.783997,-0.4322044,0.1702729,2.872619,0.2275278,0.1360026,2.81327,-0.5564421,-0.0870915,2.867396,0.3098021,-0.1151073,2.81026,-0.08656694,0.1956607,2.843524,-0.08364742,0.1302979,2.855911,-0.1720769,0.04188922,2.877732,0.01314346,0.04690235,2.856413,-0.1620266,-0.391927,2.709655,-0.01537063,-0.4012597,2.740619,-0.1339799,-0.7900109,2.956151,0.006609587,-0.7883028,3.003013
-0.1180985,0.6974214,2.653503,-0.1060783,0.5305418,2.784311,-0.2946543,0.4398385,2.826542,0.08185098,0.4401486,2.787026,-0.4028627,0.1535748,2.920081,0.2082146,0.1448067,2.859937,-0.4951033,-0.07964987,2.945579,0.2706166,-0.08821774,2.907995,-0.08716472,0.2021038,2.838862,-0.08362386,0.1365596,2.851967,-0.1709046,0.05046793,2.873523,0.01343354,0.05495449,2.852486,-0.1728496,-0.3549846,2.641278,-0.06083675,-0.3632647,2.66074,-0.1101098,-0.6766478,2.970299,-0.0189738,-0.6697863,3.005793
-0.1177366,0.6989216,2.651079,-0.1058442,0.5304614,2.773694,-0.2920341,0.4433541,2.828267,0.0829371,0.4434932,2.790959,-0.3659005,0.1655387,2.954642,0.2006035,0.1567908,2.892913,-0.4350947,-0.06062739,3.026208,0.2590858,-0.07438298,2.981951,-0.08592573,0.2052267,2.835775,-0.08210527,0.1402386,2.849789,-0.1684602,0.05498853,2.871801,0.01477338,0.05910942,2.852069,-0.2210205,-0.292483,2.560257,-0.05570012,-0.3563523,2.65251,-0.1282705,-0.5848352,2.907755,-0.01000486,-0.4789992,3.08649
-0.1173669,0.6971861,2.645326,-0.1063446,0.5283355,2.770326,-0.2912976,0.4418049,2.828282,0.08317973,0.4427357,2.791343,-0.3529118,0.1765224,2.96339,0.1963494,0.1656377,2.911704,-0.4053145,-0.02460241,3.08649,0.2634234,-0.04094224,3.049712,-0.08582731,0.2049502,2.835096,-0.08199349,0.1401247,2.849554,-0.1684193,0.05482579,2.871842,0.01503819,0.05914863,2.851988,-0.1244359,-0.3224457,2.597576,-0.1024073,-0.340928,2.642697,-0.1008127,-0.4683859,3.051463,-0.01596554,-0.4597586,3.066835
-0.1162139,0.6909946,2.637166,-0.1063897,0.5237418,2.771361,-0.2879441,0.4369235,2.827497,0.0831238,0.4407241,2.791245,-0.340016,0.1916768,2.973723,0.2002136,0.1805398,2.943048,-0.3970806,0.000957192,3.132694,0.2770369,-0.02277565,3.086674,-0.08518139,0.2020079,2.834848,-0.08118312,0.1374319,2.849438,-0.1670046,0.05163314,2.871189,0.01543137,0.05821619,2.852356,-0.127651,-0.3651524,2.665557,0.02168517,-0.3510404,2.627513,-0.1026493,-0.5195407,3.073445,-0.03752673,-0.7251824,2.902495
-0.1170172,0.6728786,2.620254,-0.1028335,0.5115079,2.773551,-0.2845632,0.4307284,2.824953,0.0832331,0.435398,2.792002,-0.3361171,0.1869453,3.000764,0.2034082,0.1863422,2.95692,-0.4175968,0.006753296,3.138099,0.2964794,-0.0003301511,3.098115,-0.08484016,0.1864673,2.832958,-0.08145645,0.1211263,2.84712,-0.1661343,0.03115291,2.861175,0.01267535,0.04715161,2.854804,-0.1428284,-0.410689,2.721267,0.03276806,-0.3714127,2.650983,-0.1022453,-0.7561645,2.929611,-0.01746495,-0.7721843,2.89193
-0.1174212,0.6569278,2.609658,-0.1003856,0.4858629,2.772844,-0.2835399,0.4230539,2.825037,0.08500592,0.4234453,2.796174,-0.3436387,0.1837019,3.014584,0.2207897,0.1953319,2.975931,-0.4805241,0.03073077,3.141438,0.3536287,0.01039319,3.083329,-0.08558682,0.1652297,2.831303,-0.08265533,0.1009826,2.845653,-0.1642539,0.004559975,2.857344,0.007515316,0.03152645,2.856854,-0.1407067,-0.4934142,2.770631,0.01814438,-0.4176193,2.732826,-0.1174358,-0.9259244,2.882392,-0.02016216,-0.8587171,2.903719
-0.1167593,0.6142417,2.601254,-0.1030393,0.4581636,2.770645,-0.2827216,0.3849571,2.828261,0.08910172,0.391475,2.806738,-0.3454953,0.1797801,3.015528,0.2397374,0.1703908,2.984096,-0.5591533,0.06200085,3.12542,0.4291795,0.02749598,3.045853,-0.08295447,0.1312444,2.831,-0.07882708,0.06557278,2.84595,-0.156664,-0.0357083,2.855382,0.00996386,0.0004925695,2.861867,-0.1305906,-0.5825547,2.781178,-0.005194066,-0.5534443,2.760101,-0.1275479,-1.022427,2.878439,-0.01393475,-0.9928322,2.894212
-0.1198518,0.5701359,2.604984,-0.09284069,0.3997762,2.767357,-0.2827722,0.3479519,2.831952,0.08916908,0.3546643,2.814926,-0.418606,0.1353389,3.023271,0.2788849,0.1398435,2.965089,-0.6489571,0.07839493,3.085615,0.5051444,0.04398666,2.992996,-0.0719331,0.07276592,2.826229,-0.06777466,0.007281043,2.840908,-0.1490286,-0.08027742,2.849765,0.02368028,-0.06845932,2.857381,-0.1281822,-0.5955266,2.779973,0.006152628,-0.6029024,2.773358,-0.1247804,-1.022067,2.885997,0.0001120684,-1.004489,2.89709
-0.1165427,0.5041118,2.626663,-0.09651424,0.348929,2.767162,-0.2894579,0.2720748,2.846894,0.09890272,0.2912769,2.82559,-0.4949483,0.1022473,2.993117,0.3267856,0.1063997,2.922743,-0.7388868,0.1308057,3.022185,0.5713379,0.05764467,2.908417,-0.0716539,0.02120589,2.823131,-0.06670487,-0.0444094,2.837281,-0.1498847,-0.1391421,2.841022,0.02962818,-0.1232352,2.85827,-0.1296928,-0.6159545,2.772068,0.01219237,-0.6134949,2.771852,-0.1335667,-1.034083,2.927618,0.01779013,-1.021147,2.911925
-0.1176241,0.454879,2.643638,-0.1014982,0.2845285,2.780574,-0.29745,0.2164668,2.855746,0.1083717,0.2225095,2.833067,-0.5253074,0.09302646,2.944498,0.3708239,0.08069883,2.858265,-0.7643893,0.1638958,2.929689,0.6173851,0.09534901,2.809901,-0.07836244,-0.03319289,2.823924,-0.07375897,-0.09678582,2.835597,-0.1606144,-0.1935499,2.836946,0.02632468,-0.1818621,2.853776,-0.1306057,-0.6477341,2.759704,0.01137968,-0.6360956,2.771712,-0.1337604,-1.036532,2.929711,0.02138613,-1.030433,2.929472
-0.120523,0.4358053,2.654229,-0.1113186,0.2449378,2.800295,-0.3120579,0.1835085,2.863433,0.1081183,0.1839919,2.828627,-0.5695497,0.1072122,2.889968,0.3462152,0.08129539,2.816761,-0.7993353,0.1987839,2.844968,0.5932956,0.1077556,2.724311,-0.08311955,-0.05426754,2.825783,-0.07783569,-0.1152942,2.83517,-0.1678249,-0.2168414,2.835346,0.02628744,-0.2062391,2.847694,-0.1192838,-0.6689391,2.756349,-0.02210195,-0.6586457,2.770769,-0.1345185,-1.039174,2.931313,0.02116678,-1.030453,2.929422
-0.1209967,0.4257684,2.665571,-0.1130884,0.2416518,2.808127,-0.3167573,0.1696693,2.858368,0.1092443,0.1738433,2.820694,-0.6055306,0.1353408,2.83072,0.4310618,0.09886618,2.725058,-0.818877,0.2395074,2.740421,0.6513309,0.1466869,2.604348,-0.08558756,-0.06400342,2.831454,-0.08022726,-0.1256336,2.839597,-0.1718554,-0.2277549,2.840627,0.0266303,-0.2160328,2.848193,-0.1079073,-0.6767395,2.755351,-0.02713884,-0.6673883,2.769826,-0.1356767,-1.043674,2.933087,0.01476111,-1.034168,2.930775
-0.1185442,0.4292191,2.672883,-0.1131372,0.2470771,2.815269,-0.3187155,0.1726968,2.852892,0.1119597,0.1758628,2.812519,-0.6064103,0.1651092,2.783468,0.419535,0.1282538,2.66204,-0.8217081,0.2534118,2.679639,0.6276857,0.1460585,2.511729,-0.08801187,-0.05740158,2.841584,-0.08315433,-0.1185413,2.850222,-0.1771075,-0.218132,2.85941,0.0251584,-0.2126639,2.853522,-0.1090201,-0.6636528,2.759087,-0.02809368,-0.6634707,2.772351,-0.1360248,-1.044077,2.933009,0.01443305,-1.034298,2.931051
-0.1120121,0.4732637,2.690533,-0.106045,0.3078128,2.8327,-0.3190473,0.2243091,2.835515,0.1155861,0.2222811,2.793178,-0.5821509,0.2039306,2.760038,0.3392068,0.1687907,2.669286,-0.796937,0.2114002,2.619673,0.5500146,0.1246773,2.485189,-0.08246716,-0.008331452,2.86404,-0.07777964,-0.07158256,2.873454,-0.1685363,-0.1738984,2.884778,0.02748552,-0.1640091,2.87584,-0.1365837,-0.6352572,2.797224,0.01811743,-0.6187873,2.803029,-0.1377339,-1.043802,2.933699,0.01456193,-1.035549,2.934141
-0.111945,0.5253315,2.689858,-0.1073266,0.3683352,2.83295,-0.3124748,0.2853672,2.833989,0.1049284,0.2762273,2.788799,-0.5490734,0.2398618,2.742855,0.3215713,0.1886947,2.635851,-0.7602718,0.1672755,2.618281,0.5356615,0.07371921,2.447965,-0.08490558,0.04419823,2.867927,-0.08044975,-0.02065171,2.878098,-0.168239,-0.1175292,2.889769,0.02025853,-0.1107515,2.881378,-0.1451682,-0.6206825,2.82028,0.02639323,-0.6021621,2.815747,-0.1386891,-1.041643,2.93256,0.01974562,-1.028896,2.933988
-0.1093616,0.5853291,2.668514,-0.0969637,0.430282,2.826464,-0.3032181,0.3459249,2.827155,0.09817761,0.3414694,2.784129,-0.5468355,0.2344005,2.734545,0.3272512,0.1826272,2.626069,-0.7478012,0.1279442,2.618679,0.5227885,0.009439927,2.457843,-0.08337163,0.09200086,2.870353,-0.08062462,0.02226443,2.882087,-0.1672296,-0.06853759,2.896207,0.01319725,-0.06032432,2.88715,-0.1513325,-0.609312,2.82297,0.02941098,-0.5784668,2.832907,-0.1412205,-1.005363,2.885378,0.03154897,-0.9920148,2.901505
-0.1166903,0.6330715,2.65669,-0.09959147,0.4822125,2.809503,-0.3036672,0.3982233,2.822423,0.09680814,0.3940144,2.779078,-0.5360389,0.2267453,2.739273,0.2935016,0.178885,2.664053,-0.7045045,0.05834904,2.652021,0.4283141,-0.02370633,2.54252,-0.0867196,0.1455689,2.866239,-0.08416797,0.07821,2.88081,-0.1749522,-0.01277431,2.897614,0.01342926,-0.009266049,2.889304,-0.1529341,-0.6208917,2.828303,0.01745407,-0.504886,2.816013,-0.1407925,-0.9798931,2.88076,0.02757647,-0.9771703,2.902444
-0.1204391,0.6509827,2.644705,-0.09672613,0.5096493,2.797746,-0.3000161,0.4211254,2.811964,0.09035957,0.415557,2.775018,-0.4982566,0.2188538,2.772472,0.2740586,0.1536746,2.700425,-0.6506277,0.02686346,2.713303,0.3858241,-0.07931805,2.616639,-0.08698022,0.1885195,2.866467,-0.0852115,0.1254176,2.884073,-0.1768394,0.04025381,2.90558,0.01100427,0.04267797,2.895818,-0.150936,-0.4011806,2.748985,0.008208676,-0.4230041,2.778533,-0.1401531,-0.8039021,2.947809,0.01124005,-0.8589343,2.956907
-0.1220949,0.6662142,2.633616,-0.1061411,0.5151438,2.78423,-0.2977022,0.4366571,2.806639,0.08179474,0.4344457,2.775873,-0.464305,0.2072513,2.809691,0.2488012,0.1444148,2.764747,-0.6213557,-0.04991851,2.787152,0.3519178,-0.102329,2.707016,-0.08951043,0.20078,2.864539,-0.0866168,0.1392339,2.883766,-0.1763717,0.05552787,2.907847,0.01113587,0.0614369,2.897886,-0.1527829,-0.3418316,2.666944,-0.02779466,-0.3624337,2.714321,-0.1545837,-0.7373959,2.922534,-0.003893048,-0.7510011,2.978469
-0.1226203,0.6684353,2.623935,-0.1105652,0.5100673,2.75676,-0.2985133,0.4391278,2.803024,0.07803212,0.4395729,2.776476,-0.4442004,0.1791375,2.849475,0.2250926,0.1459858,2.826569,-0.5598746,-0.05317956,2.859083,0.3096823,-0.113922,2.819781,-0.09009137,0.2036016,2.861314,-0.08681629,0.1421998,2.882281,-0.1767274,0.05847582,2.907145,0.01198487,0.06560908,2.899324,-0.1367356,-0.2871931,2.595643,-0.07503419,-0.2972111,2.620028,-0.1464194,-0.508284,3.002033,-0.01092844,-0.5906613,2.975385
-0.1208795,0.6610835,2.608082,-0.1107737,0.5064079,2.742049,-0.3002973,0.433404,2.798828,0.07613117,0.4368832,2.775212,-0.4179322,0.1572108,2.894508,0.2044345,0.1460959,2.860727,-0.5149227,-0.0783916,2.960691,0.277638,-0.09421482,2.916523,-0.09051649,0.202924,2.857692,-0.08696543,0.1419572,2.881144,-0.1770069,0.05835967,2.906952,0.01217086,0.06563991,2.89945,-0.14342,-0.3783728,2.761157,-0.02688793,-0.2686775,2.575706,-0.1748066,-0.6023489,3.013247,-0.00582872,-0.5169398,2.966102
-0.1198015,0.6569498,2.595356,-0.1095455,0.4949231,2.724858,-0.2993978,0.4252057,2.794685,0.07403431,0.4244959,2.77312,-0.3894647,0.1533234,2.931712,0.1903259,0.1437613,2.892538,-0.4655542,-0.05658697,3.028983,0.2581258,-0.08902615,2.998134,-0.092027,0.1999578,2.853179,-0.08820347,0.140357,2.8793,-0.1782325,0.0579469,2.90693,0.01139859,0.06478749,2.899891,-0.1436946,-0.2742415,2.580385,-0.07019731,-0.2476632,2.561942,-0.1657371,-0.4553303,2.946358,-0.02711904,-0.483441,2.957933
-0.1198291,0.6395214,2.569599,-0.1084726,0.4901601,2.723458,-0.2948753,0.4161401,2.789741,0.0724758,0.4196596,2.772976,-0.3689688,0.1715434,2.940719,0.1831971,0.1615442,2.908688,-0.4277848,-0.02044897,3.07488,0.2392565,-0.03559406,3.037045,-0.09410808,0.1932972,2.851278,-0.09110381,0.1336603,2.878436,-0.1801487,0.05310771,2.90586,0.00510143,0.05939765,2.90449,-0.1545675,-0.2976251,2.599945,-0.04003214,-0.2870893,2.595886,-0.1715589,-0.6465889,2.836124,-0.004672974,-0.4862295,2.975315
-0.1193889,0.6314441,2.564415,-0.1088662,0.4733141,2.723604,-0.2941285,0.4114971,2.788161,0.07205116,0.4172237,2.772829,-0.3633514,0.1739334,2.954709,0.1824113,0.17139,2.948608,-0.4276608,-0.01332785,3.092486,0.2487936,-0.01648633,3.084723,-0.09779975,0.1803038,2.849606,-0.09541957,0.1215338,2.877339,-0.1850257,0.03469593,2.900181,-0.0006094191,0.05186971,2.909784,-0.169652,-0.4015589,2.70931,-0.008532373,-0.3034323,2.608857,-0.1807442,-0.8170987,2.775999,-0.03506406,-0.7396318,2.795895
-0.1192785,0.625001,2.559403,-0.1100286,0.4624544,2.723091,-0.2931876,0.4048827,2.783939,0.06989279,0.4095291,2.770382,-0.3598431,0.2119563,2.940037,0.1824781,0.1713402,2.954032,-0.4461625,0.03785577,3.082585,0.2721653,-0.00297001,3.094439,-0.1006764,0.1457151,2.841277,-0.09886244,0.0809122,2.867435,-0.1808958,-0.0121691,2.881693,-0.01020418,0.02082729,2.905681,-0.1912535,-0.4477393,2.731104,-0.0213242,-0.4333125,2.717557,-0.1838142,-0.9335995,2.735724,-0.02755017,-0.8327562,2.828928
-0.1189688,0.6095532,2.560816,-0.1090113,0.4465844,2.724308,-0.2926871,0.3907104,2.780542,0.07401033,0.3831183,2.78157,-0.3827465,0.1627977,2.985168,0.1973123,0.1625526,2.977864,-0.5523723,0.02658536,3.093269,0.3588101,0.005235995,3.074655,-0.09930835,0.1215706,2.83285,-0.09742068,0.05670137,2.857483,-0.1803071,-0.03030468,2.873451,-0.009137398,-0.02207917,2.886466,-0.1513142,-0.6001529,2.738661,-0.006665163,-0.4907403,2.694045,-0.1578923,-1.012473,2.773278,-0.07401539,-0.9576619,2.788011
-0.1132316,0.5547844,2.577958,-0.1075089,0.3935445,2.730544,-0.2940513,0.3432404,2.790976,0.07551749,0.3559409,2.795776,-0.4160861,0.1308467,2.994055,0.2135875,0.137846,2.985675,-0.6443439,0.06454763,3.055623,0.4311466,0.02320378,3.023928,-0.09627304,0.07826518,2.818294,-0.09400576,0.01464327,2.839182,-0.1767627,-0.07438074,2.846903,-0.005565481,-0.05842325,2.871989,-0.1525106,-0.6006058,2.736602,-0.02025298,-0.5896825,2.706665,-0.1752612,-1.023899,2.80702,-0.03765297,-1.010251,2.834258
-0.1168503,0.5101099,2.602536,-0.1031214,0.3457038,2.741673,-0.2978202,0.2900363,2.81372,0.0785818,0.3020684,2.822199,-0.4857598,0.09227571,2.965714,0.2771397,0.08495069,2.951044,-0.7323937,0.1114907,2.984252,0.5228375,0.04831095,2.960407,-0.09806124,0.03163645,2.813009,-0.09702539,-0.03143772,2.830681,-0.1830883,-0.1220124,2.833301,-0.008496347,-0.1120132,2.860746,-0.1479108,-0.6087478,2.719835,-0.02799447,-0.597159,2.711714,-0.1782085,-1.024877,2.805569,-0.03350163,-1.023799,2.869192
-0.1148953,0.4616015,2.621649,-0.1045387,0.2915166,2.758395,-0.3071866,0.2242634,2.827881,0.08875559,0.2239481,2.82965,-0.5568686,0.08022119,2.902504,0.3247243,0.05672258,2.89272,-0.7933521,0.1596704,2.894341,0.5711432,0.070418,2.841869,-0.09758509,-0.02495543,2.815953,-0.09619411,-0.08825889,2.830819,-0.1863586,-0.1792976,2.832209,-0.00212635,-0.1748634,2.856774,-0.1550597,-0.648266,2.68991,-0.03572179,-0.612466,2.717374,-0.1781067,-1.025078,2.80587,-0.0319656,-1.031408,2.884463
-0.1199116,0.4324117,2.631862,-0.1248412,0.2441968,2.785388,-0.3170121,0.1767013,2.826203,0.08983375,0.1707177,2.831168,-0.598031,0.08143177,2.839137,0.359338,0.03347457,2.812146,-0.8250514,0.1753315,2.78129,0.595374,0.06857065,2.725133,-0.1055197,-0.06407455,2.825425,-0.1017981,-0.1250561,2.837034,-0.1919123,-0.2183652,2.836852,-0.001886462,-0.2175018,2.857337,-0.1543189,-0.6522658,2.687005,-0.04995941,-0.6515957,2.711468,-0.1875385,-1.029788,2.80184,-0.03383491,-1.028263,2.881528
-0.1202767,0.4176745,2.647379,-0.1255113,0.2353283,2.794764,-0.3285108,0.1604789,2.832007,0.09362963,0.1530384,2.828203,-0.617144,0.1062702,2.788311,0.3329476,0.0515115,2.76165,-0.8372114,0.1645974,2.672235,0.5635321,0.06404145,2.621811,-0.1076793,-0.07334027,2.834785,-0.1042179,-0.1348742,2.846385,-0.1973354,-0.2332522,2.851127,-0.002099011,-0.2287436,2.863967,-0.152086,-0.6599572,2.683002,-0.05403795,-0.6596973,2.710462,-0.1906351,-1.030267,2.802297,-0.03300287,-1.026801,2.879457
-0.1203573,0.4158743,2.654434,-0.1231493,0.2331668,2.801066,-0.3306985,0.1599112,2.832248,0.09483886,0.1525453,2.825913,-0.6204418,0.1361241,2.746885,0.3389039,0.07782811,2.716392,-0.8271236,0.1478458,2.593688,0.5475293,0.04473075,2.519174,-0.1076887,-0.07356515,2.841831,-0.1046668,-0.1347878,2.853571,-0.1994531,-0.2337936,2.859179,-0.001659376,-0.2294129,2.869981,-0.1517768,-0.6574216,2.684154,-0.05189848,-0.6602182,2.716168,-0.1930957,-1.032488,2.806279,-0.03281183,-1.026977,2.88027
-0.1155969,0.4370904,2.672758,-0.1174884,0.2641593,2.820577,-0.3308473,0.1900383,2.834541,0.09892351,0.1721446,2.818063,-0.600403,0.1444529,2.73578,0.3195236,0.09205601,2.688265,-0.8078285,0.1045053,2.573521,0.5406134,0.006483426,2.468918,-0.1081096,-0.04489397,2.858713,-0.1061694,-0.1067278,2.869743,-0.2019328,-0.2038698,2.873487,-0.004440802,-0.2044127,2.884902,-0.1624099,-0.6323592,2.708264,-0.02507889,-0.6440735,2.753626,-0.1931567,-1.032414,2.807063,-0.03144395,-1.027188,2.886416
-0.1127292,0.4951166,2.684687,-0.1162774,0.3302904,2.833553,-0.3206182,0.2487492,2.837205,0.09673412,0.2366458,2.810543,-0.5628404,0.1526519,2.738719,0.2981629,0.106357,2.651013,-0.7819695,0.07225092,2.599104,0.5220793,-0.04122395,2.494695,-0.102361,0.006581349,2.866274,-0.09965455,-0.05871241,2.876118,-0.1902307,-0.1519879,2.881286,-0.0008797888,-0.1516062,2.88493,-0.183654,-0.6088284,2.753204,-0.007718066,-0.6139762,2.790781,-0.1922778,-1.028408,2.807657,-0.02883614,-1.026548,2.904811
-0.1113547,0.5509384,2.67521,-0.1116324,0.3958765,2.834882,-0.3156975,0.3112193,2.841095,0.09800535,0.3030482,2.812109,-0.5569772,0.1602388,2.747912,0.2993557,0.1291073,2.690469,-0.7520839,0.03840988,2.637739,0.455212,-0.04907991,2.565925,-0.1026843,0.06500154,2.864557,-0.1008969,-0.0011755,2.873867,-0.1920143,-0.09584787,2.879768,-0.004756819,-0.09226993,2.879684,-0.1935122,-0.5944938,2.794365,0.002654909,-0.5948519,2.836621,-0.1949767,-1.018055,2.801726,-0.0238579,-1.025904,2.910139
-0.1115514,0.6126167,2.669583,-0.1133388,0.4577608,2.829713,-0.3073587,0.3794383,2.840079,0.09722079,0.3784459,2.820636,-0.5336803,0.1860726,2.782926,0.2765922,0.1697946,2.746492,-0.7099292,0.02557965,2.695902,0.4165766,-0.06983695,2.633952,-0.1020203,0.1251677,2.861464,-0.09975792,0.05864711,2.871192,-0.1885077,-0.03353951,2.878413,-0.004831007,-0.03070108,2.876499,-0.1975197,-0.5890459,2.799455,0.001457801,-0.5632394,2.854434,-0.1998994,-1.002373,2.801278,-0.009404851,-0.9976852,2.892968
-0.1171331,0.6643988,2.669638,-0.1065242,0.5124795,2.817266,-0.3013086,0.4312877,2.838035,0.08288151,0.4198681,2.815244,-0.4992667,0.2118688,2.818832,0.2668588,0.1411071,2.775691,-0.651052,0.02020697,2.755659,0.3816016,-0.08699349,2.713931,-0.1003996,0.1659218,2.861274,-0.09907419,0.096035,2.873131,-0.1858716,0.01779314,2.884421,-0.008524449,0.01007749,2.879761,-0.2004132,-0.5951211,2.809072,-0.002943254,-0.5003931,2.833903,-0.1846305,-0.9379243,2.891268,-0.01879153,-0.977209,2.906157
-0.1205735,0.6776499,2.666836,-0.1058239,0.5247318,2.813763,-0.2967191,0.4548643,2.833335,0.07905856,0.4406587,2.818419,-0.4789285,0.2095133,2.840684,0.2433525,0.151335,2.829308,-0.6206979,0.005453706,2.804333,0.3479234,-0.09864555,2.794479,-0.09992583,0.2057472,2.864965,-0.09881935,0.1447982,2.879742,-0.1869701,0.05888359,2.891294,-0.007884569,0.06183561,2.891135,-0.1946368,-0.3777794,2.748789,-0.008027487,-0.4161119,2.799206,-0.1734583,-0.7871757,2.962371,-0.02444528,-0.8506041,2.972206
-0.1211613,0.6855438,2.663537,-0.1123301,0.5324429,2.804047,-0.2980117,0.4576873,2.833579,0.0747082,0.4542835,2.819547,-0.4586253,0.1962972,2.875517,0.2134224,0.1546915,2.863147,-0.5790591,-0.03500982,2.87996,0.2971934,-0.09638901,2.883538,-0.1000356,0.2142493,2.867204,-0.09789886,0.1524932,2.883446,-0.184148,0.06975637,2.900393,-0.004878368,0.07318369,2.897696,-0.1898067,-0.3306875,2.670638,-0.02664023,-0.3604896,2.748034,-0.1738933,-0.6954356,2.966867,-0.01673697,-0.7471876,3.017943
-0.1207337,0.6873228,2.66224,-0.114421,0.5321586,2.800602,-0.2992072,0.4572513,2.834893,0.07341331,0.4536593,2.822008,-0.4285349,0.1840266,2.921754,0.1957194,0.1623443,2.914382,-0.5363278,-0.06362037,2.983173,0.2595091,-0.07890142,2.96736,-0.09982981,0.2149514,2.870167,-0.09695105,0.1530727,2.88907,-0.1837079,0.06906666,2.907516,-0.0006294112,0.07549238,2.909954,-0.1793827,-0.2983443,2.625346,-0.07705799,-0.3091662,2.665461,-0.1666474,-0.5758907,2.999241,-0.02043092,-0.6019148,3.024481
-0.1197609,0.687505,2.661541,-0.1142429,0.5299625,2.799787,-0.3004412,0.4488943,2.844229,0.0745189,0.447494,2.82864,-0.4093963,0.1815506,2.977478,0.1897124,0.1618938,2.940704,-0.4909944,-0.03159411,3.065222,0.2435378,-0.05668611,3.04822,-0.09862825,0.2144399,2.878855,-0.09534418,0.1525877,2.900717,-0.183385,0.06640743,2.922157,0.002290914,0.07596337,2.924899,-0.1512955,-0.2830273,2.618748,-0.07052145,-0.2888364,2.649143,-0.1655117,-0.4423499,3.068956,-0.04474497,-0.5230865,3.049331
-0.1178602,0.6843481,2.659701,-0.1105458,0.5214224,2.798303,-0.2996544,0.4387062,2.855635,0.07498495,0.4422938,2.835211,-0.386804,0.1896589,3.013821,0.1902696,0.1833334,2.991926,-0.471161,-0.004232541,3.132901,0.2624827,-0.01375773,3.12415,-0.09614631,0.2118251,2.887231,-0.09303273,0.1504759,2.910476,-0.1814229,0.06352258,2.932583,0.003961889,0.07525832,2.937546,-0.153552,-0.2831105,2.625944,-0.0896918,-0.2752479,2.649782,-0.1559289,-0.4962447,3.045276,-0.04440909,-0.4912463,3.058069
-0.1142662,0.6729217,2.656807,-0.10661,0.5121772,2.802841,-0.2975847,0.4350116,2.861983,0.08451101,0.4328609,2.854555,-0.3791873,0.195502,3.043048,0.1992663,0.1837966,3.016751,-0.4876092,0.01660067,3.165534,0.2831917,0.006953761,3.157916,-0.09523316,0.2084241,2.893527,-0.09269132,0.1478875,2.916047,-0.1816406,0.06161877,2.93615,0.003426183,0.07013132,2.945563,-0.1736458,-0.357956,2.748448,-0.001145807,-0.2999898,2.668407,-0.1587612,-0.6926481,2.988903,0.01576172,-0.4873307,3.102177
-0.1153843,0.6583499,2.653145,-0.1072906,0.4982609,2.814665,-0.2966235,0.4286285,2.871476,0.08457024,0.4319943,2.858045,-0.3825267,0.1948284,3.066158,0.2151403,0.2035022,3.042485,-0.5302485,0.03542884,3.175124,0.3379268,0.02865154,3.157724,-0.09622845,0.1932594,2.902824,-0.09389994,0.1324454,2.9242,-0.1816445,0.04423197,2.93916,0.0001939312,0.05473717,2.954796,-0.1783433,-0.4043714,2.815995,0.01539417,-0.3634153,2.764872,-0.1717088,-0.8473035,2.967529,0.01577637,-0.7027817,3.046383
-0.1175669,0.6386473,2.654822,-0.1069864,0.4769545,2.822858,-0.2946903,0.4150988,2.880566,0.0865653,0.4192253,2.868528,-0.3968153,0.1919051,3.071512,0.2319032,0.198402,3.05136,-0.5971735,0.0709247,3.144319,0.4120887,0.04528978,3.124481,-0.09475085,0.1567173,2.909422,-0.09222582,0.09195908,2.929992,-0.1763076,-0.005811751,2.940885,-0.001005396,0.0204771,2.959202,-0.1782189,-0.5151146,2.854027,0.00577824,-0.450536,2.829408,-0.1693724,-0.9689444,2.970907,0.01037059,-0.8554628,3.006105
-0.1158749,0.6001124,2.668729,-0.1033705,0.4466097,2.835457,-0.2943541,0.3829545,2.89755,0.09071942,0.389124,2.890606,-0.4521143,0.1624215,3.071893,0.2657342,0.1718992,3.054003,-0.6891233,0.09544449,3.0994,0.4870529,0.06515139,3.084788,-0.09087688,0.1275816,2.913926,-0.08840755,0.06391892,2.933039,-0.1740839,-0.02510657,2.941836,0.004661544,-0.02030769,2.961691,-0.1722839,-0.5765302,2.87624,0.0156322,-0.5138353,2.826069,-0.1545228,-1.011545,3.012125,-0.003500076,-0.9632393,2.989795
-0.1140773,0.5481389,2.693242,-0.09975038,0.3913122,2.850132,-0.2978158,0.3296649,2.916826,0.09433448,0.3354449,2.912352,-0.4959486,0.1323473,3.039858,0.3136754,0.1325952,3.024808,-0.7455564,0.1394002,3.018318,0.5602692,0.09595254,2.994761,-0.08970066,0.07114995,2.922725,-0.08769079,0.007115737,2.940629,-0.174873,-0.08531175,2.948179,0.004955957,-0.07454704,2.967793,-0.1683168,-0.6000295,2.881555,0.008615171,-0.5812935,2.857126,-0.1672952,-1.024915,3.03579,-0.004978512,-0.9853367,3.001337
-0.1148826,0.494431,2.723936,-0.09628588,0.3336895,2.872591,-0.3009279,0.2563802,2.924914,0.1014368,0.2609734,2.933558,-0.5267819,0.1113114,2.991027,0.3420115,0.1081131,2.967458,-0.7670938,0.1698537,2.942112,0.5856813,0.132575,2.904269,-0.08711832,0.01266119,2.932792,-0.08528462,-0.05154572,2.948218,-0.1748541,-0.1470074,2.952502,0.00941972,-0.1358944,2.972753,-0.1606694,-0.616194,2.879827,-0.006199386,-0.6179988,2.876609,-0.1678832,-1.024798,3.036459,0.01103681,-1.005278,3.02365
-0.1126862,0.459461,2.737661,-0.1156366,0.2816674,2.898428,-0.3088269,0.2204442,2.931304,0.1040276,0.2104884,2.933699,-0.5658323,0.107376,2.934004,0.35723,0.09089884,2.91073,-0.7953424,0.1876332,2.862933,0.5844716,0.14123,2.806213,-0.09710331,-0.02473647,2.94135,-0.09326354,-0.08483396,2.953515,-0.1821581,-0.1798426,2.956485,0.004710439,-0.1780941,2.972835,-0.1424004,-0.6385157,2.881854,-0.01437139,-0.6243942,2.88024,-0.1664992,-1.025595,3.036561,0.004526408,-1.011123,3.036775
-0.1149383,0.4418212,2.749854,-0.1162456,0.2681796,2.905872,-0.3221486,0.1897786,2.938194,0.1052663,0.1994053,2.93235,-0.609199,0.1292252,2.869058,0.4155786,0.1019321,2.813041,-0.8054074,0.2357052,2.742965,0.6186967,0.1770191,2.674533,-0.09764105,-0.03260405,2.945,-0.09386291,-0.09261264,2.956644,-0.1847044,-0.1916785,2.960252,0.006703146,-0.1861345,2.974679,-0.1328383,-0.6396294,2.882875,-0.03110685,-0.6316128,2.885419,-0.1665031,-1.025548,3.036419,-0.0004227555,-1.01031,3.035941
-0.1142991,0.4430738,2.755834,-0.1155461,0.2759718,2.921274,-0.323039,0.1910324,2.936861,0.1067872,0.1989863,2.928338,-0.5969376,0.1597436,2.830545,0.3988223,0.1267658,2.746747,-0.7858994,0.2393015,2.673765,0.5823222,0.1797095,2.571682,-0.09807763,-0.02974068,2.955017,-0.09447567,-0.09060696,2.96541,-0.1863973,-0.1904639,2.971385,0.00708545,-0.1851223,2.978142,-0.1325051,-0.6388292,2.886806,-0.03221823,-0.6307009,2.89139,-0.1654284,-1.025129,3.041679,-0.004880561,-1.012034,3.040185
-0.1088936,0.4788865,2.774015,-0.1068461,0.3228495,2.939747,-0.3196886,0.2370083,2.9337,0.1143295,0.2305992,2.918364,-0.570773,0.1962934,2.805888,0.3190062,0.1608144,2.759534,-0.7574055,0.200475,2.625983,0.489288,0.1401318,2.564025,-0.09169003,0.008204885,2.973465,-0.08868931,-0.05504075,2.983363,-0.1816388,-0.159004,2.99054,0.01397002,-0.1467319,2.992428,-0.147758,-0.6259897,2.913047,0.004108639,-0.610697,2.924199,-0.1660364,-1.026157,3.045631,0.004547852,-1.021918,3.082594
-0.1076927,0.5276977,2.765821,-0.09501443,0.3840039,2.948715,-0.3114492,0.3020731,2.937,0.1020896,0.2945357,2.915875,-0.5318426,0.2322509,2.815347,0.307598,0.1898446,2.723854,-0.7264744,0.1554253,2.620911,0.5055912,0.0610669,2.494881,-0.08485642,0.06580646,2.981675,-0.08282507,0.002166599,2.991651,-0.172893,-0.09324189,2.998765,0.01316431,-0.08791832,2.99866,-0.1639816,-0.5932162,2.933093,0.02736085,-0.5663137,2.941691,-0.1670356,-1.020475,3.044171,0.01450538,-1.004522,3.054159
-0.1070985,0.5791793,2.760344,-0.09372193,0.4437177,2.944679,-0.2992601,0.3671128,2.931702,0.09978021,0.3602433,2.905177,-0.4991933,0.2426488,2.821547,0.3042276,0.1908969,2.72519,-0.7007576,0.1015835,2.64076,0.4365253,0.03709758,2.560046,-0.08552742,0.1159253,2.981622,-0.08385088,0.04864822,2.992368,-0.1733569,-0.04153029,2.999536,0.01005115,-0.03662124,3.00065,-0.1650281,-0.5620663,2.924227,0.02831882,-0.5547026,2.946057,-0.1683111,-0.9805123,2.993457,0.0175506,-0.9901408,3.031715
-0.1084636,0.6237632,2.755171,-0.09871642,0.4754278,2.931454,-0.2973675,0.4095397,2.929295,0.100654,0.4130931,2.905355,-0.4926276,0.2393962,2.822121,0.2831113,0.1777554,2.761632,-0.6488624,0.0331342,2.69522,0.4018355,-0.0447523,2.623097,-0.0850137,0.165674,2.974928,-0.08207337,0.102453,2.987535,-0.1695114,0.008580661,2.997641,0.01362564,0.01871534,2.998436,-0.1530803,-0.5043404,2.894381,0.01519842,-0.5190117,2.926115,-0.1452449,-0.9210486,3.013161,0.01222409,-0.9652445,3.029655
-0.1151879,0.6557439,2.752068,-0.1104227,0.5219174,2.913678,-0.2964419,0.4352117,2.928003,0.0961424,0.4385892,2.907191,-0.4596309,0.2250114,2.853145,0.2584451,0.1715659,2.829018,-0.5924004,0.02660443,2.766126,0.3659383,-0.07637141,2.714939,-0.09048972,0.2037837,2.975653,-0.08684135,0.1417652,2.991118,-0.1761107,0.05900413,3.004498,0.01209716,0.05561388,3.006859,-0.155873,-0.3692229,2.844634,-0.01231046,-0.4022336,2.867648,-0.1294237,-0.8038108,3.040941,0.004821232,-0.8385997,3.061383
-0.1144392,0.6677302,2.748952,-0.1034715,0.5297486,2.909331,-0.2950022,0.4439307,2.925035,0.09360498,0.4464118,2.906361,-0.4354279,0.2052727,2.894707,0.2344605,0.1625066,2.882799,-0.5694253,-0.05261877,2.829943,0.323098,-0.09321559,2.824425,-0.08671397,0.2147656,2.976646,-0.08359553,0.1524528,2.993316,-0.1736561,0.06729674,3.008181,0.01503343,0.06973942,3.010381,-0.1449264,-0.3113426,2.747979,-0.02545635,-0.3407997,2.810249,-0.1149829,-0.6926081,3.026606,0.00583948,-0.7420143,3.06204
-0.1146137,0.6734618,2.74579,-0.1014405,0.5314164,2.903311,-0.2945842,0.4458302,2.923509,0.09145799,0.450819,2.906884,-0.4180176,0.1718193,2.938545,0.2245116,0.1564054,2.945645,-0.5270911,-0.08095299,2.909397,0.2947817,-0.1021282,2.931377,-0.08604068,0.2170361,2.975985,-0.08298557,0.1548179,2.993298,-0.1730811,0.06856009,3.008274,0.01541106,0.07477991,3.012458,-0.1340836,-0.2810068,2.710044,-0.03825917,-0.2913291,2.738466,-0.09734926,-0.5911459,3.060208,0.004654128,-0.5449982,3.12324
-0.1136009,0.6760434,2.742518,-0.1069469,0.5281576,2.892832,-0.2939171,0.4454897,2.923311,0.09166031,0.4501678,2.907824,-0.3874777,0.1655593,2.986337,0.2120371,0.153753,2.989872,-0.4733954,-0.08502834,2.998282,0.2733616,-0.08357929,3.024456,-0.08686718,0.2174598,2.973252,-0.08334155,0.1553395,2.991628,-0.1730973,0.06884165,3.007424,0.01548183,0.07514023,3.011796,-0.1298545,-0.2737805,2.701467,-0.02625645,-0.2669859,2.70504,-0.1045043,-0.4609145,3.100183,-0.009842354,-0.4524044,3.122893
-0.112726,0.6743847,2.736606,-0.1029024,0.5235078,2.887248,-0.2881028,0.4350679,2.923519,0.0920433,0.4452671,2.911903,-0.3720405,0.144116,3.018353,0.2083275,0.1548905,3.013355,-0.4379057,-0.0816934,3.089129,0.2753584,-0.07361165,3.097117,-0.08552256,0.2137101,2.968004,-0.08232865,0.1518618,2.986984,-0.1721701,0.06571786,3.003941,0.0158666,0.07263225,3.00724,-0.1284877,-0.2747591,2.69557,-0.02663914,-0.2700672,2.701284,-0.1045034,-0.4764717,3.078888,-0.01876041,-0.4499865,3.100318
-0.1110846,0.6664383,2.734493,-0.09746933,0.5094918,2.888533,-0.2851074,0.4258349,2.926424,0.09384647,0.4387286,2.917237,-0.355365,0.1417091,3.045232,0.208273,0.1606952,3.044749,-0.4309224,-0.07403119,3.13239,0.296524,-0.05841695,3.149975,-0.08419295,0.2083762,2.964817,-0.08138326,0.1474542,2.983366,-0.1710873,0.06024506,2.999202,0.01609152,0.06804132,3.002884,-0.1350673,-0.303541,2.719581,-0.02530253,-0.2735326,2.695974,-0.1118042,-0.6005119,3.012357,0.01643778,-0.5103084,3.042464
-0.1076039,0.6537368,2.729784,-0.09844565,0.4971977,2.892173,-0.2814054,0.4173528,2.92872,0.1007542,0.4256623,2.928537,-0.3523562,0.1427767,3.057123,0.2154733,0.1521628,3.063532,-0.4398464,-0.06843741,3.144041,0.3168478,-0.04494765,3.164972,-0.08438639,0.1945236,2.961922,-0.08149387,0.13364,2.97913,-0.1703907,0.0409784,2.992265,0.01558342,0.05600323,2.99798,-0.1412872,-0.3531395,2.759637,0.05111797,-0.2825277,2.687197,-0.1206247,-0.7581327,2.950541,-0.009122416,-0.7015002,2.906604
-0.1044578,0.6420218,2.736901,-0.09451695,0.4837908,2.897769,-0.2792797,0.4045168,2.932179,0.1054336,0.412089,2.938974,-0.3578782,0.1256206,3.07495,0.225134,0.144376,3.07976,-0.4942093,-0.06653765,3.144036,0.3609053,-0.04869023,3.147646,-0.07694869,0.1536802,2.952043,-0.07334499,0.08582024,2.964374,-0.158919,-0.006732959,2.968794,0.0202254,0.005910343,2.981425,-0.1345813,-0.4750232,2.782138,0.03472833,-0.3950739,2.760349,-0.1249503,-0.9079887,2.921272,0.01316667,-0.8391985,2.939093
-0.101563,0.6218805,2.74946,-0.09399274,0.4498631,2.905032,-0.2796512,0.3780352,2.947759,0.1035384,0.3911832,2.948452,-0.3746439,0.1057769,3.079928,0.2410535,0.1322781,3.089798,-0.5691652,-0.04825787,3.095945,0.4084287,-0.05405695,3.113291,-0.07524027,0.1195003,2.946015,-0.07154164,0.05429363,2.957523,-0.153815,-0.03892963,2.958983,0.02035768,-0.0249991,2.972405,-0.1224303,-0.5830331,2.786267,0.02704069,-0.5175532,2.768954,-0.1335672,-1.025819,2.89829,0.04450617,-0.9798245,2.903908
-0.1000341,0.5617595,2.773878,-0.09370354,0.3978171,2.910656,-0.2809555,0.3208208,2.96445,0.09992836,0.3507235,2.962616,-0.4218896,0.06540049,3.062819,0.2620385,0.08817491,3.074102,-0.6532853,-0.02863938,3.060034,0.4705107,-0.05947854,3.061941,-0.06794256,0.06789619,2.936711,-0.06279036,0.001911931,2.945296,-0.1416196,-0.09413563,2.942984,0.0294191,-0.07340156,2.956624,-0.1220582,-0.6068816,2.782619,0.0304036,-0.5819415,2.776251,-0.1340778,-1.037856,2.924706,0.04355813,-1.004552,2.917562
-0.0992716,0.5059618,2.789526,-0.08499664,0.3395122,2.924772,-0.2795175,0.2608052,2.970388,0.1095613,0.2715202,2.979345,-0.4645287,0.02719731,3.018893,0.314828,0.01516888,3.033726,-0.7137246,0.007328654,2.99773,0.556804,-0.04160016,2.992128,-0.06384841,0.009520364,2.935495,-0.05961873,-0.056478,2.941013,-0.1416617,-0.1510933,2.93191,0.0336876,-0.1376134,2.951196,-0.1119079,-0.6205524,2.775691,0.02013442,-0.6028581,2.785217,-0.1343901,-1.038593,2.927678,0.06846491,-1.022846,2.957225
-0.1043441,0.454428,2.810511,-0.09026258,0.2776228,2.934468,-0.287735,0.1829079,2.972722,0.1110329,0.1942151,2.975712,-0.5008054,0.001423056,2.986511,0.3238913,-0.006326456,2.980695,-0.7480721,0.03863774,2.919248,0.5881988,-0.02816564,2.887957,-0.06451575,-0.04831841,2.940418,-0.05936314,-0.1135021,2.944533,-0.1425769,-0.2097914,2.937885,0.03801303,-0.1964806,2.949467,-0.09206693,-0.6325716,2.773843,-0.001244034,-0.6726623,2.792304,-0.1231363,-1.031239,2.927583,0.06845763,-1.022817,2.957166
-0.1081364,0.4328103,2.819799,-0.09938493,0.2361756,2.954426,-0.2971197,0.1365439,2.974005,0.1119896,0.1533462,2.972219,-0.5382562,0.01224238,2.9396,0.3431442,-0.01237058,2.920108,-0.7722118,0.03482497,2.840509,0.5888321,-0.01979692,2.790715,-0.06959267,-0.08325288,2.955806,-0.06372982,-0.1471927,2.957922,-0.149552,-0.2488657,2.95123,0.03795364,-0.2316025,2.961856,-0.08476803,-0.6603526,2.763582,-0.003579057,-0.6836004,2.794595,-0.1266563,-1.03321,2.928095,0.0674649,-1.023345,2.956144
-0.1072929,0.4018737,2.829247,-0.09642804,0.2193458,2.963656,-0.3029703,0.1256653,2.975956,0.114521,0.1437889,2.970386,-0.546528,0.02288761,2.907503,0.340556,-0.003087164,2.873542,-0.7609607,0.05221293,2.766632,0.5730674,-0.01563773,2.708475,-0.07138857,-0.09350093,2.964051,-0.06624942,-0.1563039,2.964628,-0.1551905,-0.2577754,2.95918,0.03670676,-0.246051,2.967102,-0.08294173,-0.6654252,2.765886,0.007516965,-0.7109872,2.803836,-0.1358931,-1.028846,2.91499,0.0664451,-1.024456,2.956949
-0.1068854,0.4014481,2.829732,-0.09665904,0.2188251,2.966378,-0.3038504,0.1254785,2.975547,0.1165451,0.1410253,2.968865,-0.5554289,0.04480992,2.874264,0.3295149,0.0375746,2.840528,-0.7474787,0.04018925,2.700615,0.5598977,-0.01345115,2.610512,-0.07438122,-0.0922688,2.973756,-0.07020399,-0.1543671,2.976029,-0.1622762,-0.253638,2.972909,0.03406329,-0.2471181,2.979071,-0.08550069,-0.6576395,2.773745,-0.01940131,-0.661955,2.796381,-0.1419776,-1.033257,2.924276,0.06595869,-1.024867,2.957645
-0.1052087,0.4205224,2.83992,-0.09507152,0.2522655,2.983747,-0.3040376,0.1535378,2.973526,0.1161831,0.1528248,2.967629,-0.547628,0.06489207,2.859547,0.3308745,0.05936948,2.810714,-0.7380523,0.01421385,2.684952,0.5485506,-0.02761608,2.579048,-0.07769527,-0.0719036,2.990725,-0.07410762,-0.1363828,2.99196,-0.1648488,-0.2352512,2.986619,0.02614018,-0.2258873,2.998286,-0.1084888,-0.6475799,2.799207,-0.002066018,-0.6441689,2.818421,-0.1436803,-1.036167,2.933071,0.06426038,-1.026558,2.962563
-0.1048498,0.4741543,2.849636,-0.0905325,0.2998563,2.984994,-0.2978395,0.2193566,2.97466,0.1147913,0.2188751,2.965143,-0.5072448,0.10003,2.86736,0.31644,0.09565718,2.785861,-0.7278869,0.004887857,2.696747,0.5303048,-0.05763038,2.602606,-0.07700279,-0.01494967,2.998347,-0.07439116,-0.07814854,3.001179,-0.1630751,-0.1754298,2.996883,0.0221504,-0.1665771,3.006637,-0.1377812,-0.6240435,2.837506,0.03616155,-0.6060047,2.856423,-0.1452064,-1.041899,2.956015,0.06061417,-1.028389,2.974592
-0.1019562,0.5291424,2.849511,-0.09019291,0.3698066,2.990983,-0.2969017,0.2736472,2.976068,0.1153855,0.2846668,2.969668,-0.5101291,0.1051502,2.868866,0.3107947,0.1148719,2.803083,-0.7017117,-0.01988433,2.754821,0.4715589,-0.05942155,2.677657,-0.07782742,0.03818667,3.005066,-0.07539833,-0.02816505,3.008369,-0.1654037,-0.1293909,3.001765,0.02160842,-0.1146346,3.016466,-0.1573863,-0.6218616,2.877439,0.04902521,-0.591226,2.877617,-0.1475239,-1.039111,2.958519,0.05824167,-1.025237,2.974174
-0.1007403,0.5859867,2.835758,-0.09643503,0.4285251,2.987067,-0.2917913,0.3397728,2.980991,0.1107676,0.3423586,2.969873,-0.5087572,0.1175582,2.896401,0.2935523,0.1396955,2.85299,-0.671794,-0.06280706,2.82528,0.4476863,-0.07466383,2.7533,-0.07560021,0.09528229,3.010512,-0.07150416,0.02853127,3.015978,-0.1568638,-0.0667586,3.013265,0.02514317,-0.05727972,3.025541,-0.1649378,-0.5864458,2.907409,0.0501025,-0.5540106,2.896316,-0.157846,-0.9926564,2.931606,0.0566461,-0.9981356,2.950647
-0.1031676,0.63512,2.828506,-0.102235,0.473079,2.977088,-0.2867476,0.3807111,2.979791,0.1071674,0.394961,2.975214,-0.4819373,0.1430801,2.954021,0.3036308,0.1256649,2.920757,-0.6195553,-0.06194948,2.901989,0.4131796,-0.09471277,2.830131,-0.07645748,0.1396672,3.012761,-0.07134214,0.0732758,3.020934,-0.1534214,-0.02148822,3.019257,0.02439302,-0.00598639,3.036496,-0.164355,-0.5638847,2.910149,0.03838059,-0.52736,2.903974,-0.1486878,-0.9849809,2.947322,0.0338179,-0.9724804,2.954473
-0.1058487,0.6442942,2.824435,-0.1048924,0.4808963,2.974422,-0.2840618,0.3981354,2.978615,0.103239,0.4113051,2.976667,-0.4431975,0.1658323,2.996429,0.2701035,0.1322586,2.96624,-0.5735633,-0.06547207,2.972792,0.393829,-0.1171113,2.916613,-0.08144773,0.1659435,3.018297,-0.07681979,0.1042654,3.029487,-0.1600134,0.01724857,3.030324,0.01944395,0.02312909,3.049594,-0.1553259,-0.4633656,2.896055,0.02494138,-0.4370511,2.900284,-0.1268928,-0.8594917,3.048639,-0.004890403,-0.8674293,3.035492
-0.1078159,0.6515967,2.821164,-0.1006243,0.4935935,2.968313,-0.2841853,0.4057484,2.978923,0.1000184,0.4201884,2.982134,-0.4311036,0.1524885,3.037593,0.2513365,0.126331,3.026879,-0.5535007,-0.09413491,3.045001,0.3502479,-0.1069469,3.019163,-0.08060218,0.1832225,3.026301,-0.07670847,0.1217515,3.040414,-0.1630866,0.03259354,3.043119,0.02049322,0.04491886,3.068272,-0.1533558,-0.3830404,2.855868,0.006010605,-0.3643661,2.866837,-0.1385223,-0.7882621,3.105225,-0.02896089,-0.7791421,3.099714
-0.1081742,0.6524433,2.819213,-0.1011407,0.49171,2.965275,-0.2875644,0.4090213,2.984285,0.0967977,0.4220231,2.990968,-0.4213567,0.1276279,3.084768,0.2307995,0.1339381,3.079752,-0.5244858,-0.1001817,3.129831,0.3229321,-0.1014752,3.11738,-0.08118535,0.1879265,3.030444,-0.07734048,0.1290995,3.047525,-0.1646804,0.03963254,3.054454,0.02119253,0.05262864,3.078792,-0.1490824,-0.3387708,2.797296,-0.009149689,-0.32331,2.819218,-0.1414028,-0.6636815,3.138148,-0.01878462,-0.5724183,3.198877
-0.107934,0.650525,2.816885,-0.1028563,0.488708,2.961833,-0.2892304,0.407398,2.990008,0.09275947,0.41628,3.003016,-0.4003394,0.1366486,3.129678,0.2118658,0.1368294,3.124427,-0.4918017,-0.07739519,3.206844,0.3062547,-0.08775855,3.202625,-0.08292656,0.188078,3.037608,-0.07919104,0.1291399,3.057799,-0.1667869,0.04055119,3.0717,0.01920697,0.05200298,3.091905,-0.1324824,-0.311763,2.779846,0.08307371,-0.2785622,2.779338,-0.1518523,-0.5756602,3.166197,0.01031195,-0.59559,3.119863
-0.1085898,0.6301004,2.806033,-0.1014075,0.4783629,2.96111,-0.2888242,0.3951415,3.000026,0.08966474,0.4065378,3.014436,-0.387371,0.1374447,3.168284,0.2134251,0.1446036,3.161557,-0.4823115,-0.05878109,3.276573,0.3062226,-0.06332862,3.281951,-0.08398107,0.1799512,3.051705,-0.08073167,0.1205663,3.074227,-0.1686934,0.03328077,3.091683,0.01643424,0.04414812,3.107627,-0.1321937,-0.3017514,2.779911,0.05074392,-0.2764277,2.78011,-0.1480862,-0.577418,3.158552,-0.01294636,-0.5541571,3.152608
-0.110524,0.6055763,2.797132,-0.0989013,0.4609978,2.970002,-0.2900858,0.3823023,3.014022,0.08963214,0.3966484,3.023072,-0.3836608,0.1382589,3.196959,0.2127212,0.1442897,3.184081,-0.4944346,-0.0411481,3.317074,0.3066736,-0.02640004,3.326586,-0.08625104,0.1692464,3.063356,-0.08362374,0.1109596,3.084887,-0.1726095,0.02418355,3.102336,0.01240469,0.03340448,3.117812,-0.1418806,-0.3618729,2.860136,-0.1184715,-0.359803,2.929612,-0.162391,-0.5563282,3.278036,-0.03188104,-0.5509261,3.227065
-0.1113271,0.6001659,2.798981,-0.1008262,0.440732,2.978315,-0.2909677,0.3764412,3.02285,0.08750598,0.3914904,3.027572,-0.3791058,0.1342159,3.213881,0.2164005,0.1623176,3.212714,-0.5298221,-0.0256153,3.318833,0.3299158,0.00330928,3.354473,-0.08905284,0.1431257,3.074665,-0.08668658,0.08321929,3.096467,-0.1722733,-0.002565013,3.115842,0.005803223,0.007216054,3.124793,-0.1719801,-0.432266,2.970527,-0.01629725,-0.4153057,2.959586,-0.1698398,-0.8239586,3.1611,-0.03851465,-0.7776062,3.173823
-0.1122051,0.5669858,2.819201,-0.09937952,0.4201729,2.992807,-0.2920756,0.3575256,3.04764,0.08672857,0.3792067,3.035339,-0.3995702,0.1251724,3.240953,0.2317388,0.1666874,3.227174,-0.6087906,0.007170737,3.295182,0.4006366,-0.008672704,3.333417,-0.0910012,0.1165453,3.084616,-0.08940826,0.05533702,3.105392,-0.1736111,-0.03183429,3.124218,-0.0009510861,-0.02354946,3.131267,-0.1757962,-0.5388251,3.031267,-0.0122294,-0.5061374,3.007853,-0.1822184,-0.9769426,3.169873,-0.026326,-0.9602607,3.16591
-0.1151221,0.5526412,2.829554,-0.1011183,0.3897763,3.005854,-0.2973253,0.3306781,3.069089,0.08893447,0.332204,3.06021,-0.4507318,0.09845991,3.22705,0.2542203,0.1264661,3.243908,-0.6921983,0.0354562,3.217698,0.4613473,-0.007817239,3.267063,-0.09136648,0.07654078,3.092497,-0.08940385,0.01351584,3.112154,-0.1740414,-0.07749335,3.127734,0.0006765823,-0.06792615,3.138232,-0.1772795,-0.5900719,3.043891,-0.01455718,-0.5551828,3.028307,-0.1635819,-1.011114,3.194047,-0.04986659,-1.001868,3.201758
-0.1081547,0.4936032,2.878335,-0.09846799,0.3350345,3.029986,-0.2953272,0.2763668,3.086371,0.09610035,0.2883407,3.079752,-0.4845259,0.06929329,3.203357,0.2858884,0.07319464,3.230751,-0.7317073,0.05750158,3.157535,0.5214796,-0.007562637,3.201447,-0.0902268,0.02605266,3.102791,-0.08858702,-0.03590775,3.119912,-0.1749333,-0.1245831,3.129861,0.002401458,-0.1191017,3.145488,-0.1671895,-0.6109647,3.053711,-0.01431241,-0.5915436,3.051698,-0.1828082,-1.01384,3.229397,-0.01217753,-1.007545,3.256606
-0.1083888,0.4558822,2.902915,-0.1022877,0.2854431,3.057684,-0.3029212,0.2138773,3.098461,0.1045008,0.2200937,3.110743,-0.5218841,0.04106181,3.166313,0.3201033,0.01783258,3.182102,-0.7666642,0.07307518,3.07722,0.5585187,-0.008099394,3.099341,-0.09472173,-0.02634208,3.11693,-0.09318496,-0.08881449,3.131413,-0.1820204,-0.1823345,3.138062,6.894237E-05,-0.1769594,3.153885,-0.1597869,-0.6254806,3.055612,-0.02488234,-0.6184125,3.062104,-0.1737166,-1.01645,3.244873,-0.01746969,-1.023068,3.267673
-0.1057487,0.4148974,2.932797,-0.1041002,0.2361457,3.083055,-0.3006947,0.1638716,3.104483,0.1017856,0.1606805,3.121901,-0.5277138,0.03523618,3.106196,0.3393154,-0.0197396,3.119627,-0.7644911,0.07306086,3.023408,0.5662391,0.004502745,3.004996,-0.09709156,-0.075617,3.132647,-0.09566223,-0.1380536,3.145268,-0.1846523,-0.2273156,3.145341,-0.002469849,-0.2276127,3.168295,-0.1492966,-0.6669291,3.04875,-0.03476264,-0.6638302,3.054328,-0.1684195,-1.019913,3.243405,-0.01804135,-1.023818,3.265789
-0.1040979,0.3955061,2.948733,-0.1061699,0.2233302,3.090484,-0.3071055,0.1466072,3.10938,0.1033152,0.1453948,3.124632,-0.5796402,0.0352953,3.059032,0.2908285,-0.01909491,3.099924,-0.7886531,0.09490298,2.922898,0.4972258,0.005496142,2.945714,-0.09868542,-0.08575419,3.136477,-0.09717941,-0.1477106,3.148553,-0.1889949,-0.2426107,3.1499,-0.001923512,-0.2391844,3.170531,-0.1414522,-0.6790023,3.044332,-0.04354783,-0.6734662,3.052883,-0.1677611,-1.022833,3.241287,-0.0191627,-1.023587,3.263796
-0.1066215,0.4022493,2.967287,-0.1094523,0.2234203,3.102695,-0.3104553,0.1442923,3.110885,0.1038743,0.1425537,3.124894,-0.5750763,0.06348079,3.010432,0.3069814,0.005660713,3.05129,-0.7778593,0.08823299,2.853753,0.5472499,0.04048876,2.809356,-0.1003146,-0.0856249,3.141763,-0.09853524,-0.1475456,3.152785,-0.1910022,-0.2430652,3.154154,-0.001987367,-0.2394731,3.172112,-0.1331978,-0.6781102,3.049315,-0.05396562,-0.6737624,3.060416,-0.1652171,-1.023251,3.236023,-0.02594007,-1.022175,3.252337
-0.1032816,0.4224648,2.97794,-0.1120426,0.2506929,3.120664,-0.3129642,0.1665517,3.113407,0.105356,0.1590921,3.126026,-0.5425196,0.1068491,3.009991,0.3109489,0.0665797,2.992873,-0.7599202,0.0681707,2.806478,0.4715927,0.03166684,2.791406,-0.1038586,-0.06343766,3.159416,-0.1021907,-0.126357,3.170052,-0.1929384,-0.2232905,3.166964,-0.006801995,-0.2202742,3.19153,-0.1378489,-0.6592677,3.066096,-0.04541215,-0.6533453,3.069807,-0.1673319,-1.021905,3.234086,-0.0242607,-1.018288,3.254138
-0.09443575,0.4808176,2.990405,-0.1070622,0.3098751,3.128385,-0.3111101,0.2285391,3.111011,0.1000052,0.2313402,3.125263,-0.5410252,0.1456988,2.990133,0.3161414,0.1057983,2.940826,-0.7519027,0.05979664,2.812708,0.500298,-0.000766753,2.718804,-0.09851843,-0.005222064,3.168023,-0.09679446,-0.06828293,3.178873,-0.1857403,-0.1631201,3.174955,-0.002802641,-0.1592867,3.200862,-0.1750657,-0.6280766,3.089715,-0.01293669,-0.5977958,3.096798,-0.1696567,-1.018009,3.236838,-0.0192507,-1.020115,3.281123
-0.09796,0.5241227,2.984436,-0.1035005,0.3723693,3.133414,-0.3085578,0.2855626,3.108687,0.09632619,0.2909087,3.12733,-0.5395122,0.1463357,2.990834,0.281338,0.1482359,2.94084,-0.7397023,0.005982351,2.852427,0.4784347,-0.03509254,2.750422,-0.09651098,0.04911125,3.170497,-0.09509479,-0.01557367,3.180878,-0.1847235,-0.1105928,3.174154,-0.001484325,-0.1043201,3.20359,-0.1895218,-0.605848,3.099395,0.002725372,-0.5802902,3.10441,-0.1729473,-1.018056,3.239048,-0.01422716,-1.016876,3.276646
-0.08669753,0.5839885,2.96387,-0.100924,0.4298896,3.124424,-0.2970103,0.3545302,3.101409,0.1006439,0.3567887,3.121685,-0.5219002,0.1567666,3.012617,0.2807125,0.1513952,2.966123,-0.6967447,-0.01307653,2.9281,0.4294674,-0.05494537,2.814518,-0.0913428,0.1068018,3.164172,-0.08940861,0.04215149,3.175125,-0.1767412,-0.05036347,3.171102,0.00326742,-0.04525511,3.196312,-0.1880444,-0.5688108,3.105528,0.008447623,-0.5568357,3.109674,-0.1911311,-0.9920042,3.193238,-0.00305455,-0.9743764,3.217566
-0.09824178,0.6370758,2.945614,-0.1101948,0.480471,3.106317,-0.2988245,0.3948549,3.097496,0.09721805,0.3976381,3.104784,-0.4993159,0.1791007,3.051211,0.2592283,0.1545188,3.024268,-0.6677127,-0.06142677,2.984459,0.4025992,-0.08521004,2.895349,-0.09714685,0.152689,3.156301,-0.09448211,0.08647346,3.169345,-0.1800112,-0.005045939,3.169024,-0.002122021,0.0007101895,3.191614,-0.1832607,-0.5426639,3.094578,0.007470629,-0.5417461,3.105415,-0.1766444,-0.9769307,3.182609,-0.009026908,-0.9731399,3.209481
-0.1045879,0.651566,2.934594,-0.1180756,0.4952013,3.088496,-0.3016474,0.4159277,3.093848,0.08694638,0.4202124,3.097003,-0.4815818,0.172025,3.079664,0.2529808,0.138001,3.047053,-0.6144454,-0.06162618,3.039036,0.3827967,-0.1119154,2.983515,-0.102242,0.1773962,3.15163,-0.09934994,0.1155099,3.16728,-0.1852599,0.02605703,3.170532,-0.005052081,0.03583211,3.194695,-0.1768132,-0.4143468,3.05376,-0.01054644,-0.4218763,3.057168,-0.1359001,-0.8457083,3.236522,-0.03114161,-0.8542996,3.237927
-0.1095118,0.6641473,2.923884,-0.1137115,0.5058129,3.07381,-0.3019986,0.4223225,3.092102,0.08445124,0.4294901,3.09453,-0.448757,0.1581784,3.118687,0.2306632,0.1487199,3.122771,-0.5576833,-0.06944315,3.105831,0.3269348,-0.1118054,3.101641,-0.09909334,0.195852,3.147186,-0.09627561,0.1344963,3.164982,-0.1831395,0.04847228,3.173611,-0.001628416,0.05187621,3.192842,-0.173322,-0.3660447,2.991539,-0.01644327,-0.3653712,3.018036,-0.1344674,-0.7559288,3.262228,-0.04552279,-0.7628894,3.279601
-0.1119344,0.6653724,2.918728,-0.1142873,0.5054659,3.071012,-0.301712,0.4257724,3.091177,0.08366469,0.4321617,3.095555,-0.4301909,0.1377632,3.16453,0.2130397,0.1420944,3.170444,-0.5198021,-0.09317988,3.179882,0.2957465,-0.1131723,3.205983,-0.09837933,0.2018084,3.145196,-0.09504877,0.1425532,3.163214,-0.1818243,0.05505998,3.172786,0.0009621911,0.0621664,3.191813,-0.1666583,-0.3115768,2.902906,-0.04186704,-0.3118617,2.936142,-0.1222355,-0.6176875,3.258869,-0.05515936,-0.6254544,3.288378
-0.1130315,0.6652434,2.907559,-0.1146051,0.5048499,3.065796,-0.3011642,0.4249696,3.089758,0.08262602,0.4333867,3.09796,-0.4053555,0.1392211,3.193773,0.1934791,0.1488487,3.215102,-0.4742496,-0.08421122,3.27342,0.2712105,-0.09014486,3.296817,-0.09796105,0.2025268,3.143431,-0.09460133,0.1431117,3.161925,-0.1811002,0.05568874,3.171098,0.001357477,0.06276564,3.191267,-0.1537478,-0.2943092,2.879861,-0.04174144,-0.2969716,2.914878,-0.1379887,-0.5358458,3.281687,-0.02818004,-0.45581,3.37568
-0.1175609,0.6528883,2.894395,-0.1138931,0.4987457,3.060302,-0.2958866,0.4090801,3.084067,0.08302043,0.4290105,3.099298,-0.3848854,0.1405327,3.217198,0.1868188,0.1563599,3.242197,-0.4307402,-0.07097743,3.327624,0.2629189,-0.05579347,3.362571,-0.09820192,0.2008885,3.142429,-0.09492619,0.1416709,3.161364,-0.1814313,0.05461266,3.170632,0.0008247464,0.06164008,3.191497,-0.1549834,-0.2929675,2.87674,-0.05153941,-0.2772892,2.890737,-0.1647291,-0.4653896,3.304441,-0.02815657,-0.4257874,3.355103
-0.119779,0.633854,2.870159,-0.1183013,0.4735223,3.052403,-0.2966489,0.4037368,3.084657,0.07785858,0.4216566,3.094014,-0.3715724,0.1505021,3.224305,0.1831252,0.1631529,3.257157,-0.4122029,-0.03883274,3.368053,0.2640126,-0.01140702,3.408209,-0.1000961,0.1907966,3.139902,-0.09651973,0.1335085,3.159823,-0.1821399,0.04736731,3.170966,-0.0008520586,0.05682448,3.19043,-0.1560653,-0.3076392,2.886976,-0.01542128,-0.2944313,2.900735,-0.168512,-0.6163869,3.214916,-0.04102809,-0.5353832,3.280921
-0.1251059,0.6188917,2.864016,-0.1175268,0.4625351,3.049081,-0.2975523,0.3929368,3.085709,0.07676286,0.4161967,3.092561,-0.3586856,0.1540249,3.236202,0.1833179,0.1694339,3.270214,-0.4208261,-0.03455117,3.373832,0.2782032,0.007810041,3.421433,-0.0982727,0.1727396,3.137251,-0.09444806,0.1147035,3.157922,-0.177863,0.02280719,3.171835,-2.537196E-05,0.04355704,3.188557,-0.1676174,-0.3906212,2.989197,0.005065663,-0.3277551,2.926531,-0.1898113,-0.7857128,3.165845,-0.05871188,-0.7325678,3.173038
-0.131381,0.5933866,2.854667,-0.1182481,0.4472284,3.045103,-0.298764,0.3824661,3.084929,0.07376607,0.4016514,3.091551,-0.3669311,0.1394639,3.269209,0.2018085,0.1836295,3.288524,-0.4771929,-0.04374249,3.384259,0.314693,0.01828888,3.423885,-0.1023791,0.1324857,3.131665,-0.09946837,0.06809301,3.152258,-0.1796691,-0.01898703,3.164422,-0.01093477,-0.006651855,3.182937,-0.1683801,-0.5362309,3.036056,0.002371149,-0.4315754,2.993699,-0.2026637,-0.9518636,3.107894,-0.01951195,-0.8681404,3.144123
-0.1320899,0.5549908,2.857531,-0.1154088,0.3969551,3.035739,-0.2999761,0.3534323,3.086708,0.07028811,0.377694,3.093693,-0.3857164,0.1089803,3.276357,0.219848,0.168556,3.285643,-0.5798272,-0.02661145,3.341439,0.4120594,0.01442392,3.368597,-0.09650804,0.09610076,3.120455,-0.09308343,0.03646148,3.141094,-0.1706769,-0.05427757,3.150189,-0.004851981,-0.03737292,3.17137,-0.1650182,-0.556126,3.031284,0.001544347,-0.5424356,3.00929,-0.1828035,-1.002342,3.125731,-0.02115017,-0.9774378,3.140467
-0.1304016,0.5218434,2.864211,-0.1060593,0.3622893,3.031719,-0.2997213,0.2954665,3.09248,0.06793427,0.3254716,3.101454,-0.4298099,0.06837521,3.268146,0.2460516,0.1222504,3.27687,-0.6683227,0.004014842,3.289277,0.4790277,0.02014467,3.306279,-0.08909537,0.04723682,3.11022,-0.08602793,-0.01457414,3.129296,-0.1647608,-0.1023996,3.13781,0.0007847614,-0.08971173,3.157974,-0.1628934,-0.5916731,3.027985,0.003513069,-0.5641031,3.016302,-0.1818786,-1.008432,3.1369,-0.006057712,-1.017808,3.142948
-0.1305525,0.4675168,2.891444,-0.112462,0.3008733,3.035101,-0.2986278,0.2362826,3.095372,0.07377719,0.2612013,3.11272,-0.4797013,0.03119156,3.220144,0.296591,0.06294928,3.24379,-0.7291114,0.03425607,3.207385,0.5427152,0.03143053,3.204723,-0.09390616,-0.007609748,3.104335,-0.09018922,-0.06932506,3.121426,-0.1684792,-0.1588968,3.122922,-0.001836073,-0.1470135,3.152757,-0.154392,-0.6361794,3.018249,-0.01145739,-0.6299181,3.032966,-0.1808599,-1.009049,3.140756,-0.006453283,-1.024967,3.162423
-0.12703,0.445454,2.899495,-0.120934,0.2569209,3.055348,-0.3122148,0.1787466,3.104605,0.08418871,0.1984999,3.11481,-0.5306248,0.01066383,3.176397,0.3307333,0.03724672,3.176814,-0.7692722,0.06773092,3.117849,0.5734003,0.0489944,3.106594,-0.09681159,-0.04743072,3.111933,-0.09211647,-0.108681,3.12681,-0.1722727,-0.2067231,3.127568,0.001442908,-0.1974662,3.155335,-0.146725,-0.640546,3.012101,-0.04129711,-0.6234242,3.01537,-0.1803614,-1.009249,3.141307,-0.007072029,-1.02485,3.162341
-0.1317555,0.4230239,2.920354,-0.117419,0.2482971,3.073262,-0.3153942,0.1695075,3.1057,0.08972096,0.1843032,3.116695,-0.5666629,0.03160229,3.105821,0.358559,0.03590873,3.112115,-0.7957437,0.1035133,3.024485,0.5822415,0.07798405,2.996351,-0.0965225,-0.05295999,3.115795,-0.09212676,-0.1135849,3.129001,-0.1740586,-0.2133084,3.129149,0.002199362,-0.2003109,3.154914,-0.1400681,-0.64498,3.008046,-0.04413457,-0.62475,3.011853,-0.1794883,-1.009151,3.140243,-0.008451257,-1.014051,3.150289
-0.1309356,0.4250903,2.929305,-0.1180271,0.2498145,3.080722,-0.318049,0.1680807,3.107205,0.09048985,0.1850587,3.115518,-0.5754707,0.0703364,3.049873,0.3548405,0.06898782,3.037172,-0.7932835,0.1296154,2.930085,0.5604897,0.1170491,2.890778,-0.09733015,-0.05258078,3.118646,-0.092876,-0.1133028,3.130693,-0.176012,-0.2129659,3.13096,0.00220417,-0.2003329,3.154899,-0.1412888,-0.6438656,3.007766,-0.04046793,-0.6251782,3.01254,-0.1796692,-1.009089,3.139567,-0.004791454,-1.018622,3.156332
-0.1309243,0.4640023,2.956129,-0.1279727,0.2955343,3.104277,-0.3260217,0.1940863,3.109302,0.09246046,0.2080803,3.10891,-0.5738512,0.1231484,3.020756,0.3419908,0.1180197,2.9962,-0.7855533,0.1595325,2.855965,0.5598229,0.151068,2.79903,-0.1010506,-0.0228929,3.133142,-0.09578259,-0.08670252,3.142495,-0.1811973,-0.1885228,3.140115,0.004552836,-0.1779283,3.160448,-0.168029,-0.6349501,3.015776,-0.0006293464,-0.6099043,3.036626,-0.1798709,-1.010161,3.143418,-0.004188936,-1.016885,3.157492
-0.1268979,0.4974422,2.955163,-0.1205964,0.3499985,3.117895,-0.326294,0.2589151,3.112244,0.0947767,0.2700787,3.100302,-0.5723813,0.1835506,2.995322,0.3080131,0.1826736,2.978379,-0.7695709,0.1464978,2.819695,0.5563557,0.1503813,2.739298,-0.099925,0.03640906,3.144241,-0.09579229,-0.02631223,3.15279,-0.1837723,-0.124412,3.149175,0.004690295,-0.1178925,3.167112,-0.1927771,-0.5806856,3.036181,0.01059126,-0.5856622,3.054602,-0.1814018,-1.009138,3.144715,-0.000925109,-1.012747,3.162183
-0.1224046,0.553957,2.947711,-0.1149647,0.4093941,3.118558,-0.3135539,0.3169462,3.105718,0.0873247,0.3278137,3.094934,-0.5318687,0.2271675,2.998864,0.3173075,0.2165218,2.92941,-0.744991,0.133515,2.831494,0.5236065,0.1156489,2.715946,-0.09571059,0.08374286,3.149769,-0.09200383,0.01695698,3.159024,-0.1752622,-0.07273414,3.15676,0.002534556,-0.06819463,3.174762,-0.1923323,-0.5710287,3.048127,0.01570171,-0.5708155,3.071347,-0.1877591,-0.9983364,3.119806,0.007961018,-1.008224,3.156562
-0.1243606,0.6050451,2.937992,-0.1131883,0.4600162,3.113101,-0.3080058,0.3864071,3.102629,0.09031494,0.3909605,3.090539,-0.5250556,0.2331175,2.996866,0.2838914,0.2428948,2.942788,-0.7174397,0.08074595,2.860956,0.4675689,0.08243458,2.757685,-0.09454267,0.1391281,3.151204,-0.09081491,0.07494611,3.162114,-0.1743151,-0.01597561,3.16186,0.003093183,-0.01326379,3.178818,-0.1853391,-0.546726,3.050367,0.01316173,-0.5364603,3.090009,-0.1914389,-0.9792305,3.098242,0.00345239,-0.995056,3.150295
-0.1211166,0.6267851,2.931388,-0.1101569,0.4798463,3.108151,-0.300981,0.4254875,3.100527,0.09654288,0.4330964,3.091213,-0.5078743,0.2355475,3.013661,0.2874444,0.2358347,2.946079,-0.6630933,0.05886124,2.917567,0.4267039,0.03851388,2.810395,-0.09138951,0.1828643,3.154774,-0.08772397,0.1247242,3.168226,-0.1742113,0.03673268,3.17452,0.008749235,0.03477601,3.185671,-0.1713514,-0.4776331,3.032033,0.01049345,-0.4855976,3.075065,-0.1617653,-0.8999379,3.15753,-0.01807481,-0.9526416,3.176151
-0.1193336,0.6408765,2.924269,-0.1085906,0.4899518,3.098416,-0.2972949,0.4384608,3.097568,0.0965611,0.4349569,3.090744,-0.4767355,0.2343113,3.052923,0.2723704,0.2044254,2.994085,-0.6195507,0.03537244,2.982357,0.4055752,-0.02403373,2.880642,-0.09037773,0.2038951,3.157128,-0.08678413,0.147969,3.173177,-0.1735746,0.06177456,3.181868,0.01077806,0.06628434,3.19979,-0.1647898,-0.3512765,3.001098,-0.01367222,-0.3695482,3.030533,-0.169207,-0.778169,3.221476,-0.02403226,-0.8020834,3.240713
-0.1198299,0.6429448,2.920026,-0.1085431,0.4930782,3.09219,-0.2966827,0.439885,3.096969,0.09415324,0.4375972,3.089896,-0.4666378,0.2066383,3.082859,0.2615668,0.1649991,3.043324,-0.5905804,-0.007661983,3.04048,0.3697375,-0.07575808,2.961979,-0.09108791,0.2085562,3.157754,-0.08766927,0.1528671,3.174723,-0.1750899,0.06738544,3.185507,0.009843273,0.07176296,3.201739,-0.1632389,-0.3048759,2.927502,-0.03909568,-0.3110624,2.965651,-0.1625154,-0.6434124,3.259444,-0.01964407,-0.705495,3.23439
-0.1192584,0.6430129,2.914121,-0.1095177,0.4926156,3.080386,-0.2967537,0.439913,3.096879,0.09368401,0.4379915,3.090458,-0.4432695,0.1746608,3.122102,0.2435679,0.1526964,3.105373,-0.569663,-0.0595917,3.101546,0.3373345,-0.1138804,3.050322,-0.09159638,0.2114737,3.158056,-0.08826564,0.1567835,3.176438,-0.1764314,0.07078493,3.190195,0.01002232,0.07787287,3.206126,-0.1514572,-0.2601968,2.879433,-0.01923,-0.2764699,2.924083,-0.1580875,-0.4449993,3.332858,0.004798948,-0.5063192,3.314336
-0.1150086,0.6364552,2.89376,-0.1083904,0.4900763,3.072811,-0.2962585,0.418727,3.092811,0.09086464,0.4309781,3.090144,-0.4371263,0.1300946,3.168754,0.2236882,0.1323629,3.146369,-0.5450454,-0.09320554,3.179716,0.3223003,-0.1118835,3.140637,-0.09142606,0.2103315,3.158524,-0.08802934,0.154639,3.178332,-0.176872,0.06664427,3.196954,0.01053143,0.07649276,3.207924,-0.1524884,-0.250345,2.871602,-0.03835077,-0.2448435,2.889991,-0.1556863,-0.3904754,3.35095,0.0004345438,-0.4080392,3.356598
-0.1138209,0.6189541,2.884915,-0.107318,0.4683938,3.059553,-0.2939854,0.3924791,3.090155,0.08668898,0.4020526,3.086508,-0.425229,0.1153603,3.185533,0.2193331,0.1184151,3.184715,-0.517167,-0.1059791,3.240085,0.3091744,-0.114013,3.224209,-0.0924859,0.192531,3.161467,-0.08955523,0.1359062,3.184787,-0.1787691,0.05056129,3.205531,0.008274287,0.05907262,3.218143,-0.1537459,-0.2602226,2.874078,-0.08071687,-0.2280876,2.876117,-0.1586868,-0.4427408,3.286655,0.0005959682,-0.4107869,3.340769
-0.1123161,0.5658867,2.861794,-0.09842085,0.4319186,3.052837,-0.2904972,0.3573121,3.087664,0.09116238,0.3727529,3.08393,-0.4101174,0.1059292,3.216388,0.2213194,0.10278,3.211418,-0.4934992,-0.1069052,3.301841,0.3067377,-0.1056298,3.304266,-0.09446678,0.1650522,3.165734,-0.09327229,0.1112731,3.19107,-0.1838939,0.0279699,3.213699,-1.600513E-05,0.03145627,3.230052,-0.1615374,-0.3283195,2.934458,-0.04333108,-0.3819881,3.057731,-0.1554021,-0.5271223,3.243592,-0.0299307,-0.6259577,3.301661
-0.1133731,0.5602571,2.859202,-0.1005797,0.4141378,3.05236,-0.2907446,0.3470654,3.088458,0.09089084,0.3617416,3.079304,-0.3803326,0.09682517,3.257351,0.2163342,0.1111622,3.240114,-0.4831491,-0.1010798,3.354978,0.3060889,-0.07654881,3.36369,-0.09463343,0.1403372,3.166269,-0.09324869,0.08555679,3.192236,-0.1807874,-0.006215147,3.217753,-0.001125705,0.01602519,3.229536,-0.1709861,-0.3930609,2.984979,0.02002044,-0.3130412,2.917519,-0.169781,-0.7587193,3.171515,-0.03278583,-0.7276064,3.153098
-0.1119387,0.543371,2.858018,-0.1003076,0.3901564,3.046765,-0.2898085,0.3208028,3.08876,0.09178238,0.3401681,3.077441,-0.3767184,0.09209438,3.261965,0.2143249,0.1138664,3.2685,-0.4922368,-0.09036358,3.372674,0.3273774,-0.05932082,3.393872,-0.08931521,0.08857294,3.153823,-0.08714008,0.03028882,3.179017,-0.1717627,-0.06066344,3.202094,0.003547889,-0.04125645,3.212178,-0.1640975,-0.5329929,3.051777,-0.0006426296,-0.4005923,2.936893,-0.1899268,-0.9557959,3.100244,-0.005581779,-0.8555075,3.101565
-0.1101198,0.5067759,2.861596,-0.093944,0.3385654,3.033479,-0.2850499,0.2907337,3.088996,0.09422258,0.3070916,3.081069,-0.3733439,0.05806352,3.28963,0.2256225,0.0959051,3.281848,-0.5419101,-0.09958263,3.369844,0.3678242,-0.06589137,3.393421,-0.08476727,0.04459994,3.149128,-0.08277893,-0.01553021,3.175375,-0.1665188,-0.1034154,3.197531,0.00593596,-0.08681306,3.211181,-0.1675649,-0.598872,3.045822,-0.004309542,-0.5543863,3.037197,-0.1763342,-1.022733,3.146944,-0.01032776,-0.9933285,3.158308
-0.1079117,0.455165,2.875115,-0.09007013,0.2879997,3.02674,-0.2834922,0.2344707,3.091484,0.09652038,0.2489556,3.089847,-0.390484,0.004879713,3.287038,0.2422821,0.04048979,3.284172,-0.6060128,-0.1109793,3.319922,0.4192829,-0.1112744,3.358179,-0.07997498,-0.006592848,3.137761,-0.07795582,-0.06551623,3.163275,-0.1602526,-0.151867,3.183574,0.009904556,-0.1415206,3.199435,-0.1625695,-0.5998093,3.04689,-0.01383932,-0.586926,3.050925,-0.1518858,-1.012155,3.135215,-0.008327301,-1.007361,3.186651
-0.1028195,0.4106162,2.898057,-0.08978841,0.2377197,3.037988,-0.2771802,0.1744003,3.091418,0.099434,0.1844569,3.101699,-0.4201662,-0.05357334,3.267422,0.2611165,-0.0393506,3.268067,-0.6586668,-0.1251712,3.253954,0.4795561,-0.1587586,3.260356,-0.07876283,-0.06401331,3.140695,-0.07655726,-0.1243639,3.164548,-0.1565096,-0.2088175,3.182187,0.009336366,-0.2024984,3.197632,-0.1370845,-0.6322375,3.026594,-0.02210088,-0.6230058,3.044434,-0.147717,-1.012389,3.137186,0.01003075,-1.029786,3.253421
-0.102321,0.3644004,2.917809,-0.1031274,0.1802748,3.061293,-0.2825406,0.1138597,3.107138,0.1049203,0.1238929,3.119265,-0.4730699,-0.1060627,3.214753,0.29731,-0.1147954,3.230407,-0.7210281,-0.1249805,3.18939,0.5301185,-0.1830555,3.160951,-0.08369095,-0.1192474,3.144508,-0.07980322,-0.1791547,3.164463,-0.1638983,-0.2663824,3.178367,0.01529375,-0.2614679,3.192809,-0.1326921,-0.676919,2.998664,-0.04284031,-0.6697539,3.014808,-0.1338102,-1.016306,3.147046,0.006608604,-1.019444,3.224142
-0.1060063,0.3479727,2.931831,-0.09576493,0.1603052,3.082175,-0.2852542,0.08230959,3.118717,0.1115973,0.09414656,3.134698,-0.4996446,-0.1100399,3.165724,0.317869,-0.1354046,3.153967,-0.7393553,-0.1132547,3.084893,0.5414128,-0.1814485,3.040872,-0.08177472,-0.1329152,3.151672,-0.07863669,-0.1919104,3.169729,-0.1652095,-0.2831692,3.183903,0.01721325,-0.2761268,3.195091,-0.1317969,-0.6881975,2.992098,-0.04751522,-0.6822686,3.014817,-0.1360811,-1.017005,3.14356,0.009499392,-1.022381,3.218335
-0.09674397,0.3191218,2.9719,-0.08975565,0.1477156,3.107795,-0.2861115,0.07338136,3.123529,0.1132385,0.08418211,3.142717,-0.5084817,-0.09025467,3.0959,0.3179886,-0.1170985,3.100865,-0.737064,-0.06669869,2.986521,0.5235615,-0.1420653,2.949085,-0.08036913,-0.1429397,3.160119,-0.07799846,-0.2011158,3.175399,-0.1665878,-0.2922971,3.188424,0.01806839,-0.2866865,3.19571,-0.1300729,-0.6923318,2.986715,-0.04652204,-0.6935384,3.017653,-0.1533159,-1.027981,3.142851,0.007572006,-1.023479,3.218649
-0.08781348,0.3497975,3.012758,-0.08382093,0.1552,3.136894,-0.2847097,0.07301927,3.128995,0.1194272,0.08306845,3.153529,-0.5172864,-0.0462281,3.053905,0.2983972,-0.08494966,3.086086,-0.7231756,-0.02176177,2.901506,0.5118145,-0.07286912,2.854736,-0.07784834,-0.1428889,3.170362,-0.07630694,-0.2017578,3.181983,-0.1665184,-0.2927642,3.189375,0.01986451,-0.2887908,3.199944,-0.1275836,-0.6921606,2.987264,-0.04190075,-0.6958202,3.021775,-0.155342,-1.029816,3.139886,-0.03742946,-1.024912,3.194324
-0.07470021,0.382177,3.049515,-0.08498774,0.186589,3.170228,-0.2789572,0.0935148,3.139279,0.1216807,0.0858737,3.157101,-0.5131899,0.01849965,3.017517,0.3181984,-0.03763736,3.041098,-0.7065622,0.00439267,2.8367,0.5077159,-0.01837038,2.750142,-0.07517899,-0.131052,3.189223,-0.07357639,-0.1936484,3.196691,-0.1639522,-0.2849404,3.197702,0.0217595,-0.2853369,3.207575,-0.1187313,-0.6848829,2.998592,-0.0389941,-0.6902158,3.024282,-0.1489319,-1.029833,3.144064,0.01317718,-1.026448,3.227447
-0.0693168,0.4032358,3.056257,-0.07086104,0.2340323,3.195076,-0.269101,0.1407417,3.152524,0.13966,0.1324151,3.167548,-0.5049784,0.07200472,2.99997,0.3230982,0.04632583,2.996867,-0.6898152,0.009865409,2.819032,0.4300492,-0.002991147,2.764351,-0.06763247,-0.09626914,3.207258,-0.06718753,-0.163414,3.212431,-0.1578697,-0.2571994,3.209415,0.02563011,-0.2571776,3.218686,-0.1114268,-0.6601869,3.017788,-0.03137445,-0.6633284,3.03763,-0.146942,-1.032579,3.150919,-0.02283728,-1.001064,3.179352
-0.06404212,0.4579566,3.072247,-0.054061,0.2846017,3.199683,-0.2585832,0.1902082,3.157326,0.145946,0.1931673,3.178511,-0.4781972,0.1039078,3.007611,0.306762,0.09634186,2.989039,-0.6487378,0.004010558,2.843424,0.4507251,-0.005453124,2.704356,-0.05969913,-0.03765887,3.213377,-0.06082642,-0.1021111,3.219429,-0.1532123,-0.1924064,3.215868,0.02837102,-0.1940647,3.225897,-0.1182471,-0.6427742,3.038052,-0.02536695,-0.6118543,3.059792,-0.1323855,-1.018207,3.14938,-0.01956985,-1.005771,3.192767
-0.05427873,0.5003886,3.072791,-0.04701443,0.3391818,3.205963,-0.2485021,0.2570481,3.170743,0.1497542,0.2621744,3.187205,-0.4499912,0.1368376,3.044349,0.2877147,0.1398366,2.973229,-0.6469617,-0.03712213,2.867908,0.4490621,-0.008888413,2.718382,-0.05428842,0.0171029,3.213659,-0.05573718,-0.04731258,3.21837,-0.1459588,-0.1360465,3.212061,0.03043118,-0.1381727,3.224136,-0.1539694,-0.6170619,3.064452,0.02185033,-0.5793083,3.092636,-0.1380838,-1.015284,3.150405,0.0179297,-1.009289,3.237535
-0.05034092,0.5541337,3.062087,-0.03770068,0.3954222,3.206452,-0.2423488,0.317772,3.181697,0.1549856,0.3199233,3.19416,-0.4444363,0.1453504,3.063276,0.31737,0.1664309,2.988008,-0.6094791,-0.05870977,2.938724,0.4459069,-0.03563344,2.799533,-0.04179468,0.07281543,3.217764,-0.04260935,0.008292943,3.223214,-0.1331222,-0.08250412,3.216444,0.04562902,-0.08029156,3.231461,-0.162041,-0.5825489,3.092189,0.03619776,-0.5678262,3.109967,-0.1461225,-1.007204,3.153698,0.01983503,-0.9950649,3.219813
-0.04768731,0.5825547,3.041837,-0.03908242,0.4432799,3.200126,-0.2396649,0.3693607,3.183215,0.1598021,0.3594465,3.195566,-0.4385552,0.1347893,3.092947,0.3252892,0.1340387,3.023554,-0.573617,-0.06573758,3.022129,0.4344364,-0.0738211,2.873007,-0.04035292,0.1261587,3.220422,-0.04059863,0.06256232,3.227703,-0.1309499,-0.02758761,3.22372,0.04904686,-0.02777189,3.238362,-0.1568157,-0.5658884,3.097864,0.04302844,-0.5259241,3.134827,-0.1668161,-0.9619955,3.138079,0.02980126,-0.9660431,3.184444
-0.04642836,0.632325,3.034366,-0.03624501,0.4669742,3.192555,-0.2314821,0.4000192,3.180609,0.1635724,0.4046854,3.191773,-0.3964663,0.1466505,3.154877,0.3192551,0.1197278,3.077828,-0.5644096,-0.1397933,3.088339,0.421506,-0.102312,2.965899,-0.03434667,0.1583467,3.22086,-0.0337828,0.09723263,3.230044,-0.1218891,0.01085391,3.229604,0.05607407,0.01001624,3.243063,-0.1418283,-0.4844181,3.092488,0.04461045,-0.5115163,3.132015,-0.1395513,-0.8819411,3.173986,0.03004477,-0.9643035,3.183634
-0.04755656,0.637203,3.022923,-0.03548826,0.4780435,3.182334,-0.2311388,0.4113343,3.177411,0.1613829,0.4093145,3.190572,-0.3886378,0.1356892,3.176818,0.3066511,0.1068875,3.139987,-0.4952375,-0.09944916,3.163736,0.4073451,-0.1304206,3.055341,-0.033966,0.177882,3.225709,-0.03360039,0.1196159,3.238779,-0.1245626,0.03902893,3.247502,0.0579981,0.03223832,3.255484,-0.1328208,-0.3780682,3.077599,0.04068799,-0.4056346,3.108773,-0.1086299,-0.7748758,3.25791,0.01232915,-0.8373142,3.2389
-0.04503334,0.6381404,3.014106,-0.03663434,0.4805008,3.176205,-0.2295772,0.4125573,3.177919,0.1605399,0.4099635,3.190322,-0.3588408,0.1309055,3.212365,0.3007776,0.1071176,3.206488,-0.4625459,-0.1132467,3.21952,0.3921762,-0.1544668,3.163487,-0.03312003,0.1828902,3.230032,-0.03216794,0.1253153,3.245805,-0.122026,0.04569052,3.260475,0.0607444,0.04019784,3.265542,-0.12453,-0.3418999,3.033279,0.01946579,-0.36006,3.067692,-0.08656842,-0.655318,3.32989,0.02660034,-0.7338796,3.300986
-0.04489251,0.6365083,3.012701,-0.03778643,0.4780362,3.171602,-0.2296248,0.4082525,3.180465,0.1595315,0.4084156,3.192202,-0.353187,0.1225831,3.260922,0.2827628,0.110689,3.260392,-0.4345958,-0.1048772,3.306797,0.3800993,-0.1569856,3.257162,-0.03146639,0.1844462,3.239434,-0.02944366,0.127391,3.26045,-0.1179607,0.04521447,3.284671,0.06559581,0.04406507,3.286276,-0.1143317,-0.3170754,3.017394,0.00810254,-0.3266537,3.038404,-0.06774043,-0.5359952,3.412198,0.05001468,-0.6019146,3.373327
-0.04557385,0.6071222,3.00451,-0.03576195,0.4723515,3.170229,-0.2283831,0.3956413,3.184526,0.1613395,0.3993958,3.198407,-0.3350429,0.1247118,3.288734,0.2851517,0.116707,3.30652,-0.4172068,-0.09349976,3.375002,0.3634193,-0.1303782,3.346864,-0.02542205,0.1824314,3.252144,-0.02291694,0.1257268,3.274505,-0.1110161,0.04072728,3.301708,0.0725891,0.04352815,3.299802,-0.1107723,-0.3145982,3.024736,0.01571098,-0.3091251,3.025392,-0.07590948,-0.4986726,3.431325,0.06861744,-0.5335037,3.394145
-0.04541945,0.6067954,3.004609,-0.03283147,0.4664171,3.171177,-0.224728,0.3886536,3.188926,0.1631385,0.3958279,3.20157,-0.3020582,0.1291819,3.318112,0.2850398,0.119218,3.32362,-0.3933569,-0.07683811,3.435102,0.3807732,-0.09574388,3.421476,-0.02257065,0.1787807,3.257211,-0.02033386,0.122183,3.279233,-0.1085388,0.03703527,3.304335,0.07444246,0.04070432,3.305301,-0.1054274,-0.3321342,3.047154,0.08578269,-0.3439316,3.073626,-0.07291345,-0.6906354,3.358829,0.07714947,-0.5394801,3.396275
-0.04422177,0.6006402,3.005787,-0.02951327,0.451727,3.174367,-0.2210678,0.3751301,3.200344,0.1669783,0.3910288,3.206632,-0.2947636,0.1241283,3.350827,0.2856005,0.1347903,3.363612,-0.4000617,-0.07612115,3.441103,0.3928468,-0.0808977,3.466307,-0.01504754,0.1632245,3.265724,-0.01190826,0.1057191,3.288035,-0.09607628,0.01297934,3.312823,0.08205026,0.02793999,3.314409,-0.1040979,-0.4010464,3.14449,0.0923667,-0.3571208,3.083926,-0.07775495,-0.7516302,3.411623,0.1103085,-0.6462753,3.392491
-0.0434882,0.5909343,3.007021,-0.02727324,0.4409146,3.176024,-0.2169409,0.3611224,3.214295,0.1700817,0.3828976,3.211941,-0.2878007,0.108984,3.374802,0.291133,0.1316514,3.37403,-0.4355103,-0.06954385,3.452079,0.4192239,-0.0669096,3.467011,-0.007233002,0.134989,3.271994,-0.002798157,0.07284693,3.29491,-0.08449056,-0.02272969,3.322014,0.08939146,0.001511699,3.316959,-0.08991107,-0.5065199,3.217858,0.09378465,-0.4230377,3.160382,-0.06582358,-0.9196644,3.384645,0.1155813,-0.8072891,3.384985
-0.03883908,0.5622784,3.016563,-0.01964233,0.4085469,3.181104,-0.2120924,0.333686,3.224596,0.1701784,0.3675048,3.220938,-0.291442,0.08442006,3.388022,0.2959957,0.1256187,3.391842,-0.4963304,-0.04886577,3.421112,0.4775657,-0.06136617,3.423069,-0.00100409,0.09898058,3.272535,0.00265241,0.03763872,3.29412,-0.07699223,-0.05462009,3.318507,0.09188829,-0.03604019,3.314643,-0.08086485,-0.5721779,3.249797,0.1016383,-0.5406226,3.196628,-0.05159283,-0.9963801,3.420911,0.1346028,-0.9612551,3.388472
-0.03174707,0.5111996,3.034214,-0.01658139,0.3681829,3.18702,-0.2013271,0.2899462,3.234084,0.1742322,0.3126,3.247564,-0.3318229,0.03977802,3.391021,0.3060228,0.08942506,3.407359,-0.5645335,-0.04677663,3.361782,0.5118821,-0.05203078,3.352057,0.008017769,0.05614312,3.276491,0.01313573,-0.006890557,3.29769,-0.06436554,-0.09328108,3.318591,0.1030313,-0.08251533,3.319333,-0.07790935,-0.5755583,3.275621,0.1086977,-0.5556616,3.221935,-0.04389576,-0.987946,3.411718,0.1229531,-0.9646331,3.386699
