-0.01392,0.70097,-0.19349,-0.0094964,0.54161,-0.058243,-0.20238,0.47996,-0.037562,0.18359,0.45806,-0.058349,-0.37511,0.22769,-0.025818,0.35347,0.16976,-0.069531,-0.51724,0.024919,-0.0359,0.46644,-0.053244,-0.088657,-0.0016558,0.21639,-0.012713,0,0.15226,0,-0.091073,0.069352,0.007622,0.095256,0.063254,0.012607,-0.083049,-0.38228,-0.13889,0.095925,-0.40158,-0.075451,-0.05634,-0.70614,0.12498,0.088149,-0.78897,0.17964
-0.017064,0.71802,-0.20728,-0.0097647,0.55075,-0.078187,-0.20347,0.48032,-0.0366,0.17837,0.46517,-0.058776,-0.3519,0.21707,0.000892,0.32822,0.17551,-0.009934,-0.4748,-0.031779,0.041744,0.42111,-0.057403,0.023334,-0.0016447,0.22384,-0.014608,0,0.15937,0,-0.090889,0.07489,0.009,0.094948,0.074947,0.016155,-0.08153,-0.3455,-0.21558,0.065679,-0.37395,-0.13475,-0.047026,-0.70791,0.069606,0.070618,-0.7016,0.1883
-0.017948,0.71587,-0.21443,-0.017271,0.54868,-0.088999,-0.20986,0.46556,-0.038191,0.17706,0.46536,-0.05839,-0.32542,0.20369,0.04596,0.30463,0.18085,0.03713,-0.41397,-0.013494,0.11442,0.3946,-0.035604,0.10843,-0.0019152,0.2239,-0.015314,0,0.15938,0,-0.090678,0.074305,0.009576,0.095966,0.075795,0.016999,-0.070407,-0.34602,-0.21321,0.04376,-0.3521,-0.18368,-0.05646,-0.61288,0.11042,0.091035,-0.5827,0.20719
-0.022267,0.70847,-0.22306,-0.018938,0.54782,-0.089066,-0.21096,0.45831,-0.041472,0.17446,0.46377,-0.056344,-0.29273,0.20496,0.072818,0.29815,0.19086,0.057836,-0.38353,-0.00050616,0.16362,0.38045,-0.014958,0.19688,-0.002484,0.2219,-0.015951,0,0.157,0,-0.08796,0.067212,0.008874,0.095693,0.07544,0.018545,-0.071449,-0.3764,-0.15714,0.11466,-0.34614,-0.20067,-0.084495,-0.74965,0.051632,0.10827,-0.60503,0.1764
-0.027873,0.70468,-0.23001,-0.021968,0.54351,-0.091382,-0.21435,0.45378,-0.041443,0.17093,0.46222,-0.054427,-0.28819,0.2127,0.08679,0.30007,0.21438,0.10344,-0.3915,0.02278,0.19421,0.37994,0.028331,0.23254,-0.0034215,0.21429,-0.017136,0,0.14826,0,-0.085124,0.048174,0.007569,0.094951,0.072922,0.021441,-0.082922,-0.47698,-0.073946,0.1149,-0.34667,-0.20097,-0.10954,-0.89754,-0.000219,0.083015,-0.62522,0.16178
-0.038392,0.68801,-0.23848,-0.027841,0.52737,-0.090142,-0.21952,0.44703,-0.035326,0.16928,0.45176,-0.047521,-0.29025,0.21498,0.10441,0.30023,0.21432,0.11944,-0.41595,0.04234,0.21658,0.41712,0.052743,0.25289,-0.0045817,0.19664,-0.01752,0,0.13045,0,-0.082869,0.023547,0.00634,0.095242,0.061641,0.024488,-0.080979,-0.51215,-0.059782,0.11337,-0.37758,-0.15187,-0.11083,-0.98569,-0.007072,0.057972,-0.7662,0.098551
-0.047857,0.6591,-0.24153,-0.029089,0.49697,-0.082947,-0.2258,0.43555,-0.020654,0.15933,0.44123,-0.034171,-0.32219,0.19593,0.15663,0.31693,0.22314,0.13848,-0.50891,0.066867,0.24255,0.484,0.068913,0.26088,-0.0048427,0.16406,-0.016594,0,0.097482,0,-0.080938,-0.0019441,0.006904,0.092444,0.029616,0.02358,-0.091099,-0.47484,-0.000797,0.10277,-0.46078,-0.080829,-0.10069,-0.9523,0.030497,0.052886,-0.90186,0.076957
-0.048323,0.61759,-0.23165,-0.031082,0.45711,-0.074194,-0.22875,0.38407,-0.006568,0.15641,0.3957,-0.015518,-0.37607,0.17158,0.17034,0.3596,0.20625,0.14467,-0.60734,0.11779,0.22778,0.56567,0.097617,0.21558,-0.0051996,0.12052,-0.015168,0,0.05302,0,-0.080712,-0.038602,0.006152,0.093914,-0.026135,0.019509,-0.058793,-0.5053,0.019584,0.10826,-0.51478,-0.080735,-0.082977,-0.98145,0.056288,0.03618,-0.96405,0.047611
-0.048023,0.56344,-0.20837,-0.030068,0.40032,-0.070469,-0.22974,0.33469,0.016139,0.15999,0.35974,-0.004432,-0.43736,0.16168,0.15129,0.39007,0.20027,0.11316,-0.67999,0.18954,0.18083,0.62713,0.14389,0.14568,-0.0050493,0.073661,-0.01495,0,0.0097192,0,-0.082857,-0.089068,0.003839,0.095935,-0.067079,0.020404,-0.0968,-0.60752,-0.03215,0.087171,-0.60042,-0.04983,-0.079893,-1.0173,0.077718,0.060053,-1.0246,0.077332
-0.044192,0.50214,-0.20011,-0.021859,0.34022,-0.053961,-0.23216,0.27765,0.021474,0.17411,0.2876,0.001919,-0.47549,0.16281,0.10712,0.43921,0.1831,0.064648,-0.71047,0.24192,0.10276,0.68682,0.19191,0.064055,-0.0036424,0.019934,-0.011886,0,-0.044124,0,-0.0882,-0.14161,0.000788,0.098573,-0.12902,0.018039,-0.11714,-0.62022,-0.062641,0.087035,-0.60724,-0.049309,-0.088766,-1.0119,0.073371,0.067617,-1.0278,0.088811
-0.03404,0.448,-0.19291,-0.025592,0.285,-0.043414,-0.23417,0.22345,0.019413,0.18728,0.22304,-0.008368,-0.49309,0.16837,0.043176,0.48141,0.16786,0.007858,-0.70794,0.29081,0.008608,0.71468,0.23772,-0.054022,-0.0043404,-0.025203,-0.010146,0,-0.086127,0,-0.089823,-0.18766,0.000756,0.10203,-0.17933,0.014401,-0.11375,-0.64983,-0.078806,0.085789,-0.64244,-0.060794,-0.084769,-1.0124,0.071237,0.071235,-1.0302,0.088154
-0.030045,0.42059,-0.19285,-0.02331,0.23777,-0.046915,-0.23922,0.16626,0.00462,0.19716,0.16787,-0.024492,-0.51804,0.17838,-0.013723,0.4968,0.16201,-0.081676,-0.72426,0.30271,-0.089874,0.71842,0.2341,-0.18109,-0.0038796,-0.073774,-0.010719,0,-0.13606,0,-0.093562,-0.23827,0.002525,0.10583,-0.22941,0.014526,-0.10172,-0.69664,-0.10042,0.085146,-0.68844,-0.082796,-0.088402,-1.0258,0.062942,0.076716,-1.0339,0.082099
-0.030424,0.39875,-0.19219,-0.022667,0.21841,-0.052403,-0.24048,0.15707,-0.005362,0.19618,0.1549,-0.039299,-0.51091,0.17482,-0.065027,0.45789,0.15029,-0.14361,-0.72736,0.24442,-0.17847,0.71265,0.18425,-0.29171,-0.0038034,-0.085679,-0.011584,0,-0.14696,0,-0.09343,-0.2507,0.00795,0.10571,-0.24004,0.014108,-0.088367,-0.70467,-0.11346,0.083846,-0.69671,-0.092784,-0.089955,-1.025,0.049901,0.073689,-1.0343,0.077326
-0.030645,0.39271,-0.19647,-0.021285,0.21491,-0.058632,-0.24023,0.15399,-0.015405,0.19329,0.14611,-0.060657,-0.50378,0.14537,-0.11332,0.42852,0.12667,-0.19196,-0.71874,0.18202,-0.24562,0.68325,0.10606,-0.36924,-0.003478,-0.089684,-0.013002,0,-0.1509,0,-0.0941,-0.25324,0.012823,0.10512,-0.24349,0.013096,-0.084996,-0.7032,-0.1225,0.083687,-0.69858,-0.099364,-0.091165,-1.0245,0.042075,0.073692,-1.0348,0.071198
-0.028056,0.39746,-0.19771,-0.020747,0.21946,-0.061981,-0.23519,0.15751,-0.025066,0.19328,0.14848,-0.072523,-0.48611,0.10485,-0.12917,0.44182,0.083657,-0.24061,-0.6992,0.093464,-0.26965,0.63713,0.022702,-0.39489,-0.0034072,-0.08575,-0.013535,0,-0.14697,0,-0.093475,-0.24485,0.0147,0.10434,-0.23932,0.013139,-0.082133,-0.69366,-0.1233,0.084195,-0.69333,-0.10279,-0.091945,-1.0246,0.036309,0.073097,-1.035,0.066199
-0.028855,0.44088,-0.21071,-0.016211,0.27742,-0.073859,-0.22639,0.1966,-0.050386,0.18705,0.17806,-0.093016,-0.47055,0.096738,-0.12816,0.43421,0.080731,-0.24764,-0.68179,0.0042529,-0.26072,0.63346,-0.063279,-0.40409,-0.0025818,-0.049032,-0.014726,0,-0.11486,0,-0.089443,-0.20108,0.017948,0.099862,-0.20703,0.012789,-0.088278,-0.65534,-0.097139,0.090178,-0.66432,-0.086968,-0.098797,-1.0247,0.02738,0.065364,-1.0351,0.058617
-0.030487,0.50269,-0.20057,-0.021803,0.33279,-0.068798,-0.23008,0.24048,-0.043702,0.18648,0.24584,-0.084688,-0.4689,0.0849,-0.11111,0.40742,0.075057,-0.21172,-0.65152,-0.062168,-0.20579,0.56801,-0.080862,-0.3325,-0.0036329,0.0051922,-0.01436,0,-0.060329,0,-0.091806,-0.16039,0.016663,0.10176,-0.14894,0.010077,-0.09634,-0.62731,-0.062308,0.089308,-0.6181,-0.042022,-0.10435,-1.0245,0.043027,0.05932,-1.0342,0.070446
-0.034354,0.56178,-0.19245,-0.019788,0.4032,-0.061777,-0.22409,0.31054,-0.043156,0.18472,0.31271,-0.074554,-0.4132,0.095091,-0.064262,0.37989,0.08108,-0.15892,-0.59639,-0.079844,-0.13954,0.51788,-0.10968,-0.25578,-0.0032975,0.06478,-0.01319,0,-0.0029036,0,-0.0898,-0.097289,0.014055,0.098696,-0.091101,0.007317,-0.10919,-0.60062,-0.019157,0.088913,-0.60804,3.5e-05,-0.11114,-1.0108,0.044032,0.063968,-1.0227,0.077528
-0.038037,0.62772,-0.19535,-0.018887,0.46271,-0.056813,-0.2185,0.36828,-0.042055,0.17611,0.36573,-0.075541,-0.41229,0.094898,-0.050796,0.36414,0.089013,-0.12215,-0.55919,-0.10414,-0.083757,0.48392,-0.12455,-0.18276,-0.0031589,0.11477,-0.012528,0,0.04387,0,-0.087949,-0.045194,0.011236,0.0959,-0.040968,0.006282,-0.11435,-0.54081,-0.033353,0.097958,-0.54181,0.017154,-0.12181,-0.9555,0.047087,0.066448,-1.0133,0.083601
-0.042846,0.67223,-0.18423,-0.019218,0.49993,-0.057698,-0.2148,0.41313,-0.026067,0.1704,0.40853,-0.061112,-0.36576,0.13454,-0.000317,0.3335,0.11714,-0.052924,-0.49647,-0.11159,-0.010414,0.43614,-0.11528,-0.07536,-0.0031846,0.15815,-0.012229,0,0.091086,0,-0.086988,-0.000724,0.014533,0.095044,0.0096169,0.004514,-0.10764,-0.46207,-0.066805,0.09777,-0.51232,-0.004696,-0.11139,-0.85505,0.10159,0.067118,-0.93919,0.15516
-0.039844,0.69067,-0.17924,-0.022637,0.51894,-0.062713,-0.2134,0.4292,-0.028139,0.16365,0.43256,-0.056966,-0.33257,0.14696,0.023857,0.30754,0.14081,-0.015637,-0.44597,-0.12,0.057195,0.40275,-0.08741,0.015094,-0.0037212,0.17944,-0.013374,0,0.11129,0,-0.083506,0.029663,0.012212,0.093859,0.029859,0.006872,-0.10729,-0.41663,-0.12813,0.088383,-0.43123,-0.062303,-0.096279,-0.73096,0.15867,0.077266,-0.81821,0.19753
-0.037665,0.69813,-0.17956,-0.024071,0.52502,-0.06336,-0.21085,0.43292,-0.026095,0.16376,0.4426,-0.048537,-0.31009,0.15361,0.05349,0.28889,0.15355,0.035537,-0.38648,-0.085656,0.12958,0.38055,-0.066019,0.10411,-0.0040078,0.18971,-0.013436,0,0.12286,0,-0.084024,0.03883,0.014646,0.095007,0.041764,0.005752,-0.097108,-0.37369,-0.2114,0.027483,-0.39488,-0.14989,-0.065916,-0.73014,0.084647,0.068289,-0.70971,0.18579
-0.038044,0.70267,-0.17982,-0.026255,0.52623,-0.061654,-0.21352,0.43427,-0.019295,0.16104,0.44363,-0.040522,-0.28684,0.16272,0.085799,0.28315,0.16793,0.069053,-0.35195,-0.060254,0.19493,0.36895,-0.041148,0.18003,-0.0044877,0.19683,-0.013087,0,0.13157,0,-0.084737,0.045693,0.016075,0.095793,0.051105,0.005317,-0.10361,-0.366,-0.21111,-0.0081986,-0.35994,-0.19715,-0.04206,-0.52933,0.16394,0.054202,-0.59847,0.19016
-0.037008,0.69854,-0.18317,-0.027466,0.52609,-0.060076,-0.21465,0.43479,-0.014817,0.16265,0.44317,-0.034737,-0.27738,0.17907,0.11627,0.30182,0.1861,0.10411,-0.35635,-0.022521,0.22452,0.38247,-0.0058248,0.23533,-0.004677,0.1986,-0.012835,0,0.13366,0,-0.085533,0.047002,0.014837,0.097382,0.053064,0.005664,-0.082028,-0.36221,-0.21693,0.05831,-0.35513,-0.22453,-0.031041,-0.59769,0.13061,0.11087,-0.54408,0.18908
-0.036017,0.69668,-0.18488,-0.027643,0.52589,-0.056694,-0.21441,0.43536,-0.009741,0.16543,0.44319,-0.030008,-0.27855,0.18503,0.13708,0.30955,0.19471,0.11723,-0.38819,0.0076076,0.25827,0.41178,0.016902,0.24363,-0.0047722,0.19747,-0.011966,0,0.13202,0,-0.085056,0.041783,0.006646,0.097155,0.051835,0.007593,-0.084628,-0.40086,-0.14348,0.084009,-0.35936,-0.21911,-0.055979,-0.74963,0.05811,0.1198,-0.51301,0.20971
-0.036664,0.69182,-0.1902,-0.026053,0.5225,-0.051925,-0.21401,0.43464,-0.003505,0.16564,0.44404,-0.025216,-0.28957,0.18766,0.15324,0.32456,0.21138,0.13055,-0.45964,0.043277,0.24868,0.47327,0.029248,0.22864,-0.0044352,0.19113,-0.01105,0,0.12464,0,-0.083623,0.026338,0.001632,0.095205,0.049549,0.010505,-0.080587,-0.48401,-0.077384,0.10068,-0.39462,-0.13365,-0.063157,-0.90778,0.015093,0.10098,-0.66165,0.13591
-0.038246,0.68261,-0.1858,-0.022314,0.50914,-0.041527,-0.2176,0.43043,0.007039,0.16474,0.43929,-0.017253,-0.3271,0.18588,0.17141,0.34032,0.21264,0.13055,-0.53718,0.078068,0.2347,0.52858,0.059274,0.17956,-0.0037713,0.17172,-0.00938,0,0.10369,0,-0.083218,0.0021612,0.00026,0.092423,0.031589,0.009893,-0.071399,-0.57118,-0.059244,0.094575,-0.43789,-0.11956,-0.070737,-0.98513,0.006319,0.084752,-0.8421,0.058444
-0.033804,0.63344,-0.18607,-0.021756,0.48393,-0.032906,-0.22036,0.40367,0.02437,0.17372,0.40298,0.001706,-0.39453,0.17382,0.16051,0.38562,0.18629,0.11999,-0.63255,0.11649,0.19002,0.60491,0.070303,0.1233,-0.0035561,0.13963,-0.008172,0,0.070835,0,-0.085991,-0.025007,-0.001599,0.096198,-0.01472,0.008909,-0.074574,-0.59521,-0.049592,0.085105,-0.53676,-0.12592,-0.072413,-1.0018,0.017416,0.08188,-0.96706,0.022882
-0.032786,0.58766,-0.1708,-0.017963,0.41951,-0.018871,-0.22509,0.34742,0.044053,0.18004,0.35028,0.013344,-0.4509,0.15573,0.12843,0.41688,0.14272,0.072644,-0.6988,0.17667,0.11655,0.66134,0.10133,0.037879,-0.0029936,0.086591,-0.006032,0,0.020006,0,-0.087038,-0.077108,-0.004583,0.09524,-0.065305,0.006724,-0.06961,-0.6036,-0.066783,0.084279,-0.59998,-0.10525,-0.068248,-1.0098,0.028204,0.086347,-0.99823,0.026564
-0.032673,0.52011,-0.1535,-0.027812,0.35554,-0.01078,-0.23088,0.28062,0.048085,0.18427,0.28444,0.016879,-0.48447,0.15572,0.071753,0.44225,0.12542,0.006124,-0.72313,0.22349,0.038846,0.68548,0.13118,-0.060114,-0.0046096,0.028696,-0.004344,0,-0.036671,0,-0.088144,-0.13461,-0.007218,0.10138,-0.12545,0.005599,-0.07184,-0.6106,-0.085828,0.077795,-0.60603,-0.097509,-0.068089,-1.0099,0.032137,0.087581,-1.0106,0.037109
-0.030821,0.47349,-0.14651,-0.030918,0.2992,-0.000253,-0.23541,0.21735,0.041488,0.19262,0.22358,0.00678,-0.51486,0.16142,0.018675,0.43505,0.1165,-0.040845,-0.7258,0.28332,-0.045675,0.66076,0.1446,-0.15752,-0.0050038,-0.021786,-0.001209,0,-0.085251,0,-0.090403,-0.18557,-0.010167,0.10587,-0.17856,0.003295,-0.06914,-0.64146,-0.098453,0.069382,-0.63185,-0.094396,-0.066084,-1.0167,0.038703,0.10248,-1.0303,0.065998
-0.027643,0.43687,-0.15503,-0.030039,0.25812,-0.005019,-0.23944,0.17949,0.025389,0.19428,0.17286,-0.01587,-0.53951,0.19008,-0.045698,0.50707,0.1133,-0.15307,-0.74172,0.30592,-0.14714,0.70361,0.17891,-0.30505,-0.0047707,-0.049728,-0.001212,0,-0.11194,0,-0.091977,-0.21716,-0.003718,0.10695,-0.20339,0.000242,-0.062165,-0.66849,-0.11226,0.065884,-0.6557,-0.098887,-0.065006,-1.0209,0.031591,0.10154,-1.0279,0.054901
-0.028166,0.42409,-0.1609,-0.028443,0.24272,-0.014277,-0.23666,0.17144,0.011079,0.19525,0.16356,-0.034322,-0.50784,0.18902,-0.078033,0.41434,0.12036,-0.17172,-0.70928,0.28495,-0.22349,0.64173,0.14279,-0.38566,-0.0045263,-0.060724,-0.002981,0,-0.12215,0,-0.092994,-0.22491,0.002084,0.1075,-0.21575,2.1e-05,-0.061604,-0.6724,-0.12152,0.066209,-0.66604,-0.10769,-0.063158,-1.021,0.0247,0.1007,-1.0286,0.046595
-0.027075,0.42345,-0.17404,-0.027446,0.24311,-0.02655,-0.23522,0.17289,-0.007094,0.19461,0.16642,-0.061573,-0.49954,0.1904,-0.12136,0.40788,0.13366,-0.24698,-0.69178,0.25605,-0.29047,0.6162,0.11479,-0.45289,-0.0040398,-0.060033,-0.006994,0,-0.12124,0,-0.092875,-0.22087,0.015327,0.106,-0.21445,0.000133,-0.062685,-0.66217,-0.13025,0.078762,-0.66408,-0.11408,-0.063029,-1.021,0.012191,0.10105,-1.0276,0.032636
-0.026355,0.43617,-0.19247,-0.025092,0.27251,-0.040258,-0.22877,0.21822,-0.037097,0.19085,0.20118,-0.095485,-0.46543,0.19894,-0.13789,0.38951,0.13772,-0.25824,-0.68708,0.18828,-0.31639,0.56944,0.057253,-0.47704,-0.0038998,-0.034877,-0.008308,0,-0.096325,0,-0.089708,-0.1918,0.017069,0.1028,-0.18731,5.1e-05,-0.072101,-0.63877,-0.10922,0.086873,-0.63853,-0.10797,-0.06613,-1.0208,0.000235,0.097778,-1.0275,0.020716
-0.032467,0.5038,-0.19948,-0.020343,0.35308,-0.044943,-0.23161,0.2737,-0.040156,0.17707,0.26008,-0.10103,-0.4645,0.19141,-0.1454,0.38787,0.12031,-0.28792,-0.69262,0.11585,-0.31148,0.568,-0.045633,-0.47649,-0.0031506,0.026162,-0.008791,0,-0.039386,0,-0.087175,-0.13411,0.015584,0.096702,-0.12846,-0.00116,-0.087741,-0.6093,-0.064384,0.10372,-0.59694,-0.0677,-0.075015,-1.0195,0.000195,0.0973,-1.0258,0.023084
-0.029624,0.56622,-0.20119,-0.019914,0.41902,-0.042042,-0.22229,0.32251,-0.037606,0.1803,0.32434,-0.089651,-0.46132,0.18472,-0.12988,0.37417,0.12076,-0.235,-0.64793,0.051182,-0.23912,0.51149,-0.05711,-0.37551,-0.0031348,0.081221,-0.008459,0,0.013531,0,-0.088585,-0.081112,0.013086,0.097472,-0.072797,-0.000633,-0.090867,-0.6061,-0.044799,0.10652,-0.58431,-0.043981,-0.084666,-1.0116,-0.001063,0.098923,-1.0189,0.02435
-0.029804,0.63097,-0.19889,-0.014044,0.47755,-0.049838,-0.21916,0.38639,-0.03823,0.18262,0.38321,-0.085218,-0.41247,0.18124,-0.077253,0.36809,0.11957,-0.19606,-0.58685,0.013745,-0.15758,0.4748,-0.10166,-0.28308,-0.0021894,0.13767,-0.0099,0,0.069559,0,-0.090234,-0.023921,0.015663,0.09645,-0.017541,0.000139,-0.095142,-0.54812,-0.043383,0.10698,-0.55288,-0.035402,-0.086668,-0.95539,0.007398,0.10591,-0.99232,0.030038
-0.033031,0.6685,-0.20492,-0.014146,0.50701,-0.057527,-0.21273,0.42234,-0.038555,0.17291,0.41085,-0.081389,-0.39713,0.17898,-0.047596,0.33604,0.12761,-0.11363,-0.53033,-0.030406,-0.075236,0.4428,-0.11126,-0.17025,-0.0022265,0.16976,-0.011301,0,0.10234,0,-0.088115,0.018945,0.018496,0.094288,0.020709,-0.000587,-0.089721,-0.44495,-0.079053,0.091668,-0.46587,-0.071493,-0.067164,-0.84129,0.082424,0.1019,-0.88943,0.089475
-0.03487,0.68422,-0.20025,-0.017857,0.52399,-0.062925,-0.21253,0.43368,-0.029881,0.16671,0.43443,-0.071914,-0.34856,0.17027,0.016708,0.31118,0.136,-0.042641,-0.47279,-0.087092,0.011485,0.39345,-0.11511,-0.045651,-0.0029195,0.19566,-0.012387,0,0.1303,0,-0.088429,0.041889,0.021821,0.096791,0.046902,0.000502,-0.078379,-0.39193,-0.14626,0.068277,-0.40126,-0.11529,-0.050332,-0.79001,0.10024,0.090257,-0.7883,0.1471
-0.034475,0.69742,-0.19846,-0.022454,0.53054,-0.067656,-0.21103,0.43984,-0.025425,0.16547,0.44015,-0.064941,-0.31924,0.15357,0.068114,0.29184,0.14481,0.00797,-0.41148,-0.07965,0.093612,0.35424,-0.088218,0.056028,-0.0035409,0.2021,-0.013105,0,0.13656,0,-0.087281,0.050468,0.021556,0.097057,0.054954,0.000519,-0.089226,-0.35498,-0.21069,0.022787,-0.36326,-0.19123,-0.026486,-0.67665,0.11833,0.06465,-0.66979,0.15383
-0.035631,0.69892,-0.19871,-0.023739,0.53046,-0.076095,-0.20993,0.44335,-0.021522,0.16504,0.44349,-0.05883,-0.2838,0.16554,0.10485,0.28271,0.15679,0.043124,-0.35299,-0.060627,0.17642,0.34119,-0.074383,0.13216,-0.0038205,0.20523,-0.014014,0,0.14024,0,-0.086355,0.054989,0.022012,0.096879,0.059109,0.00228,-0.13892,-0.29248,-0.28953,0.026405,-0.35635,-0.19728,-0.046165,-0.58484,0.057966,0.0721,-0.479,0.2367
-0.035373,0.69719,-0.20423,-0.024351,0.52834,-0.079228,-0.2093,0.4418,-0.021272,0.16517,0.44274,-0.058211,-0.27092,0.17652,0.11384,0.27834,0.16564,0.06215,-0.32332,-0.024602,0.23694,0.34542,-0.040942,0.20016,-0.0038338,0.20495,-0.014458,0,0.14012,0,-0.086426,0.054826,0.022288,0.097032,0.059149,0.002434,-0.042442,-0.32245,-0.25198,-0.020414,-0.34093,-0.20686,-0.018819,-0.46839,0.20191,0.066028,-0.45976,0.21728
-0.035031,0.69099,-0.21227,-0.025207,0.52374,-0.078077,-0.20676,0.43692,-0.021941,0.16431,0.44072,-0.058193,-0.25883,0.19168,0.12428,0.2814,0.18054,0.09361,-0.3159,0.00095719,0.28326,0.35822,-0.022776,0.23724,-0.0039983,0.20201,-0.01459,0,0.13743,0,-0.085821,0.051633,0.021751,0.096614,0.058216,0.002918,-0.046468,-0.36515,-0.18388,0.10287,-0.35104,-0.22193,-0.021466,-0.51954,0.22401,0.043656,-0.72518,0.053057
-0.035561,0.67288,-0.22687,-0.021377,0.51151,-0.073569,-0.20311,0.43073,-0.022167,0.16469,0.4354,-0.055118,-0.25466,0.18695,0.15364,0.28486,0.18634,0.1098,-0.33614,0.0067533,0.29098,0.37794,-0.00033015,0.251,-0.0033837,0.18647,-0.014162,0,0.12113,0,-0.084678,0.031153,0.014055,0.094132,0.047152,0.007684,-0.061372,-0.41069,-0.12585,0.11422,-0.37141,-0.19614,-0.020789,-0.75616,0.082491,0.063992,-0.77218,0.04481
-0.034766,0.65693,-0.23599,-0.01773,0.48586,-0.072809,-0.20088,0.42305,-0.020616,0.16766,0.42345,-0.049479,-0.26098,0.1837,0.16893,0.30345,0.19533,0.13028,-0.39787,0.030731,0.29578,0.43628,0.010393,0.23768,-0.0029315,0.16523,-0.01435,0,0.10098,0,-0.081599,0.00456,0.011691,0.090171,0.031526,0.011201,-0.058051,-0.49341,-0.075022,0.1008,-0.41762,-0.11283,-0.03478,-0.92592,0.036739,0.062493,-0.85872,0.058066
-0.037932,0.61424,-0.2447,-0.024212,0.45816,-0.075305,-0.20389,0.38496,-0.017689,0.16793,0.39148,-0.039212,-0.26667,0.17978,0.16958,0.31856,0.17039,0.13815,-0.48033,0.062001,0.27947,0.50801,0.027496,0.1999,-0.0041274,0.13124,-0.01495,0,0.065573,0,-0.077837,-0.035708,0.009432,0.088791,0.00049257,0.015917,-0.051764,-0.58255,-0.064772,0.073633,-0.55344,-0.085849,-0.048721,-1.0224,0.032489,0.064892,-0.99283,0.048262
-0.052077,0.57014,-0.23592,-0.025066,0.39978,-0.073551,-0.215,0.34795,-0.008956,0.15694,0.35466,-0.025982,-0.35083,0.13534,0.18236,0.34666,0.13984,0.12418,-0.58118,0.078395,0.24471,0.57292,0.043987,0.15209,-0.0041584,0.072766,-0.014679,0,0.007281,0,-0.081254,-0.080277,0.008857,0.091455,-0.068459,0.016473,-0.060408,-0.59553,-0.060935,0.073927,-0.6029,-0.06755,-0.057006,-1.0221,0.045089,0.067887,-1.0045,0.056182
-0.049838,0.50411,-0.21062,-0.029809,0.34893,-0.070119,-0.22275,0.27207,0.009613,0.16561,0.29128,-0.011691,-0.42824,0.10225,0.15584,0.39349,0.1064,0.085462,-0.67218,0.13081,0.1849,0.63804,0.057645,0.071136,-0.004949,0.021206,-0.01415,0,-0.044409,0,-0.08318,-0.13914,0.003741,0.096333,-0.12324,0.020989,-0.062988,-0.61595,-0.065213,0.078897,-0.61349,-0.065429,-0.066862,-1.0341,0.090337,0.084495,-1.0211,0.074644
-0.043865,0.45488,-0.19196,-0.027739,0.28453,-0.055023,-0.22369,0.21647,0.020149,0.18213,0.22251,-0.00253,-0.45155,0.093026,0.1089,0.44458,0.080699,0.022668,-0.69063,0.1639,0.094092,0.69114,0.095349,-0.025696,-0.0046035,-0.033193,-0.011673,0,-0.096786,0,-0.086855,-0.19355,0.001349,0.10008,-0.18186,0.018179,-0.056847,-0.64773,-0.075893,0.085139,-0.6361,-0.063885,-0.060001,-1.0365,0.094114,0.095145,-1.0304,0.093875
-0.042687,0.43581,-0.18094,-0.033483,0.24494,-0.034875,-0.23422,0.18351,0.028263,0.18595,0.18399,-0.006543,-0.49171,0.10721,0.054798,0.42405,0.081295,-0.018409,-0.7215,0.19878,0.009798,0.67113,0.10776,-0.11086,-0.0052839,-0.054268,-0.009387,0,-0.11529,0,-0.089989,-0.21684,0.000176,0.10412,-0.20624,0.012524,-0.041448,-0.66894,-0.078821,0.055734,-0.65865,-0.064401,-0.056683,-1.0392,0.096143,0.099002,-1.0305,0.094252
-0.040769,0.42577,-0.17403,-0.032861,0.24165,-0.03147,-0.23653,0.16967,0.018771,0.18947,0.17384,-0.018903,-0.5253,0.13534,-0.008877,0.51129,0.098866,-0.11454,-0.73865,0.23951,-0.099176,0.73156,0.14669,-0.23525,-0.0053603,-0.064003,-0.008143,0,-0.12563,0,-0.091628,-0.22775,0.00103,0.10686,-0.21603,0.008596,-0.02768,-0.67674,-0.084246,0.053088,-0.66739,-0.069771,-0.055449,-1.0437,0.09349,0.094988,-1.0342,0.091178
-0.03539,0.42922,-0.17734,-0.029983,0.24708,-0.034953,-0.23556,0.1727,0.00267,0.19511,0.17586,-0.037703,-0.52326,0.16511,-0.066754,0.50269,0.12825,-0.18818,-0.73855,0.25341,-0.17058,0.71084,0.14606,-0.33849,-0.0048575,-0.057402,-0.008638,0,-0.11854,0,-0.093953,-0.21813,0.009188,0.10831,-0.21266,0.0033,-0.025866,-0.66365,-0.091135,0.055061,-0.66347,-0.077871,-0.05287,-1.0441,0.082787,0.097587,-1.0343,0.080829
-0.034232,0.47326,-0.18292,-0.028265,0.30781,-0.040754,-0.24127,0.22431,-0.037939,0.19337,0.22228,-0.080276,-0.50437,0.20393,-0.11342,0.41699,0.16879,-0.20417,-0.71916,0.2114,-0.25378,0.62779,0.12468,-0.38827,-0.0046875,-0.0083315,-0.009414,0,-0.071583,0,-0.090757,-0.1739,0.011324,0.10527,-0.16401,0.002386,-0.058804,-0.63526,-0.07623,0.095897,-0.61879,-0.070425,-0.059954,-1.0438,0.060245,0.092342,-1.0355,0.060687
-0.031495,0.52533,-0.18824,-0.026877,0.36834,-0.045148,-0.23203,0.28537,-0.044109,0.18538,0.27623,-0.089299,-0.46862,0.23986,-0.13524,0.40202,0.18869,-0.24225,-0.67982,0.16728,-0.25982,0.61611,0.073719,-0.43013,-0.0044558,0.044198,-0.010171,0,-0.020652,0,-0.087789,-0.11753,0.011671,0.10071,-0.11075,0.00328,-0.064718,-0.62068,-0.057818,0.10684,-0.60216,-0.062351,-0.058239,-1.0416,0.054462,0.1002,-1.0289,0.05589
-0.028737,0.58533,-0.21357,-0.016339,0.43028,-0.055623,-0.22259,0.34592,-0.054932,0.1788,0.34147,-0.097958,-0.46621,0.2344,-0.14754,0.40788,0.18263,-0.25602,-0.66718,0.12794,-0.26341,0.60341,0.0094399,-0.42424,-0.002747,0.092001,-0.011734,0,0.022264,0,-0.086605,-0.068538,0.01412,0.093822,-0.060324,0.005063,-0.070708,-0.60931,-0.059117,0.11004,-0.57847,-0.04918,-0.060596,-1.0054,0.003291,0.11217,-0.99201,0.019418
-0.032522,0.63307,-0.22412,-0.015424,0.48221,-0.071307,-0.2195,0.39822,-0.058387,0.18098,0.39401,-0.10173,-0.45187,0.22675,-0.14154,0.37767,0.17888,-0.21676,-0.62034,0.058349,-0.22879,0.51248,-0.023706,-0.33829,-0.0025516,0.14557,-0.014571,0,0.07821,0,-0.090784,-0.012774,0.016804,0.097597,-0.009266,0.008494,-0.068766,-0.62089,-0.052507,0.10162,-0.50489,-0.064797,-0.056625,-0.97989,-5e-05,0.11174,-0.97717,0.021634
-0.035228,0.65098,-0.23937,-0.011515,0.50965,-0.086327,-0.2148,0.42113,-0.072109,0.17557,0.41556,-0.10905,-0.41305,0.21885,-0.1116,0.35927,0.15367,-0.18365,-0.56542,0.026863,-0.17077,0.47104,-0.079318,-0.26743,-0.0017687,0.18852,-0.017606,0,0.12542,0,-0.091628,0.040254,0.021507,0.096216,0.042678,0.011745,-0.065724,-0.40118,-0.13509,0.09342,-0.423,-0.10554,-0.054942,-0.8039,0.063736,0.096452,-0.85893,0.072834
-0.035478,0.66621,-0.25015,-0.019524,0.51514,-0.099536,-0.21109,0.43666,-0.077127,0.16841,0.43445,-0.10789,-0.37769,0.20725,-0.074075,0.33542,0.14441,-0.11902,-0.53474,-0.049919,-0.096614,0.43853,-0.10233,-0.17675,-0.0028936,0.20078,-0.019227,0,0.13923,0,-0.089755,0.055528,0.024081,0.097753,0.061437,0.01412,-0.066166,-0.34183,-0.21682,0.058822,-0.36243,-0.16945,-0.067967,-0.7374,0.038768,0.082724,-0.751,0.094703
-0.035804,0.66844,-0.25835,-0.023749,0.51007,-0.12552,-0.2117,0.43913,-0.079257,0.16485,0.43957,-0.1058,-0.35738,0.17914,-0.032806,0.31191,0.14599,-0.055712,-0.47306,-0.05318,-0.023198,0.3965,-0.11392,-0.0625,-0.0032751,0.2036,-0.020967,0,0.1422,0,-0.089911,0.058476,0.024864,0.098801,0.065609,0.017043,-0.049919,-0.28719,-0.28664,0.011782,-0.29721,-0.26225,-0.059603,-0.50828,0.11975,0.075888,-0.59066,0.093104
-0.033914,0.66108,-0.27306,-0.023808,0.50641,-0.13909,-0.21333,0.4334,-0.082316,0.1631,0.43688,-0.10593,-0.33097,0.15721,0.013364,0.2914,0.1461,-0.020417,-0.42796,-0.078392,0.079547,0.3646,-0.094215,0.035379,-0.0035511,0.20292,-0.023452,0,0.14196,0,-0.090041,0.05836,0.025808,0.099136,0.06564,0.018306,-0.056455,-0.37837,-0.11999,0.060077,-0.26868,-0.30544,-0.087841,-0.60235,0.1321,0.081137,-0.51694,0.084958
-0.031598,0.65695,-0.28394,-0.021342,0.49492,-0.15444,-0.21119,0.42521,-0.084615,0.16224,0.4245,-0.10618,-0.30126,0.15332,0.052412,0.27853,0.14376,0.013238,-0.37735,-0.056587,0.14968,0.34633,-0.089026,0.11883,-0.0038235,0.19996,-0.026121,0,0.14036,0,-0.090029,0.057947,0.02763,0.099602,0.064787,0.020591,-0.055491,-0.27424,-0.29892,0.018006,-0.24766,-0.31736,-0.077534,-0.45533,0.067058,0.061084,-0.48344,0.078633
-0.028725,0.63952,-0.30884,-0.017369,0.49016,-0.15498,-0.20377,0.41614,-0.088695,0.16358,0.41966,-0.10546,-0.27786,0.17154,0.062283,0.2743,0.16154,0.030252,-0.33668,-0.020449,0.19644,0.33036,-0.035594,0.15861,-0.0030043,0.1933,-0.027158,0,0.13366,0,-0.089045,0.053108,0.027424,0.096205,0.059398,0.026054,-0.063464,-0.29763,-0.27849,0.051072,-0.28709,-0.28255,-0.080455,-0.64659,-0.042312,0.086431,-0.48623,0.096879
-0.023969,0.63144,-0.31292,-0.013447,0.47331,-0.15374,-0.19871,0.4115,-0.089178,0.16747,0.41722,-0.10451,-0.26793,0.17393,0.07737,0.27783,0.17139,0.071269,-0.33224,-0.013328,0.21515,0.34421,-0.016486,0.20738,-0.0023802,0.1803,-0.027733,0,0.12153,0,-0.089606,0.034696,0.022842,0.09481,0.05187,0.032445,-0.074232,-0.40156,-0.16803,0.086887,-0.30343,-0.26848,-0.085325,-0.8171,-0.10134,0.060356,-0.73963,-0.081444
-0.020416,0.625,-0.30803,-0.011166,0.46245,-0.14434,-0.19433,0.40488,-0.083496,0.16876,0.40953,-0.097053,-0.26098,0.21196,0.072602,0.28134,0.17134,0.086597,-0.3473,0.037856,0.21515,0.37103,-0.00297,0.227,-0.001814,0.14572,-0.026158,0,0.080912,0,-0.082033,-0.012169,0.014258,0.088658,0.020827,0.038246,-0.092391,-0.44774,-0.13633,0.077538,-0.43331,-0.14988,-0.084952,-0.9336,-0.13171,0.071312,-0.83276,-0.038507
-0.021548,0.60955,-0.29667,-0.011591,0.44658,-0.13318,-0.19527,0.39071,-0.076941,0.17143,0.38312,-0.075913,-0.28533,0.1628,0.12768,0.29473,0.16255,0.12038,-0.45495,0.026585,0.23579,0.45623,0.005236,0.21717,-0.0018877,0.12157,-0.024633,0,0.056701,0,-0.082886,-0.030305,0.015968,0.088283,-0.022079,0.028983,-0.053894,-0.60015,-0.11882,0.090756,-0.49074,-0.16344,-0.060472,-1.0125,-0.084205,0.023405,-0.95766,-0.069472
-0.019226,0.55478,-0.26122,-0.013503,0.39354,-0.10864,-0.20005,0.34324,-0.048206,0.16952,0.35594,-0.043406,-0.32208,0.13085,0.15487,0.30759,0.13785,0.14649,-0.55034,0.064548,0.21644,0.52515,0.023204,0.18475,-0.0022673,0.078265,-0.020888,0,0.014643,0,-0.082757,-0.074381,0.007721,0.08844,-0.058423,0.032807,-0.058505,-0.60061,-0.10258,0.073753,-0.58968,-0.13252,-0.081255,-1.0239,-0.032162,0.056353,-1.0103,-0.004924
-0.019825,0.51011,-0.22814,-0.006096,0.3457,-0.089008,-0.20079,0.29004,-0.016961,0.17561,0.30207,-0.008482,-0.38873,0.092276,0.13503,0.37417,0.084951,0.12036,-0.63537,0.11149,0.15357,0.61986,0.048311,0.12973,-0.0010358,0.031636,-0.017672,0,-0.031438,0,-0.086063,-0.12201,0.00262,0.088529,-0.11201,0.030065,-0.050885,-0.60875,-0.11085,0.069031,-0.59716,-0.11897,-0.081183,-1.0249,-0.025112,0.063524,-1.0238,0.038511
-0.018701,0.4616,-0.20917,-0.0083446,0.29152,-0.072424,-0.21099,0.22426,-0.002938,0.18495,0.22395,-0.001169,-0.46067,0.080221,0.071685,0.42092,0.056723,0.061901,-0.69716,0.15967,0.063522,0.66734,0.070418,0.01105,-0.001391,-0.024955,-0.014866,0,-0.088259,0,-0.090164,-0.1793,0.00139,0.094068,-0.17486,0.025955,-0.058866,-0.64827,-0.14091,0.060472,-0.61247,-0.11345,-0.081913,-1.0251,-0.024949,0.064229,-1.0314,0.053644
-0.018113,0.43241,-0.20517,-0.023043,0.2442,-0.051646,-0.21521,0.1767,-0.010831,0.19163,0.17072,-0.005866,-0.49623,0.081432,0.002103,0.46114,0.033475,-0.024888,-0.72325,0.17533,-0.055744,0.69717,0.068571,-0.1119,-0.0037216,-0.064075,-0.011609,0,-0.12506,0,-0.090114,-0.21837,-0.000182,0.099912,-0.2175,0.020303,-0.052521,-0.65227,-0.15003,0.051839,-0.6516,-0.12557,-0.08574,-1.0298,-0.035194,0.067963,-1.0283,0.044494
-0.016059,0.41767,-0.19901,-0.021293,0.23533,-0.051621,-0.22429,0.16048,-0.014378,0.19785,0.15304,-0.018182,-0.51293,0.10627,-0.058074,0.43717,0.051512,-0.084735,-0.73299,0.1646,-0.17415,0.66775,0.064041,-0.22457,-0.0034614,-0.07334,-0.0116,0,-0.13487,0,-0.093117,-0.23325,0.004742,0.10212,-0.22874,0.017582,-0.047868,-0.65996,-0.16338,0.05018,-0.6597,-0.13592,-0.086417,-1.0303,-0.044088,0.071215,-1.0268,0.033072
-0.01569,0.41587,-0.19914,-0.018482,0.23317,-0.052505,-0.22603,0.15991,-0.021323,0.19951,0.15255,-0.027658,-0.51578,0.13612,-0.10669,0.44357,0.077828,-0.13718,-0.72246,0.14785,-0.25988,0.6522,0.044731,-0.3344,-0.0030219,-0.073565,-0.01174,0,-0.13479,0,-0.094786,-0.23379,0.005608,0.10301,-0.22941,0.01641,-0.04711,-0.65742,-0.16942,0.052768,-0.66022,-0.1374,-0.088429,-1.0325,-0.047292,0.071855,-1.027,0.026699
-0.0094275,0.43709,-0.19699,-0.011319,0.26416,-0.049166,-0.22468,0.19004,-0.035202,0.20509,0.17214,-0.05168,-0.49423,0.14445,-0.13396,0.42569,0.092056,-0.18148,-0.70166,0.10451,-0.29622,0.64678,0.0064834,-0.40083,-0.0019402,-0.044894,-0.01103,0,-0.10673,0,-0.095763,-0.20387,0.003744,0.10173,-0.20441,0.015159,-0.05624,-0.63236,-0.16148,0.081091,-0.64407,-0.11612,-0.086987,-1.0324,-0.06268,0.074725,-1.0272,0.016673
-0.013075,0.49512,-0.19143,-0.016623,0.33029,-0.042565,-0.22096,0.24875,-0.038913,0.19639,0.23665,-0.065575,-0.46319,0.15265,-0.1374,0.39782,0.10636,-0.22511,-0.68231,0.072251,-0.27701,0.62173,-0.041224,-0.38142,-0.0027064,0.0065813,-0.009844,0,-0.058712,0,-0.090576,-0.15199,0.005168,0.098775,-0.15161,0.008812,-0.083999,-0.60883,-0.12291,0.091936,-0.61398,-0.085337,-0.092623,-1.0284,-0.068461,0.070818,-1.0265,0.028693
-0.010458,0.55094,-0.19866,-0.010736,0.39588,-0.038985,-0.2148,0.31122,-0.032772,0.1989,0.30305,-0.061758,-0.45608,0.16024,-0.12596,0.40025,0.12911,-0.1834,-0.65119,0.03841,-0.23613,0.55611,-0.04908,-0.30794,-0.0017874,0.065002,-0.00931,0,-0.0011755,0,-0.091117,-0.095848,0.005901,0.09614,-0.09227,0.005817,-0.092615,-0.59449,-0.079502,0.10355,-0.59485,-0.037246,-0.09408,-1.0181,-0.072141,0.077039,-1.0259,0.036272
-0.011793,0.61262,-0.20161,-0.013581,0.45776,-0.041479,-0.2076,0.37944,-0.031113,0.19698,0.37845,-0.050556,-0.43392,0.18607,-0.088266,0.37635,0.16979,-0.1247,-0.61017,0.02558,-0.17529,0.51633,-0.069837,-0.23724,-0.0022624,0.12517,-0.009728,0,0.058647,0,-0.08875,-0.03354,0.007221,0.094927,-0.030701,0.005307,-0.097762,-0.58905,-0.071737,0.10122,-0.56324,-0.016758,-0.10014,-1.0024,-0.069914,0.090353,-0.99769,0.021776
-0.018059,0.6644,-0.20349,-0.00745,0.51248,-0.055865,-0.20223,0.43129,-0.035096,0.18196,0.41987,-0.057887,-0.40019,0.21187,-0.054299,0.36593,0.14111,-0.09744,-0.55198,0.020207,-0.11747,0.48068,-0.086993,-0.1592,-0.0013254,0.16592,-0.011857,0,0.096035,0,-0.086797,0.017793,0.01129,0.09055,0.010077,0.00663,-0.10134,-0.59512,-0.064059,0.096131,-0.50039,-0.039228,-0.085556,-0.93792,0.018137,0.080283,-0.97721,0.033026
-0.021754,0.67765,-0.21291,-0.0070045,0.52473,-0.065979,-0.1979,0.45486,-0.046407,0.17788,0.44066,-0.061323,-0.38011,0.20951,-0.039058,0.34217,0.15134,-0.050434,-0.52188,0.0054537,-0.075409,0.44674,-0.098646,-0.085263,-0.0011065,0.20575,-0.014777,0,0.1448,0,-0.088151,0.058884,0.011552,0.090935,0.061836,0.011393,-0.095817,-0.37778,-0.13095,0.090792,-0.41611,-0.080536,-0.074639,-0.78718,0.082629,0.074374,-0.8506,0.092464
-0.023262,0.68554,-0.21991,-0.014431,0.53244,-0.079399,-0.20011,0.45769,-0.049867,0.17261,0.45428,-0.063899,-0.36073,0.1963,-0.007929,0.31132,0.15469,-0.020299,-0.48116,-0.03501,-0.003486,0.39509,-0.096389,9.2e-05,-0.0021367,0.21425,-0.016242,0,0.15249,0,-0.086249,0.069756,0.016947,0.09302,0.073184,0.01425,-0.091908,-0.33069,-0.21281,0.071259,-0.36049,-0.13541,-0.075994,-0.69544,0.083421,0.081162,-0.74719,0.1345
-0.023783,0.68732,-0.22683,-0.01747,0.53216,-0.088468,-0.20226,0.45725,-0.054177,0.17036,0.45366,-0.067062,-0.33158,0.18403,0.032684,0.29267,0.16234,0.025312,-0.43938,-0.06362,0.094103,0.35646,-0.078901,0.07829,-0.0028788,0.21495,-0.018903,0,0.15307,0,-0.086757,0.069067,0.018446,0.096322,0.075492,0.020884,-0.082432,-0.29834,-0.26372,0.019893,-0.30917,-0.22361,-0.069696,-0.57589,0.11017,0.07652,-0.60191,0.13541
-0.024417,0.68751,-0.23918,-0.018899,0.52996,-0.10093,-0.2051,0.44889,-0.056488,0.16986,0.44749,-0.072077,-0.31405,0.18155,0.076761,0.28506,0.16189,0.039987,-0.39565,-0.031594,0.1645,0.33888,-0.056686,0.1475,-0.0032841,0.21444,-0.021862,0,0.15259,0,-0.088041,0.066407,0.02144,0.097635,0.075963,0.024182,-0.055951,-0.28303,-0.28197,0.024823,-0.28884,-0.25157,-0.070168,-0.44235,0.16824,0.050599,-0.52309,0.14861
-0.024827,0.68435,-0.25077,-0.017513,0.52142,-0.11217,-0.20662,0.43871,-0.054841,0.16802,0.44229,-0.075265,-0.29377,0.18966,0.10335,0.2833,0.18333,0.08145,-0.37813,-0.0042325,0.22242,0.35552,-0.013758,0.21367,-0.0031136,0.21183,-0.023245,0,0.15048,0,-0.08839,0.063523,0.022107,0.096995,0.075258,0.02707,-0.060519,-0.28311,-0.28453,0.0033409,-0.27525,-0.26069,-0.062896,-0.49624,0.1348,0.048624,-0.49125,0.14759
-0.021575,0.67292,-0.25924,-0.013919,0.51218,-0.11321,-0.20489,0.43501,-0.054064,0.1772,0.43286,-0.061492,-0.2865,0.1955,0.127,0.29196,0.1838,0.1007,-0.39492,0.016601,0.24949,0.37588,0.0069538,0.24187,-0.0025418,0.20842,-0.02252,0,0.14789,0,-0.088949,0.061619,0.020103,0.096118,0.070131,0.029516,-0.080954,-0.35796,-0.1676,0.091546,-0.29999,-0.24764,-0.06607,-0.69265,0.072856,0.10845,-0.48733,0.18613
-0.021484,0.65835,-0.27106,-0.013391,0.49826,-0.10953,-0.20272,0.42863,-0.052724,0.17847,0.43199,-0.066155,-0.28863,0.19483,0.14196,0.30904,0.2035,0.11829,-0.43635,0.035429,0.25092,0.43183,0.028652,0.23352,-0.0023285,0.19326,-0.021376,0,0.13245,0,-0.087745,0.044232,0.01496,0.094094,0.054737,0.030596,-0.084443,-0.40437,-0.1082,0.10929,-0.36342,-0.15933,-0.077809,-0.8473,0.043329,0.10968,-0.70278,0.12218
-0.025341,0.63865,-0.27517,-0.014761,0.47695,-0.10713,-0.20246,0.4151,-0.049426,0.17879,0.41923,-0.061464,-0.30459,0.19191,0.14152,0.32413,0.1984,0.12137,-0.50495,0.070925,0.21433,0.50431,0.04529,0.19449,-0.002525,0.15672,-0.02057,0,0.091959,0,-0.084082,-0.0058118,0.010893,0.09122,0.020477,0.02921,-0.085993,-0.51511,-0.075965,0.098004,-0.45054,-0.10058,-0.077147,-0.96894,0.040915,0.1026,-0.85546,0.076113
-0.027467,0.60011,-0.26431,-0.014963,0.44661,-0.097582,-0.20595,0.38295,-0.035489,0.17913,0.38912,-0.042433,-0.36371,0.16242,0.13885,0.35414,0.1719,0.12096,-0.60072,0.095444,0.16636,0.57546,0.065151,0.15175,-0.0024693,0.12758,-0.019113,0,0.063919,0,-0.085676,-0.025107,0.008797,0.093069,-0.020308,0.028652,-0.083876,-0.57653,-0.056799,0.10404,-0.51384,-0.10697,-0.066115,-1.0115,0.079086,0.084907,-0.96324,0.056756
-0.026387,0.54814,-0.24739,-0.01206,0.39131,-0.090497,-0.21013,0.32966,-0.023803,0.18203,0.33544,-0.028277,-0.40826,0.13235,0.099229,0.40137,0.1326,0.084179,-0.65787,0.1394,0.077689,0.64796,0.095953,0.054132,-0.0020099,0.07115,-0.017904,0,0.0071157,0,-0.087182,-0.085312,0.00755,0.092647,-0.074547,0.027164,-0.080626,-0.60003,-0.059074,0.096306,-0.58129,-0.083503,-0.079604,-1.0249,0.095161,0.082712,-0.98534,0.060708
-0.029598,0.49443,-0.22428,-0.011001,0.33369,-0.075627,-0.21564,0.25638,-0.023304,0.18672,0.26097,-0.01466,-0.4415,0.11131,0.042809,0.4273,0.10811,0.01924,-0.68181,0.16985,-0.006106,0.67097,0.13258,-0.043949,-0.0018337,0.012661,-0.015426,0,-0.051546,0,-0.089569,-0.14701,0.004284,0.094704,-0.13589,0.024535,-0.075385,-0.61619,-0.068391,0.079085,-0.618,-0.071609,-0.082599,-1.0248,0.088241,0.096321,-1.0053,0.075432
-0.019423,0.45946,-0.21585,-0.022373,0.28167,-0.055087,-0.21556,0.22044,-0.022211,0.19729,0.21049,-0.019816,-0.47257,0.10738,-0.019511,0.45049,0.090899,-0.042785,-0.70208,0.18763,-0.090582,0.67774,0.14123,-0.1473,-0.0038398,-0.024736,-0.012165,0,-0.084834,0,-0.088895,-0.17984,0.00297,0.097974,-0.17809,0.01932,-0.049137,-0.63852,-0.071661,0.078892,-0.62439,-0.073275,-0.073236,-1.0256,0.083046,0.09779,-1.0111,0.08326
-0.021075,0.44182,-0.20679,-0.022383,0.26818,-0.050772,-0.22829,0.18978,-0.01845,0.19913,0.19941,-0.024294,-0.51534,0.12923,-0.087586,0.50944,0.10193,-0.1436,-0.71154,0.23571,-0.21368,0.71256,0.17702,-0.28211,-0.0037781,-0.032604,-0.011644,0,-0.092613,0,-0.090841,-0.19168,0.003608,0.10057,-0.18613,0.018035,-0.038975,-0.63963,-0.073769,0.062756,-0.63161,-0.071225,-0.07264,-1.0255,0.079775,0.09344,-1.0103,0.079297
-0.019823,0.44307,-0.20958,-0.02107,0.27597,-0.044136,-0.22856,0.19103,-0.028549,0.20126,0.19899,-0.037072,-0.50246,0.15974,-0.13487,0.4933,0.12677,-0.21866,-0.69142,0.2393,-0.29164,0.6768,0.17971,-0.39373,-0.003602,-0.029741,-0.010393,0,-0.090607,0,-0.091922,-0.19046,0.005975,0.10156,-0.18512,0.012732,-0.038029,-0.63883,-0.078604,0.062257,-0.6307,-0.07402,-0.070953,-1.0251,0.076269,0.089595,-1.012,0.074775
-0.020204,0.47889,-0.20935,-0.018157,0.32285,-0.043616,-0.231,0.23701,-0.049663,0.20302,0.2306,-0.064999,-0.48208,0.19629,-0.17748,0.4077,0.16081,-0.22383,-0.66872,0.20047,-0.35738,0.57798,0.14013,-0.41934,-0.0030007,0.0082049,-0.009898,0,-0.055041,0,-0.092949,-0.159,0.007177,0.10266,-0.14673,0.009065,-0.059069,-0.62599,-0.070316,0.092798,-0.6107,-0.059164,-0.077347,-1.0262,0.062268,0.093237,-1.0219,0.099231
-0.024868,0.5277,-0.22583,-0.012189,0.384,-0.042936,-0.22862,0.30207,-0.054651,0.18491,0.29454,-0.075776,-0.44902,0.23225,-0.1763,0.39042,0.18984,-0.2678,-0.64365,0.15543,-0.37074,0.58842,0.061067,-0.49677,-0.0020314,0.065806,-0.009976,0,0.0021666,0,-0.090068,-0.093242,0.007114,0.095989,-0.087918,0.007009,-0.081157,-0.59322,-0.058558,0.11019,-0.56631,-0.04996,-0.084211,-1.0205,0.05252,0.09733,-1.0045,0.062508
-0.023248,0.57918,-0.23202,-0.009871,0.44372,-0.047689,-0.21541,0.36711,-0.060666,0.18363,0.36024,-0.087191,-0.41534,0.24265,-0.17082,0.38808,0.1909,-0.26718,-0.61691,0.10158,-0.35161,0.52038,0.037098,-0.43232,-0.0016765,0.11593,-0.010746,0,0.048648,0,-0.089506,-0.04153,0.007168,0.093902,-0.036621,0.008282,-0.081177,-0.56207,-0.068141,0.11217,-0.5547,-0.046311,-0.08446,-0.98051,0.001089,0.1014,-0.99014,0.039347
-0.02639,0.62376,-0.23236,-0.016643,0.47543,-0.056081,-0.21529,0.40954,-0.05824,0.18273,0.41309,-0.08218,-0.41055,0.2394,-0.16541,0.36518,0.17776,-0.2259,-0.56679,0.033134,-0.29231,0.48391,-0.044752,-0.36444,-0.0029403,0.16567,-0.012607,0,0.10245,0,-0.087438,0.0085807,0.010106,0.095699,0.018715,0.010901,-0.071007,-0.50434,-0.093154,0.097272,-0.51901,-0.06142,-0.063172,-0.92105,0.025626,0.094297,-0.96524,0.04212
-0.028347,0.65574,-0.23905,-0.023581,0.52192,-0.07744,-0.2096,0.43521,-0.063115,0.18298,0.43859,-0.083927,-0.37279,0.22501,-0.13797,0.34529,0.17157,-0.1621,-0.50556,0.026604,-0.22499,0.45278,-0.076371,-0.27618,-0.0036484,0.20378,-0.015465,0,0.14177,0,-0.089269,0.059004,0.01338,0.098939,0.055614,0.015741,-0.069032,-0.36922,-0.14648,0.074531,-0.40223,-0.12347,-0.042582,-0.80381,0.049823,0.091663,-0.8386,0.070265
-0.030844,0.66773,-0.24436,-0.019876,0.52975,-0.083985,-0.21141,0.44393,-0.068281,0.1772,0.44641,-0.086955,-0.35183,0.20527,-0.098609,0.31806,0.16251,-0.11052,-0.48583,-0.052619,-0.16337,0.40669,-0.093216,-0.16889,-0.0031184,0.21477,-0.01667,0,0.15245,0,-0.090061,0.067297,0.014865,0.098629,0.069739,0.017065,-0.061331,-0.31134,-0.24534,0.058139,-0.3408,-0.18307,-0.031387,-0.69261,0.03329,0.089435,-0.74201,0.068724
-0.031628,0.67346,-0.24751,-0.018455,0.53142,-0.089987,-0.2116,0.44583,-0.069789,0.17444,0.45082,-0.086414,-0.33503,0.17182,-0.054753,0.3075,0.15641,-0.047653,-0.44411,-0.080953,-0.083901,0.37777,-0.10213,-0.061921,-0.0030551,0.21704,-0.017313,0,0.15482,0,-0.090096,0.06856,0.014976,0.098397,0.07478,0.01916,-0.051098,-0.28101,-0.28325,0.044726,-0.29133,-0.25483,-0.014364,-0.59115,0.06691,0.08764,-0.545,0.12994
-0.030259,0.67604,-0.24911,-0.023605,0.52816,-0.098796,-0.21058,0.44549,-0.068317,0.175,0.45017,-0.083804,-0.30414,0.16556,-0.005291,0.29538,0.15375,-0.001756,-0.39005,-0.085028,0.006654,0.3567,-0.083579,0.032828,-0.0035256,0.21746,-0.018376,0,0.15534,0,-0.089756,0.068842,0.015796,0.098823,0.07514,0.020168,-0.046513,-0.27378,-0.29016,0.057085,-0.26699,-0.28659,-0.021163,-0.46091,0.10855,0.073499,-0.4524,0.13126
-0.030397,0.67438,-0.25038,-0.020574,0.52351,-0.099736,-0.20577,0.43507,-0.063465,0.17437,0.44527,-0.075081,-0.28971,0.14412,0.031369,0.29066,0.15489,0.026371,-0.35558,-0.081693,0.10214,0.35769,-0.073612,0.11013,-0.0031939,0.21371,-0.01898,0,0.15186,0,-0.089841,0.065718,0.016957,0.098195,0.072632,0.020256,-0.046159,-0.27476,-0.29141,0.05569,-0.27007,-0.2857,-0.022175,-0.47647,0.091904,0.063568,-0.44999,0.11333
-0.029701,0.66644,-0.24887,-0.016086,0.50949,-0.094833,-0.20372,0.42583,-0.056942,0.17523,0.43873,-0.066129,-0.27398,0.14171,0.061866,0.28966,0.1607,0.061383,-0.34954,-0.074031,0.14902,0.37791,-0.058417,0.16661,-0.0028097,0.20838,-0.018549,0,0.14745,0,-0.089704,0.060245,0.015836,0.097475,0.068041,0.019518,-0.053684,-0.30354,-0.26379,0.056081,-0.27353,-0.28739,-0.030421,-0.60051,0.028991,0.097821,-0.51031,0.059098
-0.02611,0.65374,-0.24935,-0.016952,0.4972,-0.086957,-0.19991,0.41735,-0.05041,0.18225,0.42566,-0.050593,-0.27086,0.14278,0.077993,0.29697,0.15216,0.084402,-0.35835,-0.068437,0.16491,0.39834,-0.044948,0.18584,-0.0028925,0.19452,-0.017208,0,0.13364,0,-0.088897,0.040978,0.013135,0.097077,0.056003,0.01885,-0.059793,-0.35314,-0.21949,0.13261,-0.28253,-0.29193,-0.039131,-0.75813,-0.028589,0.072371,-0.7015,-0.072526
-0.031113,0.64202,-0.22747,-0.021172,0.48379,-0.066605,-0.20593,0.40452,-0.032195,0.17878,0.41209,-0.0254,-0.28453,0.12562,0.11058,0.29848,0.14438,0.11539,-0.42086,-0.066538,0.17966,0.43425,-0.04869,0.18327,-0.0036037,0.15368,-0.012331,0,0.08582,0,-0.085574,-0.006733,0.00442,0.09357,0.0059103,0.017051,-0.061236,-0.47502,-0.18224,0.10807,-0.39507,-0.20402,-0.051605,-0.90799,-0.043102,0.086512,-0.8392,-0.025281
-0.030021,0.62188,-0.20806,-0.022451,0.44986,-0.052491,-0.20811,0.37804,-0.009764,0.17508,0.39118,-0.009071,-0.3031,0.10578,0.12241,0.3126,0.13228,0.13227,-0.49762,-0.048258,0.13842,0.47997,-0.054057,0.15577,-0.0036986,0.1195,-0.011508,0,0.054294,0,-0.082273,-0.03893,0.00146,0.091899,-0.024999,0.014882,-0.050889,-0.58303,-0.17126,0.098582,-0.51755,-0.18857,-0.062026,-1.0258,-0.059233,0.11605,-0.97982,-0.053615
-0.037244,0.56176,-0.17142,-0.030913,0.39782,-0.03464,-0.21817,0.32082,0.019154,0.16272,0.35072,0.01732,-0.3591,0.0654,0.11752,0.32483,0.088175,0.12881,-0.59049,-0.028639,0.11474,0.5333,-0.059479,0.11665,-0.0051522,0.067896,-0.008585,0,0.0019119,0,-0.078829,-0.094136,-0.002312,0.092209,-0.073402,0.011328,-0.059268,-0.60688,-0.16268,0.093194,-0.58194,-0.16905,-0.071287,-1.0379,-0.02059,0.10635,-1.0046,-0.027734
-0.039653,0.50596,-0.15149,-0.025378,0.33951,-0.016241,-0.2199,0.26081,0.029375,0.16918,0.27152,0.038332,-0.40491,0.027197,0.07788,0.37445,0.015169,0.092713,-0.65411,0.0073287,0.056717,0.61642,-0.0416,0.051115,-0.0042297,0.0095204,-0.005518,0,-0.056478,0,-0.082043,-0.15109,-0.009103,0.093306,-0.13761,0.010183,-0.052289,-0.62055,-0.16532,0.079753,-0.60286,-0.1558,-0.074771,-1.0386,-0.013335,0.12808,-1.0228,0.016212
-0.044981,0.45443,-0.13402,-0.030899,0.27762,-0.010065,-0.22837,0.18291,0.028189,0.1704,0.19422,0.031179,-0.44144,0.0014231,0.041978,0.38325,-0.0063265,0.036162,-0.68871,0.038638,-0.025285,0.64756,-0.028166,-0.056576,-0.0051526,-0.048318,-0.004115,0,-0.1135,0,-0.083214,-0.20979,-0.006648,0.097376,-0.19648,0.004934,-0.032704,-0.63257,-0.17069,0.058119,-0.67266,-0.15223,-0.063773,-1.0312,-0.01695,0.12782,-1.0228,0.012633
-0.044407,0.43281,-0.13812,-0.035655,0.23618,-0.003496,-0.23339,0.13654,0.016083,0.17572,0.15335,0.014297,-0.47453,0.012242,-0.018322,0.40687,-0.012371,-0.037814,-0.70848,0.034825,-0.11741,0.65256,-0.019797,-0.16721,-0.0058628,-0.083253,-0.002116,0,-0.14719,0,-0.085822,-0.24887,-0.006692,0.10168,-0.2316,0.003934,-0.021038,-0.66035,-0.19434,0.060151,-0.6836,-0.16333,-0.062926,-1.0332,-0.029827,0.13119,-1.0233,-0.001778
-0.041043,0.40187,-0.13538,-0.030179,0.21935,-0.000972,-0.23672,0.12567,0.011328,0.18077,0.14379,0.005758,-0.48028,0.022888,-0.057125,0.40681,-0.0030872,-0.091086,-0.69471,0.052213,-0.198,0.63932,-0.015638,-0.25615,-0.0051391,-0.093501,-0.000577,0,-0.1563,0,-0.088941,-0.25778,-0.005448,0.10296,-0.24605,0.002474,-0.016692,-0.66543,-0.19874,0.073766,-0.71099,-0.16079,-0.069644,-1.0288,-0.049638,0.13269,-1.0245,-0.007679
-0.036681,0.40145,-0.1463,-0.026455,0.21883,-0.009651,-0.23365,0.12548,-0.000482,0.18675,0.14103,-0.007164,-0.48522,0.04481,-0.10176,0.39972,0.037575,-0.1355,-0.67727,0.040189,-0.27541,0.6301,-0.013451,-0.36552,-0.0041772,-0.092269,-0.002273,0,-0.15437,0,-0.092072,-0.25364,-0.00312,0.10427,-0.24712,0.003042,-0.015297,-0.65764,-0.20228,0.050803,-0.66195,-0.17965,-0.071774,-1.0333,-0.051753,0.13616,-1.0249,-0.018384
-0.031101,0.42052,-0.15204,-0.020964,0.25227,-0.008213,-0.22993,0.15354,-0.018434,0.19029,0.15282,-0.024331,-0.47352,0.064892,-0.13241,0.40498,0.059369,-0.18125,-0.66394,0.014214,-0.30701,0.62266,-0.027616,-0.41291,-0.0035876,-0.071904,-0.001235,0,-0.13638,0,-0.090741,-0.23525,-0.005341,0.10025,-0.22589,0.006326,-0.034381,-0.64758,-0.19275,0.072042,-0.64417,-0.17354,-0.069573,-1.0362,-0.058889,0.13837,-1.0266,-0.029397
-0.030459,0.47415,-0.15154,-0.016141,0.29986,-0.016185,-0.22345,0.21936,-0.026519,0.18918,0.21888,-0.036036,-0.43285,0.10003,-0.13382,0.39083,0.095657,-0.21532,-0.6535,0.0048879,-0.30443,0.6047,-0.05763,-0.39857,-0.0026116,-0.01495,-0.002832,0,-0.078149,0,-0.088684,-0.17543,-0.004296,0.096542,-0.16658,0.005458,-0.06339,-0.62404,-0.16367,0.11055,-0.606,-0.14476,-0.070815,-1.0419,-0.045164,0.13501,-1.0284,-0.026587
-0.026558,0.52914,-0.15886,-0.014795,0.36981,-0.017386,-0.2215,0.27365,-0.032301,0.19078,0.28467,-0.038701,-0.43473,0.10515,-0.1395,0.38619,0.11487,-0.20529,-0.62631,-0.019884,-0.25355,0.54696,-0.059422,-0.33071,-0.0024291,0.038187,-0.003303,0,-0.028165,0,-0.090005,-0.12939,-0.006604,0.097007,-0.11463,0.008097,-0.081988,-0.62186,-0.13093,0.12442,-0.59123,-0.13075,-0.072126,-1.0391,-0.04985,0.13364,-1.0252,-0.034195
-0.029236,0.58599,-0.18022,-0.024931,0.42853,-0.028911,-0.22029,0.33977,-0.034987,0.18227,0.34236,-0.046105,-0.43725,0.11756,-0.11958,0.36506,0.1397,-0.16299,-0.60029,-0.062807,-0.1907,0.51919,-0.074664,-0.26268,-0.0040961,0.095282,-0.005466,0,0.028531,0,-0.08536,-0.066759,-0.002713,0.096647,-0.05728,0.009563,-0.093434,-0.58645,-0.10857,0.12161,-0.55401,-0.11966,-0.086342,-0.99266,-0.084372,0.12815,-0.99814,-0.065331
-0.031825,0.63512,-0.19243,-0.030893,0.47308,-0.043846,-0.21541,0.38071,-0.041143,0.17851,0.39496,-0.04572,-0.4106,0.14308,-0.066913,0.37497,0.12566,-0.10018,-0.54821,-0.061949,-0.11895,0.48452,-0.094713,-0.1908,-0.0051153,0.13967,-0.008173,0,0.073276,0,-0.082079,-0.021488,-0.001677,0.095735,-0.0059864,0.015562,-0.093013,-0.56388,-0.11078,0.10972,-0.52736,-0.11696,-0.077346,-0.98498,-0.073612,0.10516,-0.97248,-0.066461
-0.029029,0.64429,-0.20505,-0.028073,0.4809,-0.055065,-0.20724,0.39814,-0.050872,0.18006,0.41131,-0.05282,-0.36638,0.16583,-0.033058,0.34692,0.13226,-0.063247,-0.49674,-0.065472,-0.056695,0.47065,-0.11711,-0.11287,-0.0046279,0.16594,-0.01119,0,0.10427,0,-0.083194,0.017249,0.000837,0.096264,0.023129,0.020107,-0.078506,-0.46337,-0.13343,0.10176,-0.43705,-0.1292,-0.050073,-0.85949,0.019152,0.071929,-0.86743,0.006005
-0.031107,0.6516,-0.21925,-0.023916,0.49359,-0.072101,-0.20748,0.40575,-0.061491,0.17673,0.42019,-0.05828,-0.3544,0.15249,-0.002821,0.32804,0.12633,-0.013535,-0.47679,-0.094135,0.004587,0.42696,-0.10695,-0.021251,-0.0038937,0.18322,-0.014113,0,0.12175,0,-0.086378,0.032594,0.002705,0.097202,0.044919,0.027858,-0.076647,-0.38304,-0.18455,0.082719,-0.36437,-0.17358,-0.061814,-0.78826,0.064811,0.047748,-0.77914,0.0593
-0.030834,0.65244,-0.22831,-0.0238,0.49171,-0.08225,-0.21022,0.40902,-0.06324,0.17414,0.42202,-0.056557,-0.34402,0.12763,0.037243,0.30814,0.13394,0.032227,-0.44715,-0.10018,0.082306,0.40027,-0.10148,0.069855,-0.0038449,0.18793,-0.017081,0,0.1291,0,-0.08734,0.039633,0.006929,0.098533,0.052629,0.031267,-0.071742,-0.33877,-0.25023,0.068191,-0.32331,-0.22831,-0.064062,-0.66368,0.090623,0.058556,-0.57242,0.15135
-0.028743,0.65053,-0.24091,-0.023665,0.48871,-0.095966,-0.21004,0.4074,-0.067791,0.17195,0.41628,-0.054783,-0.32115,0.13665,0.071879,0.29106,0.13683,0.066628,-0.41261,-0.077395,0.14904,0.38545,-0.087759,0.14483,-0.0037355,0.18808,-0.020191,0,0.12914,0,-0.087596,0.040551,0.013901,0.098398,0.052003,0.034106,-0.053291,-0.31176,-0.27795,0.16226,-0.27856,-0.27846,-0.072661,-0.57566,0.1084,0.089503,-0.59559,0.062064
-0.027858,0.6301,-0.26819,-0.020676,0.47836,-0.11312,-0.20809,0.39514,-0.074201,0.1704,0.40654,-0.059791,-0.30664,0.13744,0.094057,0.29416,0.1446,0.08733,-0.40158,-0.058781,0.20235,0.38695,-0.063329,0.20772,-0.0032494,0.17995,-0.022522,0,0.12057,0,-0.087962,0.033281,0.017456,0.097166,0.044148,0.0334,-0.051462,-0.30175,-0.29432,0.13148,-0.27643,-0.29412,-0.067355,-0.57742,0.084325,0.067785,-0.55416,0.078381
-0.0269,0.60558,-0.28776,-0.015278,0.461,-0.11489,-0.20646,0.3823,-0.070865,0.17326,0.39665,-0.061815,-0.30004,0.13826,0.11207,0.29634,0.14429,0.099194,-0.41081,-0.041148,0.23219,0.3903,-0.0264,0.2417,-0.0026273,0.16925,-0.021531,0,0.11096,0,-0.088986,0.024184,0.017449,0.096028,0.033404,0.032925,-0.058257,-0.36187,-0.22475,-0.034848,-0.3598,-0.15528,-0.078767,-0.55633,0.19315,0.051743,-0.55093,0.14218
-0.024641,0.60017,-0.29749,-0.01414,0.44073,-0.11815,-0.20428,0.37644,-0.073617,0.17419,0.39149,-0.068895,-0.29242,0.13422,0.11741,0.30309,0.16232,0.11625,-0.44314,-0.025615,0.22237,0.4166,0.0033093,0.25801,-0.0023663,0.14313,-0.021802,0,0.083219,0,-0.085587,-0.002565,0.019375,0.09249,0.0072161,0.028326,-0.085294,-0.43227,-0.12594,0.070389,-0.41531,-0.13688,-0.083153,-0.82396,0.064633,0.048172,-0.77761,0.077356
-0.022797,0.56699,-0.28619,-0.0099713,0.42017,-0.11259,-0.20267,0.35753,-0.057752,0.17614,0.37921,-0.070053,-0.31016,0.12517,0.13556,0.32115,0.16669,0.12178,-0.51938,0.0071707,0.18979,0.49004,-0.0086727,0.22802,-0.0015929,0.11655,-0.020776,0,0.055337,0,-0.084203,-0.031834,0.018826,0.088457,-0.023549,0.025875,-0.086388,-0.53883,-0.074125,0.077179,-0.50614,-0.097539,-0.09281,-0.97694,0.064481,0.063082,-0.96026,0.060518
-0.025718,0.55264,-0.2826,-0.011714,0.38978,-0.1063,-0.20792,0.33068,-0.043065,0.17834,0.3322,-0.051944,-0.36133,0.09846,0.1149,0.34362,0.12647,0.13175,-0.60279,0.035456,0.10554,0.55075,-0.0078172,0.15491,-0.0019626,0.076541,-0.019657,0,0.013516,0,-0.084638,-0.077493,0.01558,0.09008,-0.067926,0.026078,-0.087876,-0.59007,-0.068263,0.074847,-0.55518,-0.083847,-0.074178,-1.0111,0.081893,0.039537,-1.0019,0.089604
-0.019568,0.4936,-0.24158,-0.009881,0.33503,-0.089926,-0.20674,0.27637,-0.033541,0.18469,0.28834,-0.04016,-0.39594,0.069293,0.083445,0.37448,0.073195,0.11084,-0.64312,0.057502,0.037623,0.61007,-0.0075626,0.081535,-0.0016398,0.026053,-0.017121,0,-0.035908,0,-0.086346,-0.12458,0.009949,0.090988,-0.1191,0.025576,-0.078602,-0.61096,-0.066201,0.074275,-0.59154,-0.068214,-0.094221,-1.0138,0.10949,0.076409,-1.0075,0.13669
-0.015204,0.45588,-0.2285,-0.0091027,0.28544,-0.073729,-0.20974,0.21388,-0.032952,0.19769,0.22009,-0.02067,-0.4287,0.041062,0.0349,0.41329,0.017833,0.050689,-0.67348,0.073075,-0.054193,0.6517,-0.0080994,-0.032072,-0.0015368,-0.026342,-0.014483,0,-0.088814,0,-0.088835,-0.18233,0.006649,0.093254,-0.17696,0.022472,-0.066602,-0.62548,-0.075801,0.068303,-0.61841,-0.069309,-0.080532,-1.0165,0.11346,0.075715,-1.0231,0.13626
-0.010086,0.4149,-0.21247,-0.008438,0.23615,-0.062213,-0.20503,0.16387,-0.040785,0.19745,0.16068,-0.023367,-0.43205,0.035236,-0.039072,0.43498,-0.01974,-0.025641,-0.66883,0.073061,-0.12186,0.6619,0.0045027,-0.14027,-0.0014293,-0.075617,-0.012621,0,-0.13805,0,-0.08899,-0.22732,7.3e-05,0.093192,-0.22761,0.023027,-0.053634,-0.66693,-0.096518,0.0609,-0.66383,-0.09094,-0.072757,-1.0199,0.098137,0.077621,-1.0238,0.12052
-0.0069185,0.39551,-0.19982,-0.0089905,0.22333,-0.058069,-0.20993,0.14661,-0.039173,0.20049,0.14539,-0.023921,-0.48246,0.035295,-0.089521,0.38801,-0.019095,-0.048629,-0.69147,0.094903,-0.22566,0.59441,0.0054961,-0.20284,-0.001506,-0.085754,-0.012076,0,-0.14771,0,-0.091815,-0.24261,0.001347,0.095256,-0.23918,0.021978,-0.044273,-0.679,-0.10422,0.053632,-0.67347,-0.09567,-0.070582,-1.0228,0.092734,0.078017,-1.0236,0.11524
-0.0080863,0.40225,-0.1855,-0.010917,0.22342,-0.05009,-0.21192,0.14429,-0.0419,0.20241,0.14255,-0.027891,-0.47654,0.063481,-0.14235,0.40552,0.0056607,-0.1015,-0.67932,0.088233,-0.29903,0.64579,0.040489,-0.34343,-0.0017794,-0.085625,-0.011022,0,-0.14755,0,-0.092467,-0.24307,0.001369,0.096548,-0.23947,0.019327,-0.034663,-0.67811,-0.10347,0.04457,-0.67376,-0.092369,-0.066682,-1.0233,0.083238,0.072595,-1.0222,0.099552
-0.0010909,0.42246,-0.19211,-0.0098519,0.25069,-0.049388,-0.21077,0.16655,-0.056645,0.20755,0.15909,-0.044026,-0.44033,0.10685,-0.16006,0.41314,0.06658,-0.17718,-0.65773,0.068171,-0.36357,0.57378,0.031667,-0.37865,-0.0016679,-0.063438,-0.010636,0,-0.12636,0,-0.090748,-0.22329,-0.003088,0.095389,-0.22027,0.021478,-0.035658,-0.65927,-0.10396,0.056779,-0.65335,-0.10025,-0.065141,-1.0219,0.064034,0.07793,-1.0183,0.084086
0.0023587,0.48082,-0.18847,-0.010268,0.30988,-0.050488,-0.21432,0.22854,-0.067862,0.1968,0.23134,-0.05361,-0.44423,0.1457,-0.18874,0.41294,0.1058,-0.23805,-0.65511,0.059797,-0.36616,0.59709,-0.00076675,-0.46007,-0.001724,-0.0052221,-0.01085,0,-0.068283,0,-0.088946,-0.16312,-0.003918,0.093992,-0.15929,0.021989,-0.078271,-0.62808,-0.089158,0.083858,-0.5978,-0.082075,-0.072862,-1.018,0.057965,0.077544,-1.0201,0.10225
-0.0028652,0.52412,-0.19644,-0.0084057,0.37237,-0.047464,-0.21346,0.28556,-0.072191,0.19142,0.29091,-0.053548,-0.44442,0.14634,-0.19004,0.37643,0.14824,-0.24004,-0.64461,0.0059824,-0.32845,0.57353,-0.035093,-0.43046,-0.0014162,0.049111,-0.010381,0,-0.015574,0,-0.089629,-0.11059,-0.006724,0.09361,-0.10432,0.022712,-0.094427,-0.60585,-0.081483,0.09782,-0.58029,-0.076468,-0.077853,-1.0181,0.05817,0.080868,-1.0169,0.095768
0.0027111,0.58399,-0.21125,-0.011515,0.42989,-0.050701,-0.2076,0.35453,-0.073716,0.19005,0.35679,-0.05344,-0.43249,0.15677,-0.16251,0.37012,0.1514,-0.209,-0.60734,-0.013077,-0.24702,0.51888,-0.054945,-0.36061,-0.0019342,0.1068,-0.010953,0,0.042151,0,-0.087333,-0.050363,-0.004023,0.092676,-0.045255,0.021187,-0.098636,-0.56881,-0.069597,0.097856,-0.55684,-0.065451,-0.10172,-0.992,0.018113,0.086354,-0.97438,0.042441
-0.0037597,0.63708,-0.22373,-0.015713,0.48047,-0.063028,-0.20434,0.39485,-0.071849,0.1917,0.39764,-0.064561,-0.40483,0.1791,-0.11813,0.35371,0.15452,-0.14508,-0.57323,-0.061427,-0.18489,0.49708,-0.08521,-0.274,-0.0026647,0.15269,-0.013044,0,0.086473,0,-0.085529,-0.0050459,-0.000321,0.09236,0.00071019,0.022269,-0.088779,-0.54266,-0.074767,0.10195,-0.54175,-0.06393,-0.082162,-0.97693,0.013264,0.085455,-0.97314,0.040136
-0.005238,0.65157,-0.23269,-0.018726,0.4952,-0.078784,-0.2023,0.41593,-0.073432,0.1863,0.42021,-0.070277,-0.38223,0.17203,-0.087616,0.35233,0.138,-0.12023,-0.5151,-0.061626,-0.12824,0.48215,-0.11192,-0.18376,-0.0028921,0.1774,-0.01565,0,0.11551,0,-0.08591,0.026057,0.003252,0.094298,0.035832,0.027415,-0.077463,-0.41435,-0.11352,0.088803,-0.42188,-0.11011,-0.03655,-0.84571,0.069242,0.068208,-0.8543,0.070647
-0.013236,0.66415,-0.2411,-0.017436,0.50581,-0.091172,-0.20572,0.42232,-0.07288,0.18073,0.42949,-0.070452,-0.35248,0.15818,-0.046295,0.32694,0.14872,-0.042211,-0.46141,-0.069443,-0.059151,0.42321,-0.11181,-0.063341,-0.0028177,0.19585,-0.017796,0,0.1345,0,-0.086864,0.048472,0.008629,0.094647,0.051876,0.02786,-0.077046,-0.36604,-0.17344,0.079832,-0.36537,-0.14695,-0.038192,-0.75593,0.097246,0.050753,-0.76289,0.11462
-0.016886,0.66537,-0.24449,-0.019239,0.50547,-0.092202,-0.20666,0.42577,-0.072037,0.17871,0.43216,-0.067659,-0.33514,0.13776,0.001316,0.30809,0.14209,0.00723,-0.42475,-0.09318,0.016668,0.3908,-0.11317,0.042769,-0.0033306,0.20181,-0.018018,0,0.14255,0,-0.086776,0.05506,0.009572,0.096011,0.062166,0.028599,-0.07161,-0.31158,-0.26031,0.053182,-0.31186,-0.22707,-0.027187,-0.61769,0.095655,0.039889,-0.62545,0.12516
-0.01843,0.66524,-0.25437,-0.020004,0.50485,-0.096129,-0.20656,0.42497,-0.072167,0.17723,0.43339,-0.063965,-0.31075,0.13922,0.031848,0.28808,0.14885,0.053177,-0.37965,-0.084211,0.1115,0.36581,-0.090145,0.13489,-0.0033597,0.20253,-0.018494,0,0.14311,0,-0.086499,0.055689,0.009173,0.095959,0.062766,0.029342,-0.059146,-0.29431,-0.28206,0.05286,-0.29697,-0.24705,-0.043387,-0.53585,0.11976,0.066421,-0.45581,0.21375
-0.022635,0.65289,-0.26697,-0.018967,0.49875,-0.10106,-0.20096,0.40908,-0.077297,0.17795,0.42901,-0.062066,-0.28996,0.14053,0.055834,0.28174,0.15636,0.080833,-0.33581,-0.070977,0.16626,0.35785,-0.055793,0.20121,-0.0032757,0.20089,-0.018935,0,0.14167,0,-0.086505,0.054613,0.009268,0.095751,0.06164,0.030133,-0.060057,-0.29297,-0.28462,0.043387,-0.27729,-0.27063,-0.069803,-0.46539,0.14308,0.06677,-0.42579,0.19374
-0.023259,0.63385,-0.28966,-0.021782,0.47352,-0.10742,-0.20013,0.40374,-0.075166,0.17438,0.42166,-0.065809,-0.27505,0.1505,0.064482,0.27964,0.16315,0.097334,-0.31568,-0.038833,0.20823,0.36053,-0.011407,0.24839,-0.0035764,0.1908,-0.019921,0,0.13351,0,-0.08562,0.047367,0.011143,0.095668,0.056824,0.030607,-0.059546,-0.30764,-0.27285,0.081098,-0.29443,-0.25909,-0.071992,-0.61639,0.055093,0.055492,-0.53538,0.1211
-0.030658,0.61889,-0.29391,-0.023079,0.46254,-0.10884,-0.2031,0.39294,-0.072213,0.17121,0.4162,-0.065361,-0.26424,0.15402,0.07828,0.27777,0.16943,0.11229,-0.32638,-0.034551,0.21591,0.37265,0.00781,0.26351,-0.0038246,0.17274,-0.020671,0,0.1147,0,-0.083415,0.022807,0.013913,0.094423,0.043557,0.030635,-0.073169,-0.39062,-0.16873,0.099514,-0.32776,-0.23139,-0.095363,-0.78571,0.007923,0.035736,-0.73257,0.015116
-0.031913,0.59339,-0.29759,-0.01878,0.44723,-0.10715,-0.1993,0.38247,-0.067329,0.17323,0.40165,-0.060707,-0.26746,0.13946,0.11695,0.30128,0.18363,0.13627,-0.37772,-0.043742,0.232,0.41416,0.018289,0.27163,-0.0029107,0.13249,-0.020593,0,0.068093,0,-0.080201,-0.018987,0.012164,0.088534,-0.0066519,0.030679,-0.068912,-0.53623,-0.1162,0.10184,-0.43158,-0.15856,-0.1032,-0.95186,-0.044364,0.079956,-0.86814,-0.008135
-0.039006,0.55499,-0.28356,-0.022325,0.39696,-0.10535,-0.20689,0.35343,-0.054386,0.16337,0.37769,-0.047401,-0.29263,0.10898,0.13526,0.31293,0.16856,0.14455,-0.48674,-0.026611,0.20035,0.50514,0.014424,0.2275,-0.0034246,0.096101,-0.020639,0,0.036461,0,-0.077593,-0.054278,0.009095,0.088231,-0.037373,0.030276,-0.071935,-0.55613,-0.10981,0.094628,-0.54244,-0.1318,-0.08972,-1.0023,-0.015363,0.071933,-0.97744,-0.000627
-0.044374,0.52184,-0.26509,-0.020031,0.36229,-0.097577,-0.21369,0.29547,-0.036816,0.15396,0.32547,-0.027842,-0.34378,0.068375,0.13885,0.33208,0.12225,0.14757,-0.58229,0.0040148,0.15998,0.56506,0.020145,0.17698,-0.0030674,0.047237,-0.019076,0,-0.014574,0,-0.078733,-0.1024,0.008514,0.086813,-0.089712,0.028678,-0.076865,-0.59167,-0.10131,0.089541,-0.5641,-0.11299,-0.095851,-1.0084,0.007604,0.07997,-1.0178,0.013652
-0.040363,0.46752,-0.22998,-0.022273,0.30087,-0.086325,-0.20844,0.23628,-0.026054,0.16397,0.2612,-0.008706,-0.38951,0.031192,0.098718,0.38678,0.062949,0.12236,-0.63892,0.034256,0.085959,0.6329,0.031431,0.083297,-0.0037169,-0.0076097,-0.017091,0,-0.069325,0,-0.07829,-0.1589,0.001496,0.088353,-0.14701,0.031331,-0.064203,-0.63618,-0.10318,0.078732,-0.62992,-0.08846,-0.090671,-1.009,0.01933,0.083736,-1.025,0.040997
-0.034914,0.44545,-0.22731,-0.028818,0.25692,-0.071462,-0.2201,0.17875,-0.022205,0.17631,0.1985,-0.012,-0.43851,0.010664,0.049587,0.42285,0.037247,0.050004,-0.67716,0.067731,-0.008961,0.66552,0.048994,-0.020216,-0.0046951,-0.047431,-0.014877,0,-0.10868,0,-0.080156,-0.20672,0.000758,0.093559,-0.19747,0.028525,-0.054609,-0.64055,-0.11471,0.050819,-0.62342,-0.11144,-0.088245,-1.0092,0.014497,0.085044,-1.0249,0.035531
-0.039629,0.42302,-0.20865,-0.025292,0.2483,-0.055739,-0.22327,0.16951,-0.023301,0.18185,0.1843,-0.012306,-0.47454,0.031602,-0.02318,0.45069,0.035909,-0.016886,-0.70362,0.10351,-0.10452,0.67437,0.077984,-0.13265,-0.0043957,-0.05296,-0.013206,0,-0.11358,0,-0.081932,-0.21331,0.000148,0.094326,-0.20031,0.025913,-0.047941,-0.64498,-0.12095,0.047992,-0.62475,-0.11715,-0.087362,-1.0092,0.011242,0.083676,-1.0141,0.021288
-0.03806,0.42509,-0.20139,-0.025151,0.24981,-0.049971,-0.22517,0.16808,-0.023488,0.18337,0.18506,-0.015175,-0.48259,0.070336,-0.08082,0.44772,0.068988,-0.093521,-0.70041,0.12962,-0.20061,0.65337,0.11705,-0.23991,-0.0044542,-0.052581,-0.012047,0,-0.1133,0,-0.083136,-0.21297,0.000267,0.09508,-0.20033,0.024206,-0.048413,-0.64387,-0.12293,0.052408,-0.62518,-0.11815,-0.086793,-1.0091,0.008874,0.088085,-1.0186,0.025639
-0.035142,0.464,-0.18637,-0.03219,0.29553,-0.038218,-0.23024,0.19409,-0.033193,0.18824,0.20808,-0.033585,-0.47807,0.12315,-0.12174,0.43777,0.11802,-0.14629,-0.68977,0.15953,-0.28653,0.65561,0.15107,-0.34346,-0.005268,-0.022893,-0.009353,0,-0.086703,0,-0.085415,-0.18852,-0.00238,0.10034,-0.17793,0.017953,-0.072246,-0.63495,-0.12672,0.095153,-0.6099,-0.10587,-0.084088,-1.0102,0.000923,0.091594,-1.0169,0.014997
-0.031106,0.49744,-0.19763,-0.024804,0.35,-0.034895,-0.2305,0.25892,-0.040546,0.19057,0.27008,-0.052488,-0.47659,0.18355,-0.15747,0.40381,0.18267,-0.17441,-0.67378,0.1465,-0.3331,0.65215,0.15038,-0.41349,-0.0041327,0.036409,-0.008549,0,-0.026312,0,-0.08798,-0.12441,-0.003615,0.10048,-0.11789,0.014322,-0.096985,-0.58069,-0.11661,0.10638,-0.58566,-0.098188,-0.08561,-1.0091,-0.008075,0.094867,-1.0127,0.009393
-0.030401,0.55396,-0.21131,-0.022961,0.40939,-0.040466,-0.22155,0.31695,-0.053306,0.17933,0.32781,-0.06409,-0.43986,0.22717,-0.16016,0.40931,0.21652,-0.22961,-0.65299,0.13351,-0.32753,0.61561,0.11565,-0.44308,-0.0037068,0.083743,-0.009255,0,0.016957,0,-0.083258,-0.072734,-0.002264,0.094538,-0.068195,0.015738,-0.10033,-0.57103,-0.1109,0.10771,-0.57082,-0.087677,-0.095755,-0.99834,-0.039218,0.099965,-1.0082,-0.002462
-0.033546,0.60505,-0.22412,-0.022373,0.46002,-0.049013,-0.21719,0.38641,-0.059485,0.18113,0.39096,-0.071575,-0.43424,0.23312,-0.16525,0.37471,0.24289,-0.21933,-0.62662,0.080746,-0.30116,0.55838,0.082435,-0.40443,-0.0037278,0.13913,-0.01091,0,0.074946,0,-0.0835,-0.015976,-0.000254,0.093908,-0.013264,0.016704,-0.094524,-0.54673,-0.11175,0.10398,-0.53646,-0.072105,-0.10062,-0.97923,-0.063872,0.094267,-0.99506,-0.011819
-0.033393,0.62679,-0.23684,-0.022433,0.47985,-0.060075,-0.21326,0.42549,-0.067699,0.18427,0.4331,-0.077013,-0.42015,0.23555,-0.15457,0.37517,0.23583,-0.22215,-0.57537,0.058861,-0.25066,0.51443,0.038514,-0.35783,-0.0036655,0.18286,-0.013452,0,0.12472,0,-0.086487,0.036733,0.006294,0.096473,0.034776,0.017445,-0.083627,-0.47763,-0.13619,0.098217,-0.4856,-0.093161,-0.074041,-0.89994,-0.010696,0.069649,-0.95264,0.007925
-0.032549,0.64088,-0.24891,-0.021806,0.48995,-0.074761,-0.21051,0.43846,-0.075609,0.18335,0.43496,-0.082433,-0.38995,0.23431,-0.12025,0.35915,0.20443,-0.17909,-0.53277,0.035372,-0.19082,0.49236,-0.024034,-0.29253,-0.0035936,0.2039,-0.016049,0,0.14797,0,-0.08679,0.061775,0.008691,0.097562,0.066284,0.026613,-0.078006,-0.35128,-0.17208,0.073112,-0.36955,-0.14264,-0.082423,-0.77817,0.048299,0.062752,-0.80208,0.067536
-0.032161,0.64294,-0.2547,-0.020874,0.49308,-0.082533,-0.20901,0.43989,-0.077754,0.18182,0.4376,-0.084827,-0.37897,0.20664,-0.091864,0.34924,0.165,-0.1314,-0.50291,-0.007662,-0.13424,0.45741,-0.075758,-0.21274,-0.0034186,0.20856,-0.016969,0,0.15287,0,-0.087421,0.067385,0.010784,0.097513,0.071763,0.027016,-0.07557,-0.30488,-0.24722,0.048574,-0.31106,-0.20907,-0.074846,-0.64341,0.084721,0.068025,-0.70549,0.059667
-0.030993,0.64301,-0.26232,-0.021252,0.49262,-0.096052,-0.20849,0.43991,-0.079559,0.18195,0.43799,-0.08598,-0.355,0.17466,-0.054336,0.33183,0.1527,-0.071065,-0.4814,-0.059592,-0.074892,0.4256,-0.11388,-0.12612,-0.0033307,0.21147,-0.018382,0,0.15678,0,-0.088166,0.070785,0.013757,0.098288,0.077873,0.029688,-0.063192,-0.2602,-0.297,0.069036,-0.27647,-0.25236,-0.069822,-0.445,0.15642,0.093065,-0.50632,0.1379
-0.026979,0.63646,-0.28457,-0.020361,0.49008,-0.10552,-0.20823,0.41873,-0.085521,0.17889,0.43098,-0.088188,-0.3491,0.13009,-0.009578,0.31172,0.13236,-0.031963,-0.45702,-0.093206,0.001384,0.41033,-0.11188,-0.037695,-0.0033967,0.21033,-0.019808,0,0.15464,0,-0.088843,0.066644,0.018622,0.098561,0.076493,0.029592,-0.064459,-0.25034,-0.30673,0.049679,-0.24484,-0.28834,-0.067657,-0.39048,0.17262,0.088464,-0.40804,0.17827
-0.024266,0.61895,-0.29987,-0.017763,0.46839,-0.12523,-0.20443,0.39248,-0.094632,0.17624,0.40205,-0.098279,-0.33567,0.11536,0.000746,0.30889,0.11842,-7.2e-05,-0.42761,-0.10598,0.055298,0.39873,-0.11401,0.039422,-0.0029307,0.19253,-0.02332,0,0.13591,0,-0.089214,0.050561,0.020744,0.09783,0.059073,0.033356,-0.064191,-0.26022,-0.31071,0.0088384,-0.22809,-0.30867,-0.069132,-0.44274,0.10187,0.090151,-0.41079,0.15598
-0.019044,0.56589,-0.32928,-0.0051486,0.43192,-0.13823,-0.19722,0.35731,-0.10341,0.18443,0.37275,-0.10714,-0.31685,0.10593,0.025318,0.31459,0.10278,0.020348,-0.40023,-0.10691,0.11077,0.40001,-0.10563,0.1132,-0.0011945,0.16505,-0.025336,0,0.11127,0,-0.090622,0.02797,0.022629,0.093256,0.031456,0.038982,-0.068265,-0.32832,-0.25661,0.049941,-0.38199,-0.13334,-0.06213,-0.52712,0.052522,0.063342,-0.62596,0.11059
-0.020124,0.56026,-0.33303,-0.007331,0.41414,-0.13988,-0.1975,0.34707,-0.10378,0.18414,0.36174,-0.11293,-0.28708,0.096825,0.065115,0.30958,0.11116,0.047878,-0.3899,-0.10108,0.16274,0.39934,-0.076549,0.17145,-0.0013847,0.14034,-0.025967,0,0.085557,0,-0.087539,-0.0062151,0.025517,0.092123,0.016025,0.0373,-0.077737,-0.39306,-0.20726,0.11327,-0.31304,-0.27472,-0.076532,-0.75872,-0.020721,0.060463,-0.72761,-0.039138
-0.024799,0.54337,-0.321,-0.013168,0.39016,-0.13225,-0.20267,0.3208,-0.090257,0.17892,0.34017,-0.10158,-0.28958,0.092094,0.082948,0.30146,0.11387,0.089483,-0.4051,-0.090364,0.19366,0.41452,-0.059321,0.21486,-0.0021751,0.088573,-0.025194,0,0.030289,0,-0.084623,-0.060663,0.023077,0.090688,-0.041256,0.033161,-0.076957,-0.53299,-0.12724,0.086497,-0.40059,-0.24212,-0.10279,-0.9558,-0.078773,0.081558,-0.85551,-0.077452
-0.027341,0.50678,-0.31378,-0.011165,0.33857,-0.1419,-0.20227,0.29073,-0.086379,0.177,0.30709,-0.094306,-0.29056,0.058064,0.11426,0.3084,0.095905,0.10647,-0.45913,-0.099583,0.19447,0.4506,-0.065891,0.21805,-0.0019883,0.0446,-0.026247,0,-0.01553,0,-0.08374,-0.10342,0.022156,0.088715,-0.086813,0.035806,-0.084786,-0.59887,-0.12955,0.078469,-0.55439,-0.13818,-0.093555,-1.0227,-0.028431,0.072451,-0.99333,-0.017067
-0.029956,0.45516,-0.28816,-0.012114,0.288,-0.13653,-0.20554,0.23447,-0.071791,0.17448,0.24896,-0.073428,-0.31253,0.0048797,0.12376,0.32024,0.04049,0.1209,-0.52806,-0.11098,0.15665,0.49724,-0.11127,0.1949,-0.0020192,-0.0065928,-0.025514,0,-0.065516,0,-0.082297,-0.15187,0.020299,0.08786,-0.14152,0.03616,-0.084614,-0.59981,-0.11639,0.064116,-0.58693,-0.11235,-0.07393,-1.0122,-0.02806,0.069629,-1.0074,0.023376
-0.026262,0.41062,-0.26649,-0.013231,0.23772,-0.12656,-0.20062,0.1744,-0.07313,0.17599,0.18446,-0.062849,-0.34361,-0.053573,0.10287,0.33767,-0.039351,0.10352,-0.58211,-0.12517,0.089406,0.55611,-0.15876,0.095808,-0.0022056,-0.064013,-0.023853,0,-0.12436,0,-0.079952,-0.20882,0.017639,0.085894,-0.2025,0.033084,-0.060527,-0.63224,-0.13795,0.054456,-0.62301,-0.12011,-0.07116,-1.0124,-0.027362,0.086588,-1.0298,0.088873
-0.022518,0.3644,-0.24665,-0.023324,0.18027,-0.10317,-0.20274,0.11386,-0.057325,0.18472,0.12389,-0.045198,-0.39327,-0.10606,0.05029,0.37711,-0.1148,0.065944,-0.64122,-0.12498,0.024927,0.60992,-0.18306,-0.003512,-0.0038877,-0.11925,-0.019955,0,-0.17915,0,-0.084095,-0.26638,0.013904,0.095097,-0.26147,0.028346,-0.052889,-0.67692,-0.1658,0.036963,-0.66975,-0.14966,-0.054007,-1.0163,-0.017417,0.086412,-1.0194,0.059679
-0.02737,0.34797,-0.2379,-0.017128,0.16031,-0.087554,-0.20662,0.08231,-0.051012,0.19023,0.094147,-0.035031,-0.42101,-0.11004,-0.004005,0.39651,-0.1354,-0.015762,-0.66072,-0.11325,-0.084836,0.62005,-0.18145,-0.12886,-0.003138,-0.13292,-0.018057,0,-0.19191,0,-0.086573,-0.28317,0.014174,0.09585,-0.27613,0.025362,-0.05316,-0.6882,-0.17763,0.031121,-0.68227,-0.15491,-0.057444,-1.017,-0.026169,0.088136,-1.0224,0.048606
-0.018746,0.31912,-0.2035,-0.011757,0.14772,-0.067604,-0.20811,0.073381,-0.05187,0.19124,0.084182,-0.032682,-0.43048,-0.090255,-0.079499,0.39599,-0.1171,-0.074534,-0.65907,-0.066699,-0.18888,0.60156,-0.14207,-0.22631,-0.0023707,-0.14294,-0.01528,0,-0.20112,0,-0.088589,-0.2923,0.013025,0.096067,-0.28669,0.020311,-0.052074,-0.69233,-0.18868,0.031476,-0.69354,-0.15775,-0.075317,-1.028,-0.032548,0.08557,-1.0235,0.04325
-0.011507,0.3498,-0.16922,-0.007514,0.1552,-0.045089,-0.2084,0.073019,-0.052988,0.19573,0.083068,-0.028454,-0.44098,-0.046228,-0.12808,0.3747,-0.08495,-0.095897,-0.64687,-0.021762,-0.28048,0.58812,-0.072869,-0.32725,-0.0015414,-0.14289,-0.011621,0,-0.20176,0,-0.090211,-0.29276,0.007392,0.096171,-0.28879,0.017961,-0.051277,-0.69216,-0.19472,0.034406,-0.69582,-0.16021,-0.079035,-1.0298,-0.042097,0.038877,-1.0249,0.012341
-0.0011238,0.38218,-0.14718,-0.011411,0.18659,-0.026463,-0.20538,0.093515,-0.057412,0.19526,0.085874,-0.03959,-0.43961,0.0185,-0.17917,0.39177,-0.037637,-0.15559,-0.63299,0.0043927,-0.35999,0.58129,-0.01837,-0.44655,-0.0016026,-0.13105,-0.007468,0,-0.19365,0,-0.090376,-0.28494,0.001011,0.095336,-0.28534,0.010884,-0.045155,-0.68488,-0.1981,0.034582,-0.69022,-0.17241,-0.075356,-1.0298,-0.052627,0.086754,-1.0264,0.030756
-0.0021293,0.40324,-0.15617,-0.0036735,0.23403,-0.017355,-0.20191,0.14074,-0.059907,0.20685,0.13242,-0.044883,-0.43779,0.072005,-0.21246,0.39029,0.046326,-0.21556,-0.62263,0.0098654,-0.3934,0.49724,-0.0029911,-0.44808,-0.00044494,-0.096269,-0.005173,0,-0.16341,0,-0.090682,-0.2572,-0.003016,0.092818,-0.25718,0.006255,-0.044239,-0.66019,-0.19464,0.035813,-0.66333,-0.1748,-0.079754,-1.0326,-0.061512,0.04435,-1.0011,-0.033079
-0.0032157,0.45796,-0.14718,0.0067654,0.2846,-0.019746,-0.19776,0.19021,-0.062103,0.20677,0.19317,-0.040918,-0.41737,0.10391,-0.21182,0.36759,0.096342,-0.23039,-0.58791,0.0040106,-0.376,0.51155,-0.0054531,-0.51507,0.0011273,-0.037659,-0.006052,0,-0.10211,0,-0.092386,-0.19241,-0.003561,0.089197,-0.19406,0.006468,-0.057421,-0.64277,-0.18138,0.035459,-0.61185,-0.15964,-0.071559,-1.0182,-0.070049,0.041257,-1.0058,-0.026662
0.0014585,0.50039,-0.14558,0.0087227,0.33918,-0.012407,-0.19276,0.25705,-0.047627,0.20549,0.26217,-0.031165,-0.39425,0.13684,-0.17402,0.34345,0.13984,-0.24514,-0.59122,-0.037122,-0.35046,0.5048,-0.0088884,-0.49999,0.0014488,0.017103,-0.004711,0,-0.047313,0,-0.090222,-0.13605,-0.006309,0.086168,-0.13817,0.005766,-0.098232,-0.61706,-0.15392,0.077588,-0.57931,-0.12573,-0.082347,-1.0153,-0.067965,0.073667,-1.0093,0.019165
-0.0077316,0.55413,-0.16113,0.0049087,0.39542,-0.016762,-0.19974,0.31777,-0.041517,0.19759,0.31992,-0.029054,-0.40183,0.14535,-0.15994,0.35998,0.16643,-0.23521,-0.56687,-0.05871,-0.28449,0.48852,-0.035633,-0.42368,0.00081467,0.072815,-0.00545,0,0.0082929,0,-0.090513,-0.082504,-0.00677,0.088238,-0.080292,0.008247,-0.11943,-0.58255,-0.13103,0.078807,-0.56783,-0.11325,-0.10351,-1.0072,-0.069516,0.062444,-0.99506,-0.003401
-0.0070887,0.58255,-0.18587,0.0015162,0.44328,-0.027577,-0.19907,0.36936,-0.044488,0.2004,0.35945,-0.032137,-0.39796,0.13479,-0.13476,0.36589,0.13404,-0.20415,-0.53302,-0.065738,-0.20557,0.47504,-0.073821,-0.3547,0.00024571,0.12616,-0.007281,0,0.062562,0,-0.090351,-0.027588,-0.003983,0.089645,-0.027772,0.010659,-0.11622,-0.56589,-0.12984,0.083627,-0.52592,-0.092876,-0.12622,-0.962,-0.089624,0.0704,-0.96604,-0.043259
-0.012646,0.63233,-0.19568,-0.0024622,0.46697,-0.037489,-0.1977,0.40002,-0.049435,0.19736,0.40469,-0.038271,-0.36268,0.14665,-0.075167,0.35304,0.11973,-0.15222,-0.53063,-0.13979,-0.1417,0.45529,-0.10231,-0.26415,-0.00056387,0.15835,-0.009184,0,0.097233,0,-0.088106,0.010854,-0.00044,0.089857,0.010016,0.013019,-0.10805,-0.48442,-0.13756,0.078393,-0.51152,-0.098029,-0.10577,-0.88194,-0.056058,0.063828,-0.9643,-0.04641
-0.013956,0.6372,-0.21586,-0.0018879,0.47804,-0.056445,-0.19754,0.41133,-0.061368,0.19498,0.40931,-0.048207,-0.35504,0.13569,-0.061961,0.34025,0.10689,-0.098792,-0.46164,-0.099449,-0.075043,0.44095,-0.13042,-0.18344,-0.00036561,0.17788,-0.01307,0,0.11962,0,-0.090962,0.039029,0.008723,0.091598,0.032238,0.016705,-0.09922,-0.37807,-0.16118,0.074288,-0.40563,-0.13001,-0.07503,-0.77488,0.019131,0.04593,-0.83731,0.000121
-0.012865,0.63814,-0.2317,-0.0044664,0.4805,-0.0696,-0.19741,0.41256,-0.067886,0.19271,0.40996,-0.055483,-0.32667,0.13091,-0.03344,0.33295,0.10712,-0.039317,-0.43038,-0.11325,-0.026285,0.42434,-0.15447,-0.082318,-0.00095209,0.18289,-0.015773,0,0.12532,0,-0.089858,0.045691,0.01467,0.092912,0.040198,0.019737,-0.092362,-0.3419,-0.21253,0.051634,-0.36006,-0.17811,-0.0544,-0.65532,0.084085,0.058768,-0.73388,0.055181
-0.015449,0.63651,-0.24775,-0.0083428,0.47804,-0.088848,-0.20018,0.40825,-0.079985,0.18898,0.40842,-0.068248,-0.32374,0.12258,0.000472,0.31221,0.11069,-5.8e-05,-0.40515,-0.10488,0.046347,0.40954,-0.15699,-0.003288,-0.0020227,0.18445,-0.021016,0,0.12739,0,-0.088517,0.045214,0.024221,0.095039,0.044065,0.025826,-0.084888,-0.31708,-0.24306,0.037546,-0.32665,-0.22205,-0.038297,-0.536,0.15175,0.079458,-0.60191,0.11288
-0.022657,0.60712,-0.27,-0.012845,0.47235,-0.10428,-0.20547,0.39564,-0.089979,0.18426,0.3994,-0.076098,-0.31213,0.12471,0.014229,0.30807,0.11671,0.032015,-0.39429,-0.0935,0.1005,0.38634,-0.13038,0.072359,-0.0025051,0.18243,-0.022361,0,0.12573,0,-0.088099,0.040727,0.027203,0.095506,0.043528,0.025297,-0.087855,-0.3146,-0.24977,0.038628,-0.30913,-0.24911,-0.052993,-0.49867,0.15682,0.091534,-0.5335,0.11964
-0.025086,0.6068,-0.27462,-0.012498,0.46642,-0.10806,-0.20439,0.38865,-0.090307,0.18347,0.39583,-0.077663,-0.28172,0.12918,0.038879,0.30537,0.11922,0.044387,-0.37302,-0.076838,0.15587,0.40111,-0.095744,0.14224,-0.0022368,0.17878,-0.022022,0,0.12218,0,-0.088205,0.037035,0.025102,0.094776,0.040704,0.026068,-0.085094,-0.33213,-0.23208,0.10612,-0.34393,-0.20561,-0.05258,-0.69064,0.079596,0.097483,-0.53948,0.11704
-0.032314,0.60064,-0.28225,-0.017605,0.45173,-0.11367,-0.20916,0.37513,-0.087691,0.17889,0.39103,-0.081403,-0.28286,0.12413,0.062792,0.29751,0.13479,0.075577,-0.38815,-0.076121,0.15307,0.40476,-0.080898,0.17827,-0.0031393,0.16322,-0.022311,0,0.10572,0,-0.084168,0.012979,0.024788,0.093959,0.02794,0.026374,-0.09219,-0.40105,-0.14355,0.10427,-0.35712,-0.20411,-0.065847,-0.75163,0.12359,0.12222,-0.64628,0.10446
-0.04069,0.59093,-0.28789,-0.024475,0.44091,-0.11889,-0.21414,0.36112,-0.080615,0.17288,0.3829,-0.082969,-0.285,0.10898,0.079892,0.29393,0.13165,0.07912,-0.43271,-0.069544,0.15717,0.42202,-0.06691,0.1721,-0.0044348,0.13499,-0.022916,0,0.072847,0,-0.081692,-0.02273,0.027104,0.09219,0.0015117,0.022049,-0.087113,-0.50652,-0.077052,0.096583,-0.42304,-0.13453,-0.063025,-0.91966,0.089735,0.11838,-0.80729,0.090075
-0.041491,0.56228,-0.27756,-0.022295,0.40855,-0.11302,-0.21474,0.33369,-0.069524,0.16753,0.3675,-0.073182,-0.29409,0.08442,0.093902,0.29334,0.12562,0.097722,-0.49898,-0.048866,0.12699,0.47491,-0.061366,0.12895,-0.0036565,0.098981,-0.021585,0,0.037639,0,-0.079645,-0.05462,0.024387,0.089236,-0.03604,0.020523,-0.083517,-0.57218,-0.044323,0.098986,-0.54062,-0.097492,-0.054245,-0.99638,0.12679,0.13195,-0.96126,0.094352
