0.00552,0.82531,-0.10774,-0.0087413,0.66175,-0.04342,-0.1829,0.55926,-0.044446,0.13887,0.58298,-0.021244,-0.32461,0.28594,-0.041064,0.28648,0.3273,0.029761,-0.47673,0.1202,-0.16912,0.46817,0.09952,-0.042301,-0.002141,0.3093,0.00031481,0,0.23847,0,-0.064871,0.16149,-0.0096914,0.067468,0.16858,0.019377,-0.036784,-0.38404,-0.083614,0.051285,-0.35961,-0.057292,-0.08426,-0.77275,0.022309,0.0035664,-0.77797,0.062761
0.0064445,0.8311,-0.1161,-0.010083,0.66332,-0.044853,-0.18254,0.56175,-0.047213,0.14208,0.58726,-0.022601,-0.32366,0.29074,-0.044675,0.28847,0.30395,0.0066718,-0.47402,0.12494,-0.17717,0.46537,0.111,-0.05864,-0.0024302,0.31297,-0.0010837,0,0.2426,0,-0.064517,0.16504,-0.0091344,0.067846,0.17115,0.019417,-0.033073,-0.39607,-0.083922,0.056494,-0.3627,-0.058195,-0.064784,-0.79387,0.0014681,0.0034341,-0.79878,0.029725
0.010241,0.83421,-0.11629,-0.010124,0.66526,-0.044554,-0.18204,0.56449,-0.047364,0.15629,0.59279,-0.019246,-0.32417,0.29115,-0.046182,0.29816,0.32344,0.018971,-0.4705,0.12247,-0.18489,0.4629,0.1033,-0.083424,-0.002388,0.31444,-0.0020075,0,0.24391,0,-0.064563,0.16588,-0.0097179,0.067808,0.17052,0.02026,-0.035826,-0.46809,-0.052071,0.032663,-0.48169,-0.027968,-0.079108,-0.83583,-0.046277,-0.0021601,-0.83024,-0.010557
0.012246,0.83273,-0.11175,-0.011484,0.6612,-0.042903,-0.17895,0.56222,-0.048895,0.15573,0.58781,-0.014888,-0.31921,0.28574,-0.049731,0.29167,0.32676,0.018223,-0.46563,0.10986,-0.19656,0.45718,0.099325,-0.097429,-0.0027021,0.3126,-0.0024332,0,0.24236,0,-0.062889,0.16371,-0.012121,0.067379,0.16873,0.021036,-0.039635,-0.4895,-0.050599,0.043107,-0.48449,-0.015938,-0.096322,-0.90785,-0.072044,0.031786,-0.81949,-0.019839
0.020755,0.80357,-0.1008,0.0019615,0.62905,-0.030725,-0.16904,0.53398,-0.051485,0.16941,0.55907,-0.0096051,-0.31121,0.26343,-0.050602,0.28368,0.31009,0.004934,-0.46399,0.083186,-0.20868,0.46816,0.066723,-0.11707,-0.0011948,0.29623,-0.0015897,0,0.22789,0,-0.066451,0.14562,-0.017319,0.067362,0.14916,0.020006,-0.054716,-0.5082,-0.046855,0.051166,-0.50433,-0.017479,-0.093232,-0.93748,-0.050895,0.075408,-0.89759,-0.027212
0.020154,0.76909,-0.080886,0.0085814,0.58977,-0.016657,-0.16869,0.48481,-0.040091,0.16553,0.49345,0.0089383,-0.32167,0.22743,-0.044957,0.29198,0.24926,0.0084008,-0.47552,0.025025,-0.22822,0.45707,0.052509,-0.10627,0.00073534,0.24036,0.00032756,0,0.17114,0,-0.072678,0.084058,-0.021266,0.069016,0.10112,0.022338,-0.066998,-0.53819,-0.039272,0.062211,-0.53358,-0.014581,-0.094844,-0.9419,-0.027472,0.071386,-0.89726,-0.012343
0.016627,0.72114,-0.06047,1.9418e-05,0.54193,-0.010746,-0.17145,0.43047,-0.03658,0.15475,0.47539,0.014319,-0.31604,0.16571,-0.056758,0.29729,0.18445,-0.013024,-0.47281,0.016037,-0.22788,0.45835,0.0044518,-0.12893,-0.00075241,0.19894,0.00096404,0,0.12956,0,-0.068383,0.04231,-0.02236,0.068182,0.068002,0.02145,-0.072264,-0.54907,-0.053859,0.077807,-0.53339,-0.032237,-0.093733,-0.94039,0.0057078,0.069439,-0.91166,-0.00035992
0.010955,0.6717,-0.052903,-0.01397,0.48535,-0.0043397,-0.18312,0.40452,-0.026095,0.15652,0.39759,0.025974,-0.32194,0.14325,-0.055277,0.29494,0.14914,-0.01171,-0.47402,-0.013448,-0.22823,0.44666,-0.015941,-0.11993,-0.003261,0.14474,0.0024959,0,0.076834,0,-0.069824,-0.0030249,-0.022722,0.075084,-0.0015114,0.019164,-0.081201,-0.55606,-0.074012,0.072856,-0.55355,-0.046293,-0.080084,-0.9438,0.05571,0.026215,-0.94686,0.068414
0.012545,0.61313,-0.03029,-0.013106,0.43343,0.00010199,-0.18013,0.32464,-0.023894,0.14641,0.32918,0.021333,-0.32751,0.13591,-0.052257,0.30423,0.088977,-0.015967,-0.47392,-0.062004,-0.24235,0.46113,-0.077901,-0.15186,-0.0031304,0.085532,0.0040317,0,0.016266,0,-0.071484,-0.061317,-0.026621,0.076328,-0.060334,0.021428,-0.065069,-0.56673,-0.095122,0.072434,-0.54029,-0.06955,-0.083566,-0.94994,0.050906,0.026057,-0.94461,0.060756
0.010884,0.60213,-0.03126,-0.016795,0.41347,-0.0021095,-0.17712,0.2878,-0.032401,0.15561,0.29878,0.021348,-0.33259,0.050024,-0.081648,0.29896,0.047108,-0.028473,-0.48738,-0.092132,-0.25742,0.46283,-0.086996,-0.15423,-0.0038265,0.073749,0.0042181,0,0.0057405,0,-0.071043,-0.074236,-0.02721,0.077877,-0.07362,0.023378,-0.050335,-0.57584,-0.12039,0.063287,-0.54197,-0.10926,-0.076516,-0.97154,0.048689,0.039659,-0.92179,0.011916
0.0064666,0.59533,-0.02985,-0.023938,0.40375,0.0055656,-0.17839,0.28522,-0.032602,0.14884,0.29734,0.0209,-0.33676,0.05035,-0.081674,0.2949,0.0452,-0.029529,-0.49214,-0.093288,-0.25784,0.45994,-0.093989,-0.14705,-0.005423,0.061805,0.0066071,0,-0.0067635,0,-0.06815,-0.084579,-0.029566,0.076247,-0.080643,0.022889,-0.043047,-0.57178,-0.12552,0.061591,-0.54812,-0.11291,-0.07436,-0.97436,0.049823,0.034655,-0.92545,0.016572
0.0064742,0.59626,-0.027655,-0.02426,0.40506,0.0045456,-0.18019,0.28807,-0.032401,0.14562,0.30183,0.023615,-0.33753,0.051447,-0.082315,0.29422,0.045101,-0.028741,-0.49468,-0.094351,-0.26028,0.46185,-0.094417,-0.14159,-0.0057722,0.062947,0.0073524,0,-0.0053489,0,-0.068168,-0.083574,-0.029771,0.076425,-0.07972,0.023299,-0.051263,-0.57147,-0.12341,0.065699,-0.54873,-0.10668,-0.075209,-0.96676,0.044286,0.034106,-0.92832,0.017437
0.0054128,0.625,-0.029487,-0.02092,0.44962,0.00044819,-0.1867,0.32416,-0.03133,0.14758,0.36021,0.028865,-0.33181,0.097147,-0.072982,0.29614,0.072712,0.017332,-0.49617,-0.090134,-0.25924,0.46528,-0.080624,-0.12479,-0.0053205,0.098337,0.0072602,0,0.029079,0,-0.070418,-0.053982,-0.026343,0.078374,-0.048672,0.020806,-0.068324,-0.55799,-0.11186,0.077434,-0.54283,-0.056093,-0.092137,-0.94964,0.045559,0.01607,-0.93924,0.041991
0.013414,0.6904,-0.021309,-0.015139,0.50488,0.0016653,-0.16522,0.3837,-0.03325,0.15881,0.39485,0.038509,-0.32069,0.14731,-0.061328,0.30639,0.12299,0.0434,-0.47935,-0.012379,-0.21493,0.46719,-0.026853,-0.065631,-0.0048559,0.14794,0.0077947,0,0.076667,0,-0.069215,0.0019202,-0.025419,0.074533,-0.0012092,0.019754,-0.088433,-0.54397,-0.081375,0.083402,-0.53773,-0.032254,-0.090583,-0.94142,0.045704,0.028889,-0.9356,0.050495
0.0041767,0.75015,-0.028872,-0.015778,0.5613,0.0033384,-0.18667,0.43623,-0.021955,0.15858,0.4732,0.026866,-0.32576,0.18468,-0.054668,0.29883,0.20485,0.049902,-0.4781,0.0094563,-0.21107,0.46045,-0.010163,-0.060684,-0.0041576,0.20812,0.0089088,0,0.13811,0,-0.072979,0.059598,-0.022459,0.078978,0.055688,0.015885,-0.095854,-0.54307,-0.057868,0.074439,-0.53358,-0.015055,-0.11985,-0.93897,0.0063825,0.04515,-0.89789,0.042634
0.0097497,0.78771,-0.053285,-0.0078724,0.61371,-0.0018143,-0.18514,0.50231,-0.025147,0.15945,0.53278,0.029502,-0.32391,0.24289,-0.053517,0.26395,0.30064,0.046082,-0.48698,0.057774,-0.19779,0.46327,0.054595,-0.036584,-0.0030648,0.26037,0.0081066,0,0.19013,0,-0.070506,0.10898,-0.017907,0.073465,0.11209,0.013347,-0.07899,-0.51068,-0.048189,0.072406,-0.522,-0.0030726,-0.11682,-0.88858,-0.013953,0.051554,-0.90085,0.013407
0.013803,0.80086,-0.066659,-0.0090178,0.62665,-0.010815,-0.18299,0.52523,-0.036362,0.16531,0.54648,0.021981,-0.32262,0.25841,-0.040323,0.28293,0.29878,0.051154,-0.48625,0.073735,-0.19086,0.4588,0.086797,-0.04161,-0.0033139,0.2911,0.0051282,0,0.2255,0,-0.069604,0.13343,-0.018646,0.072897,0.15227,0.018756,-0.059401,-0.44191,-0.066209,0.05565,-0.50118,-0.0086882,-0.081941,-0.83064,0.01641,0.041634,-0.84602,0.049767
0.011617,0.8137,-0.081114,-0.012073,0.64734,-0.020158,-0.1851,0.55403,-0.036266,0.15098,0.58317,0.0019261,-0.32247,0.27284,-0.048792,0.29344,0.30529,0.044376,-0.47751,0.13379,-0.1926,0.47035,0.093008,-0.043724,-0.0030892,0.3035,0.0034296,0,0.23537,0,-0.067417,0.15845,-0.014028,0.071695,0.15894,0.019138,-0.03799,-0.39433,-0.091524,0.048568,-0.48819,-0.019873,-0.076987,-0.77625,0.032931,0.014993,-0.80377,0.066103
0.01576,0.81937,-0.092249,-0.012194,0.65588,-0.026978,-0.1831,0.56513,-0.044069,0.15437,0.58834,-6.5708e-05,-0.322,0.30495,-0.048402,0.29431,0.30592,0.034272,-0.47805,0.13458,-0.19874,0.47546,0.11287,-0.07077,-0.0031589,0.31672,0.0010317,0,0.24894,0,-0.066881,0.16549,-0.017142,0.071258,0.17417,0.023148,-0.028322,-0.35278,-0.10999,0.033511,-0.4183,-0.050017,-0.09167,-0.76861,0.0024234,0.0095606,-0.79192,0.058475
0.015301,0.84098,-0.10168,-0.010912,0.66712,-0.032244,-0.1837,0.57042,-0.046764,0.15529,0.59159,-0.00031579,-0.32492,0.30641,-0.050137,0.28897,0.30804,0.024195,-0.48128,0.13679,-0.19946,0.46905,0.12104,-0.08655,-0.0029615,0.32178,-0.00039915,0,0.25304,0,-0.06643,0.17012,-0.015867,0.070938,0.17738,0.023333,-0.033864,-0.35969,-0.10935,0.029457,-0.43199,-0.039974,-0.093197,-0.76853,0.00072573,0.0028659,-0.78451,0.05618
0.018941,0.83859,-0.099666,-0.010709,0.66707,-0.032082,-0.18254,0.57066,-0.047392,0.15721,0.59138,-0.00056489,-0.32415,0.30679,-0.050706,0.28885,0.30793,0.017354,-0.48058,0.13673,-0.20094,0.45976,0.12045,-0.099619,-0.0027533,0.32139,-0.0011975,0,0.25247,0,-0.066167,0.17002,-0.015986,0.070106,0.17514,0.02344,-0.04269,-0.43294,-0.073411,0.049479,-0.39616,-0.04649,-0.070866,-0.82937,-0.02968,0.0085681,-0.81928,0.021818
0.024962,0.83262,-0.10221,-0.0087256,0.66623,-0.031381,-0.18052,0.56731,-0.048313,0.16148,0.58637,-0.00090912,-0.32334,0.30418,-0.052407,0.28394,0.3097,0.0091413,-0.47845,0.13852,-0.20368,0.42712,0.12328,-0.12017,-0.0021173,0.31885,-0.0017673,0,0.24905,0,-0.066727,0.16573,-0.015888,0.069465,0.17155,0.022716,-0.049121,-0.48746,-0.048995,0.047519,-0.48177,0.0028657,-0.087612,-0.84086,-0.035781,0.015397,-0.81206,0.028808
0.028908,0.83026,-0.093752,-0.0042036,0.65909,-0.025188,-0.1693,0.55321,-0.049022,0.16439,0.56973,0.001271,-0.32201,0.28107,-0.056786,0.2798,0.32075,0.0088049,-0.46807,0.13377,-0.20217,0.43095,0.10781,-0.12273,-0.0012601,0.30899,-0.0012269,0,0.23826,0,-0.065454,0.16087,-0.015842,0.066655,0.15925,0.020472,-0.065171,-0.4926,-0.048908,0.041076,-0.49395,-0.0019732,-0.10581,-0.93363,-0.048347,0.044225,-0.8694,0.039264
0.042923,0.78378,-0.057575,0.009292,0.61494,-0.013272,-0.15915,0.50729,-0.04103,0.17402,0.51631,0.01864,-0.31591,0.25495,-0.055961,0.2759,0.29978,0.0026028,-0.47052,0.086252,-0.19842,0.43897,0.059366,-0.15514,0.00070759,0.25813,1.5691e-05,0,0.18711,0,-0.071894,0.10344,-0.019934,0.068576,0.11896,0.020343,-0.068457,-0.5212,-0.048735,0.051082,-0.53063,-0.0018781,-0.10149,-0.9252,-0.013083,0.051942,-0.90075,0.040579
0.045864,0.75611,-0.04796,0.018522,0.55862,-0.0027362,-0.1709,0.45895,-0.026628,0.16974,0.47482,0.020078,-0.30747,0.22478,-0.046239,0.27704,0.26066,-0.0107,-0.47861,0.035693,-0.22464,0.4386,0.029379,-0.15164,0.0018503,0.23298,0.0018634,0,0.16736,0,-0.076341,0.079839,-0.021373,0.069973,0.093978,0.018205,-0.077842,-0.53026,-0.054188,0.056141,-0.53042,-0.0066816,-0.11578,-0.93706,0.043453,0.054207,-0.91657,0.062526
0.040244,0.69197,-0.039956,0.012633,0.50101,-0.0027117,-0.16834,0.40922,-0.033363,0.17862,0.39892,0.014222,-0.32138,0.15468,-0.067723,0.28432,0.13439,-0.040669,-0.47772,0.0026398,-0.24381,0.43514,-0.017394,-0.16235,0.0012479,0.16503,0.0029274,0,0.098005,0,-0.076452,0.010358,-0.021555,0.071395,0.024313,0.017055,-0.081231,-0.5421,-0.067531,0.063729,-0.53478,-0.026608,-0.098429,-0.96113,0.080992,0.026089,-0.94844,0.095037
0.043522,0.65782,-0.022188,0.0012558,0.47108,0.0033972,-0.17199,0.35041,-0.028249,0.16812,0.37693,0.032372,-0.31263,0.086371,-0.050804,0.27719,0.118,-0.03133,-0.48326,-0.010016,-0.23996,0.42618,-0.045918,-0.16289,-0.0011804,0.11585,0.0051684,0,0.046791,0,-0.07572,-0.026551,-0.023477,0.07426,-0.033598,0.017033,-0.077366,-0.54793,-0.077667,0.061164,-0.55535,-0.034094,-0.1068,-0.96033,0.084472,0.01492,-0.95126,0.096404
0.025999,0.60584,-0.01633,-0.014224,0.41333,0.00173,-0.17132,0.30023,-0.032368,0.15395,0.31821,0.040439,-0.33189,0.082358,-0.065529,0.28549,0.049029,-0.029076,-0.48152,-0.027942,-0.23337,0.43137,-0.097208,-0.16609,-0.0041119,0.06912,0.0054695,0,0.00054021,0,-0.070485,-0.07784,-0.026359,0.075301,-0.072739,0.020162,-0.074789,-0.55809,-0.092999,0.048508,-0.54818,-0.07551,-0.10257,-0.96052,0.089838,0.0045404,-0.95848,0.088487
0.024997,0.60267,-0.0184,-0.01304,0.41232,0.001476,-0.17113,0.29805,-0.033629,0.14889,0.31066,0.034817,-0.32624,0.080481,-0.066411,0.2818,0.046329,-0.030829,-0.47764,-0.037352,-0.23125,0.43197,-0.099205,-0.16167,-0.0039239,0.065433,0.0061432,0,-0.0038549,0,-0.070504,-0.080395,-0.026635,0.074967,-0.077352,0.020066,-0.062375,-0.57069,-0.11298,0.045664,-0.55047,-0.087155,-0.093415,-0.96604,0.073676,-0.005278,-0.95719,0.082787
0.024332,0.60271,-0.017373,-0.013148,0.41226,0.0011847,-0.17128,0.29778,-0.034401,0.14884,0.31065,0.034464,-0.32992,0.078708,-0.069066,0.27958,0.044779,-0.024618,-0.49149,-0.064125,-0.24298,0.43701,-0.10011,-0.14798,-0.0041013,0.065376,0.0066708,0,-0.0038529,0,-0.070566,-0.080478,-0.026726,0.075271,-0.077545,0.02071,-0.062154,-0.56925,-0.11276,0.048967,-0.5511,-0.084969,-0.093062,-0.96635,0.073304,-0.0066152,-0.96069,0.077757
0.023377,0.61976,-0.017185,-0.017659,0.42899,0.0017712,-0.17348,0.31676,-0.033984,0.15784,0.33572,0.036765,-0.3353,0.087876,-0.073119,0.27904,0.072894,0.022747,-0.48369,-0.043224,-0.22195,0.44761,-0.090222,-0.1258,-0.0049956,0.082632,0.0073975,0,0.014085,0,-0.071123,-0.067781,-0.027649,0.077736,-0.064155,0.021742,-0.071551,-0.55385,-0.096053,0.052967,-0.57385,-0.039574,-0.0916,-0.96346,0.073684,-0.0041305,-0.96138,0.083243
0.023378,0.6895,-0.022174,-0.01304,0.4976,0.0041425,-0.17719,0.40033,-0.028226,0.16396,0.40164,0.041965,-0.32238,0.15097,-0.063454,0.28588,0.10962,0.039598,-0.47075,-0.021251,-0.21356,0.47235,-0.082069,-0.11048,-0.0043791,0.14978,0.0085793,0,0.080858,0,-0.071429,0.0035222,-0.024594,0.076418,-0.0012398,0.017673,-0.098504,-0.5381,-0.071758,0.067901,-0.55295,-0.02074,-0.096613,-0.95616,0.080567,0.0097635,-0.95,0.083932
0.02704,0.7501,-0.024848,-0.0083958,0.56212,0.0019722,-0.17562,0.42675,-0.022446,0.15853,0.47028,0.043389,-0.32306,0.17824,-0.048541,0.3079,0.1831,0.033725,-0.47876,0.0096082,-0.20665,0.45793,0.0028559,-0.053596,-0.003556,0.20222,0.0087362,0,0.13079,0,-0.071624,0.054056,-0.026047,0.074707,0.049139,0.020201,-0.098364,-0.54608,-0.038723,0.068989,-0.53996,0.011558,-0.11396,-0.93426,0.038665,0.031581,-0.92934,0.08812
0.024172,0.80046,-0.041176,0.001627,0.61566,0.0034492,-0.17776,0.50164,-0.027456,0.1606,0.51858,0.02459,-0.31539,0.22601,-0.02996,0.2721,0.30462,0.050235,-0.4726,0.065578,-0.19013,0.46581,0.053396,-0.030485,-0.0016183,0.25007,0.0097552,0,0.17664,0,-0.070835,0.10457,-0.019768,0.070525,0.091653,0.013921,-0.084367,-0.52426,-0.032383,0.065227,-0.53442,0.019166,-0.093803,-0.91838,0.033185,0.065815,-0.90461,0.034821
0.018867,0.81522,-0.044835,-0.0085053,0.62916,-0.0044652,-0.18105,0.5281,-0.033821,0.1508,0.56491,0.019696,-0.31853,0.27282,-0.042828,0.25591,0.35913,0.055657,-0.45755,0.11772,-0.17521,0.44776,0.1064,-0.02468,-0.0040577,0.2832,0.0074937,0,0.21701,0,-0.066118,0.1364,-0.020007,0.069892,0.14312,0.018381,-0.067811,-0.45952,-0.056277,0.048238,-0.51005,0.011692,-0.10377,-0.83226,0.020616,0.033277,-0.8539,0.041713
0.02189,0.82889,-0.06184,-0.016305,0.66692,-0.020251,-0.1835,0.55597,-0.035109,0.15081,0.58132,0.012497,-0.31559,0.28661,-0.045938,0.25327,0.37372,0.046842,-0.45645,0.14167,-0.19025,0.45001,0.12459,-0.032671,-0.004246,0.31034,0.0049055,0,0.23883,0,-0.06461,0.1583,-0.019421,0.070151,0.16108,0.02094,-0.050538,-0.39956,-0.080261,0.033073,-0.46795,-0.014075,-0.066805,-0.79601,0.025191,0.018931,-0.80538,0.062418
0.017888,0.8357,-0.07845,-0.016948,0.67134,-0.021616,-0.17799,0.58756,-0.035857,0.15162,0.58621,0.0065718,-0.31801,0.29992,-0.053586,0.2567,0.38017,0.041703,-0.47738,0.13754,-0.21748,0.4582,0.14292,-0.062699,-0.0040901,0.31801,0.0033256,0,0.2474,0,-0.063652,0.16848,-0.017885,0.069757,0.17195,0.020776,-0.049601,-0.39971,-0.084179,0.030561,-0.45458,-0.029515,-0.073301,-0.78384,0.017606,-0.0066346,-0.77071,0.051639
0.014516,0.84369,-0.093053,-0.014555,0.67762,-0.025506,-0.17887,0.58646,-0.041824,0.15111,0.5899,0.0028402,-0.31983,0.30919,-0.056092,0.26199,0.3865,0.036533,-0.4623,0.16812,-0.20119,0.45906,0.1486,-0.075586,-0.0037208,0.32236,0.0015809,0,0.25149,0,-0.063873,0.1735,-0.015392,0.069434,0.17617,0.020547,-0.047797,-0.40123,-0.085894,0.027987,-0.45501,-0.032252,-0.073431,-0.78351,0.0014024,0.0067203,-0.80564,0.032347
0.014605,0.84453,-0.093765,-0.015194,0.67812,-0.025057,-0.17872,0.58643,-0.042087,0.15178,0.59125,0.0021693,-0.31974,0.31064,-0.056287,0.26658,0.38708,0.033925,-0.47052,0.15918,-0.21732,0.45157,0.14844,-0.097896,-0.0036634,0.3229,0.00077084,0,0.25201,0,-0.063899,0.17451,-0.01523,0.069634,0.17618,0.020311,-0.051951,-0.41602,-0.077127,0.036039,-0.47239,-0.018973,-0.080114,-0.81068,-0.041893,0.0068833,-0.80472,0.030724
0.018071,0.84605,-0.086574,-0.014222,0.67557,-0.026403,-0.17773,0.58213,-0.042523,0.15393,0.59161,0.0040817,-0.31909,0.30578,-0.060228,0.26678,0.38695,0.029407,-0.47244,0.14958,-0.22543,0.44709,0.14811,-0.10905,-0.0034671,0.32135,-0.00017849,0,0.25047,0,-0.063805,0.1725,-0.015274,0.069049,0.1734,0.02047,-0.051741,-0.47775,-0.057803,0.034346,-0.47864,-0.020897,-0.092131,-0.8718,-0.062273,-0.001915,-0.87039,-0.012846
0.030225,0.82488,-0.068289,-0.014214,0.66438,-0.021934,-0.17914,0.55035,-0.042735,0.1555,0.57172,0.010564,-0.31345,0.28937,-0.065282,0.27817,0.3189,0.013304,-0.45802,0.13747,-0.2284,0.43787,0.11865,-0.12284,-0.0033796,0.30857,-0.00015986,0,0.23716,0,-0.064591,0.15022,-0.018984,0.069597,0.16468,0.021126,-0.056656,-0.50221,-0.05655,0.043858,-0.4879,-0.017717,-0.10199,-0.93192,-0.060235,0.050999,-0.86511,0.022103
0.021683,0.81038,-0.059988,-0.0098103,0.62282,-0.010238,-0.17562,0.51131,-0.040189,0.14176,0.55068,0.013161,-0.31661,0.25869,-0.06498,0.2748,0.31556,0.014939,-0.4621,0.098759,-0.23355,0.43638,0.089096,-0.13957,-0.0026903,0.27183,0.0012641,0,0.20151,0,-0.062705,0.11998,-0.019811,0.065901,0.14175,0.020048,-0.075318,-0.5331,-0.056488,0.043562,-0.51105,-0.017222,-0.11138,-0.94037,-0.026956,0.035069,-0.93839,-0.0047231
0.027079,0.7707,-0.030718,-0.0030403,0.58764,0.001272,-0.17771,0.46847,-0.036006,0.16368,0.49496,0.036404,-0.31181,0.22342,-0.057655,0.27711,0.28401,0.013944,-0.44649,0.091077,-0.22078,0.42242,0.074508,-0.13319,-0.0021948,0.24908,0.0036953,0,0.18103,0,-0.071275,0.086037,-0.025961,0.071332,0.10239,0.018518,-0.073108,-0.53252,-0.064294,0.053139,-0.53375,-0.024998,-0.11694,-0.93188,-0.014311,0.045498,-0.92043,0.032557
0.027643,0.71068,-0.016806,-0.0055689,0.5241,0.0038071,-0.17666,0.41649,-0.02301,0.1624,0.4141,0.039114,-0.31934,0.18235,-0.056964,0.30474,0.22157,0.018725,-0.47223,0.0077603,-0.25801,0.42898,0.0013132,-0.14521,-0.0023745,0.16959,0.0056725,0,0.099107,0,-0.072503,0.018445,-0.028343,0.074611,0.018848,0.021615,-0.080717,-0.54302,-0.067459,0.057857,-0.54215,-0.031418,-0.11366,-0.94621,0.05438,0.016799,-0.94507,0.095608
0.025219,0.65776,-0.00016476,-0.0098742,0.47076,0.012346,-0.17179,0.35709,-0.028861,0.1467,0.38613,0.042907,-0.31838,0.12643,-0.069183,0.30185,0.12058,-0.0083322,-0.4717,-0.0083229,-0.25996,0.43587,-0.02291,-0.1595,-0.0037502,0.11567,0.0088137,0,0.045422,0,-0.066879,-0.028067,-0.02806,0.07027,-0.029774,0.01871,-0.076691,-0.55253,-0.086852,0.066752,-0.54853,-0.050114,-0.10369,-0.95137,0.058427,0.019593,-0.94687,0.087399
0.021645,0.62616,0.0069562,-0.023946,0.42549,0.0024616,-0.18267,0.32045,-0.028332,0.15084,0.31501,0.046256,-0.30422,0.072072,-0.048681,0.28714,0.10472,-0.013767,-0.47463,-0.029126,-0.25786,0.44062,-0.082496,-0.18436,-0.0058353,0.087529,0.0081478,0,0.01951,0,-0.067879,-0.062424,-0.026949,0.079182,-0.062741,0.020958,-0.062172,-0.55392,-0.10143,0.063354,-0.543,-0.069391,-0.097484,-0.95462,0.047726,0.0083347,-0.95319,0.072999
0.016574,0.61515,0.0058019,-0.02678,0.41733,0.0048526,-0.18056,0.30332,-0.030085,0.14819,0.31202,0.045556,-0.30957,0.052551,-0.045595,0.2784,0.096732,-0.010628,-0.49817,-0.08376,-0.28507,0.43939,-0.085987,-0.18102,-0.0067449,0.076337,0.0092423,0,0.0086544,0,-0.068642,-0.0699,-0.027762,0.078777,-0.068459,0.020722,-0.040977,-0.55391,-0.11795,0.054829,-0.54079,-0.091228,-0.089702,-0.95781,0.050524,0.003733,-0.95557,0.061608
0.015621,0.61432,0.0054557,-0.027396,0.4166,0.0049899,-0.18135,0.30225,-0.03056,0.14238,0.31213,0.04316,-0.30944,0.055568,-0.046269,0.27907,0.043619,-0.030947,-0.4828,-0.043277,-0.24555,0.45062,-0.092586,-0.17307,-0.0070712,0.073389,0.0099847,0,0.0052021,0,-0.068151,-0.072088,-0.027731,0.07777,-0.069653,0.020252,-0.048023,-0.5562,-0.12055,0.060024,-0.5423,-0.091269,-0.090402,-0.96032,0.052438,0.010323,-0.90436,0.010774
0.018446,0.63037,0.012275,-0.028726,0.438,0.0077516,-0.18143,0.3122,-0.030158,0.13812,0.33536,0.037582,-0.34781,0.10046,-0.088959,0.29358,0.057279,-0.014194,-0.48448,-0.036013,-0.25048,0.46893,-0.058583,-0.14305,-0.0073265,0.080536,0.011154,0,0.010812,0,-0.06775,-0.066104,-0.028012,0.07725,-0.064049,0.020286,-0.070233,-0.55569,-0.10545,0.067603,-0.56951,-0.053431,-0.087399,-0.96032,0.055389,0.0090975,-0.9555,0.064822
0.030815,0.69253,0.0098856,-0.012077,0.50371,0.014744,-0.16948,0.39638,-0.021402,0.17368,0.39313,0.0545,-0.32763,0.15281,-0.071868,0.3313,0.11069,0.0065983,-0.47995,-0.0020123,-0.24018,0.48153,-0.041748,-0.11496,-0.0051721,0.14738,0.013854,0,0.077374,0,-0.072823,-0.00016803,-0.030106,0.077415,-0.0071905,0.019194,-0.091433,-0.52942,-0.076148,0.083592,-0.53823,-0.030636,-0.077784,-0.94685,0.066815,0.033534,-0.93493,0.074913
0.018801,0.75806,0.00091305,-0.011347,0.56851,0.0080497,-0.18022,0.44188,-0.017565,0.16241,0.4662,0.054757,-0.3309,0.1932,-0.064352,0.3155,0.18089,0.012551,-0.47454,0.056741,-0.213,0.4893,0.0096259,-0.076124,-0.0050022,0.20152,0.013518,0,0.12912,0,-0.072169,0.048938,-0.023573,0.076295,0.049515,0.015571,-0.10306,-0.54133,-0.042165,0.078615,-0.52924,0.022183,-0.1094,-0.93409,0.026429,0.062607,-0.89551,0.067915
0.022625,0.80581,-0.017887,-0.012542,0.62408,0.024007,-0.17481,0.50237,-0.028452,0.14936,0.5225,0.031223,-0.3255,0.24295,-0.064332,0.31051,0.24136,0.0099504,-0.47659,0.071647,-0.22044,0.48122,0.063644,-0.06202,-0.0051722,0.25805,0.018436,0,0.18675,0,-0.065184,0.10974,-0.028757,0.069578,0.11052,0.015455,-0.092286,-0.51164,-0.040227,0.078032,-0.52712,0.021141,-0.11465,-0.91228,0.018701,0.059993,-0.8777,0.049932
0.018205,0.83695,-0.029741,-0.016823,0.65204,0.0017584,-0.19178,0.54463,-0.031343,0.16297,0.59091,0.045808,-0.32754,0.28249,-0.066794,0.3068,0.30057,0.028109,-0.47021,0.1345,-0.22204,0.45137,0.10514,-0.055094,-0.0063643,0.30657,0.013849,0,0.23768,0,-0.067659,0.14786,-0.025652,0.073053,0.15191,0.019254,-0.083692,-0.46449,-0.049404,0.063232,-0.50135,0.01097,-0.11176,-0.83702,0.0050242,0.042659,-0.8642,0.044068
0.022384,0.85095,-0.030084,-0.018307,0.6729,-0.0036012,-0.18351,0.56683,-0.029629,0.15889,0.59349,0.033502,-0.32673,0.29279,-0.065465,0.3063,0.30521,0.021411,-0.47668,0.14259,-0.22546,0.46023,0.11828,-0.067016,-0.0059142,0.31296,0.013003,0,0.24251,0,-0.066542,0.16319,-0.020681,0.071128,0.16226,0.020124,-0.067104,-0.39939,-0.078209,0.038295,-0.45726,-0.016833,-0.10733,-0.78884,-2.4518e-05,0.018355,-0.82277,0.056268
0.019397,0.86399,-0.045197,-0.017282,0.69487,-0.013633,-0.17324,0.59196,-0.040452,0.14037,0.6104,0.021945,-0.32451,0.32397,-0.067698,0.28908,0.32241,-0.0021321,-0.47822,0.16626,-0.2209,0.46382,0.13949,-0.090328,-0.0057839,0.32582,0.01002,0,0.25312,0,-0.062478,0.17946,-0.019456,0.064834,0.1831,0.02496,-0.06429,-0.39201,-0.087682,0.040824,-0.44446,-0.021313,-0.10421,-0.78127,-0.0055361,0.013486,-0.8024,0.047504
0.019611,0.87811,-0.046599,-0.017874,0.7031,-0.017864,-0.17041,0.59244,-0.041743,0.1423,0.61473,0.023035,-0.32246,0.33035,-0.067412,0.29009,0.32629,-0.0084636,-0.47668,0.17564,-0.21977,0.44943,0.1642,-0.098121,-0.0057691,0.33466,0.0076976,0,0.26131,0,-0.061105,0.18715,-0.020618,0.065904,0.18696,0.024685,-0.061878,-0.39199,-0.088072,0.040803,-0.44589,-0.015599,-0.083378,-0.78072,-4.8055e-05,0.0053805,-0.80059,0.038036
0.022711,0.89326,-0.043135,-0.015781,0.70866,-0.019421,-0.17064,0.59491,-0.044189,0.15064,0.62006,0.024949,-0.32543,0.33268,-0.071527,0.29246,0.32943,-0.024052,-0.48028,0.17854,-0.22691,0.44844,0.1651,-0.1158,-0.0052031,0.34165,0.0059814,0,0.2684,0,-0.062299,0.19048,-0.022225,0.066578,0.19259,0.024536,-0.067497,-0.40026,-0.085482,0.044714,-0.46037,0.0061579,-0.089155,-0.78542,-0.023061,0.0090928,-0.81979,0.040021
0.027654,0.88904,-0.038481,-0.015612,0.65573,-0.0046868,-0.1702,0.5966,-0.042821,0.16558,0.61067,0.024962,-0.30582,0.38285,-0.049943,0.27043,0.3105,-0.017857,-0.4807,0.17842,-0.22801,0.43638,0.16573,-0.1261,-0.0052829,0.33799,0.0066983,0,0.26792,0,-0.062927,0.18997,-0.021738,0.067227,0.18909,0.023109,-0.071306,-0.4439,-0.06799,0.043413,-0.46383,0.012091,-0.10135,-0.83678,-0.054423,0.012301,-0.83185,0.03345
0.032201,0.87711,-0.023518,-0.010473,0.63885,-0.00075613,-0.16901,0.59606,-0.040413,0.16749,0.60875,0.026667,-0.32606,0.32478,-0.069074,0.27222,0.30291,-0.024285,-0.48013,0.17774,-0.2286,0.43387,0.15273,-0.14337,-0.0047965,0.32785,0.0081939,0,0.26392,0,-0.063459,0.18314,-0.021817,0.06703,0.18608,0.021226,-0.069605,-0.46992,-0.055018,0.033434,-0.46641,0.012599,-0.10156,-0.8482,-0.052417,0.024131,-0.8914,0.015071
0.037192,0.86257,-0.01755,-0.0044725,0.65309,0.0040974,-0.16778,0.56517,-0.029849,0.17356,0.59322,0.041719,-0.32293,0.31113,-0.066085,0.27389,0.28723,-0.0228,-0.48518,0.15027,-0.23782,0.42829,0.10869,-0.17216,-0.0037385,0.31545,0.010236,0,0.24278,0,-0.066104,0.15541,-0.020827,0.066956,0.16825,0.015682,-0.0694,-0.49298,-0.053964,0.035893,-0.48432,0.012604,-0.1055,-0.89758,-0.022896,0.025129,-0.88731,0.028459
0.059235,0.81216,0.0041151,0.009534,0.63176,0.022293,-0.16366,0.51674,-0.031194,0.18004,0.507,0.036902,-0.3209,0.25628,-0.07818,0.30845,0.21399,-0.042959,-0.47243,0.12413,-0.24786,0.45512,0.080226,-0.19111,-0.0011491,0.26257,0.016501,0,0.19124,0,-0.071624,0.10608,-0.027712,0.067677,0.11674,0.012304,-0.067341,-0.50366,-0.062672,0.044813,-0.53627,0.0011975,-0.10391,-0.93593,0.021077,0.032794,-0.93729,0.053279
0.045686,0.76107,0.018631,0.0099292,0.56616,0.041046,-0.15575,0.4641,-0.02523,0.17626,0.44415,0.044917,-0.31249,0.23944,-0.055471,0.30287,0.20037,-0.032321,-0.47302,0.076004,-0.23528,0.43853,0.025335,-0.20209,-0.0021039,0.21805,0.021729,0,0.15267,0,-0.07301,0.062198,-0.035339,0.068931,0.086728,0.014481,-0.10096,-0.56259,-0.065676,0.046119,-0.54296,-0.028966,-0.11437,-0.95169,0.060163,0.033827,-0.94018,0.07186
0.046261,0.69838,0.019113,0.0017001,0.50563,0.02325,-0.15702,0.40774,-0.026579,0.17502,0.38466,0.048815,-0.30021,0.1869,-0.054367,0.29704,0.14003,-0.047171,-0.48228,0.017471,-0.25839,0.43757,-0.0056017,-0.19016,-0.00436,0.14166,0.020963,0,0.070887,0,-0.073171,-0.001523,-0.028932,0.072561,-0.012747,0.015576,-0.099763,-0.55823,-0.071541,0.049407,-0.54581,-0.041189,-0.08389,-0.97001,0.094336,0.029036,-0.94425,0.072671
0.035053,0.65867,0.024167,-0.01085,0.45765,0.038314,-0.16639,0.33923,-0.024145,0.15511,0.32891,0.033343,-0.34393,0.101,-0.090317,0.28981,0.10549,-0.039877,-0.48681,-0.018521,-0.26136,0.44319,-0.052535,-0.21118,-0.0060303,0.089115,0.026639,0,0.018835,0,-0.069069,-0.055133,-0.028776,0.072069,-0.052165,0.011442,-0.09064,-0.56405,-0.07856,0.045188,-0.55685,-0.051807,-0.0918,-0.97098,0.07915,0.011502,-0.95352,0.069166
0.02101,0.61773,0.019198,-0.012175,0.42352,0.034161,-0.16571,0.31002,-0.031,0.15511,0.3084,0.040613,-0.33941,0.096845,-0.085159,0.23363,0.043534,-0.054334,-0.4824,-0.029733,-0.25008,0.43325,-0.059444,-0.1943,-0.0076865,0.05748,0.028185,0,-0.012241,0,-0.071673,-0.083559,-0.022981,0.076331,-0.089093,0.0060598,-0.07042,-0.56821,-0.10578,0.045395,-0.56613,-0.076155,-0.10506,-0.96256,0.065901,0.004454,-0.95305,0.065727
0.022738,0.61636,0.018526,-0.013764,0.42189,0.032041,-0.16684,0.30872,-0.031565,0.16291,0.29918,0.051116,-0.33874,0.095956,-0.08677,0.26944,0.041198,-0.031019,-0.48137,-0.037132,-0.24796,0.43693,-0.064598,-0.17976,-0.0090989,0.056735,0.029397,0,-0.012787,0,-0.07208,-0.084598,-0.024317,0.078488,-0.092996,0.012314,-0.070889,-0.56277,-0.11206,0.044271,-0.56712,-0.086313,-0.10315,-0.96505,0.063038,-0.002245,-0.98609,0.058255
0.024093,0.61994,0.015864,-0.017197,0.42726,0.029,-0.16584,0.31024,-0.033749,0.16249,0.33034,0.051831,-0.33674,0.096299,-0.089321,0.27866,0.0469,-0.027591,-0.47971,-0.036899,-0.25204,0.46075,-0.067974,-0.16795,-0.010252,0.070333,0.030214,0,0.0036472,0,-0.069444,-0.075915,-0.030982,0.076995,-0.075211,0.019147,-0.078105,-0.57082,-0.10035,0.051278,-0.55638,-0.070636,-0.096871,-0.96644,0.05911,0.00065277,-0.96173,0.06438
0.031799,0.66681,0.011085,-0.01767,0.4813,0.016656,-0.17669,0.38604,-0.029294,0.15593,0.37348,0.036563,-0.34316,0.11123,-0.10001,0.30535,0.085854,0.0017202,-0.48178,-0.02961,-0.25425,0.46915,-0.039,-0.13475,-0.0087771,0.12588,0.028942,0,0.057601,0,-0.070197,-0.021171,-0.031789,0.076788,-0.02166,0.020368,-0.11735,-0.55371,-0.082365,0.066903,-0.53783,-0.049754,-0.10105,-0.95656,0.054435,0.0096461,-0.95793,0.06472
0.030346,0.7321,-0.0023969,-0.01272,0.54647,0.018867,-0.17081,0.40726,-0.031683,0.17593,0.42332,0.046944,-0.3458,0.16035,-0.088809,0.33895,0.14553,-0.017864,-0.48402,0.020173,-0.2396,0.49002,-0.019576,-0.1176,-0.0087424,0.17601,0.029533,0,0.10307,0,-0.071476,0.022438,-0.031168,0.076711,0.015356,0.018995,-0.11468,-0.54514,-0.061496,0.071455,-0.5415,0.0075554,-0.097981,-0.95575,0.053245,0.018231,-0.95085,0.066359
0.026695,0.7913,-0.014641,-0.0078135,0.60323,0.01535,-0.17199,0.48739,-0.03556,0.15346,0.50443,0.051263,-0.31723,0.23943,-0.055976,0.31363,0.22523,-0.015191,-0.47621,0.0707,-0.21614,0.48725,0.030764,-0.080734,-0.0088994,0.2301,0.028591,0,0.15791,0,-0.06781,0.0842,-0.02872,0.070525,0.076887,0.018535,-0.098225,-0.52937,-0.029659,0.068247,-0.54091,0.031421,-0.11501,-0.9071,0.027276,0.053332,-0.92211,0.05361
0.020986,0.82768,-0.025128,-0.0036537,0.64928,-0.0056274,-0.16816,0.53975,-0.047932,0.17114,0.56708,0.041264,-0.32309,0.25561,-0.055707,0.31452,0.27801,-0.017788,-0.4693,0.097897,-0.20927,0.46536,0.09353,-0.057147,-0.0076192,0.28062,0.02306,0,0.20748,0,-0.067548,0.13247,-0.0196,0.068915,0.1221,0.016453,-0.076145,-0.49365,-0.041797,0.071408,-0.53065,0.026292,-0.077617,-0.86465,0.030497,0.057822,-0.87698,0.050457
0.01821,0.83355,-0.052516,-0.014884,0.66094,-0.012043,-0.17706,0.55467,-0.05325,0.15876,0.60889,0.021468,-0.33191,0.28023,-0.054014,0.30252,0.31941,-0.031272,-0.47219,0.14013,-0.20257,0.45994,0.11149,-0.062118,-0.0087418,0.31145,0.019336,0,0.24384,0,-0.06455,0.15917,-0.020619,0.071803,0.17089,0.018859,-0.062068,-0.40541,-0.083352,0.051731,-0.48197,-0.0012887,-0.086901,-0.80691,0.031487,0.034648,-0.84651,0.055583
0.0093592,0.85658,-0.065129,-0.021535,0.67181,-0.026575,-0.17455,0.58406,-0.055663,0.15849,0.60981,0.018826,-0.32722,0.29897,-0.060244,0.30208,0.31937,0.0028451,-0.46593,0.14725,-0.19733,0.46863,0.1354,-0.068005,-0.0087001,0.3215,0.015249,0,0.25232,0,-0.0634,0.17583,-0.01654,0.071369,0.17783,0.020925,-0.038312,-0.35701,-0.099375,0.043988,-0.47474,-0.00020497,-0.083401,-0.75886,0.040761,0.035095,-0.78131,0.11092
0.01029,0.86265,-0.071617,-0.023123,0.68352,-0.037147,-0.17518,0.58489,-0.056482,0.15266,0.60838,0.010841,-0.32997,0.30411,-0.062612,0.30333,0.32158,-0.0050311,-0.46829,0.14783,-0.20075,0.46509,0.14856,-0.064643,-0.007997,0.32664,0.011984,0,0.25584,0,-0.063223,0.17865,-0.014869,0.071024,0.18385,0.022403,-0.036262,-0.35809,-0.097232,0.046618,-0.46886,0.0024204,-0.0775,-0.76243,0.036281,0.035323,-0.77792,0.10768
0.011567,0.86437,-0.080164,-0.024917,0.68248,-0.046233,-0.17865,0.58739,-0.062682,0.15666,0.6086,0.0055744,-0.32754,0.30711,-0.067994,0.27943,0.32156,-0.014228,-0.46695,0.14691,-0.20714,0.46559,0.15434,-0.082108,-0.0074141,0.3319,0.0073995,0,0.26236,0,-0.064689,0.18401,-0.00997,0.073586,0.18695,0.022333,-0.039745,-0.40738,-0.06319,0.054696,-0.44383,-0.0014868,-0.054318,-0.79615,0.0032364,0.017667,-0.79326,0.037271
0.0088035,0.86646,-0.085132,-0.028003,0.68214,-0.049384,-0.18024,0.58637,-0.063822,0.15626,0.60895,0.0043191,-0.32656,0.31026,-0.068779,0.28897,0.32436,-0.010402,-0.46861,0.14499,-0.21183,0.46439,0.14626,-0.10731,-0.0073699,0.33172,0.0048389,0,0.26177,0,-0.063632,0.1827,-0.0098886,0.073633,0.18527,0.025442,-0.033746,-0.46767,-0.033806,0.044673,-0.46729,0.014833,-0.051938,-0.83747,-0.013247,0.021876,-0.82732,0.021148
0.0089163,0.85839,-0.085585,-0.022495,0.62431,-0.044103,-0.17875,0.58223,-0.064454,0.1335,0.59312,-0.013953,-0.32479,0.30911,-0.072364,0.28955,0.3245,-0.010888,-0.47153,0.11427,-0.23756,0.45803,0.14103,-0.11128,-0.0065427,0.31951,0.0042102,0,0.25423,0,-0.060947,0.17876,-0.011142,0.069648,0.1802,0.025071,-0.039002,-0.47407,-0.030535,0.047423,-0.47265,0.013979,-0.050133,-0.85446,-0.016197,0.027807,-0.80691,0.019605
0.010777,0.84527,-0.087747,-0.018395,0.64175,-0.044248,-0.17126,0.55607,-0.073199,0.12988,0.58039,-0.018306,-0.31692,0.30452,-0.074822,0.28535,0.29687,-0.021638,-0.4649,0.10097,-0.23852,0.45944,0.12307,-0.12201,-0.0044161,0.29992,0.0027205,0,0.22218,0,-0.055655,0.16043,-0.011046,0.062662,0.151,0.021055,-0.04107,-0.49263,-0.030499,0.056762,-0.50212,0.018638,-0.09584,-0.91684,0.0051233,0.068999,-0.87282,0.016612
0.0059662,0.81058,-0.067871,-0.022823,0.6274,-0.035932,-0.17327,0.52284,-0.068918,0.13139,0.56901,-0.0011759,-0.31528,0.28887,-0.074503,0.2793,0.29449,-0.015188,-0.47131,0.055173,-0.24004,0.45472,0.07651,-0.14427,-0.0060287,0.2687,0.0029274,0,0.19944,0,-0.057236,0.11118,-0.021073,0.065729,0.12929,0.024142,-0.048628,-0.51662,-0.032736,0.08147,-0.52365,0.023345,-0.10364,-0.93336,0.015503,0.069716,-0.93999,0.022861
-0.0050319,0.75859,-0.052475,-0.037211,0.56158,-0.019235,-0.20189,0.44742,-0.055586,0.12337,0.55001,0.036338,-0.31794,0.20221,-0.071,0.26211,0.25726,-0.0055999,-0.48067,0.024085,-0.24293,0.43974,0.043328,-0.13922,-0.0091161,0.21953,0.0043946,0,0.15122,0,-0.064866,0.087284,-0.017075,0.079035,0.068945,0.020124,-0.072804,-0.54028,-0.041625,0.080073,-0.53693,0.022672,-0.12234,-0.93609,0.070117,0.059114,-0.93425,0.058867
-0.0049667,0.70036,-0.052789,-0.042418,0.50309,-0.0063815,-0.17953,0.38996,-0.049986,0.14,0.43457,0.035808,-0.31626,0.19313,-0.075475,0.26469,0.1994,-0.007832,-0.48196,-0.021168,-0.25394,0.45819,-0.012698,-0.15982,-0.0097324,0.16624,0.006254,0,0.099436,0,-0.058661,0.01648,-0.027815,0.07586,0.032021,0.023717,-0.069779,-0.54331,-0.053995,0.09592,-0.54572,-0.021374,-0.10645,-0.93735,0.072207,0.042202,-0.94507,0.077683
-0.018309,0.65186,-0.019343,-0.045879,0.46824,-0.0059814,-0.17102,0.34219,-0.050827,0.11375,0.37387,0.019462,-0.31987,0.13236,-0.050307,0.28633,0.112,-0.013062,-0.48892,-0.035386,-0.24762,0.43461,-0.031546,-0.1489,-0.010104,0.12099,0.0061177,0,0.051917,0,-0.057446,-0.020814,-0.029776,0.071078,-0.0082466,0.02798,-0.067291,-0.55915,-0.067497,0.070996,-0.56593,-0.043385,-0.094565,-0.94911,0.075037,0.021062,-0.94936,0.082323
-0.015217,0.61795,-0.02198,-0.0471,0.44153,0.013238,-0.17311,0.31076,-0.040915,0.11217,0.35423,0.037283,-0.34846,0.065629,-0.08455,0.27438,0.074898,-0.018884,-0.49061,-0.055672,-0.24862,0.4412,-0.05421,-0.14667,-0.01089,0.11064,0.0095031,0,0.044362,0,-0.057809,-0.036218,-0.038759,0.069191,-0.026454,0.031706,-0.043262,-0.56166,-0.089696,0.05294,-0.60735,-0.073852,-0.071187,-0.95637,0.069486,0.019333,-0.95172,0.077408
-0.017943,0.62082,-0.024149,-0.04695,0.44086,0.01064,-0.17382,0.31017,-0.043679,0.11231,0.35327,0.03521,-0.34473,0.080255,-0.081463,0.27579,0.074539,-0.019805,-0.489,-0.064678,-0.24577,0.44164,-0.058994,-0.14387,-0.010747,0.091807,0.011175,0,0.020695,0,-0.05949,-0.053607,-0.03285,0.07166,-0.042848,0.024449,-0.049378,-0.56606,-0.095803,0.063911,-0.55356,-0.075204,-0.072622,-0.95324,0.063355,0.012015,-0.95266,0.07141
-0.016523,0.6274,-0.022123,-0.045647,0.4444,0.013135,-0.17503,0.31893,-0.040219,0.12168,0.3614,0.034491,-0.3565,0.068484,-0.087148,0.29275,0.086152,-0.0056882,-0.49682,-0.070073,-0.23742,0.4496,-0.0602,-0.12664,-0.01074,0.092317,0.012796,0,0.021553,0,-0.059881,-0.052999,-0.032229,0.072138,-0.042918,0.023762,-0.075533,-0.56151,-0.091856,0.063176,-0.55223,-0.071223,-0.10026,-0.91321,0.05007,0.012536,-0.95187,0.070683
-0.0031124,0.68726,-0.021761,-0.028776,0.49774,0.01228,-0.17939,0.38737,-0.029866,0.13951,0.41198,0.035053,-0.34788,0.11138,-0.082221,0.28408,0.12169,0.0035875,-0.48868,-0.023868,-0.23529,0.44818,-0.030106,-0.099849,-0.0084771,0.11769,0.014443,0,0.04458,0,-0.066848,-0.027434,-0.032254,0.076694,-0.035966,0.022673,-0.094326,-0.5388,-0.067566,0.085656,-0.53328,-0.015545,-0.099055,-0.94011,0.055932,0.021112,-0.95088,0.067551
-0.0031967,0.74102,-0.034737,-0.024102,0.55468,0.01881,-0.18085,0.40627,-0.033053,0.14419,0.46892,0.041583,-0.33804,0.17025,-0.063588,0.28568,0.17735,0.0022174,-0.48627,0.018652,-0.21082,0.46216,-0.0022639,-0.061286,-0.0076439,0.18743,0.01732,0,0.11574,0,-0.070485,0.036739,-0.02864,0.079003,0.039619,0.017057,-0.10451,-0.52752,-0.045841,0.082339,-0.53665,0.031797,-0.10742,-0.92732,0.04557,0.027047,-0.94856,0.06548
0.005127,0.79986,-0.0415,-0.013018,0.62344,0.010838,-0.16358,0.49279,-0.048963,0.15527,0.53768,0.033611,-0.33539,0.2284,-0.064905,0.29046,0.24373,-0.015792,-0.4839,0.055881,-0.20601,0.44393,0.055052,-0.051674,-0.0065785,0.25233,0.016591,0,0.17944,0,-0.063005,0.10586,-0.024304,0.067432,0.10205,0.015868,-0.094468,-0.52704,-0.025838,0.079634,-0.53346,0.026294,-0.1085,-0.92952,0.031294,0.054479,-0.91061,0.018596
0.011813,0.81773,-0.048032,-0.020171,0.63915,0.0032599,-0.1655,0.52637,-0.059404,0.14812,0.55339,0.026033,-0.32299,0.2868,-0.061557,0.29929,0.26646,0.00040013,-0.47425,0.1075,-0.19008,0.44305,0.076377,-0.049493,-0.008147,0.27318,0.01499,0,0.20168,0,-0.060245,0.12494,-0.024009,0.067121,0.13422,0.019312,-0.074436,-0.48576,-0.032605,0.064609,-0.50485,0.017499,-0.11106,-0.86008,0.0020154,0.037937,-0.88164,0.029121
0.0095207,0.84982,-0.06206,-0.032925,0.6848,-0.011756,-0.16098,0.56142,-0.065279,0.13536,0.59904,0.011017,-0.31661,0.28694,-0.030131,0.27497,0.34224,0.0093845,-0.47718,0.12111,-0.19789,0.43512,0.14446,-0.056737,-0.0092985,0.3097,0.011503,0,0.23551,0,-0.054998,0.15866,-0.025578,0.064919,0.16811,0.025019,-0.037883,-0.42755,-0.063188,0.040301,-0.47663,-0.016921,-0.097334,-0.82261,0.023497,-0.0086992,-0.83824,0.03197
0.0083875,0.85956,-0.070664,-0.034736,0.6848,-0.020493,-0.17664,0.58915,-0.053113,0.13355,0.59904,0.0022802,-0.32272,0.30284,-0.037056,0.27209,0.34278,0.0013004,-0.48679,0.13212,-0.20231,0.42841,0.16532,-0.051945,-0.0085047,0.32063,0.0070062,0,0.25072,0,-0.056124,0.17079,-0.024165,0.067527,0.18154,0.027306,-0.043551,-0.41465,-0.070706,0.036481,-0.4706,-0.0059373,-0.096115,-0.80559,0.014476,-0.0078511,-0.82813,0.024804
0.010574,0.8636,-0.076415,-0.031092,0.6861,-0.025151,-0.18006,0.59323,-0.052884,0.1372,0.60034,-0.0023782,-0.32355,0.30488,-0.041919,0.27641,0.34162,-0.0030177,-0.48927,0.13653,-0.20594,0.44208,0.16171,-0.072181,-0.0070118,0.32895,0.0053773,0,0.25875,0,-0.059217,0.17932,-0.0209,0.068751,0.18499,0.025292,-0.032896,-0.36077,-0.08566,0.032266,-0.46236,-0.012064,-0.081406,-0.79442,0.011703,0.0027583,-0.80662,0.035011
0.013321,0.86706,-0.081104,-0.026212,0.69237,-0.027396,-0.17581,0.59254,-0.056112,0.14208,0.60661,-0.0046231,-0.34429,0.31746,-0.053717,0.25843,0.40014,0.0041729,-0.49041,0.15551,-0.19761,0.44253,0.1651,-0.083855,-0.0061569,0.33648,0.0040337,0,0.26562,0,-0.058513,0.1887,-0.019454,0.066875,0.1917,0.024937,-0.04212,-0.42658,-0.04898,0.028316,-0.46027,0.0036071,-0.066811,-0.80886,0.0064874,0.009611,-0.82429,0.031765
0.0154,0.86463,-0.078785,-0.0077723,0.637,-0.018573,-0.17037,0.59075,-0.056212,0.16052,0.55124,0.0042004,-0.31371,0.38433,-0.018852,0.29829,0.31691,-0.018914,-0.48545,0.1621,-0.19507,0.45324,0.14924,-0.10604,-0.0058055,0.3337,0.003458,0,0.26525,0,-0.059399,0.18834,-0.019911,0.064836,0.18932,0.025515,-0.049486,-0.43727,-0.047467,0.0317,-0.46297,0.0067356,-0.098622,-0.83609,-0.0062913,-0.0013168,-0.83671,0.020329
0.019329,0.8627,-0.079909,-0.011053,0.66172,-0.0149,-0.16352,0.58047,-0.059024,0.1507,0.55866,-0.0071622,-0.29907,0.39337,-0.02249,0.29162,0.27662,-0.032347,-0.47389,0.17176,-0.19624,0.44868,0.12812,-0.15003,-0.0043187,0.31843,0.0031422,0,0.24504,0,-0.057635,0.17044,-0.019799,0.063006,0.17867,0.021768,-0.070419,-0.48253,-0.043835,0.039835,-0.47398,0.019653,-0.10641,-0.86854,-0.014955,0.035896,-0.87712,0.026418
0.02865,0.84418,-0.068631,-0.0090234,0.65811,-0.012249,-0.15292,0.53518,-0.062507,0.15052,0.55424,-0.0073524,-0.3131,0.36231,-0.046029,0.28748,0.29661,-0.032117,-0.48637,0.14457,-0.21784,0.44627,0.11745,-0.15193,-0.003038,0.29976,0.0038434,0,0.22774,0,-0.05832,0.15395,-0.022494,0.061044,0.15319,0.021919,-0.073735,-0.49899,-0.045959,0.03975,-0.49954,0.019915,-0.11605,-0.93512,0.011964,0.036883,-0.88427,0.029595
0.033404,0.79841,-0.041581,0.0011189,0.60796,0.0023508,-0.153,0.50828,-0.042316,0.15598,0.50156,0.0010847,-0.31305,0.24162,-0.047154,0.29878,0.21083,-0.043426,-0.48374,0.095311,-0.24189,0.44037,0.063871,-0.18323,-0.0015552,0.27026,0.0064786,0,0.20268,0,-0.060657,0.13117,-0.020286,0.061235,0.13045,0.01593,-0.082763,-0.51108,-0.046946,0.042383,-0.52226,0.018712,-0.11938,-0.9375,0.027245,0.038677,-0.90633,0.083727
0.031741,0.74617,-0.024528,-0.003185,0.56384,0.00062668,-0.1245,0.43566,-0.05821,0.15168,0.45744,-0.00063845,-0.33201,0.18828,-0.054598,0.29952,0.17965,-0.049613,-0.49463,0.044652,-0.25241,0.43724,0.028006,-0.18818,-0.002593,0.20445,0.0072544,0,0.13346,0,-0.049799,0.065124,-0.022167,0.050806,0.069709,0.017602,-0.09564,-0.53123,-0.058638,0.046332,-0.53848,0.0010445,-0.12255,-0.9108,0.036076,0.0363,-0.91114,0.079215
0.040963,0.6938,-0.0022194,0.0081288,0.50152,0.0045005,-0.13974,0.40545,-0.031288,0.16299,0.39513,0.0032354,-0.31492,0.13244,-0.06155,0.31286,0.13914,-0.045546,-0.49047,0.021304,-0.25165,0.46769,-0.023173,-0.21834,-0.00092227,0.18106,0.0084734,0,0.11617,0,-0.068872,0.029512,-0.01507,0.056825,0.055619,0.010641,-0.092636,-0.54264,-0.068193,0.064402,-0.54094,-0.0095865,-0.097819,-0.94613,0.093551,0.039541,-0.93495,0.10366
0.030871,0.6712,0.0073868,-0.0026464,0.4754,0.012147,-0.17632,0.37477,-0.0081556,0.15222,0.369,0.010881,-0.33383,0.097425,-0.094882,0.3072,0.11083,-0.040236,-0.49974,-0.0067218,-0.25726,0.46439,-0.035527,-0.20784,-0.0013899,0.14992,0.011619,0,0.086226,0,-0.076394,0.0025342,-0.035101,0.082392,0.00041563,0.025969,-0.088476,-0.55316,-0.070295,0.059024,-0.54522,-0.017995,-0.076399,-0.94878,0.08997,0.015907,-0.91581,0.094186
0.037432,0.65454,0.010683,0.0038677,0.45076,0.010715,-0.1625,0.33974,-0.018959,0.15873,0.34436,0.0094492,-0.32991,0.078031,-0.10161,0.32383,0.094263,-0.042747,-0.50165,-0.033441,-0.27784,0.47518,-0.047129,-0.1815,-0.00090569,0.093723,0.012702,0,0.02519,0,-0.07228,-0.047016,-0.020489,0.071664,-0.049241,0.011571,-0.059749,-0.56277,-0.095201,0.06969,-0.53673,-0.055395,-0.070155,-0.95187,0.088523,0.020255,-0.95107,0.099592
0.026205,0.65224,0.0047084,-0.0074211,0.45057,0.006614,-0.17392,0.33923,-0.023293,0.14744,0.34418,0.0053478,-0.33763,0.07882,-0.10157,0.31374,0.09344,-0.045387,-0.51154,-0.032298,-0.27978,0.4802,-0.052151,-0.19762,-0.0042041,0.091421,0.012224,0,0.021073,0,-0.066261,-0.056257,-0.015258,0.073459,-0.050441,0.0099553,-0.071118,-0.56285,-0.099846,0.061549,-0.54263,-0.055851,-0.082771,-0.95182,0.084565,0.019126,-0.92052,0.085061
0.026105,0.67176,0.0089893,-0.0049026,0.48216,0.012992,-0.17681,0.36396,-0.023525,0.14996,0.37576,0.011726,-0.34536,0.11351,-0.07619,0.31894,0.099702,-0.038341,-0.51641,-0.020928,-0.2731,0.49883,-0.032974,-0.13921,-0.0032159,0.10743,0.014342,0,0.034172,0,-0.074076,-0.035684,-0.022332,0.075898,-0.043261,0.012239,-0.085245,-0.55939,-0.075667,0.065687,-0.54916,-0.024862,-0.089672,-0.94554,0.086902,0.021104,-0.92316,0.089688
0.020412,0.73164,0.00043053,-0.0062081,0.54248,0.012262,-0.16864,0.40736,-0.029146,0.14866,0.43609,0.010996,-0.33119,0.18152,-0.069996,0.30613,0.15267,-0.02942,-0.49232,0.046862,-0.21358,0.48778,0.005432,-0.096712,-0.0030916,0.15796,0.015761,0,0.081837,0,-0.074447,0.01361,-0.025768,0.076665,0.00015935,0.017148,-0.094753,-0.53817,-0.046019,0.081837,-0.52528,0.012262,-0.10581,-0.91002,0.050678,0.036079,-0.92069,0.09399
0.015362,0.79044,-0.0086754,-0.012012,0.60096,0.0075152,-0.1768,0.44785,-0.028824,0.14285,0.49456,0.0062491,-0.32539,0.22639,-0.034496,0.30252,0.21222,-0.01184,-0.48925,0.086549,-0.19939,0.47868,0.052913,-0.059205,-0.0036473,0.20714,0.015482,0,0.12858,0,-0.069515,0.05948,-0.026052,0.073323,0.045435,0.019104,-0.1059,-0.53516,-0.027293,0.069508,-0.5188,0.022953,-0.12015,-0.9164,0.045852,0.047752,-0.89514,0.052792
0.014084,0.81905,-0.023366,-0.010654,0.63545,-0.0010915,-0.18297,0.53982,-0.028042,0.14421,0.52905,-0.0023576,-0.32833,0.26406,-0.052108,0.30285,0.24725,-0.0031157,-0.49805,0.1002,-0.21389,0.48701,0.097407,-0.051026,-0.0029627,0.27002,0.013652,0,0.19627,0,-0.063754,0.11826,-0.021613,0.067139,0.12034,0.017234,-0.087491,-0.52251,-0.028613,0.063069,-0.51834,0.019279,-0.10897,-0.89203,0.026143,0.043158,-0.89551,0.045794
0.0094312,0.84935,-0.059469,-0.01258,0.66566,-0.0033138,-0.16876,0.55688,-0.04144,0.14228,0.55926,-0.0045799,-0.3381,0.28022,-0.059727,0.31015,0.29613,0.017718,-0.50385,0.1175,-0.21035,0.46487,0.1206,-0.048977,-0.0039114,0.29472,0.012559,0,0.22167,0,-0.059271,0.15204,-0.019743,0.063225,0.15445,0.01764,-0.046204,-0.46306,-0.058186,0.034516,-0.48618,-0.017317,-0.099595,-0.85406,0.013478,0.026401,-0.86299,0.053313
0.012516,0.85322,-0.0611,-0.01004,0.68053,-0.007122,-0.16622,0.60086,-0.040531,0.14482,0.57413,-0.0083871,-0.32533,0.31864,-0.049354,0.29978,0.36226,0.037161,-0.50885,0.13119,-0.21882,0.45502,0.15247,-0.052939,-0.0033664,0.30257,0.011288,0,0.22792,0,-0.060804,0.1587,-0.019269,0.064196,0.15579,0.01689,-0.038594,-0.37259,-0.098744,0.01758,-0.42849,-0.046034,-0.085528,-0.80576,0.0065531,-0.012596,-0.81422,0.036573
0.02068,0.86881,-0.067848,-0.0089018,0.68987,-0.011465,-0.16331,0.6007,-0.04361,0.14596,0.58347,-0.012731,-0.32115,0.3188,-0.040269,0.31692,0.31269,0.012623,-0.50501,0.14961,-0.21473,0.48271,0.13337,-0.071039,-0.0029346,0.32524,0.0088912,0,0.25303,0,-0.060293,0.1799,-0.018832,0.063827,0.18072,0.018249,-0.031322,-0.36809,-0.10193,0.02111,-0.4297,-0.047064,-0.077682,-0.77839,-0.010967,-0.016524,-0.75872,0.04269
0.023312,0.88023,-0.075106,-0.0090256,0.69132,-0.0122,-0.16036,0.59788,-0.045831,0.14584,0.58492,-0.013465,-0.3227,0.31908,-0.037763,0.31178,0.30887,-0.00080811,-0.50527,0.15389,-0.21229,0.47984,0.14921,-0.076579,-0.0029088,0.32416,0.007475,0,0.25052,0,-0.060383,0.17903,-0.018848,0.063801,0.17854,0.018197,-0.0338,-0.38213,-0.093846,0.019806,-0.43746,-0.04458,-0.082913,-0.78806,-0.01367,-0.005159,-0.82358,0.0080164
0.026075,0.87942,-0.07344,-0.0083817,0.69213,-0.012815,-0.16026,0.59818,-0.046112,0.14648,0.58573,-0.01408,-0.3239,0.31999,-0.038888,0.31149,0.30878,-0.003559,-0.50415,0.15638,-0.21166,0.47062,0.14755,-0.096546,-0.0026116,0.32128,0.0062423,0,0.24595,0,-0.061062,0.17545,-0.017934,0.063943,0.17294,0.017484,-0.038035,-0.45788,-0.063732,0.02714,-0.47817,-0.031076,-0.082108,-0.84173,-0.024642,-0.0030305,-0.83029,0.0022145
0.02813,0.86534,-0.064617,-0.0032057,0.63501,-0.013055,-0.16777,0.59343,-0.040727,0.15166,0.52861,-0.014321,-0.31702,0.30589,-0.047669,0.29373,0.29852,-0.02417,-0.49605,0.1536,-0.21592,0.46888,0.14818,-0.10362,-0.0020159,0.30682,0.0051605,0,0.23827,0,-0.063704,0.1682,-0.016604,0.066121,0.15288,0.01463,-0.040133,-0.48232,-0.058568,0.033651,-0.4988,-0.027371,-0.093009,-0.86493,-0.034376,0.041378,-0.85783,-0.0043053
0.029181,0.85271,-0.048053,-0.0055206,0.64724,-0.0083175,-0.15538,0.55638,-0.045543,0.14934,0.54084,-0.0095836,-0.32568,0.28052,-0.056478,0.27683,0.31934,-0.023128,-0.49751,0.13355,-0.23653,0.44901,0.11159,-0.14709,-0.0034127,0.2946,0.0058078,0,0.21924,0,-0.062336,0.15083,-0.014138,0.062362,0.1464,0.01327,-0.068308,-0.50111,-0.066707,0.043357,-0.50603,-0.023694,-0.10752,-0.93083,-0.017484,0.055636,-0.91802,-0.010196
0.026808,0.82178,-0.037329,-0.0037535,0.63081,-0.0038621,-0.18624,0.51598,-0.028223,0.15111,0.52441,-0.0051282,-0.3216,0.25255,-0.0712,0.27684,0.30307,-0.025485,-0.48645,0.11248,-0.24511,0.44345,0.068777,-0.1902,-0.0018459,0.277,0.0062805,0,0.20692,0,-0.065388,0.13049,-0.013386,0.065929,0.12662,0.0087274,-0.080063,-0.52033,-0.080236,0.053898,-0.52604,-0.026684,-0.10911,-0.93234,-0.011881,0.057407,-0.92281,-0.0097307
0.023503,0.7643,-0.025648,-0.010326,0.57595,0.0051968,-0.1388,0.45959,-0.040897,0.14454,0.46955,0.0039317,-0.3375,0.20316,-0.079939,0.27739,0.26989,-0.016267,-0.48592,0.07967,-0.23635,0.43818,0.031778,-0.1813,-0.0034125,0.22072,0.0088274,0,0.1503,0,-0.052344,0.080404,-0.024744,0.055627,0.089451,0.018447,-0.092107,-0.52726,-0.075906,0.051942,-0.54358,-0.027846,-0.11821,-0.92993,0.0041828,0.050902,-0.93262,0.019268
0.028351,0.70251,0.0050644,-0.0069259,0.51591,0.010566,-0.15858,0.40514,-0.024887,0.14794,0.40951,0.0093001,-0.33317,0.14513,-0.073417,0.29624,0.13348,-0.030953,-0.4843,0.011922,-0.25467,0.44158,-0.020699,-0.18757,-0.002506,0.17009,0.011128,0,0.10182,0,-0.060508,0.018383,-0.023383,0.062911,0.041545,0.01489,-0.090942,-0.53551,-0.093591,0.068789,-0.54541,-0.066146,-0.1071,-0.91733,0.023489,0.065091,-0.93016,0.056104
0.026579,0.67029,0.018261,-0.012435,0.46876,0.020755,-0.16738,0.39043,-0.014876,0.14243,0.36236,0.01949,-0.31183,0.18399,-0.035019,0.29068,0.1073,-0.029073,-0.48085,-0.012707,-0.24425,0.43468,-0.04709,-0.18765,-0.0034502,0.15015,0.014284,0,0.086307,0,-0.060205,0.014097,-0.019961,0.063713,0.006316,0.0031775,-0.079363,-0.54238,-0.10215,0.062434,-0.55773,-0.070387,-0.099436,-0.95245,0.063335,0.033333,-0.94351,0.054644
0.015508,0.64142,0.025706,-0.014409,0.44562,0.022903,-0.19649,0.33857,0.012903,0.14045,0.33922,0.021638,-0.32104,0.13055,-0.038455,0.28006,0.10425,-0.026545,-0.48349,-0.040181,-0.24321,0.4427,-0.10401,-0.18928,-0.0025156,0.090285,0.017682,0,0.02304,0,-0.068582,-0.053908,-0.025276,0.073337,-0.056738,0.011265,-0.074713,-0.56195,-0.11908,0.05999,-0.55676,-0.093382,-0.10526,-0.95517,0.05878,0.022188,-0.94911,0.052995
0.0026755,0.61886,0.013513,-0.025417,0.4278,0.019539,-0.17069,0.28571,-0.032408,0.12945,0.3214,0.018274,-0.3457,0.072355,-0.076545,0.25691,0.026575,-0.029872,-0.48184,-0.06538,-0.23217,0.43545,-0.10426,-0.19025,-0.0079609,0.05706,0.018287,0,-0.017678,0,-0.06245,-0.091241,-0.028689,0.069243,-0.080452,0.015352,-0.084213,-0.5662,-0.12536,0.04381,-0.56114,-0.11807,-0.095806,-0.95405,0.042961,0.010336,-0.95169,0.033641
0.0060243,0.62063,0.016389,-0.022595,0.42763,0.020546,-0.16564,0.29077,-0.031078,0.13227,0.32123,0.01928,-0.34796,0.056059,-0.090777,0.25983,0.026615,-0.028689,-0.49708,-0.079033,-0.26191,0.44094,-0.10462,-0.18387,-0.0068911,0.059237,0.020326,0,-0.012683,0,-0.06238,-0.082439,-0.025896,0.068338,-0.077098,0.013744,-0.083127,-0.5616,-0.12459,0.04543,-0.55985,-0.11432,-0.090387,-0.95584,0.04176,0.012918,-0.95247,0.034426
0.0066157,0.63652,0.015188,-0.024209,0.44458,0.018284,-0.16081,0.29851,-0.039926,0.13065,0.33818,0.017018,-0.35286,0.057481,-0.099265,0.26708,0.050707,-0.018539,-0.50985,-0.049449,-0.25987,0.44644,-0.056809,-0.15021,-0.0078118,0.065322,0.021243,0,-0.0079086,0,-0.063114,-0.07457,-0.02314,0.068967,-0.073992,0.012965,-0.094718,-0.54965,-0.1154,0.064037,-0.54946,-0.083083,-0.090243,-0.95296,0.042776,0.015171,-0.95128,0.038085
0.0067926,0.69916,0.0038111,-0.026892,0.51707,0.016088,-0.16942,0.40085,-0.027209,0.12797,0.41067,0.014822,-0.33592,0.12382,-0.084923,0.28881,0.12869,-0.01311,-0.49577,-0.004934,-0.23377,0.4585,-0.022644,-0.10376,-0.0075185,0.15813,0.021721,0,0.088411,0,-0.065423,0.016796,-0.026726,0.074197,0.020166,0.016916,-0.10266,-0.52788,-0.091224,0.07533,-0.549,-0.03979,-0.085611,-0.94444,0.041733,0.029465,-0.95102,0.0394
0.00064659,0.76671,0.00079634,-0.02214,0.57433,0.024566,-0.19417,0.44134,-0.012369,0.13272,0.46793,0.0233,-0.33328,0.20773,-0.062684,0.29363,0.18606,-0.011545,-0.48368,0.062418,-0.21408,0.45932,0.017995,-0.068898,-0.0062115,0.20348,0.024698,0,0.13058,0,-0.067174,0.0493,-0.026178,0.075828,0.05107,0.014262,-0.10472,-0.51484,-0.068435,0.08211,-0.53671,-0.00089932,-0.10927,-0.91205,0.027305,0.057208,-0.93495,0.041736
0.011374,0.80916,-0.02298,-0.01295,0.6253,0.011207,-0.17987,0.53492,-0.024166,0.14191,0.5189,0.0099415,-0.33572,0.2502,-0.05974,0.29778,0.23424,-0.0079154,-0.48351,0.072752,-0.22599,0.46695,0.041073,-0.081447,-0.004748,0.25786,0.022777,0,0.1861,0,-0.063411,0.10666,-0.02381,0.067859,0.11466,0.015159,-0.087347,-0.53132,-0.029435,0.085335,-0.53068,-0.0056038,-0.10387,-0.91865,0.01413,0.076735,-0.88535,0.007222
0.0070761,0.83305,-0.030431,-0.010233,0.64932,0.0065365,-0.18302,0.55351,-0.023693,0.14463,0.54292,0.0052704,-0.33539,0.27158,-0.054487,0.2934,0.25462,-0.0096865,-0.49986,0.11935,-0.22549,0.48026,0.10744,-0.05544,-0.0039123,0.27263,0.021906,0,0.199,0,-0.064549,0.12339,-0.020706,0.068093,0.12304,0.013932,-0.067246,-0.4739,-0.056883,0.064203,-0.49937,-0.0095983,-0.10187,-0.85736,-0.0033629,0.051634,-0.8601,0.02042
0.0072171,0.84173,-0.047302,-0.016953,0.66407,-0.0022341,-0.17516,0.56412,-0.03753,0.13791,0.55767,-0.0034992,-0.33446,0.28143,-0.054366,0.29827,0.27636,-0.0074417,-0.49157,0.15887,-0.21096,0.47186,0.11529,-0.060199,-0.0051704,0.28481,0.019117,0,0.21048,0,-0.061389,0.14223,-0.017214,0.067161,0.13966,0.016971,-0.043342,-0.37544,-0.093187,0.042978,-0.43895,-0.043452,-0.065062,-0.80996,0.0086901,0.0152,-0.80078,0.042348
0.0087715,0.85362,-0.059539,-0.011258,0.6695,-0.012093,-0.17509,0.589,-0.038906,0.14361,0.56311,-0.013359,-0.32499,0.30197,-0.043199,0.30223,0.28084,-0.017142,-0.49187,0.15967,-0.21999,0.4867,0.13518,-0.079365,-0.0029252,0.30446,0.014565,0,0.23319,0,-0.063351,0.15815,-0.019157,0.067845,0.15415,0.018007,-0.037939,-0.37407,-0.10195,0.045859,-0.43742,-0.050611,-0.056588,-0.80089,0.0017643,0.016141,-0.79616,0.034878
0.0077414,0.86639,-0.066638,-0.019168,0.68334,-0.018482,-0.17394,0.58901,-0.041352,0.1357,0.57694,-0.019748,-0.32598,0.30314,-0.045367,0.30003,0.29766,-0.027481,-0.49181,0.16127,-0.22275,0.47772,0.14352,-0.088807,-0.003666,0.30849,0.012459,0,0.23516,0,-0.062475,0.16138,-0.019473,0.066291,0.15937,0.021136,-0.03467,-0.37274,-0.10258,0.042925,-0.43813,-0.049154,-0.053331,-0.79822,-0.0006816,0.011465,-0.79605,0.0364
0.0086674,0.869,-0.07195,-0.018502,0.68406,-0.020268,-0.17469,0.59598,-0.038748,0.13636,0.57766,-0.021535,-0.32648,0.3097,-0.046693,0.29993,0.29764,-0.034312,-0.49074,0.16181,-0.22305,0.47608,0.14432,-0.10338,-0.00349,0.3107,0.010289,0,0.23701,0,-0.062045,0.16348,-0.020205,0.066145,0.16081,0.022777,0.013521,-0.34443,-0.10209,0.036312,-0.45605,-0.037728,-0.04662,-0.78557,-0.032355,-0.00313,-0.83732,0.07358
0.011273,0.85604,-0.067484,-0.018668,0.62545,-0.016408,-0.17072,0.59691,-0.040197,0.1362,0.51905,-0.017674,-0.32755,0.31287,-0.057917,0.32365,0.25425,-0.034251,-0.48659,0.15272,-0.22969,0.50891,0.12796,-0.13363,-0.004513,0.29919,0.0090618,0,0.23036,0,-0.061412,0.1588,-0.020336,0.065088,0.14949,0.022491,-0.040113,-0.45247,-0.075732,0.045785,-0.49826,-0.019509,-0.098987,-0.84164,-0.025128,0.012493,-0.85661,0.00064335
0.010161,0.85891,-0.065129,-0.019118,0.66446,-0.015892,-0.17085,0.59672,-0.038329,0.13575,0.55806,-0.017158,-0.32338,0.3102,-0.060198,0.26445,0.28569,-0.043137,-0.48761,0.13367,-0.2414,0.45419,0.15042,-0.11435,-0.0041339,0.29915,0.0078467,0,0.22958,0,-0.060989,0.15787,-0.020387,0.064996,0.14954,0.022269,-0.063223,-0.38818,-0.08418,0.032635,-0.50223,-0.0079556,-0.10604,-0.83735,-0.047627,0.04736,-0.89833,-0.00033246
0.0069629,0.82836,-0.051844,-0.014286,0.65496,-0.010761,-0.16167,0.54312,-0.047408,0.14058,0.54856,-0.012028,-0.32642,0.2665,-0.059304,0.26004,0.34734,0.013501,-0.48269,0.10458,-0.25101,0.41947,0.11056,-0.15508,-0.0040436,0.29404,0.0075456,0,0.22272,0,-0.059383,0.14797,-0.02139,0.063928,0.14729,0.021793,-0.076466,-0.50354,-0.072581,0.061123,-0.50514,-0.013944,-0.11642,-0.92664,-0.029418,0.04026,-0.93728,0.007071
0.016527,0.78501,-0.019134,-0.015306,0.60116,-0.00091207,-0.17799,0.54182,-0.014289,0.13956,0.49476,-0.0021782,-0.32888,0.25527,-0.064541,0.29519,0.20985,-0.028885,-0.47549,0.072405,-0.23129,0.43919,0.064206,-0.1679,-0.0031771,0.26933,0.0088255,0,0.20217,0,-0.056708,0.12826,-0.018641,0.060328,0.12409,0.012861,-0.073882,-0.52329,-0.068898,0.065799,-0.5286,-0.010955,-0.11035,-0.94069,8.6303e-05,0.04406,-0.9436,0.01776
0.0040689,0.73405,-0.020344,-0.011051,0.54553,0.0042387,-0.18774,0.49273,-0.0079624,0.14381,0.43913,0.0029735,-0.31375,0.19394,-0.051439,0.30107,0.15551,-0.040109,-0.47363,0.0078087,-0.25246,0.43565,0.00096483,-0.17896,-0.0023654,0.20364,0.010832,0,0.13597,0,-0.060622,0.046098,-0.023676,0.064875,0.06825,0.016663,-0.069612,-0.53573,-0.082228,0.078021,-0.55126,-0.029421,-0.12638,-0.91403,0.02787,0.048444,-0.94217,0.049071
0.01392,0.67747,0.0093227,0.0046693,0.49191,0.019357,-0.1503,0.3951,-0.0095826,0.15953,0.38551,0.018091,-0.31394,0.12264,-0.10329,0.29467,0.10368,-0.034365,-0.46348,-0.023126,-0.25238,0.44775,-0.039304,-0.18494,-0.00059108,0.14126,0.015302,0,0.072531,0,-0.066336,0.00054634,-0.02938,0.064738,-0.0031549,0.017658,-0.071945,-0.55236,-0.088051,0.090339,-0.55803,-0.043311,-0.11387,-0.91954,0.04036,0.05054,-0.93889,0.052784
0.014808,0.65825,0.013446,2.2949e-05,0.45171,0.027378,-0.16837,0.34655,-0.003003,0.15489,0.34531,0.026113,-0.26376,0.081703,-0.031323,0.31212,0.064593,-0.044844,-0.45998,-0.039502,-0.248,0.4623,-0.10635,-0.21263,-0.0010868,0.12785,0.018598,0,0.063252,0,-0.067398,-0.012759,-0.030574,0.067984,-0.013622,0.016335,-0.063211,-0.56033,-0.10833,0.058799,-0.54532,-0.087202,-0.087016,-0.94371,0.042229,0.040085,-0.94383,0.055395
-0.0055059,0.62985,0.0050291,-0.020277,0.44502,0.020064,-0.19448,0.33664,-0.0059461,0.13459,0.33862,0.018799,-0.28249,0.082143,-0.037326,0.27274,0.047456,-0.048159,-0.48353,-0.075084,-0.25202,0.43057,-0.098866,-0.17351,-0.0054391,0.08675,0.019166,0,0.016955,0,-0.066447,-0.062762,-0.025424,0.073734,-0.059226,0.013291,-0.080198,-0.56479,-0.12128,0.042445,-0.54957,-0.096369,-0.1071,-0.94384,0.036041,-0.0045841,-0.95012,0.051861
-0.0056491,0.62972,0.004829,-0.020886,0.44471,0.021088,-0.19065,0.31729,-0.013078,0.13398,0.33832,0.019823,-0.33182,0.064262,-0.091008,0.26729,0.044571,-0.044707,-0.48702,-0.058328,-0.24094,0.4471,-0.10716,-0.1819,-0.0059815,0.08672,0.02081,0,0.017182,0,-0.066353,-0.06204,-0.025626,0.073547,-0.058372,0.013477,-0.085491,-0.56279,-0.12167,0.044353,-0.54698,-0.09598,-0.10719,-0.94391,0.035854,-0.0036593,-0.94666,0.046154
-0.0024917,0.6545,0.013607,-0.023386,0.47677,0.019209,-0.15618,0.35174,-0.033264,0.13148,0.37038,0.017943,-0.33353,0.082323,-0.097929,0.28627,0.085054,-0.016692,-0.48867,-0.046056,-0.24246,0.45059,-0.06477,-0.12093,-0.0075139,0.087714,0.021876,0,0.016812,0,-0.066693,-0.057518,-0.020988,0.0689,-0.054738,0.009105,-0.094791,-0.55206,-0.11612,0.057567,-0.53691,-0.066354,-0.10542,-0.944,0.03606,0.015485,-0.92011,0.037732
-0.00030088,0.72047,0.011572,-0.019695,0.53416,0.017333,-0.16866,0.39954,-0.025722,0.13517,0.42776,0.016068,-0.35234,0.13414,-0.088325,0.2867,0.14091,0.001473,-0.49834,-0.0035833,-0.23385,0.45143,-0.020259,-0.079422,-0.0062503,0.16889,0.022812,0,0.097956,0,-0.066236,0.023199,-0.027132,0.07272,0.029105,0.016821,-0.11608,-0.55657,-0.061858,0.065867,-0.54198,-0.0051027,-0.11859,-0.93606,0.04463,0.024881,-0.92948,0.052092
0.0094758,0.78051,-0.00285,-0.014672,0.60113,0.012653,-0.17024,0.48748,-0.013556,0.14019,0.49473,0.011387,-0.33699,0.21171,-0.080386,0.29051,0.20809,0.0093001,-0.47902,0.054904,-0.20759,0.45631,0.016344,-0.070539,-0.0042823,0.22242,0.022538,0,0.14839,0,-0.06266,0.077781,-0.017368,0.067271,0.076695,0.0089951,-0.10815,-0.5461,-0.02743,0.069649,-0.54771,0.012743,-0.12561,-0.89473,0.015933,0.032462,-0.92819,0.04412
0.0175,0.82337,-0.021283,-0.0070968,0.63442,0.0076417,-0.15583,0.51588,-0.027883,0.14777,0.52802,0.0063756,-0.31729,0.27235,-0.042096,0.2687,0.25783,0.031731,-0.47377,0.10094,-0.19811,0.45006,0.090792,-0.042611,-0.0037866,0.25205,0.021484,0,0.17719,0,-0.060816,0.10681,-0.017806,0.062292,0.11039,0.011989,-0.098498,-0.53336,-0.027614,0.066967,-0.52564,0.017003,-0.11367,-0.89157,0.0077585,0.037289,-0.89795,0.023763
0.0099583,0.84141,-0.031831,-0.011887,0.66628,0.0022419,-0.17453,0.58008,-0.020398,0.14298,0.55988,0.00097581,-0.31697,0.28866,-0.033785,0.27065,0.31791,0.051968,-0.48402,0.11631,-0.20129,0.43581,0.15322,-0.018487,-0.0036025,0.31792,0.019962,0,0.24782,0,-0.059605,0.17145,-0.022031,0.063887,0.17461,0.016349,-0.067565,-0.44922,-0.049842,0.063228,-0.47799,0.0087558,-0.12865,-0.82318,0.0062413,0.041717,-0.86978,0.036574
0.015155,0.85676,-0.042207,-0.013926,0.67318,-0.0063276,-0.17059,0.60169,-0.022859,0.14094,0.56678,-0.0075937,-0.30434,0.30656,-0.029351,0.28369,0.3246,0.047437,-0.4892,0.15385,-0.20251,0.45305,0.16442,-0.023607,-0.0025302,0.31306,0.016914,0,0.23936,0,-0.061996,0.1647,-0.010074,0.065434,0.16898,0.011351,-0.057078,-0.42911,-0.061942,0.047085,-0.43277,-0.023934,-0.097473,-0.79664,0.014608,0.017146,-0.83271,0.045201
0.011453,0.87445,-0.04134,-0.010319,0.69205,-0.014209,-0.16612,0.60643,-0.026035,0.14455,0.58565,-0.015474,-0.32139,0.32243,-0.027614,0.29453,0.32663,0.045033,-0.48866,0.16576,-0.19999,0.45902,0.16227,-0.028384,-0.0021178,0.3147,0.013791,0,0.24016,0,-0.062001,0.16758,-0.0085617,0.065275,0.16991,0.01162,-0.053299,-0.38842,-0.080744,0.044967,-0.43989,-0.02419,-0.073809,-0.77319,0.024643,0.018148,-0.79585,0.038335
0.011946,0.88651,-0.051521,-0.010016,0.69625,-0.017427,-0.16494,0.60728,-0.027917,0.14485,0.58985,-0.018692,-0.31476,0.34307,-0.033267,0.26737,0.3997,0.055926,-0.48179,0.1781,-0.1932,0.44179,0.18824,-0.036021,-0.0019772,0.31707,0.011443,0,0.24197,0,-0.061945,0.17009,-0.0079595,0.064802,0.17247,0.011693,-0.04892,-0.39842,-0.070351,0.044023,-0.43725,-0.024293,-0.072978,-0.77531,0.018978,-0.0015833,-0.79354,0.048931
0.015243,0.88817,-0.049856,-0.0055264,0.65451,-0.012855,-0.1651,0.6069,-0.030262,0.14934,0.54811,-0.01412,-0.31721,0.33407,-0.038149,0.30727,0.3043,0.016619,-0.48328,0.17821,-0.19608,0.48414,0.15386,-0.058102,-0.0025035,0.31689,0.0091903,0,0.244,0,-0.061612,0.17278,-0.0097385,0.064534,0.17244,0.013396,-0.040517,-0.4432,-0.04106,0.021052,-0.47803,-0.030013,-0.079234,-0.83454,0.0049291,-0.0030846,-0.83295,0.056449
0.02058,0.88316,-0.05155,-0.0051258,0.64972,-0.015574,-0.16267,0.60634,-0.032903,0.14974,0.54332,-0.01684,-0.31698,0.3213,-0.040981,0.32273,0.26868,-0.03519,-0.50148,0.15093,-0.23596,0.52252,0.13599,-0.058003,-0.0021415,0.3067,0.0084479,0,0.23703,0,-0.061763,0.1696,-0.0093649,0.064166,0.16027,0.011713,-0.043267,-0.46063,-0.044131,0.016935,-0.49061,-0.0054783,-0.05124,-0.87582,-0.0033619,0.027723,-0.86977,0.039375
0.020716,0.87096,-0.048047,-0.0017578,0.67363,-0.012065,-0.1618,0.59498,-0.033851,0.15311,0.56723,-0.01333,-0.32355,0.31373,-0.047633,0.28688,0.27382,-0.002595,-0.49355,0.1468,-0.23645,0.46056,0.13012,-0.11411,-0.0023001,0.30455,0.0067493,0,0.23108,0,-0.062344,0.15745,-0.009459,0.06377,0.15867,0.01074,-0.043726,-0.49485,-0.03213,0.023573,-0.49271,-0.0017692,-0.069794,-0.88356,0.0071239,0.025589,-0.88379,0.040533
0.03306,0.83341,-0.024746,0.0029687,0.66165,0.00046192,-0.15838,0.54038,-0.034021,0.15783,0.55525,-0.00080419,-0.32645,0.26252,-0.064051,0.28901,0.2647,-0.0024381,-0.48699,0.11207,-0.25286,0.44679,0.11169,-0.11291,-0.0015638,0.2922,0.009051,0,0.21858,0,-0.063671,0.14687,-0.0059284,0.063498,0.14459,0.0025518,-0.050264,-0.50356,-0.043703,0.033495,-0.50734,-0.0080085,-0.080045,-0.92877,0.029265,0.025688,-0.89357,0.042006
0.033009,0.79087,-0.024777,-0.0008847,0.59846,-0.0012426,-0.14602,0.48145,-0.03951,0.15398,0.49206,-0.0025087,-0.3169,0.22319,-0.054092,0.28977,0.20408,-0.0097532,-0.47405,0.088053,-0.23454,0.44883,0.050975,-0.13183,-0.0017086,0.23451,0.0097081,0,0.16217,0,-0.062909,0.088174,-0.01414,0.063359,0.10161,0.0098356,-0.074945,-0.52919,-0.052699,0.049707,-0.53562,-0.0094551,-0.081245,-0.92318,0.038202,0.039589,-0.90634,0.064481
0.027931,0.72742,-0.00819,-0.0078104,0.54241,-0.0034276,-0.16219,0.4278,-0.03493,0.14705,0.43601,-0.0046937,-0.33052,0.1631,-0.069787,0.30047,0.18638,-0.013712,-0.47749,0.029163,-0.25898,0.44466,0.016548,-0.13887,-0.0025224,0.17806,0.0091501,0,0.10558,0,-0.066834,0.033769,-0.022069,0.069434,0.031996,0.018551,-0.081708,-0.53632,-0.070025,0.063455,-0.54009,-0.026879,-0.09196,-0.92326,0.073265,0.043969,-0.91289,0.074219
0.03878,0.68043,0.01023,-0.0026862,0.49374,0.008799,-0.21085,0.39173,-0.012782,0.15218,0.38734,0.0075329,-0.32434,0.16201,-0.068584,0.28461,0.097926,-0.020215,-0.47,-0.0041643,-0.25891,0.45334,-0.035971,-0.16674,-0.0017626,0.16458,0.011266,0,0.096376,0,-0.077631,0.011692,-0.024577,0.069325,0.010125,0.01463,-0.076825,-0.54304,-0.071652,0.075087,-0.54658,-0.027943,-0.084228,-0.92362,0.075971,0.036212,-0.91712,0.086184
0.0069712,0.63792,0.0057578,-0.0166,0.4427,0.018271,-0.17136,0.33406,-0.024223,0.13826,0.3363,0.017005,-0.31725,0.059879,-0.066533,0.25174,0.097941,-0.0044564,-0.48974,-0.032547,-0.26707,0.42673,-0.05285,-0.16326,-0.0047975,0.10518,0.015518,0,0.039249,0,-0.058505,-0.039456,-0.038338,0.064887,-0.037141,0.025937,-0.089707,-0.54915,-0.087303,0.051131,-0.54639,-0.044301,-0.081154,-0.95754,0.087486,0.010136,-0.91906,0.081819
-0.00010278,0.62463,0.00063747,-0.023543,0.43644,0.020403,-0.18118,0.31297,-0.027619,0.13132,0.33004,0.019137,-0.33816,0.043483,-0.080402,0.28571,0.044607,-0.020588,-0.49699,-0.050926,-0.26633,0.43855,-0.11105,-0.1347,-0.0069849,0.06953,0.017931,0,-0.0049901,0,-0.063666,-0.079575,-0.014133,0.071704,-0.074386,0.0022203,-0.083588,-0.55518,-0.10555,0.030686,-0.55044,-0.077195,-0.090677,-0.95634,0.083217,-0.0024754,-0.96814,0.074687
-0.0012015,0.62067,-0.00034129,-0.022888,0.42975,0.012518,-0.15822,0.28532,-0.043652,0.13198,0.32335,0.011252,-0.34598,0.086659,-0.087622,0.28476,0.068296,0.028608,-0.49231,-0.055113,-0.25896,0.41373,-0.084386,-0.11831,-0.0076725,0.065273,0.017536,0,-0.0077699,0,-0.062656,-0.080667,-0.014742,0.070376,-0.075725,0.0046555,-0.079268,-0.55925,-0.10369,0.033767,-0.5521,-0.074649,-0.09922,-0.95846,0.087949,0.0072994,-0.92627,0.064205
-0.00028039,0.62733,0.0041435,-0.023423,0.43998,0.0092874,-0.17763,0.30419,-0.032951,0.13144,0.33358,0.0080213,-0.33706,0.080487,-0.097021,0.28077,0.073938,0.019151,-0.49052,-0.054897,-0.25748,0.43751,-0.072174,-0.10301,-0.0066187,0.067857,0.017869,0,-0.0056201,0,-0.063932,-0.079028,-0.013336,0.071135,-0.072952,0.0038062,-0.080138,-0.55614,-0.095208,0.0429,-0.55241,-0.05302,-0.093231,-0.95889,0.090459,-0.0032876,-0.93208,0.087198
0.021353,0.68127,0.010706,-0.0081821,0.49414,0.010563,-0.14815,0.39103,-0.027832,0.14668,0.38775,0.0092972,-0.31568,0.11574,-0.095629,0.29182,0.10568,0.03156,-0.46484,-0.027586,-0.23289,0.46832,-0.036453,-0.061615,-0.0040233,0.10426,0.018143,0,0.027884,0,-0.069607,-0.029162,-0.013062,0.071084,-0.046616,0.0053125,-0.088357,-0.54184,-0.055548,0.076828,-0.54218,-0.020505,-0.080507,-0.91721,0.097037,0.017548,-0.92853,0.099615
0.023328,0.73465,0.0022939,-0.01425,0.5599,0.008596,-0.14724,0.40626,-0.032286,0.14061,0.4535,0.0073299,-0.31161,0.21568,-0.048237,0.28846,0.17218,0.04685,-0.47043,-0.007572,-0.21383,0.45442,-0.015623,-0.051087,-0.004868,0.15538,0.018086,0,0.074445,0,-0.061394,0.014219,-0.0042318,0.064892,0.0057227,-0.002189,-0.083622,-0.53501,-0.040858,0.08277,-0.53606,0.014028,-0.088772,-0.90891,0.094538,0.023807,-0.91923,0.10004
0.029148,0.79263,-0.012449,-0.0015381,0.60963,0.0013799,-0.14126,0.49549,-0.031632,0.15333,0.50323,0.00011376,-0.30331,0.22102,-0.031331,0.2895,0.21777,0.046593,-0.46273,0.026268,-0.19192,0.47069,0.012934,-0.035907,-0.0023037,0.21121,0.01653,0,0.13227,0,-0.06566,0.069748,-0.0224,0.066106,0.05648,0.017945,-0.080586,-0.52115,-0.025893,0.084959,-0.52807,0.024806,-0.091865,-0.89219,0.075357,0.045523,-0.90278,0.092147
0.027236,0.81983,-0.047008,-0.0040699,0.63235,-0.0060814,-0.16687,0.57315,-0.021506,0.15079,0.52595,-0.0073465,-0.29531,0.27571,-0.025678,0.28725,0.26484,0.064509,-0.45275,0.088286,-0.16005,0.44303,0.089395,-0.020848,-0.0016923,0.28148,0.013797,0,0.20971,0,-0.062104,0.14316,-0.020414,0.063848,0.12543,0.018595,-0.056124,-0.50519,-0.027135,0.070544,-0.52547,0.018054,-0.081925,-0.88242,0.05676,0.040003,-0.88555,0.070189
0.021984,0.83822,-0.054059,-0.013995,0.66588,-0.013992,-0.16061,0.57115,-0.041871,0.14087,0.55948,-0.015258,-0.31897,0.32235,-0.043486,0.30211,0.3076,0.04873,-0.46733,0.096756,-0.15953,0.47279,0.051109,-0.068207,-0.0040082,0.31114,0.010962,0,0.24176,0,-0.058237,0.16663,-0.02018,0.06251,0.18221,0.02076,-0.04721,-0.42193,-0.079926,0.049304,-0.46919,-0.025594,-0.068517,-0.81537,0.016251,0.01992,-0.81051,0.02567
0.028158,0.86639,-0.094511,-0.013841,0.67544,-0.02133,-0.15857,0.60008,-0.053238,0.14102,0.56904,-0.022596,-0.29718,0.39287,-0.031599,0.2956,0.33449,0.11308,-0.46192,0.13708,-0.15941,0.45548,0.090563,-0.043951,-0.0040838,0.31643,0.0084253,0,0.24549,0,-0.05905,0.17393,-0.018079,0.062396,0.18225,0.020102,-0.030867,-0.37617,-0.10138,0.047428,-0.469,-0.02814,-0.063468,-0.7993,0.0028343,0.015793,-0.80193,0.01889
0.025462,0.86564,-0.094765,-0.013229,0.67796,-0.027618,-0.15366,0.59455,-0.062217,0.14163,0.57157,-0.028884,-0.29762,0.40122,-0.029685,0.29794,0.32885,0.017428,-0.47055,0.1516,-0.15903,0.44745,0.14604,-0.039894,-0.0038978,0.32043,0.0060559,0,0.24921,0,-0.058218,0.17841,-0.016513,0.061892,0.18455,0.020317,-0.028926,-0.371,-0.10708,0.042903,-0.45468,-0.040604,-0.064712,-0.79317,-0.01139,0.010053,-0.78611,0.00042759
0.022655,0.86589,-0.098724,-0.014966,0.67863,-0.027361,-0.15499,0.5928,-0.06428,0.1399,0.57223,-0.028627,-0.32257,0.35586,-0.02734,0.30932,0.29909,-0.0089412,-0.48568,0.13733,-0.16975,0.46201,0.12375,-0.082915,-0.0041053,0.32211,0.0046211,0,0.25095,0,-0.056964,0.18133,-0.017912,0.061592,0.1844,0.021405,-0.038086,-0.39572,-0.10029,0.047321,-0.42604,-0.051675,-0.066234,-0.78655,-0.029631,0.0059852,-0.79915,-0.016521
0.021013,0.86761,-0.097956,-0.019961,0.67984,-0.025881,-0.15377,0.58675,-0.07199,0.1349,0.57344,-0.027146,-0.32139,0.35497,-0.025074,0.29666,0.29187,-0.045708,-0.50071,0.12969,-0.18262,0.46541,0.12357,-0.088777,-0.0049545,0.32067,0.004018,0,0.2487,0,-0.055239,0.18026,-0.018537,0.061306,0.18146,0.021228,-0.043808,-0.42502,-0.099916,0.049062,-0.46918,-0.037813,-0.086266,-0.82532,-0.056919,0.0034971,-0.83755,-0.021457
0.018771,0.86046,-0.088506,-0.023237,0.67505,-0.024004,-0.1529,0.58216,-0.070985,0.13163,0.56865,-0.025269,-0.3182,0.36407,-0.035673,0.28086,0.31716,-0.02406,-0.48791,0.12927,-0.19662,0.43874,0.14539,-0.094792,-0.0051952,0.31999,0.0031471,0,0.24867,0,-0.053655,0.17985,-0.020718,0.060595,0.18153,0.022168,-0.065472,-0.36853,-0.11099,0.044252,-0.46934,-0.031694,-0.093515,-0.81855,-0.07138,0.020726,-0.89219,-0.036658
0.021852,0.84667,-0.061945,-0.013653,0.66735,0.00095228,-0.14487,0.55903,-0.054713,0.14121,0.56095,-0.00031285,-0.2999,0.38615,-0.02111,0.28948,0.27198,-0.021443,-0.46349,0.14424,-0.17738,0.43213,0.098329,-0.12708,-0.0036131,0.2707,0.0076055,0,0.19406,0,-0.058838,0.13381,-0.012817,0.061786,0.1221,0.0080007,-0.072818,-0.3809,-0.090427,0.050322,-0.53003,-0.014802,-0.093361,-0.83186,-0.054344,0.033311,-0.90631,-0.0084685
0.019332,0.80883,-0.050842,-0.0181,0.62053,-0.008491,-0.15373,0.52198,-0.04618,0.13676,0.51414,-0.0097572,-0.30107,0.33738,-0.030533,0.27076,0.27985,-0.010886,-0.46398,0.10597,-0.20398,0.43562,0.08431,-0.13462,-0.0032305,0.26965,0.0066091,0,0.19403,0,-0.057671,0.12822,-0.022248,0.061694,0.12228,0.010566,-0.068605,-0.52131,-0.095444,0.063968,-0.52953,-0.028977,-0.091889,-0.94294,-0.02377,0.042104,-0.93984,-0.0035365
0.0063044,0.76157,-0.023513,-0.02454,0.57359,0.014562,-0.18102,0.46618,-0.020997,0.13032,0.46719,0.013296,-0.34847,0.2953,-0.028592,0.26704,0.27064,0.0034894,-0.47957,0.064796,-0.20747,0.43478,0.032863,-0.15479,-0.00475,0.22371,0.0098709,0,0.15817,0,-0.055644,0.076296,-0.0264,0.064158,0.091836,0.01462,-0.088109,-0.56014,-0.095702,0.062439,-0.54473,-0.064401,-0.1001,-0.95054,0.0076378,0.034932,-0.94029,0.012552
-0.0012806,0.69855,-0.0027078,-0.02325,0.5081,0.036174,-0.16014,0.38535,-0.034388,0.13161,0.4017,0.034908,-0.34666,0.15244,-0.068864,0.29271,0.2239,-0.00036188,-0.49006,-0.0014539,-0.23669,0.43817,-0.021122,-0.1702,-0.0073133,0.15004,0.018111,0,0.080761,0,-0.059063,0.0062455,-0.040276,0.067012,0.009187,0.023123,-0.083464,-0.56283,-0.091332,0.071058,-0.54942,-0.063225,-0.099564,-0.95061,0.020339,0.026246,-0.94897,0.048381
0.010806,0.64572,-0.0058735,-0.031665,0.45441,0.025867,-0.21461,0.37893,0.023121,0.1232,0.34801,0.024602,-0.34659,0.10055,-0.079978,0.28651,0.11012,-0.011925,-0.48861,-0.021047,-0.24455,0.44531,-0.045695,-0.17638,-0.0055417,0.14163,0.01975,0,0.07687,0,-0.071581,-0.0061172,-0.044951,0.072318,-0.00053057,0.023357,-0.06679,-0.56902,-0.097605,0.07311,-0.566,-0.068934,-0.084506,-0.95907,0.038802,0.029061,-0.9495,0.051934
0.0050367,0.63807,-0.0046123,-0.030449,0.44508,0.032103,-0.19107,0.32941,0.010298,0.12441,0.33868,0.030837,-0.3441,0.086676,-0.076789,0.2757,0.060955,-0.036845,-0.49238,-0.036991,-0.24318,0.44143,-0.069216,-0.16585,-0.0056615,0.11156,0.023246,0,0.048767,0,-0.064884,-0.032784,-0.044761,0.073337,-0.031367,0.024131,-0.061235,-0.57076,-0.10825,0.063116,-0.54816,-0.081264,-0.08667,-0.9599,0.044308,0.014112,-0.95055,0.057072
0.0040689,0.63632,-0.0038032,-0.028504,0.44218,0.030698,-0.19578,0.33056,0.0099415,0.12636,0.33578,0.029432,-0.32526,0.071268,-0.069527,0.27042,0.059804,-0.024438,-0.4918,-0.03801,-0.24296,0.44429,-0.082709,-0.15814,-0.0055771,0.11009,0.025476,0,0.047458,0,-0.065898,-0.034606,-0.042853,0.073933,-0.032338,0.023109,-0.053803,-0.57066,-0.11513,0.062915,-0.5379,-0.084484,-0.080843,-0.95891,0.043493,0.010849,-0.95076,0.055371
0.0038436,0.64212,0.0077604,-0.025453,0.45044,0.032765,-0.19185,0.35196,0.013344,0.14712,0.35054,0.042379,-0.32182,0.072086,-0.063082,0.27008,0.073475,-0.008647,-0.48866,-0.0335,-0.23013,0.46264,-0.082949,-0.13566,-0.0061511,0.12005,0.027858,0,0.057764,0,-0.066217,-0.025134,-0.038474,0.074885,-0.020955,0.017291,-0.057505,-0.57052,-0.10983,0.074266,-0.5626,-0.073737,-0.077599,-0.95951,0.049523,0.013365,-0.95167,0.061019
0.00024861,0.69245,0.017698,-0.020767,0.51256,0.039364,-0.20672,0.4085,0.013832,0.15091,0.39932,0.048387,-0.32521,0.15119,-0.040343,0.32067,0.1224,0.025724,-0.49324,-0.024942,-0.20815,0.47449,-0.081008,-0.083648,-0.0063238,0.16521,0.030845,0,0.098046,0,-0.070212,0.011073,-0.034924,0.07886,0.014682,0.014049,-0.093079,-0.544,-0.075448,0.081211,-0.54499,-0.039291,-0.07787,-0.95835,0.065938,0.026153,-0.94314,0.070159
0.012199,0.76033,0.010761,-0.022099,0.57122,0.037727,-0.16287,0.44403,-0.018638,0.14099,0.44637,0.029991,-0.33952,0.17144,-0.044703,0.29972,0.16404,0.027144,-0.49009,-0.0045452,-0.15678,0.4564,-0.017624,0.0034531,-0.0084193,0.18511,0.033087,0,0.11387,0,-0.067671,0.043859,-0.037431,0.074272,0.047274,0.016239,-0.10718,-0.53741,-0.056226,0.079416,-0.52708,0.010071,-0.090663,-0.95584,0.066937,0.042845,-0.93714,0.067337
0.021136,0.80719,0.0058617,-0.0058023,0.62354,0.032358,-0.16055,0.51141,-0.010395,0.15728,0.49869,0.024622,-0.32426,0.23116,-0.025396,0.29446,0.20633,0.031898,-0.471,-0.0018125,-0.12021,0.44442,0.0017852,0.016441,-0.0045909,0.2479,0.034222,0,0.17677,0,-0.065982,0.10072,-0.030693,0.067937,0.10227,0.015073,-0.1055,-0.52094,-0.042537,0.081879,-0.52684,0.017094,-0.096997,-0.94889,0.057125,0.049234,-0.93338,0.065853
0.0084639,0.85271,-0.0098719,-0.014005,0.65684,0.016621,-0.15519,0.56104,-0.017419,0.13997,0.5561,0.016486,-0.30161,0.27222,-0.019717,0.2869,0.27024,0.035731,-0.44049,0.062887,-0.068364,0.43762,0.023195,0.043353,-0.0056832,0.27146,0.032159,0,0.19766,0,-0.060599,0.13452,-0.01966,0.062842,0.13488,0.0086715,-0.10166,-0.51642,-0.040185,0.082412,-0.51655,0.021299,-0.13481,-0.87508,-0.0082616,0.062644,-0.87952,0.042121
