0.0056285,0.84153,-0.10986,-0.0089132,0.67476,-0.044274,-0.18649,0.57026,-0.04532,0.1416,0.59444,-0.021662,-0.331,0.29156,-0.041871,0.29212,0.33374,0.030346,-0.48611,0.12256,-0.17244,0.47737,0.10148,-0.043133,-0.0021831,0.31538,0.000321,0,0.24315,0,-0.066146,0.16466,-0.009882,0.068795,0.1719,0.019758,-0.037508,-0.39159,-0.085258,0.052293,-0.36668,-0.058418,-0.085917,-0.78795,0.022748,0.0036365,-0.79326,0.063995
0.0065712,0.84744,-0.11838,-0.010281,0.67636,-0.045735,-0.18613,0.5728,-0.048141,0.14487,0.5988,-0.023045,-0.33002,0.29646,-0.045553,0.29415,0.30993,0.006803,-0.48334,0.12739,-0.18065,0.47452,0.11318,-0.059793,-0.002478,0.31912,-0.001105,0,0.24737,0,-0.065785,0.16828,-0.009314,0.06918,0.17452,0.019799,-0.033724,-0.40386,-0.085572,0.057605,-0.36983,-0.059339,-0.066057,-0.80947,0.001497,0.0035016,-0.81449,0.030309
0.010442,0.85061,-0.11857,-0.010323,0.67834,-0.04543,-0.18562,0.57558,-0.048295,0.15936,0.60445,-0.019624,-0.33055,0.29688,-0.04709,0.30402,0.3298,0.019344,-0.47975,0.12488,-0.18853,0.472,0.10534,-0.085064,-0.002435,0.32062,-0.002047,0,0.24871,0,-0.065832,0.16914,-0.009909,0.069141,0.17387,0.020658,-0.036531,-0.47729,-0.053095,0.033306,-0.49116,-0.028518,-0.080664,-0.85227,-0.047187,-0.0022026,-0.84656,-0.010765
0.012487,0.8491,-0.11395,-0.011709,0.6742,-0.043747,-0.18247,0.57327,-0.049856,0.1588,0.59937,-0.015181,-0.32549,0.29136,-0.050709,0.2974,0.33319,0.018581,-0.47479,0.11202,-0.20043,0.46616,0.10128,-0.099345,-0.0027552,0.31874,-0.002481,0,0.24712,0,-0.064125,0.16693,-0.012359,0.068704,0.17205,0.02145,-0.040414,-0.49912,-0.051594,0.043955,-0.49402,-0.016251,-0.098216,-0.9257,-0.073461,0.032411,-0.8356,-0.020229
0.021163,0.81937,-0.10278,0.0020001,0.64142,-0.031329,-0.17236,0.54448,-0.052497,0.17274,0.57006,-0.009794,-0.31733,0.2686,-0.051597,0.28926,0.31619,0.005031,-0.47312,0.084821,-0.21278,0.47736,0.068034,-0.11937,-0.0012183,0.30205,-0.001621,0,0.23238,0,-0.067757,0.14848,-0.01766,0.068686,0.15209,0.020399,-0.055791,-0.5182,-0.047776,0.052172,-0.51425,-0.017823,-0.095065,-0.95592,-0.051896,0.076891,-0.91524,-0.027747
0.02055,0.78421,-0.082476,0.0087501,0.60137,-0.016985,-0.17201,0.49434,-0.040879,0.16878,0.50315,0.009114,-0.32799,0.2319,-0.045841,0.29772,0.25416,0.008566,-0.48487,0.025517,-0.23271,0.46605,0.053542,-0.10836,0.0007498,0.24508,0.000334,0,0.17451,0,-0.074107,0.08571,-0.021684,0.070373,0.10311,0.022777,-0.068315,-0.54877,-0.040044,0.063434,-0.54407,-0.014868,-0.096709,-0.96042,-0.028012,0.07279,-0.9149,-0.012586
0.016954,0.73532,-0.061659,1.98e-05,0.55258,-0.010957,-0.17482,0.43894,-0.037299,0.15779,0.48473,0.014601,-0.32225,0.16896,-0.057874,0.30313,0.18807,-0.01328,-0.4821,0.016352,-0.23236,0.46736,0.0045394,-0.13147,-0.0007672,0.20285,0.000983,0,0.13211,0,-0.069727,0.043142,-0.0228,0.069523,0.069339,0.021872,-0.073685,-0.55986,-0.054918,0.079337,-0.54388,-0.032871,-0.095576,-0.95888,0.00582,0.070804,-0.92958,-0.000367
0.011171,0.68491,-0.053943,-0.014244,0.49489,-0.004425,-0.18672,0.41248,-0.026608,0.1596,0.40541,0.026485,-0.32827,0.14606,-0.056364,0.30074,0.15208,-0.01194,-0.48334,-0.013712,-0.23272,0.45544,-0.016254,-0.12229,-0.0033251,0.14759,0.002545,0,0.078345,0,-0.071197,-0.0030844,-0.023169,0.07656,-0.0015411,0.019541,-0.082797,-0.567,-0.075467,0.074288,-0.56444,-0.047203,-0.081659,-0.96236,0.056805,0.026731,-0.96548,0.069759
0.012792,0.62518,-0.030886,-0.013364,0.44195,0.000104,-0.18367,0.33102,-0.024364,0.14928,0.33565,0.021752,-0.33395,0.13858,-0.053285,0.31021,0.090726,-0.016281,-0.48324,-0.063224,-0.24711,0.4702,-0.079433,-0.15485,-0.003192,0.087214,0.004111,0,0.016586,0,-0.07289,-0.062523,-0.027144,0.077829,-0.06152,0.021849,-0.066348,-0.57787,-0.096992,0.073859,-0.55091,-0.070918,-0.085209,-0.96862,0.051907,0.026569,-0.96318,0.061951
0.011099,0.61397,-0.031875,-0.017125,0.4216,-0.002151,-0.1806,0.29346,-0.033038,0.15867,0.30466,0.021768,-0.33913,0.051008,-0.083253,0.30483,0.048035,-0.029033,-0.49697,-0.093943,-0.26249,0.47193,-0.088706,-0.15726,-0.0039017,0.075199,0.004301,0,0.0058534,0,-0.07244,-0.075696,-0.027745,0.079409,-0.075068,0.023838,-0.051325,-0.58716,-0.12276,0.064531,-0.55263,-0.11141,-0.07802,-0.99064,0.049646,0.040438,-0.93991,0.01215
0.0065937,0.60703,-0.030437,-0.024408,0.41169,0.005675,-0.18189,0.29083,-0.033243,0.15176,0.30318,0.021311,-0.34338,0.05134,-0.08328,0.3007,0.046089,-0.03011,-0.50182,-0.095122,-0.2629,0.46899,-0.095837,-0.14995,-0.0055296,0.063021,0.006737,0,-0.0068965,0,-0.06949,-0.086242,-0.030147,0.077747,-0.082229,0.023339,-0.043893,-0.58302,-0.12799,0.062802,-0.5589,-0.11513,-0.075822,-0.99352,0.050803,0.035336,-0.94364,0.016898
0.0066015,0.60798,-0.028199,-0.024737,0.41303,0.004635,-0.18373,0.29373,-0.033038,0.14848,0.30777,0.024079,-0.34416,0.052459,-0.083933,0.30001,0.045988,-0.029306,-0.50441,-0.096206,-0.2654,0.47093,-0.096274,-0.14437,-0.0058857,0.064185,0.007497,0,-0.005454,0,-0.069508,-0.085218,-0.030356,0.077928,-0.081287,0.023757,-0.052271,-0.58271,-0.12584,0.066991,-0.55952,-0.10878,-0.076688,-0.98576,0.045157,0.034776,-0.94657,0.01778
0.0055192,0.63729,-0.030067,-0.021331,0.45846,0.000457,-0.19037,0.33053,-0.031946,0.15048,0.36729,0.029433,-0.33833,0.099057,-0.074417,0.30196,0.074142,0.017673,-0.50593,-0.091906,-0.26434,0.47442,-0.082209,-0.12725,-0.0054251,0.10027,0.007403,0,0.029651,0,-0.071803,-0.055044,-0.026861,0.079915,-0.049629,0.021215,-0.069668,-0.56896,-0.11406,0.078957,-0.55351,-0.057196,-0.093949,-0.96831,0.046455,0.016386,-0.9577,0.042817
0.013677,0.70397,-0.021728,-0.015436,0.51481,0.001698,-0.16847,0.39124,-0.033904,0.16193,0.40262,0.039266,-0.32699,0.1502,-0.062534,0.31241,0.12541,0.044253,-0.48878,-0.012622,-0.21916,0.47638,-0.027381,-0.066921,-0.0049514,0.15085,0.007948,0,0.078174,0,-0.070576,0.001958,-0.025919,0.075999,-0.001233,0.020142,-0.090172,-0.55466,-0.082975,0.085042,-0.5483,-0.032888,-0.092364,-0.95993,0.046603,0.029457,-0.954,0.051488
0.0042588,0.7649,-0.02944,-0.016088,0.57234,0.003404,-0.19034,0.44481,-0.022387,0.1617,0.4825,0.027394,-0.33216,0.18831,-0.055743,0.3047,0.20888,0.050883,-0.4875,0.0096422,-0.21522,0.46951,-0.010363,-0.061877,-0.0042393,0.21222,0.009084,0,0.14082,0,-0.074413,0.06077,-0.022901,0.080531,0.056783,0.016197,-0.097739,-0.55374,-0.059006,0.075903,-0.54408,-0.015351,-0.12221,-0.95744,0.006508,0.046038,-0.91554,0.043472
0.0099414,0.8032,-0.054333,-0.0080272,0.62577,-0.00185,-0.18878,0.51219,-0.025641,0.16259,0.54325,0.030082,-0.33028,0.24767,-0.054569,0.26914,0.30655,0.046988,-0.49655,0.05891,-0.20167,0.47238,0.055668,-0.037303,-0.0031251,0.26549,0.008266,0,0.19387,0,-0.071892,0.11112,-0.018259,0.074909,0.1143,0.013609,-0.080543,-0.52072,-0.049136,0.073829,-0.53227,-0.003133,-0.11912,-0.90605,-0.014227,0.052568,-0.91856,0.013671
0.014075,0.81661,-0.06797,-0.0091951,0.63897,-0.011028,-0.18659,0.53555,-0.037077,0.16856,0.55722,0.022413,-0.32897,0.26349,-0.041116,0.28849,0.30466,0.05216,-0.49581,0.075185,-0.19461,0.46782,0.088504,-0.042428,-0.0033791,0.29683,0.005229,0,0.22993,0,-0.070973,0.13606,-0.019013,0.07433,0.15526,0.019125,-0.060569,-0.4506,-0.067511,0.056744,-0.51103,-0.008859,-0.083552,-0.84697,0.016733,0.042452,-0.86266,0.050746
0.011845,0.8297,-0.082709,-0.01231,0.66007,-0.020554,-0.18874,0.56492,-0.036979,0.15395,0.59464,0.001964,-0.32881,0.27821,-0.049751,0.29921,0.3113,0.045249,-0.4869,0.13642,-0.19638,0.47959,0.094837,-0.044584,-0.0031499,0.30947,0.003497,0,0.24,0,-0.068742,0.16157,-0.014304,0.073105,0.16206,0.019514,-0.038737,-0.40208,-0.093324,0.049523,-0.49779,-0.020264,-0.078501,-0.79151,0.033578,0.015288,-0.81957,0.067403
0.01607,0.83548,-0.094063,-0.012433,0.66878,-0.027508,-0.1867,0.57625,-0.044936,0.15741,0.59991,-6.7e-05,-0.32833,0.31094,-0.049354,0.3001,0.31193,0.034946,-0.48745,0.13723,-0.20265,0.48481,0.11509,-0.072162,-0.003221,0.32295,0.001052,0,0.25384,0,-0.068196,0.16874,-0.017479,0.072659,0.17759,0.023603,-0.028878,-0.35971,-0.11216,0.03417,-0.42653,-0.051,-0.093472,-0.78373,0.002471,0.0097486,-0.80749,0.059625
0.015602,0.85752,-0.10367,-0.011126,0.68024,-0.032878,-0.18731,0.58164,-0.047683,0.15834,0.60322,-0.000322,-0.33131,0.31243,-0.051123,0.29465,0.3141,0.024671,-0.49075,0.13948,-0.20338,0.47828,0.12342,-0.088252,-0.0030197,0.32811,-0.000407,0,0.25802,0,-0.067736,0.17346,-0.016179,0.072333,0.18086,0.023792,-0.03453,-0.36676,-0.1115,0.030036,-0.44048,-0.04076,-0.095029,-0.78364,0.00074,0.0029222,-0.79993,0.057285
0.019314,0.85508,-0.10163,-0.01092,0.68019,-0.032713,-0.18613,0.58188,-0.048324,0.16031,0.60301,-0.000576,-0.33052,0.31282,-0.051703,0.29453,0.31399,0.017695,-0.49003,0.13942,-0.2049,0.4688,0.12281,-0.10158,-0.0028074,0.32771,-0.001221,0,0.25743,0,-0.067468,0.17337,-0.0163,0.071484,0.17858,0.023901,-0.043529,-0.44145,-0.074854,0.050452,-0.40395,-0.047404,-0.072259,-0.84567,-0.030264,0.0087366,-0.83539,0.022247
0.025453,0.849,-0.10422,-0.0088972,0.67933,-0.031998,-0.18407,0.57846,-0.049263,0.16466,0.5979,-0.000927,-0.3297,0.31016,-0.053437,0.28952,0.31579,0.009321,-0.48785,0.14124,-0.20769,0.43552,0.1257,-0.12254,-0.0021589,0.32512,-0.001802,0,0.25395,0,-0.068039,0.16899,-0.0162,0.070831,0.17493,0.023163,-0.050087,-0.49705,-0.049958,0.048453,-0.49124,0.002922,-0.089335,-0.85739,-0.036485,0.015699,-0.82803,0.029374
0.029477,0.84658,-0.095595,-0.0042863,0.67205,-0.025683,-0.17262,0.56409,-0.049986,0.16762,0.58093,0.001296,-0.32834,0.28659,-0.057903,0.2853,0.32706,0.008978,-0.47727,0.1364,-0.20615,0.43942,0.10993,-0.12514,-0.0012849,0.31507,-0.001251,0,0.24294,0,-0.066741,0.16404,-0.016153,0.067966,0.16238,0.020875,-0.066452,-0.50228,-0.04987,0.041884,-0.50366,-0.002012,-0.10789,-0.95198,-0.049298,0.045095,-0.88649,0.040036
0.043767,0.79919,-0.058707,0.0094747,0.62703,-0.013533,-0.16228,0.51726,-0.041837,0.17744,0.52646,0.019007,-0.32213,0.25997,-0.057061,0.28133,0.30567,0.002654,-0.47977,0.087948,-0.20232,0.4476,0.060533,-0.15819,0.0007215,0.26321,1.6e-05,0,0.19079,0,-0.073308,0.10547,-0.020326,0.069924,0.1213,0.020743,-0.069803,-0.53145,-0.049693,0.052086,-0.54107,-0.001915,-0.10348,-0.94339,-0.01334,0.052963,-0.91846,0.041377
0.046766,0.77098,-0.048903,0.018887,0.56961,-0.00279,-0.17426,0.46798,-0.027152,0.17307,0.48415,0.020473,-0.31351,0.2292,-0.047148,0.28249,0.26579,-0.01091,-0.48802,0.036395,-0.22905,0.44723,0.029957,-0.15462,0.0018867,0.23756,0.0019,0,0.17065,0,-0.077842,0.081408,-0.021793,0.071349,0.095826,0.018563,-0.079372,-0.54069,-0.055253,0.057245,-0.54085,-0.006813,-0.11806,-0.95548,0.044307,0.055273,-0.93459,0.063755
0.041035,0.70557,-0.040742,0.012882,0.51086,-0.002765,-0.17165,0.41727,-0.034019,0.18213,0.40677,0.014502,-0.3277,0.15772,-0.069055,0.28991,0.13703,-0.041469,-0.48711,0.0026917,-0.24861,0.4437,-0.017736,-0.16554,0.0012724,0.16827,0.002985,0,0.099932,0,-0.077956,0.010561,-0.021979,0.072798,0.024791,0.01739,-0.082829,-0.55275,-0.068859,0.064982,-0.5453,-0.027131,-0.10036,-0.98002,0.082585,0.026602,-0.96709,0.096906
0.044378,0.67075,-0.022624,0.0012805,0.48034,0.003464,-0.17537,0.3573,-0.028804,0.17143,0.38435,0.033009,-0.31878,0.088069,-0.051803,0.28264,0.12032,-0.031946,-0.49276,-0.010213,-0.24468,0.43456,-0.046821,-0.16609,-0.0012036,0.11813,0.00527,0,0.047711,0,-0.077209,-0.027073,-0.023939,0.07572,-0.034258,0.017368,-0.078887,-0.5587,-0.079194,0.062367,-0.56627,-0.034764,-0.1089,-0.97921,0.086133,0.015213,-0.96997,0.0983
0.02651,0.61775,-0.016651,-0.014504,0.42146,0.001764,-0.17469,0.30613,-0.033004,0.15698,0.32447,0.041234,-0.33841,0.083977,-0.066817,0.29111,0.049993,-0.029648,-0.49099,-0.028491,-0.23796,0.43985,-0.099119,-0.16935,-0.0041928,0.070479,0.005577,0,0.00055083,0,-0.071871,-0.07937,-0.026877,0.076781,-0.074169,0.020558,-0.076259,-0.56907,-0.094828,0.049462,-0.55895,-0.076995,-0.10458,-0.97941,0.091604,0.0046297,-0.97733,0.090227
0.025489,0.61452,-0.018762,-0.013296,0.42042,0.001505,-0.1745,0.30391,-0.03429,0.15182,0.31677,0.035502,-0.33265,0.082064,-0.067717,0.28734,0.04724,-0.031435,-0.48703,-0.038086,-0.23579,0.44047,-0.10116,-0.16485,-0.0040011,0.06672,0.006264,0,-0.0039307,0,-0.07189,-0.081976,-0.027159,0.076441,-0.078872,0.020461,-0.063601,-0.58191,-0.1152,0.046562,-0.56129,-0.088869,-0.095252,-0.98504,0.075125,-0.0053818,-0.97601,0.084415
0.02481,0.61456,-0.017715,-0.013406,0.42037,0.001208,-0.17465,0.30363,-0.035077,0.15177,0.31676,0.035142,-0.3364,0.080255,-0.070424,0.28508,0.045659,-0.025102,-0.50115,-0.065386,-0.24775,0.4456,-0.10208,-0.15089,-0.0041819,0.066661,0.006802,0,-0.0039286,0,-0.071953,-0.08206,-0.027252,0.076751,-0.07907,0.021117,-0.063376,-0.58044,-0.11498,0.04993,-0.56194,-0.08664,-0.094892,-0.98535,0.074745,-0.0067453,-0.97958,0.079286
0.023836,0.63194,-0.017523,-0.018006,0.43742,0.001806,-0.17689,0.32299,-0.034652,0.16095,0.34232,0.037488,-0.34189,0.089603,-0.074557,0.28453,0.074327,0.023194,-0.4932,-0.044073,-0.22631,0.45641,-0.091996,-0.12828,-0.0050938,0.084257,0.007543,0,0.014362,0,-0.072521,-0.069114,-0.028193,0.079264,-0.065417,0.022169,-0.072958,-0.56474,-0.097942,0.054008,-0.58513,-0.040352,-0.093401,-0.9824,0.075133,-0.0042117,-0.98029,0.08488
0.023837,0.70306,-0.02261,-0.013297,0.50738,0.004224,-0.18068,0.4082,-0.028781,0.16718,0.40954,0.04279,-0.32872,0.15394,-0.064702,0.2915,0.11178,0.040377,-0.48001,-0.021668,-0.21776,0.48164,-0.083682,-0.11265,-0.0044652,0.15272,0.008748,0,0.082448,0,-0.072834,0.0035915,-0.025078,0.077921,-0.0012641,0.01802,-0.10044,-0.54868,-0.073169,0.069236,-0.56382,-0.021148,-0.098513,-0.97496,0.082151,0.0099555,-0.96868,0.085582
0.027572,0.76485,-0.025337,-0.0085609,0.57317,0.002011,-0.17908,0.43514,-0.022887,0.16165,0.47953,0.044242,-0.32941,0.18174,-0.049495,0.31395,0.1867,0.034388,-0.48818,0.0097971,-0.21071,0.46693,0.0029121,-0.05465,-0.0036259,0.2062,0.008908,0,0.13336,0,-0.073032,0.055119,-0.026559,0.076176,0.050105,0.020598,-0.1003,-0.55681,-0.039484,0.070346,-0.55058,0.011785,-0.1162,-0.95263,0.039425,0.032202,-0.94761,0.089853
0.024647,0.8162,-0.041986,0.001659,0.62777,0.003517,-0.18125,0.51151,-0.027996,0.16376,0.52878,0.025073,-0.32159,0.23046,-0.030549,0.27745,0.31061,0.051223,-0.48189,0.066867,-0.19386,0.47497,0.054446,-0.031084,-0.0016501,0.25499,0.009947,0,0.18011,0,-0.072228,0.10663,-0.020157,0.071912,0.093455,0.014195,-0.086026,-0.53456,-0.03302,0.06651,-0.54493,0.019543,-0.095647,-0.93644,0.033838,0.067109,-0.9224,0.035506
0.019238,0.83125,-0.045717,-0.0086725,0.64153,-0.004553,-0.18461,0.53848,-0.034486,0.15377,0.57602,0.020083,-0.32479,0.27818,-0.04367,0.26094,0.36619,0.056751,-0.46654,0.12004,-0.17866,0.45656,0.10849,-0.025165,-0.0041375,0.28877,0.007641,0,0.22128,0,-0.067418,0.13909,-0.0204,0.071266,0.14593,0.018742,-0.069144,-0.46856,-0.057384,0.049187,-0.52008,0.011922,-0.10581,-0.84862,0.021021,0.033932,-0.87069,0.042533
0.022321,0.84519,-0.063056,-0.016626,0.68004,-0.020649,-0.18711,0.5669,-0.035799,0.15378,0.59275,0.012743,-0.3218,0.29225,-0.046841,0.25825,0.38107,0.047763,-0.46542,0.14445,-0.19399,0.45886,0.12704,-0.033313,-0.0043295,0.31644,0.005002,0,0.24353,0,-0.06588,0.16141,-0.019803,0.071531,0.16425,0.021352,-0.051532,-0.40742,-0.081839,0.033723,-0.47715,-0.014352,-0.068119,-0.81166,0.025686,0.019303,-0.82122,0.063645
0.01824,0.85213,-0.079993,-0.017282,0.68454,-0.022041,-0.18149,0.59911,-0.036562,0.1546,0.59773,0.006701,-0.32426,0.30582,-0.05464,0.26175,0.38765,0.042523,-0.48676,0.14025,-0.22176,0.46721,0.14573,-0.063932,-0.0041705,0.32426,0.003391,0,0.25227,0,-0.064903,0.17179,-0.018237,0.071129,0.17533,0.021184,-0.050576,-0.40757,-0.085834,0.031162,-0.46352,-0.030095,-0.074742,-0.79925,0.017952,-0.0067651,-0.78587,0.052654
0.014801,0.86028,-0.094883,-0.014841,0.69094,-0.026008,-0.18238,0.59799,-0.042646,0.15408,0.6015,0.002896,-0.32611,0.31527,-0.057195,0.26714,0.3941,0.037251,-0.47139,0.17142,-0.20514,0.46809,0.15153,-0.077072,-0.003794,0.3287,0.001612,0,0.25643,0,-0.065129,0.17691,-0.015695,0.070799,0.17963,0.020951,-0.048736,-0.40912,-0.087583,0.028537,-0.46395,-0.032886,-0.074874,-0.79892,0.00143,0.0068524,-0.82148,0.032983
0.014892,0.86114,-0.095609,-0.015492,0.69146,-0.02555,-0.18224,0.59796,-0.042915,0.15477,0.60288,0.002212,-0.32603,0.31674,-0.057394,0.27182,0.39469,0.034592,-0.47977,0.16231,-0.22159,0.46045,0.15136,-0.099821,-0.0037354,0.32925,0.000786,0,0.25697,0,-0.065155,0.17794,-0.015529,0.071003,0.17964,0.02071,-0.052972,-0.4242,-0.078643,0.036748,-0.48168,-0.019346,-0.081689,-0.82662,-0.042717,0.0070186,-0.82054,0.031328
0.018426,0.86268,-0.088276,-0.014502,0.68885,-0.026922,-0.18123,0.59357,-0.043359,0.15696,0.60324,0.004162,-0.32537,0.31179,-0.061412,0.27202,0.39456,0.029985,-0.48173,0.15253,-0.22986,0.45589,0.15102,-0.11119,-0.0035353,0.32767,-0.000182,0,0.25539,0,-0.06506,0.17589,-0.015574,0.070407,0.17681,0.020872,-0.052758,-0.48714,-0.05894,0.035021,-0.48805,-0.021308,-0.093943,-0.88894,-0.063497,-0.0019527,-0.8875,-0.013099
0.03082,0.8411,-0.069632,-0.014494,0.67744,-0.022365,-0.18267,0.56118,-0.043575,0.15856,0.58296,0.010772,-0.31962,0.29506,-0.066566,0.28364,0.32517,0.013566,-0.46703,0.14017,-0.2329,0.44648,0.12098,-0.12526,-0.003446,0.31464,-0.000163,0,0.24182,0,-0.065861,0.15318,-0.019357,0.070966,0.16792,0.021541,-0.05777,-0.51209,-0.057662,0.04472,-0.4975,-0.018065,-0.10399,-0.95024,-0.061419,0.052002,-0.88212,0.022538
0.022109,0.82632,-0.061168,-0.010003,0.63507,-0.010439,-0.17907,0.52136,-0.040979,0.14455,0.5615,0.01342,-0.32284,0.26377,-0.066258,0.28021,0.32176,0.015233,-0.47119,0.1007,-0.23815,0.44496,0.090848,-0.14232,-0.0027432,0.27717,0.001289,0,0.20547,0,-0.063938,0.12234,-0.020201,0.067197,0.14454,0.020442,-0.076799,-0.54358,-0.057599,0.044418,-0.52109,-0.017561,-0.11357,-0.95886,-0.027486,0.035759,-0.95684,-0.004816
0.027611,0.78585,-0.031322,-0.0031001,0.5992,0.001297,-0.18121,0.47768,-0.036714,0.1669,0.50469,0.03712,-0.31794,0.22781,-0.058789,0.28256,0.2896,0.014218,-0.45527,0.092868,-0.22512,0.43073,0.075973,-0.1358,-0.002238,0.25398,0.003768,0,0.18459,0,-0.072677,0.087729,-0.026471,0.072735,0.10441,0.018882,-0.074546,-0.54299,-0.065558,0.054184,-0.54425,-0.02549,-0.11924,-0.9502,-0.014592,0.046392,-0.93853,0.033197
0.028187,0.72465,-0.017136,-0.0056784,0.53441,0.003882,-0.18013,0.42468,-0.023462,0.1656,0.42224,0.039883,-0.32562,0.18593,-0.058084,0.31073,0.22593,0.019093,-0.48151,0.0079129,-0.26308,0.43742,0.0013391,-0.14806,-0.0024212,0.17293,0.005784,0,0.10106,0,-0.073928,0.018808,-0.0289,0.076078,0.019218,0.02204,-0.082304,-0.5537,-0.068785,0.058995,-0.55281,-0.032036,-0.11589,-0.96482,0.055449,0.01713,-0.96365,0.097488
0.025715,0.6707,-0.000168,-0.010068,0.48002,0.012589,-0.17517,0.36411,-0.029428,0.14959,0.39372,0.043751,-0.32464,0.12892,-0.070543,0.30779,0.12295,-0.008496,-0.48097,-0.0084865,-0.26507,0.44444,-0.023361,-0.16264,-0.0038239,0.11794,0.008987,0,0.046315,0,-0.068194,-0.028619,-0.028612,0.071652,-0.03036,0.019078,-0.078199,-0.56339,-0.08856,0.068065,-0.55931,-0.051099,-0.10573,-0.97007,0.059576,0.019979,-0.96549,0.089117
0.02207,0.63847,0.007093,-0.024417,0.43386,0.00251,-0.18626,0.32675,-0.028889,0.15381,0.3212,0.047165,-0.3102,0.073489,-0.049638,0.29278,0.10678,-0.014038,-0.48396,-0.029698,-0.26293,0.44929,-0.084118,-0.18799,-0.00595,0.08925,0.008308,0,0.019893,0,-0.069214,-0.063651,-0.027479,0.080739,-0.063975,0.02137,-0.063394,-0.56481,-0.10343,0.0646,-0.55368,-0.070755,-0.099401,-0.97339,0.048664,0.0084986,-0.97193,0.074434
0.0169,0.62725,0.005916,-0.027306,0.42554,0.004948,-0.18411,0.30929,-0.030677,0.1511,0.31816,0.046452,-0.31565,0.053585,-0.046491,0.28387,0.098634,-0.010837,-0.50797,-0.085407,-0.29068,0.44803,-0.087678,-0.18458,-0.0068775,0.077838,0.009424,0,0.0088245,0,-0.069991,-0.071274,-0.028308,0.080326,-0.069805,0.021129,-0.041783,-0.56481,-0.12027,0.055907,-0.55142,-0.093022,-0.091465,-0.97665,0.051517,0.0038064,-0.97436,0.062819
0.015928,0.6264,0.005563,-0.027935,0.42479,0.005088,-0.18492,0.30819,-0.031161,0.14518,0.31827,0.044009,-0.31552,0.056661,-0.047179,0.28455,0.044477,-0.031555,-0.49229,-0.044128,-0.25038,0.45948,-0.094406,-0.17648,-0.0072102,0.074832,0.010181,0,0.0053044,0,-0.069491,-0.073505,-0.028276,0.079299,-0.071022,0.02065,-0.048968,-0.56714,-0.12292,0.061205,-0.55296,-0.093064,-0.092179,-0.9792,0.053469,0.010526,-0.92214,0.010986
0.018809,0.64277,0.012516,-0.02929,0.44661,0.007904,-0.185,0.31834,-0.030751,0.14084,0.34195,0.038321,-0.35465,0.10244,-0.090708,0.29935,0.058405,-0.014473,-0.49401,-0.036721,-0.25541,0.47815,-0.059735,-0.14587,-0.0074706,0.082119,0.011373,0,0.011025,0,-0.069083,-0.067404,-0.028563,0.078769,-0.065308,0.020685,-0.071614,-0.56661,-0.10752,0.068932,-0.58071,-0.054482,-0.089117,-0.9792,0.056478,0.0092764,-0.97429,0.066097
0.031421,0.70615,0.01008,-0.012315,0.51362,0.015034,-0.17282,0.40418,-0.021823,0.1771,0.40085,0.055572,-0.33407,0.15582,-0.073281,0.33782,0.11286,0.006728,-0.48938,-0.0020519,-0.2449,0.491,-0.042568,-0.11722,-0.0052738,0.15028,0.014126,0,0.078896,0,-0.074255,-0.00017133,-0.030698,0.078938,-0.0073318,0.019571,-0.09323,-0.53983,-0.077645,0.085236,-0.54881,-0.031238,-0.079313,-0.96546,0.068129,0.034193,-0.95331,0.076386
0.019171,0.77297,0.000931,-0.01157,0.57969,0.008208,-0.18376,0.45057,-0.01791,0.1656,0.47537,0.055834,-0.33741,0.197,-0.065617,0.3217,0.18445,0.012798,-0.48387,0.057857,-0.21719,0.49892,0.0098152,-0.077621,-0.0051006,0.20548,0.013784,0,0.13166,0,-0.073588,0.049901,-0.024036,0.077795,0.050489,0.015877,-0.10508,-0.55197,-0.042994,0.080161,-0.53965,0.022619,-0.11155,-0.95246,0.026949,0.063838,-0.91312,0.06925
0.02307,0.82165,-0.018239,-0.012789,0.63635,0.024479,-0.17824,0.51225,-0.029011,0.15229,0.53277,0.031837,-0.3319,0.24773,-0.065597,0.31661,0.2461,0.010146,-0.48596,0.073056,-0.22477,0.49069,0.064895,-0.063239,-0.0052739,0.26312,0.018798,0,0.19042,0,-0.066466,0.1119,-0.029322,0.070946,0.11269,0.015759,-0.0941,-0.5217,-0.041018,0.079566,-0.53748,0.021557,-0.1169,-0.93021,0.019069,0.061173,-0.89495,0.050914
0.018563,0.85341,-0.030326,-0.017154,0.66486,0.001793,-0.19555,0.55534,-0.031959,0.16617,0.60253,0.046709,-0.33398,0.28805,-0.068107,0.31283,0.30648,0.028662,-0.47946,0.13714,-0.2264,0.46024,0.10721,-0.056177,-0.0064894,0.3126,0.014121,0,0.24236,0,-0.06899,0.15077,-0.026156,0.07449,0.15489,0.019633,-0.085338,-0.47362,-0.050375,0.064475,-0.5112,0.011186,-0.11396,-0.85347,0.005123,0.043498,-0.88119,0.044934
0.022824,0.86768,-0.030676,-0.018667,0.68614,-0.003672,-0.18711,0.57797,-0.030212,0.16202,0.60516,0.034161,-0.33316,0.29855,-0.066752,0.31232,0.31121,0.021832,-0.48605,0.14539,-0.2299,0.46928,0.12061,-0.068334,-0.0060305,0.31912,0.013259,0,0.24728,0,-0.06785,0.1664,-0.021088,0.072527,0.16545,0.02052,-0.068423,-0.40724,-0.079747,0.039048,-0.46626,-0.017164,-0.10944,-0.80435,-2.5e-05,0.018716,-0.83895,0.057374
0.019779,0.88098,-0.046086,-0.017621,0.70853,-0.013901,-0.17665,0.6036,-0.041247,0.14313,0.6224,0.022376,-0.33089,0.33034,-0.069029,0.29476,0.32875,-0.002174,-0.48763,0.16953,-0.22524,0.47294,0.14223,-0.092104,-0.0058976,0.33223,0.010217,0,0.2581,0,-0.063706,0.18299,-0.019839,0.066109,0.1867,0.025451,-0.065554,-0.39972,-0.089406,0.041627,-0.4532,-0.021732,-0.10625,-0.79663,-0.005645,0.013751,-0.81817,0.048438
0.019997,0.89538,-0.047515,-0.018225,0.71692,-0.018215,-0.17376,0.60409,-0.042564,0.14509,0.62681,0.023488,-0.3288,0.33684,-0.068737,0.2958,0.33271,-0.00863,-0.48606,0.1791,-0.22409,0.45827,0.16743,-0.10005,-0.0058825,0.34124,0.007849,0,0.26645,0,-0.062306,0.19083,-0.021023,0.067199,0.19063,0.02517,-0.063095,-0.3997,-0.089804,0.041605,-0.45466,-0.015906,-0.085017,-0.79607,-4.9e-05,0.0054863,-0.81633,0.038784
0.023158,0.91082,-0.043983,-0.016091,0.7226,-0.019803,-0.174,0.60661,-0.045058,0.1536,0.63225,0.02544,-0.33183,0.33922,-0.072933,0.29821,0.33591,-0.024525,-0.48972,0.18205,-0.23137,0.45725,0.16834,-0.11808,-0.0053054,0.34836,0.006099,0,0.27368,0,-0.063524,0.19423,-0.022662,0.067887,0.19637,0.025018,-0.068825,-0.40813,-0.087163,0.045593,-0.46942,0.006279,-0.090908,-0.80086,-0.023514,0.0092716,-0.8359,0.040808
0.028198,0.90652,-0.039238,-0.015919,0.66862,-0.004779,-0.17354,0.60833,-0.043663,0.16883,0.62268,0.025453,-0.31183,0.39037,-0.050925,0.27575,0.31661,-0.018208,-0.49015,0.18193,-0.23249,0.44497,0.16899,-0.12858,-0.0053868,0.34463,0.00683,0,0.27319,0,-0.064164,0.19371,-0.022165,0.068549,0.1928,0.023563,-0.072708,-0.45263,-0.069327,0.044267,-0.47295,0.012329,-0.10334,-0.85323,-0.055493,0.012543,-0.84821,0.034108
0.032834,0.89436,-0.02398,-0.010679,0.65141,-0.000771,-0.17234,0.60778,-0.041208,0.17079,0.62072,0.027191,-0.33247,0.33117,-0.070432,0.27757,0.30887,-0.024762,-0.48957,0.18124,-0.23309,0.4424,0.15573,-0.14618,-0.0048908,0.33429,0.008355,0,0.26911,0,-0.064707,0.18674,-0.022246,0.068347,0.18974,0.021643,-0.070973,-0.47916,-0.0561,0.034092,-0.47558,0.012847,-0.10355,-0.86488,-0.053448,0.024606,-0.90892,0.015367
0.037924,0.87953,-0.017895,-0.0045604,0.66593,0.004178,-0.17108,0.57628,-0.030436,0.17698,0.60489,0.042539,-0.32928,0.31724,-0.067384,0.27928,0.29287,-0.023248,-0.49471,0.15323,-0.2425,0.43671,0.11082,-0.17554,-0.003812,0.32166,0.010437,0,0.24755,0,-0.067404,0.15846,-0.021236,0.068272,0.17156,0.01599,-0.070765,-0.50267,-0.055025,0.036598,-0.49384,0.012852,-0.10758,-0.91523,-0.023346,0.025623,-0.90476,0.029019
0.0604,0.82813,0.004196,0.0097215,0.64419,0.022731,-0.16687,0.5269,-0.031807,0.18358,0.51696,0.037628,-0.32721,0.26132,-0.079717,0.31451,0.21819,-0.043804,-0.48172,0.12657,-0.25273,0.46407,0.081804,-0.19487,-0.0011717,0.26773,0.016825,0,0.195,0,-0.073032,0.10816,-0.028257,0.069008,0.11904,0.012546,-0.068665,-0.51356,-0.063904,0.045694,-0.54681,0.001221,-0.10595,-0.95434,0.021491,0.033439,-0.95572,0.054327
0.046584,0.77603,0.018997,0.010124,0.57729,0.041853,-0.15882,0.47323,-0.025726,0.17972,0.45288,0.0458,-0.31863,0.24415,-0.056562,0.30882,0.20431,-0.032956,-0.48232,0.077498,-0.2399,0.44715,0.025833,-0.20607,-0.0021453,0.22234,0.022156,0,0.15567,0,-0.074446,0.063421,-0.036034,0.070287,0.088433,0.014766,-0.10295,-0.57365,-0.066967,0.047026,-0.55363,-0.029536,-0.11662,-0.97041,0.061346,0.034492,-0.95867,0.073273
0.04717,0.71211,0.019489,0.0017335,0.51558,0.023707,-0.16011,0.41576,-0.027102,0.17846,0.39222,0.049775,-0.30611,0.19058,-0.055436,0.30288,0.14279,-0.048099,-0.49177,0.017815,-0.26347,0.44617,-0.0057118,-0.1939,-0.0044457,0.14444,0.021375,0,0.072281,0,-0.07461,-0.001553,-0.029501,0.073988,-0.012997,0.015882,-0.10172,-0.56921,-0.072948,0.050379,-0.55655,-0.041999,-0.085539,-0.98908,0.096191,0.029607,-0.96282,0.0741
0.035743,0.67162,0.024642,-0.011063,0.46665,0.039067,-0.16966,0.3459,-0.02462,0.15816,0.33537,0.033999,-0.35069,0.10299,-0.092093,0.29551,0.10756,-0.040661,-0.49638,-0.018885,-0.2665,0.4519,-0.053568,-0.21533,-0.0061489,0.090867,0.027163,0,0.019205,0,-0.070427,-0.056217,-0.029342,0.073486,-0.05319,0.011667,-0.092423,-0.57514,-0.080105,0.046077,-0.5678,-0.052826,-0.093605,-0.99007,0.080706,0.011729,-0.97227,0.070526
0.021424,0.62988,0.019575,-0.012414,0.43185,0.034833,-0.16897,0.31611,-0.03161,0.15816,0.31446,0.041412,-0.34608,0.098749,-0.086833,0.23823,0.04439,-0.055402,-0.49188,-0.030318,-0.255,0.44177,-0.060613,-0.19812,-0.0078376,0.05861,0.028739,0,-0.012482,0,-0.073082,-0.085202,-0.023433,0.077832,-0.090845,0.006179,-0.071805,-0.57938,-0.10786,0.046287,-0.57726,-0.077652,-0.10712,-0.98149,0.067197,0.0045416,-0.97179,0.067019
0.023185,0.62848,0.01889,-0.014034,0.43019,0.032671,-0.17013,0.31479,-0.032186,0.16612,0.30506,0.052121,-0.3454,0.097843,-0.088476,0.27474,0.042008,-0.031629,-0.49084,-0.037862,-0.25283,0.44552,-0.065868,-0.1833,-0.0092778,0.05785,0.029975,0,-0.013038,0,-0.073497,-0.086261,-0.024795,0.080032,-0.094825,0.012556,-0.072283,-0.57384,-0.11427,0.045141,-0.57827,-0.08801,-0.10518,-0.98403,0.064277,-0.0022891,-1.0055,0.0594
0.024567,0.63213,0.016176,-0.017536,0.43566,0.02957,-0.1691,0.31634,-0.034413,0.16569,0.33683,0.05285,-0.34336,0.098192,-0.091077,0.28413,0.047822,-0.028134,-0.48914,-0.037624,-0.25699,0.46981,-0.069311,-0.17125,-0.010454,0.071716,0.030808,0,0.0037189,0,-0.07081,-0.077408,-0.031591,0.078509,-0.076689,0.019523,-0.079641,-0.58204,-0.10233,0.052287,-0.56732,-0.072025,-0.098776,-0.98545,0.060272,0.0006656,-0.98064,0.065646
0.032425,0.67992,0.011303,-0.018018,0.49076,0.016984,-0.18017,0.39364,-0.02987,0.15899,0.38082,0.037282,-0.34991,0.11341,-0.10198,0.31136,0.087542,0.001754,-0.49125,-0.030192,-0.25925,0.47837,-0.039767,-0.1374,-0.0089497,0.12835,0.029511,0,0.058734,0,-0.071577,-0.021587,-0.032414,0.078298,-0.022086,0.020768,-0.11966,-0.56459,-0.083985,0.068219,-0.5484,-0.050732,-0.10303,-0.97537,0.055505,0.0098358,-0.97677,0.065993
0.030943,0.7465,-0.002444,-0.01297,0.55722,0.019238,-0.17417,0.41527,-0.032306,0.17939,0.43165,0.047867,-0.3526,0.1635,-0.090555,0.34561,0.14839,-0.018215,-0.49354,0.020569,-0.24431,0.49965,-0.019961,-0.11991,-0.0089143,0.17947,0.030114,0,0.1051,0,-0.072882,0.02288,-0.031781,0.07822,0.015658,0.019368,-0.11694,-0.55586,-0.062705,0.07286,-0.55215,0.007704,-0.099907,-0.97454,0.054292,0.018589,-0.96955,0.067664
0.02722,0.80686,-0.014929,-0.0079671,0.61509,0.015652,-0.17537,0.49698,-0.036259,0.15648,0.51435,0.052271,-0.32346,0.24414,-0.057077,0.3198,0.22966,-0.01549,-0.48557,0.07209,-0.22039,0.49683,0.031368,-0.082321,-0.0090744,0.23462,0.029153,0,0.16102,0,-0.069143,0.085855,-0.029285,0.071911,0.078399,0.018899,-0.10016,-0.53978,-0.030242,0.069589,-0.55154,0.032039,-0.11727,-0.92494,0.027812,0.054381,-0.94024,0.054664
0.021399,0.84395,-0.025622,-0.0037255,0.66204,-0.005738,-0.17147,0.55037,-0.048874,0.1745,0.57823,0.042075,-0.32944,0.26064,-0.056802,0.32071,0.28348,-0.018138,-0.47853,0.099822,-0.21339,0.47451,0.095369,-0.058271,-0.007769,0.28613,0.023513,0,0.21156,0,-0.068876,0.13508,-0.019985,0.07027,0.1245,0.016777,-0.077642,-0.50335,-0.042619,0.072812,-0.54109,0.026809,-0.079144,-0.88165,0.031097,0.058959,-0.89423,0.051449
0.018568,0.84994,-0.053549,-0.015177,0.67393,-0.01228,-0.18054,0.56558,-0.054297,0.16188,0.62087,0.02189,-0.33844,0.28574,-0.055076,0.30847,0.32569,-0.031887,-0.48148,0.14288,-0.20655,0.46898,0.11368,-0.063339,-0.0089137,0.31758,0.019716,0,0.24864,0,-0.06582,0.1623,-0.021024,0.073215,0.17425,0.01923,-0.063289,-0.41338,-0.084991,0.052749,-0.49144,-0.001314,-0.088609,-0.82278,0.032106,0.035329,-0.86315,0.056676
0.0095432,0.87342,-0.06641,-0.021959,0.68502,-0.027098,-0.17798,0.59554,-0.056757,0.1616,0.6218,0.019196,-0.33365,0.30485,-0.061429,0.30801,0.32565,0.002901,-0.47509,0.15015,-0.20121,0.47784,0.13806,-0.069342,-0.0088712,0.32782,0.015549,0,0.25728,0,-0.064647,0.17928,-0.016865,0.072772,0.18133,0.021336,-0.039065,-0.36403,-0.10133,0.044853,-0.48408,-0.000209,-0.085041,-0.77378,0.041562,0.035785,-0.79668,0.1131
0.010493,0.87961,-0.073025,-0.023578,0.69696,-0.037877,-0.17862,0.59639,-0.057593,0.15567,0.62034,0.011054,-0.33646,0.31009,-0.063843,0.30929,0.3279,-0.00513,-0.47749,0.15074,-0.2047,0.47423,0.15148,-0.065914,-0.0081542,0.33306,0.01222,0,0.26087,0,-0.064466,0.18217,-0.015161,0.072421,0.18746,0.022843,-0.036975,-0.36514,-0.099144,0.047535,-0.47808,0.002468,-0.079024,-0.77742,0.036994,0.036018,-0.79322,0.1098
0.011794,0.88136,-0.08174,-0.025407,0.6959,-0.047142,-0.18217,0.59894,-0.063914,0.15974,0.62057,0.005684,-0.33398,0.31315,-0.069331,0.28493,0.32788,-0.014508,-0.47614,0.1498,-0.21121,0.47475,0.15738,-0.083722,-0.0075599,0.33842,0.007545,0,0.26752,0,-0.065961,0.18762,-0.010166,0.075033,0.19062,0.022772,-0.040526,-0.41539,-0.064432,0.055772,-0.45256,-0.001516,-0.055386,-0.8118,0.0033,0.018015,-0.80885,0.038004
0.0089766,0.8835,-0.086806,-0.028554,0.69556,-0.050355,-0.18378,0.5979,-0.065077,0.15934,0.62092,0.004404,-0.33298,0.31636,-0.070131,0.29466,0.33074,-0.010607,-0.47782,0.14784,-0.216,0.47352,0.14913,-0.10942,-0.0075148,0.33824,0.004934,0,0.26692,0,-0.064884,0.18629,-0.010083,0.07508,0.18891,0.025942,-0.03441,-0.47687,-0.034471,0.045551,-0.47648,0.015125,-0.052959,-0.85394,-0.013507,0.022306,-0.84358,0.021564
0.0090916,0.87527,-0.087268,-0.022937,0.63659,-0.04497,-0.18226,0.59368,-0.065721,0.13612,0.60479,-0.014227,-0.33118,0.31519,-0.073787,0.29524,0.33088,-0.011102,-0.4808,0.11652,-0.24223,0.46703,0.1438,-0.11347,-0.0066713,0.3258,0.004293,0,0.25923,0,-0.062145,0.18228,-0.011361,0.071018,0.18374,0.025564,-0.039768,-0.48339,-0.031135,0.048355,-0.48194,0.014254,-0.051118,-0.87126,-0.016515,0.028353,-0.82277,0.01999
0.010989,0.86189,-0.089472,-0.018757,0.65437,-0.045118,-0.17463,0.567,-0.074638,0.13243,0.5918,-0.018666,-0.32315,0.31051,-0.076293,0.29096,0.30271,-0.022063,-0.47404,0.10296,-0.24321,0.46848,0.12549,-0.12441,-0.0045029,0.30582,0.002774,0,0.22655,0,-0.056749,0.16359,-0.011263,0.063894,0.15397,0.021469,-0.041877,-0.50231,-0.031099,0.057878,-0.51199,0.019004,-0.097725,-0.93487,0.005224,0.070356,-0.88998,0.016939
0.0060835,0.82652,-0.069206,-0.023272,0.63973,-0.036638,-0.17667,0.53312,-0.070273,0.13398,0.58019,-0.001199,-0.32148,0.29455,-0.075968,0.28479,0.30028,-0.015487,-0.48058,0.056258,-0.24476,0.46366,0.078015,-0.14711,-0.0061472,0.27398,0.002985,0,0.20336,0,-0.058362,0.11337,-0.021487,0.067021,0.13183,0.024617,-0.049584,-0.52678,-0.03338,0.083072,-0.53395,0.023804,-0.10568,-0.95171,0.015808,0.071086,-0.95847,0.023311
-0.0051308,0.77351,-0.053507,-0.037942,0.57262,-0.019613,-0.20585,0.45622,-0.056679,0.1258,0.56082,0.037052,-0.3242,0.20619,-0.072396,0.26726,0.26232,-0.00571,-0.49013,0.024558,-0.24771,0.44838,0.04418,-0.14196,-0.0092953,0.22384,0.004481,0,0.1542,0,-0.066141,0.089,-0.017411,0.080589,0.070301,0.02052,-0.074236,-0.5509,-0.042443,0.081647,-0.54748,0.023118,-0.12475,-0.9545,0.071496,0.060276,-0.95262,0.060024
-0.0050644,0.71413,-0.053827,-0.043252,0.51298,-0.006507,-0.18306,0.39763,-0.050969,0.14276,0.44311,0.036512,-0.32248,0.19693,-0.076959,0.2699,0.20333,-0.007986,-0.49143,-0.021584,-0.25893,0.4672,-0.012948,-0.16296,-0.0099238,0.16951,0.006377,0,0.10139,0,-0.059814,0.016804,-0.028362,0.077352,0.032651,0.024183,-0.071151,-0.55399,-0.055057,0.097806,-0.55645,-0.021794,-0.10854,-0.95578,0.073627,0.043032,-0.96365,0.07921
-0.018669,0.66468,-0.019723,-0.046781,0.47745,-0.006099,-0.17438,0.34892,-0.051826,0.11598,0.38122,0.019845,-0.32616,0.13497,-0.051296,0.29196,0.1142,-0.013319,-0.49853,-0.036082,-0.25249,0.44315,-0.032166,-0.15183,-0.010302,0.12337,0.006238,0,0.052938,0,-0.058576,-0.021223,-0.030361,0.072476,-0.0084088,0.02853,-0.068615,-0.57015,-0.068824,0.072392,-0.57706,-0.044238,-0.096424,-0.96777,0.076512,0.021476,-0.96803,0.083942
-0.015516,0.6301,-0.022412,-0.048026,0.45021,0.013498,-0.17651,0.31687,-0.041719,0.11438,0.3612,0.038016,-0.35531,0.06692,-0.086212,0.27977,0.076371,-0.019255,-0.50026,-0.056767,-0.25351,0.44988,-0.055276,-0.14955,-0.011104,0.11281,0.00969,0,0.045234,0,-0.058945,-0.03693,-0.039521,0.070552,-0.026974,0.032329,-0.044112,-0.5727,-0.09146,0.053981,-0.61929,-0.075304,-0.072587,-0.97517,0.070852,0.019713,-0.97044,0.07893
-0.018296,0.63302,-0.024624,-0.047874,0.44953,0.010849,-0.17724,0.31627,-0.044538,0.11452,0.36022,0.035902,-0.3515,0.081833,-0.083065,0.28121,0.076005,-0.020194,-0.49861,-0.06595,-0.2506,0.45033,-0.060154,-0.14669,-0.010958,0.093612,0.011395,0,0.021101,0,-0.06066,-0.054661,-0.033496,0.073069,-0.04369,0.02493,-0.050349,-0.57719,-0.097687,0.065167,-0.56444,-0.076683,-0.07405,-0.97198,0.064601,0.012251,-0.97139,0.072814
-0.016848,0.63973,-0.022558,-0.046545,0.45313,0.013393,-0.17847,0.3252,-0.04101,0.12407,0.36851,0.035169,-0.36351,0.06983,-0.088862,0.2985,0.087846,-0.0058,-0.50659,-0.071451,-0.24209,0.45844,-0.061384,-0.12913,-0.010951,0.094132,0.013048,0,0.021976,0,-0.061059,-0.054041,-0.032863,0.073557,-0.043762,0.024229,-0.077019,-0.57255,-0.093662,0.064418,-0.56309,-0.072623,-0.10224,-0.93116,0.051055,0.012782,-0.97059,0.072073
-0.0031736,0.70078,-0.022189,-0.029342,0.50753,0.012521,-0.18291,0.39498,-0.030453,0.14226,0.42008,0.035742,-0.35473,0.11357,-0.083838,0.28966,0.12408,0.003658,-0.49829,-0.024337,-0.23992,0.45699,-0.030698,-0.10181,-0.0086438,0.12001,0.014727,0,0.045457,0,-0.068163,-0.027973,-0.032888,0.078202,-0.036673,0.023119,-0.096181,-0.5494,-0.068895,0.087341,-0.54377,-0.015851,-0.101,-0.95859,0.057032,0.021528,-0.96958,0.068879
-0.0032596,0.75559,-0.03542,-0.024576,0.56559,0.01918,-0.18441,0.41426,-0.033703,0.14702,0.47814,0.042401,-0.34469,0.17359,-0.064838,0.29129,0.18084,0.002261,-0.49583,0.019018,-0.21497,0.47125,-0.0023084,-0.062491,-0.0077942,0.19111,0.017661,0,0.11802,0,-0.071871,0.037462,-0.029203,0.080557,0.040398,0.017392,-0.10656,-0.53789,-0.046742,0.083958,-0.5472,0.032422,-0.10954,-0.94555,0.046466,0.027578,-0.96721,0.066768
0.0052278,0.81558,-0.042316,-0.013274,0.6357,0.011051,-0.1668,0.50248,-0.049926,0.15833,0.54826,0.034272,-0.34199,0.23289,-0.066181,0.29617,0.24852,-0.016103,-0.49342,0.05698,-0.21006,0.45266,0.056134,-0.05269,-0.0067078,0.25729,0.016917,0,0.18297,0,-0.064244,0.10795,-0.024782,0.068758,0.10406,0.01618,-0.096325,-0.5374,-0.026346,0.0812,-0.54395,0.026811,-0.11063,-0.94779,0.031909,0.05555,-0.92851,0.018962
0.012045,0.8338,-0.048976,-0.020568,0.65172,0.003324,-0.16875,0.53672,-0.060572,0.15103,0.56427,0.026545,-0.32935,0.29244,-0.062767,0.30517,0.2717,0.000408,-0.48358,0.10961,-0.19382,0.45176,0.077878,-0.050466,-0.0083072,0.27855,0.015285,0,0.20565,0,-0.061429,0.1274,-0.024481,0.068441,0.13686,0.019692,-0.0759,-0.49531,-0.033246,0.065879,-0.51478,0.017843,-0.11324,-0.87699,0.002055,0.038683,-0.89897,0.029694
0.0097079,0.86653,-0.06328,-0.033573,0.69827,-0.011987,-0.16415,0.57245,-0.066563,0.13803,0.61082,0.011234,-0.32284,0.29259,-0.030723,0.28038,0.34897,0.009569,-0.48656,0.12349,-0.20178,0.44367,0.1473,-0.057853,-0.0094813,0.31579,0.011729,0,0.24014,0,-0.056079,0.16178,-0.026081,0.066196,0.17142,0.025511,-0.038628,-0.43595,-0.06443,0.041094,-0.48601,-0.017254,-0.099248,-0.83879,0.023959,-0.0088702,-0.85472,0.032599
0.0085524,0.87646,-0.072053,-0.035419,0.69826,-0.020896,-0.18011,0.60073,-0.054157,0.13618,0.61082,0.002325,-0.32906,0.3088,-0.037785,0.27744,0.34952,0.001326,-0.49636,0.13472,-0.20629,0.43684,0.16857,-0.052966,-0.0086719,0.32693,0.007144,0,0.25565,0,-0.057227,0.17415,-0.02464,0.068855,0.18511,0.027843,-0.044407,-0.4228,-0.072096,0.037198,-0.47986,-0.006054,-0.098005,-0.82143,0.014761,-0.0080055,-0.84441,0.025292
0.010782,0.88058,-0.077917,-0.031703,0.69959,-0.025646,-0.1836,0.60489,-0.053924,0.1399,0.61215,-0.002425,-0.32992,0.31087,-0.042743,0.28184,0.34834,-0.003077,-0.49889,0.13922,-0.20999,0.45078,0.16489,-0.0736,-0.0071497,0.33542,0.005483,0,0.26384,0,-0.060381,0.18285,-0.021311,0.070103,0.18863,0.025789,-0.033542,-0.36787,-0.087344,0.0329,-0.47145,-0.012301,-0.083007,-0.81004,0.011933,0.0028125,-0.82247,0.035699
0.013583,0.88411,-0.082699,-0.026727,0.70598,-0.027935,-0.17927,0.60419,-0.057215,0.14487,0.61853,-0.004714,-0.35106,0.3237,-0.054773,0.26352,0.40801,0.004255,-0.50006,0.15857,-0.20149,0.45123,0.16835,-0.085504,-0.006278,0.3431,0.004113,0,0.27084,0,-0.059664,0.19241,-0.019837,0.06819,0.19547,0.025427,-0.042948,-0.43497,-0.049943,0.028873,-0.46932,0.003678,-0.068125,-0.82476,0.006615,0.0098,-0.8405,0.03239
0.015703,0.88163,-0.080334,-0.0079251,0.64953,-0.018938,-0.17372,0.60236,-0.057317,0.16367,0.56208,0.004283,-0.31988,0.39189,-0.019223,0.30415,0.32314,-0.019286,-0.495,0.16529,-0.1989,0.46215,0.15218,-0.10813,-0.0059197,0.34026,0.003526,0,0.27046,0,-0.060567,0.19204,-0.020302,0.06611,0.19305,0.026017,-0.050459,-0.44587,-0.0484,0.032323,-0.47208,0.006868,-0.10056,-0.85253,-0.006415,-0.0013427,-0.85316,0.020729
0.019709,0.87966,-0.08148,-0.011271,0.67473,-0.015193,-0.16673,0.59189,-0.060185,0.15367,0.56964,-0.007303,-0.30495,0.40111,-0.022932,0.29735,0.28205,-0.032983,-0.4832,0.17514,-0.2001,0.4575,0.13064,-0.15298,-0.0044036,0.3247,0.003204,0,0.24986,0,-0.058768,0.17379,-0.020188,0.064245,0.18219,0.022196,-0.071803,-0.49202,-0.044697,0.040618,-0.4833,0.020039,-0.1085,-0.88562,-0.015249,0.036602,-0.89436,0.026937
0.029213,0.86078,-0.06998,-0.0092008,0.67105,-0.01249,-0.15593,0.54571,-0.063736,0.15348,0.56514,-0.007497,-0.31925,0.36944,-0.046934,0.29313,0.30245,-0.032748,-0.49594,0.14741,-0.22213,0.45505,0.11976,-0.15492,-0.0030977,0.30565,0.003919,0,0.23222,0,-0.059467,0.15697,-0.022936,0.062245,0.1562,0.02235,-0.075185,-0.5088,-0.046863,0.040531,-0.50936,0.020307,-0.11833,-0.95351,0.012199,0.037609,-0.90165,0.030177
0.034061,0.81411,-0.042399,0.0011409,0.61992,0.002397,-0.15601,0.51827,-0.043148,0.15905,0.51143,0.001106,-0.31921,0.24637,-0.048081,0.30466,0.21498,-0.04428,-0.49325,0.097185,-0.24664,0.44903,0.065127,-0.18683,-0.0015858,0.27558,0.006606,0,0.20667,0,-0.061849,0.13375,-0.020685,0.062439,0.13302,0.016243,-0.08439,-0.52113,-0.047869,0.043217,-0.53252,0.01908,-0.12173,-0.95594,0.027781,0.039437,-0.92415,0.085373
0.032366,0.76084,-0.02501,-0.0032476,0.57492,0.000639,-0.12695,0.44423,-0.059355,0.15466,0.46643,-0.000651,-0.33854,0.19198,-0.055672,0.30541,0.18318,-0.050589,-0.50435,0.04553,-0.25737,0.44584,0.028556,-0.19188,-0.002644,0.20847,0.007397,0,0.13608,0,-0.050779,0.066404,-0.022603,0.051805,0.07108,0.017948,-0.097521,-0.54168,-0.059791,0.047243,-0.54907,0.001065,-0.12496,-0.92871,0.036785,0.037014,-0.92905,0.080773
0.041768,0.70744,-0.002263,0.0082886,0.51139,0.004589,-0.14249,0.41343,-0.031903,0.1662,0.40289,0.003299,-0.32111,0.13504,-0.06276,0.31901,0.14187,-0.046442,-0.50011,0.021722,-0.2566,0.47689,-0.023629,-0.22263,-0.0009404,0.18462,0.00864,0,0.11845,0,-0.070226,0.030092,-0.015366,0.057942,0.056713,0.01085,-0.094458,-0.55331,-0.069534,0.065668,-0.55158,-0.009775,-0.099742,-0.96473,0.09539,0.040318,-0.95333,0.1057
0.031478,0.68439,0.007532,-0.0026984,0.48475,0.012386,-0.17978,0.38214,-0.008316,0.15521,0.37626,0.011095,-0.3404,0.099341,-0.096748,0.31324,0.113,-0.041027,-0.50956,-0.0068539,-0.26232,0.47352,-0.036226,-0.21193,-0.0014172,0.15287,0.011847,0,0.087922,0,-0.077896,0.0025841,-0.035791,0.084012,0.0004238,0.02648,-0.090216,-0.56403,-0.071677,0.060185,-0.55594,-0.018349,-0.077901,-0.96744,0.091739,0.01622,-0.93382,0.096038
0.038168,0.66741,0.010893,0.0039437,0.45963,0.010926,-0.1657,0.34641,-0.019332,0.16185,0.35113,0.009635,-0.3364,0.079566,-0.10361,0.3302,0.096116,-0.043587,-0.51151,-0.034099,-0.2833,0.48453,-0.048056,-0.18507,-0.0009235,0.095566,0.012952,0,0.025685,0,-0.073701,-0.047941,-0.020892,0.073073,-0.050209,0.011799,-0.060924,-0.57383,-0.097073,0.07106,-0.54728,-0.056484,-0.071535,-0.97058,0.090264,0.020653,-0.96978,0.10155
0.02672,0.66507,0.004801,-0.007567,0.45943,0.006744,-0.17734,0.3459,-0.023751,0.15034,0.35094,0.005453,-0.34427,0.08037,-0.10357,0.31991,0.095277,-0.046279,-0.5216,-0.032933,-0.28528,0.48965,-0.053177,-0.2015,-0.0042868,0.093219,0.012464,0,0.021488,0,-0.067564,-0.057363,-0.015558,0.074903,-0.051433,0.010151,-0.072517,-0.57392,-0.10181,0.062759,-0.5533,-0.056949,-0.084398,-0.97053,0.086228,0.019503,-0.93862,0.086734
0.026618,0.68497,0.009166,-0.004999,0.49164,0.013247,-0.18028,0.37111,-0.023988,0.15291,0.38315,0.011957,-0.35215,0.11574,-0.077688,0.32522,0.10166,-0.039095,-0.52656,-0.02134,-0.27847,0.50864,-0.033623,-0.14195,-0.0032791,0.10954,0.014624,0,0.034844,0,-0.075533,-0.036385,-0.022771,0.077391,-0.044112,0.01248,-0.086921,-0.57039,-0.077155,0.066979,-0.55995,-0.025351,-0.091435,-0.96413,0.088611,0.021519,-0.94131,0.091451
0.020813,0.74603,0.000439,-0.0063302,0.55315,0.012503,-0.17196,0.41537,-0.029719,0.15158,0.44466,0.011212,-0.3377,0.18509,-0.071372,0.31214,0.15567,-0.029998,-0.502,0.047784,-0.21778,0.49738,0.0055388,-0.098614,-0.0031524,0.16107,0.016071,0,0.083446,0,-0.075911,0.013878,-0.026275,0.078173,0.00016249,0.017485,-0.096616,-0.54875,-0.046924,0.083446,-0.53561,0.012503,-0.10789,-0.92791,0.051674,0.036788,-0.93879,0.095838
0.015664,0.80598,-0.008846,-0.012248,0.61278,0.007663,-0.18027,0.45665,-0.029391,0.14566,0.50429,0.006372,-0.33178,0.23084,-0.035174,0.30847,0.2164,-0.012073,-0.49887,0.088251,-0.20331,0.48809,0.053954,-0.060369,-0.003719,0.21121,0.015786,0,0.1311,0,-0.070881,0.06065,-0.026564,0.074765,0.046329,0.01948,-0.10798,-0.54568,-0.02783,0.070874,-0.529,0.023404,-0.12251,-0.93442,0.046754,0.048691,-0.91274,0.05383
0.014361,0.83515,-0.023825,-0.010863,0.64794,-0.001113,-0.18656,0.55043,-0.028593,0.14705,0.53945,-0.002404,-0.33478,0.26925,-0.053133,0.30881,0.25211,-0.003177,-0.50784,0.10217,-0.21809,0.49659,0.099322,-0.052029,-0.003021,0.27533,0.01392,0,0.20013,0,-0.065007,0.12059,-0.022038,0.06846,0.12271,0.017573,-0.089212,-0.53279,-0.029176,0.064309,-0.52853,0.019658,-0.11111,-0.90957,0.026657,0.044006,-0.91312,0.046694
0.0096166,0.86605,-0.060638,-0.012827,0.67875,-0.003379,-0.17207,0.56783,-0.042255,0.14508,0.57026,-0.00467,-0.34475,0.28573,-0.060901,0.31625,0.30195,0.018066,-0.51375,0.11981,-0.21448,0.47401,0.12297,-0.04994,-0.0039883,0.30052,0.012806,0,0.22603,0,-0.060436,0.15502,-0.020131,0.064469,0.15748,0.017987,-0.047112,-0.47216,-0.05933,0.035194,-0.49574,-0.017658,-0.10155,-0.87085,0.013743,0.02692,-0.87996,0.054361
0.012762,0.87,-0.062301,-0.010238,0.69391,-0.007262,-0.16949,0.61267,-0.041328,0.14767,0.58542,-0.008552,-0.33173,0.3249,-0.050324,0.30567,0.36938,0.037892,-0.51886,0.13377,-0.22313,0.46397,0.15547,-0.05398,-0.0034326,0.30852,0.01151,0,0.2324,0,-0.062,0.16182,-0.019648,0.065458,0.15885,0.017222,-0.039353,-0.37991,-0.10069,0.017926,-0.43691,-0.046939,-0.08721,-0.8216,0.006682,-0.012843,-0.83023,0.037292
0.021087,0.88589,-0.069182,-0.0090768,0.70343,-0.01169,-0.16652,0.61251,-0.044467,0.14883,0.59494,-0.012981,-0.32747,0.32507,-0.041061,0.32315,0.31884,0.012871,-0.51494,0.15255,-0.21895,0.4922,0.136,-0.072436,-0.0029923,0.33164,0.009066,0,0.25801,0,-0.061479,0.18344,-0.019202,0.065082,0.18427,0.018608,-0.031938,-0.37532,-0.10393,0.021525,-0.43815,-0.047989,-0.07921,-0.79369,-0.011183,-0.016849,-0.77364,0.043529
0.02377,0.89754,-0.076583,-0.0092031,0.70492,-0.01244,-0.16351,0.60964,-0.046732,0.14871,0.59643,-0.01373,-0.32905,0.32535,-0.038506,0.31791,0.31495,-0.000824,-0.51521,0.15692,-0.21647,0.48927,0.15214,-0.078085,-0.002966,0.33053,0.007622,0,0.25544,0,-0.061571,0.18255,-0.019219,0.065055,0.18205,0.018555,-0.034465,-0.38964,-0.095691,0.020195,-0.44606,-0.045457,-0.084543,-0.80356,-0.013939,-0.0052604,-0.83977,0.008174
0.026588,0.89671,-0.074884,-0.0085465,0.70574,-0.013067,-0.16342,0.60994,-0.047019,0.14936,0.59724,-0.014357,-0.33027,0.32628,-0.039653,0.31761,0.31485,-0.003629,-0.51407,0.15946,-0.21582,0.47988,0.15045,-0.098444,-0.002663,0.32759,0.006365,0,0.25078,0,-0.062263,0.1789,-0.018287,0.0652,0.17635,0.017828,-0.038783,-0.46688,-0.064985,0.027673,-0.48757,-0.031687,-0.083722,-0.85828,-0.025127,-0.0030901,-0.84662,0.002258
0.028683,0.88235,-0.065888,-0.0032687,0.6475,-0.013312,-0.17107,0.6051,-0.041528,0.15464,0.53901,-0.014603,-0.32325,0.31191,-0.048606,0.2995,0.30439,-0.024645,-0.5058,0.15662,-0.22017,0.4781,0.15109,-0.10565,-0.0020555,0.31286,0.005262,0,0.24296,0,-0.064956,0.17151,-0.01693,0.067421,0.15588,0.014918,-0.040923,-0.49181,-0.05972,0.034313,-0.50861,-0.027909,-0.094837,-0.88194,-0.035052,0.042192,-0.8747,-0.00439
0.029754,0.86947,-0.048998,-0.0056291,0.65997,-0.008481,-0.15843,0.56732,-0.046438,0.15228,0.55147,-0.009772,-0.33209,0.28603,-0.057588,0.28228,0.32562,-0.023583,-0.50729,0.13617,-0.24118,0.45784,0.11379,-0.14999,-0.0034798,0.3004,0.005922,0,0.22355,0,-0.063561,0.15379,-0.014416,0.063589,0.14928,0.013531,-0.069651,-0.51097,-0.068019,0.04421,-0.51598,-0.02416,-0.10964,-0.94914,-0.017828,0.05673,-0.93607,-0.010396
0.027335,0.83793,-0.038063,-0.0038273,0.64321,-0.003938,-0.1899,0.52613,-0.028778,0.15408,0.53472,-0.005229,-0.32792,0.25751,-0.0726,0.28228,0.30903,-0.025986,-0.49602,0.11469,-0.24993,0.45217,0.070129,-0.19394,-0.0018822,0.28244,0.006404,0,0.21099,0,-0.066674,0.13305,-0.013649,0.067225,0.12911,0.008899,-0.081638,-0.53056,-0.081814,0.054957,-0.53639,-0.027209,-0.11125,-0.95067,-0.012115,0.058536,-0.94096,-0.009922
0.023965,0.77933,-0.026152,-0.010529,0.58728,0.005299,-0.14153,0.46863,-0.041701,0.14738,0.47879,0.004009,-0.34414,0.20716,-0.081511,0.28284,0.2752,-0.016587,-0.49548,0.081236,-0.24099,0.4468,0.032403,-0.18486,-0.0034796,0.22506,0.009001,0,0.15326,0,-0.053373,0.081985,-0.025231,0.05672,0.09121,0.01881,-0.093918,-0.53762,-0.077398,0.052964,-0.55427,-0.028394,-0.12053,-0.94822,0.004265,0.051903,-0.95095,0.019647
0.028908,0.71633,0.005164,-0.0070621,0.52605,0.010774,-0.16169,0.41311,-0.025376,0.15085,0.41756,0.009483,-0.33972,0.14798,-0.074861,0.30206,0.1361,-0.031562,-0.49382,0.012156,-0.25968,0.45026,-0.021106,-0.19126,-0.0025553,0.17343,0.011347,0,0.10382,0,-0.061698,0.018745,-0.023843,0.064148,0.042362,0.015183,-0.09273,-0.54604,-0.095431,0.070142,-0.55613,-0.067447,-0.10921,-0.93537,0.023951,0.066371,-0.94844,0.057207
0.027101,0.68347,0.01862,-0.012679,0.47797,0.021163,-0.17067,0.3981,-0.015169,0.14523,0.36948,0.019873,-0.31796,0.1876,-0.035708,0.2964,0.10941,-0.029645,-0.4903,-0.012957,-0.24905,0.44323,-0.048016,-0.19134,-0.003518,0.1531,0.014565,0,0.088004,0,-0.061389,0.014375,-0.020353,0.064966,0.0064402,0.00324,-0.080924,-0.55305,-0.10416,0.063662,-0.5687,-0.071771,-0.10139,-0.97118,0.06458,0.033988,-0.96206,0.055718
0.015813,0.65404,0.026211,-0.014693,0.45438,0.023353,-0.20036,0.34522,0.013157,0.14322,0.34589,0.022063,-0.32735,0.13312,-0.039211,0.28557,0.1063,-0.027067,-0.493,-0.040971,-0.24799,0.45141,-0.10605,-0.193,-0.0025651,0.092061,0.01803,0,0.023493,0,-0.06993,-0.054968,-0.025773,0.074779,-0.057853,0.011486,-0.076182,-0.573,-0.12142,0.06117,-0.56771,-0.095218,-0.10733,-0.97396,0.059936,0.022624,-0.96777,0.054037
0.0027281,0.63102,0.013779,-0.025916,0.43621,0.019923,-0.17405,0.29132,-0.033045,0.13199,0.32772,0.018633,-0.35249,0.073778,-0.07805,0.26196,0.027097,-0.030459,-0.49131,-0.066666,-0.23673,0.44401,-0.10631,-0.19399,-0.0081174,0.058181,0.018647,0,-0.018026,0,-0.063678,-0.093035,-0.029253,0.070605,-0.082033,0.015654,-0.085869,-0.57734,-0.12783,0.044671,-0.57218,-0.12039,-0.09769,-0.97281,0.043806,0.01054,-0.9704,0.034302
0.0061428,0.63283,0.016711,-0.02304,0.43604,0.02095,-0.16889,0.29648,-0.031689,0.13487,0.32755,0.019659,-0.35481,0.057161,-0.092562,0.26494,0.027139,-0.029253,-0.50685,-0.080587,-0.26706,0.44961,-0.10667,-0.18749,-0.0070266,0.060402,0.020726,0,-0.012932,0,-0.063607,-0.08406,-0.026405,0.069681,-0.078614,0.014014,-0.084761,-0.57264,-0.12704,0.046323,-0.57086,-0.11657,-0.092164,-0.97464,0.042581,0.013172,-0.97119,0.035103
0.0067458,0.64904,0.015487,-0.024685,0.45332,0.018644,-0.16397,0.30438,-0.040711,0.13322,0.34483,0.017353,-0.3598,0.058612,-0.10122,0.27233,0.051704,-0.018904,-0.51988,-0.050421,-0.26498,0.45522,-0.057926,-0.15316,-0.0079654,0.066606,0.021661,0,-0.0080641,0,-0.064355,-0.076036,-0.023595,0.070323,-0.075447,0.01322,-0.096581,-0.56046,-0.11767,0.065296,-0.56027,-0.084717,-0.092017,-0.9717,0.043617,0.015469,-0.96998,0.038834
0.0069262,0.71291,0.003886,-0.027421,0.52723,0.016404,-0.17275,0.40873,-0.027744,0.13049,0.41874,0.015113,-0.34252,0.12626,-0.086593,0.29449,0.13122,-0.013368,-0.50552,-0.005031,-0.23837,0.46751,-0.023089,-0.1058,-0.0076663,0.16124,0.022148,0,0.09015,0,-0.06671,0.017126,-0.027252,0.075656,0.020563,0.017249,-0.10468,-0.53826,-0.093018,0.076811,-0.5598,-0.040572,-0.087294,-0.96301,0.042554,0.030044,-0.96972,0.040175
0.0006593,0.78179,0.000812,-0.022576,0.58562,0.025049,-0.19799,0.45001,-0.012612,0.13533,0.47713,0.023758,-0.33984,0.21181,-0.063917,0.2994,0.18971,-0.011772,-0.49319,0.063646,-0.21829,0.46835,0.018349,-0.070253,-0.0063336,0.20748,0.025184,0,0.13315,0,-0.068495,0.050269,-0.026693,0.077319,0.052074,0.014542,-0.10677,-0.52497,-0.069781,0.083725,-0.54726,-0.000917,-0.11142,-0.92998,0.027842,0.058333,-0.95333,0.042557
0.011598,0.82507,-0.023432,-0.013205,0.63759,0.011427,-0.18341,0.54543,-0.024641,0.1447,0.5291,0.010137,-0.34232,0.25512,-0.060915,0.30364,0.23884,-0.008071,-0.49302,0.074183,-0.23043,0.47613,0.04188,-0.083048,-0.0048414,0.26293,0.023225,0,0.18976,0,-0.064658,0.10876,-0.024278,0.069193,0.11692,0.015457,-0.089065,-0.54177,-0.030014,0.087013,-0.54112,-0.005714,-0.10591,-0.93671,0.014408,0.078244,-0.90276,0.007364
0.0072152,0.84943,-0.031029,-0.010435,0.66208,0.006665,-0.18662,0.5644,-0.024159,0.14747,0.55359,0.005374,-0.34198,0.27692,-0.055558,0.29917,0.25962,-0.009877,-0.50969,0.12169,-0.22992,0.4897,0.10955,-0.05653,-0.0039892,0.27799,0.022337,0,0.20291,0,-0.065818,0.12582,-0.021113,0.069431,0.12546,0.014206,-0.068568,-0.48322,-0.058001,0.065466,-0.50918,-0.009787,-0.10387,-0.87422,-0.003429,0.052649,-0.87702,0.020822
0.007359,0.85828,-0.048232,-0.017286,0.67712,-0.002278,-0.17861,0.57521,-0.038268,0.14062,0.56863,-0.003568,-0.34104,0.28697,-0.055435,0.30413,0.2818,-0.007588,-0.50123,0.16199,-0.2151,0.48114,0.11756,-0.061383,-0.0052721,0.29041,0.019493,0,0.21462,0,-0.062596,0.14503,-0.017552,0.068481,0.14241,0.017305,-0.044194,-0.38282,-0.095019,0.043823,-0.44758,-0.044306,-0.066342,-0.82589,0.008861,0.015499,-0.81652,0.043181
0.008944,0.8704,-0.06071,-0.011479,0.68267,-0.012331,-0.17853,0.60058,-0.039671,0.14643,0.57418,-0.013622,-0.33138,0.3079,-0.044048,0.30817,0.28637,-0.017479,-0.50154,0.16281,-0.22431,0.49627,0.13783,-0.080926,-0.0029827,0.31044,0.014851,0,0.23778,0,-0.064596,0.16126,-0.019534,0.069179,0.15718,0.018361,-0.038684,-0.38143,-0.10396,0.046761,-0.44602,-0.051606,-0.057701,-0.81663,0.001799,0.016459,-0.81182,0.035564
0.0078936,0.88343,-0.067948,-0.019545,0.69677,-0.018845,-0.17736,0.60059,-0.042165,0.13836,0.58828,-0.020136,-0.33239,0.3091,-0.046259,0.30593,0.30352,-0.028021,-0.50148,0.16444,-0.22713,0.48711,0.14635,-0.090553,-0.0037381,0.31456,0.012704,0,0.23978,0,-0.063703,0.16455,-0.019856,0.067594,0.16251,0.021552,-0.035352,-0.38007,-0.1046,0.043769,-0.44675,-0.05012,-0.05438,-0.81391,-0.000695,0.011691,-0.8117,0.037116
0.0088378,0.88608,-0.073365,-0.018865,0.69751,-0.020667,-0.17813,0.6077,-0.03951,0.13904,0.58902,-0.021958,-0.3329,0.31579,-0.047611,0.30583,0.30349,-0.034987,-0.50039,0.16499,-0.22744,0.48544,0.14715,-0.10541,-0.0035586,0.31681,0.010491,0,0.24167,0,-0.063265,0.16669,-0.020602,0.067445,0.16398,0.023225,0.013787,-0.3512,-0.1041,0.037025,-0.46502,-0.03847,-0.047537,-0.80102,-0.032991,-0.0031915,-0.85379,0.075027
0.011495,0.87287,-0.068811,-0.019035,0.63774,-0.016731,-0.17407,0.60865,-0.040987,0.13887,0.52925,-0.018022,-0.33399,0.31902,-0.059056,0.33001,0.25925,-0.034924,-0.49616,0.15573,-0.23421,0.51892,0.13047,-0.13626,-0.0046017,0.30508,0.00924,0,0.23489,0,-0.062619,0.16193,-0.020736,0.066368,0.15242,0.022933,-0.040902,-0.46137,-0.077221,0.046685,-0.50805,-0.019893,-0.10093,-0.85819,-0.025622,0.012739,-0.87346,0.000656
0.010361,0.8758,-0.06641,-0.019494,0.67752,-0.016204,-0.17421,0.60845,-0.039083,0.13842,0.56903,-0.017495,-0.32974,0.3163,-0.061382,0.26965,0.2913,-0.043985,-0.4972,0.1363,-0.24615,0.46312,0.15338,-0.1166,-0.0042152,0.30503,0.008001,0,0.2341,0,-0.062188,0.16097,-0.020788,0.066274,0.15248,0.022707,-0.064466,-0.39581,-0.085835,0.033276,-0.51211,-0.008112,-0.10812,-0.85382,-0.048563,0.048291,-0.91599,-0.000339
0.0070998,0.84465,-0.052863,-0.014567,0.66784,-0.010973,-0.16485,0.5538,-0.04834,0.14334,0.55935,-0.012264,-0.33284,0.27174,-0.06047,0.26515,0.35417,0.013766,-0.49219,0.10664,-0.25595,0.42772,0.11274,-0.15813,-0.0041231,0.29982,0.007694,0,0.2271,0,-0.060551,0.15088,-0.021811,0.065185,0.15018,0.022222,-0.07797,-0.51344,-0.074008,0.062325,-0.51507,-0.014218,-0.11871,-0.94486,-0.029996,0.041052,-0.95571,0.00721
0.016852,0.80045,-0.01951,-0.015607,0.61298,-0.00093,-0.18149,0.55247,-0.01457,0.1423,0.50449,-0.002221,-0.33535,0.26029,-0.06581,0.301,0.21398,-0.029453,-0.48484,0.073828,-0.23583,0.44783,0.065469,-0.1712,-0.0032396,0.27462,0.008999,0,0.20615,0,-0.057823,0.13078,-0.019008,0.061515,0.12653,0.013114,-0.075335,-0.53358,-0.070253,0.067093,-0.53899,-0.01117,-0.11252,-0.95919,8.8e-05,0.044926,-0.96216,0.018109
0.0041489,0.74848,-0.020744,-0.011268,0.55626,0.004322,-0.19143,0.50242,-0.008119,0.14664,0.44777,0.003032,-0.31992,0.19775,-0.05245,0.30699,0.15857,-0.040898,-0.48294,0.0079622,-0.25742,0.44421,0.0009838,-0.18248,-0.0024119,0.20764,0.011045,0,0.13865,0,-0.061814,0.047005,-0.024142,0.06615,0.069592,0.016991,-0.070981,-0.54626,-0.083845,0.079555,-0.5621,-0.029999,-0.12887,-0.932,0.028418,0.049396,-0.96069,0.050036
0.014194,0.6908,0.009506,0.0047611,0.50158,0.019738,-0.15326,0.40287,-0.009771,0.16267,0.39309,0.018447,-0.32012,0.12505,-0.10532,0.30046,0.10572,-0.035041,-0.4726,-0.023581,-0.25735,0.45655,-0.040077,-0.18857,-0.0006027,0.14403,0.015603,0,0.073957,0,-0.06764,0.00055709,-0.029958,0.066011,-0.003217,0.018005,-0.07336,-0.56322,-0.089782,0.092116,-0.569,-0.044163,-0.11611,-0.93762,0.041154,0.051533,-0.95735,0.053822
0.015099,0.67119,0.01371,2.34e-05,0.46059,0.027916,-0.17168,0.35337,-0.003062,0.15793,0.3521,0.026626,-0.26895,0.083309,-0.031939,0.31826,0.065863,-0.045726,-0.46902,-0.040279,-0.25287,0.47139,-0.10845,-0.21681,-0.0011082,0.13037,0.018964,0,0.064495,0,-0.068723,-0.01301,-0.031175,0.069321,-0.01389,0.016656,-0.064454,-0.57135,-0.11046,0.059956,-0.55604,-0.088917,-0.088727,-0.96226,0.043059,0.040873,-0.96239,0.056484
-0.0056142,0.64224,0.005128,-0.020676,0.45377,0.020459,-0.1983,0.34326,-0.006063,0.13723,0.34528,0.019169,-0.28805,0.083758,-0.03806,0.27811,0.048389,-0.049106,-0.49304,-0.076561,-0.25698,0.43904,-0.10081,-0.17692,-0.005546,0.088456,0.019543,0,0.017288,0,-0.067753,-0.063996,-0.025924,0.075184,-0.060391,0.013552,-0.081775,-0.57589,-0.12366,0.043279,-0.56037,-0.098264,-0.1092,-0.9624,0.03675,-0.0046742,-0.9688,0.052881
-0.0057602,0.6421,0.004924,-0.021296,0.45346,0.021503,-0.1944,0.32353,-0.013335,0.13661,0.34497,0.020213,-0.33834,0.065526,-0.092797,0.27255,0.045448,-0.045586,-0.4966,-0.059475,-0.24568,0.45589,-0.10927,-0.18547,-0.0060991,0.088425,0.021219,0,0.017519,0,-0.067657,-0.06326,-0.02613,0.074993,-0.05952,0.013742,-0.087172,-0.57386,-0.12406,0.045225,-0.55773,-0.097867,-0.1093,-0.96247,0.036559,-0.0037313,-0.96528,0.047062
-0.0025407,0.66736,0.013875,-0.023846,0.48615,0.019587,-0.15925,0.35865,-0.033918,0.13406,0.37766,0.018296,-0.34009,0.083941,-0.099855,0.2919,0.086726,-0.01702,-0.49828,-0.046961,-0.24723,0.45945,-0.066044,-0.12331,-0.0076616,0.089439,0.022306,0,0.017143,0,-0.068005,-0.058649,-0.021401,0.070255,-0.055814,0.009284,-0.096655,-0.56292,-0.1184,0.058699,-0.54747,-0.067659,-0.10749,-0.96256,0.036769,0.015789,-0.9382,0.038474
-0.0003068,0.73463,0.0118,-0.020082,0.54466,0.017674,-0.17198,0.4074,-0.026228,0.13783,0.43617,0.016384,-0.35927,0.13678,-0.090062,0.29234,0.14368,0.001502,-0.50814,-0.0036537,-0.23845,0.46031,-0.020657,-0.080984,-0.0063732,0.17221,0.023261,0,0.099882,0,-0.067539,0.023655,-0.027665,0.07415,0.029677,0.017152,-0.11837,-0.56751,-0.063074,0.067162,-0.55264,-0.005203,-0.12092,-0.95446,0.045508,0.02537,-0.94775,0.053116
0.0096621,0.79585,-0.002906,-0.01496,0.61295,0.012902,-0.17359,0.49706,-0.013823,0.14295,0.50446,0.011611,-0.34361,0.21587,-0.081967,0.29622,0.21218,0.009483,-0.48844,0.055984,-0.21167,0.46528,0.016665,-0.071926,-0.0043665,0.22679,0.022981,0,0.15131,0,-0.063892,0.07931,-0.01771,0.068594,0.078203,0.009172,-0.11027,-0.55683,-0.027969,0.071018,-0.55848,0.012994,-0.12808,-0.91233,0.016246,0.0331,-0.94644,0.044987
0.017844,0.83956,-0.021701,-0.0072363,0.6469,0.007792,-0.15889,0.52603,-0.028431,0.15067,0.5384,0.006501,-0.32353,0.27771,-0.042924,0.27398,0.2629,0.032355,-0.48309,0.10293,-0.20201,0.45891,0.092577,-0.043449,-0.0038611,0.25701,0.021906,0,0.18067,0,-0.062012,0.10891,-0.018156,0.063517,0.11256,0.012225,-0.10043,-0.54385,-0.028157,0.068283,-0.53598,0.017337,-0.11591,-0.9091,0.007911,0.038022,-0.91561,0.02423
0.010154,0.85796,-0.032457,-0.012121,0.67938,0.002286,-0.17796,0.59148,-0.020799,0.14579,0.57089,0.000995,-0.3232,0.29433,-0.034449,0.27597,0.32416,0.05299,-0.49353,0.1186,-0.20525,0.44438,0.15623,-0.01885,-0.0036733,0.32417,0.020354,0,0.25269,0,-0.060777,0.17483,-0.022464,0.065144,0.17804,0.01667,-0.068893,-0.45805,-0.050822,0.064471,-0.48739,0.008928,-0.13118,-0.83936,0.006364,0.042537,-0.88688,0.037293
0.015453,0.8736,-0.043037,-0.0142,0.68642,-0.006452,-0.17395,0.61352,-0.023308,0.14371,0.57793,-0.007743,-0.31033,0.31259,-0.029928,0.28927,0.33099,0.04837,-0.49882,0.15687,-0.20649,0.46195,0.16765,-0.024071,-0.00258,0.31922,0.017247,0,0.24406,0,-0.063215,0.16794,-0.010272,0.066721,0.17231,0.011574,-0.0582,-0.43755,-0.06316,0.048011,-0.44128,-0.024405,-0.09939,-0.81231,0.014895,0.017483,-0.84908,0.04609
0.011678,0.89164,-0.042153,-0.010522,0.70566,-0.014488,-0.16938,0.61836,-0.026547,0.14739,0.59717,-0.015778,-0.32771,0.32877,-0.028157,0.30033,0.33305,0.045918,-0.49827,0.16902,-0.20392,0.46805,0.16546,-0.028942,-0.0021594,0.32089,0.014062,0,0.24488,0,-0.06322,0.17087,-0.00873,0.066558,0.17326,0.011848,-0.054347,-0.39606,-0.082332,0.045851,-0.44854,-0.024666,-0.07526,-0.78839,0.025128,0.018505,-0.8115,0.039089
0.012181,0.90394,-0.052534,-0.010213,0.70994,-0.01777,-0.16819,0.61922,-0.028466,0.1477,0.60145,-0.01906,-0.32095,0.34981,-0.033921,0.27263,0.40756,0.057026,-0.49126,0.1816,-0.197,0.45048,0.19194,-0.036729,-0.0020161,0.32331,0.011668,0,0.24673,0,-0.063163,0.17343,-0.008116,0.066077,0.17587,0.011923,-0.049882,-0.40626,-0.071734,0.044888,-0.44585,-0.024771,-0.074413,-0.79056,0.019351,-0.0016144,-0.80915,0.049893
0.015543,0.90563,-0.050836,-0.0056351,0.66738,-0.013108,-0.16835,0.61883,-0.030857,0.15227,0.55889,-0.014398,-0.32345,0.34064,-0.038899,0.31331,0.31028,0.016946,-0.49278,0.18172,-0.19993,0.49366,0.15689,-0.059244,-0.0025527,0.32312,0.009371,0,0.2488,0,-0.062823,0.17618,-0.00993,0.065803,0.17583,0.013659,-0.041313,-0.45192,-0.041867,0.021466,-0.48743,-0.030603,-0.080792,-0.85095,0.005026,-0.0031452,-0.84933,0.057559
0.020985,0.90053,-0.052564,-0.0052266,0.66249,-0.01588,-0.16587,0.61827,-0.03355,0.15268,0.554,-0.017171,-0.32321,0.32762,-0.041787,0.32908,0.27396,-0.035882,-0.51134,0.1539,-0.24059,0.5328,0.13866,-0.059143,-0.0021836,0.31273,0.008614,0,0.24169,0,-0.062977,0.17294,-0.009549,0.065428,0.16342,0.011943,-0.044118,-0.46969,-0.044999,0.017268,-0.50026,-0.005586,-0.052247,-0.89304,-0.003428,0.028268,-0.88687,0.040149
0.021124,0.88809,-0.048992,-0.0017924,0.68688,-0.012302,-0.16498,0.60668,-0.034517,0.15612,0.57838,-0.013592,-0.32991,0.3199,-0.04857,0.29252,0.2792,-0.002646,-0.50325,0.14969,-0.2411,0.46962,0.13268,-0.11635,-0.0023453,0.31054,0.006882,0,0.23562,0,-0.06357,0.16055,-0.009645,0.065023,0.16179,0.010951,-0.044586,-0.50458,-0.032762,0.024036,-0.5024,-0.001804,-0.071166,-0.90093,0.007264,0.026092,-0.90117,0.04133
0.03371,0.84979,-0.025233,0.0030271,0.67466,0.000471,-0.1615,0.551,-0.03469,0.16094,0.56616,-0.00082,-0.33286,0.26768,-0.06531,0.29469,0.2699,-0.002486,-0.49656,0.11428,-0.25783,0.45557,0.11388,-0.11513,-0.0015945,0.29795,0.009229,0,0.22288,0,-0.064922,0.14975,-0.006045,0.064747,0.14743,0.002602,-0.051253,-0.51346,-0.044562,0.034154,-0.51732,-0.008166,-0.081619,-0.94703,0.02984,0.026193,-0.91114,0.042832
0.033658,0.80642,-0.025264,-0.0009021,0.61022,-0.001267,-0.14889,0.49092,-0.040287,0.15701,0.50173,-0.002558,-0.32313,0.22758,-0.055156,0.29547,0.2081,-0.009945,-0.48337,0.089784,-0.23915,0.45766,0.051977,-0.13442,-0.0017422,0.23912,0.009899,0,0.16536,0,-0.064146,0.089908,-0.014418,0.064604,0.10361,0.010029,-0.076419,-0.5396,-0.053735,0.050684,-0.54615,-0.009641,-0.082842,-0.94133,0.038953,0.040368,-0.92416,0.065749
0.028481,0.74172,-0.008351,-0.007964,0.55307,-0.003495,-0.16537,0.43622,-0.035617,0.14994,0.44458,-0.004786,-0.33702,0.16631,-0.071159,0.30638,0.19005,-0.013982,-0.48688,0.029737,-0.26407,0.4534,0.016873,-0.1416,-0.002572,0.18156,0.00933,0,0.10766,0,-0.068148,0.034433,-0.022503,0.070799,0.032625,0.018916,-0.083315,-0.54687,-0.071402,0.064702,-0.55071,-0.027408,-0.093768,-0.94141,0.074706,0.044834,-0.93083,0.075678
0.039542,0.6938,0.010431,-0.002739,0.50344,0.008972,-0.21499,0.39943,-0.013033,0.15517,0.39495,0.007681,-0.33072,0.1652,-0.069933,0.2902,0.099851,-0.020612,-0.47924,-0.0042462,-0.264,0.46225,-0.036679,-0.17002,-0.0017973,0.16782,0.011488,0,0.098271,0,-0.079157,0.011922,-0.02506,0.070689,0.010324,0.014918,-0.078335,-0.55371,-0.073061,0.076563,-0.55733,-0.028492,-0.085884,-0.94178,0.077465,0.036924,-0.93515,0.087879
0.0071083,0.65047,0.005871,-0.016926,0.4514,0.01863,-0.17473,0.34062,-0.024699,0.14098,0.34291,0.017339,-0.32348,0.061056,-0.067841,0.25669,0.099867,-0.004544,-0.49937,-0.033187,-0.27232,0.43512,-0.053889,-0.16648,-0.0048918,0.10725,0.015823,0,0.04002,0,-0.059656,-0.040232,-0.039092,0.066162,-0.037871,0.026447,-0.091471,-0.55995,-0.08902,0.052136,-0.55713,-0.045172,-0.08275,-0.97637,0.089206,0.010336,-0.93713,0.083428
-0.0001048,0.63691,0.00065,-0.024006,0.44503,0.020804,-0.18475,0.31912,-0.028162,0.1339,0.33653,0.019513,-0.34481,0.044338,-0.081983,0.29132,0.045484,-0.020993,-0.50677,-0.051928,-0.27157,0.44717,-0.11323,-0.13735,-0.0071222,0.070897,0.018284,0,-0.0050882,0,-0.064918,-0.081139,-0.014411,0.073113,-0.075848,0.002264,-0.085231,-0.56609,-0.10763,0.031289,-0.56126,-0.078713,-0.09246,-0.97515,0.084853,-0.0025241,-0.98718,0.076156
-0.0012251,0.63288,-0.000348,-0.023338,0.4382,0.012764,-0.16133,0.29093,-0.04451,0.13457,0.32971,0.011473,-0.35278,0.088363,-0.089345,0.29035,0.069639,0.029171,-0.50199,-0.056197,-0.26405,0.42186,-0.086045,-0.12064,-0.0078234,0.066556,0.017881,0,-0.0079226,0,-0.063888,-0.082253,-0.015032,0.07176,-0.077214,0.004747,-0.080826,-0.57025,-0.10572,0.034431,-0.56296,-0.076117,-0.10117,-0.97731,0.089678,0.0074429,-0.94449,0.065467
-0.0002859,0.63967,0.004225,-0.023884,0.44863,0.00947,-0.18112,0.31017,-0.033599,0.13403,0.34014,0.008179,-0.34369,0.08207,-0.098929,0.28629,0.075392,0.019528,-0.50017,-0.055976,-0.26254,0.44611,-0.073593,-0.10503,-0.0067488,0.069191,0.01822,0,-0.0057306,0,-0.065189,-0.080582,-0.013598,0.072534,-0.074387,0.003881,-0.081714,-0.56708,-0.09708,0.043743,-0.56327,-0.054062,-0.095064,-0.97774,0.092238,-0.0033522,-0.95041,0.088913
0.021773,0.69466,0.010917,-0.008343,0.50386,0.010771,-0.15106,0.39872,-0.028379,0.14957,0.39537,0.00948,-0.32189,0.11801,-0.097509,0.29756,0.10776,0.032181,-0.47398,-0.028129,-0.23747,0.47753,-0.03717,-0.062827,-0.0041024,0.10631,0.0185,0,0.028432,0,-0.070975,-0.029735,-0.013319,0.072481,-0.047532,0.005417,-0.090094,-0.55249,-0.05664,0.078339,-0.55284,-0.020908,-0.08209,-0.93525,0.098945,0.017893,-0.94679,0.10157
0.023786,0.7491,0.002339,-0.01453,0.5709,0.008765,-0.15013,0.41425,-0.032921,0.14338,0.46241,0.007474,-0.31774,0.21992,-0.049185,0.29413,0.17557,0.047771,-0.47968,-0.0077209,-0.21803,0.46335,-0.01593,-0.052092,-0.0049637,0.15843,0.018442,0,0.075909,0,-0.062602,0.014498,-0.004315,0.066168,0.0058353,-0.002232,-0.085266,-0.54553,-0.041661,0.084397,-0.5466,0.014304,-0.090518,-0.92678,0.096397,0.024275,-0.93731,0.10201
0.029721,0.80822,-0.012694,-0.0015683,0.62162,0.001407,-0.14404,0.50523,-0.032254,0.15634,0.51313,0.000116,-0.30927,0.22537,-0.031947,0.2952,0.22206,0.047509,-0.47183,0.026784,-0.1957,0.47995,0.013188,-0.036613,-0.002349,0.21536,0.016855,0,0.13487,0,-0.066951,0.07112,-0.02284,0.067406,0.057591,0.018298,-0.082171,-0.5314,-0.026402,0.086629,-0.53845,0.025294,-0.093672,-0.90973,0.076839,0.046418,-0.92053,0.093959
0.027772,0.83595,-0.047932,-0.0041499,0.64478,-0.006201,-0.17016,0.58442,-0.021929,0.15376,0.53629,-0.007491,-0.30112,0.28113,-0.026183,0.2929,0.27005,0.065777,-0.46165,0.090022,-0.1632,0.45174,0.091153,-0.021258,-0.0017256,0.28701,0.014068,0,0.21384,0,-0.063326,0.14598,-0.020815,0.065104,0.12789,0.018961,-0.057227,-0.51513,-0.027669,0.071931,-0.5358,0.018409,-0.083536,-0.89977,0.057876,0.040789,-0.90296,0.071569
0.022416,0.8547,-0.055122,-0.01427,0.67897,-0.014267,-0.16376,0.58238,-0.042694,0.14364,0.57048,-0.015558,-0.32524,0.32869,-0.044341,0.30805,0.31365,0.049688,-0.47652,0.098658,-0.16267,0.48209,0.052114,-0.069548,-0.004087,0.31726,0.011178,0,0.24652,0,-0.059382,0.16991,-0.020577,0.063739,0.1858,0.021168,-0.048138,-0.43023,-0.081498,0.050274,-0.47842,-0.026097,-0.069864,-0.8314,0.016571,0.020312,-0.82645,0.026175
0.028711,0.88343,-0.096369,-0.014113,0.68872,-0.021749,-0.16169,0.61188,-0.054285,0.1438,0.58023,-0.02304,-0.30302,0.40059,-0.03222,0.30141,0.34107,0.1153,-0.471,0.13977,-0.16255,0.46443,0.092344,-0.044815,-0.0041641,0.32265,0.008591,0,0.25032,0,-0.060211,0.17735,-0.018434,0.063623,0.18584,0.020497,-0.031474,-0.38357,-0.10338,0.048361,-0.47823,-0.028693,-0.064716,-0.81502,0.00289,0.016104,-0.8177,0.019261
0.025963,0.88266,-0.096628,-0.013489,0.69129,-0.028161,-0.15668,0.60624,-0.06344,0.14442,0.5828,-0.029452,-0.30347,0.4091,-0.030269,0.3038,0.33532,0.017771,-0.4798,0.15458,-0.16216,0.45625,0.14892,-0.040678,-0.0039744,0.32673,0.006175,0,0.25411,0,-0.059363,0.18191,-0.016838,0.063109,0.18818,0.020716,-0.029495,-0.3783,-0.10919,0.043746,-0.46362,-0.041402,-0.065984,-0.80877,-0.011614,0.010251,-0.80157,0.000436
0.023101,0.88292,-0.10067,-0.01526,0.69197,-0.027899,-0.15804,0.60445,-0.065544,0.14265,0.58348,-0.02919,-0.32892,0.36286,-0.027878,0.3154,0.30497,-0.009117,-0.49523,0.14003,-0.17308,0.47109,0.12619,-0.084545,-0.004186,0.32844,0.004712,0,0.25588,0,-0.058084,0.18489,-0.018264,0.062803,0.18802,0.021826,-0.038835,-0.4035,-0.10226,0.048251,-0.43442,-0.052691,-0.067536,-0.80202,-0.030214,0.0061029,-0.81487,-0.016846
0.021426,0.88467,-0.099882,-0.020353,0.6932,-0.02639,-0.15679,0.59828,-0.073406,0.13756,0.58471,-0.02768,-0.32771,0.36195,-0.025567,0.30249,0.29761,-0.046607,-0.51055,0.13224,-0.18621,0.47456,0.126,-0.090523,-0.0050519,0.32698,0.004097,0,0.25359,0,-0.056325,0.18381,-0.018901,0.062511,0.18502,0.021645,-0.044669,-0.43338,-0.10188,0.050027,-0.4784,-0.038556,-0.087962,-0.84154,-0.058038,0.0035659,-0.85402,-0.021879
0.01914,0.87738,-0.090246,-0.023694,0.68832,-0.024476,-0.15591,0.59361,-0.072381,0.13422,0.57983,-0.025766,-0.32446,0.37123,-0.036374,0.28638,0.32339,-0.024533,-0.4975,0.13181,-0.20049,0.44737,0.14825,-0.096656,-0.0052973,0.32629,0.003209,0,0.25356,0,-0.05471,0.18338,-0.021125,0.061786,0.1851,0.022604,-0.066759,-0.37578,-0.11317,0.045123,-0.47857,-0.032317,-0.095354,-0.83465,-0.072784,0.021134,-0.90973,-0.037379
0.022281,0.86332,-0.063163,-0.013921,0.68047,0.000971,-0.14772,0.57002,-0.055789,0.14399,0.57198,-0.000319,-0.3058,0.39374,-0.021525,0.29517,0.27733,-0.021865,-0.4726,0.14707,-0.18086,0.44062,0.10026,-0.12958,-0.0036841,0.27603,0.007755,0,0.19787,0,-0.059995,0.13644,-0.013069,0.063001,0.1245,0.008158,-0.074249,-0.38839,-0.092205,0.051311,-0.54045,-0.015093,-0.095197,-0.84822,-0.055413,0.033966,-0.92413,-0.008635
0.019713,0.82473,-0.051842,-0.018456,0.63274,-0.008658,-0.15675,0.53224,-0.047088,0.13945,0.52424,-0.009949,-0.30699,0.34402,-0.031133,0.27608,0.28535,-0.0111,-0.4731,0.10805,-0.20799,0.44418,0.085968,-0.13726,-0.003294,0.27495,0.006739,0,0.19785,0,-0.058805,0.13074,-0.022685,0.062907,0.12469,0.010774,-0.069954,-0.53156,-0.097321,0.065226,-0.53994,-0.029547,-0.093696,-0.96148,-0.024237,0.042932,-0.95832,-0.003606
0.0064284,0.77655,-0.023975,-0.025022,0.58487,0.014848,-0.18458,0.47534,-0.02141,0.13289,0.47638,0.013557,-0.35532,0.30111,-0.029154,0.27229,0.27597,0.003558,-0.489,0.06607,-0.21155,0.44333,0.033509,-0.15784,-0.0048434,0.22811,0.010065,0,0.16128,0,-0.056738,0.077796,-0.026919,0.065419,0.093641,0.014907,-0.089841,-0.57115,-0.097584,0.063667,-0.55544,-0.065667,-0.10207,-0.96923,0.007788,0.035619,-0.95877,0.012799
-0.0013058,0.71229,-0.002761,-0.023708,0.51809,0.036885,-0.16329,0.39293,-0.035064,0.1342,0.4096,0.035594,-0.35347,0.15544,-0.070218,0.29847,0.2283,-0.000369,-0.49969,-0.0014825,-0.24135,0.44679,-0.021538,-0.17355,-0.0074571,0.15299,0.018467,0,0.082349,0,-0.060225,0.0063683,-0.041068,0.068329,0.0093677,0.023578,-0.085105,-0.5739,-0.093128,0.072455,-0.56022,-0.064468,-0.10152,-0.9693,0.020739,0.026762,-0.96762,0.049332
0.011018,0.65841,-0.005989,-0.032288,0.46334,0.026376,-0.21883,0.38638,0.023576,0.12562,0.35485,0.025086,-0.35341,0.10253,-0.081551,0.29214,0.11229,-0.012159,-0.49822,-0.021461,-0.24936,0.45406,-0.046593,-0.17985,-0.0056507,0.14441,0.020138,0,0.078382,0,-0.072988,-0.0062375,-0.045835,0.07374,-0.000541,0.023816,-0.068103,-0.58021,-0.099524,0.074548,-0.57713,-0.070289,-0.086168,-0.97792,0.039565,0.029633,-0.96817,0.052955
0.0051357,0.65062,-0.004703,-0.031048,0.45383,0.032734,-0.19483,0.33588,0.0105,0.12686,0.34534,0.031443,-0.35087,0.08838,-0.078299,0.28112,0.062154,-0.037569,-0.50207,-0.037719,-0.24796,0.45011,-0.070577,-0.16911,-0.0057728,0.11375,0.023703,0,0.049726,0,-0.06616,-0.033428,-0.045641,0.074779,-0.031984,0.024605,-0.062439,-0.58198,-0.11038,0.064357,-0.55894,-0.082862,-0.088374,-0.97878,0.045179,0.01439,-0.96924,0.058194
0.0041489,0.64883,-0.003878,-0.029064,0.45087,0.031302,-0.19963,0.33706,0.010137,0.12884,0.34238,0.030011,-0.33165,0.07267,-0.070894,0.27574,0.06098,-0.024919,-0.50147,-0.038757,-0.24773,0.45303,-0.084335,-0.16125,-0.0056868,0.11226,0.025977,0,0.048391,0,-0.067194,-0.035287,-0.043696,0.075386,-0.032974,0.023563,-0.054861,-0.58188,-0.11739,0.064152,-0.54848,-0.086145,-0.082432,-0.97776,0.044348,0.011062,-0.96946,0.05646
0.0039192,0.65475,0.007913,-0.025953,0.4593,0.033409,-0.19562,0.35888,0.013606,0.15001,0.35743,0.043212,-0.32815,0.073503,-0.064322,0.27539,0.07492,-0.008817,-0.49826,-0.034159,-0.23465,0.47174,-0.08458,-0.13833,-0.006272,0.12241,0.028406,0,0.0589,0,-0.067519,-0.025628,-0.03923,0.076357,-0.021367,0.017631,-0.058636,-0.58174,-0.11199,0.075727,-0.57366,-0.075187,-0.079125,-0.97838,0.050497,0.013628,-0.97039,0.062219
0.0002535,0.70606,0.018046,-0.021175,0.52264,0.040138,-0.21079,0.41654,0.014104,0.15388,0.40717,0.049338,-0.3316,0.15417,-0.041136,0.32698,0.12481,0.02623,-0.50294,-0.025433,-0.21225,0.48382,-0.082601,-0.085293,-0.0064481,0.16845,0.031451,0,0.099974,0,-0.071593,0.01129,-0.035611,0.080411,0.014971,0.014325,-0.094909,-0.55469,-0.076931,0.082807,-0.55571,-0.040064,-0.079401,-0.97719,0.067234,0.026667,-0.96169,0.071538
0.012439,0.77528,0.010973,-0.022534,0.58246,0.038469,-0.16607,0.45276,-0.019004,0.14376,0.45515,0.030581,-0.34619,0.17481,-0.045582,0.30561,0.16727,0.027678,-0.49973,-0.0046345,-0.15986,0.46537,-0.01797,0.003521,-0.0085848,0.18875,0.033738,0,0.11611,0,-0.069001,0.044721,-0.038167,0.075732,0.048204,0.016558,-0.10929,-0.54798,-0.057332,0.080978,-0.53744,0.010269,-0.092446,-0.97463,0.068253,0.043687,-0.95557,0.068661
0.021551,0.82306,0.005977,-0.0059164,0.6358,0.032994,-0.1637,0.52147,-0.010599,0.16037,0.5085,0.025106,-0.33064,0.2357,-0.025895,0.30025,0.21039,0.032525,-0.48026,-0.0018482,-0.12257,0.45316,0.0018203,0.016764,-0.0046812,0.25277,0.034895,0,0.18024,0,-0.067279,0.1027,-0.031297,0.069273,0.10428,0.015369,-0.10758,-0.53119,-0.043373,0.083489,-0.53719,0.01743,-0.098904,-0.96755,0.058248,0.050202,-0.95173,0.067148
0.0086303,0.86948,-0.010066,-0.01428,0.66975,0.016948,-0.15824,0.57207,-0.017762,0.14272,0.56703,0.01681,-0.30754,0.27757,-0.020105,0.29254,0.27555,0.036434,-0.44915,0.064124,-0.069708,0.44622,0.023651,0.044205,-0.0057949,0.2768,0.032791,0,0.20154,0,-0.061791,0.13717,-0.020047,0.064078,0.13754,0.008842,-0.10366,-0.52658,-0.040975,0.084033,-0.52671,0.021718,-0.13746,-0.89229,-0.008424,0.063876,-0.89681,0.042949
