-0.00061344,0.77291,-0.18924,-0.013736,0.61257,-0.095365,-0.19266,0.52701,-0.076816,0.17939,0.54072,-0.031813,-0.32488,0.27019,-0.032609,0.29995,0.28506,0.0023576,-0.47422,0.094807,-0.17343,0.46805,0.11993,-0.10322,-0.0023167,0.27445,-0.014539,0,0.20671,0,-0.086172,0.11337,-0.00019614,0.092092,0.13249,0.032656,-0.040726,-0.48593,-0.070958,0.030457,-0.50565,-0.029154,-0.090889,-0.86683,-0.10251,0.022092,-0.90148,-0.079873
0.00678,0.76668,-0.18939,-0.0090961,0.60728,-0.0965,-0.18966,0.5224,-0.075825,0.18401,0.52898,-0.03728,-0.32098,0.26799,-0.028866,0.30313,0.27724,-0.013174,-0.46938,0.091395,-0.17549,0.46556,0.10606,-0.13306,-0.0014102,0.26438,-0.015916,0,0.19527,0,-0.085227,0.099769,-0.00047172,0.088544,0.12147,0.033968,-0.10511,-0.47878,-0.057621,0.046376,-0.39506,-0.033218,-0.087382,-0.92209,-0.11415,0.034742,-0.85051,-0.07165
0.014888,0.74536,-0.16977,-0.0022359,0.58301,-0.083643,-0.17584,0.48665,-0.074237,0.19026,0.50762,-0.027444,-0.31774,0.24651,-0.032299,0.31457,0.25144,-0.024435,-0.46047,0.077535,-0.18123,0.46614,0.085526,-0.16062,-0.00038052,0.23204,-0.014372,0,0.16117,0,-0.08354,0.063605,-0.0042563,0.084461,0.092253,0.031871,-0.056192,-0.54275,-0.057638,0.034664,-0.50722,-0.013164,-0.091595,-0.92717,-0.099043,0.016658,-0.96257,-0.047634
0.02304,0.71119,-0.13763,0.00012828,0.53907,-0.066647,-0.17824,0.45814,-0.056253,0.19287,0.45711,-0.0069297,-0.31682,0.21105,-0.034298,0.31546,0.21852,-0.035602,-0.45626,0.037892,-0.198,0.47153,0.054299,-0.17264,-0.00020732,0.20236,-0.012566,0,0.13397,0,-0.084061,0.033835,-0.010254,0.083302,0.057874,0.03004,-0.05162,-0.55353,-0.049006,0.068478,-0.50104,0.0042347,-0.10012,-0.97113,-0.043633,0.023726,-0.9542,-0.0028343
0.015652,0.67347,-0.11596,-0.0084876,0.49193,-0.039707,-0.1887,0.40217,-0.035968,0.18178,0.40837,-0.0077104,-0.31889,0.14911,-0.044902,0.31888,0.15297,-0.053862,-0.45734,0.016558,-0.21076,0.47362,0.023159,-0.18736,-0.0015354,0.15156,-0.0079016,0,0.083376,0,-0.083589,-0.015087,-0.011935,0.086944,0.013153,0.022953,-0.042727,-0.56368,-0.060268,0.050077,-0.58228,-0.029167,-0.10659,-0.96717,-0.016758,0.00026175,-0.96362,0.030204
0.010531,0.62392,-0.094952,-0.019403,0.44734,-0.032015,-0.19299,0.34968,-0.035402,0.18367,0.37055,0.0084096,-0.32854,0.11253,-0.061632,0.30434,0.11053,-0.068751,-0.46074,-0.0063585,-0.22882,0.4723,-0.0082906,-0.19566,-0.0034381,0.10082,-0.0067503,0,0.031619,0,-0.08277,-0.056475,-0.013881,0.090985,-0.049365,0.021308,-0.02733,-0.57246,-0.090162,0.081031,-0.53216,-0.068207,-0.10385,-0.96719,-0.019142,0.0047272,-0.96954,0.00783
0.0046841,0.59427,-0.08249,-0.018984,0.41594,-0.027794,-0.19874,0.31806,-0.025051,0.17619,0.32132,0.019802,-0.33581,0.073364,-0.07363,0.31942,0.084286,-0.063789,-0.47376,-0.029112,-0.24746,0.48292,-0.027079,-0.20406,-0.0033293,0.073888,-0.0062599,0,0.0052699,0,-0.084351,-0.091936,-0.020973,0.092173,-0.07749,0.025895,-0.0093391,-0.56504,-0.1319,0.063525,-0.59894,-0.11244,-0.10033,-0.97037,-0.018105,0.0010057,-0.96749,0.012755
0.0052377,0.59049,-0.068378,-0.013841,0.41173,-0.022732,-0.18938,0.30212,-0.028417,0.17705,0.31699,0.024862,-0.3368,0.071081,-0.075466,0.32116,0.072982,-0.057271,-0.46496,-0.050938,-0.25598,0.48681,-0.041461,-0.19187,-0.0025038,0.065052,-0.0055273,0,-0.0051316,0,-0.084136,-0.096722,-0.020811,0.089591,-0.084459,0.023973,-0.015872,-0.56898,-0.14035,0.051187,-0.68537,-0.10723,-0.097767,-0.97386,-0.019999,-0.0056055,-0.98411,0.01049
0.0029669,0.59172,-0.060413,-0.012468,0.41018,-0.018323,-0.18587,0.29777,-0.027519,0.1784,0.3165,0.030699,-0.33771,0.070057,-0.07467,0.32105,0.071624,-0.047704,-0.46595,-0.050815,-0.25518,0.48584,-0.042771,-0.18354,-0.0023826,0.062778,-0.0049673,0,-0.0075762,0,-0.083747,-0.098799,-0.021923,0.088902,-0.0869,0.023414,-0.019835,-0.57216,-0.13878,0.10162,-0.56201,-0.10391,-0.09886,-0.97294,-0.021423,0.0055032,-0.99391,-0.021274
-0.006726,0.62719,-0.047243,-0.01243,0.44912,-0.0083233,-0.1975,0.32952,-0.014945,0.17908,0.34266,0.044799,-0.34263,0.074604,-0.078235,0.326,0.076261,-0.043983,-0.47128,-0.041471,-0.25572,0.50441,-0.041611,-0.15481,-0.0023637,0.08298,-0.0032628,0,0.010841,0,-0.084305,-0.081727,-0.023739,0.089307,-0.073614,0.022852,-0.043104,-0.57159,-0.11816,0.063943,-0.55295,-0.082114,-0.10043,-0.97326,-0.020882,-0.0055214,-0.96683,0.0033599
-0.006378,0.68516,-0.038061,-0.010967,0.50816,-0.0043877,-0.19434,0.38916,-0.015219,0.17745,0.40036,0.049841,-0.34985,0.12874,-0.082979,0.32336,0.14796,0.016579,-0.47956,0.0027058,-0.24662,0.48081,-0.001254,-0.092743,-0.0022226,0.13985,-0.0013112,0,0.066255,0,-0.082147,-0.021049,-0.023724,0.086436,-0.019238,0.019977,-0.084749,-0.56536,-0.070743,0.052516,-0.56435,-0.031064,-0.10585,-0.96778,-0.022983,-0.003228,-0.96563,0.0087097
-0.013314,0.7398,-0.047779,-0.011616,0.56178,-0.0028715,-0.19838,0.44905,-0.014205,0.17175,0.46222,0.046653,-0.35147,0.18689,-0.052892,0.30786,0.2023,0.028638,-0.47349,0.039497,-0.22283,0.47819,0.023207,-0.070917,-0.0024486,0.19451,-0.00018732,0,0.12117,0,-0.081164,0.03088,-0.025055,0.085716,0.038796,0.020707,-0.095644,-0.55173,-0.054382,0.045713,-0.54906,-0.018639,-0.11441,-0.9256,-0.057798,0.013925,-0.94121,-0.011703
-0.0090663,0.76392,-0.073338,-0.011505,0.59339,-0.022056,-0.19808,0.49025,-0.02464,0.17378,0.51466,0.033477,-0.33324,0.23938,-0.064213,0.31171,0.23995,0.029499,-0.47378,0.064836,-0.2169,0.48552,0.064447,-0.056567,-0.0022772,0.22901,-0.0038817,0,0.15697,0,-0.083287,0.063993,-0.01674,0.087598,0.083298,0.020898,-0.062777,-0.50807,-0.056281,0.048636,-0.54114,-0.026958,-0.10339,-0.89647,-0.052233,0.024237,-0.93978,-0.015915
-0.0017914,0.77588,-0.10288,-0.012206,0.60975,-0.042467,-0.19242,0.50958,-0.04079,0.17992,0.5244,0.016161,-0.33022,0.25272,-0.06825,0.3157,0.26565,0.018223,-0.4783,0.078041,-0.2199,0.49263,0.08032,-0.064183,-0.002637,0.26559,-0.0085528,0,0.19761,0,-0.084547,0.10991,-0.0068493,0.090955,0.11382,0.018254,-0.041397,-0.40192,-0.11276,0.067966,-0.41479,-0.084898,-0.10131,-0.77296,-0.0070219,0.01424,-0.79115,0.024705
0.0028911,0.7803,-0.12635,-0.017924,0.6136,-0.058325,-0.1986,0.51579,-0.045456,0.17943,0.53274,0.0078663,-0.33479,0.27134,-0.058108,0.31144,0.27622,0.011143,-0.48315,0.11138,-0.19676,0.49458,0.10124,-0.067916,-0.0038621,0.27814,-0.012069,0,0.21295,0,-0.087315,0.12025,-0.0052684,0.099203,0.13821,0.030356,-0.025865,-0.34592,-0.15166,0.08233,-0.32984,-0.12245,-0.07881,-0.7145,0.019725,-0.0027338,-0.73981,0.030868
0.005503,0.78246,-0.14967,-0.019008,0.6144,-0.075768,-0.19946,0.51799,-0.062012,0.17804,0.54274,-0.0077251,-0.33707,0.2747,-0.065094,0.30952,0.28263,-0.0022664,-0.48769,0.11137,-0.21025,0.49142,0.11406,-0.087847,-0.0038922,0.28976,-0.015331,0,0.22569,0,-0.088422,0.13718,0.002087,0.098488,0.14746,0.030037,-0.029506,-0.31852,-0.17753,0.074566,-0.31583,-0.13676,-0.080682,-0.6742,0.013739,0.011986,-0.72836,0.02004
0.0075055,0.78413,-0.15816,-0.018867,0.61694,-0.082746,-0.19936,0.525,-0.064508,0.17899,0.54266,-0.013843,-0.33675,0.27536,-0.062829,0.30794,0.28718,-0.0089324,-0.48892,0.11207,-0.21293,0.48783,0.12454,-0.10932,-0.0037212,0.29174,-0.016258,0,0.22691,0,-0.088845,0.13905,0.0022811,0.098174,0.14725,0.031818,-0.037579,-0.31858,-0.17432,0.078432,-0.3169,-0.13278,-0.082821,-0.67604,0.00086303,0.01186,-0.73489,0.0099141
0.0086339,0.78478,-0.16566,-0.017313,0.62356,-0.085574,-0.19787,0.53399,-0.066957,0.1793,0.54253,-0.020161,-0.33627,0.27681,-0.064707,0.30655,0.29011,-0.01848,-0.48889,0.11107,-0.21759,0.47782,0.13062,-0.12517,-0.0033044,0.29242,-0.016352,0,0.22627,0,-0.088871,0.13795,0.00079438,0.097027,0.14677,0.031823,-0.039329,-0.37191,-0.11571,0.073503,-0.3952,-0.056203,-0.098839,-0.72238,-0.042978,0.010023,-0.74611,0.012284
0.012032,0.78636,-0.16555,-0.01715,0.62556,-0.086558,-0.19523,0.53359,-0.070602,0.18126,0.5423,-0.02008,-0.33168,0.27835,-0.06195,0.30428,0.29138,-0.02557,-0.48053,0.11266,-0.20448,0.47389,0.12842,-0.14115,-0.0030896,0.28747,-0.01674,0,0.21843,0,-0.086999,0.13223,-0.0011994,0.094079,0.13652,0.031949,-0.033256,-0.42966,-0.092059,0.06277,-0.45984,-0.024706,-0.090403,-0.80013,-0.057082,0.030012,-0.85703,0.0031412
0.016755,0.7851,-0.1477,-0.014315,0.62087,-0.083225,-0.19111,0.53045,-0.069249,0.18535,0.53828,-0.014951,-0.32803,0.27396,-0.061915,0.30592,0.29113,-0.029364,-0.47285,0.10817,-0.20861,0.46839,0.12033,-0.15278,-0.0024376,0.26968,-0.015319,0,0.1981,0,-0.084446,0.11164,-0.0028951,0.089625,0.11346,0.02963,-0.052438,-0.50854,-0.076331,0.055785,-0.54629,-0.00054724,-0.084317,-0.9311,-0.078452,0.047973,-0.95316,-0.00012455
0.015532,0.77103,-0.13592,-0.0090553,0.6013,-0.066397,-0.18558,0.49332,-0.056622,0.18161,0.51876,-0.0065286,-0.32378,0.25315,-0.054603,0.30602,0.26652,-0.039191,-0.47007,0.082998,-0.21987,0.46522,0.084771,-0.18426,-0.0017078,0.24245,-0.012806,0,0.16997,0,-0.082963,0.08302,-0.0049869,0.086432,0.092699,0.025346,-0.054208,-0.51124,-0.078163,0.052499,-0.55404,-0.0032109,-0.08526,-0.92903,-0.03343,0.034313,-0.95263,0.024994
0.020703,0.73562,-0.085491,-0.01202,0.56031,-0.027731,-0.18255,0.46267,-0.040411,0.18817,0.46658,0.017215,-0.32647,0.20697,-0.056369,0.31015,0.21606,-0.042914,-0.47302,0.062273,-0.22357,0.46567,0.063259,-0.18326,-0.0021562,0.19903,-0.0067316,0,0.12636,0,-0.084699,0.039947,-0.019327,0.08962,0.037372,0.025392,-0.055057,-0.52358,-0.072951,0.050183,-0.5517,-0.0071641,-0.084062,-0.96161,0.0064178,0.018266,-0.95824,0.049712
0.0056091,0.68867,-0.066068,-0.022028,0.5088,-0.0088912,-0.20099,0.40573,-0.011133,0.1743,0.41191,0.022067,-0.34028,0.14708,-0.065376,0.31516,0.15348,-0.046885,-0.48124,0.00088116,-0.24374,0.46989,0.012856,-0.1957,-0.0036162,0.155,-0.002951,0,0.085172,0,-0.083332,-0.0085911,-0.02514,0.092028,0.0032413,0.023468,-0.055079,-0.53564,-0.073308,0.048223,-0.54994,-0.015305,-0.10721,-0.95953,0.023116,0.00037512,-0.97053,0.090981
-0.0045053,0.6507,-0.055938,-0.03275,0.46123,0.0044417,-0.2033,0.35624,-0.017736,0.17203,0.36359,0.03302,-0.34258,0.12807,-0.068941,0.29245,0.12318,-0.057544,-0.48862,-0.012054,-0.25288,0.46697,0.00051332,-0.20061,-0.0058826,0.10466,0.0010582,0,0.033552,0,-0.081678,-0.058835,-0.023044,0.094871,-0.046341,0.015631,-0.046306,-0.54909,-0.087268,0.038831,-0.59085,-0.044714,-0.10721,-0.95881,0.018335,-0.0065851,-0.96665,0.069507
-0.0027335,0.63501,-0.045221,-0.029218,0.45002,0.0038297,-0.20293,0.33809,-0.008595,0.17447,0.34762,0.038046,-0.34497,0.096835,-0.07253,0.31533,0.099011,-0.044682,-0.48048,-0.025712,-0.23413,0.47537,-0.028149,-0.17437,-0.0054478,0.096012,0.0024028,0,0.025323,0,-0.082664,-0.067413,-0.024878,0.093535,-0.05786,0.018312,-0.039528,-0.55734,-0.098205,0.052185,-0.53597,-0.086282,-0.10299,-0.96062,0.016593,-0.0018502,-0.96247,0.039344
-0.008461,0.62911,-0.042998,-0.02597,0.44477,0.0030893,-0.19697,0.3277,-0.01515,0.17599,0.3471,0.040989,-0.34852,0.095844,-0.074406,0.31645,0.097249,-0.043678,-0.484,-0.027733,-0.23517,0.47985,-0.033629,-0.16417,-0.0052931,0.092181,0.0035129,0,0.021836,0,-0.083011,-0.070456,-0.024981,0.093041,-0.060218,0.01818,-0.044552,-0.55739,-0.10305,0.054055,-0.60006,-0.061398,-0.10327,-0.96227,0.011929,-0.0045566,-0.96764,0.055059
-0.0082411,0.64615,-0.034155,-0.023735,0.47051,0.0012445,-0.19905,0.34478,-0.015893,0.17403,0.37338,0.041879,-0.35616,0.10844,-0.073067,0.32053,0.11553,-0.022721,-0.48999,-0.025176,-0.23763,0.48728,-0.025278,-0.12359,-0.0051176,0.10381,0.0042661,0,0.031568,0,-0.082445,-0.059138,-0.022384,0.092573,-0.049367,0.017558,-0.071981,-0.55448,-0.08221,0.055657,-0.55221,-0.028327,-0.10377,-0.95844,0.0077339,-0.0054722,-0.96666,0.051876
-0.01187,0.70613,-0.058016,-0.015016,0.5276,-0.006868,-0.19878,0.41612,-0.010299,0.17809,0.4266,0.037443,-0.3557,0.1431,-0.067673,0.33103,0.15384,0.00038934,-0.49801,0.013396,-0.22602,0.49461,-0.0051979,-0.096713,-0.0033596,0.16048,0.0028078,0,0.087226,0,-0.082586,-0.00051499,-0.021323,0.088521,0.00090039,0.018521,-0.087225,-0.55316,-0.045801,0.057736,-0.54798,-0.0092325,-0.10318,-0.95439,-6.3747e-05,0.0093792,-0.95808,0.038105
-0.0064865,0.74973,-0.083744,-0.016674,0.57078,-0.018057,-0.19543,0.47158,-0.0181,0.17551,0.47689,0.028456,-0.34393,0.19897,-0.041849,0.32054,0.21509,0.026047,-0.48509,0.060748,-0.20351,0.47651,0.049797,-0.063855,-0.003603,0.21142,0.00021282,0,0.13903,0,-0.082739,0.049475,-0.018844,0.08944,0.057508,0.02058,-0.082204,-0.54704,-0.044342,0.062112,-0.53915,0.0003256,-0.13151,-0.92016,-0.037276,0.03841,-0.91523,0.024036
-0.0085448,0.75274,-0.094621,-0.015694,0.57926,-0.029168,-0.19957,0.48311,-0.027259,0.17369,0.5052,0.014737,-0.34338,0.23068,-0.044323,0.31864,0.24075,0.024303,-0.48676,0.080436,-0.19169,0.48959,0.068866,-0.06105,-0.003121,0.23419,-0.0031393,0,0.16646,0,-0.083698,0.076645,-0.014433,0.089104,0.085259,0.02176,-0.045491,-0.48335,-0.064968,0.054245,-0.47599,-0.023122,-0.10115,-0.88366,-0.020332,0.015331,-0.86196,0.035738
-0.0041113,0.76655,-0.11606,-0.0208,0.59933,-0.046584,-0.19902,0.50228,-0.041634,0.1754,0.52223,-0.00049232,-0.33705,0.25238,-0.041798,0.3204,0.2624,0.011497,-0.48959,0.083582,-0.20478,0.49361,0.089485,-0.075552,-0.0041196,0.2594,-0.0061314,0,0.19111,0,-0.082743,0.098605,-0.007985,0.091769,0.11776,0.024537,-0.032696,-0.38293,-0.11649,0.071238,-0.42851,-0.049037,-0.10969,-0.77708,0.0078202,0.010988,-0.78865,0.069038
-0.001006,0.77564,-0.13163,-0.021254,0.60298,-0.058035,-0.1976,0.50538,-0.050705,0.17747,0.52583,-0.0084803,-0.33393,0.25969,-0.043654,0.32262,0.26762,0.0019683,-0.48625,0.10441,-0.19672,0.50283,0.10025,-0.095652,-0.0041835,0.26835,-0.0094002,0,0.2016,0,-0.084645,0.1111,-0.0035149,0.093815,0.12533,0.02533,-0.029415,-0.35621,-0.14753,0.089903,-0.34725,-0.1111,-0.097518,-0.71185,0.02804,0.0066527,-0.75297,0.053416
0.00011239,0.77735,-0.13877,-0.019921,0.60754,-0.064093,-0.19765,0.51041,-0.056157,0.17933,0.52928,-0.0097228,-0.3345,0.26253,-0.042372,0.31315,0.27015,-0.0046819,-0.49086,0.10142,-0.19939,0.49463,0.11127,-0.1057,-0.0037059,0.27594,-0.010184,0,0.20914,0,-0.086737,0.11822,-0.0035629,0.094726,0.13094,0.026002,-0.030773,-0.34567,-0.15877,0.088083,-0.34025,-0.11533,-0.095097,-0.7027,0.026592,0.019044,-0.6847,0.089574
0.0030952,0.77744,-0.1445,-0.014639,0.6118,-0.066843,-0.19715,0.51421,-0.059464,0.18007,0.52995,-0.01261,-0.33352,0.2633,-0.045696,0.30435,0.26357,-0.013347,-0.49004,0.10239,-0.20057,0.49026,0.11422,-0.11721,-0.0029211,0.27881,-0.010811,0,0.21178,0,-0.087875,0.12126,-0.0012347,0.094065,0.13294,0.025071,-0.039381,-0.34445,-0.15294,0.084947,-0.33772,-0.11776,-0.09014,-0.71246,0.022178,0.0022017,-0.7401,0.054127
0.0047737,0.78317,-0.14388,-0.012447,0.61471,-0.067467,-0.19711,0.5165,-0.062978,0.17907,0.53099,-0.012324,-0.3325,0.25995,-0.048799,0.30205,0.26749,-0.018557,-0.48863,0.099357,-0.2052,0.47874,0.11077,-0.13773,-0.0025961,0.27763,-0.01123,0,0.20981,0,-0.087591,0.11986,-0.001271,0.092771,0.13113,0.023965,-0.049134,-0.38734,-0.11338,0.079756,-0.38707,-0.057594,-0.098376,-0.772,0.013511,0.015338,-0.78932,0.057787
0.0068826,0.77555,-0.12774,-0.012716,0.61244,-0.063998,-0.19482,0.5147,-0.063548,0.17929,0.52635,-0.0087921,-0.32911,0.25399,-0.050223,0.30219,0.26642,-0.025759,-0.4631,0.092254,-0.18235,0.46945,0.098703,-0.15359,-0.0026347,0.26696,-0.010954,0,0.19667,0,-0.085421,0.11035,-0.0050085,0.089683,0.11432,0.025094,-0.052607,-0.45411,-0.093564,0.069614,-0.48516,-0.028793,-0.11489,-0.8583,-0.0057441,0.046715,-0.86987,0.046447
0.0091234,0.76378,-0.11417,-0.0040202,0.59155,-0.046627,-0.18665,0.49693,-0.052491,0.18065,0.50807,0.0048202,-0.32862,0.24422,-0.047919,0.30011,0.25458,-0.02518,-0.47364,0.056204,-0.22322,0.45709,0.075846,-0.17024,-0.0014424,0.24943,-0.0087823,0,0.18023,0,-0.085256,0.10067,-0.0076045,0.08687,0.091687,0.022851,-0.071864,-0.52031,-0.068169,0.071216,-0.52867,-0.015712,-0.12203,-0.9193,0.0046898,0.055132,-0.94062,0.032372
0.011008,0.73597,-0.088229,-0.0023064,0.57219,-0.02243,-0.18384,0.47866,-0.043799,0.18562,0.46371,0.024685,-0.32085,0.21709,-0.047601,0.30482,0.2077,-0.024128,-0.47292,0.049502,-0.22283,0.45777,0.040577,-0.18167,-0.00085509,0.21861,-0.004578,0,0.14636,0,-0.084824,0.068709,-0.021409,0.085339,0.044634,0.025912,-0.075166,-0.53427,-0.070091,0.073257,-0.53208,-0.018315,-0.11868,-0.95542,0.033604,0.059431,-0.93786,0.046006
0.0085701,0.68851,-0.050999,-0.01883,0.50921,-0.01148,-0.19763,0.40391,-0.02269,0.17996,0.4097,0.028405,-0.33315,0.15075,-0.043932,0.29826,0.15439,-0.033396,-0.48604,-0.00010795,-0.23646,0.44974,0.011653,-0.18455,-0.0034594,0.15157,-0.0023802,0,0.08007,0,-0.082978,-0.0082754,-0.02576,0.090734,-0.0083387,0.024741,-0.074825,-0.54096,-0.069371,0.074509,-0.55048,-0.026347,-0.11578,-0.95111,0.05313,0.030777,-0.96337,0.09662
0.0096479,0.64045,-0.036746,-0.022861,0.45548,0.0039748,-0.19252,0.35384,-0.013594,0.17816,0.35567,0.039422,-0.33532,0.11662,-0.055634,0.28463,0.099772,-0.026296,-0.48426,-0.013269,-0.23942,0.4494,-0.014457,-0.19126,-0.0043678,0.10161,0.0017261,0,0.031071,0,-0.083413,-0.054601,-0.031185,0.092759,-0.055112,0.023719,-0.064632,-0.55176,-0.074801,0.075543,-0.54751,-0.037372,-0.087783,-0.95526,0.071513,0.029457,-0.96055,0.08545
-0.0028437,0.63457,-0.036409,-0.018188,0.42474,0.0033639,-0.18859,0.31966,-0.02431,0.1712,0.33301,0.038583,-0.36137,0.078503,-0.080845,0.29574,0.077231,-0.046903,-0.49866,-0.028701,-0.25271,0.44847,-0.033068,-0.20151,-0.0040035,0.079202,0.0029608,0,0.010214,0,-0.081091,-0.076436,-0.03106,0.089341,-0.072855,0.024012,-0.047991,-0.56999,-0.092198,0.067306,-0.55202,-0.079505,-0.10218,-0.95948,0.071582,0.015803,-0.97491,0.058069
-0.0031676,0.62375,-0.027163,-0.017142,0.42281,0.0044093,-0.18287,0.30417,-0.02942,0.1736,0.32124,0.038603,-0.36213,0.078181,-0.084982,0.29755,0.075533,-0.044395,-0.49795,-0.034156,-0.26373,0.45018,-0.037152,-0.19722,-0.0040286,0.071199,0.0044917,0,0.0007326,0,-0.081605,-0.085836,-0.031244,0.089012,-0.080482,0.023863,-0.052398,-0.57141,-0.093728,0.071365,-0.56487,-0.066915,-0.10484,-0.96081,0.070663,0.014989,-0.96327,0.076223
-0.0046833,0.62696,-0.028164,-0.017645,0.43257,0.0039503,-0.18259,0.30797,-0.031323,0.17459,0.32644,0.037048,-0.36105,0.08503,-0.089174,0.30636,0.079207,-0.044585,-0.49533,-0.02792,-0.26748,0.46249,-0.040809,-0.187,-0.0042751,0.072618,0.0055695,0,0.0015558,0,-0.081663,-0.084106,-0.031071,0.088993,-0.080388,0.023804,-0.095535,-0.56994,-0.087011,0.074586,-0.56267,-0.063267,-0.10253,-0.96187,0.06918,0.015599,-0.96318,0.076023
-0.0053789,0.67572,-0.021584,-0.014006,0.4947,0.018387,-0.18818,0.37816,-0.025218,0.17674,0.38825,0.036495,-0.36345,0.12215,-0.099936,0.321,0.12232,-0.022504,-0.49267,-0.010871,-0.26958,0.47072,-0.021059,-0.14746,-0.004006,0.13033,0.010239,0,0.058414,0,-0.082219,-0.027241,-0.029758,0.08767,-0.025739,0.017172,-0.10247,-0.55105,-0.069091,0.077882,-0.52373,-0.01596,-0.11071,-0.95706,0.071339,0.016807,-0.96026,0.077262
-0.0059428,0.73516,-0.029858,-0.018741,0.55123,0.01808,-0.19208,0.43036,-0.022545,0.17266,0.4456,0.035325,-0.35536,0.1682,-0.081866,0.31033,0.1758,0.011596,-0.49782,0.00063604,-0.25978,0.47393,0.0016795,-0.095005,-0.0049773,0.17968,0.012317,0,0.10593,0,-0.080768,0.019107,-0.028669,0.087895,0.023344,0.016416,-0.107,-0.54026,-0.033329,0.064827,-0.52675,0.012919,-0.13606,-0.95679,0.047651,0.031518,-0.91684,0.050242
0.00066326,0.77795,-0.047937,-0.018909,0.59129,0.0055332,-0.19347,0.47636,-0.026661,0.17276,0.50617,0.044361,-0.33707,0.22782,-0.062773,0.2919,0.23439,0.029345,-0.494,0.04654,-0.22058,0.46428,0.036788,-0.07757,-0.0055666,0.22779,0.010785,0,0.15573,0,-0.081043,0.066329,-0.027493,0.088298,0.072954,0.020313,-0.1043,-0.52435,-0.024841,0.05991,-0.52401,0.018906,-0.137,-0.90178,0.026552,0.033833,-0.91215,0.051734
0.0034956,0.78139,-0.066353,-0.018147,0.61738,-0.024711,-0.19494,0.49941,-0.038792,0.1733,0.52066,0.025151,-0.33387,0.25801,-0.062544,0.29668,0.24233,0.018731,-0.48095,0.085984,-0.18929,0.47109,0.082119,-0.068135,-0.0049627,0.26038,0.0039474,0,0.19115,0,-0.081213,0.10248,-0.019219,0.088287,0.11308,0.026552,-0.080945,-0.42654,-0.079603,0.057008,-0.43109,-0.042171,-0.13654,-0.81755,0.023009,0.025235,-0.81125,0.069841
0.0030143,0.7866,-0.12612,-0.02078,0.61963,-0.042215,-0.19915,0.50801,-0.050263,0.17294,0.52755,0.010879,-0.3371,0.26676,-0.056204,0.29724,0.25476,0.0028637,-0.48792,0.095606,-0.19731,0.47644,0.094406,-0.087433,-0.0054046,0.27499,-0.0013004,0,0.20818,0,-0.085183,0.12192,-0.0055136,0.093321,0.12824,0.024802,-0.043396,-0.35021,-0.13456,0.070993,-0.34425,-0.10811,-0.1222,-0.73646,0.01494,0.015241,-0.74955,0.068326
0.0049188,0.78464,-0.142,-0.019866,0.62142,-0.056543,-0.19774,0.51121,-0.061562,0.17319,0.5297,-0.00064531,-0.33734,0.27022,-0.055676,0.2996,0.26501,-0.012759,-0.49428,0.1113,-0.20231,0.47881,0.1081,-0.10934,-0.0049307,0.28351,-0.0049389,0,0.217,0,-0.086992,0.13123,-0.0030432,0.094822,0.13836,0.02783,-0.014163,-0.32082,-0.18482,0.083675,-0.32281,-0.14431,-0.10857,-0.64622,0.033889,0.004704,-0.64357,0.091636
0.0019583,0.7847,-0.15109,-0.019813,0.62125,-0.07105,-0.19789,0.51184,-0.073932,0.17139,0.53367,-0.012608,-0.34078,0.27541,-0.059752,0.28766,0.26269,-0.023342,-0.50017,0.11543,-0.20897,0.46979,0.11832,-0.1281,-0.0052418,0.28832,-0.0080742,0,0.22221,0,-0.08712,0.13514,-0.0029078,0.096127,0.14541,0.033237,-0.023104,-0.31508,-0.1928,0.077362,-0.31258,-0.14695,-0.10859,-0.648,0.0276,-0.0013776,-0.64358,0.081401
0.0023763,0.78349,-0.15633,-0.017953,0.62106,-0.074641,-0.19612,0.51492,-0.079349,0.17259,0.53374,-0.01528,-0.3406,0.2774,-0.060577,0.29203,0.26292,-0.031887,-0.50047,0.11331,-0.21475,0.47111,0.10774,-0.17422,-0.0049001,0.28816,-0.0092786,0,0.22177,0,-0.087343,0.13456,-0.0023625,0.095597,0.14435,0.033247,-0.033201,-0.31999,-0.18403,0.075187,-0.31548,-0.14137,-0.067173,-0.7335,-0.019263,-0.0053431,-0.69031,0.033399
0.0046774,0.78458,-0.15695,-0.016322,0.62089,-0.074893,-0.19443,0.51565,-0.079501,0.17366,0.53365,-0.015771,-0.34025,0.27779,-0.061191,0.29334,0.26476,-0.042147,-0.49178,0.11282,-0.21339,0.46206,0.10024,-0.18725,-0.004428,0.28644,-0.0097689,0,0.21897,0,-0.086763,0.13125,-0.0036306,0.093597,0.13977,0.03293,-0.043862,-0.35887,-0.14458,0.079263,-0.3413,-0.10857,-0.086914,-0.72971,-0.01214,0.0055849,-0.76331,0.0015741
0.010764,0.78335,-0.14691,-0.01206,0.61845,-0.069026,-0.18765,0.51651,-0.076582,0.1785,0.53126,-0.013449,-0.33346,0.27292,-0.058644,0.29382,0.26001,-0.042075,-0.47374,0.090997,-0.21816,0.45421,0.087456,-0.1772,-0.0030757,0.27643,-0.0082145,0,0.20557,0,-0.084968,0.12039,-0.0065453,0.087454,0.11967,0.028924,-0.04529,-0.43495,-0.12219,0.066816,-0.45645,-0.066055,-0.091029,-0.80655,-0.045206,0.031533,-0.83964,-0.015936
0.026817,0.77159,-0.11294,-0.0061759,0.61486,-0.050101,-0.18002,0.5123,-0.061848,0.18921,0.51696,0.00085617,-0.32105,0.25321,-0.051445,0.29418,0.24209,-0.033309,-0.46783,0.075213,-0.20836,0.44357,0.057639,-0.18353,-0.0011723,0.24861,-0.0033707,0,0.17089,0,-0.082373,0.091789,-0.010827,0.081925,0.077336,0.020376,-0.063322,-0.50394,-0.10364,0.060778,-0.54135,-0.041009,-0.099793,-0.90404,-0.06196,0.045569,-0.91649,-0.0097768
0.022947,0.75604,-0.094616,0.00064129,0.57072,-0.026628,-0.18196,0.48212,-0.039829,0.18469,0.46793,0.0071994,-0.31848,0.20357,-0.048351,0.28856,0.21119,-0.021478,-0.4616,0.069928,-0.19275,0.44287,0.034426,-0.17737,-0.00037208,0.20855,-0.0028009,0,0.13783,0,-0.084711,0.054414,-0.015266,0.083877,0.053273,0.02067,-0.065949,-0.51034,-0.098689,0.060465,-0.54771,-0.034482,-0.10709,-0.93739,-0.048645,0.044847,-0.96201,0.011959
0.024519,0.70437,-0.061877,-0.015114,0.52314,0.0017133,-0.16866,0.41233,-0.033217,0.18817,0.41339,0.020638,-0.32497,0.14078,-0.051434,0.30626,0.14812,-0.028804,-0.46703,-0.0088859,-0.21757,0.45754,-0.0024493,-0.17576,-0.0034319,0.15298,0.0034982,0,0.079238,0,-0.08018,-0.0020676,-0.024133,0.085817,-0.0050105,0.018294,-0.061096,-0.52852,-0.097318,0.070819,-0.55997,-0.040411,-0.08352,-0.96271,0.0036149,0.045285,-0.95908,0.036991
0.020252,0.66123,-0.026438,-0.017916,0.48649,0.011802,-0.18293,0.3652,-0.014358,0.18178,0.37614,0.038491,-0.33192,0.12699,-0.05117,0.29496,0.13023,-0.015814,-0.47617,-0.013861,-0.21921,0.45476,-0.014786,-0.16331,-0.0041413,0.12204,0.007021,0,0.04943,0,-0.080966,-0.038982,-0.030664,0.08931,-0.037353,0.019375,-0.059217,-0.54878,-0.0905,0.063198,-0.55731,-0.042638,-0.083913,-0.9726,0.021601,0.023921,-0.9677,0.044858
0.0091642,0.64814,-0.016486,-0.026242,0.46179,0.017089,-0.18065,0.33317,-0.019795,0.17313,0.36565,0.043089,-0.34663,0.10886,-0.058196,0.28724,0.1034,-0.0072867,-0.48522,-0.015368,-0.21997,0.44841,-0.025223,-0.14056,-0.0061127,0.098797,0.010158,0,0.026992,0,-0.080809,-0.056435,-0.029938,0.088583,-0.052041,0.017852,-0.056601,-0.54686,-0.093502,0.052143,-0.55365,-0.052932,-0.10668,-0.96854,0.02323,0.010036,-0.96388,0.042034
0.0072142,0.64871,-0.015313,-0.026001,0.4626,0.017448,-0.1826,0.3385,-0.01973,0.17234,0.36499,0.043051,-0.34878,0.10944,-0.059627,0.28723,0.1039,-0.0047722,-0.49343,-0.018555,-0.22988,0.4496,-0.02448,-0.13458,-0.0064515,0.099115,0.012287,0,0.027472,0,-0.08072,-0.056343,-0.029947,0.088932,-0.051736,0.017714,-0.053178,-0.54901,-0.090182,0.052431,-0.55431,-0.053266,-0.10345,-0.97056,0.023663,0.0063969,-0.96801,0.04234
0.0015846,0.66609,-0.01412,-0.019815,0.50033,0.021902,-0.18325,0.394,-0.012134,0.1675,0.39056,0.044583,-0.35491,0.13621,-0.056032,0.30056,0.13212,0.018275,-0.50272,-0.0093971,-0.23172,0.46037,-0.014251,-0.099426,-0.0058761,0.12334,0.015214,0,0.049942,0,-0.078475,-0.031208,-0.030783,0.086404,-0.032139,0.01754,-0.079286,-0.56098,-0.061968,0.052536,-0.55688,-0.032201,-0.10663,-0.97106,0.026965,0.0025806,-0.96974,0.0458
-0.0064704,0.73986,-0.035809,-0.015326,0.55941,0.023014,-0.19594,0.44518,-0.0096748,0.17402,0.45059,0.04596,-0.35275,0.18806,-0.067023,0.27923,0.17988,0.019162,-0.49015,0.048859,-0.21188,0.46288,0.013039,-0.072419,-0.0050569,0.18382,0.017779,0,0.11046,0,-0.081173,0.025957,-0.030462,0.087051,0.022779,0.016289,-0.086748,-0.53992,-0.02343,0.059397,-0.54726,0.015218,-0.10871,-0.93856,0.011327,0.03971,-0.95416,0.034089
-0.00053498,0.76265,-0.048658,-0.01758,0.5918,0.0097748,-0.19616,0.47862,-0.020473,0.17357,0.50516,0.028889,-0.3452,0.23464,-0.044152,0.29446,0.2367,0.034242,-0.49432,0.059535,-0.20767,0.46497,0.066594,-0.037739,-0.0052133,0.22477,0.016071,0,0.15317,0,-0.080504,0.069101,-0.024612,0.087479,0.067302,0.016105,-0.087116,-0.53787,-0.027815,0.061339,-0.54733,0.010825,-0.11396,-0.92807,-0.00035208,0.043205,-0.95566,0.028556
0.0035088,0.80685,-0.076905,-0.010742,0.62788,-0.022411,-0.19354,0.51891,-0.036415,0.17744,0.53204,0.017397,-0.34586,0.25511,-0.051848,0.29529,0.25526,0.018771,-0.5094,0.10749,-0.18864,0.4686,0.089601,-0.0551,-0.0041256,0.26792,0.008798,0,0.19724,0,-0.082166,0.10669,-0.019347,0.086343,0.11514,0.022861,-0.088949,-0.46379,-0.071588,0.061905,-0.47484,-0.038799,-0.12653,-0.84225,0.0094208,0.042443,-0.86,0.03901
0.0061703,0.80534,-0.09411,-0.011199,0.63009,-0.036916,-0.19202,0.52289,-0.048214,0.17992,0.5454,0.0041612,-0.34442,0.28542,-0.046235,0.30269,0.27395,0.011696,-0.50884,0.11599,-0.19702,0.47999,0.10475,-0.082656,-0.0042981,0.28772,0.003561,0,0.22098,0,-0.084942,0.13238,-0.014087,0.091392,0.13969,0.027351,-0.057863,-0.35148,-0.1256,0.066835,-0.33275,-0.10629,-0.11916,-0.75255,0.028742,0.02989,-0.73833,0.07488
0.0070889,0.79894,-0.12258,-0.012983,0.63282,-0.046002,-0.1912,0.52329,-0.0537,0.18011,0.54717,-0.0021056,-0.34298,0.29055,-0.043011,0.30448,0.28291,-0.00077967,-0.49916,0.14291,-0.18131,0.46973,0.1271,-0.099489,-0.004264,0.29311,0.00099935,0,0.22582,0,-0.085588,0.13801,-0.011099,0.092092,0.14604,0.029136,-0.047527,-0.32868,-0.16009,0.055596,-0.31844,-0.12767,-0.12404,-0.68553,0.024097,0.026253,-0.70559,0.087158
0.0097831,0.79885,-0.13559,-0.012546,0.63319,-0.053566,-0.19,0.52392,-0.061742,0.17905,0.55022,-0.01132,-0.34467,0.29179,-0.047772,0.30335,0.28605,-0.011161,-0.49875,0.1438,-0.1895,0.46532,0.12908,-0.11662,-0.0037808,0.29602,-0.001881,0,0.22863,0,-0.085943,0.14212,-0.0080203,0.091343,0.14929,0.029878,-0.05111,-0.32251,-0.16456,0.056653,-0.31367,-0.13201,-0.11112,-0.68951,0.01947,0.024773,-0.70164,0.081291
0.011603,0.79943,-0.13923,-0.01051,0.63357,-0.056203,-0.1866,0.52786,-0.065956,0.18079,0.55125,-0.016338,-0.34036,0.2952,-0.045862,0.30477,0.28624,-0.020572,-0.49725,0.14205,-0.19385,0.47211,0.11037,-0.15095,-0.0030772,0.29642,-0.0032315,0,0.22868,0,-0.086257,0.1427,-0.0074554,0.090171,0.14883,0.029355,-0.07368,-0.33614,-0.13262,0.057758,-0.31849,-0.1185,-0.11388,-0.73995,-0.0053145,0.031491,-0.72729,0.058346
0.021721,0.79642,-0.13864,-0.0059458,0.63364,-0.056918,-0.18325,0.53198,-0.068125,0.18466,0.54739,-0.021368,-0.33825,0.29604,-0.046674,0.30179,0.28082,-0.037614,-0.49006,0.13871,-0.19159,0.46576,0.10714,-0.15941,-0.0022126,0.29359,-0.00427,0,0.22455,0,-0.086249,0.13999,-0.0083292,0.087825,0.14108,0.029245,-0.089688,-0.4037,-0.10302,0.057353,-0.43355,-0.057231,-0.12187,-0.79535,-0.02408,0.031925,-0.79158,0.024442
0.033017,0.79051,-0.12749,0.0015416,0.63159,-0.055054,-0.17546,0.5294,-0.069037,0.19185,0.53753,-0.02488,-0.33155,0.29382,-0.045784,0.30088,0.27544,-0.041831,-0.48489,0.12956,-0.19434,0.45574,0.094709,-0.16506,8.5715e-05,0.2772,-0.0039592,0,0.20262,0,-0.084726,0.12428,-0.0090363,0.081215,0.11397,0.024805,-0.099049,-0.46244,-0.084534,0.057753,-0.49601,-0.032829,-0.11848,-0.8532,-0.033711,0.059005,-0.89941,0.0039238
0.04286,0.76755,-0.10509,0.020139,0.59552,-0.040336,-0.1622,0.50126,-0.059441,0.20701,0.49259,-0.017894,-0.32504,0.26744,-0.043631,0.30102,0.25507,-0.043245,-0.47585,0.096742,-0.20752,0.44841,0.048555,-0.1893,0.0026014,0.2323,-0.0019869,0,0.16023,0,-0.088085,0.078876,-0.010759,0.079688,0.072439,0.020611,-0.099651,-0.5183,-0.064743,0.055535,-0.52893,-0.022721,-0.10685,-0.93549,-0.017062,0.066811,-0.90469,0.0096885
0.05201,0.72312,-0.086081,0.018725,0.56393,-0.02802,-0.15522,0.4536,-0.046292,0.20785,0.46011,-0.012413,-0.32372,0.23139,-0.053778,0.30765,0.20049,-0.038608,-0.47928,0.069517,-0.21528,0.45454,0.0040699,-0.20506,0.0025136,0.18936,-0.00042171,0,0.1124,0,-0.086862,0.037037,-0.01424,0.080187,0.024051,0.018907,-0.096001,-0.51875,-0.066178,0.057764,-0.54702,-0.020855,-0.10797,-0.94072,-0.0078193,0.077869,-0.90249,0.010531
0.05851,0.69507,-0.073523,0.015554,0.50217,-0.016311,-0.15574,0.40964,-0.0355,0.20395,0.40396,-0.00018143,-0.33075,0.16355,-0.051356,0.31323,0.13983,-0.042717,-0.48414,0.043285,-0.22586,0.45446,-0.0061856,-0.20161,0.0020024,0.14042,0.00040504,0,0.071852,0,-0.084323,-0.0087686,-0.016229,0.078555,-0.01414,0.017247,-0.098611,-0.5425,-0.071879,0.059991,-0.54889,-0.029659,-0.11318,-0.9499,0.027451,0.071588,-0.90365,0.023393
0.04162,0.64484,-0.051828,0.0046408,0.46549,-0.0057411,-0.16844,0.34926,-0.028233,0.19726,0.34777,0.0036698,-0.33902,0.14204,-0.06479,0.26296,0.087806,-0.041275,-0.49827,-0.0025177,-0.25274,0.45037,-0.032274,-0.19965,-1.6672e-05,0.09903,0.0026695,0,0.022319,0,-0.085853,-0.058103,-0.018391,0.084469,-0.0647,0.014813,-0.098445,-0.55231,-0.074392,0.061307,-0.54914,-0.045111,-0.10669,-0.95786,0.069585,0.057433,-0.9154,0.033036
0.043042,0.62915,-0.039378,0.0053222,0.44288,-0.0073966,-0.16314,0.3327,-0.03162,0.19738,0.33111,0.010588,-0.34312,0.1291,-0.075411,0.31353,0.065482,-0.047813,-0.50125,-0.0063194,-0.25636,0.46361,-0.054485,-0.19785,0.00025263,0.085809,0.00239,0,0.013848,0,-0.085615,-0.065022,-0.020258,0.084054,-0.07411,0.017573,-0.090057,-0.5541,-0.080252,0.056889,-0.55683,-0.055618,-0.082696,-0.94874,0.071325,0.067792,-0.94387,0.039813
0.043482,0.63735,-0.030909,0.0077455,0.44485,-0.0065139,-0.16392,0.33305,-0.032719,0.19643,0.33211,0.010682,-0.34432,0.12917,-0.07647,0.30761,0.067715,-0.040858,-0.50192,-0.0061629,-0.25713,0.45817,-0.051629,-0.19091,0.00045103,0.086124,0.0025626,0,0.014096,0,-0.085743,-0.064845,-0.021026,0.083725,-0.073827,0.018642,-0.093347,-0.54969,-0.080564,0.059959,-0.5562,-0.058269,-0.099383,-0.93705,0.060054,0.063296,-0.94357,0.039906
0.034879,0.66965,-0.046218,0.0091944,0.48445,-0.0051027,-0.17015,0.39122,-0.028062,0.19019,0.38757,0.0078487,-0.34398,0.13617,-0.080813,0.31164,0.095045,-0.04166,-0.49847,-0.0060598,-0.25999,0.46806,-0.046276,-0.16054,0.00087097,0.12158,0.0029745,0,0.049477,0,-0.083954,-0.032274,-0.021107,0.080177,-0.034252,0.017879,-0.10879,-0.5436,-0.036439,0.080237,-0.54723,-0.032848,-0.10258,-0.94076,0.052562,0.06763,-0.94327,0.036698
0.03367,0.72917,-0.058032,0.012654,0.54927,-0.0064433,-0.1687,0.4406,-0.037106,0.19418,0.43722,0.010112,-0.34441,0.19446,-0.092789,0.30307,0.16247,0.010386,-0.48388,0.042209,-0.22,0.45577,-0.010604,-0.10459,0.0012303,0.17508,0.0028343,0,0.10035,0,-0.085206,0.017802,-0.022586,0.080462,0.014587,0.019777,-0.11635,-0.54543,-0.0064825,0.081748,-0.51767,0.0074829,-0.11865,-0.93811,0.0499,0.07061,-0.92996,0.031382
0.029823,0.76516,-0.076614,0.001614,0.58826,-0.018219,-0.17377,0.48707,-0.038539,0.18915,0.49366,0.0028333,-0.33187,0.24778,-0.062541,0.29235,0.22277,0.016248,-0.48101,0.058904,-0.19704,0.4553,0.02668,-0.076395,-0.00060304,0.23063,0.00010886,0,0.15851,0,-0.082379,0.075246,-0.014735,0.082168,0.07547,0.016616,-0.10508,-0.52445,-0.0029804,0.083511,-0.51453,0.0056274,-0.12286,-0.89242,0.034858,0.086452,-0.90261,0.025062
0.030008,0.7799,-0.10102,-0.0062212,0.61086,-0.032337,-0.1823,0.52726,-0.043246,0.19295,0.52646,-0.010769,-0.32795,0.26656,-0.058663,0.29739,0.25657,0.010038,-0.4835,0.081344,-0.16092,0.45836,0.044938,-0.080635,-0.0015693,0.26203,-0.0031844,0,0.19336,0,-0.083667,0.10634,-0.01232,0.087168,0.10639,0.019527,-0.091781,-0.44924,-0.051064,0.084607,-0.43506,-0.033815,-0.11799,-0.81408,0.087007,0.081777,-0.81986,0.079
0.023211,0.78847,-0.12633,-0.0066926,0.61483,-0.048652,-0.18283,0.52815,-0.05653,0.18992,0.53554,-0.019911,-0.32814,0.29098,-0.039848,0.2954,0.26666,0.00015397,-0.49007,0.10152,-0.16101,0.45693,0.066469,-0.099022,-0.0016135,0.27869,-0.0077987,0,0.21305,0,-0.086034,0.13041,-0.0083841,0.089319,0.13467,0.030994,-0.085076,-0.34799,-0.11316,0.060412,-0.33677,-0.10137,-0.11137,-0.72712,0.083631,0.06118,-0.73134,0.10351
0.020667,0.79376,-0.14522,-0.0070801,0.62229,-0.064915,-0.18473,0.52842,-0.063077,0.18728,0.53895,-0.025582,-0.33403,0.2898,-0.0422,0.2937,0.26977,-0.0072789,-0.49423,0.10732,-0.1643,0.45405,0.090323,-0.10889,-0.0016958,0.29276,-0.010405,0,0.22763,0,-0.087599,0.14026,-0.009207,0.090705,0.14812,0.034193,-0.049549,-0.32913,-0.14673,0.056784,-0.31692,-0.1199,-0.10938,-0.65687,0.091745,0.039418,-0.70128,0.10101
0.016554,0.78928,-0.16785,-0.0068984,0.62217,-0.075151,-0.18825,0.53249,-0.067871,0.18824,0.54144,-0.030352,-0.33547,0.28962,-0.038044,0.29662,0.26974,-0.011628,-0.49331,0.10813,-0.16426,0.45913,0.091765,-0.11691,-0.0012986,0.29714,-0.01252,0,0.23319,0,-0.091673,0.14795,-0.00015691,0.092681,0.15171,0.032738,-0.045383,-0.31661,-0.15202,0.060066,-0.31372,-0.12012,-0.087825,-0.63558,0.087486,0.040655,-0.70103,0.096125
0.014733,0.78802,-0.17748,-0.0082814,0.62451,-0.08269,-0.18806,0.53326,-0.071926,0.18797,0.5431,-0.033256,-0.33598,0.28815,-0.037302,0.29399,0.27014,-0.024064,-0.49099,0.10132,-0.15858,0.45519,0.095543,-0.12865,-0.0012507,0.2979,-0.013501,0,0.23357,0,-0.090921,0.14781,-0.00033933,0.091931,0.1526,0.033993,-0.050296,-0.32608,-0.11774,0.060291,-0.31956,-0.093932,-0.10081,-0.67583,0.016744,0.0019707,-0.6987,0.067972
0.012488,0.7824,-0.18645,-0.0079224,0.62293,-0.096167,-0.18901,0.53205,-0.076315,0.18406,0.54428,-0.040478,-0.33288,0.2805,-0.03326,0.294,0.2754,-0.029119,-0.48458,0.082531,-0.1604,0.45304,0.0872,-0.14013,-0.00060687,0.29392,-0.015225,0,0.22748,0,-0.088877,0.14206,0.00058941,0.089714,0.14587,0.035255,-0.043416,-0.39348,-0.082602,0.058481,-0.35585,-0.070677,-0.070823,-0.77995,-0.030416,0.0068216,-0.7677,0.0038699
0.0081517,0.77796,-0.19052,-0.004778,0.61133,-0.10057,-0.18991,0.52815,-0.077766,0.18347,0.54254,-0.040798,-0.33405,0.2656,-0.032643,0.29326,0.27359,-0.036622,-0.47654,0.074601,-0.15869,0.44307,0.069599,-0.15665,-0.0005748,0.28335,-0.016439,0,0.21692,0,-0.086188,0.12196,-0.00074534,0.088225,0.14068,0.036952,-0.056798,-0.4891,-0.048699,0.027165,-0.50398,-0.019158,-0.11014,-0.85152,-0.060746,0.021439,-0.89194,-0.04721
0.012164,0.76277,-0.18317,-0.0029384,0.60055,-0.092073,-0.18671,0.51387,-0.075929,0.18354,0.52841,-0.036098,-0.32792,0.24857,-0.023798,0.2963,0.25999,-0.034903,-0.46634,0.055066,-0.1595,0.44497,0.05461,-0.15576,-0.0007426,0.25157,-0.014887,0,0.17977,0,-0.081375,0.077926,-0.0043877,0.085059,0.11457,0.035588,-0.050301,-0.54108,-0.031055,0.023283,-0.54035,-0.010675,-0.089014,-0.90121,-0.053034,0.034237,-0.89127,-0.028913
0.019182,0.73558,-0.1627,-0.0053875,0.56992,-0.066978,-0.18747,0.47903,-0.056112,0.17969,0.47363,-0.034134,-0.31878,0.20725,-0.027076,0.29381,0.22024,-0.034686,-0.46861,0.010431,-0.18172,0.45771,0.012632,-0.17489,-0.00094433,0.22616,-0.012231,0,0.15638,0,-0.082616,0.058863,-0.0075888,0.084135,0.082085,0.030024,-0.044208,-0.5461,-0.027606,0.030505,-0.54313,-0.0087804,-0.076443,-0.96058,-0.0056548,0.038759,-0.90382,-0.0064139
0.013564,0.70462,-0.12629,-0.018624,0.53406,-0.045769,-0.19138,0.42802,-0.04032,0.1788,0.44568,-0.0088029,-0.32012,0.15941,-0.032966,0.313,0.15846,-0.037239,-0.47042,0.00051415,-0.17915,0.45886,0.00067093,-0.17279,-0.0033941,0.1814,-0.0080821,0,0.10984,0,-0.079419,0.0097816,-0.012491,0.087299,0.040662,0.025253,-0.043214,-0.54734,-0.01998,0.032695,-0.54332,-0.0031491,-0.083837,-0.96392,0.058834,0.015348,-0.9595,0.05858
0.0078584,0.6675,-0.08557,-0.017658,0.4813,-0.02932,-0.18289,0.39272,-0.034358,0.17803,0.38802,0.0024694,-0.31969,0.14329,-0.040019,0.3104,0.13987,-0.039797,-0.47191,-0.020911,-0.20563,0.46089,-0.012892,-0.16798,-0.0031366,0.13105,-0.0058107,0,0.060963,0,-0.079494,-0.014697,-0.01529,0.086096,-0.018708,0.021347,-0.044142,-0.56509,-0.034728,0.033033,-0.54403,-0.015961,-0.089503,-0.96232,0.060844,0.012396,-0.95924,0.056495
8.1301e-05,0.64565,-0.069311,-0.017625,0.45975,-0.019606,-0.18107,0.34041,-0.036005,0.16982,0.36534,0.017944,-0.33275,0.11638,-0.052717,0.30817,0.10067,-0.040242,-0.47816,-0.023037,-0.21005,0.46489,-0.028818,-0.1734,-0.0032695,0.10545,-0.0043014,0,0.034173,0,-0.077189,-0.061228,-0.024767,0.085531,-0.042594,0.023998,-0.040961,-0.57863,-0.054485,0.035826,-0.53998,-0.064678,-0.093321,-0.9576,0.054743,0.0016098,-0.96465,0.041245
-0.0026319,0.64751,-0.06551,-0.017636,0.46101,-0.017985,-0.18221,0.34258,-0.034801,0.16923,0.36515,0.017758,-0.33365,0.1145,-0.053043,0.29984,0.10942,-0.030396,-0.47909,-0.023066,-0.21256,0.45898,-0.027427,-0.15748,-0.003289,0.10503,-0.004374,0,0.033456,0,-0.077537,-0.060489,-0.024074,0.085797,-0.043687,0.02328,-0.048865,-0.55764,-0.065185,0.039223,-0.54223,-0.058989,-0.091203,-0.95612,0.048719,0.0034483,-0.96395,0.037909
-0.0056776,0.68536,-0.056429,-0.013294,0.50106,-0.0090412,-0.18021,0.38238,-0.032054,0.17487,0.38596,0.020336,-0.3392,0.12136,-0.045624,0.30676,0.13347,-0.010145,-0.48656,-0.015741,-0.22819,0.46538,-0.023411,-0.11348,-0.0028004,0.12383,-0.0029755,0,0.049583,0,-0.081402,-0.030482,-0.019481,0.08565,-0.030042,0.019622,-0.052715,-0.55507,-0.044645,0.040283,-0.55782,-0.011094,-0.089895,-0.92215,0.044106,0.0087416,-0.965,0.045886
0.0002849,0.73981,-0.057831,-0.0076947,0.55923,-0.0087931,-0.18904,0.43904,-0.02472,0.17859,0.45375,0.031171,-0.33001,0.18551,-0.029388,0.31521,0.1778,0.033034,-0.47076,0.046192,-0.1745,0.47944,0.0015575,-0.060362,-0.001614,0.18465,-0.0021134,0,0.10977,0,-0.081741,0.022837,-0.023595,0.084678,0.025153,0.021636,-0.074349,-0.55862,0.0098611,0.050891,-0.54335,0.014154,-0.092282,-0.92918,0.045638,0.011367,-0.95339,0.045857
-0.0027147,0.78086,-0.073849,-0.0076753,0.59751,-0.012951,-0.19075,0.49034,-0.025352,0.17698,0.50516,0.01628,-0.33221,0.23447,-0.020805,0.30726,0.235,0.045811,-0.47944,0.056748,-0.16117,0.48396,0.039235,-0.028689,-0.0015144,0.22613,-0.0029441,0,0.15192,0,-0.081163,0.06991,-0.019158,0.084142,0.06591,0.019135,-0.061104,-0.53106,0.011924,0.045921,-0.53756,0.023636,-0.10444,-0.9251,0.017273,0.018216,-0.93007,0.024297
-0.0031815,0.78498,-0.09031,-0.017965,0.61494,-0.028138,-0.19338,0.50949,-0.040474,0.1776,0.52567,0.0079467,-0.34007,0.25307,-0.029344,0.31291,0.26716,0.034739,-0.4911,0.095769,-0.13285,0.48814,0.08075,-0.01506,-0.0038844,0.26311,-0.0066179,0,0.19459,0,-0.079501,0.095682,-0.019948,0.088053,0.11739,0.024475,-0.04231,-0.47764,-0.035036,0.027672,-0.48689,-0.0082831,-0.10205,-0.8451,0.044153,-0.018069,-0.84767,0.071273
-0.0039349,0.78913,-0.10609,-0.022182,0.62118,-0.040533,-0.19583,0.51531,-0.046497,0.17702,0.53887,-8.8265e-05,-0.34548,0.2723,-0.01984,0.3106,0.28981,0.029175,-0.50219,0.10486,-0.13115,0.49121,0.10146,-0.021312,-0.0043816,0.27667,-0.0088716,0,0.20895,0,-0.0827,0.11918,-0.0086019,0.092246,0.1319,0.025017,-0.036103,-0.36337,-0.10017,0.057476,-0.36018,-0.078314,-0.10234,-0.77215,0.068321,0.00106,-0.77181,0.087265
-0.0038207,0.78964,-0.13715,-0.022938,0.62088,-0.051677,-0.19817,0.52078,-0.05286,0.17792,0.54005,-0.0087862,-0.34789,0.28008,-0.021198,0.31227,0.28992,0.020334,-0.51559,0.10489,-0.136,0.49527,0.12608,-0.063862,-0.0044256,0.28797,-0.011921,0,0.2242,0,-0.084016,0.13127,-0.0088647,0.095607,0.14572,0.028836,-0.014765,-0.3353,-0.14262,0.088363,-0.32709,-0.10017,-0.11144,-0.66984,0.081605,-0.0073192,-0.71799,0.091448
-0.00043456,0.78305,-0.14785,-0.023209,0.61943,-0.061741,-0.19935,0.52106,-0.058208,0.17636,0.54088,-0.01399,-0.35312,0.2838,-0.02346,0.31187,0.28915,0.012279,-0.52337,0.11231,-0.14425,0.49108,0.13366,-0.085955,-0.0045605,0.28989,-0.013524,0,0.22612,0,-0.084745,0.13571,-0.002389,0.096539,0.14791,0.029708,-0.016278,-0.32678,-0.15122,0.0851,-0.32317,-0.10561,-0.11278,-0.66005,0.075646,-0.0024873,-0.71422,0.089214
0.0014432,0.77893,-0.15837,-0.012664,0.60789,-0.072465,-0.20045,0.52059,-0.061633,0.17514,0.54066,-0.016863,-0.35486,0.28392,-0.026285,0.31059,0.28407,-0.0055469,-0.52409,0.11403,-0.14749,0.48463,0.12776,-0.1142,-0.0037879,0.28857,-0.01423,0,0.22489,0,-0.085872,0.1351,-0.0023606,0.095766,0.14504,0.031894,-0.034931,-0.32727,-0.15886,0.070119,-0.32788,-0.093384,-0.11414,-0.66194,0.07295,0.0015938,-0.73337,0.081476
0.0048392,0.77021,-0.16557,-0.012057,0.60379,-0.07852,-0.19597,0.51751,-0.073165,0.17281,0.53448,-0.027269,-0.35595,0.28135,-0.03135,0.31123,0.27216,-0.024981,-0.5239,0.10504,-0.1598,0.48123,0.11567,-0.13561,-0.0028545,0.27805,-0.015563,0,0.21228,0,-0.084568,0.12614,-0.0024842,0.091046,0.13427,0.031107,-0.052774,-0.34559,-0.13096,0.065336,-0.38896,-0.061271,-0.10689,-0.72822,0.025467,0.016241,-0.77076,0.052403
0.013544,0.7621,-0.16853,-0.0067156,0.59665,-0.078448,-0.1871,0.50974,-0.08006,0.17758,0.52197,-0.036422,-0.34885,0.26625,-0.045056,0.31936,0.24957,-0.041518,-0.50573,0.083074,-0.19278,0.47927,0.093903,-0.15285,-0.0011585,0.25493,-0.01492,0,0.18531,0,-0.082406,0.1069,-0.0019134,0.084865,0.10018,0.025952,-0.060479,-0.43478,-0.096168,0.06092,-0.5175,-0.014281,-0.12033,-0.80978,-0.026314,0.043214,-0.87044,0.0086234
0.010957,0.74647,-0.15117,-0.0087424,0.57921,-0.069998,-0.18793,0.48809,-0.076562,0.17668,0.48705,-0.030919,-0.34294,0.24155,-0.044042,0.30138,0.22973,-0.043385,-0.4943,0.083355,-0.18119,0.45147,0.065755,-0.16359,-0.0015465,0.23204,-0.013505,0,0.16248,0,-0.081439,0.081085,-0.0033805,0.085054,0.077486,0.024528,-0.076983,-0.51773,-0.069475,0.057403,-0.51952,-0.011881,-0.12413,-0.91179,-0.037405,0.044199,-0.89254,0.014367
0.028045,0.71248,-0.12749,-0.0015363,0.55223,-0.053485,-0.17989,0.45781,-0.062587,0.18792,0.44931,-0.021608,-0.33379,0.22495,-0.042523,0.31045,0.17178,-0.051795,-0.49046,0.042523,-0.19979,0.46293,0.02677,-0.17222,-3.2658e-05,0.18936,-0.010341,0,0.11537,0,-0.083656,0.028097,-0.012469,0.084491,0.034447,0.026684,-0.07087,-0.52505,-0.067845,0.066673,-0.53093,-0.014317,-0.12366,-0.93843,-7.8457e-05,0.048775,-0.92924,0.044586
0.027502,0.67173,-0.090919,-0.0055005,0.50118,-0.04114,-0.16611,0.45593,-0.01853,0.18609,0.39903,-0.0036336,-0.31812,0.17546,-0.053557,0.31486,0.15282,-0.044761,-0.49808,-0.0059207,-0.23263,0.47591,-0.015596,-0.20103,-0.00097993,0.15144,-0.0092933,0,0.082436,0,-0.080144,0.0083749,-0.010561,0.081037,-0.0063164,0.020892,-0.054129,-0.5522,-0.061279,0.07729,-0.542,-0.020664,-0.11159,-0.96256,0.056137,0.026158,-0.94386,0.081739
0.01922,0.63415,-0.058442,-0.019576,0.46367,-0.030294,-0.1818,0.35264,-0.043675,0.17493,0.36089,0.012575,-0.37581,0.12789,-0.082967,0.30707,0.10654,-0.052111,-0.50661,-0.0077969,-0.23872,0.4639,-0.020361,-0.19646,-0.0034478,0.099652,-0.0069925,0,0.0275,0,-0.079646,-0.055623,-0.017607,0.087298,-0.054357,0.023288,-0.037159,-0.54916,-0.075244,0.06599,-0.55891,-0.044991,-0.11608,-0.96707,0.06829,0.011754,-0.96503,0.080464
0.022454,0.62543,-0.040704,-0.014306,0.45566,-0.025575,-0.1762,0.34358,-0.042184,0.17779,0.34224,0.019773,-0.35104,0.10828,-0.080246,0.30775,0.10155,-0.046094,-0.50333,-0.010013,-0.23804,0.46147,-0.029115,-0.18223,-0.0026044,0.093778,-0.0064335,0,0.021137,0,-0.080157,-0.060756,-0.017953,0.085998,-0.06059,0.022288,-0.02919,-0.55036,-0.090618,0.062278,-0.60935,-0.066368,-0.10144,-0.92311,0.029259,0.012464,-0.97022,0.078751
0.020654,0.63693,-0.034237,-0.013638,0.45753,-0.02384,-0.17545,0.34219,-0.043904,0.1772,0.34894,0.026214,-0.35205,0.10885,-0.080406,0.30543,0.10355,-0.030398,-0.50353,-0.01142,-0.24312,0.46015,-0.030378,-0.16499,-0.0025959,0.093906,-0.0063266,0,0.021123,0,-0.079744,-0.060873,-0.018824,0.085741,-0.060443,0.022462,-0.041284,-0.55125,-0.096447,0.072474,-0.55479,-0.047792,-0.086784,-0.97253,0.04949,0.011334,-0.97045,0.078757
0.012935,0.68759,-0.035294,-0.011454,0.50674,-0.0096326,-0.17407,0.38692,-0.041729,0.17059,0.40266,0.041373,-0.36244,0.1303,-0.078396,0.30726,0.13124,-0.00070121,-0.50528,-0.0083156,-0.23836,0.47115,-0.023359,-0.11195,-0.0021977,0.13088,-0.003863,0,0.056153,0,-0.077805,-0.021019,-0.028929,0.082732,-0.029363,0.026532,-0.096531,-0.53918,-0.066278,0.078837,-0.54514,-0.028327,-0.10485,-0.94935,0.061656,0.017345,-0.95674,0.080547
0.014747,0.74465,-0.036072,-0.010105,0.56414,-0.0022047,-0.18489,0.44876,-0.034244,0.18089,0.44793,0.043883,-0.36074,0.19068,-0.044183,0.31343,0.1788,0.037567,-0.50079,0.037812,-0.19704,0.47809,0.0022587,-0.043069,-0.0020992,0.19088,-0.0012602,0,0.11631,0,-0.080185,0.031374,-0.025391,0.084043,0.030231,0.020917,-0.10188,-0.54389,-0.034805,0.081279,-0.51069,0.017576,-0.12559,-0.92056,0.022795,0.050852,-0.90931,0.056296
0.015787,0.792,-0.0584,-0.010993,0.61696,-0.017576,-0.18375,0.50819,-0.036237,0.17851,0.51106,0.042471,-0.34253,0.24835,-0.033553,0.29855,0.24829,0.056677,-0.48869,0.090559,-0.14449,0.48274,0.051121,-0.014324,-0.0022121,0.24094,-0.004017,0,0.16573,0,-0.080744,0.082045,-0.021637,0.084856,0.080609,0.023004,-0.10103,-0.52722,-0.028926,0.078822,-0.5142,0.02674,-0.1335,-0.91425,0.0088755,0.052726,-0.90658,0.056285
0.012699,0.79874,-0.076361,-0.012596,0.6355,-0.028746,-0.18686,0.5224,-0.046113,0.17685,0.54929,0.025197,-0.34338,0.26171,-0.038409,0.30318,0.29594,0.043287,-0.49868,0.093869,-0.14671,0.48725,0.094461,0.01497,-0.0025367,0.27827,-0.0066267,0,0.20775,0,-0.078724,0.12093,-0.018177,0.083977,0.12453,0.023977,-0.096275,-0.43794,-0.085133,0.065188,-0.47894,-0.0037816,-0.13147,-0.81489,0.023914,0.035918,-0.8621,0.061785
0.010728,0.80622,-0.094268,-0.015785,0.64475,-0.035208,-0.19007,0.54249,-0.044947,0.17806,0.55297,0.022445,-0.34542,0.30781,-0.019478,0.3054,0.30024,0.040447,-0.50724,0.12231,-0.12695,0.49261,0.11329,-0.0011259,-0.0030388,0.29205,-0.0076761,0,0.22183,0,-0.081398,0.13399,-0.0163,0.088387,0.13987,0.025346,-0.081404,-0.35285,-0.13056,0.062275,-0.38512,-0.065335,-0.1288,-0.7395,0.029325,0.027024,-0.784,0.085053
0.0078588,0.81022,-0.13777,-0.016784,0.64743,-0.054105,-0.18893,0.54476,-0.057926,0.17968,0.56638,0.0097395,-0.34673,0.30814,-0.028868,0.31094,0.31003,0.028422,-0.50841,0.1235,-0.13549,0.49863,0.12925,-0.035523,-0.0030689,0.30898,-0.012893,0,0.24446,0,-0.084981,0.15428,-0.0095659,0.093656,0.16981,0.032901,-0.023327,-0.30693,-0.16477,0.078975,-0.30094,-0.10208,-0.10592,-0.66101,0.03281,0.024901,-0.68492,0.1153
0.0090133,0.80941,-0.14317,-0.016795,0.6455,-0.061859,-0.18962,0.54572,-0.062355,0.18028,0.56521,0.0041288,-0.34957,0.30931,-0.026432,0.3129,0.31043,0.02312,-0.51202,0.12667,-0.13657,0.50034,0.13669,-0.054993,-0.003008,0.31261,-0.013972,0,0.24853,0,-0.086872,0.15847,-0.0046447,0.094508,0.17259,0.031403,-0.018919,-0.29701,-0.17455,0.079486,-0.26262,-0.19879,-0.10979,-0.62755,0.028324,0.0073785,-0.66099,-0.010684
0.010613,0.80285,-0.15038,-0.018811,0.63717,-0.070274,-0.18991,0.54551,-0.063281,0.18012,0.56511,0.0025499,-0.34976,0.30883,-0.025939,0.3096,0.30893,0.015558,-0.51437,0.12703,-0.13689,0.49426,0.13305,-0.10724,-0.00304,0.31219,-0.014425,0,0.24801,0,-0.086984,0.15764,-0.0043034,0.094835,0.17166,0.032335,-0.019163,-0.29734,-0.17553,0.058756,-0.29788,-0.11529,-0.10703,-0.62625,-0.0043465,-0.0054017,-0.66794,0.059632
0.013331,0.79912,-0.15417,-0.01883,0.63691,-0.072021,-0.18959,0.54511,-0.066753,0.18058,0.56281,-0.0019918,-0.34921,0.30381,-0.026044,0.30416,0.30266,0.00094737,-0.51473,0.12608,-0.13798,0.48969,0.12821,-0.11248,-0.0030773,0.30973,-0.014803,0,0.2445,0,-0.086379,0.15401,-0.0052743,0.094107,0.16727,0.033122,-0.034073,-0.31702,-0.15277,0.062336,-0.32907,-0.099632,-0.072719,-0.72567,-0.042548,-0.010634,-0.72183,5.0997e-05
0.019418,0.79233,-0.15586,-0.012556,0.63483,-0.071697,-0.18602,0.54386,-0.068199,0.18482,0.55732,-0.0032982,-0.34523,0.29699,-0.026506,0.30326,0.29749,-0.0050713,-0.51589,0.10726,-0.15213,0.47493,0.10629,-0.13743,-0.0012515,0.29357,-0.014189,0,0.22276,0,-0.084479,0.13912,-0.0057656,0.085799,0.13342,0.028862,-0.049297,-0.39905,-0.13052,0.055489,-0.43314,-0.069812,-0.090035,-0.78935,-0.074818,0.020876,-0.79123,-0.026001
0.028528,0.78061,-0.14454,0.00075986,0.61815,-0.060218,-0.18133,0.54023,-0.064423,0.18487,0.54298,0.0016731,-0.3403,0.29153,-0.024998,0.2972,0.26479,-0.020152,-0.50458,0.10559,-0.15623,0.45317,0.076093,-0.16671,0.00022252,0.27357,-0.012333,0,0.20395,0,-0.083406,0.11339,-0.010487,0.083863,0.12667,0.029292,-0.065177,-0.49386,-0.11076,0.052183,-0.52592,-0.06012,-0.10231,-0.90758,-0.093144,0.04267,-0.90782,-0.051623
0.038977,0.7588,-0.10902,0.0081955,0.59734,-0.038589,-0.17025,0.5035,-0.045333,0.19387,0.49902,0.018775,-0.33348,0.24115,-0.03558,0.30377,0.23811,-0.013931,-0.48904,0.092065,-0.15672,0.45594,0.063369,-0.15529,0.0016706,0.23242,-0.0074623,0,0.15759,0,-0.084919,0.065608,-0.017302,0.081556,0.080903,0.024585,-0.071847,-0.53706,-0.09756,0.060444,-0.53129,-0.05141,-0.097549,-0.94809,-0.067769,0.046574,-0.95543,-0.028603
0.040987,0.72966,-0.060417,0.010353,0.55243,-0.008088,-0.17145,0.45678,-0.028138,0.19055,0.44567,0.032195,-0.33357,0.22459,-0.040312,0.29944,0.16859,-0.036103,-0.49102,0.043671,-0.17512,0.44745,0.010084,-0.17296,0.0016186,0.20074,-0.0038101,0,0.13048,0,-0.085452,0.038613,-0.020993,0.081809,0.05488,0.021067,-0.078993,-0.54278,-0.098132,0.059213,-0.53961,-0.055896,-0.10908,-0.95776,-0.02098,0.041381,-0.95729,-0.0073505
0.035843,0.69382,-0.036216,-0.0052576,0.50302,-0.0043122,-0.1677,0.41028,-0.012112,0.18513,0.39088,0.04176,-0.344,0.14869,-0.045367,0.30219,0.13247,-0.034118,-0.50343,-0.0027398,-0.20438,0.44891,-0.011739,-0.16438,-0.0011876,0.13353,-0.0015319,0,0.05969,0,-0.081438,-0.019779,-0.024379,0.08339,-0.025474,0.020811,-0.076655,-0.54755,-0.090186,0.063032,-0.54114,-0.054156,-0.10614,-0.96695,0.056714,0.037927,-0.95396,0.063306
0.014969,0.64374,0.0032413,-0.011488,0.46865,0.012712,-0.1726,0.34394,-0.014636,0.17508,0.3658,0.055759,-0.36364,0.10171,-0.050952,0.29797,0.089079,-0.039205,-0.51349,-0.012913,-0.21859,0.44678,-0.047212,-0.17568,-0.0029112,0.097589,0.0036002,0,0.023033,0,-0.080995,-0.055803,-0.023177,0.084268,-0.055878,0.014152,-0.067591,-0.56148,-0.098365,0.051979,-0.54703,-0.058695,-0.10834,-0.96783,0.059663,0.015203,-0.96229,0.06698
0.015245,0.64498,0.0061569,-0.010545,0.46631,0.012666,-0.17296,0.3417,-0.015982,0.17714,0.35471,0.055882,-0.36459,0.10268,-0.054123,0.30039,0.08384,-0.034991,-0.5252,-0.019222,-0.23695,0.45423,-0.054139,-0.16312,-0.0031948,0.095753,0.0057529,0,0.021678,0,-0.081295,-0.058522,-0.024922,0.084891,-0.059575,0.015563,-0.063107,-0.55716,-0.10391,0.051459,-0.53881,-0.072561,-0.1057,-0.97189,0.056913,0.0084667,-0.96982,0.051436
0.014913,0.65962,0.0072671,-0.0097976,0.4698,0.010835,-0.17965,0.35436,-0.012568,0.17514,0.36971,0.061055,-0.36602,0.11722,-0.055875,0.30884,0.08921,-0.02145,-0.5257,-0.013897,-0.23674,0.46566,-0.050791,-0.14291,-0.0034175,0.098578,0.0073093,0,0.024761,0,-0.081666,-0.056258,-0.024505,0.085231,-0.057553,0.015701,-0.06948,-0.5588,-0.090448,0.044168,-0.53958,-0.058557,-0.083723,-0.96672,0.039762,0.0080313,-0.96652,0.060415
0.018213,0.72791,-0.0024528,-0.0079026,0.53286,0.016102,-0.18157,0.40573,-0.020582,0.1728,0.41256,0.053387,-0.36591,0.15888,-0.050364,0.31593,0.13068,0.0064257,-0.51954,0.044878,-0.20275,0.49129,-0.02239,-0.087448,-0.0034782,0.15159,0.010269,0,0.0762,0,-0.080814,-0.0056681,-0.029636,0.083684,-0.0077813,0.018734,-0.099665,-0.55876,-0.038893,0.058567,-0.53689,-0.029799,-0.096484,-0.95385,0.046584,0.023001,-0.94426,0.062529
0.022776,0.76888,-0.0061952,-0.0030843,0.59284,0.02361,-0.17725,0.46603,-0.024409,0.17431,0.47493,0.04924,-0.36157,0.20528,-0.039353,0.31868,0.18992,0.028456,-0.52404,0.076374,-0.19397,0.49271,0.027617,-0.04448,-0.0032173,0.20239,0.014133,0,0.12558,0,-0.080811,0.043252,-0.026732,0.081885,0.045318,0.013674,-0.099196,-0.52964,-0.027403,0.064394,-0.53205,0.01833,-0.1142,-0.91314,0.018261,0.043053,-0.91052,0.038037
0.023471,0.81289,-0.025005,-0.0083681,0.63904,-0.0013759,-0.18317,0.52039,-0.026332,0.17324,0.53129,0.044395,-0.35658,0.25397,-0.020461,0.32091,0.24864,0.038483,-0.51494,0.13009,-0.15843,0.50203,0.086399,-0.0018251,-0.0039117,0.24852,0.010069,0,0.17145,0,-0.079152,0.081077,-0.020499,0.081993,0.09623,0.015188,-0.095328,-0.5259,-0.030713,0.065409,-0.52354,0.011214,-0.11232,-0.88942,0.016874,0.047276,-0.90613,0.028491
0.017919,0.82154,-0.048494,-0.0067044,0.64438,-0.015068,-0.18115,0.52905,-0.03569,0.17737,0.54558,0.030266,-0.35188,0.29491,-0.025259,0.31148,0.30464,0.028956,-0.51867,0.14012,-0.16544,0.51023,0.10537,-0.019554,-0.0032367,0.272,0.0050968,0,0.1994,0,-0.080984,0.12205,-0.014049,0.083412,0.11486,0.016482,-0.10164,-0.52247,-0.045113,0.055905,-0.44841,-0.049054,-0.1159,-0.83714,0.053187,0.042814,-0.83521,0.059988
0.015847,0.82058,-0.075533,-0.012206,0.64619,-0.031434,-0.18607,0.53826,-0.042188,0.17881,0.55158,0.021153,-0.35619,0.30242,-0.032216,0.31535,0.30462,0.01914,-0.52784,0.15102,-0.16606,0.51644,0.13448,-0.031906,-0.0043336,0.29263,0.00055509,0,0.2249,0,-0.082514,0.13601,-0.016468,0.090594,0.14354,0.026495,-0.068143,-0.33441,-0.1519,0.074614,-0.33445,-0.094207,-0.11835,-0.70704,0.04339,0.035553,-0.74325,0.083188
0.012241,0.82851,-0.095641,-0.012567,0.6478,-0.039443,-0.18654,0.54428,-0.045939,0.1796,0.55721,0.016695,-0.35646,0.31086,-0.02913,0.31193,0.31333,0.011852,-0.53124,0.15892,-0.1576,0.50803,0.16644,-0.070104,-0.0041071,0.3014,-0.0013318,0,0.23328,0,-0.084134,0.14793,-0.015253,0.09098,0.14968,0.029233,-0.061909,-0.32033,-0.15751,0.062098,-0.31999,-0.10634,-0.11319,-0.69095,0.039858,0.024445,-0.7222,0.084074
0.0097511,0.82517,-0.10438,-0.013008,0.64823,-0.043378,-0.18583,0.54562,-0.049083,0.17804,0.55903,0.013303,-0.35577,0.31357,-0.028593,0.31167,0.31316,0.0078997,-0.52964,0.15984,-0.14987,0.50845,0.16897,-0.091638,-0.0039239,0.30232,-0.002849,0,0.23394,0,-0.083905,0.14982,-0.013598,0.090391,0.15065,0.0297,-0.060348,-0.31821,-0.15629,0.061289,-0.31854,-0.10751,-0.1089,-0.68538,0.041205,0.024998,-0.7214,0.082013
0.012758,0.82221,-0.11063,-0.01105,0.64832,-0.045819,-0.1841,0.54593,-0.051444,0.1786,0.55967,0.011199,-0.35308,0.31099,-0.028228,0.30812,0.3118,-0.00173,-0.527,0.15865,-0.15182,0.49852,0.16802,-0.11992,-0.0031456,0.30231,-0.0041445,0,0.23349,0,-0.084336,0.14984,-0.01343,0.088833,0.15008,0.030211,-0.063152,-0.31853,-0.15508,0.066811,-0.32984,-0.099518,-0.10896,-0.70273,0.017999,0.022151,-0.73419,0.072693
0.014666,0.82131,-0.11251,-0.0082185,0.64776,-0.048237,-0.18219,0.54558,-0.055614,0.18005,0.55881,0.0076869,-0.3471,0.30728,-0.029981,0.30338,0.30415,-0.020478,-0.51409,0.15136,-0.1544,0.49523,0.15059,-0.15543,-0.002228,0.29722,-0.0050507,0,0.22631,0,-0.083618,0.14361,-0.013447,0.086354,0.14271,0.028602,-0.071705,-0.385,-0.12869,0.064781,-0.44243,-0.043582,-0.10379,-0.76264,0.0050517,0.036458,-0.8063,0.045044
0.015591,0.8096,-0.10125,-0.0040866,0.63912,-0.050056,-0.18242,0.53756,-0.052624,0.181,0.54353,0.0064237,-0.34324,0.27914,-0.033167,0.30193,0.29237,-0.028953,-0.51892,0.10119,-0.1877,0.48397,0.13267,-0.17011,-0.0013108,0.27903,-0.0054528,0,0.20596,0,-0.082877,0.11461,-0.010834,0.084279,0.12789,0.026323,-0.072,-0.45105,-0.11068,0.062862,-0.48933,-0.030861,-0.11897,-0.83301,0.0014034,0.046703,-0.87596,0.029987
0.022951,0.77669,-0.059265,0.0011755,0.59705,-0.034533,-0.17854,0.49227,-0.047386,0.18127,0.5081,0.016068,-0.34754,0.24491,-0.039951,0.29729,0.28819,-0.028606,-0.51571,0.093544,-0.18398,0.45954,0.091697,-0.20282,-0.00085803,0.24559,-0.0034237,0,0.17467,0,-0.081464,0.079715,-0.014988,0.081754,0.1044,0.024334,-0.074839,-0.50559,-0.090176,0.053152,-0.5306,-0.025475,-0.1071,-0.92441,0.0119,0.045009,-0.93169,0.034842
0.027902,0.75001,-0.048446,0.0046364,0.56177,-0.02345,-0.17712,0.45806,-0.034609,0.18328,0.4424,0.01376,-0.33977,0.21704,-0.045265,0.29634,0.18702,-0.065846,-0.49968,0.074751,-0.18601,0.46284,0.073718,-0.20335,6.4531e-05,0.19493,-0.0013759,0,0.12251,0,-0.085863,0.032234,-0.01932,0.084192,0.04614,0.022385,-0.068616,-0.52971,-0.086118,0.059788,-0.53712,-0.027466,-0.10755,-0.93855,0.022437,0.051731,-0.93398,0.039941
0.025538,0.69011,-0.028033,-0.00054881,0.51258,-0.00020399,-0.17719,0.39953,-0.022942,0.17979,0.39255,0.038211,-0.34376,0.16514,-0.046307,0.28987,0.16376,-0.054225,-0.51223,0.015958,-0.2086,0.47089,0.013341,-0.22795,-0.0011073,0.13939,0.0030402,0,0.064969,0,-0.083546,-0.015504,-0.024004,0.083735,-0.020263,0.018942,-0.074323,-0.54739,-0.078405,0.056943,-0.5439,-0.031049,-0.084978,-0.9541,0.063197,0.043976,-0.93566,0.056267
0.015576,0.6546,0.0082086,-0.014009,0.46907,0.014237,-0.18337,0.35566,-0.0093619,0.17268,0.3722,0.042669,-0.35946,0.13114,-0.055435,0.31254,0.11126,-0.063903,-0.54123,-0.018292,-0.24923,0.46114,-0.026459,-0.19942,-0.0031812,0.10461,0.0073093,0,0.031658,0,-0.081203,-0.048435,-0.024975,0.085488,-0.0503,0.015617,-0.068992,-0.55777,-0.076605,0.057996,-0.57564,-0.043699,-0.086143,-0.95549,0.065191,0.042736,-0.93412,0.056906
0.014529,0.64906,0.0090393,-0.014909,0.46422,0.014109,-0.17593,0.3374,-0.022602,0.16326,0.36273,0.041362,-0.36876,0.12306,-0.058443,0.31819,0.0969,-0.057261,-0.54402,-0.018938,-0.25217,0.46658,-0.032629,-0.20174,-0.0041729,0.091592,0.0095031,0,0.017443,0,-0.079417,-0.060194,-0.026288,0.083901,-0.058261,0.015306,-0.067365,-0.55984,-0.082467,0.054558,-0.57117,-0.051869,-0.087223,-0.95546,0.061816,0.041192,-0.93114,0.052832
0.012069,0.65643,0.0070916,-0.01497,0.46662,0.013533,-0.17594,0.34015,-0.022678,0.16077,0.36882,0.039004,-0.37389,0.12725,-0.05959,0.31908,0.10205,-0.032737,-0.54652,-0.01678,-0.25207,0.48109,-0.03484,-0.15089,-0.0044432,0.092517,0.011139,0,0.018397,0,-0.079044,-0.059475,-0.025932,0.083597,-0.057097,0.015358,-0.068176,-0.55956,-0.081959,0.060796,-0.54144,-0.048318,-0.088529,-0.95404,0.059621,0.035477,-0.93215,0.054412
0.0059409,0.71028,-0.017113,-0.011355,0.51939,0.011901,-0.19014,0.39539,-0.023208,0.16756,0.40451,0.044032,-0.37422,0.15846,-0.053192,0.32055,0.1259,-0.018268,-0.52911,0.030924,-0.2097,0.49863,-0.015713,-0.096206,-0.0043264,0.14843,0.012208,0,0.075226,0,-0.081074,-0.0086053,-0.029905,0.085412,-0.0095998,0.020084,-0.092779,-0.54376,-0.041552,0.068798,-0.53195,-0.030095,-0.089456,-0.94747,0.05643,0.040154,-0.93229,0.055345
0.0090034,0.76122,-0.014698,-0.0074608,0.58419,-0.00040994,-0.18197,0.45629,-0.032417,0.16607,0.47356,0.036113,-0.36251,0.21323,-0.039396,0.31502,0.19055,0.0071406,-0.51479,0.078487,-0.17982,0.48025,0.026295,-0.046677,-0.0038446,0.197,0.010312,0,0.11724,0,-0.081918,0.037825,-0.02824,0.084511,0.036512,0.023602,-0.097875,-0.54206,-0.019086,0.067257,-0.53514,0.021305,-0.1008,-0.94251,0.051002,0.046922,-0.92511,0.049495
0.01122,0.81206,-0.045412,-0.0072443,0.61311,-0.011481,-0.18369,0.51366,-0.030439,0.16372,0.52665,0.027154,-0.34742,0.27373,-0.029504,0.29714,0.2541,0.019915,-0.49934,0.11957,-0.16611,0.47,0.08769,-0.041365,-0.0035147,0.24792,0.007018,0,0.17345,0,-0.076995,0.086408,-0.019973,0.080273,0.099333,0.019765,-0.089996,-0.52313,-0.021139,0.078947,-0.4823,-0.0013897,-0.10769,-0.9178,0.03977,0.078038,-0.87312,0.055088
0.015017,0.82014,-0.058523,-0.0033604,0.63599,-0.038543,-0.18454,0.53134,-0.036185,0.15107,0.58377,0.010077,-0.34232,0.29196,-0.034146,0.29265,0.29944,0.02043,-0.49914,0.14125,-0.16216,0.48305,0.10494,-0.038998,-0.0019483,0.26787,0.0017702,0,0.19591,0,-0.077779,0.12251,-0.0081978,0.07821,0.11959,0.02029,-0.081875,-0.42749,-0.07447,0.084427,-0.43519,-0.032722,-0.098726,-0.80778,0.063836,0.078286,-0.81434,0.071557
0.016497,0.8229,-0.083754,-0.0022653,0.65297,-0.051317,-0.18293,0.53563,-0.04679,0.16017,0.58192,0.00015593,-0.34149,0.30215,-0.036398,0.30369,0.32377,0.013287,-0.49785,0.1513,-0.16869,0.47865,0.14155,-0.059335,-0.0019064,0.29594,-0.0017172,0,0.22313,0,-0.078995,0.13643,-0.011754,0.081689,0.14268,0.023811,-0.057492,-0.3409,-0.11482,0.073617,-0.339,-0.08493,-0.10645,-0.73232,0.0655,0.080451,-0.73532,0.11226
0.014957,0.82624,-0.09917,-0.0023799,0.65574,-0.059988,-0.18067,0.55067,-0.055079,0.16583,0.57866,-0.0071661,-0.33917,0.31012,-0.039854,0.30806,0.32189,0.0014848,-0.49471,0.15881,-0.17337,0.49366,0.14685,-0.08235,-0.0016737,0.30405,-0.0049487,0,0.2333,0,-0.084452,0.15451,-0.004271,0.084675,0.15428,0.025912,-0.046261,-0.31626,-0.13188,0.073141,-0.31831,-0.10163,-0.098457,-0.68889,0.065895,0.028324,-0.6871,0.1058
0.010979,0.82554,-0.12335,-0.001685,0.65625,-0.063413,-0.17994,0.55297,-0.059623,0.16843,0.57806,-0.0092609,-0.33969,0.31232,-0.038598,0.30574,0.32431,-0.003613,-0.49316,0.15859,-0.17593,0.48018,0.17099,-0.092922,-0.001509,0.30687,-0.0063335,0,0.23653,0,-0.084949,0.15699,-0.004881,0.085761,0.15688,0.02653,-0.043545,-0.31333,-0.13307,0.072909,-0.31597,-0.097938,-0.091756,-0.68734,0.064256,0.017373,-0.69162,0.093655
0.0042691,0.82984,-0.13056,-0.0044193,0.65777,-0.068459,-0.18251,0.55521,-0.063136,0.15963,0.58725,-0.012221,-0.33865,0.3123,-0.040473,0.29922,0.32825,-0.0095728,-0.49234,0.15336,-0.17871,0.47593,0.1655,-0.13043,-0.0015291,0.30699,-0.007834,0,0.23637,0,-0.083614,0.15602,-0.0048908,0.08388,0.15899,0.028865,-0.050257,-0.33063,-0.12255,0.074582,-0.33858,-0.073485,-0.085814,-0.71417,0.069627,-0.017855,-0.74443,0.060684
0.0021696,0.8273,-0.13428,-0.015964,0.64622,-0.078326,-0.18732,0.55282,-0.063613,0.1579,0.58679,-0.013988,-0.33665,0.30977,-0.041226,0.2938,0.30847,-0.033094,-0.48846,0.13083,-0.19164,0.47136,0.15603,-0.14567,-0.0025357,0.30247,-0.0092207,0,0.23228,0,-0.081425,0.14988,-0.003714,0.084286,0.15676,0.02878,-0.053188,-0.35427,-0.1106,0.060569,-0.42203,-0.023471,-0.090999,-0.7829,0.0088647,0.0089498,-0.81219,0.044265
-0.0024494,0.80306,-0.13822,-0.0095449,0.63203,-0.078259,-0.19009,0.54005,-0.063837,0.15494,0.552,-0.017843,-0.33491,0.27488,-0.048235,0.29232,0.26347,-0.057956,-0.48836,0.085119,-0.2124,0.45633,0.12414,-0.16991,-0.0018623,0.28002,-0.010015,0,0.20856,0,-0.079128,0.12296,-0.0039994,0.081587,0.13398,0.028435,-0.045452,-0.47302,-0.057757,0.05185,-0.4977,0.00020497,-0.095973,-0.86024,-0.01186,0.0038385,-0.84926,0.035219
-0.00044456,0.79455,-0.12606,-0.0092851,0.61157,-0.069627,-0.18891,0.50715,-0.053855,0.15559,0.53527,-0.013793,-0.32756,0.26322,-0.044201,0.28958,0.26843,-0.047125,-0.46492,0.090224,-0.18444,0.43981,0.094316,-0.19696,-0.002228,0.23877,-0.0087804,0,0.16251,0,-0.075829,0.073606,-0.0054812,0.080417,0.09871,0.025778,-0.047535,-0.51176,-0.050715,0.054909,-0.51306,0.0043014,-0.098507,-0.92833,0.0069366,0.0072146,-0.91828,0.053753
-0.00021507,0.74663,-0.088367,0.00068101,0.56507,-0.048589,-0.18154,0.4728,-0.048196,0.15239,0.48014,-0.0034472,-0.3255,0.20706,-0.039077,0.28838,0.21189,-0.065296,-0.4729,0.040258,-0.18477,0.43615,0.07093,-0.1985,-0.0012669,0.22241,-0.0076967,0,0.15058,0,-0.077669,0.057327,-0.011605,0.07898,0.087638,0.024737,-0.048997,-0.51685,-0.050957,0.054154,-0.51907,0.0056636,-0.11,-0.94242,0.026433,0.011663,-0.92105,0.05888
0.0048068,0.69897,-0.053895,-0.0098486,0.51425,-0.030212,-0.18648,0.4029,-0.026157,0.15369,0.4178,0.015456,-0.3373,0.14807,-0.047685,0.28933,0.16276,-0.053434,-0.48498,-0.0087181,-0.21057,0.43854,0.015186,-0.20175,-0.0021657,0.15711,-0.0036365,0,0.085505,0,-0.077974,-0.0071099,-0.016736,0.081603,0.020154,0.022742,-0.050807,-0.54324,-0.043451,0.066507,-0.5593,0.0088461,-0.1711,-0.96643,0.049234,0.018134,-0.89764,0.069436
-0.00090177,0.67081,-0.04054,-0.019184,0.46784,-0.0075535,-0.18724,0.3516,-0.022366,0.15614,0.3848,0.028718,-0.33233,0.12577,-0.052109,0.29626,0.12547,-0.055786,-0.48,-0.016348,-0.21367,0.44479,-0.010082,-0.20848,-0.0036493,0.11961,-0.00013632,0,0.049768,0,-0.075223,-0.048326,-0.02148,0.08186,-0.015415,0.019876,-0.051451,-0.54366,-0.052308,0.068987,-0.55417,0.0028608,-0.16863,-0.96617,0.049813,-0.0029357,-0.93852,0.088421
-0.0011105,0.64931,-0.039176,-0.021327,0.46095,-0.0072436,-0.18687,0.34206,-0.024652,0.15486,0.37524,0.037496,-0.33584,0.11659,-0.054745,0.28807,0.10852,-0.048491,-0.48197,-0.022353,-0.21608,0.44382,-0.023726,-0.20483,-0.0043146,0.10442,0.00042661,0,0.032884,0,-0.077778,-0.052962,-0.023455,0.085996,-0.048054,0.023212,-0.045088,-0.55489,-0.064187,0.054583,-0.58982,-0.036752,-0.17255,-0.96433,0.045806,-0.0072119,-0.94265,0.093688
-0.0044102,0.65043,-0.037553,-0.019292,0.46564,-0.0048026,-0.1894,0.34672,-0.023333,0.15367,0.37632,0.037772,-0.3373,0.11835,-0.056624,0.28158,0.10802,-0.042298,-0.48351,-0.024082,-0.22073,0.44997,-0.036209,-0.18065,-0.0042076,0.10553,0.0011327,0,0.033731,0,-0.078007,-0.052217,-0.024071,0.086546,-0.045854,0.02268,-0.052685,-0.55094,-0.063733,0.053616,-0.54708,-0.0083547,-0.099571,-0.95158,0.067933,-0.0093316,-0.94274,0.093894
0.0026595,0.70233,-0.035779,-0.015839,0.51889,-0.004169,-0.19182,0.39515,-0.022677,0.15348,0.42628,0.03647,-0.33757,0.14163,-0.047087,0.2905,0.15525,-0.0047241,-0.48017,-0.020407,-0.20953,0.45143,-0.020021,-0.10626,-0.0037347,0.13859,0.0016662,0,0.062653,0,-0.078648,-0.017327,-0.02457,0.084244,-0.014735,0.018985,-0.093052,-0.54383,-0.03405,0.063382,-0.52745,0.03747,-0.098144,-0.95046,0.077933,0.0014495,-0.92418,0.10821
0.0084369,0.76546,-0.043905,-0.0069398,0.58225,0.00023047,-0.17959,0.46583,-0.027379,0.15625,0.49483,0.041937,-0.32649,0.18201,-0.037816,0.28328,0.20128,0.025138,-0.47243,0.023398,-0.17554,0.46249,0.010036,-0.041423,-0.0024419,0.20537,0.0035237,0,0.13026,0,-0.079452,0.052458,-0.027171,0.081882,0.049769,0.02222,-0.10763,-0.52033,0.010199,0.059926,-0.50775,0.066731,-0.13705,-0.95231,0.042331,0.011424,-0.90679,0.10028
0.0033794,0.79594,-0.068888,-0.0079699,0.60756,-0.016223,-0.18517,0.50508,-0.020986,0.1585,0.5407,0.041761,-0.32744,0.22625,0.0012494,0.28093,0.26584,0.043628,-0.4602,0.069646,-0.14802,0.45011,0.066001,-0.01444,-0.0023143,0.244,2.9422e-05,0,0.17254,0,-0.076934,0.086714,-0.020263,0.08001,0.095471,0.021695,-0.10433,-0.5153,0.0089432,0.060604,-0.50945,0.07058,-0.14333,-0.86272,0.048008,0.018963,-0.9026,0.10447
0.0069166,0.80576,-0.11009,-0.0074425,0.6285,-0.041826,-0.18562,0.53284,-0.031563,0.16402,0.55482,0.020165,-0.322,0.27042,-0.028281,0.29004,0.2713,0.031827,-0.45568,0.097904,-0.15067,0.47037,0.11181,-0.015953,-0.0018818,0.27424,-0.00529,0,0.20436,0,-0.079879,0.11924,-0.013269,0.082334,0.13136,0.026836,-0.091972,-0.42388,-0.056182,0.058505,-0.44852,-0.01079,-0.13783,-0.80117,0.054633,0.023297,-0.82905,0.13958
0.011856,0.80707,-0.13518,-0.011031,0.63775,-0.05667,-0.18599,0.54687,-0.04246,0.16281,0.56676,0.0065522,-0.32115,0.27907,-0.032054,0.29657,0.29784,0.024772,-0.4641,0.11171,-0.15841,0.47498,0.11931,-0.025457,-0.0026436,0.29791,-0.0085979,0,0.231,0,-0.081756,0.15103,-0.0098984,0.086093,0.15239,0.028967,-0.064565,-0.32715,-0.11076,0.066655,-0.32385,-0.078256,-0.11731,-0.71796,0.068975,0.01807,-0.71567,0.12952
0.013611,0.80299,-0.16171,-0.012982,0.63902,-0.07113,-0.18724,0.55567,-0.055242,0.16089,0.56692,-0.010652,-0.3248,0.29566,-0.034756,0.2964,0.29812,0.01671,-0.47732,0.11523,-0.17581,0.48132,0.14572,-0.07714,-0.0029659,0.3024,-0.01148,0,0.2365,0,-0.081724,0.1577,-0.0052311,0.087701,0.16014,0.032511,-0.029568,-0.3084,-0.14514,0.065592,-0.30944,-0.10325,-0.13345,-0.64406,0.052635,0.0033348,-0.67836,0.13631
0.013634,0.80163,-0.17189,-0.010978,0.63553,-0.085959,-0.18862,0.55517,-0.06268,0.16343,0.56144,-0.024125,-0.32627,0.29837,-0.040985,0.29233,0.30132,0.00066198,-0.48266,0.11476,-0.18681,0.46393,0.14952,-0.10427,-0.0026162,0.30518,-0.014337,0,0.24055,0,-0.083868,0.16175,0.00088755,0.088525,0.16381,0.033471,-0.030662,-0.30143,-0.14878,0.066665,-0.30648,-0.099379,-0.11017,-0.64843,0.042331,-0.017001,-0.65078,0.090586
0.020274,0.79802,-0.18527,-0.0039135,0.63435,-0.092976,-0.18704,0.55476,-0.071458,0.1667,0.55919,-0.028623,-0.32888,0.29796,-0.045358,0.29346,0.29763,-0.032467,-0.48175,0.11511,-0.18687,0.46555,0.12713,-0.15345,-0.0023397,0.30504,-0.014825,0,0.24021,0,-0.084545,0.1604,0.00063158,0.087766,0.16298,0.033553,-0.053759,-0.31845,-0.13732,0.06481,-0.31782,-0.085031,-0.084725,-0.69662,-0.0054695,-0.00054028,-0.71587,0.027693
0.024553,0.79445,-0.18676,0.002035,0.63063,-0.096182,-0.17798,0.55022,-0.084833,0.17663,0.55384,-0.035327,-0.32825,0.29177,-0.050321,0.29389,0.29715,-0.047534,-0.47332,0.11503,-0.18344,0.46033,0.10637,-0.18892,-0.00030373,0.29582,-0.015694,0,0.22718,0,-0.084569,0.14398,0.002696,0.083276,0.14979,0.031449,-0.037873,-0.38286,-0.10546,0.053333,-0.43217,-0.050376,-0.08019,-0.78523,-0.068806,0.017181,-0.7915,-0.006764
0.036773,0.76848,-0.19953,0.013342,0.60031,-0.10974,-0.17319,0.54012,-0.086171,0.18413,0.54179,-0.040944,-0.32648,0.28141,-0.048458,0.29027,0.28002,-0.059884,-0.45987,0.11015,-0.17253,0.44918,0.085693,-0.19463,0.0011165,0.28068,-0.01792,0,0.21511,0,-0.084188,0.13556,0.0059686,0.080033,0.13618,0.029982,-0.043588,-0.48501,-0.066072,0.043904,-0.51019,-0.03411,-0.039296,-0.89041,-0.082526,0.041615,-0.88968,-0.062866
0.039394,0.75724,-0.18161,0.021753,0.58505,-0.097692,-0.16565,0.51237,-0.082217,0.1881,0.51158,-0.038041,-0.32453,0.26322,-0.041813,0.28625,0.24221,-0.057133,-0.45435,0.086561,-0.16772,0.43132,0.054349,-0.18378,0.0036663,0.25081,-0.016198,0,0.1828,0,-0.085368,0.10299,0.0032658,0.075466,0.10497,0.029634,-0.05144,-0.52169,-0.054478,0.038763,-0.53143,-0.026215,-0.064101,-0.95721,-0.081919,0.065866,-0.86994,-0.061017
0.047779,0.73421,-0.15645,0.02157,0.55111,-0.080932,-0.16006,0.48299,-0.070914,0.19345,0.46788,-0.023412,-0.31763,0.23042,-0.038532,0.2895,0.1801,-0.055563,-0.45908,0.061066,-0.16771,0.43737,-0.003346,-0.19419,0.0033857,0.21878,-0.014048,0,0.15163,0,-0.08594,0.072204,-0.002236,0.076873,0.068118,0.027336,-0.050222,-0.5251,-0.045297,0.041706,-0.53306,-0.019577,-0.067068,-0.94357,-0.056043,0.042651,-0.95213,-0.022386
0.049006,0.69879,-0.112,0.019137,0.51795,-0.051934,-0.16943,0.42807,-0.038767,0.19385,0.4129,0.0071249,-0.32891,0.16066,-0.023739,0.29282,0.15252,-0.035773,-0.46653,0.017922,-0.17335,0.4396,-0.022928,-0.17461,0.002889,0.16283,-0.0092325,0,0.092899,0,-0.087304,0.0020112,-0.0063452,0.079869,0.018345,0.020776,-0.062826,-0.52758,-0.037844,0.052196,-0.5403,-0.019211,-0.069054,-0.95806,0.027084,0.030716,-0.95537,0.033841
0.043948,0.65946,-0.069323,0.017795,0.48059,-0.034437,-0.15675,0.3693,-0.039339,0.19032,0.37078,0.024247,-0.33422,0.13493,-0.024286,0.29839,0.098034,-0.020217,-0.49016,-0.016546,-0.20209,0.44341,-0.04193,-0.15827,0.0026694,0.12549,-0.0066169,0,0.052706,0,-0.080654,-0.033038,-0.0091893,0.073934,-0.017984,0.017526,-0.039926,-0.55406,-0.057807,0.057462,-0.54354,-0.035661,-0.067711,-0.95587,0.037973,0.026177,-0.95751,0.043058
0.038966,0.64008,-0.032879,0.012504,0.4647,-0.024626,-0.15686,0.34983,-0.032573,0.18741,0.35867,0.040208,-0.34246,0.12368,-0.033592,0.29546,0.091154,-0.013716,-0.49313,-0.018751,-0.20275,0.45611,-0.065287,-0.14471,0.0016665,0.1038,-0.0051801,0,0.031485,0,-0.078744,-0.057305,-0.013639,0.074696,-0.039813,0.016519,-0.034365,-0.54966,-0.079523,0.060483,-0.54018,-0.065614,-0.055234,-0.96066,0.039892,0.02541,-0.9592,0.046898
0.034653,0.64387,-0.028402,0.005136,0.46406,-0.021103,-0.16951,0.35271,-0.023146,0.18344,0.36161,0.0438,-0.34511,0.12386,-0.033284,0.29594,0.089064,0.0061069,-0.48927,-0.011374,-0.21167,0.46601,-0.075998,-0.12029,0.00043907,0.10373,-0.0049301,0,0.031469,0,-0.078617,-0.055917,-0.016006,0.082569,-0.045127,0.01817,-0.03902,-0.54661,-0.080696,0.059421,-0.54182,-0.067109,-0.04997,-0.96323,0.034654,0.02461,-0.9599,0.046321
0.035816,0.70307,-0.0087411,0.0044063,0.5095,-0.0053979,-0.17778,0.39616,-0.012882,0.17387,0.40915,0.057664,-0.34933,0.13911,-0.022189,0.29619,0.11592,0.035335,-0.48344,0.020139,-0.19093,0.46941,-0.065034,-0.080255,0.0002797,0.12883,-0.0022272,0,0.054069,0,-0.08086,-0.021536,-0.024778,0.081023,-0.030922,0.020432,-0.087225,-0.54178,-0.048416,0.061738,-0.54247,-0.044358,-0.052613,-0.96225,0.045497,0.036958,-0.90544,0.011004
0.028017,0.74722,-0.038696,0.01028,0.56803,-0.0046408,-0.17023,0.46021,-0.011531,0.18162,0.46205,0.060661,-0.34278,0.19247,-0.0046496,0.28738,0.17547,0.068673,-0.47977,0.056971,-0.16319,0.46762,-0.015229,-0.0010719,0.0011333,0.18751,-0.00077771,0,0.11146,0,-0.083663,0.032758,-0.019502,0.080013,0.028036,0.016213,-0.08685,-0.54266,-0.028425,0.060616,-0.54183,-0.017742,-0.10306,-0.9516,0.019308,0.040739,-0.90637,0.015526
0.025141,0.80526,-0.03685,0.0064107,0.61165,-0.009153,-0.1701,0.49655,-0.018564,0.17093,0.52917,0.050912,-0.33614,0.24499,-0.0060196,0.26465,0.24225,0.069424,-0.48531,0.071007,-0.16049,0.45479,0.042433,0.033593,0.00039111,0.24346,-0.0013818,0,0.16942,0,-0.077491,0.090195,-0.020625,0.075334,0.08927,0.018996,-0.080704,-0.52571,-0.025571,0.063758,-0.5382,-0.01397,-0.069256,-0.91086,0.0020791,0.044677,-0.9083,0.0090775
0.020462,0.81443,-0.066795,0.0011677,0.63418,-0.017112,-0.18011,0.54665,-0.016436,0.17541,0.54344,0.043376,-0.33164,0.27425,-0.01025,0.2833,0.27847,0.07706,-0.48513,0.12431,-0.1589,0.46511,0.077112,0.022786,-0.00023527,0.26816,-0.0030363,0,0.19545,0,-0.080066,0.11277,-0.019119,0.07996,0.11148,0.01991,-0.069017,-0.45187,-0.072772,0.064308,-0.47275,-0.040278,-0.081254,-0.81703,0.0096708,0.048291,-0.82923,0.039286
0.022241,0.81975,-0.083398,0.001335,0.64095,-0.029169,-0.18537,0.55418,-0.020395,0.17701,0.56811,0.034503,-0.3309,0.28455,-0.018129,0.28984,0.29567,0.067515,-0.49005,0.1312,-0.16554,0.47195,0.1125,-0.011803,-0.00025322,0.2925,-0.006309,0,0.22474,0,-0.08411,0.13949,-0.014261,0.085183,0.1405,0.021938,-0.042385,-0.35362,-0.12971,0.069785,-0.34837,-0.10827,-0.070019,-0.75685,0.027996,0.032024,-0.76507,0.054903
0.02247,0.82488,-0.089246,-0.0024466,0.64472,-0.035063,-0.19005,0.55789,-0.022769,0.1758,0.57255,0.033595,-0.33553,0.29431,-0.021532,0.29023,0.29794,0.064131,-0.49659,0.1417,-0.17376,0.4769,0.11934,-0.022761,-0.001042,0.30421,-0.007323,0,0.23708,0,-0.085473,0.14911,-0.016527,0.088435,0.15305,0.027675,-0.027063,-0.31636,-0.15522,0.064185,-0.31834,-0.11841,-0.14673,-0.66683,0.023714,0.0035999,-0.71846,0.07249
0.020156,0.83244,-0.10156,-0.0044817,0.65096,-0.038897,-0.18863,0.56418,-0.026896,0.17617,0.57436,0.030727,-0.33727,0.29825,-0.028163,0.29056,0.30159,0.055528,-0.50123,0.15073,-0.19777,0.47702,0.13566,-0.058431,-0.0012552,0.30872,-0.0077398,0,0.24081,0,-0.08588,0.15505,-0.015383,0.088177,0.1578,0.028218,-0.030615,-0.30988,-0.15733,0.066861,-0.31704,-0.12073,-0.14601,-0.66286,0.022025,0.0038257,-0.71589,0.071872
0.019475,0.83411,-0.10283,-0.0050592,0.6519,-0.039236,-0.18839,0.56474,-0.027778,0.17486,0.57531,0.035123,-0.33694,0.30038,-0.030729,0.29006,0.30217,0.045892,-0.49745,0.14979,-0.20012,0.47929,0.13804,-0.097326,-0.001289,0.30891,-0.007936,0,0.24082,0,-0.085545,0.15503,-0.015748,0.087876,0.15791,0.028469,-0.037967,-0.31037,-0.15887,0.068702,-0.31834,-0.11954,-0.089011,-0.71901,0.018492,-0.010802,-0.72721,0.048066
0.01814,0.83167,-0.088559,-0.0054591,0.65284,-0.037752,-0.1867,0.5648,-0.028827,0.17541,0.56948,0.04204,-0.33544,0.2994,-0.03282,0.28494,0.30494,0.020766,-0.49216,0.14102,-0.20792,0.46636,0.14094,-0.10596,-0.0010674,0.30605,-0.0078104,0,0.23618,0,-0.084114,0.15217,-0.016179,0.086292,0.15172,0.027074,-0.062152,-0.36607,-0.1472,0.055236,-0.42231,-0.06677,-0.13837,-0.76129,-0.0077869,-0.014094,-0.78788,0.05999
0.017769,0.82452,-0.07676,-0.00076712,0.65074,-0.029709,-0.18104,0.56375,-0.023646,0.17371,0.5568,0.048434,-0.32968,0.28776,-0.034913,0.28613,0.29845,0.020335,-0.47691,0.11689,-0.22414,0.45511,0.13762,-0.12011,-6.1099e-05,0.28625,-0.0052812,0,0.21055,0,-0.079201,0.133,-0.017016,0.079497,0.12429,0.021907,-0.056545,-0.46388,-0.099388,0.046708,-0.4992,-0.039813,-0.15762,-0.84401,-0.040799,0.0046676,-0.87356,0.031602
0.016834,0.80619,-0.055094,-0.0050252,0.62972,-0.018182,-0.18784,0.52584,-0.017963,0.16695,0.53734,0.05482,-0.32259,0.25569,-0.038447,0.27379,0.25697,0.0061922,-0.46915,0.096704,-0.21452,0.45272,0.11647,-0.1327,-0.0012252,0.2595,-0.0044152,0,0.18622,0,-0.077367,0.10962,-0.018284,0.079285,0.099437,0.019412,-0.07225,-0.52604,-0.093802,0.047689,-0.52725,-0.030146,-0.1612,-0.91426,-0.030581,0.0046946,-0.90904,0.035706
0.019126,0.77072,-0.022959,-0.01382,0.58509,0.0040935,-0.18362,0.48588,-0.010467,0.17034,0.47268,0.065578,-0.31692,0.22027,-0.043149,0.29682,0.19908,-0.0097728,-0.46791,0.055736,-0.23233,0.45496,0.080731,-0.16779,-0.0029355,0.20273,0.00077084,0,0.12642,0,-0.080877,0.044156,-0.027139,0.085859,0.043317,0.020653,-0.065395,-0.53442,-0.089935,0.049869,-0.53386,-0.029676,-0.16775,-0.9503,-0.017862,-0.0022238,-0.94824,0.03071
0.014138,0.72723,-0.00051193,-0.019494,0.531,0.011662,-0.19347,0.41904,-0.0035178,0.16105,0.41673,0.070145,-0.33046,0.16368,-0.055839,0.2926,0.18717,-0.0077369,-0.47145,0.023407,-0.23581,0.44759,0.061257,-0.15531,-0.0042165,0.16071,0.0041023,0,0.087742,0,-0.080346,0.0029053,-0.025113,0.087174,0.0096199,0.016403,-0.058598,-0.5333,-0.089286,0.052882,-0.55158,-0.036077,-0.16662,-0.9533,0.0001932,-0.0059146,-0.96268,0.063744
0.016984,0.67755,0.01618,-0.016153,0.50091,0.019039,-0.18622,0.40234,-0.005084,0.16362,0.38256,0.072019,-0.324,0.14479,-0.057286,0.28842,0.14869,-0.0002952,-0.46349,0.017202,-0.24051,0.45235,0.026593,-0.15792,-0.004339,0.12922,0.0080448,0,0.055104,0,-0.076705,-0.02253,-0.026657,0.081902,-0.028173,0.014624,-0.048111,-0.54173,-0.097451,0.058339,-0.61147,-0.04241,-0.16306,-0.95417,-0.00089245,-0.010718,-0.96684,0.061933
0.015129,0.67325,0.01937,-0.016036,0.47971,0.015072,-0.18832,0.34811,-0.014694,0.17048,0.36085,0.081472,-0.33307,0.12631,-0.066566,0.29185,0.12785,-0.0012828,-0.46776,0.0065301,-0.24986,0.4696,-0.0044122,-0.15893,-0.0051459,0.1185,0.0096316,0,0.046527,0,-0.077575,-0.038907,-0.028595,0.084319,-0.039153,0.018191,-0.048404,-0.54537,-0.10499,0.054672,-0.61219,-0.044692,-0.16457,-0.9545,-0.00229,-0.015755,-0.96781,0.061717
0.013407,0.67552,0.022393,-0.016097,0.48162,0.012959,-0.19439,0.37008,-0.0076918,0.16765,0.36864,0.076273,-0.33453,0.13044,-0.067164,0.29471,0.12732,0.0014868,-0.46901,0.00745,-0.2512,0.47373,-0.010882,-0.12514,-0.0052432,0.11844,0.011215,0,0.046493,0,-0.077666,-0.038971,-0.02854,0.08434,-0.039056,0.01822,-0.049054,-0.54535,-0.10465,0.049521,-0.61403,-0.037668,-0.16447,-0.95469,-0.0025077,-0.016002,-0.96783,0.061187
0.00031461,0.72324,0.002441,-0.017247,0.52855,0.0077996,-0.19056,0.40136,-0.010745,0.15974,0.42477,0.065599,-0.34452,0.16537,-0.071614,0.30502,0.15182,0.027938,-0.47332,0.030738,-0.24001,0.48057,0.0076553,-0.085543,-0.0054038,0.13968,0.011306,0,0.063971,0,-0.076924,-0.018608,-0.026657,0.083928,-0.013325,0.016843,-0.092826,-0.55831,-0.06321,0.051561,-0.54699,-0.01408,-0.16655,-0.95497,0.00017849,-0.018029,-0.96711,0.064804
0.0085255,0.76325,-0.021041,-0.014782,0.58027,-0.0027882,-0.18903,0.4749,-0.0061138,0.16432,0.47756,0.069478,-0.3409,0.19312,-0.051833,0.3017,0.18802,0.051655,-0.48007,0.053102,-0.22746,0.47762,0.03934,-0.042706,-0.005098,0.20472,0.0090304,0,0.13008,0,-0.079352,0.04817,-0.021436,0.084714,0.04869,0.017404,-0.11067,-0.55036,-0.039794,0.051651,-0.53377,-0.0020075,-0.17334,-0.94241,-0.0010709,0.019592,-0.90846,0.027313
0.0052558,0.79725,-0.046726,-0.014683,0.61335,-0.013147,-0.1918,0.49663,-0.013651,0.16392,0.52754,0.052851,-0.33532,0.2441,-0.04047,0.28218,0.25066,0.058357,-0.48164,0.088426,-0.20576,0.47432,0.067263,-0.03194,-0.0045235,0.25195,0.0059569,0,0.17959,0,-0.076781,0.093657,-0.01976,0.082103,0.098585,0.019706,-0.11192,-0.53843,-0.044935,0.052543,-0.53118,-0.0089902,-0.18467,-0.89095,-0.017826,0.018394,-0.90406,0.024041
0.010481,0.79511,-0.077936,-0.0089351,0.61578,-0.026406,-0.18575,0.54495,-0.02814,0.16867,0.54127,0.042208,-0.3344,0.26287,-0.04492,0.29084,0.26784,0.053617,-0.48457,0.10113,-0.21011,0.47827,0.081585,-0.043409,-0.0029929,0.26679,0.0012445,0,0.1996,0,-0.079605,0.11713,-0.015094,0.081057,0.12024,0.023908,-0.09798,-0.42836,-0.090052,0.068253,-0.42027,-0.073695,-0.17316,-0.80728,-0.0094884,0.02655,-0.80441,0.059697
0.017704,0.79605,-0.10477,-0.0052955,0.62036,-0.040109,-0.18583,0.5456,-0.03709,0.17262,0.54428,0.028091,-0.33171,0.27685,-0.046274,0.29707,0.27365,0.044434,-0.48698,0.1022,-0.21941,0.48122,0.08442,-0.0571,-0.002062,0.27945,-0.0017584,0,0.21203,0,-0.082386,0.12903,-0.011191,0.082679,0.13071,0.025174,-0.077935,-0.34809,-0.13158,0.068926,-0.35472,-0.1036,-0.15943,-0.72571,0.015266,0.021891,-0.74468,0.065666
0.01902,0.79488,-0.1151,-0.00087833,0.62037,-0.049089,-0.18568,0.54357,-0.040908,0.17735,0.54307,0.019361,-0.3315,0.27934,-0.04655,0.29827,0.27388,0.031491,-0.48705,0.11255,-0.2077,0.48186,0.083797,-0.084829,-0.0013579,0.28283,-0.0041484,0,0.216,0,-0.084416,0.13219,-0.0096051,0.083709,0.13488,0.027999,-0.036041,-0.33351,-0.15112,0.070431,-0.32943,-0.12639,-0.13298,-0.70411,0.032921,0.01654,-0.69414,0.070239
0.021111,0.7899,-0.12167,0.0019795,0.61955,-0.052424,-0.18455,0.54175,-0.043957,0.17892,0.54273,0.014647,-0.33245,0.27995,-0.049548,0.29976,0.27202,0.017421,-0.48728,0.11276,-0.21047,0.47642,0.082505,-0.10519,-0.00080399,0.28315,-0.0051929,0,0.21614,0,-0.085073,0.13205,-0.0094051,0.083609,0.13484,0.028342,-0.038433,-0.33285,-0.15417,0.0699,-0.3294,-0.12601,-0.08056,-0.71507,0.02731,0.0073424,-0.70865,0.068047
0.025864,0.78138,-0.12616,0.0077234,0.61329,-0.056288,-0.18205,0.5381,-0.048552,0.18028,0.5386,0.0087323,-0.33225,0.2795,-0.051871,0.29393,0.27034,0.0062393,-0.48152,0.11189,-0.21063,0.46438,0.074214,-0.13323,-3.7169e-05,0.27868,-0.0062491,0,0.2113,0,-0.085405,0.1273,-0.0066296,0.082404,0.13116,0.026167,-0.05095,-0.34011,-0.14585,0.074471,-0.33747,-0.11299,-0.074813,-0.74769,0.010443,0.019875,-0.75952,0.034834
0.024992,0.77713,-0.13279,0.0072438,0.60765,-0.059758,-0.17466,0.52583,-0.052188,0.17716,0.53557,0.0042112,-0.32989,0.27196,-0.048826,0.28726,0.26622,-0.0058902,-0.47503,0.10366,-0.21394,0.44825,0.072594,-0.14772,0.00025734,0.26026,-0.007274,0,0.18894,0,-0.084445,0.10994,-0.0055675,0.079478,0.11133,0.022818,-0.046707,-0.43632,-0.093248,0.063882,-0.46443,-0.045494,-0.078281,-0.81898,-0.011142,0.0076014,-0.81702,0.051201
0.026839,0.77167,-0.1294,0.0089765,0.60259,-0.057366,-0.17156,0.51278,-0.05272,0.18905,0.50682,0.0075515,-0.32247,0.25734,-0.042844,0.28305,0.25202,-0.020969,-0.46672,0.092295,-0.21153,0.43833,0.060915,-0.17297,0.00085175,0.24576,-0.007068,0,0.17304,0,-0.085121,0.10185,-0.0059235,0.080593,0.072755,0.021873,-0.060015,-0.51116,-0.069008,0.057422,-0.52359,-0.033292,-0.051489,-0.90328,0.009103,0.021371,-0.92522,0.041355
0.035267,0.74952,-0.096354,0.019817,0.57654,-0.043864,-0.16502,0.4836,-0.036187,0.1884,0.48603,0.01843,-0.32058,0.2359,-0.034069,0.29058,0.1865,-0.04543,-0.46039,0.079946,-0.20558,0.43389,0.031847,-0.20384,0.0029371,0.20224,-0.0048389,0,0.12609,0,-0.086885,0.047741,-0.011512,0.077879,0.052769,0.024517,-0.069543,-0.52223,-0.060253,0.050081,-0.53276,-0.024945,-0.074255,-0.94636,0.032359,0.025701,-0.93475,0.055919
0.035806,0.7137,-0.05331,0.015434,0.53005,-0.020468,-0.17129,0.42932,-0.019799,0.18383,0.42616,0.03073,-0.32534,0.16635,-0.033195,0.28119,0.1754,-0.052251,-0.45659,0.036288,-0.19918,0.43777,-0.011276,-0.2115,0.0020563,0.16218,-0.0021919,0,0.088238,0,-0.085731,0.0079377,-0.013981,0.080938,0.00025303,0.015389,-0.072106,-0.53549,-0.053555,0.044546,-0.53747,-0.020251,-0.074528,-0.94991,0.046968,0.023181,-0.93833,0.066399
