-0.0053056,0.59936,-0.070896,0.0027256,0.42874,-0.019455,-0.20203,0.31126,-0.009467,0.1922,0.31357,0.016995,-0.27524,0.091672,-0.030391,0.27781,0.082187,-0.033849,-0.36688,-0.0025974,-0.23491,0.32251,-0.063861,-0.2218,0.00040372,0.049275,-0.004805,0,-0.02615,0,-0.091966,-0.1141,-0.000932,0.09188,-0.11477,0.003806,-0.083002,-0.57983,-0.022819,0.084091,-0.57473,0.001011,-0.10718,-0.97836,0.078916,0.0031921,-0.96866,0.078479
0.00049725,0.67309,-0.062089,0.0038567,0.482,-0.017494,-0.19446,0.37786,0.000813,0.19071,0.38024,0.012032,-0.27688,0.15407,-0.043726,0.28191,0.11176,-0.020672,-0.35391,-0.007192,-0.20483,0.31777,-0.061965,-0.18337,0.00061099,0.11049,-0.004659,0,0.036181,0,-0.089421,-0.048355,0.001422,0.087921,-0.052614,-2.7e-05,-0.087531,-0.56781,0.012448,0.080409,-0.5726,0.036505,-0.089398,-0.96939,0.079583,0.018147,-0.98052,0.08811
0.0051757,0.72236,-0.063122,0.0078607,0.54153,-0.018825,-0.19187,0.42074,0.003785,0.19843,0.4292,0.012087,-0.27246,0.15972,-0.042034,0.26881,0.1347,-0.001565,-0.34375,-0.035252,-0.15856,0.29857,-0.061374,-0.1388,0.0013007,0.16156,-0.005007,0,0.084982,0,-0.090233,-0.0053855,0.00247,0.087211,-0.002405,-0.000574,-0.096177,-0.55897,0.021847,0.064364,-0.53623,0.04767,-0.090941,-0.95566,0.070881,0.018016,-0.97317,0.088515
0.00055069,0.75186,-0.07031,0.0071968,0.56265,-0.025141,-0.18931,0.46644,-0.004793,0.19258,0.47986,0.009571,-0.25789,0.19239,-0.037623,0.25351,0.18599,0.020685,-0.32081,-0.028157,-0.084011,0.29407,-0.036882,-0.041737,0.0011378,0.2006,-0.006497,0,0.12944,0,-0.08811,0.04517,0.004873,0.085328,0.046852,0.000572,-0.099569,-0.54074,0.011525,0.069091,-0.51655,0.01914,-0.086401,-0.95346,0.08682,-0.0035212,-0.95897,0.10566
-0.007238,0.77309,-0.074308,0.00040907,0.57921,-0.035832,-0.19493,0.48897,-0.004155,0.18845,0.4827,0.001864,-0.26127,0.19893,-0.035738,0.24971,0.18834,0.032249,-0.3186,-0.025273,-0.03773,0.28922,-0.039789,0.027881,-5.17e-06,0.22061,-0.008225,0,0.14922,0,-0.087644,0.064723,0.005107,0.087295,0.062707,0.003723,-0.11449,-0.41299,-0.067156,0.081734,-0.40527,-0.049322,-0.086824,-0.8132,0.14532,-0.00089687,-0.79276,0.15665
-0.0081845,0.78079,-0.075587,0.0008872,0.59328,-0.047205,-0.19593,0.49672,-0.001834,0.18126,0.48552,-0.009849,-0.25876,0.21041,-0.017793,0.24943,0.19496,0.039877,-0.31792,-0.012922,-0.012795,0.29123,-0.030718,0.058462,9.225e-05,0.22725,-0.009429,0,0.15495,0,-0.086976,0.073004,0.006236,0.086712,0.07007,0.006365,-0.12188,-0.35349,-0.10667,0.089599,-0.3613,-0.090126,-0.090576,-0.71322,0.16361,-0.0046817,-0.71639,0.17234
-0.007873,0.78324,-0.078069,0.00027041,0.59639,-0.050433,-0.19674,0.49768,-0.001646,0.1806,0.48682,-0.010275,-0.25871,0.21594,0.003853,0.25653,0.21018,0.072852,-0.32474,0.0015762,0.048738,0.30579,-0.0098324,0.11312,-1.235e-05,0.23405,-0.010396,0,0.16218,0,-0.087255,0.079304,0.007024,0.08725,0.076824,0.007233,-0.11735,-0.34027,-0.13215,0.081207,-0.346,-0.12425,-0.096388,-0.68664,0.15436,-0.00048914,-0.68848,0.15653
-0.0064783,0.783,-0.080554,0.0031278,0.60592,-0.053613,-0.19568,0.49871,-0.000793,0.18123,0.48807,-0.010362,-0.262,0.22417,0.032736,0.26209,0.21262,0.080189,-0.34452,0.012879,0.067307,0.3188,-0.0031777,0.12969,0.00024427,0.23766,-0.010825,0,0.16483,0,-0.088124,0.082732,0.006324,0.086876,0.079478,0.008587,-0.11642,-0.33834,-0.12698,0.081764,-0.34277,-0.12383,-0.093783,-0.69125,0.15255,0.0018429,-0.68897,0.15376
-0.0060798,0.78127,-0.084222,0.0034597,0.6064,-0.053774,-0.19553,0.50354,0.005596,0.1817,0.48833,-0.009912,-0.26284,0.23603,0.064047,0.26945,0.23041,0.09819,-0.3754,0.033365,0.059848,0.34833,0.01637,0.12669,0.00030092,0.23784,-0.010946,0,0.16489,0,-0.088321,0.082632,0.006282,0.086918,0.079474,0.008635,-0.1209,-0.39412,-0.067101,0.072951,-0.37635,-0.08367,-0.095566,-0.79786,0.12303,-0.011909,-0.77193,0.12514
-0.0044732,0.7774,-0.087422,0.0035777,0.60194,-0.055287,-0.19366,0.50602,0.009123,0.18749,0.48978,0.001085,-0.26014,0.25634,0.076472,0.27414,0.22987,0.10686,-0.39753,0.06932,0.063736,0.40386,0.038002,0.078352,0.00031038,0.23734,-0.011143,0,0.1646,0,-0.088278,0.081055,0.007703,0.086194,0.078887,0.007283,-0.11773,-0.50878,-0.000693,0.060598,-0.46675,-0.04342,-0.094148,-0.92799,0.075507,-0.01874,-0.90765,0.066912
0.0026357,0.75738,-0.088613,-0.0001411,0.57132,-0.05509,-0.19168,0.49729,0.017326,0.19303,0.47734,0.013476,-0.25993,0.25657,0.08369,0.2906,0.21174,0.1224,-0.44943,0.12268,0.063248,0.45483,0.061454,0.042782,-4.399e-05,0.21168,-0.011464,0,0.1396,0,-0.086432,0.053027,0.008679,0.086102,0.050641,0.006411,-0.10854,-0.53975,0.020392,0.045124,-0.54121,-0.009522,-0.11334,-0.97006,0.062945,-0.0024353,-0.97997,0.075888
0.011148,0.69965,-0.087803,0.014594,0.51531,-0.045264,-0.18243,0.43258,0.027169,0.20666,0.41708,0.033915,-0.27873,0.20283,0.090917,0.29812,0.18613,0.12503,-0.50017,0.15485,0.026669,0.48639,0.10838,-0.000146,0.0024269,0.16003,-0.009997,0,0.088935,0,-0.090868,0.003022,0.003674,0.084887,0.00011246,0.009178,-0.079073,-0.55771,0.012172,0.044371,-0.54419,-0.001108,-0.1064,-0.97037,0.077527,-0.002524,-0.97489,0.085964
0.01024,0.6648,-0.078633,0.011309,0.45982,-0.044147,-0.18148,0.37584,0.02529,0.20455,0.3871,0.042385,-0.28805,0.19161,0.090408,0.30001,0.16394,0.10232,-0.50134,0.22012,-0.010282,0.48082,0.15787,-0.056862,0.0019826,0.11533,-0.009837,0,0.047276,0,-0.091591,-0.037216,0.005166,0.086828,-0.040876,0.007448,-0.082141,-0.55883,0.00793,0.040025,-0.5444,-0.003016,-0.10945,-0.97515,0.10613,-0.0087475,-0.97396,0.090418
0.014156,0.60885,-0.083013,0.015266,0.43593,-0.039066,-0.18503,0.33032,0.019755,0.20531,0.32267,0.044172,-0.34105,0.16842,0.049335,0.31552,0.12805,0.080381,-0.50743,0.29374,-0.066557,0.47839,0.17603,-0.091518,0.0027065,0.06995,-0.008674,0,-0.003873,0,-0.093587,-0.089171,0.008748,0.087093,-0.094225,4.2e-05,-0.079051,-0.56885,-0.008778,0.047537,-0.55279,-0.012373,-0.1056,-0.97341,0.10209,-0.0078572,-0.97104,0.090349
0.016171,0.58566,-0.08873,0.011018,0.39436,-0.02662,-0.18988,0.29243,0.00716,0.21293,0.28648,0.043545,-0.34495,0.093527,0.057456,0.30403,0.068174,0.083981,-0.45784,0.27818,-0.092116,0.45602,0.17988,-0.095755,0.0020788,0.047287,-0.007285,0,-0.022828,0,-0.094692,-0.11277,0.005153,0.089671,-0.11683,0.003062,-0.076892,-0.57752,-0.024543,0.050127,-0.55388,-0.023193,-0.10493,-0.96981,0.095512,-0.0097243,-0.97118,0.087901
0.015785,0.57574,-0.09473,0.0091836,0.38739,-0.031387,-0.1937,0.28226,0.001375,0.2105,0.28006,0.036198,-0.35434,0.06905,0.005824,0.31941,0.050536,0.074451,-0.44677,0.2635,-0.13214,0.4272,0.17949,-0.16653,0.0015902,0.031674,-0.008065,0,-0.039791,0,-0.0956,-0.12958,0.003935,0.091303,-0.13259,0.004236,-0.064516,-0.59809,-0.04149,0.051428,-0.5819,-0.042035,-0.10593,-0.96843,0.089133,-0.012801,-0.97113,0.08298
0.018209,0.55628,-0.095675,0.0091282,0.3797,-0.03503,-0.19607,0.27351,-0.008076,0.20979,0.26546,0.031841,-0.35332,0.10414,-0.052639,0.31097,0.045046,0.049014,-0.45476,0.24629,-0.2189,0.38262,0.13216,-0.16735,0.001545,0.025085,-0.008601,0,-0.046039,0,-0.09688,-0.13545,0.002141,0.093665,-0.14039,0.008997,-0.057328,-0.60172,-0.050804,0.047275,-0.59031,-0.048228,-0.10644,-0.96738,0.081253,-0.015182,-0.97239,0.081197
0.017616,0.55087,-0.10369,0.0078673,0.37395,-0.042535,-0.19807,0.26567,-0.022024,0.20782,0.25891,0.02212,-0.34504,0.089847,-0.083336,0.30397,0.018728,-0.015313,-0.44151,0.22038,-0.26742,0.3788,0.098713,-0.23336,0.0012273,0.019767,-0.010252,0,-0.05129,0,-0.097012,-0.14407,0.002573,0.094451,-0.14283,0.013246,-0.063742,-0.59608,-0.063335,0.048642,-0.57418,-0.063997,-0.10923,-0.96715,0.071907,-0.01981,-0.97161,0.071708
0.018581,0.55236,-0.10521,0.0088683,0.37384,-0.042506,-0.19636,0.2641,-0.02481,0.20825,0.25895,0.02167,-0.2954,0.054783,-0.048478,0.30268,0.0014215,-0.069026,-0.40254,0.11098,-0.26131,0.36235,0.072014,-0.30732,0.0014361,0.019112,-0.010208,0,-0.052062,0,-0.096931,-0.14419,0.002193,0.093964,-0.14352,0.012872,-0.076655,-0.5869,-0.060223,0.049955,-0.57483,-0.06481,-0.10867,-0.9672,0.071247,-0.019538,-0.97088,0.07084
0.022138,0.56191,-0.10571,0.010774,0.3827,-0.042699,-0.1923,0.27389,-0.028136,0.20715,0.26765,0.01938,-0.29176,0.065071,-0.047907,0.27176,0.047604,0.023121,-0.39459,0.064457,-0.26913,0.34297,0.00040164,-0.292,0.0016699,0.022585,-0.01013,0,-0.049257,0,-0.096163,-0.13815,0.002476,0.093317,-0.13991,0.011431,-0.079413,-0.58176,-0.045774,0.046862,-0.59477,-0.050095,-0.10902,-0.96762,0.072592,-0.020363,-0.97199,0.076963
0.017521,0.59974,-0.09301,0.0099429,0.42074,-0.041918,-0.18658,0.32177,-0.02371,0.20692,0.31726,0.012499,-0.27851,0.10955,-0.047983,0.28885,0.1032,0.01627,-0.39671,0.04366,-0.24946,0.33204,-0.038018,-0.17565,0.0016464,0.051588,-0.009796,0,-0.022145,0,-0.094936,-0.10838,0.002774,0.091488,-0.11072,0.008369,-0.10009,-0.57334,-0.008691,0.045028,-0.57365,-0.01207,-0.11863,-0.977,0.092984,-0.019722,-0.97612,0.092427
0.021831,0.65953,-0.088896,0.024766,0.4759,-0.035618,-0.18468,0.38263,-0.010855,0.20773,0.36912,0.007291,-0.27643,0.16848,-0.050946,0.28461,0.12224,0.019038,-0.35311,0.0044703,-0.20867,0.33919,-0.058994,-0.12769,0.0041217,0.11002,-0.008636,0,0.036838,0,-0.095308,-0.048728,0.004281,0.085369,-0.053791,0.004433,-0.10466,-0.57142,0.031981,0.042948,-0.55741,0.029275,-0.11396,-0.97981,0.1009,-0.012829,-0.97649,0.10176
0.022528,0.71101,-0.089876,0.019579,0.53206,-0.033683,-0.17701,0.41517,-0.013523,0.20968,0.41444,0.001238,-0.27115,0.1687,-0.050056,0.28343,0.13192,0.011636,-0.33555,-0.019142,-0.18247,0.33021,-0.077615,-0.09664,0.0032614,0.15076,-0.00839,0,0.073615,0,-0.091143,-0.0099951,0.005519,0.082927,-0.013542,0.001984,-0.10245,-0.56796,0.041064,0.039688,-0.54326,0.051087,-0.10312,-0.97109,0.089092,-0.0023534,-0.97083,0.091109
0.015895,0.74716,-0.095527,0.023892,0.56125,-0.041423,-0.17696,0.46909,-0.010624,0.1992,0.46673,-0.013645,-0.25594,0.18766,-0.042835,0.26965,0.16687,0.014745,-0.31274,-0.027478,-0.12013,0.31395,-0.06074,-0.026825,0.0041686,0.20031,-0.009994,0,0.12673,0,-0.090008,0.045167,0.00876,0.08047,0.039529,0.002581,-0.10324,-0.52364,0.029522,0.041277,-0.54107,0.049271,-0.084152,-0.96223,0.090191,-0.0013671,-0.96883,0.092564
0.014716,0.75956,-0.097521,0.017538,0.58106,-0.05315,-0.18463,0.49787,-0.01413,0.19884,0.48323,-0.01585,-0.2506,0.20165,-0.034335,0.25903,0.18998,0.048809,-0.29263,-0.027806,-0.043408,0.30277,-0.036686,0.051774,0.0029535,0.22282,-0.011743,0,0.15241,0,-0.090584,0.071455,0.010809,0.083273,0.059975,0.005014,-0.11233,-0.42422,-0.047611,0.076743,-0.41687,-0.033785,-0.081844,-0.8244,0.13382,0.01832,-0.81571,0.17583
0.011091,0.76412,-0.099109,0.010328,0.59061,-0.05918,-0.18743,0.49972,-0.011549,0.19066,0.48825,-0.024047,-0.24797,0.20903,-0.01422,0.25486,0.19946,0.051769,-0.29305,-0.029186,-0.028797,0.28792,-0.017658,0.11129,0.0020938,0.22965,-0.012441,0,0.15827,0,-0.089727,0.077343,0.011344,0.085233,0.06999,0.005775,-0.11963,-0.34897,-0.099094,0.08034,-0.36089,-0.087346,-0.080453,-0.71204,0.16894,0.0079144,-0.71396,0.18646
0.0057395,0.77002,-0.098015,0.001467,0.59685,-0.069369,-0.19113,0.49869,-0.009652,0.18452,0.48573,-0.027427,-0.24746,0.20441,0.016701,0.2509,0.20468,0.067158,-0.2937,-0.015422,0.05945,0.29359,-0.0034959,0.14553,0.0012864,0.23287,-0.013319,0,0.16101,0,-0.088944,0.079662,0.012379,0.086693,0.074947,0.006543,-0.11472,-0.33342,-0.14431,0.074123,-0.34438,-0.13264,-0.077222,-0.66068,0.1634,0.02696,-0.59389,0.18515
0.0014073,0.76863,-0.098206,0.00078705,0.59657,-0.069047,-0.19621,0.49334,-0.007485,0.18263,0.48255,-0.02529,-0.25328,0.21312,0.02518,0.25493,0.21315,0.090753,-0.30713,-0.0052685,0.067266,0.30449,0.012367,0.18153,0.00094592,0.23344,-0.013695,0,0.1615,0,-0.089139,0.079933,0.011164,0.087214,0.074929,0.008087,-0.11431,-0.33313,-0.14474,0.074868,-0.34322,-0.13394,-0.074566,-0.65753,0.16572,0.0115,-0.66079,0.17941
-0.0026611,0.75869,-0.10749,-0.003173,0.59117,-0.072619,-0.19973,0.48817,-0.006512,0.17938,0.4732,-0.025352,-0.26383,0.21917,0.037565,0.26404,0.21831,0.10954,-0.35243,0.018291,0.098343,0.34497,0.017294,0.17822,0.00025046,0.23127,-0.014379,0,0.15968,0,-0.089024,0.077399,0.011967,0.088189,0.073491,0.008554,-0.108,-0.34513,-0.11279,0.094851,-0.34281,-0.13886,-0.0025804,-0.6168,0.22902,-0.0014901,-0.7004,0.12367
-0.0053384,0.75673,-0.1086,-0.0060314,0.58053,-0.079301,-0.20027,0.48696,-0.00355,0.18438,0.47698,-0.010235,-0.26785,0.22097,0.057155,0.26768,0.21734,0.11794,-0.38907,0.030031,0.094967,0.37493,0.019867,0.16173,-0.00034695,0.22766,-0.015466,0,0.15697,0,-0.089258,0.071089,0.011921,0.089218,0.071608,0.010273,-0.09846,-0.42589,-0.082352,0.096508,-0.40023,-0.080246,-0.074561,-0.82336,0.079309,0.027677,-0.81967,0.094113
-0.013036,0.72988,-0.11017,-0.0081737,0.56021,-0.07149,-0.20251,0.46061,0.006576,0.17961,0.45788,0.00165,-0.27229,0.22049,0.085238,0.27429,0.20758,0.13856,-0.44476,0.065458,0.079885,0.43344,0.039257,0.11077,-0.0013846,0.19335,-0.014516,0,0.11978,0,-0.081783,0.018809,0.008479,0.086808,0.05283,0.016214,-0.077815,-0.54182,-0.016163,0.085704,-0.53183,-0.021607,-0.059056,-0.96342,0.031525,0.017304,-0.95964,0.059845
-0.01939,0.6988,-0.11363,-0.0048437,0.52019,-0.075026,-0.20198,0.41744,0.004295,0.17983,0.40778,0.004194,-0.28014,0.19891,0.097285,0.2981,0.18205,0.12151,-0.48864,0.10564,0.042321,0.48774,0.058516,0.056288,-0.00094543,0.16927,-0.015228,0,0.098658,0,-0.082497,0.0036705,0.011977,0.085111,0.020608,0.009829,-0.044267,-0.55035,-0.003222,0.076392,-0.53547,-0.013441,-0.05883,-0.96373,0.036297,0.02205,-0.96516,0.056328
-0.021548,0.6335,-0.1112,-0.013261,0.45687,-0.072577,-0.21362,0.35692,0.010631,0.16835,0.36678,0.008108,-0.29732,0.16774,0.088392,0.29423,0.16197,0.12092,-0.51811,0.15734,0.003952,0.48661,0.086896,0.001269,-0.0022101,0.099135,-0.014887,0,0.027581,0,-0.08314,-0.062772,0.00467,0.088408,-0.052592,0.018637,-0.028104,-0.56402,-0.013692,0.085206,-0.50703,-0.019048,-0.050364,-0.98627,0.055099,0.020701,-0.96166,0.057401
-0.020479,0.58207,-0.11326,-0.018386,0.40769,-0.064114,-0.22093,0.30568,0.002443,0.18379,0.30005,0.027136,-0.35719,0.13277,0.048118,0.30187,0.10911,0.094765,-0.55067,0.21522,-0.063568,0.48176,0.12016,-0.065116,-0.0029686,0.059384,-0.013615,0,-0.010417,0,-0.08808,-0.10777,0.003142,0.097866,-0.1025,0.019566,-0.033942,-0.58571,-0.023671,0.071626,-0.59328,-0.042642,-0.050192,-1.0033,0.086106,0.022015,-0.97825,0.069817
-0.018746,0.56604,-0.11443,-0.015559,0.39135,-0.062052,-0.22012,0.29197,-0.002727,0.18445,0.28973,0.020745,-0.32887,0.073129,0.053504,0.29734,0.097196,0.076816,-0.49095,0.23381,-0.092399,0.45309,0.13682,-0.12487,-0.0025417,0.04127,-0.013175,0,-0.028775,0,-0.087782,-0.12119,0.002969,0.095903,-0.11675,0.017571,-0.031469,-0.58688,-0.027459,0.073404,-0.59368,-0.045532,-0.067815,-0.94322,0.034362,0.023137,-0.97881,0.066832
-0.018932,0.56255,-0.12031,-0.014717,0.38562,-0.065678,-0.22083,0.2778,-0.015773,0.18159,0.27261,0.003273,-0.35451,0.054732,0.00962,0.26966,0.054794,0.066975,-0.47957,0.23194,-0.12706,0.43659,0.12653,-0.14684,-0.0023565,0.02989,-0.01387,0,-0.041513,0,-0.088691,-0.13626,0.004102,0.09525,-0.12699,0.017214,-0.03377,-0.58771,-0.041085,0.069085,-0.59588,-0.05864,-0.071603,-0.94225,0.02686,0.022342,-0.97898,0.059884
-0.016304,0.55762,-0.12563,-0.014093,0.37988,-0.065374,-0.21978,0.27043,-0.022261,0.18231,0.27082,9e-05,-0.35146,0.079882,-0.041965,0.27175,0.049784,0.064651,-0.47218,0.22693,-0.20467,0.41195,0.097985,-0.20194,-0.0023191,0.026588,-0.013757,0,-0.044299,0,-0.089526,-0.13922,0.003891,0.095632,-0.12978,0.017941,-0.037396,-0.58924,-0.052227,0.069955,-0.58869,-0.064451,-0.075819,-0.93948,0.020699,0.022597,-0.98017,0.057174
-0.010645,0.55193,-0.12122,-0.013476,0.37902,-0.065714,-0.21873,0.27055,-0.024294,0.18358,0.27155,0.000652,-0.28962,0.052859,-0.016296,0.28442,0.034746,-0.005641,-0.42688,0.14112,-0.20884,0.40173,0.0595,-0.24998,-0.0022204,0.026279,-0.013833,0,-0.044533,0,-0.089876,-0.13939,0.003976,0.095521,-0.13028,0.018366,-0.03719,-0.58987,-0.055038,0.069059,-0.59233,-0.063074,-0.075816,-0.93771,0.017408,0.022329,-0.98135,0.054735
-0.0074947,0.55433,-0.12018,-0.012903,0.38007,-0.066361,-0.21471,0.27574,-0.025268,0.18454,0.27173,-0.00047,-0.26731,0.051172,-0.032093,0.28479,0.054364,0.003354,-0.40809,0.087965,-0.22611,0.37202,-0.044351,-0.20097,-0.0020983,0.027156,-0.01396,0,-0.043632,0,-0.089749,-0.13789,0.003851,0.094565,-0.1284,0.019041,-0.032304,-0.58689,-0.060503,0.060882,-0.59483,-0.062764,-0.075966,-0.93709,0.013791,0.020741,-0.98219,0.052131
-0.0013917,0.56775,-0.11003,-0.0042106,0.38611,-0.062022,-0.20584,0.28227,-0.029663,0.18728,0.28167,0.002299,-0.26492,0.059697,-0.033741,0.28866,0.064571,0.012115,-0.39745,0.041442,-0.24788,0.36206,-0.055828,-0.18532,-0.00092559,0.030733,-0.013681,0,-0.03988,0,-0.090773,-0.13235,0.003089,0.090923,-0.12215,0.019183,-0.031195,-0.58513,-0.064539,0.056752,-0.59539,-0.068174,-0.070672,-0.98353,0.043012,0.018018,-0.98361,0.04959
0.00032027,0.58333,-0.096061,-0.0011817,0.40594,-0.045012,-0.20242,0.29235,-0.025503,0.19281,0.2948,0.011093,-0.26636,0.072053,-0.022751,0.27995,0.073407,0.027915,-0.39601,0.0050217,-0.21615,0.32633,-0.097444,-0.13492,-0.00040024,0.045036,-0.011119,0,-0.026086,0,-0.09129,-0.11731,-0.00055,0.091207,-0.11099,0.015727,-0.039295,-0.57908,-0.055671,0.055432,-0.59639,-0.061828,-0.09084,-0.94147,0.027229,0.016023,-0.98552,0.058143
0.009565,0.62899,-0.071784,0.0032103,0.45211,-0.020488,-0.19571,0.33858,-0.008849,0.1936,0.33516,0.031111,-0.27436,0.10864,-0.016246,0.28024,0.081244,0.047943,-0.3772,-0.03191,-0.18238,0.32292,-0.096204,-0.10807,0.00036482,0.075968,-0.006989,0,0.0020556,0,-0.090174,-0.084388,-0.007165,0.088973,-0.082083,0.008247,-0.08832,-0.57491,0.001563,0.071648,-0.56793,-0.00426,-0.094087,-0.95121,0.07082,0.016025,-0.98659,0.073262
0.014807,0.66804,-0.06627,0.010732,0.4926,-0.008465,-0.18981,0.39543,0.007176,0.20506,0.38998,0.032378,-0.26978,0.13762,-0.016392,0.2894,0.1078,0.066919,-0.35652,-0.045349,-0.14219,0.331,-0.10032,-0.039059,0.0017301,0.12881,-0.003599,0,0.05519,0,-0.092156,-0.032286,-0.005504,0.087992,-0.035669,0.003232,-0.074287,-0.56448,0.034733,0.06944,-0.54907,0.033494,-0.054788,-0.96488,0.069158,0.033059,-0.97761,0.081444
0.0077626,0.73371,-0.051816,0.01212,0.54831,-0.002993,-0.19331,0.43074,0.009841,0.19792,0.43337,0.03123,-0.26929,0.15543,-0.010562,0.2823,0.14166,0.080212,-0.34652,-0.059506,-0.061803,0.32135,-0.081097,0.017201,0.0019379,0.17166,-0.001817,0,0.096206,0,-0.089916,0.010413,-0.006167,0.085504,0.0081751,0.001755,-0.073458,-0.55825,0.048997,0.065648,-0.54642,0.04673,-0.060813,-0.96236,0.063197,0.03206,-0.96943,0.086586
0.0093268,0.75942,-0.052463,0.0079449,0.58109,-0.006102,-0.18866,0.48208,0.012823,0.19494,0.49265,0.041215,-0.25778,0.19245,0.008127,0.27305,0.19793,0.085685,-0.31624,-0.031377,0.003484,0.32071,-0.027528,0.094069,0.0010535,0.22164,-0.001751,0,0.14829,0,-0.089502,0.063318,-0.005809,0.086638,0.060424,0.003006,-0.084579,-0.50245,0.024568,0.073696,-0.50753,0.036505,-0.065132,-0.86699,0.083892,0.028576,-0.94631,0.11021
0.0027986,0.7777,-0.05492,0.0031568,0.59348,-0.009465,-0.19707,0.50504,0.017433,0.18723,0.49467,0.032579,-0.25673,0.20689,0.021671,0.26863,0.20267,0.084739,-0.30499,-0.016941,0.042677,0.31252,-0.014798,0.13739,0.00034427,0.23292,-0.00223,0,0.16096,0,-0.087296,0.078411,0.000328,0.08676,0.074888,-0.000442,-0.10655,-0.40802,-0.049828,0.095912,-0.41095,-0.026401,-0.060986,-0.81828,0.14568,0.043679,-0.79413,0.17695
-0.0033839,0.77986,-0.055342,-0.0039927,0.60025,-0.013312,-0.20428,0.50574,0.017693,0.17917,0.5049,0.032167,-0.25949,0.21255,0.036597,0.25973,0.21979,0.10739,-0.30502,-0.0056439,0.086076,0.31176,0.0098798,0.17672,-0.0011415,0.24333,-0.003142,0,0.17252,0,-0.087058,0.08485,0.001034,0.089255,0.08922,-0.000843,-0.11843,-0.34272,-0.096039,0.096757,-0.35012,-0.075783,-0.05791,-0.72174,0.14928,0.0090231,-0.70992,0.18759
-0.0056739,0.78384,-0.050434,-0.0049689,0.60869,-0.011297,-0.20806,0.50881,0.029161,0.17165,0.5035,0.027638,-0.2672,0.23134,0.062032,0.25739,0.22726,0.1216,-0.31448,0.011965,0.10622,0.31775,0.020414,0.19316,-0.0011046,0.24502,-0.00295,0,0.17343,0,-0.086901,0.086807,0.001194,0.088695,0.090296,-0.001952,-0.11909,-0.33003,-0.13809,0.085767,-0.33902,-0.094524,-0.073177,-0.66727,0.15985,0.02884,-0.67042,0.20764
-0.012649,0.7816,-0.047992,-0.0043639,0.61047,-0.01057,-0.20838,0.51051,0.037344,0.1706,0.5018,0.027552,-0.27348,0.25456,0.094876,0.26408,0.23617,0.13851,-0.34027,0.035698,0.11843,0.33671,0.026677,0.19244,-0.00092859,0.24663,-0.002611,0,0.17473,0,-0.087183,0.089782,0.001238,0.088224,0.090868,-0.002372,-0.11626,-0.32765,-0.1361,0.086526,-0.33863,-0.092811,-0.073514,-0.6701,0.15673,0.026929,-0.68244,0.19583
-0.014418,0.77797,-0.04809,-0.0051776,0.60963,-0.010809,-0.20827,0.51092,0.044423,0.16585,0.50273,0.033101,-0.2787,0.25173,0.11084,0.26632,0.24363,0.1516,-0.40212,0.057419,0.12546,0.36889,0.037811,0.16801,-0.00092629,0.24509,-0.002533,0,0.17264,0,-0.086415,0.088354,0.001021,0.088071,0.089437,-0.002175,-0.10511,-0.37581,-0.085706,0.087922,-0.39271,-0.064981,-0.057997,-0.75222,0.166,0.043342,-0.7514,0.14645
-0.019982,0.75887,-0.047276,-0.010852,0.59612,-0.004899,-0.20714,0.50198,0.056013,0.16283,0.48502,0.044926,-0.28113,0.25218,0.12514,0.2749,0.23438,0.16978,-0.44951,0.093051,0.12378,0.43719,0.06946,0.13877,-0.0018033,0.22745,-0.000503,0,0.1532,0,-0.083452,0.068156,-9e-05,0.087885,0.072518,-0.003221,-0.096486,-0.50403,-0.02206,0.086879,-0.48578,-0.022737,-0.094531,-0.92535,0.12419,0.0097013,-0.91938,0.11722
-0.018106,0.74493,-0.044963,-0.011233,0.55308,0.009071,-0.20603,0.48218,0.061561,0.18076,0.47597,0.093625,-0.28231,0.25122,0.12458,0.28509,0.20302,0.16305,-0.47913,0.1306,0.087188,0.48181,0.097991,0.085014,-0.0022831,0.20568,0.003064,0,0.1356,0,-0.082804,0.048882,-0.004272,0.087522,0.046285,-0.002718,-0.091819,-0.5407,0.014558,0.076473,-0.54314,0.005448,-0.086113,-0.97093,0.096665,0.020511,-0.9649,0.099931
-0.013755,0.68728,-0.045405,-0.01621,0.50078,0.004521,-0.20838,0.41215,0.048016,0.18186,0.40218,0.0785,-0.28997,0.19626,0.10285,0.29205,0.18211,0.15943,-0.51012,0.16411,0.023192,0.49269,0.1359,0.038594,-0.0032098,0.14467,0.004328,0,0.073802,0,-0.082531,-0.013355,-0.011052,0.089211,-0.015,0.003459,-0.060949,-0.55393,0.008101,0.072495,-0.54779,0.001205,-0.073973,-0.96738,0.095785,0.025695,-0.96279,0.094348
-0.0071585,0.63442,-0.049814,-0.013773,0.45267,0.004426,-0.20664,0.35339,0.044504,0.17896,0.35586,0.072814,-0.34174,0.15775,0.085771,0.29911,0.15107,0.15517,-0.54681,0.18701,-0.032502,0.46408,0.15463,-0.023346,-0.0028529,0.097107,0.0055,0,0.026398,0,-0.085234,-0.06472,-0.00955,0.090811,-0.052463,0.001664,-0.05278,-0.55512,-0.015744,0.075489,-0.55436,-0.015807,-0.061325,-0.97308,0.098326,0.02815,-0.96206,0.086581
-0.011722,0.60239,-0.047477,-0.017296,0.41442,0.004016,-0.21407,0.31737,0.031693,0.18344,0.30864,0.09539,-0.34738,0.1344,0.055943,0.30138,0.11552,0.1187,-0.52407,0.19455,-0.095536,0.45741,0.1653,-0.059334,-0.0041324,0.072008,0.006399,0,0.0035963,0,-0.085798,-0.0879,-0.012237,0.096432,-0.090164,0.007392,-0.073745,-0.57325,-0.041643,0.072573,-0.56751,-0.056937,-0.067557,-0.97253,0.093297,0.020621,-0.95985,0.077083
-0.011457,0.58556,-0.050874,-0.019699,0.4031,-0.001802,-0.21808,0.28936,0.016488,0.18275,0.29307,0.087887,-0.34249,0.095109,0.011983,0.27032,0.062153,0.10738,-0.4954,0.20724,-0.13525,0.41762,0.17585,-0.11149,-0.0049603,0.049044,0.0056,0,-0.021748,0,-0.086247,-0.11613,-0.014385,0.095871,-0.10929,0.008311,-0.057657,-0.5801,-0.065619,0.059516,-0.59579,-0.082205,-0.075156,-0.9802,0.088384,-0.00030336,-0.99921,0.090735
-0.00097449,0.56116,-0.068007,-0.012746,0.37431,-0.017713,-0.21073,0.26632,-0.006766,0.18855,0.25857,0.060251,-0.33885,0.024688,0.011023,0.28634,0.037018,0.083969,-0.44733,0.16976,-0.16966,0.38407,0.15723,-0.15663,-0.0033108,0.013072,0.001802,0,-0.05934,0,-0.088071,-0.15002,-0.0124,0.093398,-0.1521,0.014604,-0.051834,-0.57924,-0.095156,0.08895,-0.58873,-0.10523,-0.065058,-0.97944,0.066324,0.031694,-0.95847,0.031965
-2.973e-05,0.53865,-0.070096,-0.015435,0.35722,-0.019381,-0.2089,0.24869,-0.012768,0.19056,0.24922,0.055462,-0.26153,0.0032108,-0.02448,0.30032,0.030114,0.058631,-0.43168,0.13305,-0.19766,0.36184,0.11377,-0.16243,-0.0036855,0.0034042,0.001024,0,-0.067674,0,-0.088964,-0.15849,-0.011113,0.094885,-0.1584,0.013755,-0.049135,-0.58614,-0.10037,0.093057,-0.58941,-0.10949,-0.065588,-0.96925,0.052072,0.035309,-0.95807,0.027276
-0.00057012,0.52814,-0.066697,-0.01632,0.34659,-0.01999,-0.20906,0.22918,-0.018921,0.1911,0.24104,0.053272,-0.25963,0.0030961,-0.027309,0.29211,0.033724,0.047697,-0.40044,0.079673,-0.21344,0.34756,0.030983,-0.1911,-0.0038506,-0.0076475,0.000266,0,-0.078558,0,-0.089483,-0.17083,-0.009642,0.096033,-0.1671,0.012497,-0.048148,-0.59682,-0.10617,0.09425,-0.59451,-0.11418,-0.064706,-0.96781,0.048254,0.061475,-0.92242,-0.018169
-0.0043225,0.52732,-0.063084,-0.015153,0.34503,-0.018729,-0.20835,0.22646,-0.020063,0.19038,0.23597,0.053826,-0.26272,0.0021429,-0.028894,0.27639,0.021156,0.035151,-0.38828,0.025448,-0.23997,0.3199,-0.012442,-0.21593,-0.0035467,-0.010973,-0.000186,0,-0.082409,0,-0.089232,-0.1738,-0.010386,0.095285,-0.17109,0.01243,-0.045752,-0.59953,-0.10632,0.088299,-0.60852,-0.10913,-0.064244,-0.97115,0.049583,0.07229,-0.94723,-0.056512
-0.0062057,0.53513,-0.056895,-0.015812,0.35159,-0.016928,-0.2081,0.22842,-0.020067,0.18891,0.23834,0.052626,-0.26542,0.0045101,-0.035197,0.27544,0.023895,0.03514,-0.40191,0.010211,-0.23594,0.31828,-0.048264,-0.28045,-0.003477,-0.0099628,-0.000553,0,-0.081851,0,-0.089112,-0.17285,-0.01035,0.095306,-0.1704,0.012417,-0.033728,-0.59872,-0.097293,0.081872,-0.60766,-0.10447,-0.065772,-0.97012,0.050285,0.022391,-0.9668,0.036968
-0.0070716,0.5655,-0.056647,-0.011271,0.39823,-0.010123,-0.20436,0.28135,-0.012489,0.18345,0.28562,0.052634,-0.25998,0.057048,-0.029082,0.2757,0.073869,0.038452,-0.3872,-0.0052372,-0.22589,0.31904,-0.054461,-0.163,-0.0028647,0.024901,0.000414,0,-0.049654,0,-0.089864,-0.13484,-0.009644,0.093821,-0.13669,0.009075,-0.068619,-0.57506,-0.062284,0.078147,-0.60906,-0.079182,-0.059492,-0.96995,0.051744,0.026228,-0.96689,0.038377
-0.0066884,0.62133,-0.046567,-0.0074649,0.44133,0.002559,-0.20841,0.32283,-0.00154,0.18422,0.33764,0.060909,-0.28703,0.10606,-0.046582,0.26785,0.085494,0.034964,-0.38028,-0.029827,-0.22274,0.3148,-0.076557,-0.13712,-0.0021972,0.07774,0.003913,0,0.0048154,0,-0.090009,-0.085087,-0.014292,0.092975,-0.083319,0.007351,-0.084333,-0.57234,-0.032984,0.084726,-0.57148,-0.032429,-0.062199,-0.97138,0.066315,0.032419,-0.96579,0.046149
-0.010503,0.68791,-0.045385,-0.00035543,0.50999,0.009375,-0.19808,0.40212,0.016032,0.18559,0.40434,0.059633,-0.28174,0.15168,-0.039406,0.27279,0.10407,0.044215,-0.35869,-0.030401,-0.17344,0.31564,-0.097306,-0.075125,-0.00095772,0.13762,0.006657,0,0.063644,0,-0.088009,-0.021884,-0.010955,0.088147,-0.023704,0.001938,-0.084091,-0.56879,-0.007732,0.085619,-0.56302,-0.013228,-0.057128,-0.97311,0.070345,0.03981,-0.96933,0.052041
-0.012767,0.74343,-0.037328,-0.0078289,0.56607,0.010283,-0.19634,0.45152,0.016507,0.1841,0.46445,0.061809,-0.27333,0.18807,-0.018786,0.26251,0.16356,0.070667,-0.35451,-0.023916,-0.10295,0.30921,-0.058897,0.013533,-0.0024213,0.19265,0.00841,0,0.1186,0,-0.084715,0.032446,-0.009975,0.087713,0.033414,0.000712,-0.087008,-0.54276,0.009572,0.077164,-0.54388,0.000475,-0.057277,-0.96274,0.065472,0.032506,-0.95461,0.054328
-0.019131,0.78862,-0.03666,-0.0027646,0.60734,0.013069,-0.20524,0.5,0.021272,0.18482,0.5058,0.057579,-0.27138,0.22107,-0.005359,0.25811,0.20673,0.087196,-0.339,-0.0021532,-0.041928,0.30286,-0.020177,0.08222,-0.0014528,0.24259,0.010678,0,0.16968,0,-0.087496,0.079818,-0.01012,0.088615,0.082512,-0.000735,-0.092078,-0.47635,-0.012468,0.072775,-0.46636,-0.030047,-0.052671,-0.9168,0.085031,0.053811,-0.86095,0.069135
-0.024165,0.80428,-0.029434,-0.009803,0.62148,0.007418,-0.20916,0.50814,0.020549,0.17953,0.51457,0.051455,-0.27675,0.24367,0.020092,0.25238,0.22276,0.11156,-0.34428,0.018908,0.00444,0.29543,-0.002909,0.1262,-0.0026069,0.25655,0.010642,0,0.1848,0,-0.086404,0.096112,-0.010628,0.090833,0.10004,0.002726,-0.11016,-0.39732,-0.068435,0.086842,-0.38581,-0.070738,-0.070591,-0.79534,0.14518,0.032769,-0.77993,0.13195
-0.026841,0.81971,-0.020339,-0.019816,0.6439,0.00407,-0.22221,0.52579,0.028069,0.17265,0.53699,0.052784,-0.276,0.27228,0.042957,0.24461,0.24965,0.12745,-0.34377,0.051418,0.044569,0.29242,0.028198,0.16132,-0.0042281,0.28452,0.010659,0,0.21354,0,-0.08608,0.11696,-0.010116,0.094605,0.1298,0.002112,-0.12353,-0.34658,-0.097622,0.087267,-0.33393,-0.088886,-0.072211,-0.72813,0.14804,0.010151,-0.72414,0.13781
-0.025244,0.82876,-0.018223,-0.025452,0.66734,0.012246,-0.22416,0.54082,0.042713,0.17417,0.53844,0.051048,-0.27813,0.2879,0.070066,0.24396,0.25808,0.145,-0.34685,0.067628,0.075936,0.30866,0.043751,0.19033,-0.0043615,0.29274,0.012849,0,0.22007,0,-0.086621,0.1257,-0.010095,0.094061,0.13696,-0.000354,-0.11703,-0.34623,-0.09366,0.094413,-0.32858,-0.087594,-0.070699,-0.73597,0.14136,0.02288,-0.68725,0.10658
-0.028797,0.83775,-0.015762,-0.026062,0.67172,0.014428,-0.22508,0.55086,0.04971,0.17259,0.54283,0.053295,-0.2793,0.30074,0.089704,0.24737,0.28464,0.17338,-0.37699,0.091332,0.091697,0.31247,0.062831,0.17392,-0.0044443,0.29672,0.01472,0,0.22361,0,-0.086745,0.13034,-0.010383,0.094939,0.13997,-0.000917,-0.10247,-0.38623,-0.054487,0.091466,-0.33588,-0.085913,-0.085296,-0.76715,0.12185,-0.0069182,-0.73274,0.12312
-0.031465,0.83627,-0.010246,-0.023846,0.67328,0.019273,-0.22301,0.55236,0.057254,0.14205,0.54396,0.034389,-0.27852,0.30543,0.10477,0.24728,0.2973,0.16936,-0.39417,0.10474,0.095268,0.33473,0.08349,0.17305,-0.0021807,0.294,0.017723,0,0.21914,0,-0.083577,0.12933,-0.00866,0.090471,0.13742,-0.005436,-0.09335,-0.43633,-0.006315,0.075985,-0.38372,-0.055183,-0.095838,-0.79039,0.11222,-0.0053832,-0.78229,0.13974
-0.030546,0.83372,-0.003504,-0.017404,0.66601,0.022027,-0.21971,0.5477,0.07224,0.14662,0.53643,0.038914,-0.27343,0.30303,0.11649,0.25827,0.29332,0.17505,-0.41829,0.12219,0.10033,0.38235,0.09821,0.14611,-0.0007135,0.28139,0.020114,0,0.20604,0,-0.080829,0.11936,-0.005954,0.086998,0.12648,-0.008634,-0.089985,-0.4693,0.019557,0.073061,-0.44445,-0.027226,-0.097222,-0.86669,0.063708,-0.0011601,-0.88208,0.097714
-0.036035,0.79992,0.0073,-0.017564,0.61767,0.024571,-0.21471,0.5153,0.073414,0.1489,0.50384,0.040784,-0.2961,0.25956,0.12823,0.27661,0.27159,0.18105,-0.48286,0.13222,0.063077,0.42238,0.10846,0.090582,-0.0010907,0.24414,0.022281,0,0.1715,0,-0.076822,0.069577,0.000834,0.084882,0.10704,-0.012871,-0.065193,-0.51958,0.022532,0.060559,-0.4824,-0.004914,-0.089997,-0.95856,0.061327,-0.011928,-0.97464,0.086519
-0.028383,0.75316,0.013759,-0.015361,0.58164,0.038543,-0.21483,0.48569,0.077273,0.17381,0.45845,0.067211,-0.30017,0.23107,0.11765,0.28016,0.20636,0.16606,-0.4925,0.15192,0.001376,0.45177,0.11042,0.029328,-0.002294,0.22357,0.027022,0,0.15474,0,-0.080172,0.055593,-0.006394,0.087033,0.075009,-0.008051,-0.061153,-0.53434,-4.1e-05,0.062503,-0.51498,-0.011352,-0.086913,-0.95725,0.052811,-0.012233,-0.97782,0.08936
-0.025905,0.69855,0.003606,-0.018461,0.53296,0.033916,-0.21447,0.41049,0.067173,0.16964,0.40246,0.070222,-0.3059,0.1919,0.092175,0.24641,0.15572,0.16888,-0.5078,0.15438,-0.02924,0.42832,0.1206,0.009062,-0.0033463,0.15072,0.029243,0,0.077743,0,-0.084908,-0.010674,-0.013181,0.091895,-0.0057831,-0.004916,-0.070188,-0.55414,-0.019819,0.075323,-0.49366,-0.045036,-0.090586,-0.96681,0.070306,0.0005413,-0.93445,0.081003
-0.017109,0.64321,0.001579,-0.012507,0.47323,0.036939,-0.20424,0.34858,0.060228,0.18526,0.34675,0.088383,-0.30883,0.13911,0.073534,0.27306,0.12145,0.13496,-0.50864,0.14039,-0.057759,0.43833,0.1051,-0.040578,-0.0041871,0.099009,0.032057,0,0.028311,0,-0.087473,-0.062995,-0.0181,0.092353,-0.055383,-0.001845,-0.078436,-0.57296,-0.03874,0.076015,-0.56169,-0.053018,-0.084532,-0.9736,0.080814,-0.0022192,-0.98286,0.10237
-0.0185,0.59722,0.004767,-0.011776,0.40625,0.023663,-0.21131,0.30817,0.048783,0.18149,0.30798,0.082379,-0.30653,0.10003,0.057482,0.24016,0.039762,0.1229,-0.47819,0.10594,-0.11194,0.41859,0.074664,-0.077328,-0.0046284,0.054397,0.031284,0,-0.010383,0,-0.087614,-0.10515,-0.017987,0.092279,-0.095507,0.002874,-0.07989,-0.58292,-0.056174,0.078367,-0.56459,-0.062928,-0.082002,-0.97339,0.072294,0.0002712,-0.98289,0.094602
-0.014176,0.56416,-0.016275,-0.011146,0.38761,0.022536,-0.21305,0.25304,0.029674,0.18772,0.27108,0.068711,-0.29947,0.042649,0.046275,0.24853,0.017352,0.12734,-0.44318,0.063319,-0.14814,0.4017,0.033056,-0.11261,-0.0046332,0.028457,0.030759,0,-0.041692,0,-0.090348,-0.14105,-0.01732,0.094783,-0.12365,0.001091,-0.05323,-0.61566,-0.097768,0.083773,-0.61285,-0.090132,-0.081221,-0.97346,0.060032,0.002508,-0.98319,0.083527
-0.016249,0.54292,-0.029973,-0.0075764,0.35526,0.005878,-0.21146,0.23722,0.01444,0.18816,0.23267,0.058311,-0.30418,-0.0049418,0.04496,0.27934,0.018601,0.098075,-0.44454,0.03081,-0.15765,0.37489,-0.032094,-0.12064,-0.0043502,-0.016947,0.027047,0,-0.089183,0,-0.090674,-0.17541,-0.018305,0.093269,-0.17863,0.009452,-0.065328,-0.61845,-0.10355,0.082803,-0.61178,-0.097387,-0.081015,-0.973,0.049024,0.00078883,-0.98289,0.073369
-0.013529,0.5395,-0.03149,-0.006843,0.35405,0.004319,-0.20696,0.23401,0.007091,0.18746,0.23278,0.056392,-0.30839,0.0096701,0.038676,0.28033,0.017998,0.093243,-0.44376,-0.0071054,-0.18447,0.36895,-0.051428,-0.12302,-0.0044844,-0.016962,0.025553,0,-0.089304,0,-0.090566,-0.17596,-0.017284,0.092488,-0.17814,0.010276,-0.060776,-0.62247,-0.0977,0.081066,-0.61347,-0.088968,-0.080385,-0.97415,0.048706,0.0010949,-0.98277,0.072597
-0.0070758,0.54622,-0.040748,-0.0080543,0.36169,-0.002367,-0.20677,0.2405,-0.002985,0.18534,0.25504,0.040469,-0.32718,0.048573,0.017024,0.28857,0.053488,0.061023,-0.4375,-0.028423,-0.19667,0.36757,-0.091932,-0.12152,-0.0042895,-0.00029346,0.022711,0,-0.071202,0,-0.090113,-0.16279,-0.014924,0.093746,-0.15645,0.010357,-0.053607,-0.59659,-0.085767,0.083657,-0.6171,-0.080839,-0.079926,-0.97424,0.044448,0.0041996,-0.98422,0.072562
-0.0012652,0.59135,-0.048113,-0.0046808,0.40752,-0.007301,-0.2101,0.30425,0.005726,0.19264,0.30618,0.04416,-0.31167,0.086053,-6e-05,0.28483,0.065165,0.052219,-0.42281,-0.04839,-0.16604,0.37626,-0.12162,-0.06319,-0.003124,0.05047,0.02042,0,-0.020735,0,-0.092425,-0.11102,-0.011822,0.094847,-0.11776,0.009947,-0.085354,-0.58208,-0.053918,0.089572,-0.58609,-0.036042,-0.076454,-0.97337,0.053839,0.013224,-0.98447,0.097001
-0.0018799,0.65225,-0.055479,-0.0017773,0.47105,-0.00641,-0.19713,0.37107,0.004549,0.1935,0.36702,0.043991,-0.30569,0.13593,-0.006623,0.27239,0.096218,0.034916,-0.40307,-0.0399,-0.1352,0.3639,-0.11649,-0.037609,-0.0026032,0.10911,0.018904,0,0.037206,0,-0.089939,-0.049946,-0.012441,0.090665,-0.052702,0.009379,-0.087994,-0.56656,-0.035176,0.090421,-0.56694,-0.019639,-0.072091,-0.97247,0.054786,0.023118,-0.98166,0.091482
0.0034639,0.70849,-0.055264,0.0018429,0.53155,-0.003689,-0.20733,0.42396,0.000617,0.19017,0.4173,0.034652,-0.29868,0.14858,0.002958,0.27101,0.12545,0.054714,-0.38379,-0.056017,-0.07785,0.33679,-0.10109,0.01274,-0.0015481,0.16177,0.018122,0,0.088402,0,-0.08972,-0.0021729,-0.012706,0.08901,-0.0021883,0.008608,-0.087443,-0.55397,-0.028254,0.091822,-0.54644,-0.0151,-0.055193,-0.965,0.052006,0.02838,-0.97603,0.092722
-0.0022545,0.72998,-0.060922,-0.002622,0.54618,-0.012316,-0.20662,0.44206,-0.00803,0.18226,0.45665,0.028107,-0.29383,0.16491,0.006342,0.25332,0.1584,0.065253,-0.37308,-0.045652,-0.062387,0.30543,-0.069235,0.060446,-0.002519,0.19397,0.014109,0,0.12486,0,-0.090636,0.038136,-0.010975,0.09279,0.042227,0.012485,-0.079921,-0.48195,-0.061788,0.095245,-0.43886,-0.061178,-0.085713,-0.86774,0.055887,0.010276,-0.85831,0.10383
-0.0037913,0.73766,-0.063984,-0.011812,0.56389,-0.022159,-0.20764,0.46465,-0.011959,0.18375,0.45917,0.025683,-0.28976,0.16887,0.009169,0.24603,0.16596,0.090087,-0.35695,-0.052276,-0.020821,0.29277,-0.060179,0.095039,-0.0036324,0.21194,0.011003,0,0.14165,0,-0.089776,0.052558,-0.010594,0.094689,0.052751,0.01342,-0.084339,-0.38916,-0.11336,0.11052,-0.37574,-0.091837,-0.057315,-0.77324,0.12015,0.013848,-0.76347,0.13456
-0.0054276,0.73965,-0.066751,-0.012716,0.56724,-0.02332,-0.20741,0.4658,-0.012209,0.18358,0.45947,0.025062,-0.28742,0.17298,0.015827,0.24201,0.17131,0.10688,-0.35479,-0.048812,0.001378,0.29419,-0.054353,0.10204,-0.0036096,0.21564,0.009073,0,0.14521,0,-0.089787,0.057141,-0.009768,0.095104,0.05675,0.013437,-0.079389,-0.36213,-0.14278,0.1133,-0.36301,-0.11689,-0.057195,-0.7221,0.13676,0.021431,-0.72256,0.14992
-0.0097996,0.74238,-0.069892,-0.013881,0.57326,-0.026219,-0.20412,0.46813,-0.0135,0.18122,0.45889,0.023304,-0.28507,0.19113,0.022005,0.23952,0.1741,0.114,-0.35174,-0.029053,0.037223,0.31286,-0.044294,0.12649,-0.0036033,0.21792,0.007135,0,0.14681,0,-0.089256,0.06117,-0.009253,0.094509,0.059553,0.012792,-0.071125,-0.3537,-0.1554,0.1155,-0.35658,-0.1289,-0.066099,-0.72203,0.11473,0.022335,-0.71889,0.13398
-0.019972,0.74066,-0.079905,-0.018756,0.57985,-0.028586,-0.20714,0.46822,-0.012835,0.18016,0.4598,0.024782,-0.28456,0.19544,0.02707,0.2465,0.18432,0.13241,-0.36389,-0.020749,0.041018,0.34963,-0.021054,0.15004,-0.0039971,0.2203,0.005376,0,0.14847,0,-0.088881,0.061564,-0.008355,0.095107,0.061594,0.012288,-0.06503,-0.37374,-0.12886,0.1134,-0.3635,-0.095461,-0.082843,-0.76188,0.073859,-0.0042945,-0.75253,0.12037
-0.022798,0.74048,-0.084999,-0.02063,0.57774,-0.03317,-0.20809,0.46691,-0.012704,0.17638,0.45893,0.023016,-0.28979,0.20318,0.035933,0.25179,0.20389,0.14255,-0.39555,-0.0018114,0.047061,0.36614,0.0030118,0.14878,-0.0041139,0.21888,0.003567,0,0.14692,0,-0.08852,0.057059,-0.007347,0.09507,0.06196,0.01282,-0.065577,-0.46071,-0.092822,0.10132,-0.45139,-0.062807,-0.082743,-0.85572,0.024558,0.01741,-0.85087,0.04491
-0.022281,0.73443,-0.083438,-0.021246,0.57296,-0.033449,-0.21177,0.4577,-0.00797,0.17802,0.45827,0.026856,-0.28923,0.19581,0.048257,0.25759,0.20267,0.14885,-0.44816,0.026821,0.040656,0.41675,0.034024,0.12603,-0.0042681,0.20983,0.002195,0,0.1367,0,-0.085374,0.035212,-0.005465,0.094195,0.05838,0.012819,-0.051112,-0.55316,-0.041597,0.083725,-0.53093,-0.022525,-0.074966,-0.9687,-0.007173,0.012176,-0.98951,0.012757
-0.027025,0.7052,-0.085919,-0.02452,0.54721,-0.028104,-0.21471,0.43058,-0.00235,0.17194,0.43474,0.038371,-0.29978,0.18659,0.080882,0.26488,0.17965,0.16574,-0.47928,0.043495,0.032605,0.44862,0.042392,0.11609,-0.0050333,0.18299,0.001913,0,0.1098,0,-0.08186,0.0083655,-0.004642,0.092307,0.038946,0.011538,-0.04695,-0.56693,-0.032916,0.081703,-0.54943,-0.010699,-0.068726,-0.95718,-0.024553,0.014273,-0.98617,0.028099
-0.02223,0.65144,-0.065096,-0.021151,0.48268,-0.014488,-0.21491,0.38396,0.024235,0.17694,0.37309,0.057214,-0.34015,0.15119,0.092661,0.27768,0.15513,0.17437,-0.53004,0.088803,-0.039291,0.47849,0.082073,0.069777,-0.0042352,0.12153,0.003182,0,0.049326,0,-0.082456,-0.042575,-0.005522,0.091073,-0.03532,0.00576,-0.034863,-0.57004,-0.024407,0.083735,-0.57535,-0.004538,-0.05657,-0.99882,0.062443,0.027406,-1.0014,0.063754
-0.02819,0.63017,-0.063323,-0.019997,0.44159,-0.012041,-0.21208,0.34872,0.016395,0.1635,0.31286,0.046457,-0.31677,0.096731,0.068689,0.27753,0.11537,0.14103,-0.51104,0.12893,-0.068386,0.47354,0.10728,0.003039,-0.0039717,0.085366,0.002916,0,0.014156,0,-0.081861,-0.072426,-0.008539,0.089568,-0.064873,0.006786,-0.012203,-0.60155,-0.072484,0.085006,-0.60183,-0.047471,-0.059475,-0.99543,0.048897,0.023173,-0.99875,0.052555
-0.023809,0.58506,-0.041997,-0.02001,0.40503,-0.002115,-0.21944,0.29058,0.011088,0.18402,0.29355,0.091677,-0.32704,0.083226,0.059607,0.26806,0.056087,0.12418,-0.51497,0.13388,-0.083331,0.44174,0.10894,-0.034308,-0.0048318,0.065531,0.004504,0,-0.0026851,0,-0.082648,-0.10634,-0.018091,0.097106,-0.094031,0.018463,-0.013052,-0.59557,-0.099164,0.089703,-0.60882,-0.067207,-0.081976,-0.99512,0.039237,0.0133,-0.9959,0.041338
-0.014161,0.5513,-0.044437,-0.023528,0.36453,0.004695,-0.21966,0.27002,-0.002157,0.18823,0.2712,0.081388,-0.31825,0.065154,0.035835,0.28115,0.065066,0.10925,-0.51038,0.12662,-0.13802,0.42554,0.082412,-0.085429,-0.0057736,0.024648,0.007055,0,-0.042167,0,-0.086119,-0.1357,-0.023148,0.098247,-0.13048,0.014477,-0.019962,-0.59717,-0.11483,0.090519,-0.60773,-0.088615,-0.079596,-0.99285,0.026499,0.015022,-0.99461,0.031107
-0.012369,0.54001,-0.03826,-0.023119,0.35688,0.00747,-0.21957,0.25249,-0.002967,0.18728,0.24825,0.088749,-0.35567,0.030464,0.047376,0.29149,0.046906,0.11048,-0.50362,0.10173,-0.15613,0.41489,0.048193,-0.099832,-0.0061312,0.015136,0.008669,0,-0.052474,0,-0.086805,-0.14761,-0.025745,0.097835,-0.14525,0.015639,-0.051903,-0.61304,-0.11858,0.090088,-0.60851,-0.088488,-0.07894,-0.99241,0.023671,0.0149,-0.9941,0.030739
-0.011557,0.53665,-0.028703,-0.021507,0.35248,0.009973,-0.21725,0.24117,-0.006892,0.18685,0.24142,0.08469,-0.35676,0.028882,0.045369,0.28666,0.012525,0.091851,-0.51316,0.064412,-0.20636,0.39158,0.020098,-0.12875,-0.0061197,0.0061668,0.010406,0,-0.06258,0,-0.087498,-0.15648,-0.027267,0.097337,-0.154,0.015692,-0.044663,-0.61462,-0.11414,0.085275,-0.60897,-0.086988,-0.079145,-0.99205,0.02132,0.024912,-0.94569,-0.014447
-0.011111,0.54056,-0.028505,-0.021062,0.36177,0.016837,-0.21309,0.24183,-0.009159,0.18715,0.24528,0.079345,-0.34306,0.037065,0.038846,0.30174,0.044967,0.074192,-0.47957,0.0093998,-0.21902,0.41783,0.0094164,-0.1372,-0.0064406,0.0066275,0.01281,0,-0.062474,0,-0.087458,-0.15591,-0.02717,0.096536,-0.15279,0.015502,-0.035334,-0.61666,-0.10436,0.079803,-0.6117,-0.077728,-0.07756,-0.99373,0.01989,0.0050857,-1.0119,0.040457
-0.018106,0.58566,-0.025284,-0.014934,0.40715,0.021067,-0.21494,0.28941,0.009361,0.18492,0.29445,0.074094,-0.33841,0.054338,0.030013,0.29924,0.085059,0.042707,-0.45784,-0.019508,-0.16831,0.386,-0.036496,-0.14847,-0.0051112,0.04354,0.016255,0,-0.027929,0,-0.088693,-0.11713,-0.026234,0.095375,-0.12207,0.012465,-0.071696,-0.59087,-0.08526,0.082973,-0.59009,-0.064218,-0.076006,-0.99227,0.012527,0.014238,-0.99898,0.027176
-0.015771,0.63697,-0.024191,-0.018426,0.45991,0.031092,-0.21727,0.33687,0.020295,0.19194,0.35077,0.07712,-0.33487,0.13494,0.023066,0.30272,0.13322,0.046073,-0.40946,-0.039212,-0.12426,0.37326,-0.037999,-0.10712,-0.0055651,0.097283,0.020806,0,0.027188,0,-0.087268,-0.065919,-0.02229,0.095142,-0.064619,0.003064,-0.08825,-0.58897,-0.043502,0.083463,-0.57587,-0.018273,-0.072918,-0.99282,0.012398,0.016293,-0.99943,0.026648
-0.014395,0.70349,-0.029444,-0.017846,0.51697,0.036411,-0.22109,0.41334,0.040351,0.18836,0.41015,0.068175,-0.32327,0.14372,0.025416,0.28716,0.14743,0.054685,-0.3976,-0.06306,-0.062121,0.35315,-0.056185,-0.04807,-0.0044682,0.15361,0.024924,0,0.084036,0,-0.086116,-0.0083976,-0.021837,0.093707,-0.0076819,0.000436,-0.086946,-0.57748,-0.018149,0.072984,-0.57535,0.001108,-0.075428,-0.98113,0.010806,0.020104,-0.99211,0.027679
-0.019864,0.75268,-0.018296,-0.015272,0.57491,0.041529,-0.21696,0.46198,0.04096,0.1866,0.47033,0.067308,-0.29908,0.16398,0.024771,0.2762,0.18418,0.089556,-0.37032,-0.05531,-0.013332,0.33928,-0.034388,0.030981,-0.0040859,0.20727,0.02869,0,0.13755,0,-0.087466,0.043679,-0.020834,0.093787,0.050411,-0.002106,-0.088796,-0.5459,-0.013033,0.060383,-0.52664,-0.005811,-0.074044,-0.97397,0.008391,0.013399,-0.96664,0.023864
-0.024517,0.77407,-0.027852,-0.012727,0.59368,0.033035,-0.21383,0.4761,0.035169,0.18792,0.50742,0.067703,-0.27496,0.1913,0.044258,0.2702,0.20873,0.090183,-0.32459,-0.035055,0.020719,0.32385,-0.016782,0.083713,-0.0039725,0.25184,0.029145,0,0.18767,0,-0.084894,0.093614,-0.01182,0.09054,0.10189,-0.008454,-0.091735,-0.46705,-0.055034,0.083319,-0.43331,-0.063339,-0.069285,-0.87069,0.058191,0.018039,-0.85365,0.079629
-0.030089,0.79002,-0.025354,-0.018793,0.60913,0.028301,-0.21811,0.49149,0.037263,0.18536,0.51241,0.066025,-0.2648,0.20461,0.058846,0.26552,0.21587,0.10326,-0.29708,-0.019764,0.094362,0.31221,-0.0080391,0.12822,-0.0046684,0.26023,0.030292,0,0.19467,0,-0.083864,0.10123,-0.010126,0.091375,0.10893,-0.008008,-0.1085,-0.38766,-0.10015,0.10846,-0.3755,-0.088354,-0.067999,-0.78459,0.12905,0.020961,-0.77101,0.13113
-0.030907,0.7965,-0.019054,-0.018477,0.62007,0.027,-0.22274,0.50965,0.052473,0.18635,0.51511,0.06565,-0.25423,0.21485,0.091732,0.2623,0.22166,0.12027,-0.29571,-0.013582,0.10717,0.30732,-0.000697,0.15531,-0.003848,0.26767,0.031452,0,0.20101,0,-0.084737,0.1066,-0.007978,0.09229,0.11382,-0.0096,-0.11169,-0.3321,-0.12049,0.10607,-0.3378,-0.10456,-0.067309,-0.70267,0.14535,0.032399,-0.70714,0.15691
-0.033531,0.79955,-0.016194,-0.019993,0.62646,0.030683,-0.21953,0.51309,0.056344,0.16904,0.51655,0.058946,-0.25589,0.21383,0.11733,0.25974,0.23058,0.12478,-0.29718,-0.012982,0.131,0.30412,0.0067182,0.15356,-0.0032277,0.26768,0.03317,0,0.20099,0,-0.08391,0.10775,-0.006513,0.091381,0.11574,-0.010027,-0.10999,-0.32241,-0.12345,0.10393,-0.33438,-0.1051,-0.06377,-0.69014,0.14607,0.031449,-0.70451,0.15607
-0.03924,0.80792,-0.003894,-0.017988,0.63649,0.038332,-0.21799,0.51899,0.076435,0.16276,0.51834,0.060033,-0.25462,0.21716,0.12859,0.26126,0.24221,0.14589,-0.30878,-0.0082591,0.12896,0.31907,0.017695,0.14629,-0.001611,0.2672,0.035304,0,0.20085,0,-0.083501,0.10805,-0.006409,0.08951,0.11701,-0.011533,-0.096877,-0.3647,-0.087761,0.097245,-0.35935,-0.084503,-0.051147,-0.75725,0.14861,0.027568,-0.75289,0.14506
-0.038552,0.81372,0.036496,-0.01915,0.63868,0.054966,-0.21292,0.51695,0.080994,0.15787,0.51633,0.062871,-0.26158,0.22478,0.1534,0.26348,0.24608,0.15654,-0.3631,0.016208,0.15298,0.35131,0.032797,0.1146,-0.0016367,0.26392,0.038223,0,0.19698,0,-0.081175,0.10718,-0.00729,0.087804,0.11622,-0.012765,-0.091293,-0.41992,-0.041069,0.09247,-0.43897,-0.042091,-0.069477,-0.85045,0.13162,0.025288,-0.81142,0.1614
-0.038634,0.80254,0.044112,-0.019167,0.62284,0.075488,-0.2099,0.50053,0.088677,0.14216,0.48586,0.068306,-0.27203,0.21121,0.16783,0.26832,0.23836,0.15972,-0.41304,0.026494,0.14868,0.38346,0.042014,0.098675,-0.0014122,0.23416,0.045217,0,0.16216,0,-0.076926,0.084364,-0.011855,0.083548,0.094325,-0.016797,-0.074694,-0.50459,0.006775,0.08891,-0.49515,-0.010373,-0.058492,-0.926,0.14017,0.039615,-0.89602,0.146
-0.03723,0.75256,0.06396,-0.015414,0.58675,0.086161,-0.20984,0.45644,0.11779,0.1443,0.45984,0.080635,-0.28749,0.16984,0.17723,0.28197,0.20075,0.16684,-0.47651,0.037051,0.13681,0.43031,0.050257,0.055919,0.0006628,0.22138,0.04823,0,0.15596,0,-0.077792,0.065554,-0.010133,0.08264,0.090302,-0.018981,-0.069424,-0.52305,0.017193,0.086367,-0.49919,-0.006085,-0.053478,-0.96101,0.14801,0.057282,-0.96408,0.14074
-0.033504,0.70341,0.05156,-0.017918,0.52597,0.072786,-0.20167,0.40326,0.099801,0.149,0.39146,0.074142,-0.29213,0.16797,0.16774,0.26299,0.16722,0.15546,-0.48545,0.045211,0.11358,0.43603,0.07088,0.019728,-0.000387,0.13334,0.04812,0,0.063429,0,-0.077791,-0.016115,-0.01303,0.083801,-0.012172,-0.01605,-0.067996,-0.55138,0.005445,0.086876,-0.54551,-0.021907,-0.054366,-0.9629,0.13639,0.050699,-0.9666,0.13129
-0.031546,0.64966,0.053661,-0.014016,0.47043,0.069274,-0.21589,0.34975,0.11053,0.15569,0.33652,0.069827,-0.32059,0.11887,0.13602,0.28335,0.11258,0.13201,-0.53233,0.091015,0.030172,0.43301,0.07595,-0.056016,0.0016278,0.09723,0.048968,0,0.031837,0,-0.080856,-0.05361,-0.012927,0.085582,-0.053326,-0.014067,-0.061178,-0.60977,-0.021334,0.092707,-0.5481,-0.044857,-0.060009,-0.93005,0.095916,0.049599,-0.9671,0.11946
-0.042784,0.60749,0.026567,-0.020834,0.41848,0.053828,-0.21774,0.29248,0.072183,0.16825,0.3048,0.068322,-0.33905,0.079766,0.10179,0.28368,0.088404,0.088512,-0.5484,0.095033,-0.012006,0.44167,0.076522,-0.095505,-0.0028684,0.054471,0.047312,0,-0.011083,0,-0.083619,-0.095819,-0.014074,0.092067,-0.098613,-0.012844,-0.065397,-0.61509,-0.047479,0.08826,-0.56233,-0.073745,-0.049951,-0.98119,0.11807,0.047098,-0.96822,0.097549
-0.031215,0.57573,0.019934,-0.014129,0.38724,0.046806,-0.21292,0.25583,0.059234,0.18052,0.26007,0.069207,-0.34437,0.064106,0.082575,0.28604,0.056676,0.080558,-0.5417,0.092432,-0.050741,0.42715,0.052996,-0.11794,-0.0032008,0.011505,0.047235,0,-0.056543,0,-0.087073,-0.14919,-0.018954,0.092245,-0.14128,-0.005564,-0.066355,-0.62031,-0.061077,0.089399,-0.57758,-0.088682,-0.047129,-0.98141,0.10955,0.050018,-0.96739,0.085198
-0.02509,0.55524,0.011662,-0.010527,0.36535,0.039278,-0.21532,0.23873,0.049222,0.18501,0.2408,0.066146,-0.35598,0.028481,0.062737,0.27815,0.028816,0.057705,-0.53865,0.066881,-0.089483,0.41722,0.020422,-0.14211,-0.0036114,-0.0016222,0.047055,0,-0.069172,0,-0.088603,-0.16158,-0.018881,0.093502,-0.16003,-0.000646,-0.073579,-0.61165,-0.075377,0.086113,-0.5952,-0.1056,-0.048604,-0.94678,0.052082,0.045839,-0.94996,0.050506
-0.017498,0.50674,-0.019536,-0.012245,0.32363,0.026159,-0.21655,0.22986,0.034437,0.18278,0.22371,0.049668,-0.35767,0.023522,0.050483,0.27841,0.013945,0.050553,-0.53357,0.030493,-0.11492,0.39616,-0.028711,-0.15896,-0.0037091,-0.027122,0.04503,0,-0.092993,0,-0.089408,-0.18494,-0.018521,0.094607,-0.18131,0.001707,-0.069749,-0.62048,-0.094481,0.086433,-0.60438,-0.11646,-0.053033,-0.96865,0.064683,0.045061,-0.95781,0.047198
-0.018422,0.50504,-0.022109,-0.012633,0.32355,0.024172,-0.21488,0.21701,0.026054,0.18262,0.21594,0.047362,-0.31538,-0.018006,0.063267,0.27789,0.0064308,0.050768,-0.4816,-0.016128,-0.11277,0.39114,-0.047065,-0.16791,-0.0044353,-0.029105,0.043783,0,-0.095893,0,-0.088916,-0.18851,-0.017373,0.094469,-0.18343,0.001915,-0.06882,-0.62201,-0.09761,0.089441,-0.60822,-0.10852,-0.054199,-0.97198,0.067742,0.046408,-0.96107,0.050793
-0.018455,0.50504,-0.022342,-0.012334,0.32352,0.023041,-0.21511,0.21705,0.025495,0.18253,0.21597,0.047205,-0.31497,-0.016371,0.061998,0.28117,0.0083633,0.052476,-0.46205,-0.05398,-0.12754,0.38711,-0.086955,-0.14468,-0.0044473,-0.02896,0.04306,0,-0.095873,0,-0.088851,-0.18835,-0.016589,0.094402,-0.18342,0.001862,-0.069109,-0.62321,-0.096845,0.088642,-0.60933,-0.1028,-0.055399,-0.97344,0.07026,0.045916,-0.96302,0.052992
-0.015926,0.53207,-0.017764,-0.0124,0.34598,0.023094,-0.21591,0.22654,0.022655,0.18223,0.23231,0.052887,-0.33806,0.016778,0.054112,0.28333,0.023397,0.048942,-0.46217,-0.062638,-0.13911,0.37409,-0.10274,-0.13735,-0.0052447,-0.015724,0.042483,0,-0.083404,0,-0.088213,-0.17368,-0.017303,0.093999,-0.17218,0.001981,-0.075123,-0.61526,-0.087301,0.088069,-0.60151,-0.084253,-0.058172,-0.97339,0.072428,0.043988,-0.96391,0.057948
-0.018708,0.5767,-0.015422,-0.018636,0.39414,0.034983,-0.22064,0.28421,0.04073,0.18321,0.285,0.055786,-0.31872,0.075024,0.064512,0.30002,0.062889,0.058525,-0.43284,-0.081904,-0.076628,0.37205,-0.10352,-0.10015,-0.0046769,0.035936,0.045102,0,-0.029881,0,-0.088126,-0.1222,-0.017981,0.096099,-0.1185,-0.002886,-0.083083,-0.59999,-0.071604,0.093128,-0.58759,-0.069013,-0.057667,-0.97403,0.086163,0.045685,-0.96604,0.07026
-0.013198,0.62441,0.000685,-0.012554,0.44408,0.049399,-0.21889,0.34017,0.067412,0.18954,0.33546,0.065336,-0.31494,0.092697,0.073526,0.2956,0.078247,0.060272,-0.41528,-0.079347,-0.059416,0.37128,-0.1093,-0.067368,-0.0019487,0.082388,0.048263,0,0.018083,0,-0.08861,-0.072372,-0.018174,0.094012,-0.073222,-0.008814,-0.095628,-0.57774,-0.051556,0.096316,-0.57948,-0.0503,-0.052152,-0.97393,0.0991,0.056202,-0.96919,0.09066
-0.0069589,0.67849,-0.012291,-0.012228,0.49464,0.046475,-0.20153,0.39955,0.068821,0.1925,0.39502,0.067384,-0.29744,0.12211,0.075193,0.28944,0.12621,0.060655,-0.39322,-0.072637,-0.02091,0.35938,-0.10498,-0.001082,-0.0019502,0.13448,0.048618,0,0.069895,0,-0.085383,-0.017296,-0.017611,0.090443,-0.018685,-0.007379,-0.095339,-0.56242,-0.027051,0.093057,-0.5586,-0.028899,-0.052019,-0.97048,0.10381,0.055261,-0.96896,0.098318
-0.0057009,0.73462,-0.000554,-0.008397,0.55348,0.049831,-0.20623,0.43431,0.070663,0.19222,0.42635,0.059365,-0.28516,0.15262,0.068025,0.28657,0.13113,0.064596,-0.36352,-0.061753,0.011797,0.34703,-0.092793,0.04124,-0.0002909,0.18514,0.049849,0,0.11875,0,-0.084844,0.020894,-0.012203,0.08848,0.034461,-0.014393,-0.093408,-0.54534,-0.023709,0.09283,-0.51155,-0.045854,-0.045651,-0.96525,0.094163,0.043007,-0.91463,0.098578
-0.010053,0.74945,0.004621,-0.0079192,0.5698,0.040237,-0.21283,0.44719,0.060687,0.18045,0.44857,0.045291,-0.2829,0.16332,0.077899,0.26511,0.15885,0.069801,-0.34072,-0.061196,0.07674,0.31614,-0.066158,0.081945,0.0003895,0.19993,0.049298,0,0.133,0,-0.086871,0.040878,-0.012466,0.09059,0.050606,-0.01034,-0.098818,-0.44974,-0.074577,0.10005,-0.4234,-0.095681,-0.068002,-0.83825,0.11024,0.029288,-0.81802,0.12092
-0.013239,0.75869,0.006532,-0.010742,0.58345,0.034958,-0.20086,0.48037,0.036124,0.17407,0.4578,0.04241,-0.27754,0.18383,0.079209,0.25697,0.16292,0.084171,-0.33709,-0.03899,0.092972,0.31256,-0.061563,0.092138,-0.0029393,0.21787,0.048581,0,0.15115,0,-0.081946,0.066666,-0.012205,0.0876,0.073777,-0.006563,-0.11754,-0.38017,-0.12629,0.10022,-0.35946,-0.13022,-0.067663,-0.75353,0.13721,0.022909,-0.72306,0.13959
-0.013173,0.75903,0.007913,-0.010138,0.58676,0.032821,-0.19196,0.48106,0.030665,0.17455,0.45986,0.045729,-0.27111,0.1946,0.10541,0.25588,0.16579,0.093595,-0.33787,-0.024798,0.12827,0.31581,-0.057176,0.10497,-0.0039458,0.21865,0.048404,0,0.15134,0,-0.0819,0.067851,-0.012765,0.087224,0.073462,-0.005742,-0.13106,-0.34616,-0.15148,0.10535,-0.34024,-0.15352,-0.070551,-0.67826,0.15655,0.029595,-0.68616,0.13697
-0.016028,0.76064,0.013198,-0.011747,0.5882,0.036321,-0.17203,0.47054,0.01118,0.17696,0.46041,0.058403,-0.27112,0.20044,0.11011,0.26017,0.17552,0.12478,-0.3444,-0.013807,0.14772,0.32443,-0.047514,0.11817,-0.0085333,0.21572,0.049404,0,0.14723,0,-0.081805,0.066703,-0.012489,0.086844,0.067933,-0.005478,-0.13282,-0.34674,-0.15179,0.08358,-0.34796,-0.147,-0.071413,-0.68076,0.15407,0.023079,-0.69369,0.14686
-0.018224,0.75882,0.018624,-0.012394,0.58849,0.042274,-0.17295,0.47017,0.017956,0.1812,0.45601,0.069125,-0.27456,0.20591,0.12719,0.25703,0.17907,0.12727,-0.36314,-0.00056922,0.17241,0.36608,-0.025307,0.13116,-0.0090759,0.21038,0.051004,0,0.14076,0,-0.082653,0.060321,-0.014724,0.087369,0.059328,-0.00606,-0.12172,-0.38852,-0.14207,0.075123,-0.39792,-0.12854,-0.064507,-0.77882,0.096483,0.014474,-0.78721,0.11073
-0.018604,0.74865,0.018494,-0.011339,0.5822,0.040594,-0.20253,0.46072,0.066025,0.18057,0.44618,0.072883,-0.28224,0.18151,0.15931,0.25989,0.17889,0.13703,-0.39945,-0.014147,0.18999,0.39251,-0.0085046,0.087044,-0.0030757,0.19922,0.050901,0,0.12933,0,-0.083888,0.044718,-0.014545,0.087619,0.044577,-0.007359,-0.11861,-0.47528,-0.097666,0.075102,-0.49507,-0.091939,-0.066838,-0.90151,0.080113,0.031643,-0.90202,0.079294
-0.015732,0.73246,0.022476,-0.010749,0.5622,0.042865,-0.20015,0.45123,0.08127,0.18454,0.42396,0.080453,-0.2819,0.16862,0.16514,0.26892,0.15989,0.12829,-0.4451,0.0044941,0.17273,0.42557,-0.004119,0.063435,-0.0021598,0.18064,0.051702,0,0.11146,0,-0.082401,0.026005,-0.010166,0.085644,0.022853,-0.014344,-0.10486,-0.56134,-0.057089,0.063404,-0.55594,-0.060165,-0.080034,-0.97707,0.060915,0.026018,-0.98272,0.067113
-0.012714,0.66866,0.033261,-0.0033857,0.4973,0.037963,-0.19779,0.37688,0.0728,0.19699,0.37344,0.1001,-0.29108,0.14201,0.15948,0.28013,0.11876,0.10852,-0.47884,0.0049993,0.14877,0.45879,0.022398,-0.01867,-0.0042932,0.14539,0.050901,0,0.083617,0,-0.082669,-0.0093852,-0.002179,0.083838,-0.0053538,-0.021001,-0.092438,-0.57342,-0.057189,0.064515,-0.55708,-0.05948,-0.077699,-0.97973,0.060439,0.025375,-0.98392,0.063338
-0.018561,0.61665,0.037343,-0.0077127,0.44017,0.039527,-0.20048,0.34427,0.083797,0.16474,0.31318,0.065588,-0.30381,0.087002,0.14291,0.27497,0.085526,0.099177,-0.52044,0.028274,0.068476,0.45256,0.04362,-0.062043,0.0006202,0.0668,0.051872,0,-0.0009174,0,-0.08035,-0.082592,-0.015459,0.083216,-0.083183,-0.004407,-0.08683,-0.57909,-0.060452,0.067583,-0.56308,-0.066907,-0.073712,-0.98413,0.068511,0.021939,-0.98503,0.068558
-0.014488,0.59873,0.039436,-0.0050461,0.40285,0.037991,-0.20956,0.2869,0.067874,0.17297,0.28358,0.06835,-0.34223,0.051764,0.13286,0.29891,0.023304,0.080358,-0.54619,0.054281,0.007383,0.45312,0.049584,-0.10556,-0.001195,0.050691,0.052012,0,-0.013641,0,-0.084608,-0.10838,-0.011806,0.084598,-0.093846,-0.007373,-0.07472,-0.61043,-0.081205,0.06972,-0.57183,-0.0779,-0.069475,-0.98376,0.06348,0.021299,-0.98353,0.061418
-0.012321,0.57264,0.021723,-0.0060171,0.39175,0.041057,-0.20756,0.2677,0.057943,0.18661,0.25115,0.068852,-0.34098,0.050325,0.12799,0.23962,0.0032266,0.10024,-0.52896,0.046417,-0.022656,0.40118,0.034138,-0.12372,-0.0027332,0.014511,0.0531,0,-0.054638,0,-0.087328,-0.1378,-0.017086,0.090785,-0.14849,-0.004882,-0.075463,-0.61127,-0.081929,0.063221,-0.60747,-0.089083,-0.067916,-0.98265,0.060137,0.018074,-0.98282,0.057206
-0.010952,0.56682,0.0119,-0.0073848,0.38145,0.036359,-0.20843,0.25824,0.050895,0.18809,0.24304,0.056834,-0.34482,0.034504,0.1007,0.28682,0.0096483,0.034223,-0.50779,0.026072,-0.078771,0.42283,0.031827,-0.16691,-0.0022064,0.0087947,0.052479,0,-0.059847,0,-0.088861,-0.14869,-0.014148,0.091539,-0.15155,-0.004762,-0.0748,-0.61365,-0.086753,0.065338,-0.60818,-0.092981,-0.067201,-0.98612,0.057581,0.019653,-0.98165,0.050138
-0.0041462,0.5624,-0.000777,-0.0043416,0.37236,0.02285,-0.20488,0.25394,0.03605,0.19125,0.2393,0.041032,-0.33205,0.018007,0.087834,0.29736,0.032524,0.012226,-0.48687,0.014934,-0.099412,0.40108,0.0065681,-0.20806,-0.0011192,0.0045594,0.048352,0,-0.065655,0,-0.090613,-0.15485,-0.011046,0.090785,-0.15786,0.000415,-0.076503,-0.59752,-0.097465,0.06876,-0.6087,-0.10168,-0.063947,-0.98619,0.049806,0.022794,-0.98049,0.037058
0.0019032,0.5599,-0.011118,-0.0025476,0.36913,0.013193,-0.20255,0.25332,0.027647,0.19265,0.23783,0.032331,-0.3006,0.0082508,0.074531,0.29626,0.030065,-0.004777,-0.4561,-0.010128,-0.11109,0.39852,-0.013022,-0.22287,-0.0006396,0.0037083,0.044233,0,-0.067519,0,-0.090633,-0.15606,-0.009529,0.090074,-0.15948,0.003672,-0.075594,-0.5972,-0.1027,0.071934,-0.59534,-0.10546,-0.058312,-0.98434,0.040017,0.024124,-0.97992,0.031084
0.0064329,0.56165,-0.012305,-0.0013647,0.37061,0.011689,-0.20068,0.25603,0.021213,0.19363,0.23951,0.023241,-0.31176,0.01783,0.046781,0.29023,0.028323,-0.009843,-0.46755,-0.029475,-0.13286,0.39932,-0.047322,-0.21442,-0.0002911,0.0042501,0.042107,0,-0.067137,0,-0.090576,-0.15523,-0.009634,0.089988,-0.159,0.003729,-0.077218,-0.59671,-0.10009,0.071368,-0.59289,-0.10153,-0.054674,-0.9884,0.046142,0.028066,-0.98129,0.032524
0.010826,0.58381,-0.016761,-9.02e-05,0.38503,0.007943,-0.20483,0.26884,0.019956,0.19265,0.25698,0.01755,-0.31669,0.024017,0.037903,0.28815,0.045501,-0.019948,-0.46337,-0.042899,-0.14322,0.38767,-0.064175,-0.2128,0.0002006,0.018563,0.039818,0,-0.051988,0,-0.090968,-0.14065,-0.010329,0.090492,-0.14375,0.003378,-0.074698,-0.58332,-0.085152,0.070795,-0.58564,-0.087553,-0.059755,-0.98321,0.047409,0.028615,-0.9793,0.037391
0.01672,0.59818,-0.014099,0.0019597,0.41792,0.013725,-0.19638,0.32437,0.02353,0.19433,0.28406,0.026748,-0.3237,0.041641,0.038897,0.29262,0.072763,-0.018562,-0.46418,-0.049985,-0.13571,0.38069,-0.083014,-0.18056,-0.0002569,0.051248,0.039582,0,-0.019032,0,-0.089457,-0.10144,-0.010655,0.088442,-0.10868,-0.001729,-0.073163,-0.57641,-0.056652,0.074045,-0.57303,-0.052772,-0.06112,-0.99187,0.070362,0.024616,-0.98749,0.064673
0.021822,0.66558,0.000326,0.0090925,0.4881,0.029778,-0.20067,0.37703,0.045984,0.1941,0.35502,0.04131,-0.32029,0.12808,0.04563,0.29265,0.1132,0.004788,-0.43754,-0.050266,-0.059886,0.38991,-0.095293,-0.11415,0.0017751,0.10845,0.042535,0,0.037224,0,-0.089356,-0.049664,-0.007779,0.085785,-0.052957,-0.009387,-0.088752,-0.56925,0.006741,0.084139,-0.56975,-0.005489,-0.054844,-0.99026,0.087882,0.039826,-0.98765,0.086166
0.02303,0.72364,-0.001964,0.002506,0.54869,0.047212,-0.19859,0.44151,0.057262,0.20571,0.41182,0.046755,-0.31053,0.16922,0.083975,0.28486,0.13716,0.027389,-0.41591,-0.016138,-0.022134,0.37065,-0.071858,-0.04051,0.00108,0.16703,0.046348,0,0.097417,0,-0.088976,0.010105,-0.012518,0.087972,0.0039621,-0.011975,-0.093133,-0.56174,0.034512,0.081949,-0.5521,0.02821,-0.062639,-0.98252,0.093283,0.040821,-0.97731,0.096333
0.0269,0.77838,0.004991,0.0090037,0.59928,0.048104,-0.19556,0.49137,0.063521,0.20178,0.46366,0.048822,-0.29916,0.21345,0.099926,0.2746,0.17934,0.051399,-0.39084,0.0041603,0.043774,0.35258,-0.038353,0.014746,0.0026352,0.21471,0.047454,0,0.14471,0,-0.085668,0.058032,-0.007866,0.081881,0.054859,-0.016676,-0.086311,-0.527,0.038443,0.084506,-0.53015,0.029807,-0.047331,-0.98198,0.089037,0.044652,-0.97816,0.098671
0.017613,0.80555,0.011598,-0.0016556,0.62453,0.042994,-0.20043,0.50205,0.05523,0.19328,0.50314,0.050869,-0.30537,0.21818,0.10348,0.26108,0.1989,0.065328,-0.39321,0.004207,0.066443,0.32191,-0.023365,0.081878,-0.0001961,0.25452,0.047338,0,0.18806,0,-0.083394,0.10194,-0.012861,0.085172,0.1029,-0.008524,-0.096746,-0.48531,0.005648,0.077018,-0.47986,-0.018726,-0.039329,-0.89327,0.12562,0.035705,-0.88867,0.13004
0.012738,0.82017,0.009997,-0.0055647,0.63723,0.039492,-0.2083,0.52402,0.050736,0.18957,0.51775,0.055923,-0.29551,0.23714,0.11033,0.24752,0.22032,0.1004,-0.37088,0.021823,0.1414,0.29598,-0.0068186,0.09771,-0.0018109,0.27064,0.047649,0,0.204,0,-0.083913,0.11645,-0.014283,0.086484,0.11318,-0.00677,-0.12544,-0.37501,-0.066132,0.085848,-0.37107,-0.07628,-0.041527,-0.77365,0.15409,0.033885,-0.76591,0.15838
0.011784,0.82777,0.013862,-0.011075,0.65649,0.035794,-0.17814,0.53476,0.027999,0.18872,0.51924,0.057158,-0.29024,0.26392,0.11515,0.24588,0.22364,0.1054,-0.36028,0.047265,0.14876,0.29518,-0.0011511,0.12529,-0.0052066,0.27427,0.047647,0,0.20565,0,-0.081014,0.12356,-0.017991,0.085312,0.11813,-0.005053,-0.12729,-0.3207,-0.098805,0.091978,-0.31253,-0.11241,-0.034172,-0.69138,0.15911,0.033826,-0.67168,0.16859
0.008875,0.83256,0.018753,-0.0142,0.66115,0.040158,-0.21429,0.52625,0.054032,0.18171,0.52303,0.058525,-0.29083,0.26441,0.12877,0.24776,0.23377,0.11867,-0.36445,0.050267,0.1682,0.29697,0.0069497,0.12074,-0.0027231,0.28015,0.049121,0,0.21149,0,-0.081437,0.12832,-0.021656,0.086788,0.12282,-0.002463,-0.12817,-0.29943,-0.12275,0.093374,-0.29523,-0.13468,-0.046699,-0.63577,0.17847,0.038058,-0.64913,0.15327
0.002886,0.83659,0.022457,-0.015505,0.66498,0.046948,-0.21289,0.52663,0.059802,0.17899,0.52839,0.072271,-0.29237,0.26885,0.15333,0.24898,0.24629,0.12551,-0.38,0.058248,0.18533,0.32284,0.025647,0.10921,-0.0039217,0.2827,0.051235,0,0.21443,0,-0.081143,0.13061,-0.026502,0.0872,0.12621,-0.000658,-0.1236,-0.30812,-0.11602,0.088785,-0.30361,-0.12514,-0.06563,-0.66683,0.16643,0.036835,-0.66006,0.16095
-0.0009002,0.82822,0.034125,-0.012073,0.66426,0.062101,-0.20684,0.52656,0.072582,0.16719,0.52743,0.081881,-0.28491,0.25924,0.17267,0.25695,0.24727,0.13943,-0.40307,0.061985,0.19474,0.38283,0.052744,0.10359,-0.0024679,0.2764,0.055953,0,0.20729,0,-0.078152,0.12617,-0.022037,0.081951,0.12316,-0.010863,-0.11701,-0.37732,-0.077021,0.086294,-0.38207,-0.084323,-0.080308,-0.76691,0.1697,0.04947,-0.76588,0.1704
-0.018895,0.80863,0.052913,-0.013183,0.64788,0.088747,-0.18187,0.51626,0.084157,0.14886,0.51233,0.092146,-0.27991,0.25134,0.19578,0.26193,0.24742,0.1596,-0.43196,0.074941,0.1896,0.40637,0.075705,0.077476,-0.0036226,0.23337,0.059917,0,0.1612,0,-0.070582,0.097345,-0.016619,0.076892,0.10107,-0.006008,-0.10395,-0.47082,-0.009892,0.081369,-0.47864,-0.015992,-0.083108,-0.87382,0.16371,0.053346,-0.86532,0.13479
-0.027847,0.77864,0.048717,-0.017673,0.62,0.088507,-0.20347,0.47499,0.10168,0.14515,0.46967,0.080903,-0.2975,0.20322,0.2026,0.27081,0.23521,0.15441,-0.46736,0.060521,0.11821,0.41238,0.082319,0.03674,-0.000177,0.22106,0.059442,0,0.15235,0,-0.072925,0.07173,-0.016636,0.078904,0.075537,-0.011736,-0.083151,-0.51512,0.004765,0.072154,-0.51186,0.000129,-0.088171,-0.96038,0.078413,0.037309,-0.96755,0.099491
-0.033955,0.71481,0.041619,-0.023724,0.55416,0.087372,-0.20395,0.42238,0.10453,0.15896,0.41213,0.076564,-0.30385,0.17389,0.18524,0.28942,0.18611,0.1339,-0.48256,0.044327,0.097392,0.43008,0.059599,-0.015669,-0.000628,0.16065,0.058599,0,0.094138,0,-0.07652,0.011116,-0.015055,0.084747,0.017637,-0.020084,-0.060511,-0.54815,-0.00088,0.075031,-0.54762,-0.001515,-0.075207,-0.96343,0.077279,0.028625,-0.97167,0.087015
-0.039215,0.66024,0.053548,-0.025547,0.49235,0.076801,-0.21893,0.35786,0.097261,0.14992,0.36313,0.066636,-0.30877,0.11498,0.14421,0.28103,0.13548,0.095549,-0.50879,0.026789,0.050313,0.42652,0.033552,-0.068803,-0.000192,0.10638,0.057328,0,0.040318,0,-0.077433,-0.047551,-0.016693,0.086617,-0.034307,-0.015933,-0.053252,-0.57445,-0.026691,0.07757,-0.59591,-0.02901,-0.06974,-0.96748,0.072949,0.022175,-0.97217,0.080831
-0.044687,0.61984,0.035472,-0.026671,0.43499,0.07058,-0.20728,0.30168,0.082881,0.16936,0.30975,0.069521,-0.30941,0.076194,0.13449,0.28233,0.10076,0.071214,-0.49261,-0.0028813,0.000782,0.41327,-0.0025207,-0.10506,-0.0025592,0.059062,0.056908,0,-0.0039217,0,-0.079171,-0.090485,-0.019713,0.089324,-0.085811,-0.011662,-0.068612,-0.60445,-0.049957,0.07908,-0.60094,-0.044017,-0.066956,-0.9692,0.069097,0.021005,-0.97271,0.075949
-0.04485,0.59138,0.026169,-0.019097,0.40479,0.066664,-0.20856,0.28401,0.077664,0.17869,0.28285,0.06402,-0.30732,0.02307,0.10467,0.2817,0.07506,0.055519,-0.48398,-0.0229,-0.053594,0.3912,-0.037851,-0.12993,-0.00151,0.036195,0.056467,0,-0.027608,0,-0.08302,-0.11914,-0.018419,0.089581,-0.11264,-0.012457,-0.067382,-0.60964,-0.065703,0.086258,-0.60279,-0.061231,-0.061051,-0.96852,0.059895,0.023073,-0.97148,0.06686
-0.03973,0.57161,0.011054,-0.016502,0.38958,0.053588,-0.211,0.26268,0.060451,0.17757,0.26271,0.050038,-0.30507,0.0084412,0.086157,0.26655,0.037822,0.030244,-0.46204,-0.067878,-0.081652,0.38744,-0.078389,-0.1588,-0.0013457,0.014107,0.054377,0,-0.052712,0,-0.084666,-0.14291,-0.018822,0.090592,-0.13727,-0.006816,-0.069024,-0.61149,-0.084811,0.080011,-0.58561,-0.083517,-0.064966,-0.96266,0.032169,0.020693,-0.97148,0.055494
-0.036299,0.56629,0.008723,-0.017034,0.37247,0.03682,-0.20911,0.24378,0.049663,0.17951,0.2515,0.040999,-0.2981,-0.028897,0.070809,0.27222,0.033477,0.028093,-0.44731,-0.082252,-0.11349,0.37995,-0.095694,-0.1466,-0.0015436,0.0042432,0.052996,0,-0.063524,0,-0.085303,-0.15677,-0.014433,0.091382,-0.14573,-0.0065,-0.066448,-0.61169,-0.092977,0.080944,-0.58147,-0.084362,-0.065358,-0.96268,0.031077,0.011115,-0.96425,0.039413
-0.025505,0.54854,-0.009662,-0.01514,0.35634,0.02492,-0.20782,0.2364,0.043589,0.18039,0.24072,0.03168,-0.29748,-0.021358,0.063312,0.27775,0.019176,0.020916,-0.43134,-0.10316,-0.12241,0.38718,-0.15066,-0.15716,-0.0010366,-0.0057166,0.050288,0,-0.073594,0,-0.085616,-0.16507,-0.012796,0.09145,-0.15701,-0.004436,-0.075436,-0.61407,-0.099216,0.081213,-0.58643,-0.082931,-0.065122,-0.9623,0.030012,0.012256,-0.96341,0.038967
-0.024323,0.55353,-0.014425,-0.012291,0.3613,0.012791,-0.20647,0.23876,0.031475,0.18095,0.24069,0.026135,-0.30216,-0.0052727,0.050721,0.28457,0.013172,0.016064,-0.4296,-0.11727,-0.12235,0.38902,-0.15972,-0.15447,-0.0016104,-0.0046253,0.046953,0,-0.074137,0,-0.085893,-0.16525,-0.011749,0.091235,-0.15738,-0.003646,-0.079888,-0.61483,-0.093827,0.076252,-0.60253,-0.067622,-0.073731,-0.97217,0.043598,0.01196,-0.96331,0.040833
-0.022448,0.57491,-0.012652,-0.0056134,0.39237,0.00699,-0.21058,0.25696,0.033085,0.1814,0.27555,0.021077,-0.31275,0.021943,0.041452,0.28326,0.022032,0.021635,-0.41295,-0.13878,-0.10811,0.38716,-0.16696,-0.13224,0.0003962,0.019683,0.042226,0,-0.052822,0,-0.087377,-0.14493,-0.00814,0.090176,-0.13951,-0.001831,-0.086368,-0.60825,-0.070542,0.072309,-0.58969,-0.045028,-0.079339,-0.97351,0.055763,0.0098276,-0.963,0.052139
-0.016747,0.6254,-0.026506,0.0024072,0.44212,0.020937,-0.21698,0.31635,0.044408,0.18586,0.30907,0.030099,-0.31471,0.063406,0.04999,0.29631,0.047741,0.029822,-0.40583,-0.12634,-0.078527,0.37873,-0.16016,-0.062777,0.001856,0.071235,0.043323,0,0.0011211,0,-0.092559,-0.090252,-0.009857,0.09157,-0.088838,-0.004495,-0.10249,-0.59789,-0.036308,0.071649,-0.58234,-0.022552,-0.088227,-0.98131,0.077253,0.013953,-0.97452,0.08846
-0.0070679,0.67655,-0.027327,0.0046215,0.49543,0.020708,-0.20623,0.38338,0.050354,0.1962,0.37023,0.042646,-0.29907,0.08653,0.05748,0.29271,0.095731,0.044242,-0.38592,-0.11816,-0.024951,0.36572,-0.12101,-0.012419,0.0014019,0.12044,0.042394,0,0.048666,0,-0.090867,-0.039782,-0.008425,0.08907,-0.043656,-0.005593,-0.10314,-0.58528,-0.020672,0.078798,-0.56924,-0.006271,-0.09478,-0.97039,0.078072,0.031415,-0.98037,0.10776
-0.0025874,0.71175,-0.036606,0.0082534,0.53598,0.01687,-0.19632,0.41552,0.041568,0.19461,0.41105,0.035487,-0.27581,0.12731,0.050163,0.28356,0.11837,0.04583,-0.363,-0.084576,-0.004557,0.35517,-0.10305,0.030137,0.0019542,0.15606,0.040876,0,0.083993,0,-0.088602,-0.0056114,-0.007539,0.08449,0.0038364,-0.00544,-0.11341,-0.54432,-0.016035,0.082438,-0.55439,-0.003645,-0.087568,-0.96669,0.086988,0.022556,-0.97243,0.11347
-0.004577,0.7394,-0.041674,0.000154,0.55776,0.015723,-0.20073,0.44629,0.044725,0.18739,0.44209,0.028511,-0.26975,0.15984,0.065049,0.26258,0.15668,0.052286,-0.35331,-0.056608,0.069781,0.32457,-0.067638,0.042842,0.0013374,0.20151,0.039118,0,0.13372,0,-0.085901,0.045622,-0.005129,0.08531,0.043528,-0.00476,-0.11217,-0.4814,-0.056481,0.087594,-0.43229,-0.064685,-0.082928,-0.87773,0.096511,-0.0041329,-0.85578,0.10939
-0.0041867,0.74581,-0.043206,0.0011118,0.56729,0.009837,-0.20086,0.45435,0.037127,0.18815,0.45231,0.030613,-0.27026,0.16264,0.068201,0.25642,0.15471,0.058539,-0.35453,-0.052705,0.081399,0.3081,-0.071978,0.057075,0.0005927,0.20953,0.036927,0,0.14071,0,-0.087247,0.052622,-0.006681,0.087269,0.053015,-0.002544,-0.11088,-0.40828,-0.099694,0.090189,-0.375,-0.10162,-0.049975,-0.78308,0.14427,0.023279,-0.75196,0.15725
-0.0016287,0.75188,-0.04132,-0.0012023,0.57667,0.007479,-0.1952,0.46253,0.027712,0.18912,0.45529,0.036736,-0.26976,0.17773,0.074439,0.25463,0.15972,0.071473,-0.35695,-0.030048,0.11937,0.30721,-0.06714,0.06046,-0.0011423,0.216,0.034889,0,0.14622,0,-0.087147,0.061621,-0.014205,0.087784,0.056972,0.001627,-0.12636,-0.35736,-0.1347,0.085527,-0.36581,-0.11072,-0.06794,-0.72451,0.13873,0.034477,-0.72975,0.1679
0.0029931,0.7506,-0.041994,0.000906,0.57852,0.004333,-0.17322,0.45967,0.005903,0.18992,0.45788,0.045315,-0.27431,0.18458,0.094473,0.2507,0.16093,0.081447,-0.3746,-0.020812,0.12559,0.3377,-0.055184,0.066471,-0.0036859,0.21534,0.032455,0,0.14464,0,-0.086985,0.061818,-0.015542,0.086387,0.056513,0.006475,-0.12778,-0.35818,-0.13087,0.075287,-0.36726,-0.11475,-0.049302,-0.72335,0.14065,0.039979,-0.75763,0.13212
0.011382,0.75088,-0.047336,0.0013798,0.57741,-0.003713,-0.17071,0.46191,0.003096,0.19494,0.45704,0.050767,-0.28882,0.20833,0.11176,0.24952,0.16389,0.091725,-0.39523,0.0026215,0.12362,0.38294,-0.026198,0.058555,-0.0040052,0.21456,0.0289,0,0.14311,0,-0.087087,0.061616,-0.015868,0.086347,0.054527,0.009018,-0.12895,-0.37176,-0.12226,0.060228,-0.432,-0.1069,-0.039295,-0.76719,0.10445,0.050037,-0.80909,0.089109
0.016383,0.74178,-0.043331,0.0085233,0.56586,-0.001631,-0.15862,0.45574,0.001466,0.19344,0.45637,0.067087,-0.28822,0.21129,0.12546,0.25053,0.1712,0.11559,-0.43835,0.033382,0.12398,0.39776,-0.0062715,0.067364,-0.0039736,0.19258,0.026894,0,0.11823,0,-0.084183,0.048154,-0.010413,0.079227,0.031325,0.010191,-0.14563,-0.3765,-0.088869,0.046659,-0.52664,-0.050333,-0.059859,-0.82723,0.020109,0.035133,-0.94592,0.014068
0.022192,0.7249,-0.048329,0.0089248,0.54786,-0.016823,-0.16813,0.44116,0.00572,0.19935,0.42844,0.060192,-0.29437,0.19921,0.13658,0.2618,0.16573,0.11696,-0.46286,0.04526,0.074876,0.42497,0.017805,0.026416,-0.0024476,0.17852,0.021853,0,0.10418,0,-0.08485,0.021433,-0.011744,0.080772,0.01446,0.010244,-0.097398,-0.56528,-0.04586,0.038218,-0.55442,-0.034449,-0.056873,-0.99845,-0.003381,0.021625,-0.98152,-0.004748
0.023072,0.68294,-0.038346,0.0092197,0.50109,-0.02292,-0.1825,0.38994,0.005525,0.20487,0.39016,0.064242,-0.30807,0.167,0.12887,0.27396,0.14398,0.11146,-0.48776,0.047353,0.026739,0.44854,0.03884,-0.015854,-0.0021162,0.14426,0.01767,0,0.072214,0,-0.087693,-0.012497,-0.010128,0.084201,-0.020761,0.011628,-0.08822,-0.57125,-0.042422,0.029566,-0.55776,-0.027811,-0.058767,-0.99723,0.007425,0.022283,-0.98305,0.007039
0.0037301,0.63717,-0.038584,0.012569,0.45352,-0.020645,-0.19584,0.32753,0.010086,0.19717,0.32554,0.060167,-0.32351,0.11433,0.097763,0.27169,0.097569,0.093514,-0.51007,0.030077,-0.027846,0.45786,0.03862,-0.047862,-0.0006679,0.090839,0.015585,0,0.01793,0,-0.091067,-0.07069,-0.009064,0.085868,-0.071432,0.011805,-0.075641,-0.58579,-0.06067,0.019011,-0.5751,-0.038078,-0.066349,-0.99765,0.014131,0.017812,-0.98381,0.008909
0.0015074,0.61682,-0.032963,0.0076501,0.42047,-0.003897,-0.19549,0.31793,0.019383,0.19613,0.31114,0.059139,-0.28758,0.061439,0.053567,0.24004,0.057377,0.092309,-0.49434,0.010431,-0.055321,0.42798,0.028288,-0.056565,-0.0005223,0.074228,0.016391,0,0.0040872,0,-0.090756,-0.087855,-0.0102,0.086245,-0.082751,0.007355,-0.074649,-0.58846,-0.085609,0.035663,-0.56904,-0.069367,-0.064645,-0.99816,0.019549,0.01623,-0.98079,0.012232
-0.0009417,0.60181,-0.022745,0.003783,0.41137,0.007549,-0.19646,0.26803,0.021018,0.19379,0.29097,0.063625,-0.26315,0.018422,0.042786,0.24221,0.051927,0.10171,-0.4707,0.010705,-0.077085,0.40218,0.011649,-0.076999,-0.0019752,0.042482,0.019954,0,-0.031766,0,-0.087887,-0.12168,-0.016251,0.087604,-0.11793,0.006273,-0.070433,-0.58936,-0.092114,0.042034,-0.57754,-0.073649,-0.066824,-0.98225,0.014438,0.012536,-0.98106,0.020005
-0.0013035,0.5847,-0.00476,0.0013031,0.40079,0.018856,-0.19566,0.26796,0.024298,0.18734,0.27349,0.057062,-0.26302,0.018004,0.045853,0.24675,0.049109,0.1008,-0.4562,-0.00981,-0.095563,0.38252,-0.0039098,-0.095079,-0.0017907,0.032145,0.02243,0,-0.040656,0,-0.087541,-0.12874,-0.017395,0.087465,-0.12698,0.004299,-0.069754,-0.5912,-0.092368,0.061492,-0.59102,-0.077355,-0.067117,-0.98766,0.021711,0.014311,-0.98229,0.022851
-0.0027403,0.58361,-0.00271,-0.0003889,0.39898,0.02135,-0.19654,0.26768,0.024923,0.18591,0.26998,0.052689,-0.26311,0.017487,0.043375,0.25899,0.052433,0.065837,-0.44243,-0.032474,-0.11081,0.38592,-0.027429,-0.12652,-0.001781,0.030391,0.024008,0,-0.041958,0,-0.087635,-0.12993,-0.0176,0.087915,-0.12846,0.003742,-0.069935,-0.59232,-0.091163,0.063996,-0.58691,-0.073724,-0.066891,-0.98931,0.02424,0.012876,-0.98137,0.022605
-0.0062706,0.5865,0.001212,-0.0001999,0.40037,0.022629,-0.20124,0.27224,0.025491,0.18542,0.27188,0.051732,-0.27102,0.030485,0.03336,0.27175,0.056961,0.049619,-0.44293,-0.040459,-0.12096,0.38714,-0.048149,-0.13733,-0.0017426,0.030905,0.025444,0,-0.04114,0,-0.08783,-0.12944,-0.017692,0.088082,-0.12781,0.003499,-0.06912,-0.59497,-0.083216,0.061773,-0.59484,-0.062588,-0.0666,-1.0073,0.035304,0.011936,-0.99144,0.027572
-0.016625,0.62198,0.008461,-0.004959,0.42752,0.030079,-0.21591,0.30899,0.032937,0.18397,0.32084,0.044511,-0.29975,0.076584,0.042839,0.27341,0.078347,0.044679,-0.4221,-0.062419,-0.12214,0.38185,-0.059324,-0.12276,-0.0015568,0.060495,0.028801,0,-0.0090816,0,-0.088522,-0.10266,-0.015399,0.090814,-0.097204,-0.002538,-0.080415,-0.59089,-0.052893,0.068066,-0.57317,-0.03411,-0.063131,-1.0005,0.038985,0.012473,-0.98718,0.033095
-0.016586,0.68164,0.008482,-0.0060026,0.50362,0.037136,-0.21044,0.37603,0.039342,0.19055,0.38074,0.062225,-0.31558,0.12183,0.03874,0.2809,0.096935,0.041631,-0.41793,-0.080067,-0.1065,0.36318,-0.095213,-0.075239,-0.0026105,0.12402,0.032235,0,0.052048,0,-0.087555,-0.038647,-0.015628,0.089943,-0.03688,-0.004701,-0.091769,-0.58037,-0.015712,0.071743,-0.56768,-0.00513,-0.061464,-0.99665,0.044468,0.017469,-0.98444,0.039662
-0.011156,0.73225,0.00817,-0.0041843,0.53732,0.039904,-0.20997,0.42673,0.045227,0.18877,0.43046,0.055199,-0.30706,0.14356,0.046328,0.2806,0.14392,0.041003,-0.40689,-0.080791,-0.055916,0.34446,-0.075177,-0.020117,-0.0014026,0.16837,0.035016,0,0.0994,0,-0.086116,0.010406,-0.017919,0.087805,0.010828,-0.003979,-0.089658,-0.57546,0.004281,0.069176,-0.56125,0.011558,-0.06916,-0.98576,0.038466,0.028116,-0.97533,0.038208
-0.0092518,0.75778,0.004865,0.0028453,0.5891,0.034659,-0.20676,0.44502,0.03488,0.19187,0.46335,0.054297,-0.29421,0.16567,0.054614,0.27466,0.16694,0.055623,-0.37251,-0.053745,0.033075,0.3347,-0.055874,0.008763,-0.0012416,0.2018,0.036017,0,0.12871,0,-0.08827,0.037069,-0.016217,0.087644,0.041278,-0.003669,-0.090299,-0.54938,-0.000162,0.06628,-0.54507,0.006072,-0.067524,-0.96499,0.035355,0.025336,-0.97099,0.039086
-0.018197,0.80261,0.006134,-0.0066953,0.60372,0.026183,-0.21215,0.47848,0.026892,0.18569,0.48382,0.048673,-0.28716,0.19674,0.056582,0.26298,0.18491,0.069626,-0.35771,-0.021114,0.086405,0.31564,-0.042133,0.06179,-0.0036174,0.24415,0.03451,0,0.17776,0,-0.08683,0.086065,-0.014698,0.09009,0.090369,-0.001049,-0.099428,-0.4597,-0.066781,0.066576,-0.44753,-0.062417,-0.045486,-0.88972,0.063012,0.017342,-0.90702,0.036387
-0.022085,0.80647,0.0078,-0.0073201,0.61432,0.023178,-0.21316,0.48692,0.02708,0.18998,0.50584,0.058677,-0.2848,0.20957,0.063427,0.25508,0.20225,0.087339,-0.34427,-0.0020286,0.12739,0.28621,-0.027396,0.099386,-0.0040556,0.25285,0.034757,0,0.18457,0,-0.0875,0.091345,-0.013902,0.090833,0.09691,-0.001411,-0.12749,-0.37641,-0.11426,0.078799,-0.37765,-0.09677,-0.072112,-0.76425,0.13429,0.018487,-0.7686,0.14259
-0.021874,0.81139,0.012439,-0.013636,0.62639,0.025282,-0.2095,0.49143,0.026332,0.1731,0.50198,0.047821,-0.27975,0.20929,0.087158,0.24582,0.20855,0.11103,-0.34191,-0.0065192,0.13627,0.28858,-0.020746,0.1003,-0.0036804,0.25318,0.035435,0,0.18436,0,-0.086801,0.093389,-0.01362,0.089439,0.097568,-0.001756,-0.13595,-0.32077,-0.14745,0.075485,-0.33926,-0.12155,-0.078472,-0.6819,0.13511,0.014901,-0.69257,0.14853
-0.01949,0.8135,0.020814,-0.011017,0.62867,0.029298,-0.1909,0.49009,0.022584,0.17226,0.49918,0.050516,-0.27455,0.21664,0.10542,0.24548,0.20706,0.11783,-0.3366,0.0013091,0.15653,0.29269,-0.021423,0.10811,-0.0034039,0.25007,0.037882,0,0.17785,0,-0.084256,0.093173,-0.011444,0.087639,0.09472,-0.002414,-0.13247,-0.31837,-0.15391,0.081158,-0.32389,-0.13008,-0.078843,-0.67438,0.13549,0.02721,-0.67601,0.15784
-0.017831,0.80934,0.029926,-0.0098617,0.62869,0.031356,-0.1829,0.48956,0.024634,0.16965,0.49515,0.051852,-0.27497,0.21485,0.12285,0.24675,0.2048,0.12182,-0.34307,0.00097714,0.17295,0.30058,-0.022239,0.1146,-0.0034879,0.24596,0.039338,0,0.17268,0,-0.082592,0.092345,-0.010298,0.084947,0.09246,-0.003854,-0.12629,-0.32472,-0.14657,0.083747,-0.33391,-0.12917,-0.075933,-0.69719,0.12381,0.011198,-0.71337,0.1275
-0.019932,0.80299,0.041503,-0.012795,0.6247,0.040099,-0.17748,0.48735,0.031773,0.16335,0.4896,0.061675,-0.26801,0.21911,0.14421,0.24476,0.20085,0.13279,-0.3581,0.0063383,0.16323,0.33322,-0.014876,0.10811,-0.0051069,0.23447,0.042387,0,0.16048,0,-0.077475,0.083496,-0.012983,0.081992,0.087324,-0.002943,-0.12201,-0.38852,-0.12636,0.078085,-0.41388,-0.10019,-0.09487,-0.79127,0.10544,0.027068,-0.82444,0.11526
-0.019126,0.77984,0.052868,-0.0085717,0.59687,0.061145,-0.187,0.46961,0.059943,0.1605,0.46731,0.082451,-0.27415,0.19303,0.15773,0.24956,0.18735,0.14325,-0.40367,-0.00085534,0.13187,0.36993,-0.0066051,0.080236,-0.0040485,0.21487,0.04558,0,0.14507,0,-0.076724,0.055829,-0.017551,0.080234,0.074754,-0.007298,-0.10527,-0.51438,-0.0685,0.073084,-0.51181,-0.038955,-0.078512,-0.95027,0.063161,0.037109,-0.9539,0.076566
-0.01615,0.72981,0.068695,-0.013063,0.55594,0.076231,-0.19489,0.41054,0.055945,0.18589,0.41968,0.11901,-0.29166,0.15835,0.15098,0.25744,0.14897,0.1477,-0.45064,0.0050933,0.061096,0.39396,-0.012694,0.034981,-0.0083324,0.18042,0.048736,0,0.11542,0,-0.078501,0.03265,-0.019773,0.085027,0.023527,-0.01332,-0.093438,-0.55391,-0.050432,0.058925,-0.54635,-0.039538,-0.085065,-0.96007,0.053611,0.025372,-0.96243,0.066423
-0.01898,0.68634,0.071236,-0.013219,0.49521,0.064856,-0.19919,0.36914,0.056539,0.17972,0.36775,0.11266,-0.29852,0.13231,0.13422,0.25474,0.10068,0.13381,-0.4697,-0.0017077,0.035011,0.41216,-0.015818,-0.00735,-0.0082538,0.11291,0.048629,0,0.045216,0,-0.080821,-0.039157,-0.028387,0.085823,-0.040684,-0.001445,-0.086247,-0.57323,-0.054334,0.038307,-0.56505,-0.051685,-0.07933,-0.97762,0.044256,0.012365,-0.97323,0.029138
-0.014975,0.63007,0.073588,-0.012266,0.43813,0.063023,-0.20167,0.30662,0.054723,0.17637,0.31078,0.10683,-0.31888,0.07631,0.10725,0.25086,0.077023,0.12107,-0.49186,0.0039019,-0.045833,0.40145,-0.010135,-0.048606,-0.0077155,0.061476,0.049389,0,-0.0049633,0,-0.081104,-0.089695,-0.02457,0.085849,-0.087382,-0.004783,-0.081919,-0.5884,-0.067019,0.058214,-0.57095,-0.057207,-0.066313,-0.98931,0.045392,0.017018,-0.97279,0.01759
-0.017632,0.59448,0.062776,-0.017031,0.41621,0.066219,-0.20836,0.27032,0.053267,0.17625,0.28974,0.096268,-0.31743,0.041996,0.078832,0.25493,0.044632,0.1015,-0.50184,0.0032195,-0.072978,0.39315,-0.019857,-0.089236,-0.0071671,0.040382,0.050857,0,-0.025359,0,-0.081044,-0.11452,-0.02433,0.087503,-0.10894,-0.00567,-0.081293,-0.59164,-0.07826,0.062259,-0.5734,-0.064203,-0.067463,-0.99044,0.0382,-0.0028445,-0.99518,0.044455
-0.015283,0.59148,0.052815,-0.017865,0.3969,0.054614,-0.20566,0.26157,0.042794,0.17931,0.24995,0.074905,-0.31231,0.027854,0.061401,0.25314,0.01211,0.077049,-0.48318,-0.013535,-0.10614,0.40861,-0.036063,-0.10427,-0.0068455,0.014112,0.049635,0,-0.054758,0,-0.082904,-0.14239,-0.024437,0.090265,-0.14238,-0.000781,-0.076984,-0.5944,-0.089973,0.067218,-0.5804,-0.074123,-0.079887,-0.99934,0.021845,0.000876,-0.9952,0.034899
-0.016049,0.58832,0.044692,-0.01703,0.38866,0.043701,-0.20552,0.25475,0.030981,0.17838,0.24954,0.066692,-0.31307,0.01934,0.041479,0.25563,0.013063,0.068074,-0.47833,-0.033281,-0.1287,0.39724,-0.057107,-0.11766,-0.007102,0.0080127,0.048335,0,-0.061835,0,-0.08284,-0.15064,-0.02179,0.089648,-0.14792,0.002309,-0.076566,-0.59722,-0.097092,0.069533,-0.5864,-0.07676,-0.082336,-1.0002,0.014011,0.0004184,-0.99522,0.027112
-0.016505,0.58468,0.03559,-0.01456,0.38251,0.029689,-0.20457,0.24869,0.014457,0.17723,0.24863,0.055198,-0.30119,0.0039357,0.032956,0.26357,0.016868,0.052995,-0.45379,-0.051751,-0.14859,0.38297,-0.085666,-0.13331,-0.0072479,0.0058704,0.045225,0,-0.065277,0,-0.083354,-0.15461,-0.020485,0.088813,-0.15066,0.010095,-0.068957,-0.59959,-0.098192,0.070475,-0.58126,-0.076269,-0.079791,-1.0007,0.006919,-0.0002793,-0.99612,0.021671
-0.018504,0.58118,0.014018,-0.014221,0.38072,0.011953,-0.20756,0.24506,-0.007053,0.17384,0.2493,0.034735,-0.30017,0.0021714,0.022143,0.26405,0.020425,0.037729,-0.43815,-0.078011,-0.16209,0.37975,-0.098409,-0.14041,-0.0070914,0.0066057,0.038943,0,-0.065959,0,-0.083189,-0.15631,-0.014973,0.08861,-0.15008,0.01456,-0.059293,-0.60111,-0.094417,0.069701,-0.58298,-0.066482,-0.070403,-1.0007,0.006321,0.0025841,-0.99372,0.013806
