0.0077617,0.73902,-0.052271,0.01653,0.55346,-0.00038166,-0.1597,0.44879,0.00022091,0.17932,0.46064,0.022369,-0.29191,0.20213,0.056079,0.29424,0.17443,0.038154,-0.42002,0.0095345,-0.058978,0.3844,-0.031216,-0.053806,0.0013323,0.19919,0.015583,0,0.12866,0,-0.076579,0.053554,-0.013579,0.070708,0.052976,0.0083111,-0.072797,-0.54538,-0.037004,0.039601,-0.57118,0.00096732,-0.054693,-0.9133,0.013669,0.033392,-0.93231,0.051025
0.013846,0.75712,-0.074228,0.020281,0.56993,-0.018606,-0.15867,0.47151,-0.017736,0.18147,0.46629,0.0051713,-0.28272,0.21234,0.039674,0.27095,0.19887,0.024048,-0.39448,-0.0034312,-0.041635,0.34885,-0.032904,-0.027469,0.0025473,0.2366,0.0089503,0,0.17202,0,-0.082692,0.10022,-0.00392,0.07436,0.087513,0.0069151,-0.074496,-0.49312,-0.079826,0.056327,-0.53627,-0.025883,-0.045116,-0.84389,0.020305,0.040355,-0.9145,0.043323
0.015734,0.79156,-0.091178,0.018531,0.59626,-0.027889,-0.15355,0.49453,-0.023882,0.18187,0.50049,0.0034961,-0.2653,0.21324,0.04702,0.24274,0.20252,0.033785,-0.35614,-0.011042,0.069278,0.32026,-0.044067,0.048321,0.0017734,0.2635,0.0069235,0,0.19533,0,-0.080935,0.1192,-0.00323,0.072664,0.12566,0.0097381,-0.039591,-0.38638,-0.12118,0.031297,-0.42502,-0.077602,-0.026776,-0.75586,0.046609,0.024032,-0.76498,0.043543
0.01571,0.79375,-0.089487,0.018248,0.60772,-0.027329,-0.15433,0.50264,-0.0213,0.18175,0.50316,0.005222,-0.25925,0.22593,0.056564,0.23771,0.21003,0.038065,-0.35205,0.0036822,0.07894,0.32309,-0.011938,0.085802,0.0019353,0.26843,0.0056037,0,0.19994,0,-0.080425,0.12435,-0.0035271,0.072525,0.12701,0.0098405,-0.040308,-0.40185,-0.10894,0.031333,-0.43126,-0.067065,-0.042224,-0.76535,0.034708,0.0082097,-0.77845,0.056662
0.016978,0.79974,-0.082649,0.01824,0.61009,-0.024998,-0.15486,0.5068,-0.017432,0.18097,0.50487,0.0071303,-0.25439,0.24658,0.072478,0.23741,0.22762,0.054446,-0.36436,0.041467,0.10949,0.33233,0.013616,0.10122,0.0020981,0.26945,0.0048347,0,0.20105,0,-0.079972,0.1262,-0.0046364,0.072512,0.12742,0.0089212,-0.052554,-0.45961,-0.072127,0.020635,-0.49451,-0.02196,-0.07119,-0.77051,0.014647,-0.0041093,-0.84707,0.072724
0.016073,0.7995,-0.071845,0.018932,0.60965,-0.019618,-0.15489,0.50645,-0.010729,0.18015,0.50411,0.012364,-0.25599,0.24508,0.087664,0.24,0.22813,0.064762,-0.38473,0.048604,0.11357,0.36909,0.029027,0.11562,0.0024804,0.26695,0.0054467,0,0.19775,0,-0.080092,0.11871,-0.0065315,0.072362,0.12604,0.0055633,-0.063689,-0.53555,-0.033977,0.044743,-0.46796,-0.0011459,-0.088422,-0.88375,-0.013404,-0.028687,-0.88531,0.04259
0.015847,0.77961,-0.050333,0.018733,0.58503,-0.00025852,-0.16006,0.48124,0.012378,0.18024,0.47606,0.027581,-0.27298,0.23047,0.1078,0.26578,0.20793,0.11137,-0.4422,0.062906,0.099559,0.40185,0.014222,0.12453,0.002634,0.24327,0.0082114,0,0.17446,0,-0.08055,0.093636,-0.010091,0.073562,0.098466,0.0032225,-0.066696,-0.53994,-0.031058,0.061326,-0.48614,0.028729,-0.10305,-0.91905,0.018976,-0.035552,-0.90447,0.060987
0.016082,0.73065,-0.019564,0.012083,0.53543,0.019326,-0.15978,0.43042,0.035642,0.17904,0.42491,0.046314,-0.29757,0.18774,0.12647,0.28056,0.17074,0.11852,-0.49741,0.057123,0.081751,0.46455,0.01355,0.07298,0.0015899,0.1864,0.013448,0,0.1178,0,-0.078988,0.041659,-0.014284,0.074569,0.041174,0.0023332,-0.07113,-0.55972,-0.041253,0.065299,-0.47919,0.024526,-0.11334,-0.94328,0.058582,-0.025055,-0.89197,0.095307
0.0057196,0.68201,-0.015871,0.0068438,0.49303,0.025468,-0.16707,0.38313,0.03309,0.17072,0.38219,0.052467,-0.32926,0.1438,0.11087,0.28127,0.12455,0.11185,-0.53992,0.052699,0.033478,0.48956,0.0051275,0.0089606,0.00029057,0.14849,0.016938,0,0.081156,0,-0.078351,0.0075794,-0.016773,0.075894,0.0019387,0.0028343,-0.08124,-0.55576,-0.04939,0.046651,-0.48924,-0.0050754,-0.12456,-0.9402,0.06548,-0.031809,-0.89781,0.091394
0.00951,0.66895,-0.0069433,0.0081449,0.47823,0.031152,-0.16514,0.37383,0.036794,0.17686,0.36149,0.067336,-0.3365,0.13319,0.096756,0.29408,0.11321,0.10069,-0.55411,0.040384,-0.013215,0.50487,-0.014941,-0.059131,-0.00034359,0.13615,0.020606,0,0.069876,0,-0.079402,-0.0050399,-0.019363,0.075802,-0.011426,0.0028738,-0.085431,-0.55741,-0.045794,0.028891,-0.57269,-0.00632,-0.1238,-0.94147,0.072737,-0.040333,-0.94321,0.11355
0.0096899,0.6691,-0.005615,0.0082303,0.47818,0.031492,-0.16438,0.3738,0.036909,0.17659,0.36183,0.066718,-0.33601,0.1373,0.083146,0.29515,0.11513,0.096543,-0.525,0.01535,-0.046495,0.47551,-0.020242,-0.060228,-0.000538,0.13545,0.02329,0,0.069381,0,-0.079174,-0.0053341,-0.019489,0.07565,-0.011495,0.0028662,-0.086275,-0.5678,-0.027512,0.024497,-0.56963,-0.0016056,-0.12306,-0.94438,0.075582,-0.039884,-0.94249,0.11382
0.012251,0.68477,-0.0071228,0.011444,0.50194,0.040456,-0.15894,0.39701,0.031235,0.17572,0.39737,0.053705,-0.3066,0.17958,0.066471,0.29806,0.12676,0.086423,-0.47852,-0.007445,-0.073108,0.43203,-0.032949,-0.042474,0.00018557,0.1491,0.027299,0,0.08248,0,-0.077227,0.0097068,-0.020802,0.073118,0.0055282,0.0029179,-0.08207,-0.56762,-0.013327,0.018809,-0.56736,0.013589,-0.12288,-0.94098,0.069938,-0.041932,-0.94121,0.10647
0.016064,0.74519,-0.025623,0.013581,0.55786,0.027312,-0.15476,0.44646,0.012327,0.1813,0.44701,0.041553,-0.28526,0.20978,0.069041,0.27924,0.18009,0.062521,-0.41953,0.0086411,-0.049676,0.39227,-0.034526,-0.025276,5.8002e-05,0.20002,0.027237,0,0.13128,0,-0.076854,0.060871,-0.015831,0.072083,0.048537,0.0011224,-0.081917,-0.56749,-0.022029,0.02349,-0.57366,0.017176,-0.11915,-0.93427,0.048822,-0.037518,-0.93895,0.085777
0.02257,0.77249,-0.035493,0.018744,0.57664,0.012435,-0.15421,0.47035,2.3501e-05,0.18286,0.4683,0.028615,-0.2844,0.20804,0.051094,0.26719,0.19619,0.051978,-0.40082,-0.002849,-0.032513,0.35517,-0.022266,0.0016742,0.0011789,0.23347,0.024138,0,0.16801,0,-0.079812,0.087719,-0.016146,0.072927,0.096262,0.0080779,-0.080864,-0.51832,-0.061396,0.025283,-0.56325,-0.00042961,-0.088166,-0.88988,0.03882,-0.029513,-0.92339,0.075568
0.026265,0.7822,-0.040533,0.021182,0.58665,0.0079708,-0.15139,0.48606,-0.0061301,0.18318,0.47432,0.025561,-0.2831,0.20779,0.048664,0.25371,0.20216,0.052806,-0.37461,-0.011269,0.013084,0.34377,-0.039323,0.020155,0.001231,0.24426,0.023375,0,0.17746,0,-0.080522,0.10692,-0.010957,0.07269,0.10074,0.0060775,-0.060332,-0.43227,-0.10126,0.043225,-0.45374,-0.060325,-0.055628,-0.82501,0.044673,0.027704,-0.82804,0.077231
0.0267,0.79065,-0.043982,0.021063,0.59625,0.0059402,-0.15066,0.49276,-0.0070627,0.18427,0.48853,0.029622,-0.27418,0.21273,0.050681,0.2469,0.2075,0.054599,-0.36751,-0.0067312,0.040486,0.33386,-0.043867,0.053728,0.00088394,0.25661,0.022529,0,0.18998,0,-0.080227,0.11718,-0.011603,0.072207,0.11189,0.0060154,-0.056273,-0.42449,-0.10763,0.041002,-0.45314,-0.061982,-0.044966,-0.79202,0.048968,0.025833,-0.79028,0.075303
0.028978,0.80391,-0.036566,0.022776,0.60359,0.0075741,-0.14942,0.50806,0.0016084,0.18643,0.49747,0.038704,-0.25923,0.23131,0.058639,0.24225,0.21433,0.066837,-0.35847,0.014903,0.060296,0.33108,-0.021012,0.071127,0.0011536,0.26501,0.022526,0,0.1987,0,-0.080183,0.12762,-0.013203,0.07154,0.11793,0.0062476,-0.050503,-0.42762,-0.10139,0.037227,-0.43938,-0.059202,-0.039394,-0.80489,0.051538,0.018315,-0.79347,0.059871
0.033873,0.81065,-0.025521,0.021796,0.60781,0.010712,-0.14868,0.50881,0.0040244,0.18637,0.49899,0.042154,-0.25848,0.23441,0.066275,0.23772,0.22028,0.078468,-0.36669,0.022334,0.06823,0.34162,-0.01132,0.085971,0.00086138,0.26505,0.023238,0,0.19851,0,-0.079744,0.12779,-0.013451,0.0718,0.11788,0.0039529,-0.042945,-0.47309,-0.068657,0.038559,-0.44652,-0.047775,-0.029292,-0.82356,0.024506,0.021544,-0.84434,0.053004
0.031619,0.80519,-0.0083064,0.024381,0.60452,0.026011,-0.14989,0.5026,0.01309,0.18579,0.49265,0.052546,-0.26447,0.22638,0.080187,0.24061,0.21372,0.093246,-0.40235,0.027956,0.067818,0.3709,-0.0091776,0.10041,0.00030655,0.25891,0.02721,0,0.19137,0,-0.07992,0.11969,-0.018125,0.07214,0.1096,0.002133,-0.045619,-0.53387,-0.050724,0.028841,-0.55485,-0.0074415,-0.040043,-0.84617,-0.003701,0.027093,-0.90132,0.023076
0.02801,0.77396,0.0085959,0.022351,0.58111,0.045078,-0.15122,0.45734,0.033062,0.18789,0.45574,0.0575,-0.28029,0.19045,0.097588,0.25996,0.18862,0.11013,-0.44604,0.022086,0.050429,0.41752,-0.011347,0.089496,0.0014947,0.24441,0.031558,0,0.1805,0,-0.08008,0.10835,-0.01957,0.072478,0.099416,-0.0009034,-0.074607,-0.46014,-0.088238,0.034127,-0.56541,-0.0095322,-0.038351,-0.87888,-0.0058406,0.019558,-0.92229,0.031531
0.017504,0.72588,0.02171,0.010368,0.53194,0.061117,-0.16173,0.42209,0.046806,0.1786,0.41056,0.077791,-0.29923,0.1633,0.10011,0.26398,0.16193,0.11914,-0.48698,0.0088127,0.022543,0.43437,-0.020131,0.039659,-0.001148,0.18453,0.037087,0,0.1214,0,-0.075389,0.060163,-0.023437,0.071534,0.029976,-0.00425,-0.063036,-0.55108,-0.086261,0.038786,-0.55927,-0.052173,-0.047519,-0.91755,0.00092126,0.012486,-0.9254,0.040967
0.013262,0.68983,0.03493,0.0042322,0.48377,0.0676,-0.1631,0.36753,0.053748,0.17157,0.36783,0.086082,-0.31638,0.11649,0.086822,0.26886,0.10954,0.11134,-0.51559,-0.023448,-0.017181,0.47873,-0.050104,-0.016191,-0.0021873,0.14671,0.039779,0,0.086901,0,-0.074648,0.0271,-0.025384,0.072648,-0.0011788,-0.0043036,-0.065014,-0.55129,-0.085599,0.042998,-0.55417,-0.056843,-0.077715,-0.93839,0.034745,0.011821,-0.92923,0.047894
0.0085412,0.65499,0.030323,0.00098058,0.46268,0.065773,-0.16509,0.35238,0.05129,0.17026,0.34799,0.090683,-0.32116,0.10433,0.080565,0.27082,0.10359,0.10854,-0.50963,-0.044804,-0.029211,0.46504,-0.065458,-0.042493,-0.0038591,0.11721,0.041185,0,0.055606,0,-0.075765,-0.024747,-0.02978,0.074384,-0.018823,-0.0013932,-0.066933,-0.55264,-0.084962,0.043838,-0.55332,-0.05654,-0.078421,-0.93841,0.037412,0.0058944,-0.93742,0.057404
0.0073102,0.65498,0.028562,0.00074067,0.4626,0.064989,-0.16545,0.35239,0.049894,0.16968,0.35007,0.089959,-0.31909,0.10633,0.078963,0.28268,0.1003,0.10481,-0.46926,-0.064962,-0.04563,0.43664,-0.072983,-0.024198,-0.0041094,0.11719,0.042569,0,0.055948,0,-0.075357,-0.0223,-0.02839,0.074559,-0.018849,-0.001114,-0.063981,-0.55546,-0.07479,0.043124,-0.55319,-0.049398,-0.076625,-0.94075,0.040246,0.0051432,-0.93772,0.05629
0.0071014,0.68946,0.013633,0.0076044,0.50188,0.060165,-0.16152,0.38966,0.038278,0.17232,0.39201,0.083167,-0.31077,0.11776,0.067444,0.28623,0.11138,0.096452,-0.43457,-0.069857,-0.035765,0.40803,-0.072226,-0.0089409,-0.0036926,0.14533,0.043338,0,0.081985,0,-0.075495,0.011842,-0.025406,0.072709,0.004387,-7.4265e-05,-0.064756,-0.56521,-0.044699,0.023154,-0.56889,-0.015839,-0.072715,-0.94068,0.030766,0.0090418,-0.93693,0.048051
0.0092898,0.74275,-0.0040902,0.00745,0.5503,0.039419,-0.16103,0.44097,0.022416,0.17502,0.44123,0.055881,-0.27996,0.16286,0.060179,0.27356,0.15932,0.093282,-0.38844,-0.05289,0.0097155,0.3851,-0.050159,0.0074406,-0.0025212,0.18642,0.041756,0,0.11919,0,-0.072942,0.045925,-0.018933,0.070191,0.041032,-0.00019459,-0.064622,-0.55822,-0.052004,0.03592,-0.58648,-0.0024667,-0.049168,-0.91883,0.01372,0.017807,-0.93592,0.037192
0.014196,0.76867,-0.022437,0.015982,0.56794,0.022136,-0.15591,0.45769,0.0045743,0.17883,0.4691,0.036123,-0.26465,0.17899,0.053406,0.26623,0.18994,0.085832,-0.36193,-0.041288,0.036986,0.37328,-0.0232,0.05899,-0.00040573,0.23173,0.037725,0,0.1676,0,-0.079653,0.094373,-0.014028,0.073211,0.089902,0.0022994,-0.058661,-0.53049,-0.066726,0.049863,-0.56203,-0.012577,-0.039913,-0.91374,0.011402,0.030477,-0.91987,0.030447
0.015749,0.78699,-0.026784,0.017476,0.59008,0.015888,-0.15668,0.48182,0.0041024,0.17785,0.48039,0.036662,-0.26351,0.18622,0.053639,0.25486,0.20772,0.082185,-0.35657,-0.033341,0.055497,0.35446,-0.0092072,0.079996,-0.00056291,0.2417,0.036513,0,0.17564,0,-0.079872,0.10113,-0.015557,0.073436,0.09933,0.0060512,-0.042299,-0.45909,-0.081226,0.050228,-0.54788,-0.016287,-0.034004,-0.84426,0.044455,0.023759,-0.84596,0.073788
0.014375,0.79186,-0.03408,0.011036,0.60291,0.013629,-0.1593,0.49501,0.0036155,0.17651,0.50436,0.050261,-0.26608,0.20711,0.06461,0.24587,0.22026,0.07908,-0.35512,-0.013623,0.073191,0.34724,0.00016884,0.089099,-0.0031146,0.25907,0.035089,0,0.19311,0,-0.078699,0.11704,-0.015613,0.074776,0.11626,0.0055247,-0.034424,-0.43783,-0.089107,0.04846,-0.52495,-0.014187,-0.040928,-0.77782,0.033511,0.01297,-0.80758,0.10758
0.012068,0.80715,-0.030278,0.0094486,0.61166,0.013896,-0.16192,0.50369,0.0077527,0.17673,0.50541,0.051555,-0.26829,0.21778,0.07696,0.24071,0.22602,0.084623,-0.36275,-0.00070366,0.085916,0.34799,0.0092049,0.10181,-0.0029105,0.26541,0.034318,0,0.19891,0,-0.078793,0.12181,-0.015274,0.075256,0.12172,0.0050378,-0.034625,-0.43958,-0.079113,0.043204,-0.52517,-0.012293,-0.04726,-0.81219,0.065946,0.01145,-0.80969,0.10659
0.011776,0.80845,-0.029832,0.0096214,0.61572,0.016601,-0.16336,0.50601,0.010573,0.17468,0.5086,0.05439,-0.27212,0.22067,0.088077,0.23837,0.22815,0.09056,-0.39398,0.015951,0.095214,0.35859,0.017136,0.11306,-0.0028189,0.26845,0.034158,0,0.20199,0,-0.078357,0.12294,-0.0156,0.074163,0.1292,0.0046185,-0.049415,-0.49077,-0.032655,0.041444,-0.53524,0.024408,-0.051261,-0.82874,0.066995,0.01185,-0.85376,0.11506
0.0099661,0.80583,-0.025348,0.0090049,0.61174,0.018456,-0.16505,0.50254,0.015245,0.17499,0.50327,0.054862,-0.27682,0.21946,0.098969,0.24188,0.22368,0.097584,-0.41948,0.027862,0.073437,0.36477,0.01692,0.11201,-0.002428,0.26611,0.034163,0,0.20003,0,-0.078657,0.11784,-0.016508,0.074427,0.128,0.0046787,-0.062914,-0.5473,-0.00047097,0.034343,-0.53451,0.04607,-0.064186,-0.8846,0.064522,0.001334,-0.90218,0.10558
0.0072698,0.77709,-0.0068699,0.0015936,0.57874,0.028026,-0.16775,0.46311,0.027566,0.17139,0.47016,0.057673,-0.28789,0.19807,0.10349,0.26317,0.18261,0.11005,-0.45662,0.031426,0.031843,0.41153,-0.0050718,0.095232,-0.0026289,0.2345,0.03648,0,0.16958,0,-0.076902,0.092539,-0.018713,0.075847,0.094235,0.0037574,-0.059181,-0.55464,-0.0024761,0.038514,-0.56818,0.0467,-0.088898,-0.9154,0.058749,0.0070099,-0.90472,0.10887
-0.00082124,0.73294,-0.0055501,-0.0068773,0.53586,0.027651,-0.17447,0.427,0.025066,0.15605,0.4292,0.06514,-0.30688,0.17124,0.094451,0.26263,0.17256,0.10676,-0.49453,0.0060576,0.0040235,0.43344,-0.022353,0.034071,-0.0054139,0.18003,0.037099,0,0.11339,0,-0.071597,0.036263,-0.021294,0.074117,0.039854,0.0065419,-0.06644,-0.55754,-0.013396,0.035289,-0.57368,0.041448,-0.088773,-0.92631,0.084188,-0.0057533,-0.91856,0.11423
-0.0047087,0.68989,-0.0075722,-0.00497,0.49486,0.029461,-0.17995,0.38512,0.027648,0.16226,0.3857,0.074321,-0.3232,0.1267,0.07588,0.27225,0.11575,0.09856,-0.50462,-0.030204,-0.040863,0.43134,-0.044096,0.0030392,-0.0058057,0.16078,0.03796,0,0.097563,0,-0.0742,0.016575,-0.02131,0.076347,0.021273,0.0067383,-0.071406,-0.55961,-0.01998,0.036532,-0.5612,0.029291,-0.095669,-0.92963,0.093554,-0.010037,-0.92202,0.12103
-0.0040324,0.67482,-0.0075703,-0.0048594,0.48209,0.02825,-0.1779,0.37599,0.021696,0.16238,0.38142,0.069709,-0.32166,0.12251,0.066231,0.27901,0.10874,0.086552,-0.49756,-0.042967,-0.048556,0.43274,-0.064934,-0.022976,-0.0059788,0.14079,0.038417,0,0.077207,0,-0.074097,0.0028357,-0.02283,0.076588,-0.00091789,0.0066866,-0.074097,-0.56135,-0.026004,0.038622,-0.55955,0.02303,-0.1033,-0.93354,0.09428,-0.013541,-0.92612,0.11962
-0.0031445,0.67529,-0.008391,-0.00422,0.48312,0.028897,-0.17671,0.3767,0.021255,0.16266,0.38095,0.068938,-0.31926,0.12543,0.065104,0.27998,0.10921,0.085371,-0.47588,-0.057015,-0.046157,0.41374,-0.070278,-0.012786,-0.0058967,0.1408,0.038947,0,0.077184,0,-0.074257,0.0025783,-0.022689,0.076104,-0.00060057,0.0067158,-0.0752,-0.56224,-0.019412,0.033266,-0.56244,0.025649,-0.09791,-0.93297,0.09735,-0.014038,-0.92662,0.11852
0.004471,0.69717,-0.023129,0.0036583,0.51723,0.025115,-0.16918,0.40542,0.016423,0.1665,0.40706,0.062649,-0.29775,0.15562,0.044588,0.27641,0.12611,0.075927,-0.44033,-0.06042,-0.040676,0.39835,-0.068609,-0.0047219,-0.0046652,0.16536,0.038551,0,0.099464,0,-0.075844,0.024217,-0.022674,0.074409,0.022429,0.0086203,-0.079288,-0.54919,-0.01769,0.035676,-0.55951,0.036878,-0.089101,-0.92726,0.09055,-0.0076713,-0.92471,0.113
0.0093984,0.74964,-0.036076,0.011816,0.55585,0.012841,-0.15902,0.44105,0.0016376,0.17055,0.45545,0.042336,-0.28726,0.1668,0.037072,0.26322,0.17194,0.0701,-0.39546,-0.042058,-0.021109,0.37077,-0.06069,0.032385,-0.0023743,0.20542,0.035424,0,0.13803,0,-0.077989,0.073309,-0.018613,0.073911,0.052119,0.0090669,-0.078217,-0.54043,-0.027939,0.040438,-0.55875,0.030889,-0.06936,-0.88692,0.055004,0.002616,-0.91592,0.099472
0.014304,0.75775,-0.043192,0.019227,0.57347,0.0081165,-0.15638,0.46104,-0.0059919,0.17533,0.46296,0.032362,-0.27512,0.18979,0.045753,0.25882,0.18256,0.066826,-0.37912,-0.023112,-0.0024611,0.35898,-0.034733,0.064103,-0.00063257,0.22726,0.033122,0,0.16023,0,-0.078194,0.087411,-0.017224,0.070687,0.084828,0.0089794,-0.069374,-0.51021,-0.043259,0.044056,-0.55968,0.025921,-0.059112,-0.87298,0.064011,0.014725,-0.90978,0.097501
0.016089,0.77496,-0.047825,0.019655,0.58118,0.0050556,-0.15768,0.47384,-0.0083618,0.17556,0.47418,0.031,-0.27574,0.19114,0.044478,0.25012,0.19576,0.068733,-0.38487,-0.020873,0.05411,0.34738,-0.024437,0.087845,-0.00051948,0.23941,0.030943,0,0.17278,0,-0.079059,0.09999,-0.015694,0.071338,0.09403,0.0085809,-0.048308,-0.46768,-0.061508,0.042267,-0.55858,0.020048,-0.054862,-0.85346,0.066056,0.014427,-0.88222,0.091549
0.017714,0.78535,-0.042516,0.021263,0.58955,0.0090885,-0.15817,0.48077,-0.0063482,0.17642,0.4841,0.037582,-0.27678,0.20989,0.05824,0.24644,0.19799,0.074108,-0.38729,-0.0092141,0.07727,0.34492,-0.015057,0.11784,-0.0006085,0.24532,0.030421,0,0.17855,0,-0.079676,0.10514,-0.016381,0.071666,0.099872,0.0081522,-0.047045,-0.46265,-0.062792,0.026674,-0.54231,-0.0013838,-0.054678,-0.83734,0.067921,0.0067697,-0.8447,0.077804
0.016338,0.7858,-0.039523,0.019526,0.59121,0.010614,-0.15927,0.4829,-0.0044991,0.17608,0.48483,0.039502,-0.27966,0.21352,0.067228,0.2423,0.20503,0.090258,-0.40349,-3.1518e-07,0.090236,0.34732,-0.011596,0.12605,-0.00076098,0.24655,0.029878,0,0.17992,0,-0.079531,0.1061,-0.016647,0.072201,0.1016,0.0078015,-0.046572,-0.47033,-0.058407,0.012688,-0.54397,-0.00085451,-0.056612,-0.835,0.065284,0.0064321,-0.84644,0.07966
0.014548,0.78258,-0.025857,0.018382,0.59078,0.01332,-0.16031,0.48208,-0.00064112,0.17647,0.48023,0.048021,-0.28846,0.21351,0.078247,0.24297,0.20048,0.10458,-0.41588,0.012296,0.09679,0.352,-0.009501,0.13337,-0.0011245,0.24649,0.029956,0,0.1801,0,-0.079423,0.10367,-0.019313,0.072159,0.10316,0.0072065,-0.04381,-0.51255,-0.053509,-0.0011661,-0.55933,0.00367,-0.062956,-0.8515,0.059784,-0.0181,-0.90655,0.078139
0.015845,0.76896,-0.0058848,0.011285,0.57183,0.022129,-0.15806,0.45833,0.011559,0.17346,0.46117,0.063502,-0.29429,0.19578,0.09945,0.25874,0.16746,0.12397,-0.44533,0.0097506,0.094412,0.38355,-0.035733,0.13567,-0.0025836,0.23137,0.031766,0,0.16579,0,-0.077749,0.079922,-0.023708,0.073317,0.097648,0.0094532,-0.080494,-0.46149,-0.061898,0.0053675,-0.56546,0.0055257,-0.071777,-0.86917,0.060673,-0.017317,-0.90562,0.087773
0.0097406,0.71199,-0.00038166,-0.00058462,0.52291,0.034653,-0.16772,0.40678,0.025602,0.16763,0.409,0.079222,-0.3122,0.14188,0.10956,0.25842,0.14703,0.13277,-0.48,-0.023345,0.050888,0.41012,-0.045997,0.10319,-0.0052442,0.18157,0.035409,0,0.11791,0,-0.073845,0.029017,-0.024129,0.074018,0.055934,0.0064159,-0.062389,-0.55186,-0.049663,0.031457,-0.56623,-0.0018087,-0.076172,-0.90684,0.069524,-0.024064,-0.91423,0.096744
0.0073584,0.67174,0.017864,0.0017873,0.48769,0.041157,-0.17175,0.37109,0.03372,0.16599,0.36462,0.080631,-0.31433,0.12197,0.098764,0.28203,0.091254,0.13078,-0.49645,-0.04919,0.019101,0.43423,-0.087903,0.069823,-0.004507,0.14473,0.038135,0,0.081469,0,-0.076397,0.010251,-0.025587,0.076978,-0.00076256,0.0057109,-0.064478,-0.54836,-0.055065,0.039935,-0.52137,-0.026046,-0.10935,-0.92403,0.085684,-0.026668,-0.91541,0.097527
-0.00076455,0.65457,0.018561,-0.0015232,0.44516,0.04552,-0.16968,0.34842,0.030263,0.16423,0.34774,0.085083,-0.31487,0.097901,0.083535,0.27916,0.075255,0.11739,-0.49189,-0.074842,-0.0052756,0.43636,-0.11219,0.0302,-0.0059379,0.11634,0.039973,0,0.056639,0,-0.075921,-0.020983,-0.027554,0.076663,-0.017605,0.0054984,-0.06807,-0.54519,-0.060773,0.039218,-0.52251,-0.030107,-0.12135,-0.91781,0.071604,-0.02716,-0.91547,0.094741
-0.00087632,0.65266,0.019519,-0.00057785,0.44496,0.044423,-0.16984,0.34605,0.029525,0.16357,0.34536,0.084528,-0.31435,0.095701,0.078527,0.2779,0.073828,0.10919,-0.46912,-0.096045,-0.036805,0.42636,-0.11635,0.030112,-0.0060016,0.11521,0.041033,0,0.055282,0,-0.076131,-0.021819,-0.027252,0.076315,-0.019713,0.0056808,-0.071313,-0.54259,-0.062474,0.038056,-0.5259,-0.025972,-0.11747,-0.92137,0.076218,-0.026985,-0.9158,0.094327
0.00012099,0.65867,0.0098556,0.001762,0.4735,0.043348,-0.16851,0.35413,0.025708,0.16523,0.36129,0.078477,-0.30946,0.1007,0.066966,0.2736,0.080384,0.098344,-0.45338,-0.10089,-0.026718,0.40242,-0.11447,0.030079,-0.0057157,0.12419,0.042386,0,0.061907,0,-0.076757,-0.012242,-0.024275,0.076054,-0.014668,0.0044568,-0.074951,-0.55008,-0.053224,0.030229,-0.53465,-0.012263,-0.11592,-0.92476,0.076534,-0.028064,-0.91938,0.093673
0.0064108,0.7084,-0.013558,0.0074362,0.52341,0.035362,-0.16386,0.41372,0.019824,0.16628,0.41507,0.064562,-0.28535,0.14797,0.060635,0.26117,0.11666,0.083911,-0.40588,-0.075102,0.0060042,0.37596,-0.092732,0.039733,-0.0042168,0.1697,0.04239,0,0.10272,0,-0.074184,0.032861,-0.019389,0.071379,0.025735,0.0025043,-0.083888,-0.54494,-0.042881,0.024277,-0.57406,0.018929,-0.10219,-0.92108,0.062839,-0.019266,-0.91334,0.089614
0.023029,0.75216,-0.013354,0.017865,0.55479,0.026009,-0.14881,0.44077,0.0089776,0.18701,0.45166,0.054876,-0.27152,0.16606,0.062392,0.24896,0.17336,0.081922,-0.37748,-0.049321,0.052076,0.35361,-0.062094,0.072674,-0.0021251,0.216,0.04046,0,0.15181,0,-0.078724,0.079038,-0.017596,0.072005,0.072946,0.0035497,-0.077914,-0.54084,-0.043712,0.032396,-0.57336,0.017557,-0.083425,-0.90276,0.058094,-0.008716,-0.9075,0.086944
0.02261,0.76731,-0.026674,0.026019,0.57969,0.016397,-0.15008,0.48535,-0.00021903,0.18509,0.46795,0.046069,-0.27069,0.20005,0.07158,0.24783,0.17971,0.080776,-0.37035,-0.021272,0.088784,0.34583,-0.053456,0.073997,-0.001394,0.23138,0.038344,0,0.16542,0,-0.079787,0.091483,-0.018916,0.071005,0.087634,0.0081738,-0.057101,-0.49645,-0.05568,0.026088,-0.56948,0.0059054,-0.072074,-0.8489,0.061947,-0.0090374,-0.88467,0.080189
0.022379,0.78415,-0.03574,0.023462,0.58942,0.012648,-0.15129,0.48809,-0.00024442,0.18377,0.47899,0.039819,-0.27281,0.21772,0.077499,0.24214,0.20364,0.090122,-0.38096,0.0065449,0.11306,0.33448,-0.012084,0.12792,-0.00077376,0.24609,0.036372,0,0.18012,0,-0.079829,0.10602,-0.018351,0.071497,0.10079,0.009064,-0.047926,-0.44989,-0.07064,0.012261,-0.52859,-0.025363,-0.076496,-0.79173,0.064613,-0.012581,-0.84505,0.076281
0.022464,0.79806,-0.036982,0.022802,0.60166,0.0095096,-0.1518,0.49663,0.0017654,0.1838,0.48878,0.038924,-0.27294,0.24082,0.089963,0.24277,0.21266,0.092831,-0.38986,0.039332,0.13517,0.3401,0.00068898,0.13685,-0.00029856,0.2545,0.034563,0,0.18734,0,-0.079897,0.11386,-0.017181,0.07145,0.10793,0.0085207,-0.04653,-0.45054,-0.066313,0.012085,-0.52992,-0.019285,-0.070779,-0.79845,0.063736,-0.0081039,-0.82677,0.075004
0.02327,0.8017,-0.036964,0.022592,0.60519,0.0076906,-0.15325,0.50459,0.0041748,0.18443,0.49257,0.038093,-0.27547,0.24744,0.095082,0.24381,0.22232,0.096937,-0.40788,0.052395,0.12793,0.35751,0.012593,0.14814,0.0001992,0.25899,0.032812,0,0.19173,0,-0.079833,0.11829,-0.01646,0.071416,0.11095,0.0087444,-0.058778,-0.48534,-0.032302,0.008311,-0.53987,-0.0069903,-0.066018,-0.83254,0.043683,-0.0063543,-0.8473,0.075898
0.024162,0.80133,-0.036924,0.021871,0.60576,0.0065052,-0.1529,0.50468,0.005599,0.18479,0.49216,0.035941,-0.27997,0.24556,0.10318,0.25145,0.22124,0.10435,-0.43893,0.067113,0.11467,0.38288,0.02119,0.14588,0.00061461,0.26097,0.031248,0,0.19387,0,-0.079697,0.11976,-0.016131,0.071543,0.11343,0.0088967,-0.063462,-0.54563,-0.0099345,0.0059533,-0.54989,0.0083242,-0.086748,-0.88955,0.0062138,-0.01744,-0.89758,0.043115
0.026084,0.78675,-0.034928,0.020883,0.59493,0.0068605,-0.15252,0.49234,0.0098612,0.18577,0.4807,0.037288,-0.28433,0.23951,0.10902,0.26487,0.2146,0.10799,-0.4563,0.07169,0.092873,0.41166,0.01081,0.1449,0.00088036,0.25315,0.030014,0,0.18648,0,-0.08015,0.1062,-0.016273,0.072006,0.11049,0.009049,-0.069364,-0.54307,-0.015308,0.013977,-0.55325,0.015967,-0.084845,-0.89139,0.013838,-0.0098666,-0.90012,0.057761
0.014458,0.73444,-0.026893,0.013805,0.54445,0.008155,-0.15993,0.44005,0.021676,0.18275,0.43092,0.051554,-0.3029,0.19606,0.11538,0.26625,0.19637,0.10752,-0.4961,0.053374,0.052574,0.4351,0.0097542,0.10054,-0.00031332,0.21244,0.029013,0,0.14849,0,-0.079144,0.059249,-0.014671,0.073431,0.081738,0.0068756,-0.072342,-0.55464,-0.019376,0.011963,-0.57384,0.012294,-0.090556,-0.92786,0.057441,-0.014804,-0.90962,0.077486
0.010857,0.69931,-0.023431,0.010456,0.49799,0.01954,-0.16738,0.3939,0.021813,0.17895,0.38769,0.048635,-0.32385,0.14421,0.09552,0.28216,0.12544,0.089713,-0.52094,0.027124,0.010046,0.47227,-0.018164,0.030611,-0.00067684,0.16036,0.031219,0,0.095768,0,-0.080174,0.022142,-0.016703,0.075786,0.017325,0.0039153,-0.078431,-0.54785,-0.038523,0.026354,-0.5409,-0.0085959,-0.096723,-0.92526,0.066076,-0.018593,-0.91807,0.086839
0.0089423,0.67423,-0.016833,0.0075817,0.4845,0.022485,-0.16841,0.37409,0.028143,0.17172,0.37256,0.053967,-0.32529,0.13058,0.087248,0.28407,0.11677,0.09102,-0.5149,0.010962,-0.031192,0.47438,-0.03338,-0.014325,-0.0011896,0.14202,0.032265,0,0.076597,0,-0.078253,-0.00031792,-0.020743,0.075629,-0.00091565,0.0064591,-0.083973,-0.55965,-0.038263,0.025454,-0.54098,-0.0051224,-0.10524,-0.93189,0.074207,-0.020923,-0.92018,0.091151
0.007381,0.67138,-0.015849,0.0071702,0.47857,0.021916,-0.16804,0.37232,0.028158,0.16982,0.37012,0.054468,-0.32032,0.12721,0.075992,0.28495,0.11428,0.084148,-0.48458,-0.0038716,-0.055985,0.46485,-0.043379,-0.032606,-0.001294,0.13923,0.032539,0,0.074376,0,-0.07793,-0.0019659,-0.020094,0.075281,-0.0021081,0.0062711,-0.082486,-0.55992,-0.035225,0.023358,-0.54009,-0.0040752,-0.10994,-0.93562,0.083163,-0.021713,-0.92109,0.092527
0.0074608,0.67626,-0.016267,0.008363,0.48647,0.024464,-0.16659,0.38215,0.027123,0.16979,0.37737,0.055535,-0.31041,0.13704,0.075039,0.28918,0.11906,0.077681,-0.4512,-0.01531,-0.059752,0.42402,-0.054102,-0.033711,-0.0013981,0.14539,0.033465,0,0.080717,0,-0.077236,0.0049187,-0.019055,0.074155,0.0054138,0.0043826,-0.082358,-0.56752,-0.017743,0.014534,-0.48339,0.001318,-0.10874,-0.93561,0.081944,-0.020327,-0.90145,0.087472
0.0062036,0.72738,-0.029308,0.0094358,0.54094,0.021791,-0.16354,0.43785,0.023585,0.17606,0.43495,0.047588,-0.28608,0.17977,0.065467,0.27969,0.1643,0.060123,-0.41022,-0.010407,-0.026716,0.39804,-0.032197,-0.025164,-0.00074283,0.19457,0.033352,0,0.12855,0,-0.074497,0.053279,-0.016804,0.071218,0.048092,0.0036747,-0.085077,-0.55973,-0.01357,0.022457,-0.57887,0.035392,-0.09655,-0.91921,0.059323,-0.017515,-0.91946,0.093385
0.012542,0.76009,-0.036658,0.022565,0.57265,0.018956,-0.15833,0.46655,0.01819,0.1769,0.4644,0.029633,-0.27319,0.19612,0.063789,0.26573,0.19943,0.054411,-0.39345,-0.011315,-0.015526,0.37182,-0.012668,0.0014721,0.0022375,0.21663,0.032997,0,0.14898,0,-0.079312,0.084557,-0.013651,0.070783,0.06642,0.0029396,-0.081647,-0.55003,-0.016408,0.023566,-0.57838,0.032848,-0.092489,-0.89051,0.028929,-0.010504,-0.90397,0.085744
0.015536,0.78006,-0.041209,0.022027,0.58562,0.0067299,-0.15598,0.48406,0.011057,0.18207,0.47436,0.023371,-0.26684,0.20736,0.063707,0.26444,0.20329,0.052618,-0.37074,-0.019991,0.056113,0.35871,-0.017901,0.035546,0.0023695,0.23774,0.02946,0,0.17074,0,-0.079648,0.098816,-0.012835,0.071969,0.087073,0.0055764,-0.054664,-0.49762,-0.042982,0.020593,-0.53717,0.0078777,-0.069856,-0.85181,0.025064,-0.015327,-0.87015,0.072248
0.017685,0.79239,-0.044897,0.022496,0.59835,-0.00074547,-0.15245,0.49426,0.0059205,0.18252,0.48311,0.019414,-0.26141,0.21686,0.07706,0.25719,0.20862,0.056065,-0.36474,0.00098448,0.087495,0.35481,-0.010627,0.058328,0.002482,0.252,0.026525,0,0.18398,0,-0.079459,0.11144,-0.010117,0.071448,0.10842,0.005504,-0.04097,-0.45353,-0.069295,0.032938,-0.44668,-0.032463,-0.060591,-0.7867,0.060276,0.0043139,-0.84284,0.078592
0.017504,0.79663,-0.046367,0.022155,0.603,-0.0020051,-0.15221,0.49597,0.0059835,0.18323,0.48601,0.019289,-0.2551,0.24021,0.085089,0.2563,0.2148,0.064007,-0.3581,0.026397,0.11084,0.35974,0.0082717,0.11774,0.0025383,0.25692,0.024523,0,0.18867,0,-0.079499,0.11605,-0.0090029,0.071565,0.1113,0.0050622,-0.042773,-0.44572,-0.075218,0.022011,-0.45459,-0.043299,-0.059422,-0.7886,0.060411,0.0057321,-0.81962,0.075038
0.017289,0.7986,-0.044906,0.021274,0.60342,-0.0011647,-0.15296,0.49767,0.0078758,0.1815,0.49207,0.01911,-0.2568,0.24044,0.089969,0.25653,0.22728,0.070456,-0.36917,0.03363,0.12628,0.36527,0.014964,0.13035,0.0025757,0.25774,0.023168,0,0.1896,0,-0.079233,0.1169,-0.0087585,0.071742,0.11248,0.0042754,-0.045457,-0.4521,-0.071584,0.016175,-0.47695,-0.042933,-0.058798,-0.81813,0.035946,0.0065202,-0.82767,0.06734
0.017321,0.79568,-0.041143,0.020755,0.60123,0.00116,-0.15374,0.49638,0.010948,0.18236,0.48945,0.021762,-0.26002,0.23949,0.097586,0.26011,0.224,0.087964,-0.39264,0.044781,0.13299,0.39868,0.02894,0.1477,0.0025539,0.25497,0.022506,0,0.18675,0,-0.078779,0.11369,-0.0099439,0.07163,0.10788,0.003639,-0.063165,-0.5309,-0.047354,-0.00043732,-0.55483,-0.014042,-0.057534,-0.89056,0.013453,0.001772,-0.89839,0.05754
0.017781,0.76651,-0.034972,0.020162,0.57849,0.012811,-0.15636,0.47308,0.027812,0.18082,0.47395,0.031319,-0.26692,0.21588,0.12396,0.27242,0.20406,0.11265,-0.43154,0.040627,0.11935,0.42072,0.017021,0.12958,0.0030583,0.22761,0.024753,0,0.15893,0,-0.078863,0.086069,-0.012341,0.071607,0.078167,0.0019046,-0.082385,-0.46371,-0.058327,0.05178,-0.48134,0.00031962,-0.067562,-0.88624,0.014685,0.00033024,-0.90369,0.0611
0.011114,0.71742,-0.022026,0.01408,0.52971,0.019774,-0.16023,0.42457,0.034402,0.18302,0.41795,0.048107,-0.28624,0.16751,0.13079,0.28772,0.15871,0.11503,-0.47921,0.012593,0.086825,0.45787,-0.010103,0.080284,0.0013362,0.18218,0.026272,0,0.11565,0,-0.077381,0.036985,-0.011516,0.072031,0.040997,-0.00039764,-0.058235,-0.56765,-0.050136,0.029942,-0.57283,-0.01596,-0.083763,-0.93658,0.03696,-0.0027704,-0.92355,0.066366
0.0057014,0.67751,-0.020047,0.011455,0.48001,0.022106,-0.17205,0.37358,0.040017,0.17632,0.36532,0.047362,-0.30698,0.11973,0.1171,0.28852,0.10704,0.098252,-0.50305,-0.020377,0.03043,0.47238,-0.037988,0.029404,0.0013453,0.14343,0.027636,0,0.078814,0,-0.080502,0.0047838,-0.012981,0.077309,-0.0060559,-0.00045123,-0.075939,-0.56132,-0.063395,0.035811,-0.53249,-0.037336,-0.094982,-0.9347,0.037573,-0.01041,-0.92375,0.066858
0.0021689,0.64995,-0.020422,0.013571,0.45681,0.025829,-0.16753,0.35106,0.036257,0.17228,0.34225,0.046238,-0.30803,0.10461,0.10705,0.29001,0.098963,0.092618,-0.49183,-0.035284,0.0091844,0.46619,-0.069578,-0.013544,0.0013786,0.12083,0.029464,0,0.056855,0,-0.079575,-0.018253,-0.014368,0.075535,-0.018127,-0.00054429,-0.07585,-0.55832,-0.069701,0.034463,-0.53967,-0.042018,-0.10102,-0.93748,0.040288,-0.013672,-0.92407,0.060762
0.0014523,0.64631,-0.020401,0.013521,0.45335,0.024986,-0.16668,0.34771,0.034264,0.17097,0.34158,0.045824,-0.30724,0.10395,0.10406,0.29354,0.093628,0.090793,-0.46557,-0.071829,-0.0046373,0.43077,-0.085492,-0.021658,0.0012194,0.11626,0.030339,0,0.052078,0,-0.079491,-0.02165,-0.014527,0.074922,-0.024278,0.00012033,-0.076763,-0.55798,-0.070809,0.030259,-0.54495,-0.042979,-0.10183,-0.93833,0.040118,-0.01356,-0.92661,0.060517
0.0024088,0.65126,-0.024989,0.015844,0.46648,0.026768,-0.16698,0.35865,0.031493,0.16934,0.36219,0.045936,-0.3047,0.11141,0.09683,0.29178,0.093922,0.087221,-0.43882,-0.070504,0.00064488,0.4137,-0.092513,-0.017353,0.001318,0.12405,0.031691,0,0.059197,0,-0.078949,-0.014054,-0.014616,0.073775,-0.018128,-5.9224e-05,-0.076861,-0.55656,-0.065833,0.028256,-0.56041,-0.023607,-0.10289,-0.9379,0.038792,-0.012071,-0.92791,0.063058
0.0076007,0.69724,-0.043185,0.012661,0.52112,0.021066,-0.16596,0.41581,0.020091,0.17027,0.4211,0.037639,-0.28657,0.16275,0.096072,0.26796,0.14783,0.074041,-0.40678,-0.047651,0.031759,0.37331,-0.0724,0.011205,0.00055999,0.17367,0.031252,0,0.10716,0,-0.075556,0.031117,-0.015279,0.07084,0.030716,0.0025974,-0.077166,-0.55483,-0.035796,0.027317,-0.56862,-0.0010839,-0.097697,-0.92845,0.023615,-0.011808,-0.92617,0.060434
0.0098654,0.74389,-0.045772,0.016503,0.5498,0.016183,-0.16226,0.44975,0.018074,0.17496,0.45468,0.020096,-0.28036,0.16679,0.092829,0.26165,0.16379,0.070968,-0.3876,-0.04851,0.070103,0.36395,-0.053721,0.044733,0.0026559,0.2072,0.030322,0,0.14143,0,-0.080462,0.077836,-0.013165,0.073418,0.054512,0.0024357,-0.071472,-0.55147,-0.034677,0.032848,-0.57097,0.0069094,-0.088805,-0.89761,0.009065,-0.0026037,-0.91442,0.063955
0.01071,0.76157,-0.048334,0.018345,0.57722,0.0053762,-0.15844,0.46974,0.0061865,0.17657,0.46569,0.014264,-0.27229,0.1875,0.093336,0.25214,0.18361,0.066192,-0.37509,-0.029898,0.092068,0.35054,-0.035824,0.064631,0.0023178,0.23326,0.027553,0,0.1663,0,-0.080486,0.090049,-0.012594,0.073159,0.094664,0.0056639,-0.04706,-0.49828,-0.042211,0.033214,-0.56336,0.0043403,-0.058847,-0.85345,0.045633,0.0079172,-0.86832,0.075387
0.0086856,0.78138,-0.054214,0.01461,0.58533,-0.0003262,-0.16256,0.48417,0.002305,0.17592,0.47843,0.013538,-0.27073,0.20516,0.093229,0.24528,0.20267,0.063389,-0.37143,-0.011586,0.10953,0.34009,-0.017339,0.074616,0.0012923,0.25367,0.024488,0,0.18921,0,-0.080633,0.10581,-0.011425,0.074043,0.11706,0.0065955,-0.044754,-0.48805,-0.046742,0.030583,-0.54733,0.0030204,-0.045104,-0.84291,0.050484,0.023892,-0.85134,0.079743
0.010017,0.78923,-0.055236,0.017322,0.59866,-0.0031135,-0.16344,0.49816,0.0051628,0.1767,0.49168,0.017812,-0.2662,0.22028,0.096884,0.24544,0.21228,0.06733,-0.3712,0.0054308,0.11244,0.34963,-0.0025165,0.099823,0.0016805,0.26059,0.022526,0,0.19429,0,-0.080194,0.11858,-0.0085818,0.073685,0.1189,0.005787,-0.04341,-0.46879,-0.048,0.029217,-0.47183,-0.019412,-0.041876,-0.83581,0.052544,0.033153,-0.8121,0.060659
0.0093272,0.79153,-0.054623,0.016788,0.60192,-0.0021057,-0.16356,0.50002,0.0064939,0.17739,0.50028,0.023131,-0.26569,0.22621,0.10675,0.24599,0.22757,0.072134,-0.39043,0.020997,0.11257,0.37363,0.024984,0.1058,0.0014483,0.26264,0.021199,0,0.196,0,-0.07979,0.12102,-0.0096958,0.073539,0.11952,0.0061076,-0.043609,-0.48026,-0.033894,0.030961,-0.52276,0.0083693,-0.03924,-0.83676,0.052748,0.034757,-0.83335,0.063026
0.008783,0.79164,-0.053106,0.015304,0.60086,-0.0023595,-0.16428,0.49952,0.007731,0.17772,0.49792,0.023054,-0.26622,0.22952,0.10911,0.25293,0.23227,0.079231,-0.42196,0.045698,0.098713,0.39007,0.037686,0.10313,0.001381,0.2626,0.019967,0,0.19599,0,-0.079437,0.11903,-0.010481,0.074131,0.12011,0.0058415,-0.06112,-0.46589,-0.025793,0.039425,-0.54396,0.032663,-0.054189,-0.89218,0.030437,0.020148,-0.89991,0.054149
0.0034235,0.77612,-0.046771,0.010956,0.58546,0.0043882,-0.16894,0.47454,0.012194,0.17399,0.47673,0.022681,-0.28073,0.21749,0.11538,0.26859,0.21758,0.096393,-0.46492,0.057254,0.061598,0.429,0.037798,0.078995,0.00096882,0.24696,0.020671,0,0.1801,0,-0.077669,0.092728,-0.013012,0.074339,0.10918,0.0052577,-0.068775,-0.54764,0.002399,0.046057,-0.55449,0.041293,-0.060057,-0.89553,0.053652,0.041778,-0.91662,0.10428
-0.0064802,0.72553,-0.037038,0.0034873,0.53601,0.015092,-0.1763,0.43591,0.022981,0.17164,0.42872,0.028394,-0.29835,0.19229,0.11456,0.2725,0.2,0.10257,-0.49614,0.050049,0.024429,0.45603,0.032307,0.031674,0.00028446,0.20408,0.022754,0,0.14018,0,-0.074902,0.050231,-0.012821,0.073575,0.072863,0.0019525,-0.076133,-0.55013,0.0025607,0.068682,-0.53978,0.026687,-0.085748,-0.92926,0.10675,0.048617,-0.91419,0.12002
-0.01194,0.68977,-0.033644,-0.0011445,0.50457,0.020633,-0.17832,0.38818,0.029534,0.16769,0.38569,0.044371,-0.32495,0.14462,0.10107,0.29806,0.13695,0.097737,-0.51695,0.031315,-0.0037602,0.48238,0.005877,0.001223,-0.0012736,0.17106,0.024886,0,0.10634,0,-0.074723,0.016279,-0.016486,0.075228,0.039326,0.0030439,-0.079216,-0.54724,0.00073889,0.067954,-0.54057,0.0254,-0.093125,-0.92986,0.11704,0.048341,-0.91182,0.12239
-0.010671,0.67664,-0.023711,-0.0027522,0.48439,0.022854,-0.17905,0.38219,0.028712,0.167,0.37799,0.049546,-0.32569,0.14345,0.099245,0.2991,0.13421,0.095417,-0.50379,0.01931,-0.018725,0.46607,-0.0023728,-0.025375,-0.0019149,0.16042,0.026298,0,0.097983,0,-0.074104,0.0089961,-0.016446,0.075057,0.030187,0.0023407,-0.079808,-0.54951,-6.3924e-05,0.065996,-0.54162,0.0231,-0.093714,-0.92962,0.11777,0.045795,-0.91301,0.1226
-0.010882,0.67667,-0.024133,-0.0026153,0.48539,0.024211,-0.17893,0.38187,0.0283,0.16627,0.37846,0.049485,-0.32517,0.14291,0.098692,0.29952,0.13482,0.092934,-0.463,-0.010439,-0.03991,0.45381,-0.012835,-0.032106,-0.0020337,0.15975,0.027582,0,0.09732,0,-0.073934,0.0084124,-0.016397,0.074882,0.030092,0.0019619,-0.078819,-0.55465,0.0063266,0.061481,-0.54362,0.02562,-0.07577,-0.93219,0.11677,0.041824,-0.9229,0.12901
-0.014953,0.69393,-0.034366,-0.0052431,0.51531,0.021194,-0.1785,0.40411,0.024592,0.15692,0.42544,0.042869,-0.30303,0.18149,0.099532,0.29574,0.14519,0.078181,-0.43374,-0.00058892,-0.0024573,0.42548,-0.035731,-0.027531,-0.0020836,0.1758,0.028143,0,0.1114,0,-0.072367,0.022065,-0.016202,0.074604,0.050343,0.0045941,-0.080179,-0.55371,0.010108,0.053331,-0.54974,0.038061,-0.070977,-0.9189,0.10194,0.039566,-0.92087,0.12196
-0.013905,0.75,-0.044652,-0.0019164,0.5637,0.0082265,-0.17704,0.4523,0.0091157,0.15941,0.46058,0.016218,-0.29912,0.19067,0.078212,0.27403,0.19445,0.059977,-0.41642,-0.0080994,-0.0047191,0.37507,-0.019895,0.0023426,-0.00084981,0.22346,0.025445,0,0.15711,0,-0.07314,0.070878,-0.012897,0.073978,0.086846,0.0035412,-0.080119,-0.55224,-0.0014505,0.06245,-0.57638,0.049502,-0.063178,-0.90901,0.079967,0.04008,-0.92428,0.098572
-0.011557,0.7631,-0.055167,0.0017524,0.58059,-0.0012193,-0.17198,0.47329,0.00048037,0.16572,0.4752,0.011586,-0.29263,0.19332,0.074897,0.25718,0.21418,0.059408,-0.38483,-0.029471,0.062076,0.34424,-0.010349,0.033955,-0.00054683,0.23747,0.02248,0,0.1703,0,-0.076216,0.097209,-0.0079595,0.074494,0.094568,0.0042387,-0.073162,-0.51837,-0.023985,0.066293,-0.56824,0.034004,-0.0442,-0.8956,0.070439,0.042518,-0.92274,0.093667
-0.0032982,0.79068,-0.052724,0.010237,0.5992,-0.0070025,-0.16978,0.49155,-0.0023971,0.17041,0.48335,0.010822,-0.27821,0.21106,0.087759,0.25032,0.21618,0.060955,-0.36848,-0.010149,0.10724,0.33951,-0.0046991,0.08525,0.00055294,0.25216,0.019735,0,0.18359,0,-0.077558,0.10677,-0.0076671,0.074167,0.10562,0.0047896,-0.060056,-0.50478,-0.038381,0.060899,-0.55283,0.024962,-0.04,-0.88955,0.072309,0.040402,-0.9127,0.097989
-0.0046237,0.79445,-0.058241,0.011395,0.60482,-0.0079548,-0.17018,0.49551,-0.0039529,0.17079,0.48879,0.0094927,-0.26415,0.23809,0.090111,0.24627,0.22184,0.066591,-0.35748,0.017568,0.11684,0.33627,0.011187,0.12873,0.00093799,0.26008,0.017699,0,0.1916,0,-0.078454,0.11384,-0.0074359,0.074427,0.11503,0.0051261,-0.033905,-0.45091,-0.060513,0.045611,-0.4923,-0.0016188,-0.023623,-0.82728,0.07075,0.035448,-0.8409,0.088845
-0.0045512,0.79661,-0.058552,0.009684,0.60998,-0.0076004,-0.17137,0.49877,-0.0021866,0.17007,0.49685,0.015735,-0.26544,0.24185,0.094356,0.24688,0.23137,0.07577,-0.36894,0.030489,0.13387,0.33978,0.019176,0.13055,0.00048648,0.26564,0.016117,0,0.19717,0,-0.078285,0.11956,-0.0075477,0.074825,0.12037,0.0052032,-0.034317,-0.45299,-0.058403,0.042185,-0.53357,0.01159,-0.054483,-0.78744,0.049801,0.030812,-0.83803,0.086706
-0.0045411,0.79767,-0.05407,0.0090384,0.60906,-0.0070429,-0.17239,0.49865,0.00064206,0.16952,0.49684,0.017094,-0.26921,0.24461,0.10309,0.25253,0.2298,0.092206,-0.38547,0.038449,0.13638,0.37892,0.040501,0.15877,0.00051572,0.26508,0.014866,0,0.19666,0,-0.077981,0.11857,-0.0084013,0.074923,0.11992,0.0054617,-0.040131,-0.51264,-0.033256,0.040478,-0.545,0.012303,-0.053988,-0.81391,0.050396,0.01292,-0.85314,0.071569
-0.0055903,0.78252,-0.045575,0.0038008,0.59108,0.0035111,-0.17162,0.48312,0.0065278,0.17038,0.48123,0.023596,-0.28908,0.21208,0.11938,0.26499,0.21736,0.11426,-0.44402,0.028367,0.12749,0.39684,0.023667,0.15853,-0.00026876,0.24819,0.016235,0,0.17994,0,-0.077216,0.097876,-0.01203,0.075798,0.10625,0.0053518,-0.041374,-0.54493,-0.029631,0.031454,-0.55806,0.0098199,-0.05884,-0.8492,0.044523,0.0078013,-0.90832,0.070434
-0.0032875,0.73773,-0.027513,0.0027,0.54432,0.015965,-0.17181,0.44377,0.021811,0.16428,0.43449,0.030199,-0.29694,0.18461,0.12469,0.27861,0.18824,0.12642,-0.48099,0.01885,0.097808,0.4374,0.0067307,0.12184,-7.5017e-05,0.19983,0.019455,0,0.1326,0,-0.074607,0.062084,-0.011973,0.07346,0.056444,0.0019384,-0.04656,-0.54704,-0.035793,0.038937,-0.58,0.0041438,-0.070225,-0.92594,0.055822,0.0053557,-0.92242,0.08602
-0.012904,0.69243,-0.025668,-0.0063109,0.49593,0.018153,-0.17314,0.39022,0.021818,0.16323,0.39051,0.049651,-0.31867,0.13907,0.11374,0.27502,0.13048,0.11342,-0.5087,-0.0038977,0.042211,0.45973,-0.019669,0.046209,-0.0026425,0.15854,0.020911,0,0.093074,0,-0.072704,0.012414,-0.016555,0.075505,0.018304,0.0045696,-0.056752,-0.5496,-0.048893,0.045802,-0.55629,-0.02738,-0.079318,-0.92838,0.058183,-0.00088967,-0.92349,0.085668
-0.0078498,0.6543,-0.016847,-0.0018749,0.46534,0.028138,-0.17568,0.35011,0.023268,0.1626,0.36367,0.054624,-0.31929,0.11681,0.10411,0.28033,0.10647,0.10377,-0.51179,-0.031965,0.0027976,0.44254,-0.050815,0.0055351,-0.0023682,0.13232,0.024376,0,0.068244,0,-0.074988,-0.010531,-0.020335,0.07611,-0.0063412,0.0050998,-0.060947,-0.55478,-0.057539,0.044873,-0.54905,-0.034717,-0.081189,-0.93123,0.060369,-0.0002823,-0.9236,0.082887
-0.008544,0.6503,-0.017532,-0.0033637,0.45593,0.024527,-0.17423,0.34482,0.018932,0.16175,0.35717,0.053046,-0.31997,0.11264,0.099966,0.28074,0.10124,0.10026,-0.47211,-0.055048,0.0029781,0.43411,-0.072182,-0.028438,-0.0029529,0.12269,0.025355,0,0.058673,0,-0.075033,-0.01819,-0.020943,0.076542,-0.016947,0.0069188,-0.061946,-0.55484,-0.061739,0.044775,-0.5399,-0.038062,-0.083099,-0.93044,0.05929,-0.00027741,-0.9222,0.07689
-0.0074988,0.65112,-0.018778,-0.0030535,0.46156,0.025176,-0.1712,0.35069,0.019018,0.16191,0.35873,0.050562,-0.31599,0.11958,0.093103,0.2835,0.099692,0.095597,-0.45941,-0.05585,-0.0034416,0.42067,-0.079314,-0.026221,-0.0029068,0.12381,0.026852,0,0.059501,0,-0.075006,-0.016037,-0.019315,0.075959,-0.015877,0.0064168,-0.061351,-0.55615,-0.059458,0.039459,-0.5392,-0.032458,-0.082786,-0.93183,0.061325,-0.00053837,-0.92256,0.076632
-0.0026183,0.68672,-0.035938,0.0088847,0.51403,0.017433,-0.15925,0.40746,0.013587,0.16847,0.41033,0.042694,-0.30187,0.13421,0.082935,0.28491,0.12094,0.080453,-0.42321,-0.055769,-0.016931,0.38696,-0.0893,0.0063651,-0.0010167,0.16663,0.026482,0,0.098578,0,-0.07424,0.024958,-0.014312,0.070403,0.027797,0.0041748,-0.073724,-0.56682,-0.025002,0.025445,-0.5726,0.011197,-0.07733,-0.93082,0.05281,0.0089918,-0.92264,0.072806
0.012447,0.74586,-0.033688,0.017015,0.56203,0.014031,-0.1554,0.45218,0.0080948,0.17618,0.46281,0.035217,-0.28257,0.17144,0.084967,0.26155,0.17774,0.082468,-0.3913,-0.038817,0.023624,0.35696,-0.05256,0.041843,0.0006038,0.20183,0.025913,0,0.13253,0,-0.075422,0.061745,-0.012969,0.070231,0.051241,0.0032047,-0.072434,-0.55166,-0.02191,0.036483,-0.57565,0.019978,-0.060121,-0.90932,0.032146,0.01928,-0.91522,0.069966
0.016873,0.76543,-0.038106,0.017324,0.5733,0.0054824,-0.15346,0.4777,-0.00099458,0.17789,0.47174,0.026001,-0.27103,0.19197,0.079561,0.25751,0.18555,0.079251,-0.3703,-0.028235,0.070916,0.35365,-0.034277,0.094244,0.00077282,0.24533,0.023097,0,0.181,0,-0.077598,0.1085,-0.011053,0.071228,0.10334,0.0049936,-0.064979,-0.51469,-0.03414,0.045283,-0.55561,0.017145,-0.051615,-0.89365,0.033385,0.020214,-0.90966,0.064027
0.014874,0.79091,-0.047063,0.015778,0.59788,-0.0023765,-0.15391,0.48791,-0.0049503,0.17954,0.48219,0.022868,-0.26872,0.21671,0.084021,0.24718,0.20648,0.080199,-0.36716,-0.0031831,0.089222,0.34572,-0.014068,0.10605,0.00072309,0.25336,0.02124,0,0.18645,0,-0.078056,0.11343,-0.0098095,0.071959,0.1089,0.005018,-0.03657,-0.46774,-0.046419,0.048305,-0.48393,-0.0098076,-0.042237,-0.85002,0.058275,0.019013,-0.85768,0.074816
0.013871,0.79636,-0.051103,0.016243,0.61093,-0.003184,-0.1574,0.50332,-0.0024103,0.18243,0.49435,0.027029,-0.2726,0.2257,0.092644,0.24747,0.22402,0.087256,-0.39009,0.01796,0.11739,0.35322,0.012722,0.12473,0.0008233,0.27077,0.01958,0,0.20314,0,-0.079434,0.1267,-0.0088356,0.073085,0.12379,0.0042321,-0.036299,-0.45401,-0.052547,0.054045,-0.46787,-0.013284,-0.040783,-0.80593,0.067979,0.033839,-0.81031,0.098424
0.011579,0.79919,-0.051651,0.015601,0.61371,-0.0026284,-0.15929,0.50978,-0.00013161,0.17871,0.50992,0.029103,-0.27527,0.2571,0.10641,0.24742,0.24522,0.094366,-0.39953,0.052891,0.12886,0.36886,0.041966,0.12962,0.0007952,0.27396,0.018424,0,0.20655,0,-0.078913,0.13081,-0.0083336,0.073101,0.12872,0.0037715,-0.036839,-0.45272,-0.050435,0.040015,-0.48227,-0.0045565,-0.040828,-0.80614,0.067541,0.030327,-0.81263,0.099177
0.010168,0.80235,-0.051497,0.014126,0.6145,-0.0025212,-0.16045,0.5121,0.0020183,0.1803,0.50915,0.029847,-0.2797,0.25494,0.1115,0.25672,0.24419,0.10465,-0.43935,0.074846,0.12079,0.3878,0.044775,0.12989,0.00066584,0.27576,0.017315,0,0.20875,0,-0.079201,0.13095,-0.0087538,0.074161,0.13321,0.0040714,-0.036936,-0.51595,-0.0054044,0.044047,-0.53056,0.033448,-0.053061,-0.84949,0.047484,0.032808,-0.87489,0.13649
0.010572,0.80204,-0.047639,0.013916,0.6116,-0.0016263,-0.16144,0.50777,0.0080347,0.18162,0.50109,0.031347,-0.29019,0.24598,0.11987,0.26437,0.24231,0.1102,-0.47021,0.084651,0.10207,0.43444,0.056261,0.094986,0.00097493,0.2736,0.016572,0,0.20668,0,-0.079399,0.12537,-0.0096083,0.074224,0.13219,0.0043017,-0.082542,-0.4684,-0.020993,0.032257,-0.53089,0.036523,-0.048312,-0.87411,0.048914,0.015016,-0.91517,0.07742
0.010248,0.76866,-0.040737,0.0076582,0.58013,0.0051778,-0.16555,0.46112,0.015655,0.18116,0.46019,0.036931,-0.30389,0.22368,0.11613,0.29126,0.19245,0.10953,-0.49105,0.068248,0.063597,0.47205,0.033299,0.033402,1.0623e-05,0.23457,0.017619,0,0.16606,0,-0.079369,0.089302,-0.01277,0.076885,0.085167,0.0055755,-0.06678,-0.55211,-0.01373,0.034571,-0.57269,0.034063,-0.060889,-0.89492,0.050111,0.016835,-0.91226,0.085697
0.0029549,0.71985,-0.026582,0.0073663,0.52941,0.010238,-0.16779,0.42223,0.019254,0.17237,0.41808,0.036946,-0.3116,0.18576,0.11127,0.28619,0.18095,0.097948,-0.51591,0.032948,0.01947,0.46825,0.022731,0.0042876,0.00018388,0.18533,0.018805,0,0.11785,0,-0.078221,0.046279,-0.015817,0.075293,0.036908,0.0070363,-0.073866,-0.54547,-0.025788,0.040048,-0.57476,0.024794,-0.094057,-0.92559,0.077591,0.021412,-0.92141,0.11699
0.0036287,0.68771,-0.019623,0.0042537,0.48487,0.022871,-0.1679,0.39493,0.027336,0.1708,0.37862,0.04026,-0.31099,0.14946,0.099751,0.2929,0.12873,0.085596,-0.5012,-0.0079649,-0.015888,0.45386,-0.012086,-0.040582,-0.00010914,0.15699,0.022019,0,0.093142,0,-0.077901,0.01684,-0.018311,0.075546,0.014586,0.0058622,-0.080845,-0.54385,-0.035131,0.063813,-0.53516,-0.0057992,-0.093448,-0.92454,0.078924,0.023286,-0.92028,0.11683
0.0018358,0.66981,-0.024359,0.0044175,0.47179,0.01777,-0.16936,0.36126,0.024747,0.16981,0.36782,0.040293,-0.30808,0.13146,0.10143,0.29555,0.11576,0.082679,-0.46856,-0.032108,-0.013742,0.43485,-0.06092,-0.019282,-0.00021556,0.13906,0.022345,0,0.074575,0,-0.07776,5.5504e-05,-0.017946,0.075773,-0.0047413,0.0065522,-0.0824,-0.54286,-0.039198,0.063873,-0.5429,-0.0067308,-0.092063,-0.92093,0.074577,0.020523,-0.92114,0.11374
0.001109,0.66969,-0.022544,0.0034564,0.47164,0.019235,-0.16977,0.36245,0.025976,0.16838,0.36844,0.043507,-0.30845,0.13159,0.10177,0.29232,0.11584,0.082735,-0.44327,-0.049316,0.0014101,0.40751,-0.067209,-0.038763,-0.00046016,0.13883,0.023428,0,0.074534,0,-0.077644,-4.0471e-05,-0.017979,0.075739,-0.0047048,0.0064319,-0.081619,-0.54423,-0.037848,0.058327,-0.54872,-0.002995,-0.08912,-0.92139,0.077055,0.022575,-0.92312,0.11867
0.0015036,0.68565,-0.024536,0.0055613,0.50109,0.026508,-0.16678,0.39671,0.028189,0.16409,0.39649,0.045949,-0.30688,0.13276,0.092445,0.28859,0.12067,0.082104,-0.43312,-0.059847,0.0051684,0.39122,-0.085863,-0.0041081,-0.00048037,0.15311,0.026137,0,0.086998,0,-0.07568,0.013403,-0.018161,0.073015,0.012249,0.0049193,-0.079453,-0.56133,-0.022163,0.055577,-0.55263,0.0038834,-0.088002,-0.9217,0.076011,0.025188,-0.92365,0.11741
