0.0082566,0.78615,-0.055604,0.017584,0.58875,-0.000406,-0.16988,0.4774,0.000235,0.19075,0.49001,0.023795,-0.31052,0.21502,0.059655,0.31301,0.18556,0.040587,-0.4468,0.010143,-0.062739,0.40891,-0.033207,-0.057237,0.0014173,0.21189,0.016577,0,0.13686,0,-0.081462,0.056969,-0.014445,0.075217,0.056354,0.008841,-0.077438,-0.58016,-0.039364,0.042126,-0.6076,0.001029,-0.05818,-0.97153,0.014541,0.035521,-0.99176,0.054279
0.014729,0.8054,-0.078961,0.021574,0.60627,-0.019792,-0.16878,0.50157,-0.018867,0.19305,0.49603,0.005501,-0.30075,0.22588,0.042204,0.28823,0.21155,0.025581,-0.41964,-0.00365,-0.04429,0.37109,-0.035002,-0.02922,0.0027097,0.25168,0.009521,0,0.18299,0,-0.087965,0.10661,-0.00417,0.079101,0.093093,0.007356,-0.079246,-0.52456,-0.084916,0.059919,-0.57046,-0.027533,-0.047993,-0.8977,0.0216,0.042928,-0.97281,0.046085
0.016737,0.84203,-0.096992,0.019713,0.63428,-0.029667,-0.16334,0.52606,-0.025405,0.19347,0.5324,0.003719,-0.28221,0.22684,0.050018,0.25822,0.21543,0.035939,-0.37884,-0.011746,0.073695,0.34068,-0.046877,0.051402,0.0018865,0.2803,0.007365,0,0.20778,0,-0.086096,0.1268,-0.003436,0.077297,0.13368,0.010359,-0.042116,-0.41102,-0.12891,0.033293,-0.45212,-0.08255,-0.028483,-0.80405,0.049581,0.025564,-0.81375,0.046319
0.016712,0.84437,-0.095193,0.019412,0.64647,-0.029072,-0.16417,0.5347,-0.022658,0.19334,0.53524,0.005555,-0.27578,0.24034,0.060171,0.25287,0.22342,0.040492,-0.3745,0.003917,0.083973,0.34369,-0.012699,0.091273,0.0020587,0.28554,0.005961,0,0.21269,0,-0.085554,0.13227,-0.003752,0.07715,0.13511,0.010468,-0.042878,-0.42748,-0.11588,0.033331,-0.45876,-0.071341,-0.044916,-0.81416,0.036921,0.0087332,-0.82809,0.060275
0.01806,0.85073,-0.087919,0.019403,0.64899,-0.026592,-0.16473,0.53911,-0.018543,0.19251,0.53707,0.007585,-0.27061,0.2623,0.077099,0.25254,0.24213,0.057918,-0.38759,0.044111,0.11647,0.35352,0.014484,0.10767,0.0022319,0.28664,0.005143,0,0.21387,0,-0.085071,0.13424,-0.004932,0.077136,0.13554,0.00949,-0.055905,-0.48892,-0.076726,0.021951,-0.52604,-0.02336,-0.07573,-0.81964,0.015581,-0.0043713,-0.90109,0.077361
0.017098,0.85048,-0.076426,0.02014,0.64852,-0.020869,-0.16477,0.53874,-0.011413,0.19163,0.53625,0.013152,-0.27231,0.26071,0.093254,0.25531,0.24268,0.068891,-0.40927,0.051703,0.12081,0.39263,0.030878,0.12299,0.0026386,0.28397,0.005794,0,0.21035,0,-0.085199,0.12628,-0.006948,0.076976,0.13408,0.005918,-0.06775,-0.56969,-0.036144,0.047596,-0.4978,-0.001219,-0.09406,-0.9401,-0.014259,-0.030516,-0.94176,0.045306
0.016858,0.82932,-0.053542,0.019927,0.62234,-0.000275,-0.17027,0.51193,0.013167,0.19173,0.50641,0.02934,-0.29038,0.24517,0.11467,0.28272,0.22119,0.11847,-0.4704,0.066917,0.10591,0.42747,0.015129,0.13247,0.002802,0.25878,0.008735,0,0.18558,0,-0.085686,0.099606,-0.010734,0.078252,0.10474,0.003428,-0.070948,-0.57437,-0.033038,0.065237,-0.51714,0.030561,-0.10962,-0.97765,0.020186,-0.037819,-0.96215,0.064876
0.017108,0.77724,-0.020812,0.012854,0.56957,0.020558,-0.16997,0.45786,0.037915,0.19046,0.45201,0.049267,-0.31654,0.19971,0.13453,0.29845,0.18163,0.12608,-0.52913,0.060765,0.086964,0.49417,0.014414,0.077633,0.0016913,0.19829,0.014305,0,0.12531,0,-0.084025,0.044316,-0.015195,0.079323,0.043799,0.002482,-0.075666,-0.59541,-0.043883,0.069463,-0.50974,0.02609,-0.12057,-1.0034,0.062317,-0.026653,-0.94884,0.10138
0.0060843,0.7255,-0.016883,0.0072802,0.52447,0.027092,-0.17773,0.40756,0.0352,0.18161,0.40656,0.055813,-0.35026,0.15297,0.11794,0.2992,0.13249,0.11898,-0.57435,0.05606,0.035613,0.52077,0.0054545,0.009532,0.0003091,0.15796,0.018018,0,0.08633,0,-0.083347,0.0080626,-0.017843,0.080733,0.0020623,0.003015,-0.08642,-0.5912,-0.052539,0.049626,-0.52043,-0.005399,-0.1325,-1.0001,0.069655,-0.033837,-0.95505,0.097222
0.010116,0.71161,-0.007386,0.0086642,0.50873,0.033138,-0.17566,0.39766,0.03914,0.18814,0.38454,0.07163,-0.35796,0.14168,0.10292,0.31283,0.12043,0.10711,-0.58945,0.042959,-0.014058,0.53706,-0.015894,-0.062901,-0.0003655,0.14483,0.02192,0,0.074332,0,-0.084465,-0.0053613,-0.020598,0.080635,-0.012154,0.003057,-0.090879,-0.59295,-0.048714,0.030734,-0.60921,-0.006723,-0.1317,-1.0015,0.077375,-0.042905,-1.0034,0.12079
0.010308,0.71177,-0.005973,0.0087551,0.50867,0.0335,-0.17486,0.39764,0.039262,0.18784,0.3849,0.070972,-0.35743,0.14605,0.088448,0.31397,0.12248,0.1027,-0.55848,0.016329,-0.04946,0.50583,-0.021533,-0.064068,-0.0005723,0.14409,0.024775,0,0.073805,0,-0.084222,-0.0056742,-0.020732,0.080474,-0.012228,0.003049,-0.091776,-0.60401,-0.029266,0.02606,-0.60595,-0.001708,-0.1309,-1.0046,0.080401,-0.042427,-1.0026,0.12108
0.013032,0.72844,-0.007577,0.012173,0.53395,0.043036,-0.16907,0.42232,0.033227,0.18693,0.4227,0.057129,-0.32615,0.19103,0.070709,0.31707,0.13485,0.091934,-0.50904,-0.0079197,-0.07777,0.45958,-0.035049,-0.045182,0.0001974,0.15861,0.02904,0,0.087739,0,-0.082152,0.010326,-0.022128,0.07778,0.0058807,0.003104,-0.087303,-0.60382,-0.014177,0.020008,-0.60354,0.014455,-0.13072,-1.001,0.074397,-0.044606,-1.0012,0.11326
0.017088,0.7927,-0.027257,0.014447,0.59343,0.029053,-0.16462,0.47493,0.013113,0.19286,0.47551,0.044203,-0.30345,0.22316,0.073443,0.29704,0.19158,0.066508,-0.44628,0.0091921,-0.052843,0.41728,-0.036727,-0.026888,6.17e-05,0.21278,0.028974,0,0.13965,0,-0.081755,0.064752,-0.01684,0.076679,0.051632,0.001194,-0.08714,-0.60368,-0.023434,0.024988,-0.61024,0.018271,-0.12675,-0.99384,0.051935,-0.03991,-0.99882,0.091246
0.02401,0.82175,-0.037756,0.01994,0.61341,0.013228,-0.16404,0.50034,2.5e-05,0.19452,0.49816,0.03044,-0.30253,0.2213,0.054352,0.28423,0.2087,0.055292,-0.42637,-0.0030307,-0.034586,0.37782,-0.023685,0.001781,0.0012541,0.24836,0.025677,0,0.17872,0,-0.084901,0.093312,-0.017176,0.077577,0.1024,0.008593,-0.086021,-0.55137,-0.065311,0.026896,-0.59916,-0.000457,-0.093787,-0.94662,0.041295,-0.031394,-0.98227,0.080387
0.02794,0.83208,-0.043117,0.022533,0.62406,0.008479,-0.16104,0.51706,-0.006521,0.19486,0.50456,0.027191,-0.30115,0.22104,0.051767,0.26989,0.21505,0.056173,-0.3985,-0.011987,0.013918,0.36569,-0.041831,0.02144,0.0013095,0.25984,0.024866,0,0.18878,0,-0.085656,0.11374,-0.011656,0.077325,0.10716,0.006465,-0.064179,-0.45983,-0.10772,0.045981,-0.48267,-0.064171,-0.059175,-0.87761,0.047521,0.02947,-0.88084,0.082155
0.028402,0.84107,-0.046786,0.022406,0.63427,0.006319,-0.16027,0.52418,-0.007513,0.19602,0.51968,0.031511,-0.29167,0.22629,0.053913,0.26265,0.22073,0.05808,-0.39095,-0.0071604,0.043068,0.35515,-0.046664,0.057154,0.0009403,0.27298,0.023965,0,0.2021,0,-0.085343,0.12466,-0.012343,0.076811,0.11903,0.006399,-0.059861,-0.45155,-0.11449,0.043617,-0.48203,-0.065934,-0.047833,-0.84252,0.05209,0.02748,-0.84067,0.080105
0.030825,0.85517,-0.038898,0.024228,0.64208,0.008057,-0.15895,0.54045,0.001711,0.19831,0.52919,0.041172,-0.27576,0.24606,0.062378,0.2577,0.22799,0.071099,-0.38133,0.015853,0.064141,0.35219,-0.022352,0.075662,0.0012272,0.28191,0.023962,0,0.21137,0,-0.085296,0.13576,-0.014045,0.076101,0.12545,0.006646,-0.053724,-0.45488,-0.10786,0.039601,-0.4674,-0.062977,-0.041905,-0.85621,0.054824,0.019482,-0.84407,0.063689
0.036033,0.86234,-0.027148,0.023186,0.64657,0.011395,-0.15816,0.54126,0.004281,0.19825,0.53081,0.044842,-0.27496,0.24936,0.070501,0.25287,0.23433,0.083471,-0.39008,0.023758,0.072581,0.3634,-0.012042,0.091453,0.0009163,0.28195,0.02472,0,0.21117,0,-0.084828,0.13594,-0.014309,0.076378,0.1254,0.004205,-0.045683,-0.50325,-0.073035,0.041017,-0.47499,-0.050821,-0.03116,-0.87607,0.026069,0.022917,-0.89818,0.056384
0.033635,0.85653,-0.008836,0.025936,0.64306,0.02767,-0.15944,0.53465,0.013925,0.19763,0.52406,0.055896,-0.28134,0.24082,0.0853,0.25595,0.22735,0.099192,-0.428,0.029739,0.072142,0.39455,-0.0097628,0.10681,0.0003261,0.27542,0.028945,0,0.20357,0,-0.085016,0.12732,-0.019281,0.07674,0.11659,0.002269,-0.048528,-0.56791,-0.053958,0.03068,-0.59023,-0.007916,-0.042596,-0.90012,-0.003937,0.028821,-0.95879,0.024547
0.029796,0.82331,0.009144,0.023776,0.61816,0.047952,-0.16086,0.4865,0.03517,0.19987,0.4848,0.061166,-0.29817,0.20259,0.10381,0.27653,0.20065,0.11715,-0.47448,0.023494,0.053644,0.44415,-0.01207,0.095203,0.00159,0.25999,0.03357,0,0.19201,0,-0.085186,0.11525,-0.020818,0.077099,0.10576,-0.000961,-0.079365,-0.48948,-0.093864,0.036304,-0.60147,-0.01014,-0.040796,-0.93492,-0.006213,0.020805,-0.9811,0.033541
0.01862,0.77216,0.023094,0.011029,0.56586,0.065014,-0.17204,0.449,0.04979,0.18999,0.43674,0.082751,-0.31831,0.17371,0.10649,0.28081,0.17225,0.12674,-0.51803,0.0093746,0.02398,0.46207,-0.021415,0.042188,-0.0012212,0.19629,0.039452,0,0.12914,0,-0.080196,0.063999,-0.024931,0.076095,0.031888,-0.004521,-0.067056,-0.58622,-0.091761,0.041259,-0.59493,-0.0555,-0.050549,-0.97606,0.00098,0.013282,-0.9844,0.043579
0.014107,0.73382,0.037157,0.0045021,0.51461,0.07191,-0.1735,0.39096,0.057175,0.18251,0.39128,0.091571,-0.33655,0.12392,0.092358,0.286,0.11653,0.11844,-0.54846,-0.024943,-0.018276,0.50925,-0.053299,-0.017223,-0.0023268,0.15607,0.042315,0,0.092442,0,-0.079408,0.028827,-0.027003,0.07728,-0.001254,-0.004578,-0.06916,-0.58645,-0.091057,0.045739,-0.5895,-0.060468,-0.08267,-0.99822,0.03696,0.012575,-0.98848,0.050948
0.0090858,0.69675,0.032256,0.0010431,0.49218,0.069967,-0.17561,0.37485,0.05456,0.18111,0.37018,0.096465,-0.34163,0.11099,0.085702,0.28809,0.1102,0.11547,-0.54212,-0.047661,-0.031074,0.4947,-0.069632,-0.045202,-0.0041052,0.12468,0.043811,0,0.059152,0,-0.080596,-0.026325,-0.031679,0.079127,-0.020023,-0.001482,-0.071201,-0.58788,-0.090379,0.046633,-0.5886,-0.060145,-0.083421,-0.99824,0.039797,0.0062702,-0.99719,0.061064
0.0077763,0.69675,0.030383,0.0007879,0.49209,0.069133,-0.176,0.37486,0.053075,0.1805,0.37239,0.095695,-0.33944,0.11311,0.083998,0.3007,0.10669,0.1115,-0.49918,-0.069104,-0.04854,0.46448,-0.077636,-0.025741,-0.0043714,0.12466,0.045283,0,0.059515,0,-0.080162,-0.023722,-0.0302,0.079313,-0.020051,-0.001185,-0.068061,-0.59088,-0.079559,0.045874,-0.58846,-0.052548,-0.081511,-1.0007,0.042812,0.0054711,-0.99752,0.059879
0.0075542,0.73342,0.014502,0.0080893,0.53388,0.064001,-0.17182,0.41451,0.040719,0.1833,0.41701,0.08847,-0.33058,0.12526,0.071744,0.30448,0.11848,0.1026,-0.46228,-0.074312,-0.038046,0.43404,-0.076831,-0.009511,-0.0039281,0.1546,0.046101,0,0.087213,0,-0.080308,0.012597,-0.027026,0.077345,0.0046667,-7.9e-05,-0.068885,-0.60125,-0.047549,0.02463,-0.60517,-0.016849,-0.077352,-1.0007,0.032728,0.0096183,-0.99667,0.051115
0.0098822,0.79011,-0.004351,0.007925,0.58539,0.041932,-0.1713,0.46909,0.023845,0.18618,0.46936,0.059444,-0.29782,0.17325,0.064016,0.291,0.16948,0.09923,-0.41321,-0.056262,0.010335,0.40966,-0.053358,0.007915,-0.002682,0.1983,0.044418,0,0.12679,0,-0.077593,0.048853,-0.02014,0.074667,0.043649,-0.000207,-0.068743,-0.59382,-0.05532,0.03821,-0.62387,-0.002624,-0.052303,-0.97742,0.014595,0.018942,-0.9956,0.039563
0.015102,0.81768,-0.023868,0.017001,0.60415,0.023548,-0.16585,0.48687,0.004866,0.19023,0.49902,0.038426,-0.28153,0.1904,0.056811,0.2832,0.20205,0.091305,-0.38501,-0.04392,0.039344,0.39708,-0.02468,0.062751,-0.0004316,0.24651,0.040131,0,0.17829,0,-0.084732,0.10039,-0.014923,0.077879,0.095635,0.002446,-0.062402,-0.56432,-0.070981,0.053043,-0.59786,-0.013379,-0.042458,-0.972,0.012129,0.032421,-0.97853,0.032388
0.016754,0.83717,-0.028492,0.01859,0.62771,0.016901,-0.16667,0.51254,0.004364,0.18919,0.51102,0.039,-0.28031,0.1981,0.057059,0.27111,0.22096,0.087425,-0.37931,-0.035467,0.059036,0.37706,-0.0097943,0.085097,-0.0005988,0.25711,0.038841,0,0.18684,0,-0.084965,0.10758,-0.016549,0.078118,0.10566,0.006437,-0.044996,-0.48836,-0.086405,0.053431,-0.58281,-0.017325,-0.036172,-0.8981,0.04729,0.025274,-0.89991,0.078493
0.015292,0.84235,-0.036253,0.01174,0.64136,0.014498,-0.16946,0.52657,0.003846,0.18777,0.53652,0.053466,-0.28305,0.22031,0.06873,0.26155,0.23431,0.084122,-0.37776,-0.014492,0.077858,0.36939,0.00017961,0.09478,-0.0033132,0.27559,0.037326,0,0.20543,0,-0.083717,0.1245,-0.016609,0.079544,0.12368,0.005877,-0.036619,-0.46575,-0.094789,0.05155,-0.55842,-0.015092,-0.043538,-0.82742,0.035648,0.013798,-0.85908,0.11444
0.012837,0.85862,-0.032209,0.010051,0.65066,0.014782,-0.17224,0.5358,0.008247,0.188,0.53764,0.054842,-0.28539,0.23166,0.081867,0.25606,0.24044,0.090019,-0.38588,-0.00074853,0.091394,0.37018,0.0097918,0.1083,-0.0030961,0.28234,0.036506,0,0.21159,0,-0.083818,0.12958,-0.016248,0.080055,0.12949,0.005359,-0.036833,-0.46761,-0.084158,0.045959,-0.55865,-0.013077,-0.050273,-0.86398,0.070151,0.01218,-0.86132,0.11339
0.012527,0.86,-0.031734,0.010235,0.65498,0.01766,-0.17378,0.53827,0.011247,0.18582,0.54103,0.057858,-0.28947,0.23475,0.093693,0.25357,0.2427,0.096334,-0.4191,0.016968,0.10129,0.38145,0.018228,0.12027,-0.0029986,0.28557,0.036336,0,0.21487,0,-0.083353,0.13078,-0.016595,0.078892,0.13744,0.004913,-0.052565,-0.52206,-0.034737,0.044086,-0.56937,0.025964,-0.054529,-0.88158,0.071267,0.012606,-0.9082,0.1224
0.010602,0.85722,-0.026964,0.0095791,0.65075,0.019633,-0.17558,0.53458,0.016217,0.18615,0.53536,0.05836,-0.29447,0.23345,0.10528,0.2573,0.23795,0.10381,-0.44623,0.029639,0.07812,0.38803,0.017999,0.11915,-0.0025828,0.28307,0.036341,0,0.21278,0,-0.083672,0.12535,-0.017561,0.079172,0.13616,0.004977,-0.066925,-0.5822,-0.000501,0.036532,-0.56859,0.049008,-0.068279,-0.941,0.068636,0.0014191,-0.9597,0.11231
0.0077334,0.82664,-0.007308,0.0016952,0.61564,0.029813,-0.17845,0.49263,0.029324,0.18232,0.50014,0.06135,-0.30625,0.2107,0.11009,0.27995,0.19425,0.11707,-0.48574,0.03343,0.033873,0.43777,-0.0053952,0.1013,-0.0027965,0.24945,0.038806,0,0.1804,0,-0.081806,0.09844,-0.019906,0.080683,0.10024,0.003997,-0.062954,-0.59001,-0.002634,0.04097,-0.60441,0.049678,-0.094566,-0.97377,0.062495,0.0074569,-0.9624,0.11582
-0.0008736,0.77968,-0.005904,-0.0073158,0.57003,0.029414,-0.18559,0.45422,0.026664,0.166,0.45657,0.069294,-0.32645,0.18216,0.10047,0.27938,0.18356,0.11357,-0.52607,0.0064439,0.00428,0.46108,-0.023778,0.036243,-0.0057591,0.1915,0.039465,0,0.12063,0,-0.076163,0.038575,-0.022652,0.078843,0.042395,0.006959,-0.070676,-0.59309,-0.01425,0.037539,-0.61026,0.044091,-0.094434,-0.98537,0.089556,-0.0061202,-0.97713,0.12151
-0.0050089,0.73388,-0.008055,-0.0052869,0.52642,0.03134,-0.19142,0.40968,0.029411,0.17261,0.41029,0.07906,-0.34381,0.13478,0.080718,0.28961,0.12313,0.10484,-0.5368,-0.03213,-0.043469,0.45884,-0.046908,0.003233,-0.0061759,0.17103,0.04038,0,0.10378,0,-0.078931,0.017631,-0.022669,0.081215,0.022629,0.007168,-0.075959,-0.5953,-0.021254,0.038862,-0.59699,0.031159,-0.10177,-0.98891,0.099519,-0.010677,-0.98081,0.12875
-0.0042895,0.71785,-0.008053,-0.0051692,0.51283,0.030051,-0.18924,0.39996,0.023079,0.17274,0.40574,0.074154,-0.34217,0.13032,0.070454,0.2968,0.11568,0.092071,-0.52929,-0.045706,-0.051652,0.46033,-0.069074,-0.024441,-0.00636,0.14976,0.040867,0,0.08213,0,-0.078822,0.0030165,-0.024286,0.081472,-0.00097641,0.007113,-0.078822,-0.59715,-0.027662,0.041085,-0.59523,0.024498,-0.10989,-0.99306,0.10029,-0.014405,-0.98517,0.12725
-0.003345,0.71835,-0.008926,-0.0044891,0.51393,0.03074,-0.18798,0.40072,0.02261,0.17303,0.40524,0.073334,-0.33962,0.13343,0.069255,0.29783,0.11617,0.090815,-0.50623,-0.060651,-0.0491,0.44012,-0.07476,-0.013601,-0.0062727,0.14977,0.04143,0,0.082106,0,-0.078992,0.0027427,-0.024136,0.080957,-0.00063886,0.007144,-0.079995,-0.59809,-0.02065,0.035387,-0.5983,0.027285,-0.10415,-0.99246,0.10356,-0.014933,-0.98571,0.12608
0.0047561,0.74162,-0.024604,0.0038916,0.55021,0.026716,-0.17997,0.43127,0.01747,0.17712,0.43301,0.066644,-0.31673,0.16554,0.047431,0.29404,0.13415,0.080768,-0.4684,-0.064272,-0.04327,0.42375,-0.072984,-0.005023,-0.0049627,0.17591,0.041009,0,0.10581,0,-0.08068,0.025761,-0.02412,0.079154,0.023859,0.00917,-0.084344,-0.58421,-0.018818,0.037951,-0.59518,0.039229,-0.094783,-0.98638,0.096324,-0.0081605,-0.98367,0.12021
0.0099977,0.79744,-0.038376,0.012569,0.59129,0.01366,-0.16916,0.46917,0.001742,0.18143,0.48449,0.045036,-0.30558,0.17743,0.039436,0.28001,0.18291,0.07457,-0.42068,-0.04474,-0.022455,0.39442,-0.06456,0.03445,-0.0025257,0.21851,0.037683,0,0.14683,0,-0.082962,0.077984,-0.0198,0.078623,0.055443,0.009645,-0.083205,-0.57488,-0.02972,0.043016,-0.59438,0.032859,-0.073782,-0.94348,0.058511,0.0027828,-0.97432,0.10582
0.015216,0.80607,-0.045946,0.020453,0.61004,0.008634,-0.16635,0.49043,-0.006374,0.18651,0.49248,0.034425,-0.29266,0.20189,0.04867,0.27532,0.1942,0.071087,-0.40329,-0.024586,-0.002618,0.38187,-0.036948,0.06819,-0.0006729,0.24175,0.035234,0,0.17045,0,-0.08318,0.092985,-0.018322,0.075195,0.090237,0.009552,-0.073798,-0.54274,-0.046017,0.046865,-0.59537,0.027574,-0.062881,-0.92864,0.068093,0.015664,-0.96779,0.10372
0.017115,0.82437,-0.050874,0.020908,0.61824,0.005378,-0.16774,0.50405,-0.008895,0.18675,0.50442,0.032977,-0.29333,0.20332,0.047314,0.26607,0.20825,0.073116,-0.40941,-0.022204,0.05756,0.36953,-0.025996,0.093446,-0.0005526,0.25468,0.032916,0,0.18379,0,-0.0841,0.10637,-0.016695,0.075887,0.10003,0.009128,-0.051389,-0.4975,-0.06543,0.044962,-0.59419,0.021326,-0.05836,-0.90788,0.070268,0.015347,-0.93847,0.097387
0.018844,0.83543,-0.045227,0.022619,0.62714,0.009668,-0.16826,0.51142,-0.006753,0.18767,0.51496,0.039978,-0.29443,0.22328,0.061954,0.26216,0.21062,0.078833,-0.41199,-0.0098016,0.082197,0.36691,-0.016017,0.12535,-0.0006473,0.26096,0.032361,0,0.18993,0,-0.084756,0.11185,-0.017425,0.076235,0.10624,0.008672,-0.050045,-0.49215,-0.066796,0.028374,-0.57688,-0.001472,-0.058165,-0.89073,0.072252,0.0072014,-0.89856,0.082765
0.01738,0.83591,-0.042043,0.020771,0.62891,0.011291,-0.16943,0.51369,-0.004786,0.18731,0.51575,0.042021,-0.2975,0.22713,0.071515,0.25775,0.21811,0.096013,-0.42922,-3.3528e-07,0.09599,0.36947,-0.012335,0.13409,-0.0008095,0.26227,0.031783,0,0.19139,0,-0.084603,0.11286,-0.017708,0.076805,0.10808,0.008299,-0.049541,-0.50032,-0.062131,0.013497,-0.57865,-0.000909,-0.060221,-0.88824,0.069447,0.0068422,-0.90042,0.084739
0.015476,0.83248,-0.027506,0.019555,0.62845,0.014169,-0.17053,0.51282,-0.000682,0.18772,0.51085,0.051083,-0.30686,0.22712,0.083236,0.25846,0.21327,0.11125,-0.4424,0.01308,0.10296,0.37444,-0.010107,0.14187,-0.0011962,0.2622,0.031866,0,0.19158,0,-0.084487,0.11028,-0.020544,0.076761,0.10973,0.007666,-0.046604,-0.54523,-0.056921,-0.0012405,-0.59499,0.003904,-0.06697,-0.90579,0.063596,-0.019255,-0.96435,0.083121
0.016855,0.81799,-0.00626,0.012005,0.6083,0.02354,-0.16813,0.48756,0.012296,0.18452,0.49058,0.067551,-0.31305,0.20826,0.10579,0.27524,0.17813,0.13187,-0.47372,0.010372,0.10043,0.408,-0.038012,0.14432,-0.0027483,0.24612,0.033791,0,0.17637,0,-0.082706,0.085018,-0.02522,0.077992,0.10387,0.010056,-0.085626,-0.49091,-0.065845,0.0057098,-0.60151,0.005878,-0.076354,-0.92459,0.064542,-0.018421,-0.96336,0.09337
0.010362,0.75739,-0.000406,-0.0006219,0.55625,0.036863,-0.17841,0.43272,0.027235,0.17832,0.43507,0.084273,-0.33211,0.15092,0.11655,0.27489,0.15641,0.14123,-0.5106,-0.024834,0.054133,0.43628,-0.04893,0.10977,-0.0055786,0.19315,0.037667,0,0.12543,0,-0.078554,0.030867,-0.025668,0.078737,0.0595,0.006825,-0.066367,-0.58704,-0.05283,0.033463,-0.60233,-0.001924,-0.081029,-0.96466,0.073957,-0.025598,-0.97252,0.10291
0.0078276,0.71458,0.019003,0.0019013,0.51879,0.043781,-0.1827,0.39475,0.03587,0.17657,0.38787,0.085772,-0.33437,0.12974,0.10506,0.30001,0.097073,0.13912,-0.52811,-0.052326,0.020319,0.46192,-0.093508,0.074275,-0.0047944,0.15396,0.040567,0,0.086664,0,-0.081268,0.010905,-0.027219,0.081886,-0.00081118,0.006075,-0.06859,-0.58333,-0.058576,0.042481,-0.55461,-0.027707,-0.11632,-0.98295,0.091147,-0.028368,-0.97378,0.10375
-0.0008133,0.6963,0.019745,-0.0016203,0.47355,0.048422,-0.1805,0.37063,0.032193,0.1747,0.36991,0.090508,-0.33494,0.10414,0.088861,0.29696,0.080053,0.12487,-0.52326,-0.079615,-0.005612,0.46418,-0.11934,0.032126,-0.0063165,0.12376,0.042522,0,0.060251,0,-0.080762,-0.022321,-0.029311,0.081551,-0.018728,0.005849,-0.072411,-0.57995,-0.064648,0.041718,-0.55582,-0.032027,-0.12909,-0.97633,0.07617,-0.028891,-0.97385,0.10078
-0.0009322,0.69428,0.020764,-0.0006147,0.47334,0.047256,-0.18067,0.36812,0.031408,0.174,0.36738,0.089918,-0.33439,0.1018,0.083534,0.29562,0.078535,0.11615,-0.49903,-0.10217,-0.039152,0.45354,-0.12377,0.032032,-0.0063843,0.12256,0.043649,0,0.058807,0,-0.080986,-0.02321,-0.02899,0.081181,-0.02097,0.006043,-0.07586,-0.57718,-0.066458,0.040483,-0.55943,-0.027628,-0.12497,-0.98012,0.081078,-0.028705,-0.97419,0.10034
0.0001287,0.70066,0.010484,0.0018743,0.50369,0.046112,-0.17925,0.37671,0.027347,0.17577,0.38433,0.083481,-0.32919,0.10712,0.071236,0.29105,0.08551,0.10461,-0.48229,-0.10732,-0.028422,0.42808,-0.12177,0.031997,-0.0060802,0.13211,0.045089,0,0.065854,0,-0.081652,-0.013023,-0.025823,0.080904,-0.015603,0.004741,-0.07973,-0.58515,-0.056618,0.032156,-0.56874,-0.013045,-0.12331,-0.98373,0.081414,-0.029854,-0.978,0.099646
0.0068196,0.75357,-0.014423,0.0079104,0.55679,0.037617,-0.17431,0.4401,0.021088,0.17688,0.44153,0.068679,-0.30355,0.15741,0.064501,0.27782,0.1241,0.089261,-0.43176,-0.079891,0.006387,0.39993,-0.098645,0.042267,-0.0044857,0.18052,0.045093,0,0.10927,0,-0.078915,0.034957,-0.020625,0.07593,0.027376,0.002664,-0.089237,-0.57968,-0.045615,0.025825,-0.61067,0.020136,-0.1087,-0.97981,0.066846,-0.020494,-0.97157,0.095328
0.024497,0.80012,-0.014206,0.019004,0.59017,0.027667,-0.1583,0.46888,0.00955,0.19893,0.48046,0.058375,-0.28883,0.17665,0.06637,0.26483,0.18442,0.087146,-0.40155,-0.052466,0.055397,0.37616,-0.066053,0.077308,-0.0022606,0.22977,0.04304,0,0.16149,0,-0.083743,0.084078,-0.018718,0.076597,0.077597,0.003776,-0.082882,-0.57533,-0.046499,0.034461,-0.60992,0.018677,-0.088744,-0.96033,0.061798,-0.0092718,-0.96537,0.092488
0.024052,0.81623,-0.028375,0.027678,0.61666,0.017443,-0.15965,0.5163,-0.000233,0.19689,0.49779,0.049007,-0.28795,0.21281,0.076144,0.26364,0.19117,0.085927,-0.39396,-0.022628,0.094445,0.36789,-0.056865,0.078715,-0.0014829,0.24613,0.040789,0,0.17597,0,-0.084874,0.097316,-0.020122,0.075533,0.093222,0.008695,-0.060742,-0.5281,-0.05923,0.027751,-0.6058,0.006282,-0.07667,-0.90303,0.065897,-0.0096137,-0.94108,0.085302
0.023806,0.83415,-0.038019,0.024958,0.627,0.013454,-0.16094,0.51921,-0.00026,0.19549,0.50953,0.042358,-0.29021,0.2316,0.082441,0.25758,0.21663,0.095869,-0.40525,0.0069622,0.12027,0.35581,-0.012854,0.13608,-0.0008231,0.26178,0.038691,0,0.1916,0,-0.08492,0.11278,-0.019521,0.076056,0.10722,0.009642,-0.050982,-0.47858,-0.075144,0.013042,-0.5623,-0.02698,-0.081374,-0.84221,0.068733,-0.013383,-0.89894,0.081145
0.023896,0.84894,-0.03934,0.024256,0.64002,0.010116,-0.16148,0.5283,0.001878,0.19551,0.51994,0.041406,-0.29034,0.25617,0.095699,0.25824,0.22622,0.09875,-0.41472,0.04184,0.14379,0.36178,0.00073291,0.14558,-0.0003176,0.27072,0.036767,0,0.19929,0,-0.084991,0.12112,-0.018277,0.076006,0.11481,0.009064,-0.049497,-0.47927,-0.070541,0.012855,-0.56371,-0.020515,-0.075292,-0.84936,0.0678,-0.0086206,-0.87949,0.079786
0.024753,0.85282,-0.039321,0.024032,0.64378,0.008181,-0.16302,0.53676,0.004441,0.19619,0.52398,0.040522,-0.29303,0.26322,0.10114,0.25935,0.23649,0.10312,-0.43389,0.055736,0.13609,0.38031,0.013396,0.15759,0.0002119,0.2755,0.034904,0,0.20396,0,-0.084923,0.12583,-0.01751,0.07597,0.11802,0.009302,-0.062526,-0.51628,-0.034362,0.0088409,-0.57429,-0.007436,-0.070227,-0.88563,0.046468,-0.0067595,-0.90133,0.080738
0.025703,0.85242,-0.039278,0.023266,0.64439,0.00692,-0.16265,0.53686,0.005956,0.19657,0.52355,0.038233,-0.29782,0.26122,0.10976,0.26748,0.23535,0.111,-0.46691,0.071393,0.12198,0.40729,0.022541,0.15518,0.0006538,0.27761,0.033241,0,0.20623,0,-0.084779,0.1274,-0.01716,0.076104,0.12067,0.009464,-0.067509,-0.58042,-0.010568,0.0063329,-0.58495,0.008855,-0.092279,-0.94627,0.00661,-0.018552,-0.95481,0.045864
0.027748,0.83691,-0.037155,0.022214,0.63286,0.007298,-0.16224,0.52374,0.01049,0.19761,0.51135,0.039666,-0.30246,0.25479,0.11597,0.28176,0.22828,0.11487,-0.4854,0.076262,0.098795,0.4379,0.011499,0.15414,0.0009365,0.2693,0.031928,0,0.19837,0,-0.08526,0.11297,-0.017311,0.076598,0.11754,0.009626,-0.073787,-0.5777,-0.016284,0.014868,-0.58853,0.016985,-0.090255,-0.94823,0.01472,-0.010496,-0.95752,0.061444
0.01538,0.78127,-0.028608,0.014685,0.57916,0.008675,-0.17013,0.46811,0.023058,0.1944,0.4584,0.054841,-0.32222,0.20857,0.12273,0.28322,0.20889,0.11437,-0.52773,0.056777,0.055926,0.46284,0.010376,0.10695,-0.0003333,0.22599,0.030863,0,0.15795,0,-0.08419,0.063027,-0.015607,0.078113,0.08695,0.007314,-0.076955,-0.59001,-0.020611,0.012725,-0.61043,0.013078,-0.09633,-0.98702,0.061104,-0.015748,-0.96762,0.082427
0.011549,0.7439,-0.024925,0.011123,0.52975,0.020786,-0.17805,0.41902,0.023204,0.19036,0.41241,0.051736,-0.3445,0.15341,0.10161,0.30015,0.13344,0.095433,-0.55416,0.028853,0.010687,0.50239,-0.019322,0.032563,-0.00072,0.17059,0.03321,0,0.10187,0,-0.085287,0.023554,-0.017768,0.080619,0.01843,0.004165,-0.083432,-0.58278,-0.040979,0.028034,-0.57539,-0.009144,-0.10289,-0.98425,0.070289,-0.019779,-0.9766,0.092376
0.0095125,0.71722,-0.017906,0.0080651,0.51539,0.023919,-0.17915,0.39794,0.029938,0.18267,0.39632,0.057408,-0.34603,0.13891,0.092811,0.30219,0.12421,0.096824,-0.54774,0.011661,-0.033181,0.50463,-0.035508,-0.015238,-0.0012654,0.15107,0.034322,0,0.081481,0,-0.083243,-0.00033819,-0.022066,0.080452,-0.00097403,0.006871,-0.089327,-0.59534,-0.040703,0.027077,-0.57547,-0.005449,-0.11195,-0.99131,0.078939,-0.022257,-0.97885,0.096963
0.0078516,0.71419,-0.01686,0.0076274,0.50908,0.023313,-0.17875,0.39606,0.029953,0.18065,0.39372,0.057941,-0.34075,0.13532,0.080837,0.30312,0.12157,0.089514,-0.51548,-0.0041185,-0.059555,0.49449,-0.046145,-0.034685,-0.0013765,0.14811,0.034614,0,0.079119,0,-0.082899,-0.0020912,-0.021375,0.080081,-0.0022425,0.006671,-0.087746,-0.59562,-0.037471,0.024848,-0.57452,-0.004335,-0.11696,-0.99528,0.088466,-0.023098,-0.97982,0.098427
0.0079365,0.71938,-0.017304,0.0088963,0.51749,0.026024,-0.17722,0.40651,0.028852,0.18061,0.40143,0.059076,-0.3302,0.14578,0.079824,0.30762,0.12666,0.082634,-0.47997,-0.016286,-0.063562,0.45106,-0.057552,-0.035861,-0.0014873,0.15466,0.035599,0,0.085863,0,-0.082161,0.0052323,-0.02027,0.078884,0.005759,0.004662,-0.087609,-0.60371,-0.018874,0.01546,-0.51421,0.001402,-0.11567,-0.99527,0.087169,-0.021623,-0.95893,0.09305
0.0065992,0.77376,-0.031177,0.010038,0.57543,0.023181,-0.17397,0.46577,0.025089,0.18729,0.46269,0.050622,-0.30432,0.19123,0.069641,0.29752,0.17478,0.063957,-0.43638,-0.01107,-0.028419,0.42342,-0.03425,-0.026769,-0.0007902,0.20698,0.035479,0,0.13675,0,-0.079247,0.056677,-0.017875,0.075759,0.051159,0.003909,-0.090502,-0.59542,-0.014435,0.023889,-0.61578,0.037649,-0.10271,-0.97783,0.063106,-0.018632,-0.97809,0.09934
0.013342,0.80855,-0.038995,0.024004,0.60916,0.020165,-0.16843,0.4963,0.01935,0.18818,0.49401,0.031522,-0.29061,0.20863,0.067856,0.28268,0.21214,0.05788,-0.41853,-0.012036,-0.016516,0.39553,-0.013476,0.001566,0.0023802,0.23045,0.035101,0,0.15848,0,-0.084369,0.089948,-0.014521,0.075297,0.070655,0.003127,-0.086853,-0.5851,-0.017454,0.025069,-0.61526,0.034942,-0.098387,-0.94729,0.030774,-0.011174,-0.96161,0.091211
0.016526,0.8298,-0.043837,0.023431,0.62296,0.007159,-0.16593,0.51493,0.011762,0.19368,0.50461,0.024861,-0.28385,0.22058,0.067769,0.2813,0.21625,0.055973,-0.39438,-0.021266,0.059691,0.38158,-0.019042,0.037813,0.0025206,0.2529,0.031339,0,0.18162,0,-0.084726,0.10512,-0.013653,0.076558,0.092626,0.005932,-0.05815,-0.52935,-0.045723,0.021906,-0.57142,0.00838,-0.074311,-0.90613,0.026662,-0.016305,-0.92564,0.076855
0.018813,0.84292,-0.04776,0.023931,0.63651,-0.000793,-0.16217,0.52577,0.006298,0.19416,0.51392,0.020652,-0.27808,0.23069,0.081974,0.27359,0.22192,0.05964,-0.38799,0.0010473,0.093074,0.37744,-0.011304,0.062047,0.0026403,0.26806,0.028216,0,0.19572,0,-0.084525,0.11854,-0.010762,0.076004,0.11534,0.005855,-0.043582,-0.48244,-0.073714,0.035038,-0.47516,-0.034533,-0.064455,-0.83687,0.064119,0.004589,-0.89658,0.083603
0.01862,0.84743,-0.049324,0.023568,0.64145,-0.002133,-0.16191,0.52759,0.006365,0.19491,0.517,0.020519,-0.27137,0.25553,0.090515,0.27264,0.2285,0.068088,-0.38093,0.02808,0.11791,0.38268,0.0087991,0.12525,0.0027001,0.2733,0.026087,0,0.2007,0,-0.084568,0.12345,-0.009577,0.076128,0.1184,0.005385,-0.0455,-0.47414,-0.080014,0.023414,-0.48358,-0.04606,-0.063211,-0.83889,0.064263,0.0060976,-0.87189,0.079823
0.018391,0.84952,-0.047769,0.02263,0.64189,-0.001239,-0.16271,0.5294,0.008378,0.19307,0.52345,0.020329,-0.27317,0.25577,0.095706,0.27288,0.24177,0.074949,-0.39271,0.035774,0.13433,0.38857,0.015918,0.13867,0.0027399,0.27417,0.024645,0,0.20169,0,-0.084285,0.12436,-0.009317,0.076317,0.11965,0.004548,-0.048355,-0.48093,-0.076148,0.017207,-0.50736,-0.045671,-0.062547,-0.8703,0.038238,0.0069359,-0.88044,0.071634
0.018426,0.84641,-0.043766,0.022079,0.63957,0.001234,-0.16354,0.52803,0.011646,0.19399,0.52066,0.02315,-0.2766,0.25476,0.10381,0.2767,0.23828,0.093573,-0.41768,0.047636,0.14147,0.4241,0.030785,0.15711,0.0027167,0.27123,0.023941,0,0.19866,0,-0.083802,0.12094,-0.010578,0.076197,0.11476,0.003871,-0.067192,-0.56475,-0.050373,-0.0004652,-0.59021,-0.014937,-0.061203,-0.94735,0.014311,0.001885,-0.95567,0.061209
0.018915,0.81539,-0.037202,0.021448,0.61538,0.013628,-0.16633,0.50325,0.029585,0.19235,0.50417,0.033316,-0.28394,0.22965,0.13187,0.2898,0.21707,0.11984,-0.45906,0.043217,0.12696,0.44755,0.018106,0.13785,0.0032533,0.24212,0.026331,0,0.16907,0,-0.083891,0.091557,-0.013128,0.076173,0.083152,0.002026,-0.087638,-0.49328,-0.062046,0.055082,-0.51203,0.00034,-0.07187,-0.94275,0.015621,0.0003513,-0.96131,0.064996
0.011823,0.76317,-0.02343,0.014978,0.56348,0.021035,-0.17044,0.45165,0.036596,0.19469,0.4446,0.051175,-0.30449,0.17819,0.13912,0.30606,0.16883,0.12237,-0.50976,0.013396,0.092361,0.48706,-0.010747,0.085403,0.0014214,0.1938,0.027947,0,0.12303,0,-0.082315,0.039343,-0.01225,0.076624,0.043611,-0.000423,-0.061949,-0.60385,-0.053333,0.031851,-0.60935,-0.016978,-0.089104,-0.9963,0.039317,-0.002947,-0.98244,0.070598
0.0060649,0.72071,-0.021325,0.012185,0.51062,0.023516,-0.18302,0.3974,0.042569,0.18757,0.38862,0.050382,-0.32655,0.12737,0.12456,0.30692,0.11387,0.10452,-0.53513,-0.021676,0.03237,0.5025,-0.040411,0.031279,0.0014311,0.15258,0.029398,0,0.083839,0,-0.085635,0.0050889,-0.013809,0.082239,-0.0064421,-0.00048,-0.080782,-0.59711,-0.067437,0.038094,-0.56644,-0.039717,-0.10104,-0.9943,0.039969,-0.011074,-0.98265,0.071121
0.0023072,0.69139,-0.021724,0.014436,0.48594,0.027476,-0.17821,0.37344,0.038569,0.18327,0.36408,0.049186,-0.32767,0.11128,0.11388,0.3085,0.10527,0.098524,-0.52319,-0.037534,0.00977,0.49592,-0.074015,-0.014408,0.0014665,0.12854,0.031343,0,0.060481,0,-0.084649,-0.019417,-0.015284,0.080352,-0.019283,-0.000579,-0.080686,-0.59392,-0.074145,0.036661,-0.57408,-0.044697,-0.10746,-0.99726,0.042857,-0.014544,-0.98299,0.064636
0.0015449,0.68752,-0.021702,0.014383,0.48225,0.026579,-0.17731,0.36988,0.036449,0.18187,0.36336,0.048746,-0.32683,0.11058,0.1107,0.31225,0.099598,0.096582,-0.49526,-0.076409,-0.004933,0.45824,-0.090944,-0.023039,0.0012972,0.12368,0.032273,0,0.055398,0,-0.08456,-0.023031,-0.015453,0.0797,-0.025826,0.000128,-0.081658,-0.59356,-0.075324,0.032188,-0.5797,-0.045719,-0.10832,-0.99816,0.042676,-0.014424,-0.9857,0.064376
0.0025624,0.69278,-0.026582,0.016854,0.49623,0.028475,-0.17762,0.38152,0.033501,0.18014,0.38528,0.048865,-0.32412,0.11852,0.103,0.31039,0.099911,0.092782,-0.4668,-0.074999,0.000686,0.44008,-0.098412,-0.018459,0.001402,0.13196,0.033712,0,0.062972,0,-0.083983,-0.01495,-0.015548,0.078479,-0.019284,-6.3e-05,-0.081762,-0.59205,-0.070031,0.030057,-0.59614,-0.025112,-0.10945,-0.9977,0.041265,-0.012841,-0.98708,0.067079
0.0080854,0.7417,-0.045939,0.013469,0.55434,0.022409,-0.17655,0.44233,0.021372,0.18112,0.44795,0.040039,-0.30484,0.17313,0.1022,0.28505,0.15726,0.078762,-0.43272,-0.050689,0.033784,0.39712,-0.077017,0.01192,0.0005957,0.18474,0.033245,0,0.11399,0,-0.080374,0.033101,-0.016253,0.075357,0.032674,0.002763,-0.082087,-0.59021,-0.038079,0.029059,-0.60488,-0.001153,-0.10393,-0.98765,0.025121,-0.012561,-0.98523,0.064288
0.010494,0.79132,-0.048691,0.017555,0.58486,0.017215,-0.1726,0.47843,0.019226,0.18612,0.48367,0.021377,-0.29823,0.17743,0.098748,0.27833,0.17423,0.075493,-0.41231,-0.051603,0.074573,0.38716,-0.057147,0.047585,0.0028253,0.22041,0.032255,0,0.15045,0,-0.085593,0.082799,-0.014004,0.078099,0.057988,0.002591,-0.076029,-0.58664,-0.036888,0.034943,-0.60738,0.00735,-0.094468,-0.95484,0.009643,-0.0027697,-0.97273,0.068033
0.011393,0.81013,-0.051416,0.019515,0.61402,0.005719,-0.16854,0.49969,0.006581,0.18783,0.49538,0.015174,-0.28965,0.19945,0.099287,0.26822,0.19532,0.070413,-0.39901,-0.031804,0.097939,0.37289,-0.038108,0.068752,0.0024656,0.24813,0.02931,0,0.17691,0,-0.085618,0.095791,-0.013397,0.077824,0.1007,0.006025,-0.050061,-0.53005,-0.044903,0.035332,-0.59928,0.004617,-0.062599,-0.90787,0.048543,0.008422,-0.92368,0.080194
0.0092394,0.8312,-0.057671,0.015542,0.62265,-0.000347,-0.17293,0.51505,0.002452,0.18714,0.50894,0.014401,-0.288,0.21825,0.099174,0.26092,0.2156,0.067431,-0.39511,-0.012325,0.11651,0.36178,-0.018445,0.079374,0.0013747,0.26984,0.026049,0,0.20128,0,-0.085775,0.11255,-0.012153,0.078764,0.12452,0.007016,-0.047608,-0.51917,-0.049722,0.032533,-0.58223,0.003213,-0.04798,-0.89666,0.053703,0.025416,-0.90562,0.084828
0.010656,0.83956,-0.058758,0.018427,0.63683,-0.003312,-0.17386,0.52993,0.005492,0.18797,0.52303,0.018948,-0.28318,0.23433,0.10306,0.26109,0.22582,0.071623,-0.39487,0.0057771,0.1196,0.37192,-0.002677,0.10619,0.0017877,0.27721,0.023962,0,0.20668,0,-0.085308,0.12615,-0.009129,0.078383,0.12649,0.006156,-0.046178,-0.49868,-0.051061,0.03108,-0.50192,-0.02065,-0.044547,-0.88911,0.055894,0.035267,-0.86388,0.064527
0.0099219,0.842,-0.058106,0.017859,0.6403,-0.00224,-0.17398,0.5319,0.006908,0.1887,0.53218,0.024606,-0.28263,0.24063,0.11356,0.26168,0.24208,0.076734,-0.41533,0.022336,0.11975,0.39745,0.026577,0.11254,0.0015406,0.27939,0.022551,0,0.2085,0,-0.084878,0.12874,-0.010314,0.078228,0.12714,0.006497,-0.04639,-0.51089,-0.036055,0.032935,-0.55609,0.008903,-0.041742,-0.89011,0.056111,0.036973,-0.88648,0.067045
0.009343,0.84212,-0.056492,0.01628,0.63918,-0.00251,-0.17475,0.53137,0.008224,0.18905,0.52966,0.024524,-0.28319,0.24415,0.11607,0.26906,0.24708,0.084283,-0.44887,0.048612,0.10501,0.41494,0.040089,0.1097,0.0014691,0.27935,0.02124,0,0.20849,0,-0.084502,0.12662,-0.011149,0.078857,0.12777,0.006214,-0.065018,-0.4956,-0.027438,0.041939,-0.57865,0.034746,-0.057645,-0.94907,0.032378,0.021433,-0.95729,0.057602
0.0036418,0.82561,-0.049753,0.011654,0.62279,0.004668,-0.17971,0.5048,0.012972,0.18509,0.50713,0.024127,-0.29863,0.23136,0.12274,0.28572,0.23145,0.10254,-0.49456,0.060905,0.065526,0.45636,0.040208,0.084032,0.0010306,0.26271,0.021989,0,0.19158,0,-0.082621,0.09864,-0.013842,0.079079,0.11614,0.005593,-0.07316,-0.58256,0.002552,0.048994,-0.58984,0.043926,-0.063886,-0.95263,0.057073,0.044442,-0.97507,0.11092
-0.0068934,0.77179,-0.0394,0.0037097,0.57019,0.016054,-0.18754,0.4637,0.024446,0.18258,0.45605,0.030204,-0.31737,0.20455,0.12186,0.28988,0.21275,0.10911,-0.52777,0.053241,0.025987,0.48511,0.034367,0.033694,0.0003026,0.21709,0.024205,0,0.14912,0,-0.079678,0.053434,-0.013639,0.078266,0.077509,0.002077,-0.080987,-0.58521,0.002724,0.073061,-0.5742,0.028389,-0.091215,-0.98852,0.11356,0.051717,-0.97248,0.12768
-0.012702,0.73375,-0.035789,-0.0012175,0.53674,0.021949,-0.18969,0.41293,0.031417,0.17839,0.41028,0.0472,-0.34567,0.15385,0.10751,0.31706,0.14568,0.10397,-0.54991,0.033312,-0.004,0.51314,0.0062517,0.001301,-0.0013548,0.18197,0.026473,0,0.11312,0,-0.079488,0.017316,-0.017537,0.080025,0.041834,0.003238,-0.084267,-0.58213,0.000786,0.072288,-0.57504,0.02702,-0.099063,-0.98915,0.12451,0.051423,-0.96996,0.13019
-0.011351,0.71979,-0.025223,-0.0029277,0.51527,0.024311,-0.19047,0.40656,0.030543,0.17764,0.40209,0.052705,-0.34646,0.1526,0.10557,0.31817,0.14277,0.1015,-0.53592,0.020542,-0.019919,0.49579,-0.0025241,-0.026993,-0.002037,0.17064,0.027975,0,0.10423,0,-0.078829,0.0095698,-0.017495,0.079843,0.032112,0.00249,-0.084897,-0.58455,-6.8e-05,0.070204,-0.57615,0.024573,-0.09969,-0.9889,0.12528,0.048715,-0.97123,0.13042
-0.011576,0.71981,-0.025672,-0.0027821,0.51634,0.025755,-0.19034,0.40622,0.030104,0.17687,0.40259,0.05264,-0.34591,0.15203,0.10499,0.31862,0.14342,0.09886,-0.49252,-0.011104,-0.042455,0.48275,-0.013653,-0.034153,-0.0021634,0.16994,0.029341,0,0.10353,0,-0.078649,0.0089488,-0.017442,0.079657,0.032011,0.002087,-0.083844,-0.59002,0.00673,0.065401,-0.57829,0.027254,-0.080601,-0.99163,0.12422,0.044491,-0.98175,0.13723
-0.015906,0.73818,-0.036557,-0.0055774,0.54817,0.022545,-0.18989,0.42988,0.02616,0.16693,0.45256,0.045603,-0.32236,0.19306,0.10588,0.3146,0.15445,0.083166,-0.4614,-0.00062647,-0.002614,0.45261,-0.03801,-0.029286,-0.0022165,0.18701,0.029937,0,0.1185,0,-0.076981,0.023472,-0.017235,0.079361,0.053553,0.004887,-0.085291,-0.58902,0.010753,0.056732,-0.58479,0.040488,-0.075503,-0.9775,0.10844,0.042089,-0.97959,0.12973
-0.014791,0.79783,-0.047499,-0.0020386,0.59964,0.008751,-0.18833,0.48114,0.009697,0.16957,0.48995,0.017252,-0.31819,0.20283,0.083199,0.2915,0.20685,0.063801,-0.44298,-0.0086159,-0.00502,0.39898,-0.021163,0.002492,-0.000904,0.23771,0.027067,0,0.16713,0,-0.077804,0.075397,-0.013719,0.078695,0.092384,0.003767,-0.085228,-0.58745,-0.001543,0.066432,-0.61313,0.052658,-0.067207,-0.96697,0.085066,0.042635,-0.98321,0.10486
-0.012294,0.81176,-0.058685,0.0018641,0.61762,-0.001297,-0.18294,0.50347,0.000511,0.17628,0.5055,0.012325,-0.31129,0.20565,0.079673,0.27358,0.22783,0.063196,-0.40937,-0.03135,0.066034,0.36619,-0.011008,0.03612,-0.0005817,0.25262,0.023913,0,0.18116,0,-0.081076,0.10341,-0.008467,0.079244,0.1006,0.004509,-0.077827,-0.55142,-0.025514,0.07052,-0.60447,0.036172,-0.047018,-0.9527,0.07493,0.045229,-0.98157,0.09964
-0.0035085,0.8411,-0.056086,0.01089,0.63741,-0.007449,-0.1806,0.5229,-0.00255,0.18127,0.51417,0.011512,-0.29595,0.22452,0.093355,0.26628,0.22997,0.064842,-0.39198,-0.010796,0.11408,0.36116,-0.0049987,0.090686,0.0005882,0.26823,0.020993,0,0.19529,0,-0.082504,0.11358,-0.008156,0.078896,0.11235,0.005095,-0.063886,-0.53697,-0.040828,0.064782,-0.58808,0.026554,-0.04255,-0.94627,0.07692,0.042978,-0.9709,0.10424
-0.0049185,0.8451,-0.061955,0.012122,0.64339,-0.008462,-0.18103,0.52711,-0.004205,0.18168,0.51995,0.010098,-0.28099,0.25327,0.095857,0.26198,0.23599,0.070837,-0.38028,0.018689,0.12429,0.35771,0.0119,0.13693,0.0009978,0.27667,0.018828,0,0.20382,0,-0.083457,0.12109,-0.00791,0.079172,0.12236,0.005453,-0.036067,-0.47966,-0.064371,0.048519,-0.52369,-0.001722,-0.02513,-0.88004,0.075261,0.037708,-0.89452,0.09451
-0.0048414,0.8474,-0.062285,0.010301,0.64887,-0.008085,-0.18229,0.53057,-0.002326,0.18091,0.52854,0.016738,-0.28237,0.25727,0.10037,0.26262,0.24612,0.080601,-0.39246,0.032433,0.1424,0.36144,0.020398,0.13888,0.0005175,0.28258,0.017145,0,0.20975,0,-0.083276,0.12719,-0.008029,0.079596,0.12804,0.005535,-0.036505,-0.48187,-0.062127,0.044875,-0.56759,0.012329,-0.057957,-0.83764,0.052976,0.032777,-0.89146,0.092235
-0.0048307,0.84853,-0.057518,0.0096147,0.64789,-0.007492,-0.18338,0.53045,0.000683,0.18033,0.52852,0.018184,-0.28638,0.26021,0.10966,0.26863,0.24446,0.098085,-0.41005,0.0409,0.14508,0.40308,0.043083,0.16889,0.0005486,0.28198,0.015814,0,0.20919,0,-0.082954,0.12613,-0.008937,0.0797,0.12756,0.00581,-0.04269,-0.54533,-0.035376,0.043059,-0.57975,0.013087,-0.05743,-0.8658,0.053609,0.013744,-0.90754,0.076133
-0.0059468,0.83241,-0.048481,0.0040431,0.62877,0.003735,-0.18257,0.51392,0.006944,0.18124,0.51192,0.025101,-0.30751,0.22561,0.12699,0.28188,0.23122,0.12154,-0.47233,0.030175,0.13562,0.42215,0.025177,0.16863,-0.0002859,0.26402,0.01727,0,0.19142,0,-0.082139,0.10412,-0.012797,0.080631,0.11303,0.005693,-0.044012,-0.57967,-0.03152,0.033459,-0.59364,0.010446,-0.062592,-0.90335,0.047362,0.0082987,-0.96624,0.074925
-0.0034971,0.78477,-0.029267,0.0028722,0.57903,0.016983,-0.18277,0.47206,0.023202,0.17476,0.4622,0.032125,-0.31588,0.19638,0.13264,0.29637,0.20024,0.13448,-0.51166,0.020052,0.10405,0.46529,0.0071599,0.12961,-7.98e-05,0.21258,0.020696,0,0.14105,0,-0.079364,0.066043,-0.012736,0.078145,0.060043,0.002062,-0.049529,-0.58192,-0.038075,0.04142,-0.61698,0.004408,-0.074703,-0.98498,0.059381,0.0056972,-0.98123,0.091505
-0.013726,0.73658,-0.027305,-0.0067133,0.52756,0.01931,-0.18419,0.4151,0.023209,0.17364,0.41541,0.052817,-0.33899,0.14793,0.12099,0.29256,0.1388,0.12065,-0.54114,-0.0041462,0.044902,0.48905,-0.020923,0.049155,-0.002811,0.16865,0.022244,0,0.099008,0,-0.07734,0.013205,-0.017611,0.080319,0.019471,0.004861,-0.060371,-0.58464,-0.052011,0.048723,-0.59176,-0.029126,-0.084376,-0.98758,0.061893,-0.0009464,-0.98238,0.09113
-0.0083503,0.69602,-0.017921,-0.0019944,0.49501,0.029932,-0.18688,0.37243,0.024752,0.17297,0.38686,0.058107,-0.33965,0.12425,0.11075,0.29821,0.11326,0.11039,-0.54443,-0.034004,0.002976,0.47076,-0.054055,0.005888,-0.0025192,0.14076,0.02593,0,0.072595,0,-0.079769,-0.011203,-0.021632,0.080963,-0.0067456,0.005425,-0.064833,-0.59015,-0.061208,0.047734,-0.58406,-0.036931,-0.086366,-0.99061,0.064218,-0.0003003,-0.98249,0.088172
-0.0090888,0.69177,-0.01865,-0.0035782,0.485,0.026091,-0.18534,0.36681,0.020139,0.17207,0.37995,0.056428,-0.34037,0.11982,0.10634,0.29864,0.10769,0.10665,-0.50222,-0.058558,0.003168,0.46179,-0.076785,-0.030251,-0.0031412,0.13051,0.026972,0,0.062415,0,-0.079818,-0.01935,-0.022278,0.081422,-0.018028,0.00736,-0.065896,-0.59021,-0.065676,0.04763,-0.57432,-0.040489,-0.088397,-0.98977,0.063071,-0.0002951,-0.981,0.081793
-0.007977,0.69263,-0.019975,-0.0032482,0.49099,0.026781,-0.18212,0.37305,0.020231,0.17224,0.3816,0.053786,-0.33613,0.12721,0.09904,0.30158,0.10605,0.10169,-0.48871,-0.059411,-0.003661,0.44749,-0.084372,-0.027893,-0.0030921,0.13171,0.028564,0,0.063295,0,-0.079789,-0.017059,-0.020547,0.080802,-0.01689,0.006826,-0.065263,-0.59161,-0.063249,0.041975,-0.57359,-0.034528,-0.088065,-0.99124,0.065235,-0.0005727,-0.98138,0.081518
-0.0027853,0.7305,-0.038229,0.0094512,0.54681,0.018545,-0.1694,0.43344,0.014453,0.17921,0.43649,0.045416,-0.32112,0.14277,0.088223,0.30308,0.12865,0.085583,-0.4502,-0.059325,-0.018011,0.41163,-0.094994,0.006771,-0.0010815,0.17725,0.028171,0,0.10486,0,-0.078973,0.02655,-0.015225,0.074893,0.029569,0.004441,-0.078425,-0.60297,-0.026596,0.027068,-0.60911,0.011911,-0.08226,-0.99017,0.056177,0.0095651,-0.98147,0.077448
0.013241,0.79341,-0.035836,0.0181,0.59787,0.014926,-0.16531,0.48101,0.008611,0.18741,0.49232,0.037463,-0.30058,0.18237,0.090385,0.27823,0.18907,0.087726,-0.41625,-0.041292,0.02513,0.37972,-0.055912,0.044511,0.0006423,0.2147,0.027565,0,0.14098,0,-0.080231,0.065682,-0.013796,0.07471,0.054509,0.003409,-0.077053,-0.58683,-0.023307,0.03881,-0.61236,0.021252,-0.063954,-0.9673,0.034196,0.020509,-0.97357,0.074427
0.017949,0.81424,-0.040536,0.018429,0.60986,0.005832,-0.16325,0.50816,-0.001058,0.18923,0.50182,0.027659,-0.28831,0.20421,0.084634,0.27393,0.19738,0.084304,-0.39391,-0.030036,0.075438,0.37619,-0.036462,0.10025,0.0008221,0.26097,0.02457,0,0.19254,0,-0.082546,0.11542,-0.011758,0.07577,0.10993,0.005312,-0.069123,-0.54751,-0.036317,0.048171,-0.59104,0.018238,-0.054906,-0.95063,0.035514,0.021503,-0.96766,0.06811
0.015823,0.84135,-0.050064,0.016784,0.63601,-0.002528,-0.16372,0.51902,-0.005266,0.19099,0.51293,0.024326,-0.28586,0.23053,0.089379,0.26295,0.21964,0.085313,-0.39057,-0.0033861,0.094911,0.36776,-0.014965,0.11281,0.0007692,0.26951,0.022594,0,0.19833,0,-0.083033,0.12067,-0.010435,0.076547,0.11584,0.005338,-0.038902,-0.49756,-0.049379,0.051385,-0.51479,-0.010433,-0.04493,-0.90422,0.061991,0.020226,-0.91237,0.079586
0.014755,0.84714,-0.054361,0.017279,0.64989,-0.003387,-0.16743,0.53542,-0.002564,0.19407,0.52587,0.028752,-0.28999,0.24009,0.098551,0.26325,0.2383,0.09282,-0.41496,0.019105,0.12487,0.37574,0.013533,0.13269,0.0008758,0.28804,0.020829,0,0.2161,0,-0.084499,0.13478,-0.009399,0.077746,0.13168,0.004502,-0.038613,-0.48296,-0.055898,0.057491,-0.4977,-0.014131,-0.043383,-0.85732,0.072314,0.035996,-0.86198,0.1047
0.012317,0.85015,-0.054944,0.016596,0.65284,-0.002796,-0.16944,0.54228,-0.00014,0.1901,0.54243,0.030959,-0.29282,0.27349,0.1132,0.26319,0.26085,0.10038,-0.425,0.056263,0.13707,0.39238,0.044642,0.13789,0.0008459,0.29143,0.019599,0,0.21972,0,-0.083945,0.13915,-0.008865,0.077762,0.13693,0.004012,-0.039187,-0.48159,-0.053651,0.042566,-0.51302,-0.004847,-0.043431,-0.85754,0.071848,0.03226,-0.86445,0.1055
0.010817,0.85351,-0.054781,0.015027,0.65369,-0.002682,-0.17068,0.54475,0.002147,0.1918,0.54162,0.03175,-0.29754,0.2712,0.11861,0.27309,0.25976,0.11132,-0.46737,0.079618,0.12849,0.41253,0.04763,0.13818,0.0007083,0.29334,0.018419,0,0.22206,0,-0.084251,0.1393,-0.009312,0.078889,0.1417,0.004331,-0.039291,-0.54885,-0.005749,0.046855,-0.56439,0.035581,-0.056444,-0.90366,0.050512,0.0349,-0.93067,0.1452
0.011246,0.85318,-0.050677,0.014803,0.6506,-0.00173,-0.17174,0.54015,0.008547,0.19321,0.53304,0.033346,-0.30869,0.26166,0.12752,0.28122,0.25776,0.11723,-0.50019,0.090048,0.10857,0.46214,0.059848,0.10104,0.0010371,0.29105,0.017629,0,0.21986,0,-0.084461,0.13337,-0.010221,0.078957,0.14061,0.004576,-0.087805,-0.49827,-0.022332,0.034314,-0.56474,0.038852,-0.051392,-0.92984,0.052033,0.015973,-0.97352,0.082357
0.010901,0.81767,-0.043335,0.0081465,0.61712,0.005508,-0.1761,0.49053,0.016653,0.19271,0.48954,0.039286,-0.32327,0.23794,0.12353,0.30983,0.20472,0.11651,-0.52236,0.0726,0.067652,0.50215,0.035422,0.035532,1.13e-05,0.24953,0.018742,0,0.17665,0,-0.08443,0.094997,-0.013584,0.081788,0.090597,0.005931,-0.071038,-0.58732,-0.014605,0.036775,-0.60921,0.036235,-0.064772,-0.95198,0.053306,0.017909,-0.97043,0.091161
0.0031433,0.76575,-0.028277,0.007836,0.56316,0.010891,-0.17849,0.44915,0.020482,0.18337,0.44474,0.039302,-0.33147,0.19761,0.11837,0.30443,0.19249,0.10419,-0.5488,0.035049,0.020711,0.49811,0.02418,0.004561,0.0001956,0.19714,0.020004,0,0.12536,0,-0.083209,0.04923,-0.016826,0.080094,0.039262,0.007485,-0.078576,-0.58025,-0.027432,0.042602,-0.61141,0.026375,-0.10005,-0.98461,0.082539,0.022778,-0.98016,0.12445
0.0038601,0.73156,-0.020874,0.0045249,0.51579,0.024329,-0.17861,0.42012,0.029079,0.18169,0.40276,0.042827,-0.33082,0.15899,0.10611,0.31158,0.13694,0.091054,-0.53316,-0.0084728,-0.016901,0.4828,-0.012856,-0.04317,-0.0001161,0.167,0.023423,0,0.099081,0,-0.082869,0.017913,-0.019479,0.080363,0.015516,0.006236,-0.086,-0.57853,-0.037371,0.067882,-0.56929,-0.006169,-0.099407,-0.98349,0.083956,0.024771,-0.97896,0.12427
0.0019529,0.71252,-0.025912,0.0046992,0.50187,0.018903,-0.18016,0.38429,0.026325,0.18064,0.39128,0.042862,-0.32772,0.13985,0.10789,0.3144,0.12315,0.087951,-0.49843,-0.034155,-0.014618,0.46257,-0.064804,-0.020512,-0.0002293,0.14793,0.02377,0,0.07933,0,-0.082718,5.9044e-05,-0.01909,0.080604,-0.0050436,0.00697,-0.087654,-0.57747,-0.041697,0.067945,-0.57752,-0.00716,-0.097933,-0.97965,0.079332,0.021831,-0.97987,0.12099
0.0011797,0.71239,-0.023982,0.0036768,0.50171,0.020462,-0.18059,0.38556,0.027632,0.17912,0.39194,0.046281,-0.32812,0.13998,0.10826,0.31096,0.12323,0.088011,-0.47154,-0.05246,0.0015,0.43349,-0.071495,-0.041235,-0.0004895,0.14768,0.024922,0,0.079287,0,-0.082595,-4.3051e-05,-0.019125,0.080568,-0.0050048,0.006842,-0.086823,-0.57893,-0.040261,0.062046,-0.58371,-0.003186,-0.094802,-0.98014,0.081968,0.024014,-0.98198,0.12623
