0.0053075,0.65093,-0.026975,0.010487,0.45394,0.014713,-0.16577,0.35432,-0.0023247,0.17979,0.35285,0.028165,-0.32429,0.13897,0.090856,0.32133,0.11412,0.058808,-0.51303,0.088038,-0.072037,0.50156,0.05879,-0.12754,4.4182e-05,0.11333,0.018042,0,0.046131,0,-0.078854,-0.03159,-0.012624,0.07501,-0.033308,0.0030504,-0.080501,-0.5494,-0.079071,0.041654,-0.53844,-0.045345,-0.09608,-0.93319,0.042128,0.0081205,-0.92974,0.075615
0.0054986,0.65126,-0.028475,0.01003,0.45595,0.012912,-0.16583,0.35439,-0.0025973,0.17945,0.35475,0.027719,-0.31507,0.14905,0.073968,0.32164,0.12972,0.049129,-0.4813,0.095663,-0.099894,0.46809,0.066806,-0.13367,8.7424e-05,0.11313,0.018458,0,0.045565,0,-0.079209,-0.032509,-0.01195,0.075248,-0.033551,0.0030674,-0.070809,-0.56044,-0.05775,0.037944,-0.53799,-0.039716,-0.091317,-0.93229,0.045641,0.0083442,-0.92798,0.074784
0.011289,0.73333,-0.045646,0.015117,0.55379,0.0077046,-0.15531,0.44104,-0.010077,0.18056,0.45147,0.0083955,-0.28923,0.22717,0.058947,0.30847,0.23714,0.041005,-0.40876,0.078329,-0.10396,0.38967,0.054746,-0.11319,0.0014741,0.19408,0.018007,0,0.12327,0,-0.076156,0.046881,-0.0097586,0.070841,0.048268,0.0021894,-0.072003,-0.54416,-0.032279,0.029455,-0.57069,0.013266,-0.063157,-0.90603,0.026946,0.0099763,-0.92539,0.067914
0.0079051,0.7659,-0.052779,0.019119,0.58506,-0.0010961,-0.1621,0.49132,-0.021797,0.17802,0.48344,-0.0033268,-0.27917,0.25144,0.054973,0.30291,0.23832,0.032017,-0.38811,0.068701,-0.093697,0.36685,0.037136,-0.099294,0.0022019,0.23173,0.015721,0,0.16198,0,-0.079717,0.087903,-0.0087565,0.072386,0.082144,0.0040384,-0.060095,-0.50424,-0.05938,0.027038,-0.5547,0.0015558,-0.06025,-0.89584,0.026515,0.00632,-0.91982,0.060269
0.0082925,0.79346,-0.057626,0.021761,0.60055,-0.0064487,-0.15582,0.50035,-0.03333,0.17629,0.50106,-0.01078,-0.27822,0.25118,0.054171,0.2815,0.23739,0.031701,-0.37312,0.024265,-0.050115,0.33551,0.012646,-0.056182,0.0023733,0.24304,0.013906,0,0.1721,0,-0.079929,0.099984,-0.0066329,0.072213,0.097823,0.0040149,-0.048723,-0.41978,-0.097775,0.031576,-0.53941,-0.0021405,-0.039966,-0.80717,0.056489,0.0091797,-0.83471,0.088546
0.010026,0.80399,-0.058982,0.023798,0.61514,-0.0085233,-0.14767,0.51914,-0.042522,0.18068,0.51192,-0.013907,-0.26353,0.25596,0.057176,0.26282,0.23278,0.037222,-0.35604,-0.0030942,-0.0018942,0.32783,-0.01637,-0.019041,0.0025416,0.2609,0.012209,0,0.19022,0,-0.080939,0.11752,-0.0080984,0.072529,0.11423,0.0061967,-0.045691,-0.39355,-0.1083,0.02453,-0.52255,-0.0093092,-0.036979,-0.76349,0.060792,0.0032953,-0.81513,0.088172
0.010815,0.81254,-0.059781,0.025484,0.62361,-0.0075466,-0.14658,0.53106,-0.03903,0.18115,0.52554,-0.014708,-0.25181,0.26297,0.059639,0.25338,0.23115,0.040721,-0.33892,0.012661,0.061752,0.3073,-0.0068699,0.027185,0.0031131,0.26994,0.011375,0,0.19944,0,-0.08086,0.1278,-0.0081116,0.071905,0.12365,0.0057916,-0.045859,-0.39391,-0.10561,0.024472,-0.41993,-0.060925,-0.038434,-0.76407,0.059732,0.012278,-0.78146,0.06987
0.015448,0.82087,-0.057269,0.025258,0.62883,-0.0069666,-0.1475,0.53553,-0.031374,0.18207,0.53006,-0.0090968,-0.24626,0.26492,0.067115,0.25035,0.23377,0.043246,-0.32575,0.039242,0.095957,0.3097,0.0055314,0.059532,0.0032359,0.27258,0.010602,0,0.20171,0,-0.080818,0.12987,-0.0070428,0.072072,0.12563,0.0039952,-0.059936,-0.44768,-0.072299,0.037148,-0.47396,-0.031818,-0.04184,-0.81209,0.0040055,0.034813,-0.8158,0.050465
0.01556,0.82046,-0.0546,0.025665,0.62975,-0.0036925,-0.14517,0.53434,-0.029582,0.18223,0.52808,-0.0050931,-0.24474,0.26637,0.073875,0.24882,0.23354,0.054873,-0.33206,0.04691,0.099041,0.3356,0.022708,0.099146,0.0029856,0.27165,0.010925,0,0.20015,0,-0.07997,0.12969,-0.0074329,0.07129,0.12273,0.0027647,-0.063999,-0.50828,-0.045712,0.037565,-0.47323,-0.029814,-0.060078,-0.87769,-0.015918,0.012116,-0.89419,0.03303
0.019477,0.80518,-0.026779,0.025922,0.61599,0.013339,-0.1428,0.51356,-0.015096,0.18398,0.50533,0.013391,-0.24812,0.25449,0.10122,0.26229,0.22475,0.081736,-0.373,0.059582,0.13766,0.38293,0.029639,0.12494,0.0029093,0.24433,0.015873,0,0.16962,0,-0.079928,0.095243,-0.013085,0.071094,0.095873,0.0022063,-0.070086,-0.52738,-0.035565,0.049562,-0.47767,-0.01177,-0.060806,-0.88693,-0.0036558,0.026658,-0.89682,0.059803
0.016467,0.76696,-0.01361,0.018536,0.57041,0.026328,-0.13609,0.4508,-0.019383,0.1805,0.47588,0.019278,-0.27372,0.22842,0.12786,0.28812,0.20652,0.11323,-0.43903,0.065246,0.10929,0.41238,0.011898,0.12501,0.0014062,0.21393,0.018978,0,0.14442,0,-0.076956,0.065054,-0.011761,0.070294,0.081289,0.00022843,-0.076564,-0.55514,-0.037488,0.04524,-0.47706,-0.011609,-0.098917,-0.91922,0.035005,0.019777,-0.8953,0.063213
0.016613,0.71367,0.0020371,0.017125,0.52235,0.039487,-0.14326,0.42057,6.1103e-05,0.18224,0.41147,0.033226,-0.29436,0.20127,0.13992,0.30322,0.17924,0.11896,-0.49805,0.090569,0.11079,0.51368,0.043012,0.070884,0.00064496,0.15862,0.024763,0,0.088867,0,-0.075225,0.023874,-0.0082836,0.069194,0.010903,-0.0095536,-0.083871,-0.56074,-0.037674,0.039526,-0.5433,-0.023807,-0.10156,-0.92858,0.070935,0.018242,-0.92149,0.077075
0.015028,0.69854,0.01325,0.013441,0.50083,0.043536,-0.14816,0.37721,0.014032,0.1852,0.38207,0.058252,-0.33746,0.1725,0.13207,0.33415,0.1526,0.10151,-0.56049,0.12552,0.07313,0.55427,0.08526,0.021587,-0.0006867,0.14689,0.028088,0,0.079381,0,-0.075495,0.007074,-0.0085844,0.07043,0.0022363,-0.010656,-0.090193,-0.55807,-0.039111,0.039569,-0.54348,-0.023837,-0.10249,-0.92877,0.072492,0.019816,-0.92109,0.079356
0.01239,0.68807,0.014859,0.014279,0.49236,0.044765,-0.15652,0.3809,0.026535,0.1856,0.38155,0.05204,-0.34792,0.17188,0.11778,0.34396,0.15717,0.093624,-0.5686,0.17676,0.031409,0.56582,0.12898,-0.031798,0.00049211,0.13763,0.031297,0,0.070989,0,-0.077146,-0.0023059,-0.011641,0.07214,-0.0096334,-0.0071142,-0.091194,-0.55816,-0.037712,0.037989,-0.54631,-0.026121,-0.098934,-0.92938,0.067501,0.016193,-0.92362,0.075946
0.01177,0.69629,0.013696,0.016321,0.50268,0.047543,-0.15534,0.39177,0.02284,0.18607,0.39196,0.048652,-0.35422,0.2098,0.086005,0.35313,0.20052,0.075151,-0.56119,0.19747,-0.032685,0.55625,0.14819,-0.070934,0.00050217,0.14275,0.034052,0,0.075844,0,-0.077518,0.0027173,-0.010708,0.071952,-0.003937,-0.0088176,-0.091072,-0.55993,-0.020621,0.032343,-0.56802,0.013272,-0.089919,-0.92807,0.065781,0.015487,-0.92712,0.07747
0.010979,0.74006,-0.013051,0.013967,0.55373,0.027695,-0.1597,0.44458,0.0080655,0.18683,0.44152,0.025332,-0.33762,0.25551,0.064386,0.35442,0.22809,0.045208,-0.52549,0.20752,-0.092447,0.523,0.14832,-0.12703,0.0007871,0.18975,0.032212,0,0.12039,0,-0.076463,0.048435,-0.012119,0.071458,0.036582,-0.0029292,-0.091972,-0.55273,-0.026611,0.035327,-0.56365,0.00093628,-0.081609,-0.90332,0.024544,0.015838,-0.92724,0.061148
0.011377,0.76998,-0.03152,0.017127,0.57356,0.015978,-0.15,0.4725,-0.016125,0.18531,0.47721,0.01139,-0.31681,0.28537,0.056717,0.33883,0.27459,0.024913,-0.48163,0.18782,-0.11274,0.5033,0.13148,-0.15178,0.00044154,0.21404,0.029877,0,0.14506,0,-0.075671,0.067818,-0.013202,0.068774,0.078208,0.0061657,-0.089745,-0.551,-0.033188,0.044907,-0.55438,-0.0017071,-0.077737,-0.89732,0.013126,0.016376,-0.92548,0.050608
0.0062661,0.78887,-0.044503,0.014233,0.59744,0.00010058,-0.15844,0.50055,-0.032621,0.17986,0.4968,-0.0095611,-0.31544,0.29187,0.044901,0.32957,0.27832,0.01182,-0.42933,0.15563,-0.11976,0.43278,0.11177,-0.12688,0.00033644,0.24861,0.025451,0,0.18024,0,-0.079639,0.09653,-0.0099654,0.07336,0.10774,0.0037846,-0.077332,-0.50422,-0.057223,0.040696,-0.53009,-0.017708,-0.049831,-0.86047,0.014275,0.019147,-0.9233,0.047444
0.0089575,0.80349,-0.051983,0.018028,0.61052,-0.0043467,-0.15688,0.50402,-0.038347,0.18101,0.50218,-0.014781,-0.30623,0.28642,0.036505,0.32019,0.26484,0.0094794,-0.41285,0.095098,-0.099877,0.39942,0.054854,-0.10029,0.00075156,0.25169,0.023407,0,0.18187,0,-0.08039,0.10186,-0.0084857,0.073715,0.10888,0.0048854,-0.045496,-0.41861,-0.094724,0.044122,-0.44139,-0.05591,-0.067706,-0.78845,0.024761,0.026951,-0.802,0.070946
0.0082518,0.8055,-0.057843,0.0178,0.61247,-0.01034,-0.15743,0.508,-0.044769,0.18005,0.50756,-0.022312,-0.28351,0.2647,0.032196,0.28692,0.24841,0.011392,-0.39429,0.028035,-0.058818,0.37011,0.022101,-0.045686,0.001108,0.25784,0.019583,0,0.18812,0,-0.080952,0.11249,-0.0043834,0.074276,0.11367,0.0052981,-0.044204,-0.40923,-0.10438,0.042904,-0.42851,-0.071065,-0.064507,-0.74318,0.0074207,0.014609,-0.75849,0.080054
0.0079466,0.80588,-0.059333,0.017818,0.61299,-0.011282,-0.15515,0.51205,-0.04574,0.17994,0.50779,-0.02326,-0.25543,0.23672,0.040961,0.26275,0.21451,0.026705,-0.36399,-0.0052643,0.011799,0.33925,-0.019252,-7.3323e-05,0.0012623,0.25813,0.017224,0,0.18817,0,-0.080969,0.11269,-0.0045244,0.074377,0.11371,0.0056769,-0.043582,-0.41129,-0.10298,0.043756,-0.43036,-0.068734,-0.058766,-0.75947,0.021688,0.016698,-0.77622,0.069221
0.0084492,0.80487,-0.060163,0.017715,0.6125,-0.011926,-0.15435,0.51187,-0.04455,0.17953,0.50368,-0.022145,-0.24568,0.23583,0.047816,0.24288,0.21212,0.04972,-0.34179,-0.0072169,0.080578,0.32636,-0.016722,0.084845,0.0014077,0.25647,0.015063,0,0.18575,0,-0.080597,0.11068,-0.0050884,0.074129,0.11117,0.0060896,-0.03894,-0.45472,-0.079732,0.056383,-0.45138,-0.034281,-0.059873,-0.81264,0.020865,0.022135,-0.85011,0.048411
0.0072224,0.78855,-0.056501,0.012028,0.59501,-0.012426,-0.15574,0.48175,-0.038257,0.17444,0.48233,-0.019336,-0.25535,0.21179,0.061231,0.24581,0.19568,0.061073,-0.35041,-0.00023208,0.13383,0.32425,-0.016037,0.10218,0.00080157,0.24057,0.013323,0,0.16955,0,-0.075936,0.085162,-0.0059138,0.072445,0.10245,0.0058311,-0.046893,-0.52382,-0.063105,0.058505,-0.47808,-0.031622,-0.037939,-0.8806,0.015978,0.022079,-0.89315,0.052552
0.010369,0.73826,-0.030316,0.012885,0.54701,0.00068341,-0.15443,0.44827,-0.021905,0.17878,0.44844,0.0011845,-0.25671,0.1985,0.083025,0.26478,0.1733,0.089779,-0.35807,-0.0005623,0.14281,0.35988,-0.031966,0.12903,0.00086559,0.20434,0.01496,0,0.13626,0,-0.076594,0.05479,-0.0083147,0.072123,0.066606,0.0033926,-0.048705,-0.53129,-0.060911,0.05827,-0.47897,-0.025538,-0.038611,-0.89366,0.02226,0.015332,-0.89229,0.062787
0.0062135,0.69733,-0.02133,0.011349,0.49622,0.011416,-0.16015,0.38875,-0.013334,0.17847,0.38885,0.016988,-0.28841,0.14396,0.10948,0.29264,0.12503,0.11721,-0.43549,-0.026936,0.1519,0.4294,-0.05587,0.15416,0.00022204,0.14565,0.017735,0,0.076823,0,-0.077934,-0.010538,-0.011533,0.073796,0.011265,0.0023313,-0.057274,-0.55901,-0.067466,0.054839,-0.47817,-0.025507,-0.067309,-0.9399,0.079114,0.017961,-0.88553,0.084185
0.0074468,0.64311,-0.016481,0.012894,0.44224,0.018459,-0.15718,0.34288,-0.0045094,0.18444,0.33007,0.019698,-0.30868,0.10797,0.098292,0.31326,0.10154,0.11034,-0.4949,-0.029282,0.10659,0.49332,-0.045386,0.096692,0.00050593,0.10764,0.020483,0,0.043819,0,-0.077395,-0.039122,-0.011926,0.072213,-0.028054,0.00048412,-0.055054,-0.5591,-0.076691,0.055513,-0.54016,-0.050804,-0.064016,-0.93864,0.071353,0.019899,-0.93425,0.093735
0.0033028,0.6185,-0.025063,0.012469,0.42409,0.014445,-0.16178,0.31553,-0.0089924,0.18357,0.30957,0.032298,-0.32951,0.1023,0.08294,0.31792,0.095327,0.094296,-0.54006,0.0096683,0.036026,0.52924,-0.0036536,0.017858,-0.00055209,0.081501,0.020036,0,0.013729,0,-0.080199,-0.064037,-0.014338,0.075723,-0.066131,0.0036549,-0.059193,-0.55956,-0.087437,0.052392,-0.54095,-0.061566,-0.068115,-0.93795,0.060265,0.012529,-0.93604,0.079731
0.0035522,0.61657,-0.025453,0.012617,0.42339,0.013365,-0.16218,0.31447,-0.009752,0.18353,0.30977,0.031269,-0.35685,0.10904,0.053113,0.34566,0.096514,0.081802,-0.57444,0.076513,-0.035597,0.56016,0.048135,-0.044054,-0.00053216,0.079127,0.020569,0,0.011296,0,-0.08089,-0.066125,-0.014463,0.076366,-0.068974,0.0042565,-0.060068,-0.55981,-0.08675,0.051891,-0.54056,-0.062423,-0.068088,-0.93704,0.05797,0.010947,-0.93641,0.076855
0.0077401,0.63746,-0.033264,0.011154,0.44621,0.017127,-0.16322,0.35328,-0.003292,0.19129,0.34637,0.027228,-0.35115,0.15815,0.034929,0.35028,0.14736,0.058605,-0.54007,0.11949,-0.10861,0.54814,0.090825,-0.11167,-6.1009e-05,0.099893,0.022197,0,0.032739,0,-0.081832,-0.042916,-0.015933,0.077711,-0.053293,0.0034152,-0.060529,-0.56429,-0.071243,0.037918,-0.56489,-0.039545,-0.058824,-0.93608,0.055573,0.014235,-0.94223,0.073837
0.0060792,0.70311,-0.031757,0.0096082,0.51073,0.017988,-0.15558,0.39654,-0.016777,0.18489,0.40056,0.015547,-0.32587,0.21576,0.047123,0.32798,0.20416,0.048638,-0.48738,0.14391,-0.13318,0.48733,0.10233,-0.12365,-0.00058706,0.15022,0.02344,0,0.080125,0,-0.07795,0.0095738,-0.017077,0.074503,-0.0038398,0.0056637,-0.074422,-0.54568,-0.045829,0.040574,-0.57421,0.0059213,-0.057946,-0.9229,0.045678,0.014337,-0.93783,0.0719
0.010965,0.74369,-0.039367,0.022668,0.56968,0.0094333,-0.1545,0.45784,-0.025079,0.18276,0.45614,0.0050358,-0.31065,0.26331,0.029942,0.31645,0.25479,0.042863,-0.43303,0.13901,-0.13743,0.44485,0.10468,-0.11994,0.0016933,0.20904,0.022038,0,0.13829,0,-0.07777,0.068278,-0.011296,0.069777,0.05619,0.0030984,-0.070172,-0.53928,-0.045458,0.043682,-0.56499,0.0052529,-0.049252,-0.91504,0.027897,0.018676,-0.91989,0.049526
0.012709,0.8263,-0.053835,0.018469,0.6364,-0.0066254,-0.14875,0.52743,-0.063285,0.18031,0.52835,-0.030248,-0.2912,0.27117,0.0097031,0.30589,0.25701,0.020169,-0.39027,0.058427,-0.11533,0.37853,0.040397,-0.080059,0.0009031,0.27279,0.017752,0,0.20039,0,-0.081268,0.12532,-0.01254,0.074943,0.12612,0.010076,-0.035524,-0.40507,-0.096264,0.030743,-0.41718,-0.054739,-0.047276,-0.75633,0.048415,0.022717,-0.74932,0.088693
0.01242,0.83118,-0.051621,0.019682,0.64496,-0.0067034,-0.14765,0.54548,-0.058408,0.18001,0.53276,-0.030025,-0.26856,0.27422,0.017773,0.27439,0.25729,0.021706,-0.36315,0.041061,-0.055572,0.35278,0.022959,-0.033372,0.0015546,0.28555,0.016288,0,0.2141,0,-0.080766,0.14491,-0.0068144,0.073868,0.13944,0.0046739,-0.045251,-0.374,-0.093322,0.031705,-0.41567,-0.052312,-0.048855,-0.73719,0.047121,0.019901,-0.74053,0.087767
0.012723,0.86123,-0.047295,0.01901,0.66788,-0.0040582,-0.14884,0.56336,-0.050578,0.17404,0.55445,-0.025707,-0.25564,0.28454,0.020897,0.25897,0.26448,0.034217,-0.34778,0.036007,-0.00012879,0.32649,0.022709,0.03071,0.0017242,0.29872,0.015558,0,0.22571,0,-0.079517,0.15438,-0.007651,0.072828,0.15276,0.0046551,-0.044716,-0.38968,-0.078709,0.036876,-0.4134,-0.046118,-0.049051,-0.73632,0.04197,0.01331,-0.74099,0.074974
0.011742,0.86493,-0.045418,0.016044,0.67228,0.00059787,-0.14939,0.56421,-0.047522,0.1717,0.56695,-0.014847,-0.24926,0.2858,0.032043,0.24724,0.27368,0.04263,-0.33725,0.046514,0.047393,0.31254,0.029613,0.074007,0.00092199,0.30022,0.015887,0,0.22727,0,-0.077326,0.15604,-0.010537,0.072369,0.15482,0.0044417,-0.050128,-0.44932,-0.040504,0.038262,-0.46737,-0.0066414,-0.059379,-0.80225,-0.0012315,0.015726,-0.80287,0.033547
0.01035,0.8646,-0.037462,0.015505,0.67228,0.0065098,-0.15087,0.56515,-0.036691,0.1733,0.56571,-0.0064355,-0.24918,0.29046,0.053427,0.24358,0.27404,0.060508,-0.35923,0.06267,0.07385,0.31939,0.043487,0.093843,0.00087151,0.30052,0.018106,0,0.22789,0,-0.076782,0.15366,-0.012219,0.072108,0.15685,0.0012766,-0.056434,-0.48449,-0.011146,0.034177,-0.48,0.016771,-0.05014,-0.86141,0.0033597,0.0088309,-0.86525,0.034987
0.0060332,0.85361,-0.020467,0.013068,0.66419,0.017347,-0.15372,0.55659,-0.020142,0.17,0.55426,0.015288,-0.25937,0.29038,0.082533,0.2454,0.26175,0.075503,-0.38983,0.08396,0.11582,0.3521,0.062837,0.11707,-0.00012174,0.2917,0.021166,0,0.21837,0,-0.075013,0.13934,-0.014473,0.071458,0.15019,0.0011186,-0.079704,-0.46244,-0.035022,0.035518,-0.48624,0.026906,-0.063666,-0.88389,0.028349,-0.0045379,-0.92036,0.065835
0.0044664,0.81389,0.012851,0.007584,0.61608,0.033315,-0.16396,0.51031,0.00052548,0.17142,0.50538,0.036936,-0.28722,0.25975,0.11416,0.26175,0.25376,0.097414,-0.44504,0.090014,0.1178,0.39629,0.069972,0.13502,-0.0010838,0.25879,0.02495,0,0.19008,0,-0.077552,0.10218,-0.019706,0.074306,0.12291,0.0020192,-0.065626,-0.53592,-0.0094173,0.034462,-0.51293,0.033098,-0.095026,-0.8971,0.030288,0.0012244,-0.92649,0.11283
0.0070935,0.75797,0.016611,0.0076183,0.56799,0.043346,-0.16113,0.45367,0.0049286,0.1711,0.47155,0.035141,-0.31183,0.22508,0.12625,0.28772,0.20215,0.11934,-0.49644,0.085406,0.091582,0.46001,0.046681,0.092562,-0.00085788,0.20729,0.029785,0,0.13917,0,-0.078363,0.055155,-0.019157,0.075715,0.0741,-0.00071631,-0.065897,-0.5544,-0.015425,0.032618,-0.56191,0.025022,-0.074195,-0.916,0.084513,-0.00041014,-0.9226,0.11523
0.0012532,0.71883,0.0098347,0.0061436,0.52727,0.058251,-0.15635,0.40864,0.0013574,0.1698,0.4131,0.051568,-0.34222,0.19665,0.11357,0.31,0.15933,0.11967,-0.54875,0.10431,0.046365,0.51131,0.060713,0.044382,-0.0031552,0.15898,0.034553,0,0.091037,0,-0.074624,0.0069783,-0.022775,0.072597,0.030161,-0.0016874,-0.091642,-0.55062,-0.03006,0.032091,-0.5557,0.0010886,-0.089517,-0.9197,0.092088,-0.003091,-0.92324,0.1245
0.0088328,0.682,0.019192,0.0044008,0.49344,0.055146,-0.16937,0.38133,0.02406,0.17512,0.37438,0.07478,-0.35975,0.17421,0.09474,0.32187,0.14931,0.10698,-0.57074,0.12555,-0.006992,0.54659,0.083947,-0.0028286,-0.0037026,0.14661,0.036508,0,0.081711,0,-0.076882,-0.0058451,-0.024637,0.073592,0.011875,0.0025898,-0.09123,-0.55204,-0.033684,0.03472,-0.55434,-0.0035205,-0.097096,-0.92666,0.10246,-0.0012405,-0.92291,0.12432
0.010169,0.68129,0.015664,0.0055089,0.49148,0.050099,-0.1699,0.38075,0.023417,0.17739,0.37444,0.071305,-0.35975,0.17311,0.079142,0.33423,0.15286,0.093651,-0.55613,0.13264,-0.056065,0.55215,0.10431,-0.058643,-0.0033722,0.14417,0.037371,0,0.079339,0,-0.07823,-0.0096891,-0.021945,0.07448,0.0096023,0.0016159,-0.089943,-0.55681,-0.025207,0.036151,-0.55163,-0.001772,-0.094596,-0.92648,0.099829,0.00035223,-0.92183,0.12169
0.011095,0.69427,-0.002211,0.0075905,0.50367,0.044124,-0.1633,0.39221,0.014972,0.18297,0.39465,0.057099,-0.34779,0.1966,0.05861,0.33704,0.19374,0.075727,-0.52703,0.13209,-0.10091,0.52356,0.10331,-0.09901,-0.002559,0.15512,0.038099,0,0.091109,0,-0.078208,0.0070087,-0.013351,0.073822,0.022945,-0.0033635,-0.083015,-0.56625,-0.0061873,0.034685,-0.54254,0.0090065,-0.090638,-0.92632,0.093735,0.0026452,-0.92051,0.11557
0.019424,0.73301,-0.030745,0.022086,0.5512,0.017115,-0.15351,0.44123,-0.0097821,0.19159,0.44135,0.015968,-0.31248,0.23962,0.036035,0.33439,0.242,0.051666,-0.46221,0.11996,-0.10929,0.47698,0.096465,-0.096558,0.0011507,0.20499,0.033958,0,0.13864,0,-0.081871,0.056848,-0.012534,0.073564,0.065263,0.00089962,-0.078696,-0.54765,-0.024439,0.047082,-0.54309,0.004845,-0.068094,-0.9033,0.050884,0.01444,-0.91941,0.098449
0.012873,0.77515,-0.046517,0.021958,0.57535,0.0088702,-0.1555,0.45844,-0.0247,0.18672,0.48183,0.0018566,-0.30342,0.26178,0.031595,0.32662,0.25462,0.046894,-0.43388,0.10935,-0.099597,0.45922,0.081002,-0.11223,0.0012065,0.21943,0.031775,0,0.1509,0,-0.079607,0.076313,-0.01293,0.07248,0.073275,0.0042603,-0.079618,-0.53413,-0.036926,0.045212,-0.54256,0.0010416,-0.065331,-0.89891,0.04566,0.012376,-0.91685,0.086943
0.012762,0.78694,-0.058633,0.014003,0.59938,-0.014304,-0.15282,0.48398,-0.045107,0.18763,0.49331,-0.0035881,-0.29984,0.26026,0.02551,0.3245,0.2551,0.038608,-0.41491,0.039531,-0.10328,0.41379,0.046003,-0.063349,-0.0010695,0.24672,0.024704,0,0.17712,0,-0.07886,0.092723,-0.013578,0.073674,0.10822,0.014379,-0.054635,-0.47991,-0.062911,0.026244,-0.52876,0.0022373,-0.047772,-0.83128,0.067323,0.02436,-0.9127,0.093692
0.011936,0.79624,-0.065242,0.016454,0.60482,-0.017784,-0.15139,0.48708,-0.049977,0.18739,0.49908,-0.0092782,-0.29134,0.24547,0.020428,0.29926,0.24384,0.026847,-0.39573,0.0075501,-0.026488,0.3949,-0.00023655,-0.036886,-0.00041296,0.2506,0.021206,0,0.18017,0,-0.079985,0.10023,-0.012692,0.073763,0.10909,0.014534,-0.049702,-0.40403,-0.10277,0.051504,-0.44457,-0.041132,-0.062397,-0.75864,0.061785,0.025665,-0.77278,0.13216
0.012297,0.80523,-0.070443,0.018207,0.6103,-0.022904,-0.15347,0.51803,-0.049213,0.18221,0.51137,-0.020046,-0.26243,0.24736,0.041087,0.27822,0.23083,0.035845,-0.37055,-0.00030246,0.019165,0.35223,0.0097097,0.029545,0.00098563,0.25809,0.017599,0,0.18747,0,-0.080593,0.11141,-0.011058,0.073672,0.11323,0.014746,-0.050779,-0.40266,-0.10453,0.035191,-0.42474,-0.063287,-0.022942,-0.75157,0.082289,0.026145,-0.76766,0.13408
0.011047,0.80575,-0.072987,0.018541,0.60952,-0.023715,-0.15337,0.51822,-0.047901,0.1826,0.5119,-0.020975,-0.25555,0.24902,0.051572,0.26354,0.2233,0.047268,-0.34949,0.019761,0.09568,0.33801,0.010034,0.092165,0.0014042,0.25859,0.015089,0,0.18814,0,-0.080717,0.1123,-0.011059,0.073751,0.11315,0.014965,-0.049404,-0.41511,-0.10225,0.035372,-0.44289,-0.060078,-0.020123,-0.78837,0.047222,0.02166,-0.76593,0.10553
0.010461,0.79789,-0.075558,0.016846,0.59988,-0.025345,-0.15381,0.50007,-0.048555,0.18232,0.50873,-0.017651,-0.25695,0.23914,0.066534,0.26136,0.22208,0.051275,-0.35233,0.027494,0.10717,0.35209,0.0079137,0.12817,0.0011557,0.25584,0.012611,0,0.18606,0,-0.079669,0.10716,-0.012072,0.073523,0.11214,0.015291,-0.052925,-0.47572,-0.081949,0.036575,-0.44888,-0.057372,-0.014668,-0.86404,0.024051,0.01157,-0.82764,0.084676
0.012492,0.77316,-0.068138,0.016894,0.58456,-0.014152,-0.15004,0.4791,-0.041127,0.18318,0.47261,-0.014409,-0.25999,0.22849,0.086875,0.27447,0.20625,0.082699,-0.36261,0.028161,0.13135,0.38967,0.021521,0.15051,0.0013635,0.22562,0.0128,0,0.15326,0,-0.077188,0.071091,-0.011959,0.071869,0.083636,0.012242,-0.053435,-0.53264,-0.055923,0.04202,-0.47719,-0.032952,-0.030754,-0.90831,0.014191,0.033796,-0.8824,0.087804
0.01264,0.71951,-0.063781,0.018642,0.53079,-0.014505,-0.14407,0.43163,-0.046237,0.18083,0.43227,-0.0097435,-0.27552,0.20095,0.095354,0.29094,0.17828,0.097987,-0.42723,0.029277,0.13324,0.42415,0.001802,0.15609,0.0013457,0.19058,0.010305,0,0.12346,0,-0.077095,0.047941,-0.0095217,0.070663,0.053868,0.0096693,-0.066286,-0.53064,-0.066475,0.034018,-0.56632,-0.029082,-0.037764,-0.90933,0.021948,0.02465,-0.9204,0.070572
0.0077483,0.67162,-0.055741,0.0099834,0.48678,-0.0034274,-0.15963,0.37679,-0.027369,0.17681,0.36952,-0.01004,-0.29886,0.1592,0.12173,0.31068,0.12614,0.097163,-0.47908,0.012298,0.11065,0.49838,-0.0088167,0.058478,0.0008544,0.12422,0.011845,0,0.052315,0,-0.078276,-0.020507,-0.0092406,0.074814,-0.026922,0.005535,-0.072935,-0.53263,-0.067393,0.032883,-0.56237,-0.036915,-0.057078,-0.92936,0.055257,0.021809,-0.9235,0.072157
0.0028178,0.64813,-0.047127,0.012531,0.43906,-0.0040309,-0.16471,0.34598,-0.01883,0.18274,0.3225,0.0084651,-0.32336,0.11841,0.10241,0.32106,0.11017,0.087481,-0.52842,0.018122,0.032582,0.5477,0.0015175,0.00062701,0.00079593,0.10959,0.011364,0,0.041856,0,-0.079081,-0.038216,-0.0094455,0.075167,-0.036708,0.0065182,-0.076075,-0.54051,-0.075948,0.032124,-0.54651,-0.060663,-0.06045,-0.93242,0.061904,0.019822,-0.92485,0.068715
0.0067823,0.61949,-0.049155,0.012258,0.42809,-0.0042875,-0.16175,0.31602,-0.025153,0.18541,0.31697,0.0050226,-0.32479,0.10826,0.08268,0.33964,0.094732,0.060471,-0.53193,0.043067,-0.026657,0.54681,0.021251,-0.078544,0.00044934,0.080632,0.011031,0,0.011525,0,-0.078444,-0.061752,-0.014151,0.075287,-0.070917,0.00983,-0.072993,-0.54588,-0.084382,0.035356,-0.55718,-0.072319,-0.066905,-0.9318,0.05892,0.024371,-0.9255,0.061573
0.0067962,0.62166,-0.050486,0.012803,0.42907,-0.0048346,-0.16336,0.32272,-0.020999,0.18514,0.31749,0.0046476,-0.32807,0.11431,0.064906,0.34209,0.10093,0.053299,-0.51672,0.073037,-0.078448,0.51643,0.03112,-0.12011,0.00086521,0.082441,0.010316,0,0.013543,0,-0.078852,-0.061302,-0.014111,0.075339,-0.06672,0.01012,-0.070142,-0.55699,-0.080823,0.03528,-0.55315,-0.069178,-0.066149,-0.93133,0.058329,0.023465,-0.92532,0.060324
0.011368,0.64563,-0.052656,0.015314,0.46712,0.0011685,-0.1646,0.37636,-0.010236,0.1845,0.37069,0.0039482,-0.30641,0.16218,0.05012,0.34737,0.11255,0.043385,-0.4726,0.082491,-0.11717,0.48781,0.027311,-0.135,0.0019478,0.1186,0.011153,0,0.04952,0,-0.08057,-0.025279,-0.012892,0.075217,-0.035439,0.0073624,-0.0734,-0.55199,-0.062276,0.036281,-0.55021,-0.036721,-0.057469,-0.92501,0.062421,0.028515,-0.92361,0.059991
0.0035064,0.70718,-0.065125,0.017481,0.53034,0.0042969,-0.1603,0.42346,-0.022699,0.17756,0.41934,-0.0060134,-0.30156,0.20209,0.043751,0.3279,0.16476,0.020308,-0.43502,0.080359,-0.11651,0.44184,0.0090448,-0.12329,0.0025469,0.1638,0.012209,0,0.088119,0,-0.077375,0.016081,-0.013416,0.071992,0.012168,0.0074489,-0.078222,-0.57299,-0.022875,0.022234,-0.56413,-0.013679,-0.064202,-0.9056,0.053619,0.02415,-0.92306,0.060523
0.017053,0.75157,-0.064,0.02136,0.56531,-0.00083946,-0.1535,0.46081,-0.030022,0.18575,0.46178,-0.015708,-0.29085,0.23092,0.04162,0.30836,0.22528,0.022755,-0.40826,0.078204,-0.10548,0.40644,0.027634,-0.093022,0.0028257,0.21566,0.011029,0,0.14517,0,-0.076857,0.075885,-0.012548,0.069423,0.060302,0.0080392,-0.065813,-0.55291,-0.032069,0.030587,-0.56296,-0.01367,-0.049646,-0.90981,0.042463,0.031594,-0.92079,0.06479
0.010514,0.782,-0.066576,0.021238,0.58833,-0.011665,-0.15231,0.47875,-0.046373,0.18302,0.4909,-0.022103,-0.28998,0.23685,0.036583,0.29931,0.22731,0.020711,-0.39827,0.024594,-0.097216,0.36022,0.010169,-0.063473,0.0025285,0.23538,0.0081407,0,0.16553,0,-0.078218,0.091221,-0.012476,0.071233,0.090418,0.012464,-0.067168,-0.4954,-0.049228,0.00069619,-0.45601,-0.059395,-0.030223,-0.81107,0.027724,0.022955,-0.81376,0.080467
0.013408,0.79088,-0.073797,0.020514,0.60489,-0.018451,-0.14977,0.51206,-0.05206,0.18302,0.50584,-0.032311,-0.28077,0.24725,0.029049,0.26563,0.23303,0.029359,-0.38166,0.013671,-0.030445,0.34696,0.00065278,-0.017275,0.0026646,0.25653,0.0056233,0,0.1867,0,-0.080144,0.11618,-0.010901,0.072847,0.107,0.012896,-0.057629,-0.3707,-0.1115,0.0035102,-0.40451,-0.082602,-0.027956,-0.76298,0.030868,0.013475,-0.75062,0.092444
0.0096078,0.80593,-0.081395,0.019365,0.61774,-0.019849,-0.15157,0.53116,-0.04707,0.18146,0.52186,-0.034811,-0.26748,0.25932,0.033903,0.2605,0.23552,0.033269,-0.36662,0.020534,0.0061497,0.31478,0.0088407,0.021322,0.0028291,0.26637,0.0043054,0,0.19597,0,-0.080842,0.12505,-0.0096514,0.073807,0.11639,0.011853,-0.05731,-0.37072,-0.11076,0.0050708,-0.40446,-0.081516,-0.027637,-0.76299,0.031607,0.016208,-0.74798,0.092344
0.0069483,0.81807,-0.075501,0.020671,0.63294,-0.020802,-0.15274,0.53662,-0.040082,0.17854,0.5254,-0.02923,-0.2537,0.26763,0.061164,0.25699,0.23675,0.04138,-0.36504,0.022239,0.069454,0.3338,0.019644,0.073628,0.0030627,0.27281,0.0030815,0,0.20113,0,-0.079949,0.13008,-0.0081558,0.072401,0.12394,0.0086709,-0.1064,-0.33584,-0.093229,0.030958,-0.44809,-0.039276,-0.051868,-0.73993,0.020806,0.017001,-0.77126,0.066648
0.005418,0.82071,-0.072078,0.017477,0.6328,-0.017927,-0.15449,0.53568,-0.037048,0.17572,0.53237,-0.020395,-0.25669,0.26903,0.068088,0.25474,0.24292,0.047422,-0.36831,0.04114,0.093566,0.34622,0.042176,0.10735,0.0023284,0.27296,0.0030871,0,0.20136,0,-0.078048,0.12609,-0.012297,0.073031,0.12609,0.0092453,-0.065563,-0.48497,-0.041146,0.040116,-0.50047,-0.0052811,-0.070328,-0.80228,0.015742,-0.00054344,-0.86267,0.017516
0.0029832,0.81976,-0.059709,0.013019,0.62913,-0.0080778,-0.16061,0.52276,-0.033926,0.17327,0.53045,-0.013721,-0.26914,0.26619,0.085402,0.26163,0.25042,0.06605,-0.39587,0.064661,0.12606,0.37735,0.062559,0.1259,0.0013598,0.26923,0.005127,0,0.19674,0,-0.076581,0.11439,-0.018114,0.073453,0.12411,0.010241,-0.082197,-0.5243,-0.02782,0.068234,-0.4225,0.0093901,-0.0662,-0.89751,0.0047848,0.0081662,-0.84766,0.024951
0.00019064,0.79965,-0.043008,0.012953,0.61246,0.0042274,-0.16548,0.50617,-0.017991,0.17116,0.50533,-0.0039218,-0.27859,0.25304,0.10386,0.28078,0.24753,0.087071,-0.43364,0.082937,0.12387,0.41822,0.070836,0.13657,0.0016561,0.25471,0.0074752,0,0.18312,0,-0.0777,0.09874,-0.01678,0.073608,0.11301,0.007964,-0.079469,-0.5352,-0.02412,0.047969,-0.48488,0.0016535,-0.091907,-0.89937,0.011518,-0.0016219,-0.90482,0.05042
-0.0015306,0.74435,-0.01671,-0.00055491,0.55805,0.020464,-0.16714,0.43849,-0.0081163,0.16922,0.45166,0.020377,-0.30831,0.22075,0.13465,0.29533,0.22964,0.10373,-0.49949,0.088496,0.11186,0.46421,0.07398,0.1269,-0.0010395,0.20097,0.012206,0,0.13067,0,-0.077315,0.043918,-0.020426,0.077514,0.063869,0.0081107,-0.08032,-0.53951,-0.024248,0.042847,-0.47812,-0.0042772,-0.096068,-0.90925,0.036244,-0.00053554,-0.89384,0.075829
-0.0096212,0.70392,-0.017557,0.00039134,0.51492,0.031145,-0.16888,0.38413,-0.0032525,0.17329,0.39945,0.034113,-0.33216,0.20154,0.12462,0.32915,0.18106,0.1046,-0.54415,0.12127,0.058456,0.54311,0.091424,0.073246,-0.0014984,0.1584,0.017175,0,0.088759,0,-0.077057,-0.0041031,-0.018616,0.077003,0.025749,0.0027731,-0.086984,-0.54406,-0.033097,0.034581,-0.54334,-0.0098638,-0.103,-0.9202,0.05684,-0.0090183,-0.91645,0.096223
-0.011339,0.68333,-0.0084246,-7.5297e-05,0.49619,0.035294,-0.17448,0.37737,0.0090827,0.16933,0.38672,0.04324,-0.36962,0.17571,0.10559,0.34841,0.17024,0.099596,-0.59117,0.16329,0.021853,0.56777,0.12998,0.012582,-0.0018222,0.15131,0.020998,0,0.084071,0,-0.076667,-0.0071725,-0.020161,0.07612,0.017627,0.0037761,-0.0877,-0.54617,-0.034577,0.034981,-0.54163,-0.011204,-0.10415,-0.92015,0.058395,-0.0075105,-0.91632,0.097531
-0.010781,0.68295,-0.0072167,0.00095818,0.49575,0.03492,-0.17801,0.37837,0.015491,0.16964,0.38417,0.043146,-0.3716,0.18903,0.087778,0.36417,0.17738,0.089812,-0.57323,0.20038,-0.041552,0.57094,0.16093,-0.048974,-0.0015046,0.15019,0.023993,0,0.083313,0,-0.077697,-0.0084569,-0.019531,0.07623,0.01669,0.0032055,-0.084327,-0.56856,-0.018493,0.032222,-0.54313,-0.0023501,-0.10219,-0.92167,0.060837,-0.0076421,-0.9174,0.09784
-0.0084715,0.70316,-0.013301,0.001999,0.53134,0.031623,-0.17838,0.40559,0.016591,0.17441,0.41136,0.034994,-0.34579,0.22973,0.049915,0.35912,0.22844,0.056658,-0.5498,0.20635,-0.10799,0.55472,0.16676,-0.10332,-0.00085421,0.16916,0.02613,0,0.10057,0,-0.078341,0.010621,-0.016281,0.07682,0.031268,0.00055838,-0.079554,-0.56053,-0.010455,0.029932,-0.54751,0.014323,-0.096175,-0.92039,0.053978,-0.0021966,-0.91716,0.092431
-0.00093421,0.75581,-0.033179,0.0062281,0.57045,0.0098159,-0.16643,0.45493,-0.0065775,0.18262,0.45844,0.0040112,-0.32293,0.27446,0.033877,0.34497,0.27245,0.036707,-0.49224,0.19208,-0.13911,0.4991,0.16095,-0.11386,0.00031078,0.21952,0.022536,0,0.1502,0,-0.078601,0.063822,-0.015904,0.076315,0.078076,0.0072195,-0.077875,-0.55554,-0.024648,0.040188,-0.55563,0.012776,-0.090775,-0.89929,0.012669,0.0029012,-0.91669,0.075042
-0.0010987,0.78192,-0.047966,0.0060275,0.59195,0.0012286,-0.16441,0.49417,-0.024318,0.1826,0.49361,-0.0055246,-0.31506,0.28872,0.022098,0.33043,0.29169,0.025661,-0.43235,0.15247,-0.13938,0.45575,0.14081,-0.11325,-0.00029423,0.232,0.02042,0,0.16162,0,-0.07727,0.084678,-0.01186,0.075683,0.084308,0.0070982,-0.076328,-0.5133,-0.050728,0.038896,-0.55324,0.0078334,-0.059129,-0.88879,0.041198,0.0055711,-0.90569,0.073778
-0.0063529,0.79543,-0.061032,0.005985,0.61271,-0.01054,-0.16275,0.49996,-0.049832,0.17608,0.51239,-0.019179,-0.31261,0.28887,0.015793,0.32038,0.28847,0.0055547,-0.42226,0.11186,-0.14351,0.41545,0.091483,-0.12202,-0.00094258,0.25144,0.016373,0,0.17976,0,-0.076919,0.10011,-0.014249,0.075281,0.10816,0.015447,-0.053687,-0.42248,-0.094059,0.006808,-0.52663,-0.018309,-0.036487,-0.79797,-0.0021311,0.011944,-0.85989,0.076508
-0.0059712,0.80604,-0.071212,0.0056421,0.61721,-0.017395,-0.16086,0.50315,-0.060121,0.17624,0.51746,-0.026626,-0.29148,0.2699,0.0032497,0.30528,0.26849,-0.0072242,-0.39915,0.036591,-0.12096,0.39837,0.034689,-0.097022,-0.00098244,0.26122,0.012664,0,0.19057,0,-0.078385,0.11353,-0.012104,0.076412,0.11608,0.015245,-0.045257,-0.36796,-0.12218,0.016368,-0.40053,-0.094871,-0.044683,-0.73644,0.075311,0.012656,-0.75854,0.062327
-0.0047483,0.81042,-0.07441,0.0059152,0.62157,-0.022826,-0.1605,0.5041,-0.062759,0.17506,0.52257,-0.029524,-0.27399,0.25104,0.015538,0.28284,0.25139,0.0055209,-0.37188,0.020432,-0.046408,0.36503,0.026388,-0.05009,-0.00075814,0.26668,0.010052,0,0.19589,0,-0.078728,0.11936,-0.012553,0.076668,0.12082,0.016985,-0.050346,-0.35818,-0.13042,0.028656,-0.39276,-0.092336,-0.044127,-0.72291,0.070056,0.020947,-0.72098,0.039812
-0.0043986,0.81253,-0.074386,0.0062279,0.6221,-0.023154,-0.15638,0.51435,-0.058545,0.17376,0.52846,-0.027112,-0.26085,0.24161,0.031735,0.25675,0.23877,0.019837,-0.35979,-0.0075815,0.011991,0.34678,0.0089284,0.017346,-0.00045066,0.26766,0.0083419,0,0.19686,0,-0.078002,0.12094,-0.012597,0.076196,0.12221,0.01669,-0.053587,-0.37881,-0.12762,0.02984,-0.40511,-0.084101,-0.049515,-0.72832,0.057109,0.016646,-0.79124,0.048926
-0.0033343,0.81105,-0.072606,0.010999,0.61918,-0.022712,-0.15786,0.51059,-0.055038,0.17229,0.52691,-0.023279,-0.25901,0.23961,0.042103,0.24916,0.23238,0.029899,-0.35019,0.014367,0.071334,0.3396,0.0083485,0.07268,0.00020841,0.26486,0.007086,0,0.19377,0,-0.077901,0.11825,-0.011923,0.07465,0.11849,0.015059,-0.053383,-0.45092,-0.10047,0.054261,-0.44997,-0.053076,-0.050289,-0.81051,-0.0049286,0.028285,-0.82665,0.041911
0.0011594,0.79517,-0.061879,0.01668,0.60421,-0.0066489,-0.15656,0.49616,-0.045289,0.1736,0.50127,-0.011007,-0.26338,0.23323,0.063858,0.25519,0.22225,0.046671,-0.36018,0.020822,0.096705,0.363,0.0012752,0.12905,0.0010374,0.24991,0.0094145,0,0.17813,0,-0.074912,0.093782,-0.016455,0.070701,0.10867,0.012592,-0.077256,-0.51804,-0.07493,0.03848,-0.52908,-0.018136,-0.082169,-0.86718,-0.019537,0.0091791,-0.91442,0.043263
0.003511,0.75369,-0.03262,0.010997,0.57272,0.0072486,-0.16041,0.44575,-0.027602,0.16922,0.46148,8.1783e-05,-0.28067,0.2088,0.1007,0.27722,0.18556,0.079374,-0.40224,0.014047,0.12485,0.38589,-0.0057476,0.14135,0.00061667,0.20432,0.012422,0,0.13228,0,-0.076469,0.047389,-0.01744,0.072438,0.068736,0.010597,-0.07776,-0.54165,-0.064788,0.031904,-0.56873,-0.011791,-0.085063,-0.92314,0.0066207,0.014612,-0.94584,0.078581
0.0055329,0.70655,-0.024308,0.011735,0.51926,0.022211,-0.15692,0.39116,-0.02421,0.17841,0.39546,0.015627,-0.30288,0.16328,0.1096,0.29565,0.13632,0.097092,-0.469,0.0028734,0.12462,0.44322,-0.028924,0.1545,7.6237e-05,0.14896,0.016844,0,0.076395,0,-0.077463,0.00045997,-0.019329,0.07342,-0.0002434,0.0069168,-0.080977,-0.5421,-0.066139,0.034258,-0.56149,-0.027521,-0.089259,-0.92426,0.018094,0.00929,-0.93316,0.078005
0.004758,0.65785,-0.018117,0.010777,0.45847,0.013337,-0.16887,0.35461,-0.0058583,0.17572,0.34842,0.022521,-0.32299,0.13782,0.11218,0.31726,0.10126,0.093517,-0.51784,0.010969,0.088087,0.51051,-0.028325,0.074735,0.00044596,0.11916,0.016993,0,0.05336,0,-0.079277,-0.027811,-0.016361,0.075203,-0.024085,0.0062353,-0.077683,-0.54395,-0.083641,0.039204,-0.54903,-0.051446,-0.090138,-0.92045,0.015956,0.0070583,-0.92925,0.073976
0.0061381,0.61972,-0.030932,0.0061637,0.43234,0.0022129,-0.17088,0.31541,-0.019605,0.17588,0.3057,0.020917,-0.34348,0.1198,0.074853,0.32626,0.088676,0.071966,-0.55795,0.049277,0.0045348,0.54747,0.0075369,-0.014439,-0.0011722,0.082616,0.013975,0,0.012328,0,-0.079135,-0.066652,-0.017453,0.076873,-0.066602,0.010516,-0.078165,-0.54654,-0.10993,0.033662,-0.53408,-0.084059,-0.10397,-0.92537,-0.0025578,-0.010633,-0.90752,0.014538
0.006372,0.61636,-0.032876,0.0051541,0.42729,0.0016723,-0.17039,0.31211,-0.019589,0.17734,0.30561,0.019922,-0.36244,0.11772,0.054706,0.34015,0.092983,0.062664,-0.57161,0.088697,-0.056918,0.55404,0.043785,-0.078794,-0.0012481,0.080912,0.013958,0,0.011344,0,-0.079891,-0.068048,-0.016422,0.077176,-0.067879,0.010367,-0.073042,-0.54575,-0.11189,0.035608,-0.53291,-0.085656,-0.10946,-0.9149,-0.013177,-0.0095324,-0.90912,0.019878
0.013406,0.62811,-0.032716,0.012258,0.43466,0.0047312,-0.16631,0.33818,-0.011941,0.18355,0.32426,0.020483,-0.34992,0.14621,0.032229,0.35474,0.1246,0.043834,-0.54047,0.11595,-0.11172,0.54244,0.081548,-0.13681,0.00088495,0.091546,0.014996,0,0.024257,0,-0.082444,-0.050828,-0.017738,0.076765,-0.058675,0.01009,-0.067909,-0.54376,-0.10656,0.040879,-0.54277,-0.064538,-0.095372,-0.91093,-0.0031209,0.0036531,-0.91957,0.048035
0.020229,0.67719,-0.045182,0.021649,0.49826,0.011592,-0.15992,0.39465,-0.0076801,0.19221,0.38351,0.024192,-0.32188,0.20006,0.02666,0.34266,0.17433,0.033238,-0.48465,0.13039,-0.14715,0.52162,0.083093,-0.18502,0.001963,0.14992,0.016944,0,0.081454,0,-0.079,0.0053971,-0.0098704,0.070773,-0.00087937,0.00021527,-0.078599,-0.54712,-0.066956,0.046014,-0.55888,-0.023944,-0.08417,-0.90773,-0.0027985,0.0084912,-0.91965,0.044942
0.019433,0.71744,-0.059643,0.021886,0.54167,0.0080496,-0.15242,0.44933,-0.017768,0.19025,0.43826,0.015254,-0.30809,0.23578,0.018451,0.32235,0.23979,0.039545,-0.43784,0.12019,-0.15016,0.43831,0.093908,-0.11366,0.0018634,0.19247,0.016748,0,0.12369,0,-0.077837,0.055361,-0.011645,0.069834,0.038348,0.0034039,-0.082005,-0.54263,-0.065788,0.044086,-0.55741,-0.017279,-0.081805,-0.90414,-0.0062137,0.0044121,-0.91507,0.036053
0.01791,0.76504,-0.060691,0.023633,0.58152,0.0012813,-0.14953,0.46144,-0.034856,0.18981,0.47157,0.0048271,-0.28899,0.26946,0.0092547,0.30859,0.25412,0.029838,-0.39764,0.11475,-0.14027,0.42518,0.097041,-0.11002,0.001836,0.22573,0.015377,0,0.15536,0,-0.078636,0.07812,-0.013306,0.070454,0.082805,0.0087471,-0.068371,-0.48898,-0.07592,0.03448,-0.52848,-0.021675,-0.07003,-0.80896,-0.0013913,0.021871,-0.88195,0.044922
0.020476,0.78192,-0.067628,0.020925,0.59204,-0.01088,-0.14836,0.48157,-0.054416,0.18839,0.49625,-0.0082254,-0.28741,0.26909,0.0019647,0.30743,0.25406,0.024004,-0.37519,0.061601,-0.14507,0.39278,0.046263,-0.10024,0.0011527,0.24333,0.011265,0,0.17468,0,-0.079185,0.09892,-0.012762,0.071766,0.098087,0.012323,-0.044913,-0.42199,-0.10272,0.012271,-0.46591,-0.053906,-0.046614,-0.79271,0.038188,0.015537,-0.80985,0.056015
0.022738,0.79879,-0.067475,0.024884,0.60829,-0.017761,-0.14735,0.50954,-0.057425,0.18884,0.5015,-0.015032,-0.2773,0.2585,-0.0019205,0.29983,0.25213,0.021845,-0.35932,0.031867,-0.106,0.36384,0.027246,-0.074736,0.0022513,0.26086,0.0088101,0,0.19115,0,-0.082173,0.11992,-0.010447,0.0727,0.11091,0.012375,-0.048646,-0.376,-0.11922,0.014196,-0.40754,-0.077697,-0.039552,-0.74421,0.063821,0.013873,-0.75684,0.047876
0.025275,0.81198,-0.069068,0.027434,0.62075,-0.024491,-0.14482,0.5253,-0.054401,0.18815,0.52324,-0.016508,-0.25871,0.25467,0.014545,0.27823,0.24245,0.024018,-0.34756,-0.0038644,-0.042708,0.34921,0.0064463,-0.021747,0.0029932,0.27175,0.0064449,0,0.20172,0,-0.081768,0.13026,-0.0078719,0.071565,0.12448,0.01156,-0.049059,-0.37691,-0.11799,0.018018,-0.41004,-0.071044,-0.040322,-0.74312,0.062648,0.014437,-0.75405,0.048281
0.025697,0.81395,-0.068651,0.027565,0.62497,-0.025263,-0.14373,0.53399,-0.047503,0.1867,0.52727,-0.012783,-0.24867,0.25421,0.024691,0.26551,0.23117,0.032703,-0.33449,0.0046929,0.0081191,0.34017,-0.020354,0.026315,0.0032836,0.27348,0.0049822,0,0.20302,0,-0.080988,0.13205,-0.007071,0.07079,0.12639,0.010288,-0.059257,-0.40537,-0.09483,0.033886,-0.4439,-0.042537,-0.056557,-0.7641,0.038608,0.020292,-0.77981,0.06826
0.025637,0.81386,-0.065629,0.027595,0.62513,-0.021444,-0.14521,0.53377,-0.040695,0.18903,0.52469,-0.0070362,-0.24282,0.25457,0.040208,0.25366,0.22577,0.040817,-0.33264,0.012877,0.068439,0.33103,0.0015897,0.083637,0.0033425,0.2728,0.0049756,0,0.20204,0,-0.080987,0.12726,-0.0092951,0.071171,0.1257,0.0086343,-0.075732,-0.46994,-0.06036,0.042563,-0.51233,0.0059288,-0.053466,-0.82849,0.035327,0.022218,-0.84168,0.081278
0.026484,0.80517,-0.051839,0.023732,0.61222,-0.0079217,-0.14564,0.50139,-0.033168,0.18963,0.50831,0.0014326,-0.25057,0.23199,0.060054,0.25834,0.21328,0.060271,-0.3535,0.019295,0.081714,0.35511,0.013441,0.11626,0.0028891,0.26228,0.006349,0,0.19142,0,-0.078863,0.11048,-0.012886,0.070752,0.11816,0.0084265,-0.087206,-0.52816,-0.038092,0.041817,-0.5198,0.0097426,-0.07172,-0.86362,0.04917,0.019514,-0.90644,0.083314
0.025924,0.75659,-0.034982,0.015493,0.5732,0.0040365,-0.14427,0.46909,-0.033048,0.18004,0.45922,0.0038316,-0.2737,0.22034,0.083142,0.27523,0.1888,0.096981,-0.41604,0.023568,0.10521,0.40774,0.0093263,0.14953,0.0012924,0.21464,0.0089144,0,0.14416,0,-0.074477,0.067601,-0.012057,0.068689,0.077697,0.0065793,-0.096332,-0.54136,-0.033492,0.035839,-0.54025,0.017554,-0.090916,-0.90622,0.077221,0.0096661,-0.91342,0.11007
0.022216,0.72113,-0.028234,0.019669,0.527,0.01115,-0.14273,0.42013,-0.030378,0.18186,0.41072,0.01478,-0.294,0.18769,0.091718,0.28557,0.16865,0.10755,-0.4789,0.027432,0.086621,0.44306,0.0025177,0.13587,0.0014136,0.18051,0.011197,0,0.11125,0,-0.075251,0.031613,-0.014069,0.068836,0.040355,0.0058753,-0.099923,-0.53548,-0.043596,0.035449,-0.54177,0.011961,-0.1061,-0.90891,0.085777,0.0076953,-0.91228,0.10965
0.018556,0.66639,-0.016487,0.018274,0.47674,0.019278,-0.15551,0.37054,-0.011569,0.18814,0.36487,0.033496,-0.32879,0.14971,0.093724,0.33253,0.12901,0.11585,-0.53637,0.052153,0.040194,0.53285,0.025647,0.043971,0.001144,0.13107,0.014766,0,0.063215,0,-0.078387,-0.023617,-0.015288,0.071502,-0.0043552,0.0029602,-0.098875,-0.54268,-0.046625,0.04187,-0.54516,0.0027675,-0.11654,-0.92507,0.10657,0.0085272,-0.91597,0.11817
0.018424,0.6593,-0.018148,0.018178,0.47008,0.015701,-0.16044,0.35867,-0.0047444,0.19267,0.34018,0.04442,-0.33043,0.15042,0.086046,0.34844,0.1268,0.096337,-0.54656,0.10208,-0.013348,0.5624,0.082179,-0.0047209,0.00076754,0.12318,0.015535,0,0.054938,0,-0.07932,-0.026992,-0.01477,0.073438,-0.030392,0.004828,-0.096333,-0.54931,-0.048865,0.040859,-0.54663,-0.0028201,-0.11945,-0.92716,0.10596,-0.005683,-0.92247,0.11827
0.019798,0.65977,-0.017429,0.017441,0.46957,0.014616,-0.16038,0.35902,-0.0042001,0.19196,0.34192,0.042262,-0.36025,0.1641,0.050968,0.35875,0.14598,0.074848,-0.56535,0.13999,-0.07027,0.56639,0.11809,-0.055097,0.00055519,0.12122,0.016532,0,0.052557,0,-0.079271,-0.0275,-0.014973,0.073702,-0.03177,0.0045225,-0.090846,-0.54793,-0.041507,0.039413,-0.54827,0.00068999,-0.1151,-0.92789,0.10596,-0.0073576,-0.92335,0.119
0.019022,0.67908,-0.015301,0.021565,0.50414,0.018939,-0.15666,0.38401,-0.0070193,0.18905,0.39081,0.028811,-0.3387,0.20996,0.035436,0.3725,0.17487,0.055544,-0.52701,0.17114,-0.1157,0.55515,0.13512,-0.1031,0.0014521,0.13785,0.018782,0,0.066943,0,-0.079348,-0.0033002,-0.013027,0.072241,-0.015738,0.0031623,-0.088616,-0.53941,-0.025127,0.039392,-0.55176,0.016193,-0.11109,-0.92411,0.10825,-0.0049045,-0.92361,0.12788
0.013955,0.73516,-0.035142,0.021482,0.55437,0.01063,-0.15983,0.4512,-0.0079997,0.18856,0.44196,0.02195,-0.31777,0.25688,0.032968,0.34907,0.24593,0.047458,-0.49401,0.16873,-0.14726,0.52079,0.13484,-0.13563,0.0018958,0.20058,0.018237,0,0.13106,0,-0.077191,0.054883,-0.011399,0.06922,0.050173,0.0023294,-0.10506,-0.54077,-0.0026237,0.03776,-0.54921,0.03203,-0.10953,-0.91899,0.093256,0.00039284,-0.92002,0.11677
0.014117,0.78238,-0.032671,0.014377,0.59682,0.00063171,-0.1594,0.47238,-0.027808,0.18527,0.49157,0.005174,-0.31194,0.27343,0.028442,0.3287,0.29359,0.034597,-0.44572,0.15368,-0.15708,0.46219,0.13308,-0.11456,0.00069309,0.2391,0.016159,0,0.16857,0,-0.077239,0.09213,-0.012444,0.072013,0.090595,0.0074583,-0.10505,-0.5141,-0.019856,0.037813,-0.54403,0.026185,-0.089089,-0.91278,0.081501,-0.0059749,-0.91972,0.10677
0.013595,0.80376,-0.050729,0.013559,0.61431,-0.01017,-0.14342,0.51596,-0.055142,0.18849,0.50554,-0.0060257,-0.30279,0.29298,0.019639,0.32728,0.29373,0.031273,-0.41491,0.13584,-0.12425,0.43136,0.10902,-0.10771,-0.00025353,0.25447,0.012879,0,0.18307,0,-0.077444,0.10837,-0.010643,0.07276,0.10713,0.009658,-0.055908,-0.44703,-0.057405,0.044292,-0.46271,-0.0078428,-0.082463,-0.85236,0.061564,-0.009467,-0.84464,0.10512
0.016618,0.82816,-0.057386,0.018549,0.63969,-0.013593,-0.141,0.52471,-0.069624,0.18423,0.54122,-0.034779,-0.29942,0.28554,0.0073765,0.31514,0.28816,0.027005,-0.39694,0.074844,-0.12037,0.388,0.061772,-0.063177,0.0013936,0.2765,0.010612,0,0.20375,0,-0.077929,0.13336,-0.0078108,0.07247,0.13125,0.0081577,-0.056246,-0.36386,-0.10543,0.031706,-0.39964,-0.05336,-0.043926,-0.73938,0.041458,0.023603,-0.73741,0.15588
0.016573,0.83829,-0.060741,0.016845,0.64928,-0.017406,-0.1441,0.53961,-0.071057,0.18171,0.54462,-0.037177,-0.28523,0.28227,0.010985,0.27327,0.26088,0.028037,-0.38217,0.047291,-0.047607,0.35652,0.043661,-0.0096975,0.001279,0.29231,0.0082611,0,0.22109,0,-0.078216,0.14828,-0.0074451,0.072554,0.14582,0.009751,-0.056553,-0.357,-0.1058,0.056942,-0.3392,-0.075053,-0.045242,-0.71846,0.039556,0.018913,-0.69751,0.13559
0.01984,0.84822,-0.070784,0.021339,0.65697,-0.018947,-0.14582,0.5506,-0.06656,0.18149,0.54689,-0.035707,-0.25917,0.28202,0.025597,0.26466,0.25991,0.036081,-0.36284,0.042083,0.010145,0.33354,0.024471,0.042942,0.0022229,0.29878,0.0066357,0,0.22711,0,-0.079107,0.15415,-0.0070823,0.072133,0.15096,0.0094653,-0.055415,-0.36591,-0.10105,0.055472,-0.32652,-0.079732,-0.037349,-0.72893,0.053096,0.020802,-0.68857,0.12571
0.019386,0.84968,-0.06837,0.021608,0.65881,-0.016892,-0.14792,0.55505,-0.05869,0.18278,0.55247,-0.028191,-0.25585,0.28458,0.034277,0.25808,0.26255,0.04217,-0.35454,0.053103,0.060416,0.33945,0.01938,0.09582,0.0024815,0.30122,0.0057408,0,0.22968,0,-0.078856,0.15614,-0.0082366,0.0715,0.15302,0.0097802,-0.048011,-0.4241,-0.074497,0.024696,-0.45938,-0.029951,-0.028223,-0.77392,0.025194,0.010585,-0.79179,0.13358
0.02018,0.84435,-0.065107,0.026793,0.64929,-0.018106,-0.14954,0.55414,-0.049531,0.1833,0.54877,-0.020797,-0.25481,0.2856,0.050022,0.25697,0.25989,0.053861,-0.36626,0.059646,0.082512,0.34967,0.051208,0.11435,0.0033846,0.2954,0.0044774,0,0.22433,0,-0.079155,0.15331,-0.0074085,0.070156,0.14246,0.0075194,-0.092745,-0.37083,-0.06812,0.026088,-0.49477,-0.00014947,-0.035312,-0.79312,-0.026289,0.013547,-0.87277,0.11323
0.013436,0.81339,-0.063249,0.019252,0.62002,-0.01221,-0.15339,0.50702,-0.042318,0.18185,0.51141,-0.017657,-0.27044,0.25496,0.072792,0.25943,0.24737,0.071649,-0.39641,0.063495,0.10011,0.38265,0.053964,0.12118,0.0024484,0.26673,0.0045865,0,0.19595,0,-0.07757,0.11728,-0.011476,0.070754,0.12107,0.010058,-0.086078,-0.4596,-0.067026,0.028979,-0.51629,0.0053178,-0.038131,-0.88151,-0.016156,0.021547,-0.90985,0.10827
0.0098022,0.76899,-0.055083,0.025237,0.5824,-0.0034922,-0.15447,0.4718,-0.038817,0.17801,0.48873,-0.011274,-0.2841,0.23153,0.091317,0.27864,0.21745,0.086288,-0.44911,0.067494,0.086971,0.4117,0.028824,0.10317,0.0036001,0.21962,0.0060369,0,0.14801,0,-0.077991,0.068411,-0.007886,0.068819,0.078539,0.0046212,-0.078537,-0.54016,-0.05647,0.024509,-0.55872,-0.0038476,-0.046879,-0.92607,0.014584,0.021551,-0.9341,0.047729
0.01148,0.71473,-0.045978,0.017091,0.52145,-0.0027534,-0.16116,0.42731,-0.033347,0.1756,0.42252,-0.011891,-0.30453,0.19007,0.089319,0.29339,0.16384,0.08035,-0.49768,0.061159,0.020383,0.48697,0.01721,0.024474,0.0024407,0.17935,0.006208,0,0.11268,0,-0.079733,0.021226,-0.01092,0.072795,0.048363,0.0061187,-0.077627,-0.54012,-0.061741,0.039176,-0.56032,-0.030074,-0.056298,-0.93051,0.035408,0.019618,-0.93616,0.063194
0.013724,0.66255,-0.050469,0.01583,0.47253,0.0066245,-0.15214,0.36539,-0.040179,0.18267,0.35954,-0.010973,-0.3325,0.14547,0.068316,0.31948,0.11949,0.068899,-0.53888,0.069578,-0.022228,0.53192,0.024422,-0.058036,0.0016987,0.12202,0.0089661,0,0.052504,0,-0.07619,-0.032121,-0.009799,0.070489,-0.014129,0.0024403,-0.076262,-0.54185,-0.072224,0.042904,-0.5599,-0.043303,-0.061812,-0.93501,0.04585,0.020691,-0.93677,0.06425
0.011296,0.65544,-0.046568,0.013213,0.46095,0.006601,-0.16097,0.35064,-0.024017,0.18495,0.33775,0.018898,-0.33781,0.13961,0.061571,0.32138,0.11693,0.061806,-0.53835,0.10102,-0.082712,0.52671,0.046508,-0.11363,0.00084716,0.11544,0.0098798,0,0.046704,0,-0.077244,-0.035389,-0.011765,0.075073,-0.032622,0.0067673,-0.075957,-0.54486,-0.077143,0.046384,-0.55207,-0.054401,-0.065424,-0.93569,0.047631,0.016677,-0.94213,0.06649
0.010168,0.65434,-0.04743,0.012542,0.46049,0.0056393,-0.16167,0.35054,-0.023986,0.18611,0.33803,0.015849,-0.32695,0.15273,0.039478,0.32706,0.12795,0.041648,-0.51795,0.11975,-0.13311,0.50079,0.064736,-0.15817,0.00068038,0.11345,0.010402,0,0.044292,0,-0.078031,-0.035991,-0.012565,0.076128,-0.038275,0.0085948,-0.071768,-0.55506,-0.076332,0.045461,-0.55287,-0.052967,-0.0666,-0.93557,0.048797,0.017254,-0.94113,0.068071
0.010559,0.66455,-0.051578,0.013784,0.4786,0.00090244,-0.16103,0.37852,-0.024516,0.18774,0.38468,0.0010829,-0.3187,0.18664,0.033949,0.33207,0.14056,0.026909,-0.47386,0.11357,-0.13743,0.4773,0.064146,-0.20609,0.0013437,0.12621,0.010099,0,0.056406,0,-0.078943,-0.020749,-0.013083,0.075248,-0.024249,0.0085121,-0.067216,-0.56591,-0.051246,0.033905,-0.57329,-0.020676,-0.066815,-0.93505,0.052956,0.015869,-0.941,0.069573
0.0052524,0.72101,-0.062477,0.01604,0.53238,-0.0054081,-0.16583,0.43474,-0.026978,0.18104,0.43749,-0.0038974,-0.30849,0.23854,0.03181,0.3322,0.19093,-0.00044088,-0.43805,0.10485,-0.12194,0.43661,0.053591,-0.1707,0.0018606,0.18089,0.0085224,0,0.11084,0,-0.078318,0.03904,-0.01214,0.072322,0.02508,0.0089981,-0.077539,-0.5516,-0.034796,0.029647,-0.57295,-0.00044934,-0.058562,-0.91614,0.024942,0.016669,-0.92898,0.0653
0.0076543,0.76146,-0.077928,0.016997,0.57982,-0.017507,-0.1603,0.46329,-0.048922,0.18068,0.47711,-0.021162,-0.3039,0.24894,0.021204,0.30734,0.24406,0.0075034,-0.41816,0.094019,-0.1237,0.39604,0.05513,-0.10965,0.0019339,0.22717,0.0052633,0,0.15662,0,-0.078942,0.078164,-0.010184,0.072875,0.078336,0.010839,-0.070772,-0.55659,-0.037697,0.032046,-0.55917,-0.0068144,-0.054683,-0.91259,0.014795,0.013908,-0.92162,0.046817
0.0062718,0.77887,-0.084046,0.017013,0.5936,-0.024711,-0.1559,0.49233,-0.063636,0.1859,0.48924,-0.033072,-0.29628,0.25015,0.017638,0.30893,0.24325,0.0034076,-0.3948,0.032036,-0.11561,0.38443,0.03047,-0.078961,0.0019894,0.24388,0.0028784,0,0.17387,0,-0.080288,0.097107,-0.0071424,0.073788,0.09684,0.011415,-0.047153,-0.44544,-0.081624,0.035407,-0.49122,-0.035783,-0.033134,-0.81553,0.05212,0.028846,-0.82391,0.081746
0.0040657,0.80225,-0.084387,0.013263,0.60778,-0.029269,-0.15386,0.506,-0.069809,0.18182,0.51685,-0.045944,-0.28082,0.24572,0.017695,0.28579,0.24997,0.022285,-0.36832,0.017222,-0.050692,0.35536,0.031023,-0.029827,0.0015904,0.25918,0.0012014,0,0.18919,0,-0.080342,0.11388,-0.0073323,0.07548,0.1139,0.012913,-0.048966,-0.36327,-0.11866,0.033308,-0.39783,-0.078367,-0.016205,-0.72617,0.048912,0.025335,-0.74299,0.11528
0.0050189,0.80838,-0.092743,0.01478,0.61501,-0.029231,-0.15288,0.52021,-0.069766,0.17642,0.52145,-0.05018,-0.25696,0.24958,0.026487,0.27174,0.24432,0.032194,-0.35726,-0.00038106,0.012205,0.35291,-0.00094232,0.027545,0.0020071,0.26712,0.00032055,0,0.19723,0,-0.079942,0.12533,-0.0035449,0.074179,0.12494,0.0071847,-0.051446,-0.35527,-0.11825,0.036454,-0.39241,-0.078503,-0.017053,-0.72206,0.055047,0.027891,-0.74209,0.11664
0.00268,0.8115,-0.094071,0.014119,0.62164,-0.031479,-0.15368,0.52706,-0.063175,0.17393,0.52892,-0.0464,-0.25171,0.25457,0.033936,0.25185,0.24933,0.049161,-0.34441,0.025073,0.07857,0.33219,0.017328,0.07875,0.001998,0.27415,-0.00081595,0,0.20431,0,-0.078704,0.13114,-0.0015501,0.073163,0.13147,0.0072759,-0.053165,-0.39766,-0.091358,0.043456,-0.40682,-0.060806,-0.027622,-0.74044,0.061763,0.030163,-0.74345,0.11927
-0.0006473,0.812,-0.08779,0.011947,0.62289,-0.030461,-0.15816,0.53034,-0.054114,0.17181,0.5288,-0.039328,-0.25095,0.25799,0.04723,0.24815,0.24953,0.057933,-0.34916,0.042539,0.099792,0.34092,0.037028,0.10595,0.0016574,0.27333,-0.0012766,0,0.20307,0,-0.07879,0.12895,0.0015689,0.074588,0.12859,0.0023905,-0.063881,-0.50045,-0.03905,0.04633,-0.49395,-0.01798,-0.050873,-0.80839,0.016637,0.032533,-0.77301,0.10914
-0.0031269,0.80342,-0.084862,0.0078972,0.62019,-0.025425,-0.16177,0.526,-0.04386,0.1709,0.52487,-0.028724,-0.25072,0.26503,0.081608,0.26051,0.25649,0.082886,-0.36434,0.060331,0.12603,0.37987,0.069772,0.14074,0.00075483,0.2635,-0.00090526,0,0.19133,0,-0.076617,0.1103,-0.0064919,0.074826,0.11875,0.0075993,-0.073894,-0.48475,-0.032673,0.055271,-0.51943,0.015932,-0.048355,-0.90481,-0.0004108,0.015792,-0.9207,0.033775
-0.0042745,0.78932,-0.074107,0.0080989,0.58691,-0.03551,-0.16195,0.48496,-0.04319,0.1728,0.48928,-0.01939,-0.27771,0.24779,0.10187,0.27451,0.24339,0.10188,-0.41497,0.06835,0.14893,0.42227,0.065361,0.11488,0.0009295,0.24797,-0.0033531,0,0.1791,0,-0.076092,0.10234,-0.0021085,0.073283,0.10546,0.0071866,-0.076915,-0.48322,-0.02456,0.052411,-0.53237,0.023439,-0.057998,-0.90658,0.031066,0.014229,-0.92058,0.045856
-0.0069538,0.72726,-0.049939,0.0022235,0.54145,-0.0080223,-0.1711,0.43861,-0.019447,0.16864,0.44091,-0.0068341,-0.30412,0.21296,0.12863,0.28759,0.21917,0.10982,-0.48195,0.063927,0.1352,0.49241,0.067589,0.082326,0.00015652,0.20189,0.0012174,0,0.13379,0,-0.073894,0.054995,-0.0074094,0.073056,0.05899,0.0052294,-0.066622,-0.54947,-0.017033,0.047735,-0.57869,0.021518,-0.074122,-0.93136,0.064481,0.016282,-0.92411,0.083555
-0.0069738,0.69117,-0.03632,-0.0055548,0.49379,0.0081022,-0.17353,0.38837,-0.019088,0.17164,0.3909,0.01157,-0.33996,0.17848,0.11982,0.31411,0.17492,0.10731,-0.54438,0.073871,0.066964,0.53669,0.087465,0.047632,-0.0015166,0.15544,0.0054513,0,0.088485,0,-0.074738,0.02467,-0.012483,0.0766,0.0014257,0.0057117,-0.085623,-0.47157,-0.036489,0.045845,-0.55794,0.0026885,-0.07957,-0.88636,0.056271,0.0096696,-0.92919,0.09671
-0.0045465,0.67385,-0.033667,-0.002607,0.48046,0.00856,-0.17238,0.37602,-0.013234,0.17475,0.37491,0.021104,-0.35852,0.16393,0.099967,0.32431,0.16786,0.1023,-0.57534,0.11232,0.018452,0.56721,0.12125,-0.015385,-0.0013658,0.14727,0.00704,0,0.081055,0,-0.074222,0.011715,-0.012996,0.075054,-0.0065379,0.0057436,-0.066222,-0.56263,-0.032046,0.047027,-0.55483,-0.0056167,-0.078151,-0.92945,0.067334,0.010319,-0.93147,0.096219
-0.0047024,0.67146,-0.031236,-0.00033076,0.47882,0.012854,-0.17283,0.37391,-0.010187,0.17449,0.37352,0.020323,-0.36371,0.16463,0.089151,0.34057,0.16725,0.092308,-0.56373,0.14024,-0.041533,0.55407,0.15318,-0.077496,-0.0011359,0.14432,0.0093562,0,0.077879,0,-0.074495,0.0086549,-0.013273,0.074706,-0.0096432,0.0044135,-0.065774,-0.56438,-0.027523,0.043304,-0.55929,-0.0043571,-0.076508,-0.93044,0.071577,0.010757,-0.9316,0.097442
-0.0047455,0.69808,-0.018175,0.0010312,0.49946,0.01179,-0.17132,0.38997,-0.0041127,0.17486,0.39337,0.014781,-0.35169,0.20948,0.058029,0.3355,0.18079,0.066861,-0.53072,0.15614,-0.094949,0.50812,0.15917,-0.10186,-0.00088636,0.14626,0.010803,0,0.078654,0,-0.075062,0.0083048,-0.013287,0.07469,-0.005441,0.0036539,-0.071768,-0.55737,0.0021941,0.037201,-0.57393,0.02074,-0.076889,-0.92984,0.071788,0.011212,-0.93125,0.098065
