0.005646,0.69244,-0.028696,0.011156,0.4829,0.015651,-0.17634,0.37692,-0.002473,0.19125,0.37535,0.029962,-0.34498,0.14783,0.096651,0.34183,0.1214,0.062559,-0.54575,0.093654,-0.076632,0.53355,0.06254,-0.13568,4.7e-05,0.12056,0.019193,0,0.049073,0,-0.083884,-0.033605,-0.013429,0.079795,-0.035433,0.003245,-0.085636,-0.58445,-0.084115,0.044311,-0.57278,-0.048237,-0.10221,-0.99271,0.044815,0.0086385,-0.98904,0.080438
0.0058493,0.6928,-0.030291,0.010669,0.48504,0.013736,-0.17641,0.37699,-0.002763,0.1909,0.37737,0.029487,-0.33516,0.15855,0.078686,0.34216,0.13799,0.052263,-0.512,0.10176,-0.10627,0.49794,0.071067,-0.1422,9.3e-05,0.12035,0.019635,0,0.048472,0,-0.084261,-0.034582,-0.012712,0.080048,-0.035691,0.003263,-0.075325,-0.59619,-0.061434,0.040364,-0.5723,-0.042249,-0.097142,-0.99176,0.048552,0.0088764,-0.98717,0.079554
0.012009,0.7801,-0.048557,0.016081,0.58912,0.008196,-0.16522,0.46917,-0.01072,0.19207,0.48027,0.008931,-0.30768,0.24166,0.062707,0.32814,0.25227,0.043621,-0.43483,0.083325,-0.11059,0.41453,0.058237,-0.12041,0.0015681,0.20646,0.019156,0,0.13113,0,-0.081014,0.049871,-0.010381,0.075359,0.051346,0.002329,-0.076596,-0.57886,-0.034338,0.031334,-0.60709,0.014112,-0.067186,-0.96382,0.028665,0.010613,-0.98442,0.072246
0.0084093,0.81475,-0.056145,0.020338,0.62238,-0.001166,-0.17244,0.52266,-0.023187,0.18937,0.51427,-0.003539,-0.29698,0.26748,0.058479,0.32223,0.25352,0.034059,-0.41287,0.073083,-0.099673,0.39024,0.039504,-0.10563,0.0023423,0.24652,0.016724,0,0.17231,0,-0.084802,0.09351,-0.009315,0.077003,0.087383,0.004296,-0.063928,-0.53641,-0.063167,0.028762,-0.59008,0.001655,-0.064093,-0.95298,0.028206,0.0067231,-0.97849,0.064113
0.0088214,0.84407,-0.061302,0.023149,0.63886,-0.00686,-0.16576,0.53226,-0.035456,0.18753,0.53301,-0.011468,-0.29597,0.2672,0.057626,0.29946,0.25253,0.033723,-0.39692,0.025812,-0.053312,0.35691,0.013453,-0.059766,0.0025247,0.25854,0.014793,0,0.18307,0,-0.085027,0.10636,-0.007056,0.076819,0.10406,0.004271,-0.051831,-0.44656,-0.10401,0.03359,-0.57382,-0.002277,-0.042515,-0.85866,0.060092,0.0097652,-0.88795,0.094194
0.010666,0.85527,-0.062744,0.025316,0.65438,-0.009067,-0.15709,0.55225,-0.045234,0.1922,0.54457,-0.014794,-0.28034,0.27229,0.060823,0.27959,0.24763,0.039596,-0.37874,-0.0032915,-0.002015,0.34875,-0.017414,-0.020256,0.0027037,0.27754,0.012988,0,0.20235,0,-0.086101,0.12501,-0.008615,0.077155,0.12152,0.006592,-0.048605,-0.41865,-0.11521,0.026095,-0.55588,-0.009903,-0.039337,-0.81218,0.06467,0.0035055,-0.86712,0.093796
0.011505,0.86436,-0.063594,0.02711,0.66338,-0.008028,-0.15593,0.56493,-0.041519,0.19271,0.55906,-0.015646,-0.26787,0.27975,0.063443,0.26954,0.24589,0.043318,-0.36054,0.013469,0.065691,0.3269,-0.0073081,0.028919,0.0033117,0.28715,0.012101,0,0.21216,0,-0.086018,0.13596,-0.008629,0.076492,0.13153,0.006161,-0.048784,-0.41903,-0.11235,0.026033,-0.44671,-0.064811,-0.040886,-0.81281,0.063542,0.013061,-0.8313,0.074327
0.016433,0.87322,-0.060922,0.026869,0.66894,-0.007411,-0.15691,0.56968,-0.033375,0.19369,0.56387,-0.009677,-0.26197,0.28181,0.071396,0.26631,0.24869,0.046004,-0.34653,0.041745,0.10208,0.32946,0.0058843,0.063329,0.0034423,0.28997,0.011278,0,0.21458,0,-0.085973,0.13815,-0.007492,0.076669,0.13364,0.00425,-0.063759,-0.47623,-0.076911,0.039518,-0.50419,-0.033847,-0.044508,-0.86389,0.004261,0.037033,-0.86783,0.053684
0.016553,0.87279,-0.058083,0.027302,0.66992,-0.003928,-0.15443,0.56842,-0.031469,0.19385,0.56176,-0.005418,-0.26035,0.28336,0.078587,0.26469,0.24844,0.058373,-0.35324,0.049902,0.10536,0.35701,0.024156,0.10547,0.003176,0.28898,0.011622,0,0.21292,0,-0.085071,0.13796,-0.007907,0.075837,0.13056,0.002941,-0.068082,-0.5407,-0.048628,0.039961,-0.50342,-0.031716,-0.06391,-0.93367,-0.016933,0.012889,-0.95123,0.035137
0.020719,0.85654,-0.028487,0.027575,0.65528,0.01419,-0.15191,0.54632,-0.016059,0.19571,0.53756,0.014245,-0.26394,0.27072,0.10768,0.27902,0.23909,0.086949,-0.39679,0.063382,0.14644,0.40736,0.03153,0.13291,0.0030949,0.25991,0.016885,0,0.18044,0,-0.085026,0.10132,-0.01392,0.075629,0.10199,0.002347,-0.074556,-0.56102,-0.037833,0.052724,-0.50813,-0.012521,-0.064685,-0.9435,-0.003889,0.028358,-0.95403,0.063617
0.017518,0.81588,-0.014478,0.019718,0.60679,0.028007,-0.14477,0.47955,-0.020619,0.19201,0.50624,0.020508,-0.29118,0.24299,0.13601,0.3065,0.2197,0.12045,-0.46703,0.069408,0.11627,0.43869,0.012657,0.13299,0.0014959,0.22757,0.020188,0,0.15364,0,-0.081864,0.069204,-0.012511,0.074778,0.086474,0.000243,-0.081448,-0.59055,-0.039879,0.048126,-0.50748,-0.01235,-0.10523,-0.97785,0.037238,0.021038,-0.9524,0.067245
0.017673,0.75919,0.002167,0.018217,0.55566,0.042006,-0.1524,0.44739,6.5e-05,0.19386,0.43771,0.035345,-0.31314,0.21411,0.14885,0.32256,0.19068,0.12654,-0.52982,0.096346,0.11785,0.54644,0.045755,0.075405,0.0006861,0.16874,0.026343,0,0.094535,0,-0.080023,0.025397,-0.008812,0.073608,0.011598,-0.010163,-0.08922,-0.59651,-0.040077,0.042048,-0.57795,-0.025325,-0.10803,-0.98781,0.07546,0.019406,-0.98027,0.081991
0.015986,0.7431,0.014095,0.014298,0.53278,0.046313,-0.15761,0.40127,0.014927,0.19701,0.40644,0.061968,-0.35899,0.1835,0.14049,0.35546,0.16234,0.10799,-0.59624,0.13353,0.077795,0.58963,0.090698,0.022964,-0.0007305,0.15626,0.02988,0,0.084444,0,-0.080311,0.0075252,-0.009132,0.074923,0.002379,-0.011336,-0.095946,-0.59367,-0.041606,0.042093,-0.57814,-0.025357,-0.10903,-0.98801,0.077116,0.02108,-0.97984,0.084418
0.01318,0.73196,0.015807,0.01519,0.52377,0.04762,-0.1665,0.4052,0.028228,0.19744,0.40589,0.055359,-0.37011,0.18285,0.12529,0.3659,0.1672,0.099596,-0.60487,0.18803,0.033412,0.60191,0.13721,-0.033826,0.0005235,0.14641,0.033293,0,0.075517,0,-0.082067,-0.002453,-0.012384,0.076742,-0.010248,-0.007568,-0.097011,-0.59377,-0.040117,0.040413,-0.58116,-0.027787,-0.10524,-0.98866,0.071807,0.017226,-0.98253,0.08079
0.01252,0.7407,0.01457,0.017362,0.53474,0.050575,-0.16525,0.41676,0.024297,0.19794,0.41696,0.051755,-0.37681,0.22318,0.091491,0.37565,0.21331,0.079944,-0.59698,0.21007,-0.03477,0.59173,0.15765,-0.075459,0.0005342,0.15186,0.036224,0,0.080682,0,-0.082463,0.0028906,-0.011391,0.076541,-0.0041882,-0.00938,-0.096881,-0.59564,-0.021936,0.034406,-0.60425,0.014119,-0.095655,-0.98727,0.069977,0.016474,-0.98625,0.082411
0.011679,0.78726,-0.013883,0.014857,0.58905,0.029461,-0.16988,0.47293,0.00858,0.19875,0.46968,0.026948,-0.35915,0.27181,0.068493,0.37702,0.24264,0.048092,-0.559,0.22076,-0.098344,0.55636,0.15778,-0.13513,0.0008373,0.20185,0.034267,0,0.12807,0,-0.08134,0.051525,-0.012892,0.076015,0.038915,-0.003116,-0.097838,-0.58799,-0.028308,0.037581,-0.5996,0.000996,-0.086815,-0.96094,0.026109,0.016848,-0.98638,0.065048
0.012103,0.81909,-0.03353,0.01822,0.61014,0.016997,-0.15957,0.50264,-0.017154,0.19713,0.50765,0.012117,-0.33702,0.30357,0.060335,0.36044,0.2921,0.026502,-0.51235,0.1998,-0.11993,0.5354,0.13987,-0.16146,0.0004697,0.22769,0.031783,0,0.15431,0,-0.080498,0.072144,-0.014044,0.073161,0.083196,0.006559,-0.095469,-0.58615,-0.035305,0.047771,-0.58974,-0.001816,-0.082695,-0.95456,0.013963,0.01742,-0.98451,0.053836
0.0066658,0.83919,-0.047342,0.015141,0.63555,0.000107,-0.16855,0.53248,-0.034702,0.19133,0.52849,-0.010171,-0.33556,0.31048,0.047765,0.3506,0.29607,0.012574,-0.45671,0.16556,-0.1274,0.46039,0.1189,-0.13497,0.0003579,0.26447,0.027074,0,0.19173,0,-0.084719,0.10269,-0.010601,0.078039,0.11461,0.004026,-0.082264,-0.53638,-0.060873,0.043292,-0.5639,-0.018837,-0.053009,-0.91535,0.015186,0.020369,-0.98219,0.05047
0.0095288,0.85474,-0.055299,0.019178,0.64946,-0.004624,-0.16688,0.53617,-0.040793,0.19255,0.53421,-0.015724,-0.32576,0.30469,0.038833,0.34062,0.28173,0.010084,-0.43919,0.10116,-0.10625,0.4249,0.058352,-0.10669,0.0007995,0.26774,0.0249,0,0.19347,0,-0.085518,0.10835,-0.009027,0.078416,0.11582,0.005197,-0.048398,-0.44531,-0.10077,0.046936,-0.46954,-0.059476,-0.072024,-0.83874,0.02634,0.028671,-0.85316,0.075471
0.0087781,0.85688,-0.061533,0.018935,0.65153,-0.010999,-0.16747,0.5404,-0.047625,0.19153,0.53994,-0.023735,-0.3016,0.28158,0.03425,0.30522,0.26425,0.012119,-0.41944,0.029823,-0.06257,0.39371,0.023511,-0.0486,0.0011787,0.27429,0.020832,0,0.20011,0,-0.086116,0.11966,-0.004663,0.079013,0.12092,0.005636,-0.047024,-0.43533,-0.11104,0.04564,-0.45584,-0.075598,-0.068622,-0.79058,0.007894,0.015541,-0.80687,0.08516
0.0084535,0.85728,-0.063117,0.018954,0.65209,-0.012002,-0.16505,0.54471,-0.048658,0.19141,0.54018,-0.024744,-0.27172,0.25182,0.043574,0.27951,0.22819,0.028408,-0.38721,-0.0056001,0.012552,0.36089,-0.02048,-7.8e-05,0.0013428,0.2746,0.018323,0,0.20017,0,-0.086133,0.11988,-0.004813,0.079121,0.12097,0.006039,-0.046362,-0.43752,-0.10955,0.046547,-0.45781,-0.073118,-0.062514,-0.80792,0.023071,0.017763,-0.82573,0.073636
0.0089881,0.8562,-0.064,0.018845,0.65157,-0.012687,-0.1642,0.54452,-0.047392,0.19098,0.5358,-0.023557,-0.26135,0.25087,0.050866,0.25837,0.22565,0.052891,-0.36359,-0.0076772,0.085718,0.34717,-0.017788,0.090257,0.0014975,0.27283,0.016024,0,0.1976,0,-0.085738,0.11773,-0.005413,0.078857,0.11827,0.006478,-0.041423,-0.48372,-0.084818,0.059979,-0.48017,-0.036468,-0.063692,-0.86447,0.022196,0.023547,-0.90434,0.051499
0.0076831,0.83885,-0.060105,0.012795,0.63296,-0.013219,-0.16568,0.51248,-0.040697,0.18557,0.5131,-0.020569,-0.27163,0.2253,0.065137,0.26149,0.20816,0.064968,-0.37276,-0.00024688,0.14236,0.34493,-0.01706,0.1087,0.0008527,0.25591,0.014173,0,0.18036,0,-0.080779,0.090594,-0.006291,0.077066,0.10899,0.006203,-0.049884,-0.55723,-0.06713,0.062237,-0.50857,-0.033639,-0.040359,-0.93677,0.016997,0.023487,-0.95012,0.055904
0.011031,0.78535,-0.03225,0.013706,0.58191,0.000727,-0.16428,0.47686,-0.023302,0.19019,0.47704,0.00126,-0.27308,0.21117,0.088321,0.28167,0.18436,0.095505,-0.38091,-0.00059817,0.15192,0.38284,-0.034005,0.13726,0.0009208,0.21737,0.015914,0,0.14495,0,-0.08148,0.058285,-0.008845,0.076723,0.070854,0.003609,-0.051811,-0.56517,-0.064796,0.061987,-0.50952,-0.027167,-0.041074,-0.95066,0.02368,0.01631,-0.94921,0.066792
0.0066099,0.74181,-0.02269,0.012073,0.52787,0.012144,-0.17036,0.41355,-0.014184,0.18985,0.41365,0.018072,-0.3068,0.15315,0.11646,0.31131,0.133,0.12468,-0.46327,-0.028654,0.16159,0.45679,-0.059433,0.16399,0.0002362,0.15493,0.018866,0,0.081723,0,-0.082905,-0.01121,-0.012269,0.078503,0.011983,0.00248,-0.060928,-0.59467,-0.071769,0.058337,-0.50867,-0.027134,-0.071603,-0.99986,0.08416,0.019107,-0.94201,0.089555
0.0079218,0.68413,-0.017532,0.013717,0.47045,0.019636,-0.16721,0.36475,-0.004797,0.19621,0.35112,0.020954,-0.32837,0.11486,0.10456,0.33324,0.10802,0.11738,-0.52647,-0.03115,0.11339,0.52478,-0.048281,0.10286,0.0005382,0.1145,0.021789,0,0.046614,0,-0.082331,-0.041617,-0.012687,0.076819,-0.029843,0.000515,-0.058566,-0.59476,-0.081583,0.059054,-0.57462,-0.054044,-0.0681,-0.99851,0.075904,0.021168,-0.99384,0.099714
0.0035135,0.65795,-0.026662,0.013264,0.45114,0.015366,-0.1721,0.33565,-0.009566,0.19528,0.32931,0.034358,-0.35053,0.10882,0.08823,0.3382,0.10141,0.10031,-0.57451,0.010285,0.038324,0.563,-0.0038866,0.018997,-0.0005873,0.0867,0.021314,0,0.014605,0,-0.085314,-0.068122,-0.015253,0.080553,-0.070349,0.003888,-0.062968,-0.59525,-0.093014,0.055734,-0.57546,-0.065493,-0.07246,-0.99778,0.064109,0.013328,-0.99574,0.084817
0.0037788,0.65589,-0.027077,0.013422,0.4504,0.014218,-0.17253,0.33453,-0.010374,0.19524,0.32953,0.033264,-0.37962,0.11599,0.056501,0.36771,0.10267,0.08702,-0.61108,0.081393,-0.037868,0.59588,0.051205,-0.046864,-0.0005661,0.084174,0.021881,0,0.012017,0,-0.08605,-0.070343,-0.015386,0.081237,-0.073373,0.004528,-0.063899,-0.59552,-0.092283,0.055201,-0.57504,-0.066405,-0.072431,-0.99681,0.061668,0.011646,-0.99614,0.081757
0.0082338,0.67812,-0.035386,0.011865,0.47467,0.018219,-0.17363,0.37582,-0.003502,0.20349,0.36846,0.028965,-0.37355,0.16824,0.037157,0.37262,0.15676,0.062343,-0.57451,0.12711,-0.11554,0.5831,0.096618,-0.1188,-6.49e-05,0.10626,0.023613,0,0.034827,0,-0.087052,-0.045654,-0.016949,0.082668,-0.056692,0.003633,-0.06439,-0.60028,-0.075787,0.040337,-0.60092,-0.042067,-0.062576,-0.99578,0.059118,0.015143,-1.0023,0.078547
0.006467,0.74795,-0.033783,0.010221,0.54331,0.019135,-0.1655,0.42184,-0.017847,0.19668,0.42611,0.016539,-0.34665,0.22952,0.050129,0.3489,0.21718,0.05174,-0.51847,0.15309,-0.14168,0.51841,0.10886,-0.13153,-0.0006245,0.15981,0.024935,0,0.085235,0,-0.082922,0.010184,-0.018166,0.079255,-0.0040847,0.006025,-0.079169,-0.58049,-0.048752,0.043162,-0.61083,0.006299,-0.061642,-0.98176,0.048592,0.015251,-0.99765,0.076486
0.011664,0.79112,-0.041878,0.024113,0.60601,0.010035,-0.16436,0.48704,-0.026679,0.19442,0.48523,0.005357,-0.33047,0.28011,0.031852,0.33664,0.27105,0.045597,-0.46065,0.14788,-0.1462,0.47322,0.11136,-0.12759,0.0018013,0.22238,0.023444,0,0.14711,0,-0.082731,0.072633,-0.012017,0.074228,0.059775,0.003296,-0.074648,-0.57368,-0.048358,0.046468,-0.60102,0.005588,-0.052394,-0.97341,0.029676,0.019867,-0.97856,0.052685
0.013519,0.87901,-0.057269,0.019647,0.67699,-0.007048,-0.15824,0.56107,-0.067322,0.19181,0.56205,-0.032177,-0.30978,0.28846,0.010322,0.32541,0.2734,0.021455,-0.41516,0.062154,-0.12269,0.40267,0.042974,-0.085165,0.0009607,0.29019,0.018884,0,0.21317,0,-0.086452,0.13331,-0.01334,0.079723,0.13416,0.010719,-0.037789,-0.43091,-0.1024,0.032704,-0.44379,-0.058231,-0.050291,-0.80457,0.051503,0.024166,-0.79711,0.09435
0.013213,0.8842,-0.054914,0.020938,0.6861,-0.007131,-0.15707,0.58027,-0.062134,0.19149,0.56674,-0.03194,-0.28569,0.29171,0.018907,0.29189,0.2737,0.023091,-0.38631,0.04368,-0.059117,0.37528,0.024424,-0.035501,0.0016538,0.30377,0.017327,0,0.22775,0,-0.085917,0.15416,-0.007249,0.078579,0.14833,0.004972,-0.048137,-0.39786,-0.099275,0.033727,-0.44218,-0.055649,-0.051971,-0.78421,0.050127,0.02117,-0.78776,0.093365
0.013535,0.91616,-0.050312,0.020223,0.71048,-0.004317,-0.15834,0.5993,-0.053804,0.18514,0.58982,-0.027347,-0.27195,0.30269,0.02223,0.27548,0.28135,0.036399,-0.36996,0.038303,-0.000137,0.34731,0.024157,0.032669,0.0018342,0.31778,0.01655,0,0.2401,0,-0.084589,0.16422,-0.008139,0.077474,0.16251,0.004952,-0.047568,-0.41454,-0.083729,0.039228,-0.43977,-0.04906,-0.05218,-0.78328,0.044647,0.014159,-0.78825,0.079756
0.012491,0.92009,-0.048315,0.017067,0.71516,0.000636,-0.15892,0.6002,-0.050553,0.18265,0.60311,-0.015794,-0.26516,0.30403,0.034087,0.26301,0.29114,0.045349,-0.35876,0.049481,0.050416,0.33247,0.031502,0.078727,0.0009808,0.31937,0.0169,0,0.24177,0,-0.082259,0.16599,-0.011209,0.076985,0.16469,0.004725,-0.053326,-0.47798,-0.043087,0.040702,-0.49718,-0.007065,-0.063167,-0.85342,-0.00131,0.016729,-0.85408,0.035687
0.01101,0.91974,-0.039851,0.016494,0.71516,0.006925,-0.16049,0.60119,-0.039031,0.18435,0.6018,-0.006846,-0.26508,0.30899,0.056835,0.25911,0.29152,0.064367,-0.38214,0.066667,0.07856,0.33976,0.046261,0.099829,0.0009271,0.31969,0.019261,0,0.24242,0,-0.081679,0.16346,-0.012998,0.076707,0.16685,0.001358,-0.060034,-0.5154,-0.011857,0.036357,-0.51062,0.017841,-0.053338,-0.91635,0.003574,0.0093942,-0.92044,0.037219
0.006418,0.90805,-0.021772,0.013902,0.70655,0.018453,-0.16352,0.59209,-0.021427,0.18084,0.58961,0.016263,-0.27592,0.3089,0.087797,0.26105,0.27844,0.080319,-0.4147,0.089315,0.1232,0.37456,0.066845,0.12454,-0.0001295,0.31031,0.022516,0,0.2323,0,-0.079798,0.14823,-0.015396,0.076016,0.15977,0.00119,-0.084788,-0.49194,-0.037256,0.037784,-0.51725,0.028622,-0.067727,-0.94027,0.030157,-0.0048274,-0.97907,0.070034
0.0047513,0.8658,0.013671,0.0080677,0.65538,0.03544,-0.17442,0.54285,0.000559,0.18235,0.53761,0.039292,-0.30554,0.27632,0.12144,0.27844,0.26994,0.10363,-0.47342,0.095756,0.12531,0.42157,0.074435,0.14363,-0.0011529,0.27529,0.026541,0,0.20221,0,-0.082499,0.10869,-0.020963,0.079046,0.13075,0.002148,-0.069812,-0.57011,-0.010018,0.03666,-0.54565,0.035209,-0.10109,-0.95432,0.03222,0.0013025,-0.98558,0.12002
0.007546,0.80631,0.017671,0.0081042,0.60422,0.046111,-0.17141,0.48261,0.005243,0.18201,0.50163,0.037382,-0.33172,0.23944,0.1343,0.30607,0.21505,0.12696,-0.52811,0.090853,0.097423,0.48936,0.049658,0.098466,-0.0009126,0.22052,0.031685,0,0.14804,0,-0.083362,0.058673,-0.020379,0.080544,0.078827,-0.000762,-0.0701,-0.58976,-0.016409,0.034698,-0.59775,0.026618,-0.078928,-0.97442,0.089904,-0.0004363,-0.98145,0.12258
0.0013331,0.76468,0.010462,0.0065355,0.5609,0.061967,-0.16632,0.4347,0.001444,0.18063,0.43945,0.054857,-0.36405,0.20919,0.12081,0.32977,0.16949,0.12731,-0.58375,0.11097,0.049322,0.54392,0.064585,0.047213,-0.0033564,0.16912,0.036757,0,0.096844,0,-0.079384,0.0074234,-0.024228,0.077227,0.032085,-0.001795,-0.097488,-0.58574,-0.031977,0.034138,-0.59114,0.001158,-0.095227,-0.97837,0.097962,-0.0032882,-0.98213,0.13244
0.0093962,0.7255,0.020416,0.0046815,0.52492,0.058663,-0.18018,0.40565,0.025595,0.18629,0.39826,0.07955,-0.3827,0.18532,0.10078,0.3424,0.15883,0.1138,-0.60715,0.13356,-0.007438,0.58146,0.089302,-0.003009,-0.0039388,0.15597,0.038837,0,0.086923,0,-0.081786,-0.0062179,-0.026208,0.078286,0.012632,0.002755,-0.097049,-0.58725,-0.035832,0.036935,-0.5897,-0.003745,-0.10329,-0.98576,0.10899,-0.0013196,-0.98178,0.13225
0.010818,0.72475,0.016663,0.0058603,0.52283,0.053295,-0.18074,0.40504,0.024911,0.1887,0.39832,0.075853,-0.38269,0.18415,0.08419,0.35555,0.16261,0.099625,-0.59161,0.1411,-0.059641,0.58737,0.11096,-0.062383,-0.0035873,0.15336,0.039755,0,0.0844,0,-0.08322,-0.010307,-0.023345,0.079231,0.010215,0.001719,-0.09568,-0.59233,-0.026815,0.038457,-0.58682,-0.001885,-0.10063,-0.98558,0.1062,0.0003747,-0.98063,0.12945
0.011802,0.73855,-0.002352,0.0080747,0.5358,0.046938,-0.17372,0.41723,0.015927,0.19464,0.41982,0.060741,-0.36997,0.20914,0.062348,0.35854,0.2061,0.080557,-0.56065,0.14052,-0.10735,0.55695,0.1099,-0.10532,-0.0027222,0.16502,0.040529,0,0.09692,0,-0.083197,0.0074557,-0.014203,0.07853,0.024409,-0.003578,-0.08831,-0.60237,-0.006582,0.036898,-0.57715,0.009581,-0.096419,-0.9854,0.099714,0.0028139,-0.97922,0.12294
0.020663,0.77976,-0.032706,0.023494,0.58636,0.018207,-0.1633,0.46938,-0.010406,0.20381,0.4695,0.016987,-0.33241,0.2549,0.038334,0.35572,0.25744,0.054961,-0.49169,0.12761,-0.11626,0.5074,0.10262,-0.10272,0.0012241,0.21807,0.036124,0,0.14749,0,-0.087094,0.060474,-0.013334,0.078257,0.069426,0.000957,-0.083716,-0.58258,-0.025998,0.050085,-0.57773,0.005154,-0.072437,-0.96092,0.05413,0.015361,-0.97806,0.10473
0.013694,0.82459,-0.049484,0.023359,0.61205,0.009436,-0.16542,0.48768,-0.026276,0.19863,0.51256,0.001975,-0.32278,0.27848,0.03361,0.34746,0.27086,0.049885,-0.46155,0.11632,-0.10595,0.48851,0.086169,-0.11939,0.0012835,0.23343,0.033802,0,0.16052,0,-0.084684,0.081181,-0.013755,0.077103,0.077949,0.004532,-0.084696,-0.5682,-0.039281,0.048096,-0.57717,0.001108,-0.069498,-0.95625,0.048572,0.013166,-0.97533,0.092489
0.013576,0.83714,-0.062373,0.014896,0.63761,-0.015216,-0.16257,0.51486,-0.047984,0.19959,0.52478,-0.003817,-0.31896,0.27686,0.027137,0.3452,0.27137,0.041071,-0.44138,0.042052,-0.10987,0.44018,0.048937,-0.06739,-0.0011377,0.26246,0.02628,0,0.18842,0,-0.08389,0.098637,-0.014444,0.078374,0.11512,0.015296,-0.05812,-0.51052,-0.066924,0.027918,-0.56249,0.00238,-0.050819,-0.88431,0.071617,0.025913,-0.97092,0.099668
0.012698,0.84703,-0.069403,0.017503,0.64339,-0.018918,-0.16104,0.51815,-0.053165,0.19934,0.53091,-0.00987,-0.30992,0.26112,0.021731,0.31834,0.25939,0.028559,-0.42097,0.0080317,-0.028177,0.42009,-0.00025164,-0.039239,-0.0004393,0.26659,0.022559,0,0.19166,0,-0.085087,0.10662,-0.013502,0.078467,0.11605,0.015461,-0.052872,-0.4298,-0.10932,0.05479,-0.47292,-0.043756,-0.066377,-0.80703,0.065726,0.027302,-0.82207,0.14059
0.013081,0.85659,-0.074936,0.019368,0.64923,-0.024365,-0.16326,0.55107,-0.052352,0.19384,0.54399,-0.021325,-0.27917,0.26314,0.043708,0.29597,0.24555,0.038131,-0.39419,-0.00032175,0.020387,0.37469,0.010329,0.031429,0.0010485,0.27455,0.018722,0,0.19943,0,-0.085734,0.11852,-0.011763,0.078371,0.12046,0.015687,-0.054018,-0.42834,-0.1112,0.037436,-0.45183,-0.067324,-0.024406,-0.7995,0.087538,0.027813,-0.81663,0.14263
0.011751,0.85715,-0.077642,0.019724,0.6484,-0.025228,-0.16315,0.55127,-0.050956,0.19425,0.54455,-0.022313,-0.27185,0.2649,0.054861,0.28035,0.23754,0.050283,-0.37178,0.021022,0.10178,0.35957,0.010674,0.098044,0.0014938,0.27509,0.016051,0,0.20014,0,-0.085866,0.11946,-0.011764,0.078455,0.12036,0.01592,-0.052556,-0.44158,-0.10878,0.037628,-0.47114,-0.06391,-0.021406,-0.83866,0.050234,0.023042,-0.81479,0.11227
0.011128,0.84878,-0.080377,0.01792,0.63814,-0.026962,-0.16362,0.53197,-0.051652,0.19395,0.54118,-0.018777,-0.27334,0.25439,0.070778,0.27803,0.23625,0.054546,-0.3748,0.029247,0.11401,0.37455,0.0084185,0.13635,0.0012294,0.27216,0.013415,0,0.19792,0,-0.084751,0.114,-0.012842,0.078213,0.1193,0.016266,-0.056301,-0.50606,-0.087176,0.038908,-0.47751,-0.061031,-0.015604,-0.91916,0.025585,0.012308,-0.88043,0.090077
0.013289,0.82247,-0.072484,0.017972,0.62184,-0.015055,-0.15961,0.50966,-0.04375,0.19487,0.50275,-0.015328,-0.27657,0.24307,0.092416,0.29197,0.21941,0.087974,-0.38573,0.029957,0.13973,0.41453,0.022893,0.16011,0.0014505,0.24001,0.013616,0,0.16303,0,-0.082112,0.075626,-0.012722,0.076453,0.088971,0.013023,-0.056843,-0.56662,-0.05949,0.0447,-0.50763,-0.035054,-0.032716,-0.96624,0.015096,0.035952,-0.93868,0.093404
0.013446,0.7654,-0.067849,0.019831,0.56465,-0.01543,-0.15326,0.45916,-0.049186,0.19236,0.45984,-0.010365,-0.2931,0.21377,0.10144,0.3095,0.18965,0.10424,-0.45448,0.031144,0.14173,0.45121,0.001917,0.16604,0.0014315,0.20274,0.010962,0,0.13134,0,-0.082012,0.050999,-0.010129,0.07517,0.057304,0.010286,-0.070514,-0.56449,-0.070715,0.036188,-0.60244,-0.030937,-0.040173,-0.96733,0.023348,0.026222,-0.97911,0.075073
0.0082425,0.71445,-0.059296,0.01062,0.51783,-0.003646,-0.16981,0.40083,-0.029115,0.18809,0.39309,-0.01068,-0.31793,0.16935,0.12949,0.33049,0.13419,0.10336,-0.50964,0.013083,0.1177,0.53017,-0.009379,0.062208,0.0009089,0.13215,0.0126,0,0.055651,0,-0.083268,-0.021815,-0.00983,0.079586,-0.028639,0.005888,-0.077587,-0.5666,-0.071692,0.03498,-0.59824,-0.03927,-0.060719,-0.98864,0.058782,0.0232,-0.9824,0.076759
0.0029975,0.68947,-0.050133,0.013331,0.46706,-0.004288,-0.17522,0.36805,-0.020031,0.1944,0.34307,0.009005,-0.34399,0.12596,0.10894,0.34154,0.1172,0.093061,-0.56212,0.019278,0.03466,0.58263,0.0016143,0.000667,0.0008467,0.11658,0.012089,0,0.044526,0,-0.084125,-0.040654,-0.010048,0.079961,-0.039049,0.006934,-0.080927,-0.57498,-0.080792,0.034173,-0.58137,-0.064532,-0.064305,-0.99189,0.065853,0.021087,-0.98384,0.073098
0.0072149,0.65901,-0.05229,0.013039,0.4554,-0.004561,-0.17206,0.33618,-0.026757,0.19724,0.33719,0.005343,-0.34551,0.11516,0.087954,0.3613,0.10077,0.064328,-0.56585,0.045814,-0.028357,0.58169,0.022606,-0.083554,0.000478,0.085775,0.011735,0,0.01226,0,-0.083448,-0.065691,-0.015054,0.080089,-0.07544,0.010457,-0.077649,-0.5807,-0.089764,0.037611,-0.59272,-0.076932,-0.071172,-0.99123,0.062678,0.025926,-0.98454,0.0655
0.0072297,0.66131,-0.053706,0.013619,0.45644,-0.005143,-0.17378,0.3433,-0.022338,0.19695,0.33774,0.004944,-0.349,0.1216,0.069046,0.36391,0.10736,0.056699,-0.54968,0.077696,-0.083452,0.54937,0.033105,-0.12777,0.0009204,0.0877,0.010974,0,0.014407,0,-0.083881,-0.065212,-0.015011,0.080144,-0.070975,0.010765,-0.074616,-0.59251,-0.085978,0.03753,-0.58843,-0.07359,-0.070369,-0.99073,0.06205,0.024962,-0.98434,0.064172
0.012093,0.68681,-0.056015,0.016291,0.49691,0.001243,-0.1751,0.40036,-0.010889,0.19627,0.39434,0.0042,-0.32595,0.17253,0.053317,0.36952,0.11973,0.046152,-0.50274,0.087752,-0.12464,0.51892,0.029053,-0.14361,0.002072,0.12616,0.011864,0,0.052678,0,-0.08571,-0.026891,-0.013714,0.080015,-0.0377,0.007832,-0.078082,-0.5872,-0.066248,0.038595,-0.5853,-0.039063,-0.061135,-0.98401,0.066402,0.030334,-0.98252,0.063817
0.0037301,0.75229,-0.069279,0.018596,0.56416,0.004571,-0.17052,0.45047,-0.024147,0.18888,0.44609,-0.006397,-0.32079,0.21498,0.046542,0.34881,0.17527,0.021603,-0.46277,0.085485,-0.12394,0.47002,0.0096217,-0.13116,0.0027093,0.17424,0.012988,0,0.093739,0,-0.08231,0.017106,-0.014272,0.076584,0.012944,0.007924,-0.083212,-0.60954,-0.024334,0.023652,-0.60011,-0.014552,-0.068298,-0.96336,0.057039,0.02569,-0.98194,0.064383
0.01814,0.79951,-0.068082,0.022722,0.60136,-0.000893,-0.16329,0.4902,-0.031937,0.1976,0.49123,-0.01671,-0.3094,0.24565,0.044275,0.32803,0.23965,0.024206,-0.4343,0.083192,-0.11221,0.43237,0.029397,-0.098955,0.0030059,0.22941,0.011733,0,0.15443,0,-0.081759,0.080725,-0.013348,0.073852,0.064148,0.008552,-0.07001,-0.58817,-0.034115,0.032538,-0.59887,-0.014542,-0.052813,-0.96784,0.045171,0.03361,-0.97952,0.068923
0.011185,0.83188,-0.070822,0.022593,0.62586,-0.012409,-0.16203,0.50929,-0.049331,0.19469,0.52221,-0.023513,-0.30848,0.25196,0.038916,0.3184,0.24181,0.022032,-0.42367,0.026163,-0.10342,0.38319,0.010818,-0.067522,0.0026898,0.25039,0.00866,0,0.17608,0,-0.083207,0.097039,-0.013272,0.075777,0.096185,0.013259,-0.071452,-0.527,-0.052368,0.0007406,-0.4851,-0.063183,-0.032151,-0.8628,0.029492,0.024419,-0.86567,0.0856
0.014264,0.84132,-0.078504,0.021822,0.64348,-0.019628,-0.15932,0.54472,-0.055381,0.1947,0.5381,-0.034372,-0.29868,0.26302,0.030902,0.28257,0.24789,0.031232,-0.406,0.014543,-0.032387,0.36909,0.00069442,-0.018377,0.0028346,0.2729,0.005982,0,0.19861,0,-0.085256,0.12359,-0.011596,0.077493,0.11382,0.013719,-0.061304,-0.39435,-0.11861,0.0037341,-0.43031,-0.087871,-0.029739,-0.81164,0.032837,0.014334,-0.7985,0.098341
0.010221,0.85734,-0.086587,0.020601,0.65714,-0.021115,-0.16124,0.56504,-0.050072,0.19303,0.55514,-0.037031,-0.28454,0.27586,0.036065,0.27711,0.25054,0.035391,-0.39001,0.021844,0.006542,0.33486,0.0094046,0.022682,0.0030096,0.28336,0.00458,0,0.20847,0,-0.085998,0.13302,-0.010267,0.078515,0.12382,0.012609,-0.060965,-0.39436,-0.11783,0.0053942,-0.43025,-0.086715,-0.0294,-0.81166,0.033623,0.017242,-0.79569,0.098234
0.0073915,0.87025,-0.080317,0.021989,0.67331,-0.022129,-0.16248,0.57085,-0.042639,0.18993,0.55891,-0.031094,-0.26988,0.2847,0.065065,0.27338,0.25185,0.044019,-0.38832,0.023657,0.073884,0.35509,0.020897,0.078324,0.003258,0.29021,0.003278,0,0.21396,0,-0.085049,0.13837,-0.008676,0.077019,0.13184,0.009224,-0.11319,-0.35726,-0.099176,0.032933,-0.47667,-0.041781,-0.055177,-0.78712,0.022133,0.018085,-0.82046,0.070899
0.0057636,0.87306,-0.076675,0.018591,0.67317,-0.01907,-0.16435,0.56985,-0.039411,0.18693,0.56633,-0.021696,-0.27306,0.28619,0.072431,0.27099,0.25841,0.050447,-0.3918,0.043764,0.099534,0.36831,0.044866,0.1142,0.0024769,0.29037,0.003284,0,0.2142,0,-0.083026,0.13414,-0.013081,0.077689,0.13413,0.009835,-0.069745,-0.5159,-0.043771,0.042675,-0.53239,-0.005618,-0.074814,-0.85345,0.016746,-0.0005781,-0.9177,0.018633
0.0031735,0.87205,-0.063518,0.013849,0.66925,-0.008593,-0.17086,0.5561,-0.03609,0.18433,0.56428,-0.014596,-0.28631,0.28317,0.090849,0.27832,0.2664,0.070263,-0.42112,0.068785,0.1341,0.40142,0.066549,0.13393,0.0014465,0.28641,0.005454,0,0.20929,0,-0.081466,0.12169,-0.019269,0.078138,0.13203,0.010894,-0.08744,-0.55774,-0.029595,0.072587,-0.44945,0.009989,-0.070422,-0.95475,0.00509,0.0086871,-0.90173,0.026542
0.0002028,0.85066,-0.045751,0.013779,0.65152,0.004497,-0.17604,0.53846,-0.019139,0.18208,0.53756,-0.004172,-0.29636,0.26918,0.11049,0.29868,0.26331,0.092625,-0.46129,0.088227,0.13177,0.44489,0.075354,0.14528,0.0017617,0.27095,0.007952,0,0.1948,0,-0.082656,0.10504,-0.01785,0.078303,0.12022,0.008472,-0.084538,-0.56934,-0.025658,0.051028,-0.51581,0.001759,-0.097769,-0.95673,0.012253,-0.0017254,-0.96254,0.053636
-0.0016282,0.79182,-0.017776,-0.0005903,0.59364,0.021769,-0.1778,0.46646,-0.008634,0.18001,0.48047,0.021677,-0.32798,0.23483,0.14323,0.31417,0.24429,0.11035,-0.53135,0.094141,0.119,0.49382,0.078699,0.13499,-0.0011058,0.21378,0.012985,0,0.139,0,-0.082247,0.046719,-0.021729,0.082459,0.067942,0.008628,-0.085444,-0.57392,-0.025795,0.04558,-0.50862,-0.00455,-0.1022,-0.96724,0.038556,-0.0005697,-0.95086,0.080666
-0.010235,0.74882,-0.018677,0.0004163,0.54776,0.033132,-0.17965,0.40864,-0.00346,0.18435,0.42493,0.036289,-0.35335,0.21439,0.13257,0.35014,0.1926,0.11127,-0.57886,0.129,0.062185,0.57776,0.097255,0.077918,-0.001594,0.1685,0.01827,0,0.094421,0,-0.081972,-0.0043649,-0.019803,0.081915,0.027391,0.00295,-0.092533,-0.57876,-0.035208,0.036786,-0.578,-0.010493,-0.10957,-0.9789,0.060465,-0.0095935,-0.97491,0.10236
-0.012062,0.72691,-0.008962,-8.01e-05,0.52783,0.037545,-0.18561,0.40144,0.009662,0.18013,0.41139,0.045998,-0.3932,0.18692,0.11232,0.37063,0.18109,0.10595,-0.62888,0.17371,0.023247,0.60399,0.13827,0.013385,-0.0019384,0.16096,0.022337,0,0.089434,0,-0.081557,-0.00763,-0.021447,0.080975,0.018751,0.004017,-0.093293,-0.581,-0.036783,0.037212,-0.57618,-0.011919,-0.11079,-0.97884,0.06212,-0.0079896,-0.97477,0.10375
-0.011469,0.72651,-0.007677,0.0010193,0.52738,0.037147,-0.18936,0.40251,0.016479,0.18046,0.40868,0.045898,-0.3953,0.20109,0.093377,0.3874,0.1887,0.095541,-0.6098,0.21316,-0.044202,0.60736,0.1712,-0.052098,-0.0016006,0.15977,0.025523,0,0.088627,0,-0.082653,-0.0089963,-0.020777,0.081093,0.017754,0.00341,-0.089706,-0.60483,-0.019673,0.034277,-0.57777,-0.0025,-0.10871,-0.98045,0.064717,-0.0081295,-0.97591,0.10408
-0.0090119,0.74801,-0.014149,0.0021265,0.56523,0.03364,-0.18976,0.43146,0.017649,0.18553,0.4376,0.037226,-0.36784,0.24438,0.053099,0.38203,0.24301,0.060272,-0.58486,0.21952,-0.11487,0.5901,0.1774,-0.10991,-0.0009087,0.17995,0.027797,0,0.10699,0,-0.083338,0.011299,-0.017319,0.08172,0.033263,0.000594,-0.084629,-0.59628,-0.011122,0.031841,-0.58243,0.015237,-0.10231,-0.9791,0.057421,-0.0023367,-0.97566,0.098327
-0.0009938,0.80402,-0.035295,0.0066254,0.60683,0.010442,-0.17704,0.48395,-0.006997,0.19427,0.48768,0.004267,-0.34353,0.29197,0.036038,0.36697,0.28983,0.039048,-0.52363,0.20433,-0.14798,0.53094,0.17122,-0.12112,0.0003306,0.23352,0.023973,0,0.15978,0,-0.083615,0.067892,-0.016918,0.081183,0.083056,0.00768,-0.082842,-0.59097,-0.02622,0.042751,-0.59107,0.013591,-0.096565,-0.95665,0.013477,0.0030862,-0.97516,0.079828
-0.0011688,0.8318,-0.051026,0.006412,0.62971,0.001307,-0.17489,0.52569,-0.025869,0.19425,0.52509,-0.005877,-0.33516,0.30713,0.023507,0.3515,0.31029,0.027298,-0.45992,0.1622,-0.14827,0.48482,0.14979,-0.12048,-0.000313,0.2468,0.021723,0,0.17192,0,-0.082199,0.090079,-0.012617,0.080511,0.089686,0.007551,-0.081197,-0.54604,-0.053964,0.041376,-0.58853,0.008333,-0.0629,-0.94549,0.043826,0.0059265,-0.96346,0.078484
-0.0067581,0.84617,-0.064925,0.0063667,0.6518,-0.011212,-0.17313,0.53185,-0.053011,0.18731,0.54507,-0.020402,-0.33255,0.30729,0.0168,0.34082,0.30688,0.005909,-0.4492,0.11899,-0.15266,0.44195,0.097318,-0.1298,-0.0010027,0.26748,0.017417,0,0.19122,0,-0.081825,0.1065,-0.015158,0.080082,0.11506,0.016432,-0.057111,-0.44942,-0.10006,0.0072422,-0.56022,-0.019477,-0.038814,-0.84887,-0.002267,0.012706,-0.91473,0.081388
-0.0063521,0.85746,-0.075754,0.006002,0.65658,-0.018505,-0.17112,0.53524,-0.063956,0.18748,0.55046,-0.028324,-0.31007,0.28712,0.003457,0.32475,0.28562,-0.007685,-0.42461,0.038925,-0.12868,0.42378,0.036902,-0.10321,-0.0010451,0.27789,0.013472,0,0.20272,0,-0.083385,0.12077,-0.012876,0.081286,0.12349,0.016217,-0.048143,-0.39143,-0.12997,0.017412,-0.42608,-0.10092,-0.047533,-0.78341,0.080115,0.013463,-0.80692,0.066303
-0.0050512,0.86211,-0.079156,0.0062925,0.66122,-0.024282,-0.17074,0.53625,-0.066762,0.18622,0.5559,-0.031407,-0.29147,0.26706,0.016529,0.30088,0.26742,0.005873,-0.39561,0.021735,-0.049368,0.38832,0.028071,-0.053285,-0.0008065,0.28369,0.010693,0,0.20838,0,-0.083749,0.12697,-0.013354,0.081558,0.12852,0.018068,-0.053558,-0.38103,-0.13874,0.030484,-0.41782,-0.098226,-0.046942,-0.76902,0.074524,0.022283,-0.76697,0.042351
-0.0046792,0.86436,-0.079131,0.0066251,0.66178,-0.024631,-0.16635,0.54716,-0.062279,0.18484,0.56217,-0.028841,-0.27749,0.25702,0.033759,0.27313,0.254,0.021102,-0.38274,-0.0080651,0.012756,0.36889,0.0094979,0.018452,-0.0004794,0.28474,0.008874,0,0.20941,0,-0.082978,0.12866,-0.013401,0.081056,0.13001,0.017755,-0.057005,-0.40298,-0.13576,0.031743,-0.43095,-0.089465,-0.052673,-0.77478,0.060752,0.017708,-0.84171,0.052047
-0.003547,0.86278,-0.077237,0.011701,0.65867,-0.024161,-0.16793,0.54315,-0.058549,0.18328,0.56052,-0.024764,-0.27553,0.25489,0.044789,0.26505,0.2472,0.031806,-0.37253,0.015283,0.075884,0.36126,0.008881,0.077316,0.0002217,0.28176,0.007538,0,0.20613,0,-0.08287,0.1258,-0.012684,0.079412,0.12605,0.016019,-0.056788,-0.47968,-0.10688,0.057722,-0.47867,-0.056461,-0.053497,-0.86221,-0.005243,0.030089,-0.87937,0.044584
0.0012334,0.84589,-0.065826,0.017744,0.64275,-0.007073,-0.16654,0.52781,-0.048178,0.18468,0.53325,-0.011709,-0.28017,0.24811,0.067931,0.27147,0.23642,0.049648,-0.38315,0.02215,0.10287,0.38615,0.0013565,0.13729,0.0011036,0.26585,0.010015,0,0.18949,0,-0.07969,0.099764,-0.017505,0.075211,0.11561,0.013395,-0.082184,-0.55108,-0.079709,0.040934,-0.56283,-0.019293,-0.08741,-0.92249,-0.020783,0.0097646,-0.97275,0.046023
0.003735,0.80176,-0.034701,0.011698,0.60925,0.007711,-0.17064,0.47418,-0.029363,0.18001,0.49092,8.7e-05,-0.29857,0.22212,0.10712,0.29491,0.1974,0.084437,-0.42789,0.014942,0.13281,0.4105,-0.0061142,0.15036,0.000656,0.21736,0.013214,0,0.14071,0,-0.081347,0.050412,-0.018552,0.077059,0.07312,0.011273,-0.08272,-0.5762,-0.06892,0.033939,-0.60501,-0.012543,-0.090489,-0.98202,0.007043,0.015544,-1.0062,0.083593
0.0058858,0.75161,-0.025859,0.012484,0.55238,0.023628,-0.16693,0.41611,-0.025754,0.18979,0.42068,0.016624,-0.3222,0.17369,0.11659,0.3145,0.14502,0.10328,-0.49891,0.0030567,0.13257,0.47149,-0.030769,0.16435,8.11e-05,0.15846,0.017918,0,0.081268,0,-0.082404,0.00048931,-0.020562,0.078103,-0.00025893,0.007358,-0.086142,-0.57668,-0.070358,0.036443,-0.5973,-0.029276,-0.094953,-0.98321,0.019248,0.0098826,-0.99268,0.08298
0.0050615,0.69981,-0.019273,0.011465,0.48771,0.014188,-0.17965,0.37723,-0.006232,0.18693,0.37064,0.023957,-0.3436,0.14661,0.11934,0.33749,0.10772,0.099482,-0.55087,0.011669,0.093706,0.54307,-0.030132,0.079502,0.0004744,0.12676,0.018077,0,0.056764,0,-0.084334,-0.029585,-0.017405,0.079999,-0.025622,0.006633,-0.082638,-0.57864,-0.088976,0.041704,-0.58405,-0.054727,-0.095887,-0.97917,0.016974,0.0075085,-0.98852,0.078695
0.0065296,0.65925,-0.032905,0.0065569,0.45991,0.002354,-0.18178,0.33553,-0.020856,0.1871,0.32519,0.022251,-0.36539,0.12744,0.079627,0.34707,0.094332,0.076556,-0.59353,0.05242,0.004824,0.58239,0.0080177,-0.01536,-0.001247,0.087886,0.014866,0,0.013114,0,-0.084182,-0.070903,-0.018566,0.081777,-0.07085,0.011187,-0.083151,-0.5814,-0.11694,0.035809,-0.56814,-0.089421,-0.1106,-0.9844,-0.002721,-0.011311,-0.96541,0.015465
0.0067784,0.65567,-0.034973,0.0054828,0.45454,0.001779,-0.18125,0.33202,-0.020838,0.18865,0.3251,0.021193,-0.38556,0.12523,0.058195,0.36185,0.098913,0.066661,-0.60807,0.094354,-0.060549,0.58938,0.046578,-0.08382,-0.0013277,0.086073,0.014848,0,0.012068,0,-0.084987,-0.072389,-0.017469,0.082099,-0.072208,0.011028,-0.0777,-0.58056,-0.11902,0.037879,-0.5669,-0.09112,-0.11644,-0.97325,-0.014017,-0.01014,-0.96711,0.021146
0.014261,0.66817,-0.034803,0.01304,0.46238,0.005033,-0.17692,0.35975,-0.012703,0.19526,0.34494,0.02179,-0.37224,0.15553,0.034285,0.37736,0.13254,0.04663,-0.57495,0.12335,-0.11885,0.57704,0.086749,-0.14553,0.0009414,0.097385,0.015953,0,0.025805,0,-0.087703,-0.05407,-0.018869,0.081661,-0.062417,0.010734,-0.072241,-0.57844,-0.11335,0.043486,-0.57739,-0.068655,-0.10146,-0.96904,-0.00332,0.0038861,-0.97823,0.051099
0.021519,0.72038,-0.048064,0.02303,0.53004,0.012331,-0.17012,0.41982,-0.00817,0.20447,0.40797,0.025735,-0.34241,0.21282,0.028361,0.36452,0.18544,0.035358,-0.51556,0.13871,-0.15653,0.55489,0.088393,-0.19682,0.0020882,0.15948,0.018025,0,0.08665,0,-0.084039,0.0057413,-0.0105,0.075288,-0.00093547,0.000229,-0.083613,-0.58201,-0.071227,0.048949,-0.59453,-0.025471,-0.089538,-0.96563,-0.002977,0.0090328,-0.97831,0.047809
0.020672,0.7632,-0.063447,0.023282,0.57622,0.008563,-0.16214,0.47799,-0.018901,0.20238,0.46621,0.016227,-0.32774,0.25082,0.019628,0.34291,0.25508,0.042067,-0.46576,0.12786,-0.15974,0.46627,0.099898,-0.12091,0.0019823,0.20475,0.017816,0,0.13158,0,-0.082802,0.058892,-0.012388,0.074288,0.040794,0.003621,-0.087235,-0.57724,-0.069984,0.046898,-0.59296,-0.018381,-0.087023,-0.96181,-0.00661,0.0046935,-0.97344,0.038353
0.019053,0.81384,-0.064562,0.02514,0.61861,0.001363,-0.15907,0.49088,-0.037079,0.20192,0.50165,0.005135,-0.30743,0.28665,0.009845,0.32827,0.27033,0.031741,-0.423,0.12207,-0.14921,0.4523,0.10323,-0.11704,0.0019531,0.24013,0.016358,0,0.16527,0,-0.083651,0.083103,-0.014155,0.074948,0.088087,0.009305,-0.072732,-0.52017,-0.080763,0.036679,-0.56219,-0.023058,-0.074497,-0.86056,-0.00148,0.023266,-0.9382,0.047787
0.021782,0.83179,-0.071942,0.02226,0.62981,-0.011574,-0.15782,0.51229,-0.057887,0.20041,0.5279,-0.00875,-0.30574,0.28626,0.00209,0.32704,0.27027,0.025535,-0.39912,0.06553,-0.15432,0.41783,0.049214,-0.10663,0.0012262,0.25885,0.011983,0,0.18582,0,-0.084236,0.10523,-0.013576,0.076343,0.10434,0.013109,-0.047778,-0.44891,-0.10928,0.013054,-0.49563,-0.057344,-0.049588,-0.84327,0.040624,0.016528,-0.86151,0.059588
0.024188,0.84974,-0.071779,0.026471,0.64709,-0.018894,-0.15674,0.54205,-0.061088,0.20088,0.53349,-0.015991,-0.29499,0.27499,-0.002043,0.31895,0.26822,0.023238,-0.38224,0.033899,-0.11277,0.38705,0.028984,-0.079503,0.0023949,0.2775,0.009372,0,0.20335,0,-0.087415,0.12756,-0.011113,0.077338,0.11799,0.013164,-0.051749,-0.39998,-0.12682,0.015101,-0.43353,-0.082653,-0.042075,-0.79168,0.067892,0.014758,-0.80511,0.05093
0.026887,0.86377,-0.073473,0.029183,0.66034,-0.026053,-0.15405,0.5588,-0.057871,0.20015,0.55662,-0.017561,-0.27522,0.27092,0.015473,0.29598,0.25791,0.02555,-0.36973,-0.0041108,-0.045432,0.37149,0.0068575,-0.023134,0.0031841,0.28908,0.006856,0,0.21458,0,-0.086984,0.13857,-0.008374,0.07613,0.13242,0.012297,-0.052188,-0.40095,-0.12552,0.019167,-0.4362,-0.075576,-0.042894,-0.79052,0.066644,0.015357,-0.80214,0.051361
0.027336,0.86587,-0.07303,0.029324,0.66484,-0.026874,-0.15289,0.56805,-0.050533,0.19861,0.5609,-0.013598,-0.26453,0.27042,0.026266,0.28244,0.24592,0.034789,-0.35583,0.0049922,0.008637,0.36187,-0.021652,0.027993,0.003493,0.29092,0.0053,0,0.21596,0,-0.086154,0.14047,-0.007522,0.075305,0.13445,0.010944,-0.063037,-0.43123,-0.10088,0.036047,-0.47222,-0.04525,-0.060165,-0.81284,0.041071,0.021586,-0.82955,0.072614
0.027273,0.86577,-0.069815,0.029355,0.665,-0.022812,-0.15447,0.56782,-0.043291,0.20109,0.55816,-0.007485,-0.25831,0.27081,0.042773,0.26984,0.24017,0.043421,-0.35386,0.013698,0.072804,0.35215,0.0016911,0.088972,0.0035557,0.2902,0.005293,0,0.21493,0,-0.086153,0.13538,-0.009888,0.075711,0.13372,0.009185,-0.080562,-0.49992,-0.06421,0.045277,-0.54501,0.006307,-0.056877,-0.88133,0.03758,0.023636,-0.89537,0.086462
0.028174,0.85652,-0.055145,0.025246,0.65127,-0.008427,-0.15493,0.53337,-0.035284,0.20172,0.54074,0.001524,-0.26655,0.24679,0.063884,0.27482,0.22688,0.064115,-0.37605,0.020525,0.086926,0.37777,0.014298,0.12367,0.0030734,0.27901,0.006754,0,0.20363,0,-0.083893,0.11752,-0.013708,0.075264,0.12569,0.008964,-0.092768,-0.56185,-0.040522,0.044484,-0.55295,0.010364,-0.076294,-0.91871,0.052306,0.020758,-0.96426,0.088628
0.027577,0.80484,-0.037213,0.016481,0.60976,0.004294,-0.15348,0.49901,-0.035156,0.19152,0.48851,0.004076,-0.29116,0.23439,0.088445,0.29278,0.20085,0.10317,-0.44257,0.025072,0.11192,0.43375,0.0099212,0.15907,0.0013748,0.22833,0.009483,0,0.15335,0,-0.079227,0.071913,-0.012826,0.07307,0.082652,0.006999,-0.10248,-0.57589,-0.035628,0.038125,-0.57471,0.018674,-0.096715,-0.96402,0.082146,0.010283,-0.97168,0.11709
0.023633,0.76712,-0.030035,0.020923,0.56062,0.011861,-0.15183,0.44693,-0.032316,0.19346,0.43692,0.015723,-0.31275,0.19966,0.097568,0.30378,0.17941,0.11441,-0.50945,0.029181,0.092146,0.47132,0.0026783,0.14454,0.0015038,0.19202,0.011911,0,0.11834,0,-0.080051,0.033629,-0.014966,0.073227,0.042929,0.00625,-0.1063,-0.56963,-0.046377,0.03771,-0.57632,0.012724,-0.11287,-0.96688,0.091248,0.0081861,-0.97047,0.11665
0.01974,0.7089,-0.017539,0.019439,0.50714,0.020508,-0.16543,0.39418,-0.012307,0.20014,0.38814,0.035632,-0.34976,0.15926,0.099702,0.35374,0.13724,0.12324,-0.57058,0.05548,0.042758,0.56684,0.027283,0.046776,0.001217,0.13943,0.015708,0,0.067247,0,-0.083387,-0.025123,-0.016263,0.076063,-0.004633,0.003149,-0.10518,-0.5773,-0.049599,0.044541,-0.57993,0.002944,-0.12398,-0.98407,0.11337,0.0090711,-0.9744,0.12571
0.0196,0.70135,-0.019306,0.019337,0.50006,0.016702,-0.17067,0.38155,-0.005047,0.20496,0.36188,0.047253,-0.35151,0.16002,0.091534,0.37067,0.13488,0.10248,-0.58142,0.1086,-0.014199,0.59827,0.087421,-0.005022,0.0008165,0.13104,0.016526,0,0.058443,0,-0.08438,-0.028713,-0.015712,0.078122,-0.03233,0.005136,-0.10248,-0.58435,-0.051982,0.043465,-0.5815,-0.003,-0.12707,-0.98629,0.11272,-0.0060455,-0.98131,0.12582
0.02106,0.70185,-0.018541,0.018554,0.49952,0.015548,-0.17061,0.38192,-0.004468,0.2042,0.36373,0.044958,-0.38323,0.17457,0.054219,0.38163,0.15529,0.079622,-0.60141,0.14892,-0.074752,0.60252,0.12562,-0.058611,0.0005906,0.12896,0.017586,0,0.055909,0,-0.084327,-0.029254,-0.015928,0.078403,-0.033797,0.004811,-0.096641,-0.58288,-0.044155,0.041927,-0.58324,0.000734,-0.12244,-0.98707,0.11271,-0.0078269,-0.98225,0.12659
0.020235,0.72239,-0.016277,0.02294,0.5363,0.020147,-0.16666,0.4085,-0.007467,0.20111,0.41574,0.030649,-0.3603,0.22335,0.037696,0.39625,0.18602,0.059087,-0.56062,0.18206,-0.12309,0.59056,0.14374,-0.10967,0.0015447,0.14664,0.01998,0,0.071213,0,-0.08441,-0.0035107,-0.013858,0.076849,-0.016742,0.003364,-0.094269,-0.57382,-0.02673,0.041904,-0.58696,0.017226,-0.11818,-0.98306,0.11516,-0.0052173,-0.98252,0.13603
0.014845,0.78205,-0.037384,0.022852,0.58973,0.011308,-0.17003,0.47997,-0.00851,0.20058,0.47014,0.02335,-0.33804,0.27327,0.035071,0.37134,0.26162,0.050485,-0.52552,0.17949,-0.15666,0.55401,0.14345,-0.14428,0.0020167,0.21338,0.0194,0,0.13942,0,-0.082114,0.058383,-0.012126,0.073635,0.053373,0.002478,-0.11176,-0.57526,-0.002791,0.040168,-0.58424,0.034073,-0.11651,-0.9776,0.099204,0.0004179,-0.9787,0.12422
0.015017,0.83228,-0.034755,0.015294,0.63489,0.000672,-0.16957,0.50251,-0.029582,0.19708,0.52292,0.005504,-0.33184,0.29088,0.030256,0.34966,0.31232,0.036804,-0.47415,0.16348,-0.1671,0.49167,0.14157,-0.12187,0.0007373,0.25435,0.01719,0,0.17932,0,-0.082165,0.098007,-0.013238,0.076607,0.096373,0.007934,-0.11175,-0.54689,-0.021123,0.040225,-0.57873,0.027855,-0.094772,-0.971,0.0867,-0.006356,-0.97838,0.11358
0.014462,0.85502,-0.053965,0.014424,0.65349,-0.010819,-0.15257,0.54887,-0.058659,0.20051,0.53778,-0.00641,-0.3221,0.31167,0.020892,0.34816,0.31246,0.033268,-0.44137,0.1445,-0.13217,0.45887,0.11597,-0.11458,-0.0002697,0.2707,0.0137,0,0.19475,0,-0.082384,0.11529,-0.011322,0.077401,0.11396,0.010274,-0.059474,-0.47555,-0.061067,0.047117,-0.49223,-0.008343,-0.087723,-0.90673,0.065491,-0.010071,-0.89851,0.11182
0.017678,0.88098,-0.061046,0.019732,0.68049,-0.01446,-0.14999,0.55818,-0.074065,0.19598,0.57574,-0.036997,-0.31851,0.30376,0.007847,0.33524,0.30654,0.028728,-0.42226,0.079618,-0.12805,0.41275,0.065713,-0.067207,0.0014825,0.29413,0.011289,0,0.21675,0,-0.0829,0.14187,-0.008309,0.077093,0.13962,0.008678,-0.059834,-0.38707,-0.11216,0.033728,-0.42513,-0.056764,-0.046728,-0.78654,0.044102,0.025108,-0.78445,0.16582
0.01763,0.89176,-0.064615,0.017919,0.69069,-0.018516,-0.15329,0.57402,-0.075589,0.1933,0.57936,-0.039548,-0.30343,0.30027,0.011686,0.2907,0.27752,0.029825,-0.40655,0.050307,-0.050644,0.37926,0.046446,-0.010316,0.0013606,0.31095,0.008788,0,0.2352,0,-0.083205,0.15774,-0.00792,0.077182,0.15512,0.010373,-0.06016,-0.37977,-0.11254,0.060574,-0.36084,-0.07984,-0.048127,-0.76429,0.042079,0.020119,-0.742,0.14424
0.021106,0.90233,-0.075299,0.0227,0.69888,-0.020156,-0.15512,0.58572,-0.070805,0.19307,0.58177,-0.037985,-0.27571,0.3,0.02723,0.28154,0.27649,0.038382,-0.38599,0.044767,0.010792,0.35482,0.026032,0.045681,0.0023647,0.31784,0.007059,0,0.24159,0,-0.084153,0.16398,-0.007534,0.076734,0.16059,0.010069,-0.058949,-0.38925,-0.1075,0.05901,-0.34734,-0.084818,-0.039731,-0.77542,0.056483,0.022129,-0.73249,0.13373
0.020622,0.90388,-0.072731,0.022986,0.70083,-0.017969,-0.15736,0.59046,-0.062434,0.19444,0.58771,-0.029989,-0.27217,0.30273,0.036463,0.27455,0.2793,0.04486,-0.37716,0.056491,0.06427,0.36111,0.020616,0.10193,0.0026398,0.32043,0.006107,0,0.24433,0,-0.083886,0.1661,-0.008762,0.07606,0.16278,0.010404,-0.051074,-0.45115,-0.079249,0.026271,-0.48868,-0.031861,-0.030024,-0.82329,0.026801,0.011261,-0.8423,0.1421
0.021468,0.89821,-0.06926,0.028502,0.6907,-0.019261,-0.15908,0.58949,-0.05269,0.19499,0.58377,-0.022123,-0.27106,0.30382,0.053213,0.27336,0.27646,0.057296,-0.38963,0.063451,0.087775,0.37198,0.054475,0.12164,0.0036005,0.31425,0.004763,0,0.23864,0,-0.084204,0.16309,-0.007881,0.074631,0.15155,0.007999,-0.098661,-0.39448,-0.072465,0.027752,-0.52633,-0.000159,-0.037564,-0.84371,-0.027966,0.014412,-0.92844,0.12046
0.014293,0.86527,-0.067283,0.020481,0.65957,-0.012989,-0.16317,0.53936,-0.045017,0.19345,0.54403,-0.018783,-0.28768,0.27122,0.077435,0.27598,0.26314,0.076219,-0.4217,0.067545,0.1065,0.40706,0.057406,0.12891,0.0026046,0.28374,0.004879,0,0.20844,0,-0.082518,0.12476,-0.012208,0.075267,0.12879,0.0107,-0.091569,-0.48892,-0.071301,0.030828,-0.54923,0.005657,-0.040563,-0.93773,-0.017187,0.022922,-0.96789,0.11518
0.010427,0.81804,-0.058596,0.026847,0.61955,-0.003715,-0.16432,0.5019,-0.041293,0.18936,0.5199,-0.011993,-0.30222,0.2463,0.097142,0.29641,0.23132,0.091792,-0.47776,0.071799,0.092518,0.43796,0.030662,0.10975,0.0038298,0.23363,0.006422,0,0.15745,0,-0.082965,0.072775,-0.008389,0.073209,0.083548,0.004916,-0.083546,-0.57461,-0.060072,0.026072,-0.59436,-0.004093,-0.049869,-0.98514,0.015514,0.022926,-0.99368,0.050773
0.012212,0.76032,-0.048911,0.018182,0.55472,-0.002929,-0.17144,0.45457,-0.035474,0.1868,0.44947,-0.012649,-0.32396,0.20219,0.095016,0.3121,0.17429,0.085475,-0.52943,0.06506,0.021683,0.51803,0.018308,0.026035,0.0025964,0.19079,0.006604,0,0.11987,0,-0.084819,0.02258,-0.011616,0.077438,0.051448,0.006509,-0.082579,-0.57457,-0.065679,0.041675,-0.59606,-0.031992,-0.059889,-0.98986,0.037667,0.020869,-0.99587,0.067225
0.014599,0.70481,-0.053688,0.01684,0.50267,0.007047,-0.16185,0.3887,-0.042742,0.19433,0.38248,-0.011673,-0.35371,0.15475,0.072674,0.33986,0.12711,0.073294,-0.57325,0.074016,-0.023646,0.56585,0.02598,-0.061738,0.001807,0.12981,0.009538,0,0.055853,0,-0.081049,-0.03417,-0.010424,0.074985,-0.015031,0.002596,-0.081126,-0.57641,-0.076831,0.04564,-0.59561,-0.046065,-0.065755,-0.99465,0.048774,0.022011,-0.99653,0.068348
0.012016,0.69725,-0.049538,0.014055,0.49035,0.007022,-0.17124,0.373,-0.025549,0.19674,0.3593,0.020103,-0.35935,0.14852,0.065498,0.34188,0.12439,0.065748,-0.57269,0.10746,-0.087988,0.56031,0.049474,-0.12088,0.0009012,0.12281,0.01051,0,0.049683,0,-0.082171,-0.037646,-0.012515,0.079861,-0.034703,0.007199,-0.080801,-0.57961,-0.082064,0.049342,-0.58728,-0.057871,-0.069597,-0.99537,0.050669,0.017741,-1.0022,0.070731
0.010816,0.69607,-0.050455,0.013342,0.48987,0.005999,-0.17198,0.3729,-0.025516,0.19799,0.35959,0.01686,-0.34781,0.16248,0.041996,0.34792,0.13611,0.044305,-0.55099,0.12739,-0.1416,0.53273,0.068865,-0.16826,0.00072378,0.12068,0.011065,0,0.047117,0,-0.083008,-0.038287,-0.013366,0.080984,-0.040717,0.009143,-0.076346,-0.59047,-0.081201,0.048361,-0.58814,-0.056345,-0.070848,-0.99525,0.05191,0.018355,-1.0012,0.072413
0.011232,0.70694,-0.054868,0.014663,0.50913,0.00096,-0.1713,0.40267,-0.02608,0.19971,0.40922,0.001152,-0.33903,0.19854,0.036114,0.35325,0.14952,0.028625,-0.50409,0.12081,-0.1462,0.50775,0.068238,-0.21924,0.0014294,0.13426,0.010743,0,0.060004,0,-0.083978,-0.022073,-0.013917,0.080047,-0.025796,0.009055,-0.071504,-0.60201,-0.054515,0.036067,-0.60985,-0.021995,-0.071076,-0.99469,0.056334,0.016881,-1.001,0.074011
0.0055874,0.767,-0.066462,0.017063,0.56634,-0.005753,-0.1764,0.46247,-0.028699,0.19258,0.4654,-0.004146,-0.32817,0.25376,0.033839,0.35339,0.20311,-0.000469,-0.46599,0.11154,-0.12972,0.46446,0.057009,-0.18159,0.0019793,0.19242,0.009066,0,0.11791,0,-0.083314,0.04153,-0.012914,0.076936,0.02668,0.009572,-0.082485,-0.58678,-0.037015,0.031538,-0.6095,-0.000478,-0.062297,-0.97458,0.026533,0.017732,-0.98824,0.069465
0.0081425,0.81003,-0.082899,0.018081,0.6168,-0.018624,-0.17052,0.49284,-0.052042,0.1922,0.50754,-0.022512,-0.32329,0.26482,0.022557,0.32694,0.25963,0.007982,-0.44483,0.10002,-0.13159,0.4213,0.058647,-0.11664,0.0020572,0.24165,0.005599,0,0.16661,0,-0.083977,0.08315,-0.010834,0.077523,0.083333,0.01153,-0.075286,-0.59209,-0.040101,0.03409,-0.59483,-0.007249,-0.058171,-0.9708,0.015739,0.014795,-0.9804,0.049803
0.0066718,0.82855,-0.089407,0.018098,0.63146,-0.026287,-0.16585,0.52373,-0.067695,0.19776,0.52045,-0.035182,-0.31518,0.2661,0.018763,0.32864,0.25876,0.003625,-0.41998,0.03408,-0.12298,0.40895,0.032413,-0.083998,0.0021162,0.25943,0.003062,0,0.18496,0,-0.085409,0.1033,-0.007598,0.078494,0.10302,0.012143,-0.050161,-0.47385,-0.08683,0.037665,-0.52256,-0.038065,-0.035247,-0.86755,0.055444,0.030686,-0.87646,0.08696
0.0043251,0.85342,-0.08977,0.014109,0.64655,-0.031136,-0.16367,0.53827,-0.074262,0.19342,0.54981,-0.048875,-0.29873,0.2614,0.018824,0.30402,0.26592,0.023706,-0.39181,0.01832,-0.053925,0.37803,0.033001,-0.031729,0.0016919,0.27571,0.001278,0,0.20126,0,-0.085467,0.12115,-0.0078,0.080295,0.12116,0.013737,-0.052089,-0.38644,-0.12623,0.035432,-0.42321,-0.083366,-0.017238,-0.77249,0.052032,0.026951,-0.79038,0.12264
0.005339,0.85994,-0.098659,0.015723,0.65424,-0.031095,-0.16263,0.55339,-0.074216,0.18767,0.55471,-0.053381,-0.27335,0.2655,0.028176,0.28908,0.25991,0.034247,-0.38004,-0.00040536,0.012983,0.37542,-0.0010024,0.029302,0.0021351,0.28416,0.000341,0,0.20981,0,-0.085041,0.13333,-0.003771,0.07891,0.13291,0.007643,-0.054727,-0.37793,-0.12579,0.038779,-0.41744,-0.08351,-0.01814,-0.76811,0.058558,0.02967,-0.78942,0.12408
0.0028509,0.86326,-0.10007,0.015019,0.66129,-0.033487,-0.16348,0.56067,-0.067205,0.18503,0.56266,-0.04936,-0.26777,0.27081,0.036101,0.26791,0.26524,0.052297,-0.36637,0.026672,0.083582,0.35337,0.018433,0.083773,0.0021254,0.29164,-0.000868,0,0.21734,0,-0.083724,0.13951,-0.001649,0.07783,0.13985,0.00774,-0.056556,-0.42302,-0.097185,0.046228,-0.43277,-0.064684,-0.029384,-0.78767,0.065702,0.032087,-0.79087,0.12687
-0.00068859,0.8638,-0.09339,0.012709,0.66262,-0.032404,-0.16825,0.56417,-0.057566,0.18276,0.56253,-0.041836,-0.26696,0.27444,0.050243,0.26398,0.26545,0.061628,-0.37143,0.045252,0.10616,0.36266,0.039389,0.1127,0.0017631,0.29076,-0.001358,0,0.21602,0,-0.083815,0.13718,0.001669,0.079345,0.1368,0.002543,-0.067955,-0.53237,-0.041541,0.049285,-0.52546,-0.019127,-0.054118,-0.85995,0.017698,0.034608,-0.82232,0.1161
-0.0033263,0.85466,-0.090275,0.0084009,0.65975,-0.027047,-0.17208,0.55955,-0.046658,0.1818,0.55835,-0.030556,-0.26671,0.28194,0.086813,0.27712,0.27285,0.088173,-0.38758,0.064179,0.13406,0.4041,0.074222,0.14972,0.00080298,0.28031,-0.000963,0,0.20354,0,-0.081504,0.11734,-0.006906,0.079599,0.12633,0.008084,-0.078607,-0.51567,-0.034757,0.058796,-0.55256,0.016948,-0.051439,-0.96252,-0.000437,0.016799,-0.97943,0.035929
-0.0045472,0.83967,-0.078834,0.0086155,0.62435,-0.037775,-0.17228,0.5159,-0.045945,0.18382,0.52049,-0.020627,-0.29542,0.26359,0.10837,0.29201,0.25891,0.10838,-0.44143,0.07271,0.15843,0.4492,0.06953,0.1222,0.00098879,0.26379,-0.003567,0,0.19053,0,-0.080946,0.10887,-0.002243,0.077957,0.11219,0.007645,-0.081821,-0.51404,-0.026127,0.055754,-0.56633,0.024934,-0.061697,-0.96441,0.033047,0.015137,-0.9793,0.048781
-0.0073974,0.77365,-0.053124,0.0023653,0.57598,-0.008534,-0.18201,0.46659,-0.020687,0.17939,0.46903,-0.00727,-0.32352,0.22654,0.13683,0.30594,0.23315,0.11682,-0.5127,0.068004,0.14383,0.52382,0.0719,0.087577,0.0001665,0.21477,0.001295,0,0.14232,0,-0.078607,0.058503,-0.007882,0.077716,0.062753,0.005563,-0.070872,-0.58452,-0.018119,0.05078,-0.6156,0.022891,-0.07885,-0.99076,0.068594,0.01732,-0.98306,0.088884
-0.0074186,0.73526,-0.038637,-0.0059091,0.52528,0.008619,-0.1846,0.41314,-0.020306,0.18259,0.41583,0.012308,-0.36164,0.18987,0.12746,0.33414,0.18608,0.11416,-0.5791,0.078583,0.071235,0.57092,0.093044,0.05067,-0.0016133,0.16535,0.005799,0,0.094129,0,-0.079505,0.026244,-0.013279,0.081486,0.0015167,0.006076,-0.091084,-0.50165,-0.038816,0.048769,-0.59353,0.00286,-0.084645,-0.94289,0.05986,0.010286,-0.98846,0.10288
-0.0048365,0.71683,-0.035814,-0.0027733,0.51111,0.009106,-0.18338,0.40001,-0.014078,0.1859,0.39883,0.02245,-0.38139,0.17439,0.10634,0.345,0.17856,0.10883,-0.61204,0.11948,0.019629,0.60339,0.12899,-0.016366,-0.0014529,0.15666,0.007489,0,0.086225,0,-0.078956,0.012463,-0.013825,0.079841,-0.006955,0.00611,-0.070446,-0.59852,-0.03409,0.050026,-0.59022,-0.005975,-0.083136,-0.98874,0.071629,0.010978,-0.99088,0.10236
-0.0050023,0.71429,-0.033228,-0.00035186,0.50936,0.013674,-0.18385,0.39776,-0.010837,0.18562,0.39734,0.021619,-0.38691,0.17514,0.094837,0.36229,0.17792,0.098196,-0.59969,0.14919,-0.044182,0.58941,0.16295,-0.082439,-0.0012083,0.15352,0.009953,0,0.082846,0,-0.079247,0.0092069,-0.01412,0.079471,-0.010258,0.004695,-0.069969,-0.60038,-0.029279,0.046066,-0.59496,-0.004635,-0.081388,-0.98979,0.076142,0.011444,-0.99103,0.10366
-0.0050482,0.74261,-0.019334,0.001097,0.53132,0.012542,-0.18224,0.41485,-0.004375,0.18602,0.41847,0.015724,-0.37413,0.22284,0.06173,0.3569,0.19232,0.071126,-0.56457,0.1661,-0.10101,0.54053,0.16933,-0.10835,-0.0009429,0.15559,0.011492,0,0.083671,0,-0.07985,0.0088345,-0.014134,0.079454,-0.005788,0.003887,-0.076346,-0.59292,0.002334,0.039574,-0.61053,0.022063,-0.081793,-0.98915,0.076367,0.011927,-0.99064,0.10432
-0.0065479,0.78573,-0.03513,0.0096603,0.59437,0.014106,-0.17935,0.48189,-0.008157,0.18577,0.4826,0.001938,-0.33723,0.2662,0.052407,0.35027,0.26731,0.041339,-0.5025,0.16387,-0.12913,0.51081,0.1575,-0.17017,0.001219,0.21253,0.013567,0,0.13722,0,-0.079004,0.056858,-0.009554,0.075546,0.052664,-0.000891,-0.078828,-0.58602,0.012024,0.045652,-0.60053,0.034425,-0.068964,-0.98182,0.069855,0.01495,-0.98618,0.096099
