0.014458,0.59721,-0.042053,-0.0039918,0.44661,0.02132,-0.1671,0.35131,0.010493,0.15569,0.34503,0.052354,-0.34924,0.16617,0.031935,0.23215,0.12851,0.1111,-0.54048,0.10854,-0.033024,0.39842,-0.015247,0.036394,-0.0047973,0.10616,0.032513,0,0.041302,0,-0.070073,-0.030375,-0.019127,0.071463,-0.035144,0.007012,-0.072756,-0.57291,-0.0086265,0.044209,-0.57906,0.017626,-0.091565,-0.94194,0.040999,-0.0096939,-0.95525,0.079637
0.017364,0.58548,-0.046135,0.006255,0.3959,0.012705,-0.16149,0.29789,0.004233,0.1551,0.29954,0.043384,-0.34379,0.13723,0.014132,0.23459,0.089787,0.095577,-0.52914,0.093783,-0.078363,0.38489,-0.026648,0.0024993,-0.0027689,0.054877,0.030493,0,-0.011113,0,-0.073218,-0.08075,-0.014158,0.071013,-0.084962,0.005314,-0.083463,-0.58799,-0.032327,0.051583,-0.58569,3.3923e-05,-0.10045,-0.95897,0.07003,0.0077773,-0.95854,0.10498
0.016445,0.53511,-0.037277,0.0039949,0.36485,0.01248,-0.15776,0.27044,-0.0011919,0.15631,0.27782,0.037072,-0.34178,0.10969,-0.00063995,0.2235,0.04526,0.08228,-0.51886,0.072047,-0.11246,0.392,-0.069186,-0.030208,-0.0029361,0.032801,0.029865,0,-0.031569,0,-0.073504,-0.1018,-0.012538,0.071867,-0.10238,0.0038929,-0.085591,-0.5886,-0.040576,0.059133,-0.59104,-0.019265,-0.093201,-0.9552,0.074386,0.0069508,-0.9617,0.10902
0.018096,0.5289,-0.0343,0.0036852,0.36018,0.014505,-0.15614,0.26684,1.8337e-06,0.15771,0.26936,0.035582,-0.33819,0.10401,-0.0063023,0.2324,0.042761,0.077258,-0.50102,0.051782,-0.13454,0.39145,-0.071302,-0.028383,-0.0027435,0.026911,0.029869,0,-0.037481,0,-0.073242,-0.10677,-0.01325,0.071713,-0.11029,0.0037407,-0.086921,-0.58968,-0.038524,0.061602,-0.59309,-0.018331,-0.091045,-0.95528,0.074781,0.0027878,-0.96538,0.11167
0.014982,0.53285,-0.030334,0.0065558,0.37328,0.017396,-0.15701,0.27741,0.0042248,0.15878,0.27834,0.037124,-0.32697,0.11069,-0.0066599,0.23752,0.053853,0.078084,-0.46791,0.022835,-0.14184,0.38898,-0.07475,-0.020187,-0.0020888,0.034727,0.030257,0,-0.03012,0,-0.07351,-0.099344,-0.013092,0.071169,-0.10323,0.0024058,-0.088974,-0.58532,-0.025226,0.049637,-0.59237,-0.0042303,-0.089756,-0.95581,0.071573,-0.0016179,-0.96469,0.10981
0.027947,0.58286,-0.016542,0.012575,0.43121,0.026024,-0.15337,0.33926,0.013466,0.16535,0.33704,0.044543,-0.30328,0.12983,0.00091317,0.24731,0.10594,0.099666,-0.43528,0.0091507,-0.11482,0.38404,-0.065029,0.021878,-0.0009172,0.087876,0.032515,0,0.02256,0,-0.072253,-0.046872,-0.016792,0.067815,-0.052215,0.0032374,-0.080467,-0.57964,0.002117,0.036869,-0.59094,0.030229,-0.090825,-0.93614,0.05772,0.0012816,-0.95227,0.098995
0.027956,0.62493,-0.026213,0.0062367,0.4644,0.029475,-0.14963,0.36685,0.0083927,0.16507,0.36964,0.045866,-0.28643,0.1617,0.0095186,0.2434,0.13145,0.11872,-0.41019,0.0096002,-0.067867,0.36676,-0.032199,0.08037,-0.002493,0.10849,0.033939,0,0.041462,0,-0.070011,-0.026568,-0.017082,0.06716,-0.031445,0.0022728,-0.079655,-0.57847,0.0083927,0.037763,-0.59138,0.036618,-0.090015,-0.93484,0.062041,0.0019479,-0.95258,0.10258
0.032061,0.64511,-0.019044,0.010656,0.48234,0.027056,-0.14542,0.38323,0.0070972,0.16862,0.3848,0.047702,-0.28014,0.16737,0.018334,0.24302,0.16423,0.1307,-0.40806,0.011804,-0.040057,0.36833,-0.0097609,0.10806,-0.0023476,0.12774,0.034292,0,0.060314,0,-0.070258,-0.0087216,-0.015281,0.066532,-0.012338,0.0018813,-0.074202,-0.55708,0.0096956,0.039671,-0.57115,0.03883,-0.085503,-0.91594,0.068489,-0.0034816,-0.92646,0.10733
0.030481,0.65395,-0.020137,0.009028,0.49793,0.026365,-0.14923,0.39714,0.0098477,0.1675,0.3978,0.052827,-0.28342,0.17988,0.029454,0.23941,0.17591,0.13888,-0.43359,0.026587,0.011103,0.3688,0.016138,0.14691,-0.0029772,0.14772,0.034784,0,0.081351,0,-0.070694,0.012249,-0.015012,0.067383,0.0057502,0.0022059,-0.070141,-0.53044,0.0045356,0.029057,-0.54838,0.029947,-0.072466,-0.87943,0.062865,-0.0094618,-0.88336,0.099935
0.027824,0.6616,-0.021578,0.011195,0.50386,0.026251,-0.15085,0.40698,0.01033,0.16653,0.40526,0.055569,-0.28799,0.18827,0.034867,0.23402,0.18583,0.15003,-0.45594,0.067954,0.025574,0.36894,0.032444,0.16868,-0.0030096,0.15109,0.035275,0,0.084303,0,-0.070684,0.015042,-0.015498,0.066703,0.0096151,0.0021692,-0.067246,-0.53663,0.0082735,0.02224,-0.55382,0.034014,-0.071246,-0.87991,0.054354,-0.0099692,-0.89368,0.081482
0.021906,0.6705,-0.029448,0.0095476,0.50774,0.025855,-0.15302,0.40901,0.010692,0.16348,0.40714,0.057129,-0.29788,0.20104,0.035981,0.22864,0.19121,0.15396,-0.47258,0.090723,0.026597,0.36832,0.037814,0.17058,-0.0034267,0.15266,0.035692,0,0.085487,0,-0.069307,0.016151,-0.01708,0.066328,0.01125,0.0030641,-0.071891,-0.56003,0.01223,0.0085814,-0.55919,0.03595,-0.092748,-0.90263,0.0094223,-0.032345,-0.91591,0.043439
0.021344,0.66632,-0.028275,0.0041226,0.49995,0.016685,-0.15733,0.39996,0.0046429,0.16208,0.40425,0.058935,-0.31366,0.20248,0.033924,0.22522,0.18369,0.15273,-0.4969,0.10702,0.018523,0.37786,0.034493,0.15222,-0.0046171,0.14904,0.034147,0,0.081464,0,-0.068504,0.0093033,-0.017912,0.066673,0.0083201,0.0049995,-0.079186,-0.56718,0.0067993,0.0059037,-0.56483,0.03301,-0.094277,-0.90407,0.012461,-0.033703,-0.91874,0.045159
0.020884,0.64889,-0.027024,0.0036385,0.48112,0.019004,-0.15933,0.37177,-0.0028174,0.15858,0.37925,0.056651,-0.32748,0.18773,0.023641,0.22452,0.15385,0.14393,-0.51166,0.10749,-0.0372,0.39114,0.0022393,0.11722,-0.0054368,0.12503,0.033752,0,0.056754,0,-0.068804,-0.014776,-0.019004,0.067566,-0.016997,0.0076134,-0.096532,-0.57612,-0.01803,0.021999,-0.56926,0.02378,-0.10164,-0.92928,0.030031,-0.02607,-0.9437,0.059414
0.021742,0.60309,-0.043312,0.0078159,0.43289,0.0070587,-0.15716,0.33759,-0.0067855,0.16398,0.33388,0.052537,-0.3438,0.14571,-0.0068946,0.2289,0.10941,0.1228,-0.5298,0.081711,-0.082718,0.38996,-0.026959,0.064204,-0.0047647,0.097092,0.030655,0,0.03145,0,-0.071598,-0.040205,-0.017959,0.068636,-0.045602,0.0097845,-0.095399,-0.57351,-0.03768,0.039332,-0.56363,-0.0099257,-0.098763,-0.92997,0.031805,-0.023067,-0.94348,0.061246
0.0226,0.55641,-0.029227,0.0058563,0.38629,0.002878,-0.15647,0.28019,-0.011098,0.16288,0.28595,0.044411,-0.33688,0.11697,-0.016602,0.22763,0.063053,0.099882,-0.52579,0.067504,-0.12149,0.40192,-0.064435,0.024858,-0.0042217,0.047175,0.027968,0,-0.019383,0,-0.07375,-0.091801,-0.015118,0.071647,-0.092676,0.0096332,-0.091088,-0.57937,-0.054733,0.050174,-0.56711,-0.029474,-0.0977,-0.94321,0.043585,-0.025514,-0.95285,0.073392
0.023478,0.54032,-0.031107,0.0046009,0.36602,0.001852,-0.15583,0.26376,-0.011037,0.16239,0.26406,0.045717,-0.33621,0.090371,-0.030551,0.23427,0.042571,0.096974,-0.51024,0.035224,-0.15464,0.39765,-0.080254,0.0093362,-0.0042837,0.029242,0.026185,0,-0.037002,0,-0.074036,-0.10766,-0.014492,0.072394,-0.11091,0.0093371,-0.092947,-0.58484,-0.059003,0.05393,-0.57102,-0.032508,-0.096821,-0.94496,0.047182,-0.025448,-0.9533,0.074683
0.023767,0.54064,-0.025968,0.0050657,0.36612,0.005711,-0.15481,0.2632,-0.0078261,0.16175,0.26299,0.046725,-0.31256,0.086509,-0.029692,0.23363,0.039281,0.095782,-0.48125,0.016239,-0.15556,0.39057,-0.089265,0.0034326,-0.0037291,0.027001,0.026275,0,-0.039974,0,-0.073834,-0.10971,-0.01401,0.071659,-0.11365,0.0073264,-0.092276,-0.58522,-0.054997,0.054062,-0.57336,-0.026936,-0.096499,-0.94528,0.051571,-0.027516,-0.95438,0.077843
0.031173,0.57246,-0.0013102,0.0089907,0.39886,0.011152,-0.15303,0.29147,-0.00018153,0.16062,0.29109,0.048892,-0.31256,0.095368,-0.019768,0.22847,0.056099,0.095063,-0.45529,-0.0073174,-0.14079,0.37513,-0.08767,0.020527,-0.0028038,0.050257,0.026456,0,-0.017358,0,-0.072395,-0.086873,-0.015808,0.069684,-0.088968,0.0064701,-0.093333,-0.58635,-0.032499,0.039658,-0.57805,-0.00029889,-0.099635,-0.94559,0.064505,-0.027948,-0.95471,0.089984
0.023431,0.62257,0.0089034,0.0077197,0.45116,0.032761,-0.15052,0.34183,0.0063628,0.16291,0.34359,0.059852,-0.29875,0.14108,-0.0094324,0.22799,0.1053,0.1101,-0.43206,0.0056147,-0.10307,0.35571,-0.071995,0.058014,-0.003573,0.095171,0.03151,0,0.027522,0,-0.070046,-0.041528,-0.020599,0.067443,-0.046417,0.0054313,-0.098441,-0.58132,-0.0021041,0.025992,-0.58546,0.03628,-0.099951,-0.94184,0.070441,-0.026464,-0.9546,0.10509
0.02813,0.65439,0.020604,0.004343,0.49175,0.031491,-0.14914,0.3682,0.0064637,0.16262,0.3735,0.064748,-0.29562,0.1506,-0.00017512,0.22486,0.12028,0.11828,-0.42913,-0.0003264,-0.058705,0.34721,-0.04625,0.10037,-0.0046463,0.11708,0.032669,0,0.046374,0,-0.068085,-0.021317,-0.020775,0.06666,-0.027546,0.0056367,-0.094515,-0.57624,0.0053378,0.022532,-0.58666,0.041951,-0.09538,-0.93202,0.067361,-0.013389,-0.93932,0.09401
0.022382,0.67638,0.022948,0.0081521,0.50627,0.035865,-0.14862,0.39036,0.0086421,0.16204,0.39416,0.067395,-0.29029,0.16339,0.012732,0.2257,0.16032,0.13553,-0.42751,0.012412,-0.033093,0.34279,-0.015728,0.13653,-0.0042957,0.14112,0.03491,0,0.072254,0,-0.06919,0.0045673,-0.018489,0.066106,0.00053917,0.0024929,-0.079494,-0.52731,-0.0040937,0.022409,-0.55178,0.027046,-0.063245,-0.8983,0.07239,-0.0048942,-0.92367,0.096236
0.022652,0.69088,0.024738,0.0078358,0.51289,0.036652,-0.14877,0.40373,0.0099614,0.16213,0.4062,0.06733,-0.2861,0.18133,0.024291,0.22562,0.17194,0.13662,-0.44418,0.049355,-0.0066452,0.34936,0.0034355,0.15105,-0.0045905,0.15013,0.036372,0,0.08197,0,-0.068517,0.01388,-0.019143,0.065786,0.0089183,0.0033382,-0.073629,-0.52449,-0.0026157,0.020267,-0.54744,0.026214,-0.075569,-0.87602,0.060361,-0.010568,-0.89121,0.074082
0.021962,0.69402,0.020953,0.0077806,0.52066,0.035942,-0.14932,0.40806,0.010438,0.16083,0.41252,0.06817,-0.28711,0.19159,0.031591,0.226,0.18238,0.14898,-0.46353,0.085001,0.0027533,0.3559,0.022752,0.16122,-0.004888,0.15395,0.037467,0,0.085216,0,-0.06742,0.017538,-0.019618,0.06498,0.012206,0.003462,-0.060857,-0.5335,-0.00017695,0.011999,-0.55163,0.022771,-0.069201,-0.9042,0.057992,-0.0065293,-0.88895,0.049213
0.018991,0.6973,0.022127,0.0068788,0.52283,0.035615,-0.1536,0.41042,0.010691,0.15825,0.41231,0.067574,-0.29411,0.1975,0.034783,0.22243,0.18342,0.15216,-0.47521,0.09941,0.0038746,0.36404,0.030032,0.16035,-0.0052168,0.15463,0.038561,0,0.085655,0,-0.067174,0.016595,-0.019996,0.06513,0.012906,0.0039277,-0.062736,-0.56034,0.004366,0.0089762,-0.56167,0.022095,-0.07526,-0.91009,0.00079948,0.00048794,-0.9214,0.021301
0.01675,0.6861,0.023866,0.010859,0.46347,0.020131,-0.15636,0.39517,-0.00056294,0.15434,0.39995,0.0595,-0.31221,0.19649,0.029976,0.21941,0.16847,0.13514,-0.4961,0.1213,-0.03987,0.38027,0.026457,0.12442,-0.0042031,0.13821,0.035718,0,0.075118,0,-0.066696,0.0049479,-0.019726,0.064421,0.0038823,0.005347,-0.070823,-0.57182,0.0067314,0.016925,-0.57159,0.02074,-0.080198,-0.91176,0.0048913,-0.0051034,-0.92558,0.026586
0.020754,0.65635,0.01829,0.005344,0.4677,0.022206,-0.15637,0.36348,-0.0099999,0.15496,0.373,0.057003,-0.32728,0.1777,0.013169,0.22077,0.14176,0.12847,-0.5081,0.10479,-0.06823,0.38846,-0.0041621,0.084619,-0.0070282,0.12157,0.03618,0,0.049719,0,-0.066982,-0.020807,-0.018862,0.066345,-0.02342,0.0076693,-0.080353,-0.58717,-0.0097203,0.024698,-0.59985,0.011742,-0.068234,-0.95601,0.0095333,-0.0020222,-0.9571,0.031095
0.018989,0.61033,0.011388,0.0039781,0.44745,0.016101,-0.15971,0.3217,-0.013694,0.15797,0.3232,0.046132,-0.33931,0.13114,-0.010467,0.2268,0.10023,0.10499,-0.51508,0.083553,-0.12094,0.38739,-0.028598,0.045863,-0.0057357,0.081193,0.033596,0,0.014673,0,-0.071458,-0.058785,-0.018786,0.07024,-0.059623,0.0098331,-0.081393,-0.58237,-0.033207,0.033422,-0.59819,-0.019239,-0.071203,-0.95357,0.013585,-0.0023003,-0.95655,0.033435
0.017407,0.57688,0.011425,0.0039407,0.39191,0.0050013,-0.15919,0.27179,-0.017255,0.15829,0.27736,0.041402,-0.33345,0.10785,-0.022124,0.2319,0.058715,0.084884,-0.50845,0.054634,-0.15876,0.39488,-0.068434,-0.0081663,-0.0053741,0.044378,0.030872,0,-0.025424,0,-0.072831,-0.096834,-0.012476,0.071376,-0.095406,0.0063949,-0.081787,-0.58704,-0.052043,0.054248,-0.5751,-0.053948,-0.073126,-0.95251,0.012741,-0.0041461,-0.95706,0.035406
0.018229,0.56075,0.015341,0.0045058,0.3776,0.0045594,-0.15685,0.26472,-0.014528,0.15696,0.26884,0.039436,-0.3276,0.088192,-0.032578,0.23025,0.049134,0.079305,-0.47937,0.026294,-0.17112,0.38563,-0.07762,-0.019559,-0.0045945,0.031012,0.029034,0,-0.036803,0,-0.072474,-0.10612,-0.012522,0.070853,-0.108,0.0067397,-0.082481,-0.58665,-0.051557,0.054289,-0.57839,-0.052745,-0.076383,-0.95709,0.020359,-0.0064589,-0.95723,0.039967
0.018102,0.56093,0.016909,0.0046027,0.38216,0.0074841,-0.15637,0.26575,-0.012562,0.15789,0.27105,0.038982,-0.32064,0.089493,-0.033863,0.23061,0.047609,0.076152,-0.4477,-0.0065974,-0.17816,0.37994,-0.08059,-0.018733,-0.0041826,0.032549,0.02847,0,-0.035336,0,-0.072731,-0.10493,-0.012624,0.071349,-0.1062,0.0053387,-0.08251,-0.58692,-0.049082,0.048037,-0.58074,-0.045203,-0.080205,-0.95698,0.023433,-0.0077598,-0.95775,0.042439
0.021952,0.59692,0.027865,0.0037973,0.43332,0.024357,-0.15092,0.31761,0.0016613,0.15921,0.3228,0.041704,-0.29529,0.11336,-0.017907,0.22632,0.088136,0.082658,-0.42486,-0.0091627,-0.13508,0.36029,-0.075195,0.0037645,-0.003203,0.071198,0.031732,0,0.0012507,0,-0.069613,-0.065503,-0.0147,0.068761,-0.07013,0.0021692,-0.083875,-0.58489,-0.02839,0.023291,-0.60514,0.0038296,-0.082662,-0.95718,0.033784,-0.0076307,-0.95909,0.052225
0.019208,0.64873,0.042421,0.0030187,0.46772,0.036645,-0.14692,0.35289,0.003737,0.1621,0.35608,0.048379,-0.2866,0.13501,-0.010142,0.2317,0.11809,0.10201,-0.41332,-0.0099285,-0.098185,0.34709,-0.049747,0.05355,-0.0040928,0.10063,0.035376,0,0.032288,0,-0.068158,-0.034857,-0.016786,0.067272,-0.040122,0.0011057,-0.080036,-0.57874,-0.014793,0.021011,-0.60537,0.015646,-0.072223,-0.94956,0.02808,-0.0063172,-0.95851,0.049351
0.021015,0.66073,0.043914,0.0099583,0.49878,0.043434,-0.14341,0.36993,0.0043898,0.1606,0.37269,0.052318,-0.2835,0.15219,0.0044054,0.23414,0.14102,0.11568,-0.41845,-1.8826e-05,-0.045575,0.35552,-0.026444,0.099796,-0.0037737,0.11888,0.037439,0,0.048181,0,-0.067407,-0.016153,-0.016717,0.065147,-0.021241,-0.0011598,-0.071208,-0.55322,-0.017277,0.022675,-0.59609,0.032968,-0.060125,-0.92125,0.011509,-0.0047819,-0.94683,0.051821
0.020849,0.6865,0.046245,0.011265,0.51061,0.0421,-0.14623,0.38797,0.0076207,0.16327,0.39511,0.062037,-0.28689,0.16058,0.018296,0.23269,0.15434,0.12646,-0.43148,0.014632,-0.018454,0.35488,-0.012484,0.12045,-0.0040303,0.13979,0.038474,0,0.070847,0,-0.068595,0.0010237,-0.016201,0.06448,-0.0023147,0.00031081,-0.058292,-0.53145,-0.022745,0.02163,-0.57694,0.036482,-0.049685,-0.90447,0.0067507,-0.0015893,-0.87987,0.04968
0.019433,0.6892,0.045735,0.0082923,0.5175,0.041176,-0.14884,0.39085,0.0092729,0.16089,0.39688,0.063923,-0.28766,0.18192,0.030185,0.23114,0.16414,0.13192,-0.45662,0.062535,0.015073,0.3661,0.0081371,0.13548,-0.0047517,0.14542,0.039508,0,0.076268,0,-0.067883,0.0075627,-0.017748,0.065731,0.0040142,0.0011213,-0.052877,-0.52277,-0.024254,0.018474,-0.57036,0.035933,-0.048061,-0.86818,0.037182,0.023934,-0.8718,0.064423
0.018198,0.69165,0.044283,0.0084472,0.51939,0.040145,-0.14896,0.3954,0.009128,0.15982,0.39931,0.065565,-0.29259,0.19196,0.035545,0.23039,0.16633,0.13539,-0.46834,0.082803,0.020765,0.3721,0.016611,0.14067,-0.0051515,0.14737,0.040317,0,0.07818,0,-0.066647,0.0099649,-0.018795,0.064704,0.0056654,0.0020161,-0.054442,-0.56309,-0.0097817,0.0043123,-0.56903,0.013285,-0.049195,-0.92891,0.0063124,0.02583,-0.92991,0.021559
0.019384,0.68463,0.044203,0.012629,0.46024,0.022742,-0.15042,0.39304,0.0084239,0.16126,0.39501,0.06788,-0.30174,0.19412,0.036676,0.23371,0.16152,0.1378,-0.48441,0.098942,0.0045576,0.38384,0.019125,0.12645,-0.004257,0.13804,0.038175,0,0.073534,0,-0.066828,0.004806,-0.019188,0.064983,-0.00019404,0.0032062,-0.060084,-0.56665,-0.0084817,0.0041932,-0.60644,0.014951,-0.050842,-0.93342,0.0020381,0.040762,-1.0092,0.010548
0.02064,0.67124,0.040861,0.012704,0.47697,0.027547,-0.15162,0.37766,0.00689,0.1617,0.37509,0.065662,-0.32022,0.18389,0.027285,0.2394,0.14045,0.13319,-0.50657,0.099509,-0.038153,0.38991,-0.0010023,0.10811,-0.0056183,0.1262,0.039116,0,0.055069,0,-0.06888,-0.010517,-0.019695,0.06563,-0.022578,0.0053901,-0.069836,-0.58274,-0.014031,0.016652,-0.59883,0.006769,-0.068781,-0.94647,0.010074,0.019879,-0.96461,0.038769
0.034551,0.62574,0.034466,0.01443,0.46232,0.028182,-0.14904,0.33037,-0.0013743,0.16363,0.3313,0.053541,-0.33198,0.14816,0.0016732,0.23708,0.10408,0.11221,-0.51236,0.078946,-0.084907,0.39706,-0.041008,0.048625,-0.0034942,0.090672,0.039229,0,0.022824,0,-0.071962,-0.046791,-0.018883,0.066204,-0.049343,0.0052425,-0.083969,-0.58334,-0.026224,0.047295,-0.58251,-0.024363,-0.07649,-0.95003,0.019536,0.016068,-0.9635,0.0389
0.022212,0.58771,0.026524,0.015045,0.40208,0.02125,-0.14603,0.28683,-0.0049381,0.16581,0.28654,0.048514,-0.33029,0.11616,-0.014962,0.2346,0.069391,0.093796,-0.50051,0.055742,-0.13169,0.38887,-0.064373,0.019486,-0.0037433,0.046093,0.037539,0,-0.021786,0,-0.071824,-0.091737,-0.018373,0.06684,-0.094638,0.0071687,-0.096181,-0.58655,-0.048751,0.051856,-0.57863,-0.049606,-0.082105,-0.95429,0.02966,0.012848,-0.96231,0.034788
0.026832,0.57455,0.030421,0.014275,0.39343,0.023064,-0.14638,0.27268,-0.0027111,0.1636,0.27413,0.044008,-0.29665,0.084604,-0.0082827,0.23379,0.053774,0.087973,-0.48154,0.044109,-0.15304,0.37699,-0.07572,0.0010333,-0.003094,0.037882,0.037761,0,-0.029804,0,-0.071911,-0.097696,-0.018162,0.06711,-0.10268,0.0063528,-0.096564,-0.58681,-0.048954,0.052716,-0.58103,-0.053526,-0.080055,-0.95517,0.032425,0.0082363,-0.9616,0.036271
0.027331,0.57294,0.031206,0.014017,0.39248,0.023278,-0.1465,0.2726,-0.0019657,0.16371,0.27353,0.044157,-0.29655,0.08993,-0.016117,0.23378,0.052187,0.086028,-0.44499,0.018717,-0.16141,0.37431,-0.080618,-0.00014669,-0.0030404,0.03751,0.037665,0,-0.030087,0,-0.071961,-0.098081,-0.017937,0.067451,-0.10305,0.0060044,-0.092012,-0.58779,-0.04401,0.043904,-0.58228,-0.050482,-0.077176,-0.95312,0.032278,0.0034605,-0.96142,0.037125
0.027171,0.58639,0.038156,0.017752,0.42124,0.034593,-0.14393,0.31525,0.010734,0.16193,0.30895,0.047324,-0.29425,0.107,-0.01622,0.23303,0.070502,0.08624,-0.43057,0.0094972,-0.15004,0.36758,-0.080091,0.0041789,-0.0017191,0.055638,0.040132,0,-0.012278,0,-0.071531,-0.077847,-0.015837,0.066523,-0.082004,0.00062345,-0.073477,-0.59072,-0.018314,0.034428,-0.58151,-0.026222,-0.076483,-0.95282,0.033467,-0.00031503,-0.9612,0.039007
0.025924,0.6289,0.046282,0.012847,0.46579,0.049729,-0.14564,0.34041,0.011441,0.16537,0.34213,0.057587,-0.29429,0.14068,-0.016575,0.23382,0.11603,0.099746,-0.41826,0.0039117,-0.12258,0.34871,-0.05718,0.055046,-0.0033774,0.094254,0.04338,0,0.026019,0,-0.070326,-0.041189,-0.018728,0.065887,-0.049876,-0.00051801,-0.068562,-0.59622,0.0016035,0.026661,-0.59412,0.0062776,-0.077062,-0.93308,0.039128,0.0066173,-0.95176,0.040264
0.02286,0.66252,0.049873,0.014203,0.48809,0.043452,-0.1411,0.36728,0.0074365,0.16424,0.36535,0.059142,-0.29539,0.14972,-0.014463,0.23569,0.12232,0.10421,-0.42574,-0.00027954,-0.084741,0.36144,-0.041802,0.10141,-0.0042017,0.11004,0.043315,0,0.040255,0,-0.069077,-0.025666,-0.017679,0.064817,-0.029291,0.00061978,-0.065856,-0.59233,0.0078225,0.025257,-0.59404,0.0060704,-0.068937,-0.92133,0.042946,0.0066989,-0.94301,0.041405
0.020659,0.66974,0.049866,0.010187,0.50176,0.04187,-0.14658,0.37936,0.0067699,0.16052,0.38144,0.06215,-0.29952,0.16324,-0.0033712,0.23656,0.14071,0.11924,-0.43234,0.010644,-0.059654,0.36095,-0.032347,0.1144,-0.0054488,0.13309,0.043528,0,0.065181,0,-0.06859,-0.0040544,-0.01972,0.064807,-0.0073634,0.0022866,-0.070693,-0.53649,3.759e-05,0.0185,-0.56376,-0.0020766,-0.06348,-0.8775,0.05982,0.0019524,-0.89584,0.029162
0.019033,0.68469,0.051095,0.0059756,0.5102,0.044132,-0.14812,0.38803,0.0072403,0.15837,0.39056,0.067233,-0.29812,0.18521,0.020731,0.23508,0.14668,0.12542,-0.46037,0.034078,-0.013719,0.3715,-0.0060351,0.14339,-0.0066758,0.13868,0.044279,0,0.070664,0,-0.067003,0.002073,-0.020842,0.065187,-0.00036621,0.0031897,-0.069952,-0.53655,-0.00032181,0.014443,-0.56193,-0.0037086,-0.062452,-0.87883,0.056404,0.0031007,-0.88784,0.050054
0.018452,0.68797,0.053377,0.005617,0.51219,0.045737,-0.1486,0.39204,0.0090657,0.15821,0.39117,0.072828,-0.30132,0.19012,0.02491,0.23761,0.14797,0.13887,-0.47836,0.073484,0.0077849,0.3793,0.00047161,0.15855,-0.0073384,0.13949,0.044885,0,0.071475,0,-0.066161,0.0033409,-0.021751,0.064816,-8.3583e-07,0.0033868,-0.057333,-0.54461,0.0081681,0.0056682,-0.57543,0.012419,-0.05874,-0.92566,0.036023,0.0080541,-0.92632,0.044039
0.017187,0.6848,0.051555,0.0018789,0.5089,0.046363,-0.15229,0.3892,0.010278,0.15742,0.38636,0.076538,-0.31402,0.18979,0.03218,0.23432,0.14805,0.1418,-0.49132,0.079686,0.0091858,0.37955,0.0032996,0.15818,-0.0084733,0.1364,0.045327,0,0.068279,0,-0.065692,-0.0010217,-0.022008,0.066439,-0.0044247,0.0036848,-0.058847,-0.57705,0.023209,0.012059,-0.58021,0.017608,-0.059213,-0.93434,0.045437,0.006414,-0.93107,0.054522
0.014422,0.65842,0.048717,-0.00011121,0.48433,0.04585,-0.1573,0.36152,0.0078646,0.15837,0.36765,0.076121,-0.3251,0.17788,0.030873,0.23173,0.13924,0.14011,-0.50737,0.084669,-0.012643,0.38677,-0.0037528,0.13418,-0.0086662,0.1219,0.04586,0,0.055704,0,-0.067548,-0.015164,-0.023113,0.068854,-0.019285,0.0051682,-0.068112,-0.59206,0.013941,0.028804,-0.58341,0.006626,-0.073553,-0.94998,0.061215,0.0076662,-0.97024,0.074847
0.015047,0.61044,0.034919,-7.6006e-05,0.43673,0.036822,-0.15764,0.33219,0.0029926,0.15549,0.33305,0.060934,-0.34177,0.14353,0.013794,0.23164,0.1025,0.12589,-0.52874,0.073066,-0.053028,0.39114,-0.029712,0.096032,-0.0076491,0.080276,0.045229,0,0.015251,0,-0.070107,-0.054999,-0.021625,0.069999,-0.054594,0.0044732,-0.073849,-0.58793,-0.01661,0.042609,-0.57958,-0.018568,-0.07162,-0.95221,0.060973,0.0082153,-0.95976,0.074874
0.01274,0.57145,0.021655,0.0073276,0.39289,0.024105,-0.16085,0.27349,-0.0071,0.15549,0.27375,0.046096,-0.3448,0.099132,-0.009613,0.23398,0.049519,0.1089,-0.53228,0.049231,-0.10957,0.40354,-0.079289,0.037516,-0.0057656,0.038972,0.042461,0,-0.028508,0,-0.073995,-0.10002,-0.020883,0.071471,-0.10195,0.0084019,-0.079533,-0.58641,-0.047912,0.049559,-0.57687,-0.045649,-0.072844,-0.95113,0.051331,0.0059476,-0.9575,0.064915
0.018278,0.52648,0.020899,0.005053,0.35784,0.020426,-0.15911,0.24551,-0.010122,0.15883,0.2407,0.046023,-0.33802,0.075444,-0.01366,0.2319,0.024113,0.095512,-0.50672,0.021132,-0.13725,0.39056,-0.10057,0.011548,-0.0062854,0.014762,0.041252,0,-0.050041,0,-0.073883,-0.12238,-0.020313,0.071873,-0.12383,0.0090492,-0.080628,-0.59143,-0.062298,0.053695,-0.58195,-0.058521,-0.069242,-0.95949,0.052643,0.0055735,-0.9611,0.063047
0.020034,0.5245,0.019005,0.0030527,0.3528,0.019248,-0.15801,0.24131,-0.011116,0.1588,0.23666,0.04266,-0.32974,0.062679,-0.018519,0.2295,0.012365,0.087886,-0.47752,-0.0084554,-0.15739,0.38533,-0.11397,-0.0035784,-0.0062532,0.0071757,0.040075,0,-0.058552,0,-0.073429,-0.13016,-0.018406,0.072486,-0.13049,0.0073365,-0.079439,-0.59101,-0.064974,0.055948,-0.58275,-0.06057,-0.065559,-0.9598,0.05154,0.0044457,-0.96434,0.061024
0.0194,0.52887,0.017823,0.0028576,0.35815,0.021337,-0.15789,0.24253,-0.011306,0.15809,0.24178,0.04107,-0.32216,0.064839,-0.016767,0.22815,0.015106,0.084652,-0.45406,-0.032308,-0.15588,0.37628,-0.1196,-0.0053012,-0.0059725,0.0098826,0.039724,0,-0.056031,0,-0.073292,-0.12711,-0.018159,0.072407,-0.12812,0.0068937,-0.078315,-0.58481,-0.057076,0.058644,-0.58011,-0.053158,-0.062769,-0.9552,0.050509,0.0052161,-0.96295,0.060398
0.020534,0.58158,0.024088,0.0060857,0.41025,0.027546,-0.15194,0.29178,0.00023746,0.15842,0.28914,0.04591,-0.3011,0.094639,-0.0049509,0.22823,0.058801,0.085426,-0.43343,-0.028399,-0.13715,0.35183,-0.10362,0.031268,-0.0048099,0.046983,0.040842,0,-0.022298,0,-0.0716,-0.091163,-0.018064,0.069652,-0.092487,0.0051049,-0.079517,-0.59759,-0.019711,0.05091,-0.58789,-0.018461,-0.06221,-0.9565,0.050882,0.0076864,-0.96412,0.061106
0.01677,0.62335,0.036892,0.011918,0.45414,0.037565,-0.15423,0.34355,0.0030017,0.15765,0.33837,0.050747,-0.29958,0.11865,0.00054368,0.22171,0.10464,0.096958,-0.42939,-0.022067,-0.090898,0.33913,-0.070956,0.066579,-0.0041145,0.093468,0.043142,0,0.02661,0,-0.070615,-0.042119,-0.019967,0.066665,-0.046085,0.0034216,-0.080731,-0.59143,-0.008742,0.048864,-0.58786,0.0086852,-0.065356,-0.95008,0.049606,0.012569,-0.95503,0.059142
0.016623,0.6473,0.036144,0.0078184,0.47681,0.035359,-0.15151,0.36078,0.0028752,0.15714,0.35457,0.050995,-0.29465,0.14693,0.0086284,0.22099,0.11611,0.098801,-0.41983,-0.0053139,-0.067439,0.34192,-0.052358,0.084193,-0.0048456,0.10658,0.04345,0,0.038,0,-0.069012,-0.029032,-0.018871,0.066094,-0.03366,0.0031805,-0.076863,-0.57181,-0.0031704,0.043897,-0.58786,0.019865,-0.060251,-0.92793,0.051215,0.010717,-0.95114,0.060006
0.01628,0.66272,0.03448,0.0040725,0.49658,0.034289,-0.15429,0.3797,0.0055221,0.15719,0.38236,0.05895,-0.28794,0.16795,0.021316,0.22323,0.13838,0.10733,-0.43784,0.023816,-0.035139,0.35634,-0.031883,0.1157,-0.0061908,0.12816,0.043652,0,0.059522,0,-0.067641,-0.010449,-0.018733,0.066146,-0.013627,0.0033831,-0.064742,-0.5529,0.00021912,0.035863,-0.56451,0.020117,-0.058476,-0.90197,0.051733,0.0014657,-0.90576,0.071544
0.014278,0.6684,0.034329,0.0021298,0.50209,0.034573,-0.15684,0.38757,0.0084578,0.15622,0.38752,0.06068,-0.29383,0.17549,0.02658,0.23126,0.15902,0.12913,-0.46236,0.041036,-0.0075336,0.35796,-0.003247,0.13968,-0.0064521,0.13388,0.044174,0,0.065518,0,-0.067125,-0.0041207,-0.019207,0.066341,-0.0079303,0.0037434,-0.061955,-0.55155,0.0033272,0.022021,-0.55956,0.019511,-0.056466,-0.898,0.0529,-0.000108,-0.90142,0.071812
0.012194,0.67047,0.03312,0.0020222,0.50737,0.035695,-0.15938,0.39052,0.0088915,0.15435,0.39002,0.060965,-0.30455,0.18281,0.027503,0.23046,0.15734,0.12852,-0.48792,0.072075,-0.0037214,0.3648,0.0015477,0.1405,-0.0065087,0.13737,0.044752,0,0.06884,0,-0.067024,-0.0014497,-0.019925,0.066283,-0.0042822,0.0043275,-0.062855,-0.55379,0.0099761,0.018607,-0.5584,0.020248,-0.05806,-0.89808,0.052283,-0.00083533,-0.89708,0.071353
0.011709,0.67071,0.032522,0.0012478,0.50646,0.035398,-0.15985,0.38988,0.0087008,0.15415,0.38923,0.061522,-0.31244,0.18101,0.030099,0.23012,0.15503,0.12848,-0.49542,0.0806,-0.0038452,0.3713,0.0056266,0.14193,-0.0067609,0.13678,0.045068,0,0.068291,0,-0.067069,-0.0021508,-0.019794,0.06651,-0.0048025,0.0043385,-0.069539,-0.57396,0.02551,0.014576,-0.56859,0.02793,-0.070773,-0.90252,0.057656,-0.0066395,-0.91941,0.073419
0.013327,0.66669,0.032693,0.0049026,0.49402,0.032142,-0.16082,0.37607,0.0072962,0.15587,0.36561,0.058263,-0.32271,0.17385,0.024758,0.23114,0.14603,0.12342,-0.51576,0.084721,-0.037963,0.38557,-0.0073103,0.10779,-0.0060641,0.12579,0.044778,0,0.057029,0,-0.068775,-0.013304,-0.020081,0.067059,-0.018702,0.0060337,-0.073203,-0.57776,0.021021,0.021262,-0.57781,0.025448,-0.071771,-0.93835,0.089305,-0.0057508,-0.94397,0.1023
0.010097,0.6177,0.024019,0.0024953,0.44596,0.025731,-0.16145,0.33434,0.0010214,0.15662,0.34019,0.047475,-0.33436,0.14366,0.010499,0.23176,0.099094,0.10225,-0.5221,0.066775,-0.078945,0.38892,-0.033852,0.066096,-0.0055801,0.089687,0.043662,0,0.02312,0,-0.070363,-0.048111,-0.018563,0.06927,-0.050151,0.0057614,-0.081003,-0.58158,0.0032722,0.02531,-0.58038,0.012021,-0.072127,-0.94691,0.089512,-0.0045394,-0.94902,0.098665
0.014923,0.58519,0.017944,0.004135,0.40189,0.017134,-0.1593,0.28277,-0.0069982,0.15783,0.27975,0.034162,-0.33779,0.099927,-0.011722,0.23401,0.064156,0.085696,-0.51528,0.034874,-0.1254,0.38773,-0.077385,0.016586,-0.0046004,0.045437,0.040901,0,-0.022376,0,-0.072949,-0.095159,-0.01963,0.071522,-0.094897,0.0094783,-0.087005,-0.58625,-0.015747,0.034729,-0.58078,-0.014079,-0.077855,-0.95394,0.08791,-0.0045582,-0.95165,0.092564
0.015981,0.5428,0.014881,0.006549,0.37458,0.011475,-0.16003,0.25336,-0.0079206,0.1592,0.26237,0.036415,-0.33129,0.077582,-0.016213,0.23051,0.028663,0.0728,-0.49078,0.002747,-0.14808,0.38132,-0.10375,-0.015517,-0.0043139,0.028405,0.038423,0,-0.038684,0,-0.073836,-0.11279,-0.01759,0.071442,-0.11123,0.00947,-0.087004,-0.58882,-0.031904,0.039483,-0.594,-0.030215,-0.075282,-0.9568,0.084609,-0.004233,-0.96096,0.091926
0.016753,0.52748,0.011945,0.0062257,0.36566,0.011271,-0.15793,0.25132,-0.0074099,0.1581,0.25188,0.031333,-0.31233,0.056073,-0.01226,0.23149,0.021431,0.070166,-0.46936,-0.014866,-0.15482,0.37767,-0.11754,-0.026936,-0.0036223,0.018619,0.036861,0,-0.048373,0,-0.073518,-0.11995,-0.016042,0.071744,-0.12009,0.0076042,-0.083256,-0.58732,-0.035325,0.042175,-0.59101,-0.033069,-0.071487,-0.95668,0.082998,-0.0023157,-0.96053,0.089779
0.016644,0.53757,0.017215,0.0052003,0.37278,0.01601,-0.15761,0.25662,-0.0048015,0.15888,0.25715,0.034853,-0.3059,0.063035,-0.012821,0.22966,0.023944,0.06904,-0.4417,-0.045291,-0.13974,0.37047,-0.11703,-0.020017,-0.0037158,0.023952,0.036579,0,-0.042651,0,-0.073524,-0.11379,-0.015664,0.071911,-0.11427,0.005622,-0.082484,-0.58438,-0.032425,0.0411,-0.58332,-0.027323,-0.071706,-0.95619,0.084289,-0.0022316,-0.95945,0.09248
0.017036,0.60112,0.045146,0.0057192,0.43164,0.034689,-0.1566,0.30912,0.011172,0.1568,0.31614,0.04557,-0.28667,0.10376,0.0057852,0.22562,0.074542,0.083955,-0.42613,-0.059609,-0.095306,0.35002,-0.10067,0.018913,-0.0029806,0.068161,0.040251,0,-0.0013814,0,-0.070648,-0.069983,-0.017525,0.068965,-0.071733,0.0014092,-0.074691,-0.59178,0.0085935,0.033922,-0.59975,0.020795,-0.073654,-0.95529,0.09037,-0.0015229,-0.96317,0.10183
0.014133,0.6393,0.054166,0.0099421,0.46549,0.041567,-0.15514,0.35231,0.012511,0.15834,0.34501,0.055221,-0.28478,0.12146,0.010762,0.22588,0.10861,0.090131,-0.42549,-0.041072,-0.053017,0.33941,-0.065902,0.070534,-0.0036819,0.097141,0.042305,0,0.030211,0,-0.069897,-0.037213,-0.019168,0.066909,-0.045512,0.001621,-0.080137,-0.5879,0.019512,0.030341,-0.59702,0.031951,-0.070107,-0.93401,0.077919,-0.0010927,-0.94065,0.092901
0.011518,0.66388,0.058325,0.0077104,0.48952,0.041613,-0.15468,0.37325,0.014416,0.15677,0.36907,0.058542,-0.28494,0.15293,0.023139,0.2284,0.12448,0.10294,-0.42011,-0.0038314,0.00012744,0.34806,-0.043135,0.11378,-0.0042824,0.11708,0.042968,0,0.047893,0,-0.068724,-0.020855,-0.018673,0.065927,-0.022621,0.00093059,-0.074332,-0.5615,0.023434,0.028172,-0.59461,0.039623,-0.064492,-0.91028,0.076193,0.00017631,-0.93933,0.091282
0.010207,0.67724,0.062147,0.0037652,0.5053,0.042983,-0.15572,0.38247,0.014382,0.15467,0.38699,0.063044,-0.28483,0.16944,0.033925,0.22886,0.15685,0.1154,-0.4309,0.016778,0.0045118,0.34914,-0.014726,0.15167,-0.0055402,0.13639,0.043869,0,0.068756,0,-0.066979,0.0012632,-0.021215,0.065823,-0.0050191,0.0030622,-0.069434,-0.55188,0.023343,0.0016912,-0.57698,0.058692,-0.058895,-0.89748,0.072708,0.0062719,-0.8792,0.084604
0.0095401,0.68525,0.061964,0.0024212,0.51599,0.046877,-0.15548,0.39282,0.01393,0.1518,0.39793,0.065568,-0.29627,0.18024,0.042938,0.22779,0.16442,0.12208,-0.47208,0.045359,0.025217,0.35201,0.0019627,0.16348,-0.0061845,0.1428,0.044861,0,0.074828,0,-0.066148,0.0065757,-0.021599,0.06539,0.0048559,0.0025259,-0.066556,-0.54962,0.024149,0.0015674,-0.56715,0.057811,-0.061519,-0.88311,0.065298,0.0066307,-0.86979,0.080935
0.010064,0.68742,0.061214,0.0011262,0.51708,0.046593,-0.1562,0.39592,0.0143,0.15124,0.40179,0.067473,-0.30951,0.19143,0.04792,0.22913,0.16203,0.13423,-0.49107,0.083862,0.028699,0.36229,0.010367,0.16913,-0.0066924,0.14422,0.045352,0,0.076392,0,-0.065608,0.0077839,-0.022128,0.06527,0.0060818,0.0030916,-0.062635,-0.56822,0.028896,-0.00082332,-0.56571,0.057821,-0.06806,-0.90891,0.035052,0.0059858,-0.86835,0.080437
0.0095512,0.68536,0.058072,-9.1684e-06,0.51668,0.046159,-0.15761,0.39533,0.01366,0.15077,0.39931,0.067517,-0.31994,0.1916,0.046904,0.22955,0.15833,0.13699,-0.51576,0.095393,0.011437,0.37253,0.013942,0.16567,-0.0071739,0.14345,0.045702,0,0.0754,0,-0.064903,0.005048,-0.02261,0.065814,0.0046178,0.0040387,-0.06545,-0.57148,0.024375,0.017497,-0.57185,0.027167,-0.078714,-0.91963,0.028428,-0.016446,-0.94088,0.037865
0.010701,0.6688,0.051627,0.0021534,0.49352,0.03751,-0.16445,0.37532,0.012563,0.1535,0.36631,0.062835,-0.33769,0.17796,0.038399,0.23182,0.14451,0.13593,-0.53323,0.096773,-0.0163,0.38328,0.00037903,0.14824,-0.0064372,0.12802,0.045219,0,0.060212,0,-0.067826,-0.014674,-0.021565,0.067806,-0.013096,0.0051462,-0.072276,-0.59246,0.012188,0.018189,-0.5854,0.021444,-0.081646,-0.93118,0.021468,-0.023786,-0.9545,0.036692
0.0055762,0.61734,0.035951,-0.00057953,0.44775,0.026442,-0.16352,0.33933,0.0036508,0.15357,0.3413,0.049681,-0.34864,0.14782,0.015651,0.22834,0.10536,0.11079,-0.53597,0.0879,-0.069937,0.39025,-0.028312,0.083329,-0.0060246,0.089384,0.043211,0,0.022248,0,-0.069766,-0.048891,-0.021058,0.069995,-0.050155,0.0074245,-0.077841,-0.58575,-0.023473,0.026244,-0.58476,-0.012597,-0.082428,-0.95221,0.03094,-0.02123,-0.9646,0.044008
0.012427,0.58728,0.021614,0.004781,0.40641,0.018934,-0.16209,0.28195,-0.0066324,0.15457,0.27996,0.033383,-0.34832,0.10946,-0.007717,0.23688,0.059,0.091935,-0.5231,0.064135,-0.12214,0.4041,-0.071702,0.03716,-0.0042748,0.045746,0.04087,0,-0.023085,0,-0.072085,-0.094286,-0.019238,0.070409,-0.096719,0.0086146,-0.079461,-0.58675,-0.054253,0.037331,-0.58506,-0.037588,-0.079456,-0.95601,0.030259,-0.014626,-0.97134,0.058412
0.010643,0.53799,0.021579,0.003413,0.36956,0.018167,-0.15845,0.25832,-0.0043962,0.15568,0.26376,0.03642,-0.33941,0.090586,-0.016136,0.23365,0.032627,0.084281,-0.50866,0.040869,-0.15134,0.39227,-0.09637,0.00088475,-0.0045085,0.027328,0.039846,0,-0.038383,0,-0.072227,-0.10987,-0.018254,0.070742,-0.10923,0.0078435,-0.077174,-0.58714,-0.061788,0.045563,-0.58489,-0.047733,-0.075057,-0.95865,0.032043,-0.01102,-0.97106,0.056972
0.011676,0.53552,0.022493,0.002997,0.36856,0.017852,-0.15876,0.2565,-0.0042752,0.15535,0.25837,0.036508,-0.32501,0.080323,-0.012415,0.232,0.024402,0.078686,-0.48685,0.010738,-0.15981,0.38906,-0.099773,-0.0031035,-0.0044718,0.023074,0.038893,0,-0.043242,0,-0.072712,-0.11427,-0.017375,0.07147,-0.11465,0.006813,-0.078288,-0.58616,-0.06309,0.04618,-0.58265,-0.049757,-0.075849,-0.95714,0.031612,-0.011962,-0.96909,0.056431
0.020583,0.57384,0.041073,0.0079757,0.39548,0.029651,-0.15148,0.26789,-0.0043266,0.15613,0.26543,0.040226,-0.325,0.084054,-0.011923,0.23075,0.028311,0.078834,-0.46244,-0.011061,-0.14714,0.37762,-0.10465,0.0050921,-0.0046673,0.029511,0.039982,0,-0.037708,0,-0.071882,-0.10588,-0.018857,0.070635,-0.10816,0.0058586,-0.078163,-0.58454,-0.053628,0.043216,-0.58276,-0.041245,-0.076843,-0.96124,0.043304,-0.012689,-0.96916,0.056824
0.01866,0.60979,0.054271,0.0042903,0.44727,0.046816,-0.15817,0.33236,0.016715,0.15525,0.32606,0.051182,-0.30589,0.11765,-0.0016641,0.22265,0.090354,0.088398,-0.44397,-0.009528,-0.10227,0.34609,-0.08237,0.042772,-0.0037044,0.081895,0.044478,0,0.015222,0,-0.069774,-0.054496,-0.021192,0.068367,-0.056753,0.0017539,-0.071953,-0.60046,-0.005579,0.0307,-0.58626,-0.0015843,-0.077109,-0.95925,0.04101,-0.010353,-0.96488,0.058445
0.018291,0.65299,0.063824,0.0041417,0.4708,0.047372,-0.15688,0.3526,0.015259,0.1561,0.35393,0.061704,-0.30127,0.13907,0.0069414,0.22054,0.11097,0.094655,-0.43954,-0.0019156,-0.068911,0.33725,-0.060483,0.081849,-0.0051697,0.10314,0.04501,0,0.036109,0,-0.068686,-0.032238,-0.022395,0.067457,-0.037066,0.0027432,-0.074041,-0.59115,0.0027698,0.028897,-0.5826,0.011245,-0.077794,-0.9257,0.036615,-0.010741,-0.94855,0.050997
0.014911,0.67126,0.065407,0.0030025,0.50195,0.053958,-0.14914,0.38291,0.014701,0.15621,0.37776,0.073537,-0.2994,0.16967,0.021787,0.22122,0.12761,0.10288,-0.44897,0.023774,-0.018102,0.34787,-0.03717,0.12557,-0.0072542,0.12727,0.046165,0,0.059643,0,-0.066189,-0.0066373,-0.025891,0.065598,-0.012288,0.0046254,-0.069189,-0.58034,0.010549,0.015754,-0.58303,0.018191,-0.076387,-0.92441,0.046052,-0.0092175,-0.93794,0.055926
0.015637,0.68163,0.066381,0.0020203,0.51413,0.053939,-0.14921,0.39233,0.014303,0.15572,0.3893,0.078172,-0.30692,0.17968,0.027087,0.22487,0.17106,0.12267,-0.47233,0.052908,0.0078811,0.34658,-0.010611,0.14698,-0.0081308,0.14052,0.046605,0,0.073007,0,-0.065845,0.004761,-0.026299,0.065209,0.0015849,0.005181,-0.054464,-0.54112,0.0039213,0.021513,-0.53482,0.0053433,-0.075991,-0.89145,0.054358,-0.0089446,-0.89047,0.065662
0.01828,0.68914,0.069078,0.0017721,0.51811,0.054287,-0.14943,0.39991,0.01531,0.15305,0.40001,0.08095,-0.32573,0.21213,0.044051,0.22463,0.17037,0.12451,-0.50193,0.096258,0.028425,0.3601,0.012021,0.16503,-0.0085046,0.14427,0.04707,0,0.076833,0,-0.064024,0.010198,-0.025454,0.064112,0.0059592,0.0045814,-0.050453,-0.56714,0.015493,0.0061743,-0.54911,0.0043651,-0.072749,-0.89304,0.045206,-0.0054524,-0.90094,0.058084
0.017075,0.68996,0.068115,0.0012974,0.51902,0.055034,-0.14899,0.40097,0.015381,0.15312,0.39709,0.083088,-0.33366,0.21787,0.043404,0.22399,0.16871,0.1286,-0.52766,0.11982,0.038742,0.36947,0.022332,0.16667,-0.0091505,0.14386,0.047499,0,0.076242,0,-0.063454,0.0096651,-0.025721,0.063717,0.005324,0.0046566,-0.051817,-0.56763,0.016664,0.0046614,-0.54935,0.0047162,-0.065341,-0.92531,0.035804,-0.0059803,-0.91402,0.046801
0.018944,0.6868,0.070393,-0.00038525,0.51596,0.053749,-0.14997,0.39904,0.01534,0.15542,0.38792,0.089542,-0.33883,0.21958,0.04118,0.23255,0.14625,0.14266,-0.54067,0.1506,0.013874,0.39296,0.020679,0.16945,-0.010387,0.14156,0.047457,0,0.073943,0,-0.063555,0.0069668,-0.025877,0.06492,0.0012499,0.0054983,-0.056438,-0.57073,0.01377,0.018363,-0.57666,0.0117,-0.066332,-0.92578,0.036212,0.010389,-0.9568,0.044121
0.021366,0.66234,0.069359,0.0048978,0.47441,0.050436,-0.15175,0.37183,0.015778,0.1584,0.35894,0.081285,-0.35362,0.21541,0.029004,0.23389,0.13383,0.13415,-0.5509,0.15359,-0.00096818,0.40903,0.0063942,0.14387,-0.0084267,0.11677,0.047764,0,0.052045,0,-0.067036,-0.016749,-0.026773,0.066935,-0.024134,0.0071009,-0.064223,-0.58174,0.0017887,0.016315,-0.58557,0.0050454,-0.06888,-0.92706,0.031618,0.0046706,-0.95845,0.04374
0.022929,0.61229,0.056565,0.004692,0.44614,0.036946,-0.15846,0.32355,0.0095644,0.16115,0.31896,0.071797,-0.37132,0.17479,0.0076006,0.24242,0.08706,0.11543,-0.57064,0.13823,-0.049387,0.41843,-0.021978,0.089498,-0.0075483,0.081838,0.045722,0,0.014547,0,-0.07073,-0.058295,-0.023311,0.069078,-0.061779,0.007508,-0.070962,-0.58475,-0.028581,0.02699,-0.58588,-0.023364,-0.069764,-0.92816,0.020729,-0.0012184,-0.96886,0.060095
0.026158,0.59011,0.057106,0.0056754,0.39154,0.03357,-0.15587,0.27943,0.0098753,0.16464,0.27276,0.069498,-0.37782,0.13155,-0.0067498,0.24053,0.057391,0.10241,-0.56929,0.10832,-0.09572,0.42192,-0.052332,0.040961,-0.0071643,0.041628,0.045869,0,-0.021303,0,-0.072792,-0.089685,-0.022589,0.071009,-0.097322,0.0063766,-0.074037,-0.5845,-0.046887,0.042082,-0.58266,-0.04105,-0.067108,-0.92859,0.015601,-0.00065343,-0.96677,0.063574
0.027873,0.54449,0.036787,0.0096424,0.38226,0.028458,-0.15524,0.26501,0.006526,0.16331,0.24905,0.057819,-0.34357,0.11283,-0.010811,0.24766,0.026421,0.081566,-0.54666,0.081938,-0.1247,0.42228,-0.072841,0.01706,-0.0052566,0.025006,0.044417,0,-0.042667,0,-0.07421,-0.11448,-0.017429,0.070291,-0.11552,0.0037939,-0.078013,-0.5875,-0.057656,0.043162,-0.58493,-0.050157,-0.066118,-0.93243,0.0078921,-0.00068295,-0.96868,0.058998
0.02653,0.54376,0.038493,0.0092354,0.38161,0.031267,-0.15483,0.26403,0.0075538,0.16346,0.25068,0.057317,-0.32765,0.10922,-0.0084496,0.24664,0.02632,0.078897,-0.50924,0.04966,-0.14479,0.41069,-0.089265,-0.0014596,-0.0051038,0.024623,0.044594,0,-0.042668,0,-0.0742,-0.11437,-0.017545,0.070261,-0.11554,0.0036683,-0.077,-0.59085,-0.052226,0.043528,-0.58825,-0.044302,-0.066056,-0.93331,0.009349,-0.0025504,-0.96999,0.060807
0.025243,0.5983,0.061103,0.010452,0.41319,0.048009,-0.14865,0.29482,0.013556,0.16242,0.29395,0.060903,-0.32845,0.1163,-0.010448,0.23973,0.051801,0.07574,-0.47861,0.024167,-0.13254,0.38766,-0.087063,0.019801,-0.0048388,0.043013,0.04736,0,-0.02305,0,-0.071327,-0.088331,-0.019221,0.068569,-0.094241,0.00065554,-0.076377,-0.58782,-0.024808,0.033697,-0.59671,-0.0080462,-0.066708,-0.93563,0.017189,-0.0037233,-0.96865,0.061904
0.020344,0.62335,0.063243,0.0034246,0.4633,0.065982,-0.1441,0.34651,0.019845,0.15749,0.34102,0.064008,-0.30886,0.15042,-0.00062987,0.23808,0.095991,0.085096,-0.45054,0.023841,-0.096544,0.37115,-0.073613,0.044303,-0.0058383,0.089655,0.051281,0,0.024044,0,-0.066637,-0.039787,-0.021878,0.065583,-0.047267,-0.0022582,-0.077754,-0.59123,0.0092491,0.025614,-0.59749,0.020445,-0.06924,-0.92964,0.039202,-0.0023635,-0.9574,0.058061
0.014675,0.66711,0.078933,0.0070805,0.49078,0.065232,-0.14347,0.36735,0.020528,0.15922,0.36584,0.072245,-0.30836,0.16033,0.002315,0.23893,0.10777,0.093303,-0.4519,0.019295,-0.060891,0.36164,-0.059535,0.084872,-0.0062422,0.11326,0.051275,0,0.046692,0,-0.066384,-0.019863,-0.023113,0.064239,-0.023635,-0.00076373,-0.076754,-0.58682,0.022239,0.024587,-0.59588,0.029226,-0.073186,-0.92328,0.046345,-0.0046134,-0.93366,0.063825
0.014773,0.67817,0.07959,0.010991,0.51493,0.075134,-0.14429,0.39134,0.022077,0.16294,0.37935,0.073076,-0.29764,0.18994,0.020977,0.24365,0.15146,0.10969,-0.44564,0.046583,-0.016256,0.3651,-0.025529,0.13056,-0.0056683,0.1342,0.052831,0,0.068295,0,-0.067591,0.0029573,-0.022215,0.064206,-0.0035548,-0.0044888,-0.070099,-0.55325,0.028008,0.030353,-0.54993,0.030414,-0.061897,-0.91237,0.068946,-0.0025199,-0.92882,0.071502
0.018969,0.69674,0.084286,0.0073161,0.52004,0.074957,-0.14611,0.401,0.023168,0.1618,0.3925,0.079097,-0.3069,0.20178,0.035487,0.24045,0.15828,0.11312,-0.46682,0.069559,0.026887,0.36437,-0.0069213,0.1444,-0.0070111,0.14319,0.052907,0,0.078174,0,-0.06665,0.011544,-0.022922,0.064517,0.0074283,-0.0040185,-0.069181,-0.55005,0.029485,0.026472,-0.54696,0.029531,-0.055833,-0.89847,0.071134,-0.0001643,-0.88541,0.079373
0.019822,0.69778,0.08449,-0.0019064,0.49292,0.069651,-0.14631,0.40704,0.026053,0.16463,0.39566,0.086411,-0.32219,0.21683,0.050587,0.24225,0.16595,0.13657,-0.50334,0.093509,0.055245,0.37683,0.012769,0.16285,-0.0084803,0.14368,0.05267,0,0.082272,0,-0.065861,0.015116,-0.023863,0.064861,0.010413,-0.0036976,-0.066694,-0.54841,0.032332,0.0219,-0.54606,0.030725,-0.05172,-0.89386,0.072784,-0.00088356,-0.8882,0.082855
0.018536,0.69765,0.084003,0.0083133,0.52035,0.080178,-0.14726,0.40731,0.026196,0.16354,0.39524,0.086513,-0.33631,0.22261,0.056139,0.24201,0.1601,0.13699,-0.52503,0.12882,0.058765,0.38517,0.014954,0.16354,-0.008046,0.14445,0.053144,0,0.082491,0,-0.065875,0.015237,-0.024204,0.064691,0.010729,-0.0036334,-0.061685,-0.55189,0.035743,0.020633,-0.54753,0.032346,-0.049609,-0.89692,0.07461,0.0021057,-0.89498,0.088723
0.017449,0.68585,0.084828,0.0040465,0.51534,0.076034,-0.14884,0.39622,0.025395,0.16119,0.38312,0.09297,-0.3454,0.222,0.055583,0.23951,0.14828,0.13731,-0.54596,0.13516,0.051506,0.40071,0.012743,0.14887,-0.0099791,0.13875,0.05241,0,0.074224,0,-0.065513,0.0063282,-0.026935,0.066114,-0.00024333,0.0010608,-0.067004,-0.55709,0.033215,0.021825,-0.57708,0.037062,-0.049828,-0.92303,0.071128,0.0082845,-0.93232,0.094659
0.012845,0.66099,0.072916,0.001527,0.4826,0.071472,-0.1517,0.36045,0.020886,0.15875,0.35561,0.081745,-0.36584,0.20337,0.043654,0.24069,0.13154,0.12462,-0.56235,0.14072,0.0076125,0.41784,-0.0097716,0.11041,-0.0085718,0.11144,0.05271,0,0.047145,0,-0.067343,-0.021266,-0.026998,0.066999,-0.023994,0.00014578,-0.072126,-0.59276,0.014247,0.021694,-0.58108,0.017878,-0.053777,-0.92622,0.059825,-0.0021257,-0.95315,0.088165
0.015159,0.60866,0.0551,0.0014793,0.43536,0.048837,-0.15152,0.31524,0.010132,0.16398,0.3048,0.067388,-0.36906,0.17016,0.021772,0.25063,0.079947,0.097661,-0.56408,0.12516,-0.045843,0.42217,-0.032508,0.053074,-0.0079535,0.067453,0.049653,0,0.0013053,0,-0.070746,-0.066509,-0.022031,0.070259,-0.073632,0.0018648,-0.070326,-0.57673,-0.024587,0.038225,-0.54917,-0.032578,-0.055299,-0.92576,0.035081,-0.0014324,-0.93875,0.079474
0.014513,0.55598,0.034224,-0.0015037,0.38537,0.039165,-0.16091,0.26375,0.0022463,0.15349,0.26165,0.040877,-0.36955,0.1336,0.0023581,0.24696,0.048986,0.082687,-0.56025,0.10432,-0.086782,0.41552,-0.0613,0.0034455,-0.0057284,0.027443,0.048833,0,-0.037127,0,-0.072228,-0.1104,-0.019264,0.072453,-0.10682,0.0021628,-0.074752,-0.57779,-0.04104,0.049241,-0.5827,-0.044375,-0.056324,-0.92093,0.0024177,-0.0059655,-0.96106,0.082755
0.014874,0.53622,0.029598,4.6209e-05,0.35493,0.030944,-0.15848,0.24016,-0.0010846,0.15751,0.23847,0.037806,-0.3666,0.095388,-0.0092032,0.24669,0.021436,0.06354,-0.54558,0.06404,-0.12211,0.41341,-0.082906,-0.015422,-0.0055219,0.0084215,0.04746,0,-0.055851,0,-0.073354,-0.12779,-0.018255,0.07332,-0.1278,0.0032933,-0.07477,-0.5775,-0.046044,0.050259,-0.5834,-0.048944,-0.056301,-0.92001,-0.0084101,-0.0046914,-0.96075,0.080901
0.015626,0.53422,0.030482,0.00054387,0.35478,0.031404,-0.15789,0.23991,-0.00037315,0.15738,0.23846,0.037941,-0.3539,0.095197,-0.0089107,0.24521,0.017867,0.060649,-0.52869,0.045703,-0.12747,0.40592,-0.096443,-0.016699,-0.0053444,0.0075524,0.047385,0,-0.056789,0,-0.073434,-0.12798,-0.018169,0.073207,-0.12872,0.0030054,-0.074446,-0.57721,-0.046315,0.050318,-0.5828,-0.048317,-0.053884,-0.91736,-0.010137,-0.0039737,-0.95405,0.081091
0.017464,0.5469,0.036243,0.0027435,0.38324,0.035092,-0.1553,0.26283,0.0079086,0.15682,0.25927,0.039008,-0.34953,0.096313,-0.00743,0.24206,0.025992,0.062073,-0.50574,0.0048286,-0.12155,0.39607,-0.10054,-0.0084826,-0.0041667,0.020754,0.047873,0,-0.045071,0,-0.07325,-0.11175,-0.017634,0.072298,-0.1174,0.0013817,-0.072301,-0.57589,-0.041401,0.047824,-0.58284,-0.037049,-0.040715,-0.92348,0.0061584,-0.0016522,-0.95589,0.083654
0.023776,0.60468,0.058475,0.0054966,0.43985,0.05415,-0.14598,0.31646,0.017122,0.15727,0.31805,0.052417,-0.30922,0.13626,0.0060621,0.24115,0.07576,0.08709,-0.46499,0.017474,-0.075193,0.37253,-0.081576,0.038472,-0.0042229,0.068178,0.050936,0,0.0018814,0,-0.069157,-0.064375,-0.019633,0.067448,-0.068094,-0.001092,-0.067175,-0.59002,-0.002183,0.035661,-0.59016,0.0014358,-0.055376,-0.94919,0.071646,0.0035521,-0.95739,0.089462
0.021045,0.63748,0.069571,0.010437,0.46537,0.062656,-0.14437,0.35626,0.018849,0.16034,0.35092,0.059905,-0.30507,0.15645,0.019914,0.24152,0.10663,0.10567,-0.45685,0.022739,-0.039471,0.36733,-0.058113,0.081149,-0.0043274,0.095333,0.052287,0,0.03065,0,-0.068748,-0.035183,-0.020214,0.065379,-0.039126,-0.0034565,-0.066606,-0.57208,0.0077299,0.029896,-0.59076,0.018609,-0.055055,-0.9292,0.078625,0.0060055,-0.9539,0.089085
0.016912,0.67027,0.075966,0.0072032,0.49787,0.06318,-0.14639,0.37283,0.018968,0.16107,0.36976,0.066335,-0.31062,0.16811,0.029358,0.24345,0.11619,0.11129,-0.4672,0.033179,-0.0030604,0.37798,-0.041896,0.10447,-0.0056272,0.12153,0.052258,0,0.055176,0,-0.067847,-0.011239,-0.022553,0.065376,-0.018769,-0.0013762,-0.064728,-0.55934,0.0092848,0.022205,-0.57109,0.024394,-0.053216,-0.91629,0.079201,0.010499,-0.92712,0.070654
0.017355,0.67548,0.076972,0.0044249,0.50805,0.065083,-0.14847,0.38535,0.019695,0.16033,0.37529,0.069776,-0.31388,0.1854,0.036931,0.23892,0.14879,0.12238,-0.48066,0.061936,0.032731,0.37541,-0.0063275,0.13071,-0.0066671,0.13199,0.05256,0,0.06609,0,-0.067333,-0.0011682,-0.023878,0.065905,-0.0063017,-0.00067846,-0.057485,-0.54446,0.0061281,0.019802,-0.55547,0.020586,-0.051904,-0.90882,0.082246,0.003456,-0.89851,0.067674
0.017488,0.67796,0.074227,0.00327,0.51252,0.066546,-0.15021,0.3951,0.018987,0.16029,0.38122,0.072011,-0.32267,0.20668,0.043687,0.23796,0.14891,0.12415,-0.50893,0.096955,0.039727,0.38496,0.0042937,0.1363,-0.0073582,0.13702,0.05278,0,0.071451,0,-0.067224,0.0021964,-0.024715,0.066062,0.00022738,-0.00021271,-0.056553,-0.54576,0.0061318,0.017854,-0.5541,0.020423,-0.056661,-0.91313,0.079785,0.0017788,-0.89732,0.06416
0.016552,0.67917,0.07335,0.0021496,0.51479,0.065125,-0.15185,0.39627,0.018257,0.16045,0.38461,0.075526,-0.3363,0.21416,0.046697,0.23638,0.14934,0.12521,-0.54297,0.12318,0.040681,0.39777,0.021911,0.14187,-0.0080482,0.13846,0.052598,0,0.072643,0,-0.066635,0.0032101,-0.025003,0.065854,0.00085824,0.00018887,-0.053858,-0.57526,0.013634,0.016604,-0.55665,0.020102,-0.061458,-0.93476,0.068314,-0.011588,-0.92948,0.021598
0.01612,0.67626,0.072083,0.00053479,0.50615,0.058199,-0.15286,0.39181,0.016015,0.15888,0.38194,0.076014,-0.35084,0.21525,0.043881,0.23566,0.14769,0.12569,-0.55519,0.14191,0.026984,0.40164,0.024387,0.13294,-0.0085693,0.13495,0.051948,0,0.069033,0,-0.066128,-0.00069585,-0.025586,0.066003,-0.003384,0.0018208,-0.05881,-0.57969,0.008599,0.018705,-0.55643,0.012418,-0.07453,-0.93256,0.05181,-0.01192,-0.92405,0.032775
0.010724,0.64541,0.055672,-0.00027184,0.48363,0.052141,-0.1544,0.3566,0.0079591,0.15895,0.35459,0.066373,-0.35704,0.20701,0.036603,0.23679,0.13283,0.12177,-0.55418,0.15802,-0.019275,0.40647,0.013266,0.11672,-0.0083664,0.11107,0.050777,0,0.044426,0,-0.067488,-0.02517,-0.022714,0.067594,-0.027872,0.0016503,-0.068416,-0.58669,-0.011912,0.026875,-0.59308,-0.0024278,-0.065929,-0.93918,0.044468,-0.0099294,-0.92609,0.032556
0.011419,0.61484,0.048231,-0.0019742,0.43445,0.038276,-0.15473,0.31666,-0.00055652,0.15323,0.32638,0.059578,-0.36895,0.16819,0.015296,0.24747,0.086446,0.098129,-0.56976,0.15314,-0.04817,0.41853,-0.026083,0.050588,-0.008874,0.06904,0.048645,0,0.0026914,0,-0.067713,-0.068318,-0.020723,0.068259,-0.064622,0.0039571,-0.068985,-0.58961,-0.04019,0.028877,-0.59497,-0.023896,-0.072475,-0.94647,0.031248,-0.0094363,-0.93044,0.02152
0.013358,0.56202,0.034435,0.0011176,0.38665,0.032354,-0.16015,0.26698,-0.0016466,0.1584,0.26734,0.04853,-0.37404,0.13243,-0.00051251,0.24509,0.052153,0.084533,-0.56619,0.12687,-0.091758,0.41297,-0.052206,0.0081883,-0.0069415,0.033353,0.047885,0,-0.031761,0,-0.072507,-0.10713,-0.019361,0.071466,-0.10642,0.0045576,-0.065042,-0.59315,-0.068727,0.040724,-0.58881,-0.049153,-0.068703,-0.94805,0.028033,-0.0046967,-0.93251,0.0073521
0.014155,0.55053,0.035337,0.004497,0.37194,0.03099,-0.15682,0.25341,-0.0025699,0.15559,0.25591,0.044324,-0.35125,0.10159,-0.02001,0.24559,0.034028,0.073974,-0.53669,0.087397,-0.12638,0.40613,-0.078777,-0.0090785,-0.005945,0.017896,0.047442,0,-0.047484,0,-0.072356,-0.11718,-0.019069,0.070532,-0.11649,0.0033675,-0.07028,-0.59154,-0.079367,0.04259,-0.58861,-0.059957,-0.070744,-0.95259,0.027581,-0.0038681,-0.93135,-0.002062
0.015244,0.54816,0.035104,0.0050808,0.37169,0.031915,-0.15464,0.25261,-0.0010525,0.15702,0.25377,0.046756,-0.34198,0.10355,-0.022124,0.24648,0.027588,0.071432,-0.51144,0.052742,-0.1435,0.39759,-0.096052,-0.011992,-0.0059422,0.017006,0.047517,0,-0.048485,0,-0.071904,-0.11767,-0.018668,0.069849,-0.11831,0.0026075,-0.070476,-0.59111,-0.077673,0.043486,-0.58869,-0.059192,-0.0699,-0.95135,0.027542,-0.0095206,-0.96644,0.037203
