-0.2147978,0.4797315,2.889999,-0.2128401,0.3115486,2.949965,-0.3847814,0.202221,2.916449,-0.03805463,0.2164447,2.953252,-0.5280156,0.008856632,2.885392,0.07480426,-0.03141515,2.960894,-0.6532476,-0.1151523,2.747818,0.2175615,-0.1829855,2.857445,-0.2079591,-0.04144591,2.963743,-0.2038418,-0.1106811,2.940284,-0.2823753,-0.1913742,2.928203,-0.1215605,-0.1851076,2.943881,-0.2611347,-0.6441256,2.854867,-0.1348056,-0.6436552,2.890213,-0.2571184,-1.045998,3.010218,-0.1955736,-1.051069,3.024555
-0.2185628,0.5020144,2.90348,-0.2120435,0.3156529,2.950506,-0.3864785,0.2050136,2.917981,-0.03778181,0.218505,2.954484,-0.5291781,0.009618274,2.887352,0.07339171,-0.02651989,2.965642,-0.6533483,-0.1204651,2.737333,0.2128458,-0.1777798,2.878259,-0.2084382,-0.03875201,2.962595,-0.2046515,-0.107847,2.938761,-0.2843069,-0.1889246,2.927029,-0.1219249,-0.1829458,2.941217,-0.2632342,-0.6422302,2.855897,-0.1335761,-0.6429282,2.891339,-0.2576292,-1.040777,3.006481,-0.194753,-1.04687,3.028896
-0.2189629,0.5474277,2.90352,-0.209831,0.3744331,2.962961,-0.3917725,0.2591005,2.929059,-0.03625507,0.2722059,2.965088,-0.5220526,0.03507211,2.894677,0.07480221,0.02046112,2.986333,-0.6454282,-0.1046165,2.753587,0.2127697,-0.147708,2.924018,-0.2100961,0.01008379,2.959372,-0.2070187,-0.06015395,2.930165,-0.2869083,-0.1410693,2.915347,-0.1259265,-0.1403154,2.928695,-0.2712104,-0.6394856,2.874222,-0.1348764,-0.6478637,2.908249,-0.2579181,-1.040722,3.005966,-0.1943369,-1.04886,3.052856
-0.2196026,0.611165,2.899602,-0.2141926,0.4276464,2.967178,-0.3889128,0.3190308,2.930243,-0.0367112,0.3288174,2.967864,-0.5181432,0.08634266,2.898485,0.07744342,0.07742033,2.996479,-0.6489592,-0.08953395,2.779874,0.2165441,-0.1037541,2.958379,-0.2115312,0.05501928,2.961004,-0.207496,-0.01540123,2.928801,-0.2835656,-0.09445625,2.911571,-0.1291493,-0.0917626,2.927583,-0.2681479,-0.6330203,2.907669,-0.1435196,-0.6505715,2.953668,-0.2610746,-1.038067,2.99813,-0.1902378,-1.046917,3.044529
-0.219334,0.6299222,2.904263,-0.215131,0.4581425,2.968594,-0.3920608,0.368473,2.930942,-0.03398793,0.3726354,2.973567,-0.5144679,0.1104745,2.905236,0.07776304,0.1161227,3.005104,-0.6618418,-0.05527466,2.831247,0.2192691,-0.05616503,2.997126,-0.2137369,0.1025586,2.96097,-0.2091795,0.03556738,2.926206,-0.2851439,-0.04750158,2.906676,-0.130783,-0.04561545,2.925195,-0.265016,-0.6276111,2.913274,-0.1482176,-0.6418775,2.956482,-0.2557625,-1.015758,2.999928,-0.1902393,-1.044244,3.0447
-0.2198111,0.6575572,2.903256,-0.2197579,0.4902853,2.964597,-0.3916703,0.3845707,2.933508,-0.03770317,0.4020198,2.976133,-0.5218058,0.1403338,2.917155,0.07789269,0.1499095,3.012479,-0.6850338,-0.03745032,2.860286,0.2271236,-0.006576121,3.02779,-0.2143417,0.1239968,2.962196,-0.2090474,0.05587332,2.926336,-0.2831297,-0.02563604,2.906891,-0.1312617,-0.01983105,2.926714,-0.2509612,-0.5767022,2.897887,-0.1566365,-0.5997634,2.938876,-0.2598743,-0.9810561,3.013179,-0.1989965,-0.9788905,3.055958
-0.2216292,0.686357,2.899588,-0.2200746,0.5048541,2.96335,-0.3871353,0.4304424,2.937019,-0.03825821,0.4260601,2.980162,-0.5216,0.1716824,2.931728,0.07933652,0.1883808,3.022127,-0.6899981,0.02661231,2.898904,0.224547,0.02308256,3.046028,-0.2167552,0.1496025,2.963561,-0.211178,0.08349886,2.926714,-0.2843774,0.005347589,2.906811,-0.1345546,0.004321386,2.928292,-0.2546079,-0.5385123,2.882202,-0.1543526,-0.5686546,2.92377,-0.2651935,-0.9253588,3.021039,-0.2034277,-0.945598,3.052586
-0.226722,0.703188,2.897012,-0.2239881,0.4943133,2.96129,-0.3929854,0.4336362,2.938465,-0.04185694,0.4369295,2.980477,-0.5296991,0.1902871,2.943096,0.08031376,0.1905625,3.029169,-0.7224087,0.05192853,2.923794,0.22983,0.03840102,3.05065,-0.2180891,0.1518578,2.96438,-0.2130061,0.08934212,2.926047,-0.2854792,0.009375693,2.906009,-0.1362296,0.00946789,2.927444,-0.2566168,-0.540737,2.884856,-0.1559524,-0.5688271,2.924366,-0.263715,-0.928463,3.019951,-0.204149,-0.9433455,3.050776
-0.230272,0.6993731,2.892109,-0.2244555,0.4724472,2.95685,-0.3961455,0.4343193,2.938124,-0.04385582,0.4395967,2.979371,-0.5340497,0.1990003,2.949996,0.07967784,0.1901269,3.03167,-0.7287345,0.06119038,2.928268,0.23744,0.04673573,3.054152,-0.2184132,0.151551,2.964975,-0.2131829,0.08945163,2.925956,-0.2854792,0.009369781,2.906064,-0.137099,0.009961692,2.926788,-0.2620902,-0.5778874,2.903365,-0.1625955,-0.5792878,2.930492,-0.2520056,-0.9666389,2.991896,-0.1980919,-0.9423038,3.034487
-0.2327999,0.6969966,2.886863,-0.2248152,0.4684134,2.951687,-0.3996735,0.4316553,2.93608,-0.04392342,0.4395831,2.979337,-0.5385788,0.1988614,2.953486,0.0793265,0.1898972,3.031825,-0.7345251,0.06759056,2.924929,0.239349,0.04681221,3.044047,-0.2192702,0.1503223,2.964441,-0.2135322,0.08890964,2.92583,-0.2857888,0.008061461,2.906716,-0.1376762,0.009149366,2.926761,-0.2710862,-0.5896139,2.920201,-0.1714027,-0.587013,2.953645,-0.2627216,-0.990815,2.975794,-0.2073288,-1.030509,3.021885
-0.2353685,0.6814921,2.871488,-0.2306383,0.4560232,2.945927,-0.4045736,0.4162641,2.932342,-0.04359936,0.429611,2.976128,-0.5441983,0.1868085,2.955098,0.07141823,0.178124,3.028781,-0.7481465,0.06522699,2.892708,0.2392986,0.01870592,3.002633,-0.2222663,0.1371222,2.962799,-0.2156386,0.07709596,2.925975,-0.2873617,-0.006791216,2.909617,-0.1385465,-0.003778365,2.927515,-0.2764473,-0.6048745,2.916929,-0.1723896,-0.6003223,2.949587,-0.2617549,-1.005013,2.965677,-0.2074752,-1.032958,3.002641
-0.238902,0.6373159,2.868548,-0.2295167,0.4579663,2.94335,-0.4072583,0.3726189,2.924448,-0.04672692,0.3882814,2.96201,-0.5426191,0.1559432,2.95051,0.06093302,0.1261129,3.008997,-0.749332,0.03299711,2.84763,0.2171117,-0.01831594,2.957728,-0.2230917,0.1146861,2.962248,-0.21852,0.04124714,2.928366,-0.2926209,-0.04366452,2.919332,-0.141275,-0.03604141,2.92893,-0.2838082,-0.6347541,2.903783,-0.1722055,-0.63348,2.936716,-0.2576046,-1.027657,2.949976,-0.2076233,-1.046402,2.993949
-0.2345345,0.6175922,2.860678,-0.2211113,0.4317912,2.938354,-0.3997606,0.3287471,2.907791,-0.04667032,0.3372598,2.954184,-0.5377995,0.1050833,2.931364,0.05896732,0.09214419,2.993475,-0.7520799,-0.01208985,2.794438,0.2170149,-0.07268612,2.911993,-0.2231313,0.0626354,2.962586,-0.2188761,-0.006410693,2.930787,-0.2961023,-0.08471282,2.919458,-0.1415393,-0.08571853,2.935304,-0.2812432,-0.6427953,2.887714,-0.1651414,-0.6418854,2.90929,-0.2595444,-1.029861,2.943924,-0.2100833,-1.048458,2.995216
-0.2351428,0.5429775,2.861085,-0.2295557,0.3668248,2.935826,-0.4023273,0.2707722,2.903324,-0.05062415,0.2797894,2.94468,-0.5504474,0.04957493,2.912212,0.051652,0.03236437,2.971904,-0.7282432,-0.06096292,2.761387,0.191982,-0.1175941,2.891525,-0.2272813,0.01525479,2.962387,-0.2224079,-0.05332041,2.932795,-0.3001817,-0.1362961,2.922471,-0.1421492,-0.1287437,2.937141,-0.2813343,-0.6452255,2.859712,-0.1587838,-0.6420875,2.891488,-0.2853277,-1.02856,2.963267,-0.2113799,-1.049057,2.9955
-0.2383074,0.4939168,2.875582,-0.2380573,0.3164361,2.932444,-0.4081567,0.215601,2.910347,-0.05184549,0.2331616,2.945101,-0.556559,-0.006756946,2.907603,0.04882733,-0.01993336,2.96646,-0.6968931,-0.09618279,2.756713,0.1937317,-0.1587674,2.873144,-0.2299348,-0.01688737,2.96088,-0.2250861,-0.08287528,2.933854,-0.3034563,-0.1671541,2.924296,-0.1425356,-0.1609898,2.93877,-0.2806646,-0.6483576,2.839728,-0.1562355,-0.6464405,2.875087,-0.2877801,-1.026166,2.955708,-0.2117937,-1.049008,2.995416
-0.2391573,0.4909735,2.87585,-0.237423,0.3120961,2.932021,-0.4093529,0.2086498,2.911371,-0.05468912,0.2238635,2.942157,-0.5565124,-0.008504222,2.906863,0.04577992,-0.0287565,2.963912,-0.6760387,-0.1218944,2.753986,0.1799202,-0.1818722,2.874488,-0.2312635,-0.03199794,2.959465,-0.2275607,-0.1007249,2.934822,-0.3070306,-0.1834627,2.927513,-0.1446509,-0.1771067,2.938271,-0.2807845,-0.6512579,2.833343,-0.1546385,-0.6488616,2.864539,-0.2889108,-1.02486,2.949461,-0.2126408,-1.049223,2.995451
-0.2392176,0.4910262,2.876012,-0.2373624,0.3132814,2.933227,-0.4099022,0.2096598,2.912203,-0.05491301,0.223691,2.942358,-0.5573557,-0.006548629,2.903239,0.04514622,-0.02902767,2.964135,-0.6702563,-0.123908,2.748131,0.1765969,-0.1858789,2.879281,-0.2310448,-0.03242881,2.957112,-0.2274353,-0.1013097,2.933081,-0.3070448,-0.1844225,2.924139,-0.1442281,-0.1778957,2.935593,-0.2810282,-0.6521084,2.833402,-0.1518339,-0.6486893,2.86423,-0.2892276,-1.024811,2.94979,-0.2127253,-1.04957,2.995544
-0.2456596,0.5414166,2.882395,-0.2262594,0.3651116,2.951232,-0.4129598,0.2469652,2.918824,-0.06782451,0.2621811,2.949222,-0.5458786,0.02792681,2.906167,0.03708135,0.00783967,2.976186,-0.6597403,-0.105418,2.762167,0.1652774,-0.1696054,2.909146,-0.2299723,-0.01252615,2.953452,-0.2272983,-0.08296257,2.925618,-0.3067861,-0.1611931,2.913052,-0.1469762,-0.155815,2.923507,-0.2905169,-0.6500388,2.844458,-0.1514377,-0.6491106,2.87353,-0.2909696,-1.028591,2.966014,-0.2130497,-1.051278,2.993068
-0.2448228,0.5976083,2.887231,-0.2346701,0.4155,2.954566,-0.4106416,0.3055428,2.928715,-0.06366346,0.3195772,2.961293,-0.5400649,0.07255269,2.900455,0.03723758,0.04916778,2.984238,-0.6619707,-0.1013326,2.764922,0.1660862,-0.1379552,2.949517,-0.2326087,0.04541571,2.950679,-0.2290573,-0.02460537,2.917886,-0.3051703,-0.1039458,2.902399,-0.1509563,-0.1011407,2.915833,-0.2921125,-0.6456249,2.867678,-0.1608299,-0.6474072,2.912215,-0.2919198,-1.029615,2.976746,-0.2107178,-1.051361,2.990468
-0.246778,0.6221833,2.893317,-0.2350365,0.4553929,2.959113,-0.4146749,0.357048,2.929897,-0.06504113,0.3687596,2.965011,-0.5400872,0.1103583,2.912652,0.03688533,0.1020493,3.002283,-0.6811081,-0.06668151,2.797067,0.1704307,-0.09051022,2.995046,-0.2349414,0.08653135,2.950857,-0.2313645,0.01774168,2.915115,-0.3062811,-0.06179017,2.896135,-0.1550468,-0.06061152,2.913729,-0.2938728,-0.595258,2.880478,-0.1711172,-0.6453305,2.927605,-0.2903025,-1.024837,2.986905,-0.2073023,-1.047043,2.985893
-0.2455411,0.6525027,2.893447,-0.2413555,0.4810741,2.956226,-0.417567,0.37973,2.927843,-0.06548372,0.3885025,2.97007,-0.5512191,0.1336968,2.916126,0.04034204,0.1224061,3.005372,-0.7226093,-0.04342026,2.835324,0.1828251,-0.04726658,3.018163,-0.2409599,0.1149198,2.953339,-0.2363017,0.04646385,2.916861,-0.3103583,-0.03201736,2.898861,-0.1601133,-0.0344593,2.915884,-0.29302,-0.5867346,2.878042,-0.1757094,-0.6322081,2.932858,-0.290404,-1.005309,3.01621,-0.2041439,-1.032573,2.989664
-0.2506841,0.7024915,2.895744,-0.2489393,0.5001445,2.954605,-0.422217,0.4083452,2.930779,-0.0727365,0.4195239,2.969076,-0.5573736,0.169165,2.923365,0.04007349,0.1726838,3.010829,-0.7398158,0.007962446,2.855918,0.1757769,0.006781086,3.027511,-0.2457245,0.1385887,2.952752,-0.2407121,0.07151876,2.914697,-0.3136528,-0.007730439,2.897985,-0.1646985,-0.004544013,2.911935,-0.2889394,-0.5579941,2.865945,-0.1828053,-0.5734929,2.916254,-0.2644858,-0.9628137,2.983182,-0.211643,-0.9461054,3.028155
-0.2511789,0.6982074,2.891813,-0.2524188,0.5096436,2.954861,-0.423603,0.414114,2.930989,-0.07046223,0.4278195,2.972393,-0.5632081,0.1844921,2.928548,0.04050054,0.1730419,3.01246,-0.7522742,0.0486817,2.872927,0.1922575,0.02325559,3.036409,-0.2475647,0.1471626,2.954661,-0.2418271,0.08000946,2.915406,-0.3143324,-0.001179683,2.897249,-0.1652393,0.001025385,2.913801,-0.2925333,-0.5448906,2.859746,-0.2016853,-0.576304,2.905244,-0.2679474,-0.9570476,2.982989,-0.2225554,-0.9385757,3.024863
-0.2514893,0.6966598,2.890094,-0.2533435,0.4835842,2.948492,-0.4241145,0.4180277,2.928607,-0.07264115,0.4351896,2.97384,-0.5698473,0.1934826,2.929937,0.03989571,0.1760494,3.014282,-0.7584569,0.06199262,2.875034,0.2017151,0.03020455,3.029859,-0.2481287,0.1473211,2.955622,-0.2421364,0.08111435,2.915638,-0.3143082,0.0004530951,2.897572,-0.1660612,0.002536628,2.914543,-0.2941191,-0.5609361,2.868042,-0.2057161,-0.5822205,2.904819,-0.2708943,-0.9618368,2.977643,-0.2281859,-0.995885,3.023727
-0.253307,0.6964004,2.884924,-0.2541501,0.4701769,2.9445,-0.4249852,0.4191541,2.928163,-0.07321481,0.4351061,2.97398,-0.5715682,0.1929673,2.931521,0.03934926,0.1761928,3.014352,-0.7691097,0.06830318,2.865249,0.1993267,0.03066833,3.00986,-0.2493787,0.1445252,2.955966,-0.2427827,0.08038774,2.915912,-0.3146388,-6.586223E-05,2.898133,-0.1674121,0.00149827,2.915239,-0.3046736,-0.5789386,2.873278,-0.2193627,-0.5949339,2.918026,-0.2977696,-0.9901961,2.950487,-0.2392038,-1.044626,3.038834
-0.2555759,0.6815032,2.878801,-0.2575584,0.4796638,2.943751,-0.4310634,0.411157,2.929274,-0.07825888,0.4202479,2.969401,-0.5776972,0.1779191,2.93119,0.03116925,0.1556231,3.005496,-0.7736443,0.06557102,2.842265,0.1819017,0.003102272,2.950742,-0.2514839,0.1369872,2.957173,-0.2458574,0.06856918,2.918208,-0.3180137,-0.01380758,2.903521,-0.1698646,-0.01002997,2.917637,-0.3127527,-0.5974053,2.876026,-0.2195699,-0.6068485,2.914439,-0.2991848,-0.9938457,2.951328,-0.233008,-1.04157,2.971949
-0.2628628,0.6313856,2.870007,-0.2584612,0.4714286,2.942615,-0.4350702,0.3752462,2.921511,-0.08120013,0.3918245,2.965937,-0.580319,0.1414531,2.918086,0.009480868,0.1182084,2.978598,-0.7758762,0.02724759,2.783875,0.1578522,-0.03001331,2.90373,-0.2552162,0.1113432,2.959074,-0.2491451,0.04364883,2.921546,-0.3222938,-0.03719012,2.909025,-0.1723162,-0.03460621,2.921309,-0.3140489,-0.614856,2.872808,-0.2115556,-0.6322897,2.900643,-0.3052536,-1.039037,2.948318,-0.2342553,-1.045846,2.971357
-0.2660071,0.5994551,2.872037,-0.2614909,0.4140808,2.937013,-0.4402237,0.3234965,2.918145,-0.08265118,0.3333318,2.953193,-0.5799062,0.09268447,2.898899,0.006399143,0.08935715,2.96875,-0.7521408,-0.0189388,2.753798,0.138907,-0.08570252,2.862898,-0.2572651,0.06033699,2.959847,-0.2523071,-0.007791951,2.924861,-0.3285305,-0.09102709,2.911402,-0.1725653,-0.08618477,2.928741,-0.3101784,-0.6249514,2.864436,-0.2042013,-0.6391495,2.89177,-0.3067776,-1.042251,2.951507,-0.2338935,-1.04743,2.969005
-0.2677468,0.5487916,2.887244,-0.2670802,0.3635091,2.939615,-0.4339342,0.2644424,2.906149,-0.08537994,0.2763245,2.947229,-0.5735967,0.04592099,2.884996,-0.005770169,0.02924991,2.954833,-0.7360215,-0.07229714,2.736501,0.1295836,-0.1431085,2.835355,-0.2604509,0.0101032,2.961795,-0.2543503,-0.05805267,2.928128,-0.3305384,-0.1380633,2.91404,-0.1733146,-0.132798,2.932893,-0.3148685,-0.6408497,2.842919,-0.2005557,-0.6413925,2.875964,-0.3089339,-1.044788,2.957314,-0.24352,-1.053645,2.989885
-0.2755341,0.513874,2.891547,-0.2678567,0.3305859,2.935995,-0.4398631,0.2167529,2.90631,-0.09976159,0.2318732,2.934774,-0.5700106,-0.01533204,2.890639,-0.01117861,-0.007597589,2.950274,-0.7098798,-0.1215431,2.751184,0.1168395,-0.1793797,2.836368,-0.2585517,-0.02648237,2.958352,-0.2534259,-0.09568422,2.925998,-0.3283524,-0.176423,2.914784,-0.1732159,-0.1675475,2.929126,-0.3153251,-0.6426506,2.836153,-0.1987846,-0.6434767,2.871991,-0.3101031,-1.045951,2.960147,-0.2446198,-1.053458,2.991656
-0.2751927,0.5007805,2.891644,-0.272203,0.3211479,2.937128,-0.4446893,0.2035367,2.907409,-0.1003541,0.2203792,2.936046,-0.5714772,-0.01721979,2.887962,-0.01155911,-0.04552225,2.953659,-0.7076014,-0.1498852,2.733876,0.1171519,-0.2090349,2.850138,-0.2631123,-0.0371159,2.957607,-0.2581652,-0.1065138,2.925995,-0.3344507,-0.1881299,2.916474,-0.1774543,-0.1816148,2.926685,-0.3184646,-0.644804,2.830093,-0.198533,-0.644517,2.864516,-0.3101283,-1.045972,2.960208,-0.2453592,-1.054679,2.9938
-0.2751836,0.5008357,2.893349,-0.2715563,0.3223948,2.936676,-0.4462442,0.2041621,2.908463,-0.1003749,0.2204189,2.935991,-0.5736458,-0.01560904,2.889064,-0.01133764,-0.04110876,2.956943,-0.7061349,-0.1507462,2.738605,0.1208204,-0.2019483,2.884527,-0.2641594,-0.03692865,2.955574,-0.2601058,-0.1065216,2.924202,-0.3381246,-0.1881049,2.915085,-0.1796524,-0.182042,2.923066,-0.3233483,-0.6488541,2.829763,-0.1991493,-0.6462013,2.861914,-0.3122967,-1.048603,2.961974,-0.2461785,-1.055022,2.993502
-0.2719478,0.5588914,2.896538,-0.2750303,0.3757573,2.945198,-0.4461276,0.2561883,2.910251,-0.09999055,0.2676637,2.948341,-0.5815223,0.02169849,2.89456,-0.01080512,0.01550055,2.970032,-0.7054399,-0.1449154,2.753687,0.1203176,-0.1633783,2.909261,-0.2695768,-0.004816073,2.949799,-0.2643042,-0.07664781,2.915424,-0.341913,-0.153254,2.901808,-0.1837943,-0.1531874,2.913458,-0.3314351,-0.64836,2.847064,-0.1978433,-0.6510475,2.884459,-0.3135836,-1.050107,2.963094,-0.2456761,-1.055562,2.993458
-0.2781681,0.615144,2.896969,-0.2664583,0.4262418,2.943865,-0.449432,0.3131042,2.922484,-0.09934606,0.3264648,2.951577,-0.5721319,0.06236134,2.906058,-0.001580426,0.06876241,2.988826,-0.71291,-0.1048949,2.801414,0.1287959,-0.1215164,2.949365,-0.2731084,0.05605657,2.948334,-0.2712226,-0.01387227,2.911788,-0.3507144,-0.09300835,2.899545,-0.193431,-0.09179588,2.907998,-0.3368277,-0.634239,2.872967,-0.2187244,-0.6459883,2.918183,-0.3141203,-1.049328,2.962929,-0.2456844,-1.054288,2.990637
-0.2742941,0.6339826,2.895278,-0.2792816,0.4642192,2.951145,-0.4486447,0.3546059,2.921071,-0.1011548,0.3680443,2.949616,-0.5724673,0.1006918,2.919269,0.004851779,0.1107997,2.996205,-0.7243158,-0.06866628,2.823413,0.1400933,-0.08329554,2.98636,-0.2738742,0.0899175,2.95085,-0.2697299,0.0205838,2.911932,-0.3436768,-0.05537724,2.896986,-0.1924108,-0.05753051,2.908524,-0.3314681,-0.60665,2.882657,-0.2302227,-0.6463741,2.930242,-0.32264,-0.9978622,2.972655,-0.2472498,-1.029085,3.000173
-0.2804719,0.678103,2.898346,-0.2807316,0.4848256,2.94954,-0.448672,0.399585,2.927654,-0.1001073,0.3995624,2.956644,-0.5756418,0.1362988,2.9239,0.004161812,0.1348956,3.00199,-0.7504646,-0.03185315,2.845947,0.1553482,-0.04942938,3.014709,-0.2797526,0.1278101,2.951688,-0.2761116,0.06187504,2.911853,-0.3503148,-0.01739121,2.895926,-0.1996792,-0.01715725,2.909721,-0.3273987,-0.5567311,2.869323,-0.2400852,-0.5947822,2.92915,-0.3155605,-0.9768424,2.990713,-0.2494251,-0.9820728,3.042226
-0.2807631,0.6828402,2.895789,-0.2884624,0.5099609,2.945486,-0.4519557,0.4108474,2.930786,-0.1026195,0.4128451,2.9559,-0.5791216,0.165222,2.932024,0.003602525,0.1771985,3.010006,-0.7555434,0.01742378,2.862346,0.1561387,0.000309473,3.020741,-0.2823693,0.1435942,2.952856,-0.2782544,0.0754557,2.912569,-0.35177,-0.003952049,2.897755,-0.201619,-0.002391915,2.910477,-0.3317437,-0.538645,2.865309,-0.2399246,-0.5824415,2.926076,-0.3153964,-0.9298541,3.018682,-0.2515134,-0.9580919,3.052398
-0.2794962,0.6905795,2.890863,-0.2848234,0.5177653,2.945922,-0.4541012,0.4201475,2.928347,-0.1007386,0.4392531,2.963284,-0.5820211,0.1806558,2.93416,0.003865951,0.1774717,3.010611,-0.7615088,0.04724846,2.874277,0.1579795,0.01090217,3.019767,-0.2836382,0.1525908,2.954937,-0.2793633,0.08457856,2.914329,-0.3532972,0.006624387,2.899897,-0.2035276,0.003355219,2.912097,-0.3338729,-0.5386071,2.86914,-0.2417836,-0.5817838,2.927782,-0.3227416,-0.9333749,3.010617,-0.2582592,-0.950479,3.046414
-0.2821041,0.7126558,2.880718,-0.2819222,0.4724955,2.927265,-0.4552106,0.4249501,2.924691,-0.1012637,0.4438921,2.96348,-0.5856732,0.1867753,2.933761,0.00228328,0.1804594,3.011813,-0.7676044,0.05593781,2.872823,0.1567248,0.02227734,3.013609,-0.2837093,0.1540885,2.953648,-0.2785442,0.08634126,2.914886,-0.3515728,0.00803795,2.901095,-0.2031856,0.005840606,2.913882,-0.3396791,-0.583324,2.905628,-0.2797539,-0.5876705,2.931862,-0.335054,-0.9709605,2.977906,-0.2650071,-0.9662935,3.02108
-0.2837634,0.7008172,2.873949,-0.2858112,0.4573619,2.923899,-0.4566916,0.424649,2.92104,-0.1014783,0.4428279,2.963357,-0.5861797,0.1868819,2.933827,-0.0001782374,0.1787146,3.010717,-0.7694684,0.06119712,2.867599,0.1576847,0.02089493,2.964977,-0.2858885,0.1477797,2.952161,-0.2799467,0.08414015,2.916039,-0.3523196,0.005402612,2.902978,-0.2065588,0.001671272,2.917816,-0.3545646,-0.5930941,2.921296,-0.2760192,-0.5918313,2.950843,-0.355786,-1.013673,2.957523,-0.2684854,-1.025388,3.037437
-0.2844521,0.6803279,2.863733,-0.2865351,0.4537724,2.922269,-0.4591664,0.4159527,2.916448,-0.1072659,0.4181536,2.9527,-0.5923244,0.1721343,2.926055,-0.01051736,0.164672,2.993305,-0.7707841,0.05399477,2.827052,0.1465162,-0.008786225,2.924818,-0.2848263,0.1345432,2.951291,-0.2797664,0.07143854,2.919249,-0.3507792,-0.01002437,2.908899,-0.2062549,-0.008272994,2.92248,-0.355766,-0.608832,2.92229,-0.2763005,-0.6021386,2.950872,-0.3531152,-1.02192,2.956461,-0.2675644,-1.024944,3.036154
-0.2825077,0.6496239,2.865206,-0.2879405,0.4563909,2.919716,-0.4580551,0.3710361,2.901822,-0.1041239,0.388114,2.949213,-0.5919469,0.1449926,2.913896,-0.02302722,0.1198434,2.970836,-0.7689724,0.0168011,2.771633,0.1268072,-0.04877662,2.879704,-0.2864857,0.1155262,2.950243,-0.2809567,0.04142568,2.923784,-0.3537524,-0.04103239,2.91594,-0.2047118,-0.03726373,2.929909,-0.3565962,-0.6315323,2.919796,-0.2741939,-0.632297,2.939002,-0.352897,-1.042088,2.966499,-0.2615866,-1.022569,3.021089
-0.2860602,0.596021,2.85905,-0.2898503,0.4247462,2.91308,-0.4598443,0.328362,2.893939,-0.1100108,0.3353546,2.936315,-0.588666,0.09589089,2.89031,-0.03092896,0.08883546,2.962046,-0.7492452,-0.0200851,2.740906,0.1080472,-0.08728084,2.844295,-0.2918795,0.06193099,2.948552,-0.2881759,-0.009082593,2.925949,-0.3637746,-0.08790266,2.916847,-0.2115679,-0.08798106,2.935634,-0.3579533,-0.6340541,2.899404,-0.2745952,-0.6491653,2.916431,-0.3621605,-1.04794,2.973261,-0.2893309,-1.084805,2.984024
-0.279532,0.5457138,2.861914,-0.2872508,0.3652366,2.918079,-0.4622062,0.2652348,2.890814,-0.1109215,0.2734006,2.926764,-0.586036,0.04465131,2.879571,-0.03423529,0.0287392,2.952685,-0.73094,-0.07741969,2.724185,0.1003768,-0.1352544,2.812518,-0.2904903,0.01331667,2.951824,-0.2880712,-0.05669434,2.931756,-0.3667369,-0.1363554,2.924419,-0.2096958,-0.1370785,2.939592,-0.3546823,-0.6449978,2.869907,-0.2657835,-0.6502694,2.8946,-0.362832,-1.048973,2.983738,-0.2844064,-1.084465,2.981435
-0.2914023,0.5012649,2.866374,-0.2889892,0.3287593,2.926211,-0.4642898,0.2253515,2.896376,-0.1152456,0.2288309,2.926868,-0.5869996,-0.006007642,2.877632,-0.0334692,-0.008445773,2.948376,-0.7177978,-0.1087718,2.725758,0.08086503,-0.1601833,2.831129,-0.2903818,-0.02143415,2.948284,-0.2882101,-0.09132618,2.927535,-0.3678127,-0.169931,2.920628,-0.2083499,-0.1691447,2.930539,-0.3544165,-0.6461074,2.85308,-0.2642413,-0.6528513,2.878297,-0.3626643,-1.048896,2.98354,-0.2792016,-1.081641,2.965302
-0.2913217,0.4941563,2.870389,-0.2928262,0.3183857,2.925952,-0.466618,0.2095692,2.901366,-0.1191238,0.2221937,2.929648,-0.5914418,-0.01213666,2.876915,-0.03658305,-0.02740875,2.949235,-0.7122205,-0.1301413,2.718027,0.08131897,-0.1936279,2.820866,-0.2895133,-0.03301008,2.946567,-0.2866817,-0.1027497,2.926918,-0.3652128,-0.1817385,2.920306,-0.2059642,-0.1790662,2.929399,-0.3527053,-0.6475831,2.848287,-0.2672662,-0.6563528,2.871269,-0.362635,-1.048843,2.983368,-0.2777679,-1.079797,2.959821
-0.2927167,0.503796,2.874324,-0.29197,0.3236539,2.92784,-0.4687739,0.2133753,2.9008,-0.1205072,0.2247607,2.932256,-0.5921569,-0.004159205,2.877588,-0.0385355,-0.01623283,2.953825,-0.7094913,-0.1323764,2.720716,0.08318991,-0.185267,2.843396,-0.2892623,-0.0313505,2.945289,-0.2863452,-0.1012596,2.926182,-0.3651483,-0.1808808,2.919068,-0.2053146,-0.1771968,2.928425,-0.3530432,-0.6479754,2.848649,-0.2518484,-0.650274,2.874549,-0.3608105,-1.04677,2.982336,-0.2761709,-1.07922,2.961695
-0.2972693,0.5740414,2.881584,-0.2909292,0.3836547,2.940372,-0.4673834,0.2691018,2.906972,-0.1220592,0.2836182,2.948403,-0.5905957,0.03551922,2.872107,-0.03711462,0.01284207,2.963333,-0.7140828,-0.1281022,2.74211,0.08839777,-0.1664828,2.891625,-0.2905963,0.01721703,2.938234,-0.2872752,-0.05387626,2.913091,-0.3659832,-0.1322436,2.901479,-0.2072891,-0.1298116,2.910201,-0.3528934,-0.6412539,2.862645,-0.256203,-0.6500541,2.889019,-0.3688548,-1.047578,2.976959,-0.299811,-1.050394,3.018154
-0.3044386,0.6087281,2.885342,-0.2977985,0.4307499,2.942803,-0.4694351,0.3183751,2.908332,-0.123572,0.3345776,2.953305,-0.5896367,0.07209522,2.882153,-0.03509793,0.07366934,2.977101,-0.7283071,-0.1042175,2.775003,0.09583269,-0.1273727,2.924034,-0.2929913,0.06143451,2.942537,-0.2883248,-0.009229625,2.915787,-0.3628632,-0.0892508,2.901072,-0.2105334,-0.0861513,2.916304,-0.3496244,-0.6317873,2.886379,-0.2720649,-0.658184,2.927587,-0.3700736,-1.046314,2.977848,-0.2958605,-1.042507,3.00397
-0.3032818,0.6339183,2.88267,-0.2973258,0.4615876,2.941789,-0.4672783,0.3590039,2.912267,-0.1213614,0.3711787,2.955208,-0.59185,0.09337276,2.888005,-0.02996767,0.09914913,2.987278,-0.7459393,-0.06798086,2.8019,0.1029365,-0.08553948,2.957484,-0.2923556,0.09703118,2.944999,-0.2875817,0.02665204,2.91749,-0.3601175,-0.05342692,2.902218,-0.211611,-0.04907056,2.91956,-0.3409685,-0.6076361,2.887146,-0.275205,-0.6448802,2.927879,-0.3718207,-1.038105,2.989662,-0.2834695,-1.030714,3.009959
-0.2960413,0.685639,2.878383,-0.2949556,0.4918195,2.94773,-0.4655441,0.3810861,2.914242,-0.119533,0.4105261,2.958061,-0.5960181,0.1424543,2.897907,-0.02389333,0.1423461,3.003739,-0.7511693,-0.003283242,2.827466,0.1243591,-0.05582159,3.003925,-0.2921064,0.1225943,2.946243,-0.287559,0.05254076,2.915723,-0.3604715,-0.02689695,2.899041,-0.2119514,-0.02381087,2.916579,-0.3318869,-0.5642369,2.866839,-0.2595317,-0.595442,2.909393,-0.3760197,-0.9466166,2.982347,-0.2683648,-0.9923764,3.04941
-0.2999261,0.6833205,2.87658,-0.2975638,0.4997298,2.945241,-0.4699568,0.3952689,2.916123,-0.1208275,0.4144764,2.956832,-0.6003993,0.1565404,2.899261,-0.02123501,0.1553157,3.006477,-0.7690797,0.01785799,2.843988,0.1248734,-0.006562479,3.009567,-0.2945258,0.1337439,2.947304,-0.2899622,0.064201,2.915806,-0.3622215,-0.0156814,2.899753,-0.214559,-0.01369022,2.916848,-0.3345015,-0.5470563,2.865008,-0.2611511,-0.5936931,2.908895,-0.3577673,-0.941108,2.98734,-0.2652033,-0.9605041,3.047795
-0.3027505,0.6889789,2.874212,-0.3054442,0.4732465,2.929234,-0.4707242,0.4060173,2.913085,-0.122306,0.4269936,2.958729,-0.6049735,0.1733593,2.906302,-0.02154584,0.1648425,3.008533,-0.7840636,0.04210149,2.849969,0.1270441,0.005632819,3.012609,-0.2952721,0.136252,2.946095,-0.2899711,0.06978969,2.915164,-0.3608683,-0.01007584,2.900413,-0.2145813,-0.00758608,2.916636,-0.3346329,-0.5470834,2.865168,-0.2649767,-0.5964104,2.911698,-0.3344456,-0.9595966,2.976095,-0.2599429,-0.9759493,3.008569
-0.3026876,0.6883036,2.872642,-0.3070128,0.4661513,2.926916,-0.4712375,0.4099962,2.91219,-0.1232524,0.4271985,2.957396,-0.6072243,0.1748877,2.907954,-0.02062896,0.1648923,3.009908,-0.7928573,0.04754717,2.844838,0.1309895,0.009007174,3.008203,-0.2954831,0.1361637,2.945339,-0.2900472,0.06990853,2.915172,-0.360467,-0.009359639,2.901005,-0.2147616,-0.007515437,2.91669,-0.3389222,-0.5783136,2.884173,-0.2673469,-0.6048057,2.916,-0.3340107,-0.9941627,2.952442,-0.2549286,-0.9943329,2.985095
-0.3022116,0.6756917,2.865333,-0.3060353,0.4531691,2.927353,-0.4720655,0.408653,2.912086,-0.1227033,0.4235643,2.956111,-0.608508,0.1735533,2.908695,-0.02125746,0.163625,3.008377,-0.7940105,0.04933871,2.836915,0.1417704,-0.0117462,2.957158,-0.2964315,0.1317921,2.944962,-0.2908159,0.06778986,2.915756,-0.3611407,-0.01192654,2.902516,-0.2159519,-0.01084712,2.917327,-0.3420951,-0.5959288,2.885756,-0.2682568,-0.6080512,2.92356,-0.3308337,-0.9987527,2.945606,-0.2462986,-1.010741,2.962792
-0.3049502,0.6595297,2.863458,-0.3049201,0.4626568,2.925678,-0.4752524,0.3909425,2.910074,-0.1231816,0.4059908,2.953907,-0.6076972,0.1545352,2.910832,-0.0276346,0.1361851,2.993943,-0.7872174,0.0242427,2.786886,0.1281772,-0.03540646,2.928755,-0.2977194,0.1229266,2.944127,-0.2930316,0.05197102,2.917089,-0.3638147,-0.02842334,2.905889,-0.2186649,-0.0281771,2.919628,-0.3430837,-0.6103824,2.881321,-0.2697366,-0.625755,2.917714,-0.32669,-1.042411,2.950487,-0.2419345,-1.021618,2.953796
-0.308425,0.6084455,2.854096,-0.3047417,0.4402492,2.91851,-0.4721617,0.3463454,2.903593,-0.1199445,0.3575339,2.941713,-0.6010569,0.1016689,2.898238,-0.03397706,0.1003308,2.975861,-0.7665724,-0.01233533,2.757708,0.1105552,-0.07607424,2.885306,-0.2974898,0.08352715,2.941255,-0.2927832,0.01621985,2.917851,-0.3655569,-0.06469316,2.91144,-0.2158031,-0.06080345,2.919767,-0.3412063,-0.618685,2.870914,-0.26078,-0.6525703,2.893341,-0.327948,-1.044884,2.956692,-0.2397098,-1.021562,2.947697
-0.3042672,0.5598515,2.85515,-0.3003908,0.385696,2.923381,-0.4724336,0.2937649,2.901202,-0.1237798,0.3000852,2.934879,-0.5926613,0.05677648,2.885972,-0.03400079,0.04165538,2.967738,-0.7545893,-0.06352627,2.738748,0.116687,-0.1350033,2.8421,-0.2942544,0.03221142,2.943528,-0.2901351,-0.03729472,2.920538,-0.3657824,-0.1178283,2.911079,-0.2106735,-0.1140753,2.924154,-0.3361671,-0.6380692,2.85116,-0.2206362,-0.6353614,2.87786,-0.326796,-1.058066,2.983416,-0.2484278,-1.056567,3.009201
-0.3043174,0.5105792,2.870878,-0.3049386,0.3313022,2.93063,-0.4705376,0.2331637,2.898237,-0.1237461,0.2478173,2.929755,-0.5882446,0.0163159,2.882587,-0.03772266,0.009240138,2.959848,-0.7325316,-0.1147053,2.73406,0.09974363,-0.163175,2.834019,-0.2899764,-0.01641023,2.947011,-0.28449,-0.08367041,2.923896,-0.3591737,-0.1658217,2.911186,-0.2021587,-0.1586519,2.929248,-0.3358611,-0.6462123,2.838703,-0.2338298,-0.6415491,2.86549,-0.3256977,-1.055274,2.978992,-0.2492896,-1.058563,3.009389
-0.302624,0.4888332,2.872881,-0.3066409,0.3169756,2.92628,-0.4818423,0.1968904,2.904767,-0.1259781,0.2125073,2.928474,-0.5930479,-0.03011931,2.884639,-0.03662322,-0.04109327,2.955229,-0.7237613,-0.1387822,2.729422,0.08997968,-0.1925637,2.839921,-0.2937097,-0.0356137,2.942162,-0.2894883,-0.1049981,2.919438,-0.3672954,-0.1897552,2.909576,-0.2057728,-0.182875,2.921564,-0.3351095,-0.647479,2.833321,-0.2427786,-0.646419,2.85967,-0.3224572,-1.052794,2.976149,-0.253863,-1.061736,3.004578
-0.3033045,0.4876372,2.872207,-0.3057959,0.3154854,2.925595,-0.4818619,0.1968315,2.904777,-0.1267262,0.210555,2.927663,-0.5943795,-0.03104393,2.884738,-0.03713364,-0.04345687,2.955883,-0.7096893,-0.1539232,2.735078,0.0900774,-0.2019958,2.856347,-0.2954932,-0.03879301,2.940439,-0.2921356,-0.1086137,2.917888,-0.3707012,-0.1921685,2.909045,-0.2091329,-0.1867275,2.918689,-0.3358675,-0.6479636,2.830873,-0.2475198,-0.6484033,2.856265,-0.3211785,-1.052703,2.976406,-0.2551033,-1.05969,3.001916
-0.3039538,0.5041479,2.87769,-0.3021469,0.3271652,2.928836,-0.4802345,0.214795,2.903694,-0.1276969,0.2268155,2.927799,-0.5957085,-0.0174073,2.883965,-0.03991231,-0.02382615,2.962169,-0.7037847,-0.1600664,2.748298,0.08533791,-0.1892004,2.885466,-0.2958255,-0.03145224,2.938494,-0.2928068,-0.100912,2.914676,-0.3721175,-0.1804501,2.904277,-0.2105078,-0.1786728,2.913887,-0.3465697,-0.643278,2.836673,-0.2432349,-0.6465923,2.863341,-0.3215765,-1.052606,2.976218,-0.2562983,-1.061458,3.012076
-0.3106557,0.5778949,2.868579,-0.3034458,0.3912802,2.931298,-0.4788381,0.2835042,2.911439,-0.1308285,0.2877619,2.929358,-0.5838918,0.04216965,2.891116,-0.03880136,0.03310563,2.968672,-0.7017179,-0.1528743,2.758502,0.08503844,-0.1574652,2.910567,-0.3028248,0.02861587,2.933821,-0.3011675,-0.0413024,2.907077,-0.3803153,-0.1192949,2.896494,-0.2211969,-0.1195247,2.904263,-0.35594,-0.6322787,2.854975,-0.2420859,-0.6517245,2.898732,-0.3242669,-1.049436,2.972164,-0.256235,-1.056451,3.010446
-0.3103585,0.6116277,2.87018,-0.3056708,0.4332585,2.929236,-0.4796624,0.3379472,2.918057,-0.1326581,0.3435334,2.93776,-0.5878424,0.06553553,2.898174,-0.04079812,0.08391666,2.974529,-0.7232825,-0.1131443,2.805942,0.093798,-0.1138407,2.935129,-0.3059672,0.06607925,2.933286,-0.3042565,-0.004666251,2.905514,-0.380883,-0.08216681,2.893395,-0.2272104,-0.08280952,2.904443,-0.3531813,-0.620405,2.862505,-0.259491,-0.6487349,2.911866,-0.3252944,-1.038287,2.965579,-0.2547638,-1.042885,3.002173
-0.3134234,0.6362481,2.870535,-0.3049698,0.4630959,2.931295,-0.480921,0.3610091,2.917702,-0.1347711,0.3711779,2.941915,-0.5922857,0.1032718,2.908003,-0.03957067,0.1076303,2.982936,-0.7378978,-0.06516501,2.825983,0.09996981,-0.068249,2.967805,-0.3177141,0.09960698,2.936474,-0.3184501,0.03004349,2.907809,-0.3968472,-0.0434894,2.898446,-0.2460405,-0.04907882,2.90441,-0.3462284,-0.5802663,2.852152,-0.2628466,-0.647807,2.913825,-0.3284799,-1.0058,2.973713,-0.2616883,-1.021812,3.01272
-0.3146118,0.6534543,2.871096,-0.30856,0.482096,2.937463,-0.4849152,0.3917663,2.92542,-0.133164,0.3955501,2.946646,-0.5965431,0.1354739,2.914843,-0.03728919,0.1253626,2.98554,-0.7560377,-0.01665591,2.843402,0.1121779,-0.05345046,2.976787,-0.3160244,0.1208718,2.9374,-0.3155079,0.05258767,2.905574,-0.3927631,-0.02572873,2.893695,-0.2415753,-0.02785554,2.901566,-0.3475797,-0.5603983,2.847152,-0.2715195,-0.5873401,2.889953,-0.345825,-0.9838758,2.972089,-0.2659571,-0.987707,3.052936
-0.3185192,0.6644697,2.870679,-0.3177738,0.4940425,2.934039,-0.4907568,0.4012513,2.925007,-0.1398791,0.4085727,2.944849,-0.6031199,0.1498847,2.92131,-0.03608275,0.1473848,2.99468,-0.7766069,0.006337053,2.850607,0.1158586,-0.02043207,2.985064,-0.3172945,0.1309357,2.9378,-0.3155946,0.06229491,2.905132,-0.3903589,-0.01647177,2.894109,-0.2411444,-0.0163818,2.900784,-0.3553162,-0.5522877,2.84584,-0.2710186,-0.5851243,2.890414,-0.3821902,-0.9287845,2.978395,-0.2794802,-0.9339114,3.032542
-0.3228197,0.6692659,2.870046,-0.3220857,0.4980735,2.929326,-0.4947299,0.4060718,2.923951,-0.144584,0.414719,2.942803,-0.6110649,0.1586049,2.924525,-0.03954274,0.1526395,2.992606,-0.7863874,0.02421636,2.856343,0.1118364,-0.004905761,2.95967,-0.3178634,0.1344862,2.93798,-0.3156602,0.0654881,2.905206,-0.3893664,-0.01364074,2.894912,-0.2409808,-0.01241974,2.901339,-0.369005,-0.5804948,2.864452,-0.2715913,-0.5876217,2.893346,-0.3970492,-0.9525967,2.959791,-0.2744001,-0.9631014,2.991456
-0.327244,0.6705267,2.862618,-0.3324541,0.4415206,2.916779,-0.4976254,0.4054313,2.922274,-0.1456317,0.4144112,2.941428,-0.6141773,0.1612604,2.924344,-0.04367408,0.1505976,2.987452,-0.7908093,0.0300776,2.852683,0.1080037,-0.006135296,2.938753,-0.3196471,0.1321349,2.936808,-0.3163222,0.06515769,2.905268,-0.3895768,-0.0140302,2.895094,-0.2416921,-0.01304969,2.901806,-0.3895848,-0.6140889,2.878686,-0.2734507,-0.6117918,2.913056,-0.4043348,-1.005122,2.936213,-0.3057551,-1.00724,2.956589
-0.3310855,0.662492,2.859628,-0.3322122,0.4410245,2.917279,-0.4999571,0.3988808,2.918457,-0.1486211,0.4081844,2.939143,-0.6176098,0.1540369,2.920449,-0.05379784,0.148722,2.980401,-0.8090934,0.01671029,2.809769,0.09390014,-0.0249917,2.898365,-0.3235172,0.1221582,2.937919,-0.3200139,0.05776767,2.907903,-0.392904,-0.02239428,2.899191,-0.2456512,-0.02001066,2.905201,-0.3910941,-0.6224602,2.877539,-0.2700159,-0.6194136,2.909109,-0.4074492,-1.00845,2.936833,-0.294965,-1.01483,2.958278
-0.332348,0.6447098,2.854765,-0.333654,0.4445023,2.914522,-0.5070026,0.3619725,2.907134,-0.1519759,0.3772227,2.931616,-0.6186463,0.1181144,2.91332,-0.06822342,0.109434,2.957069,-0.7943735,-0.006431048,2.788106,0.08035471,-0.06500427,2.847782,-0.3292859,0.1057351,2.937277,-0.3270631,0.03383918,2.911492,-0.4016373,-0.04886083,2.906224,-0.2509003,-0.04516215,2.911902,-0.3915858,-0.6273537,2.872591,-0.2844923,-0.6442766,2.886469,-0.4126826,-1.030412,2.948024,-0.3185963,-1.030606,2.961116
-0.3358001,0.594,2.856595,-0.3366816,0.4246086,2.912095,-0.5080445,0.3081538,2.900735,-0.1538801,0.3227092,2.924375,-0.6229846,0.06970508,2.894253,-0.071771,0.08067173,2.950234,-0.7793644,-0.05021092,2.756382,0.04214582,-0.09654188,2.838621,-0.3323687,0.05485664,2.937187,-0.3290682,-0.01589595,2.913812,-0.4057915,-0.09905537,2.90935,-0.2489882,-0.08992618,2.914506,-0.3918929,-0.630319,2.856134,-0.2851556,-0.6404557,2.874815,-0.4192984,-1.048554,2.980531,-0.3242294,-1.032272,2.964251
-0.3400804,0.5458825,2.853233,-0.3323191,0.3638307,2.921511,-0.5058784,0.261754,2.894461,-0.1603591,0.271226,2.91609,-0.6193485,0.02843357,2.883358,-0.07451493,0.01825452,2.942591,-0.7613352,-0.1022312,2.74251,0.03868303,-0.149927,2.817782,-0.3333862,0.007286306,2.937404,-0.3316487,-0.06268333,2.912574,-0.4084913,-0.1399002,2.905571,-0.254485,-0.1397967,2.911947,-0.3939793,-0.639649,2.837123,-0.2907504,-0.6440539,2.858301,-0.4187369,-1.048848,2.98038,-0.3334568,-1.050868,2.988653
-0.342999,0.4904212,2.858147,-0.3408443,0.3174905,2.916561,-0.5128384,0.2149089,2.8939,-0.1684631,0.2153227,2.907791,-0.6246268,-0.02580356,2.869939,-0.08038041,-0.02715028,2.934887,-0.7511431,-0.1522336,2.718028,0.03254217,-0.1831726,2.821424,-0.3413346,-0.032864,2.934216,-0.3401504,-0.1014348,2.910465,-0.4184473,-0.1803705,2.905399,-0.2620292,-0.1780023,2.908481,-0.3963558,-0.6479262,2.820852,-0.2975972,-0.6442509,2.845254,-0.4097086,-1.051688,2.96919,-0.3356998,-1.05126,2.987903
-0.3446859,0.4883212,2.856945,-0.3398827,0.3142969,2.914437,-0.5150886,0.2087879,2.895585,-0.1694765,0.2090875,2.908932,-0.6264389,-0.03326864,2.871298,-0.07994934,-0.04286052,2.933988,-0.7504784,-0.1599025,2.72244,0.03349072,-0.2151868,2.819844,-0.3417072,-0.03964988,2.93238,-0.3410271,-0.1095269,2.909703,-0.4202156,-0.18859,2.905898,-0.2627223,-0.1868156,2.907298,-0.3976806,-0.6463323,2.817431,-0.285965,-0.6361886,2.840704,-0.4098183,-1.052026,2.969759,-0.3411286,-1.049435,2.986683
-0.3449073,0.4910371,2.859018,-0.3397944,0.3150288,2.913655,-0.5153358,0.2090304,2.89555,-0.1693716,0.2095221,2.90931,-0.6278664,-0.0311513,2.871827,-0.07890938,-0.04177266,2.940106,-0.7484999,-0.1660115,2.738605,0.03112339,-0.2125154,2.850015,-0.3423433,-0.03945481,2.93066,-0.341859,-0.1093992,2.908488,-0.42228,-0.1883772,2.903285,-0.2631012,-0.186842,2.90672,-0.3984793,-0.6455574,2.817624,-0.2892248,-0.638491,2.841198,-0.4121077,-1.053578,2.983459,-0.3414534,-1.050464,2.987072
-0.3425598,0.5499328,2.860442,-0.331893,0.3687372,2.924188,-0.5167726,0.2487748,2.89516,-0.1693803,0.2642008,2.920763,-0.6332292,0.01312253,2.864819,-0.08105971,0.003661227,2.958203,-0.7427016,-0.1564883,2.746229,0.04070754,-0.1900788,2.881452,-0.3415343,-0.004077142,2.925566,-0.3411677,-0.07564271,2.899324,-0.4225619,-0.1520829,2.887852,-0.262787,-0.1531841,2.896957,-0.4080176,-0.6400471,2.831377,-0.2947655,-0.6407889,2.851859,-0.4131069,-1.054627,2.983101,-0.3415157,-1.050073,2.989207
-0.3431658,0.6056849,2.858344,-0.3409247,0.4193816,2.921564,-0.5228939,0.3095466,2.904739,-0.1701842,0.3156336,2.922971,-0.6330203,0.05425273,2.877834,-0.08196267,0.05795615,2.96516,-0.7585802,-0.1198321,2.768123,0.04496084,-0.1502021,2.915798,-0.3451563,0.05244049,2.922164,-0.3443943,-0.01793966,2.893316,-0.4228679,-0.09869508,2.883086,-0.2671753,-0.09532061,2.888672,-0.4104551,-0.6305786,2.846933,-0.3080473,-0.6502265,2.892637,-0.4128938,-1.037925,2.964234,-0.3365541,-1.047536,2.983891
-0.3445059,0.619505,2.859403,-0.3423645,0.4488542,2.919235,-0.5164761,0.3509079,2.896286,-0.1697235,0.3523945,2.924258,-0.6339286,0.08146864,2.880938,-0.08153796,0.08624557,2.968391,-0.7747291,-0.08672139,2.78879,0.04579548,-0.1042557,2.934889,-0.3462415,0.07763044,2.923329,-0.3443557,0.00633706,2.893818,-0.4204173,-0.06961749,2.883991,-0.2688203,-0.07164352,2.890016,-0.4096187,-0.6170846,2.849423,-0.3110057,-0.6485227,2.894486,-0.4082701,-1.017298,2.948295,-0.3322711,-1.040322,2.9779
-0.3480651,0.6556343,2.859576,-0.3425216,0.4713354,2.916025,-0.5174754,0.3758112,2.896853,-0.1661107,0.3891821,2.930595,-0.6364813,0.1071952,2.885885,-0.07939671,0.1163313,2.972794,-0.795382,-0.05178745,2.803465,0.05966203,-0.06800991,2.955807,-0.3516066,0.1184448,2.920342,-0.3505044,0.05170294,2.889658,-0.427141,-0.02745099,2.878265,-0.2761945,-0.03066633,2.887397,-0.3959178,-0.5679541,2.830689,-0.3033158,-0.6282837,2.923154,-0.408295,-0.9957856,2.947122,-0.3351399,-0.950696,2.97591
-0.3492648,0.6727526,2.857207,-0.3485892,0.4959842,2.914465,-0.5198775,0.4058116,2.898928,-0.1700617,0.4111167,2.935584,-0.6396249,0.1563537,2.891447,-0.07452764,0.1437067,2.977527,-0.8066504,-0.0008937141,2.826378,0.07009739,-0.04420713,2.968718,-0.3545817,0.1352584,2.921485,-0.3523107,0.06629617,2.890309,-0.4284151,-0.01044077,2.878223,-0.278078,-0.01331587,2.889147,-0.3908671,-0.5502087,2.82509,-0.3152723,-0.6109143,2.919144,-0.4091683,-0.942745,2.958814,-0.3312871,-0.927542,2.996483
-0.3501333,0.6741987,2.856293,-0.3552687,0.5034557,2.911756,-0.5213209,0.4098874,2.898968,-0.1713165,0.4161385,2.935971,-0.64039,0.1611926,2.892018,-0.07500924,0.1549097,2.978792,-0.8108386,0.01339656,2.827901,0.07022066,-0.01914239,2.968177,-0.3553599,0.1389189,2.92137,-0.3523036,0.06935202,2.88998,-0.427068,-0.007811797,2.877712,-0.2779744,-0.01038276,2.889353,-0.3911596,-0.550816,2.826377,-0.3373415,-0.6077383,2.882837,-0.4067473,-0.9455382,2.946615,-0.3316476,-0.9671696,2.961298
-0.3508763,0.6760513,2.85468,-0.3599602,0.4627498,2.903254,-0.5227307,0.4138103,2.898753,-0.1724257,0.4180025,2.934663,-0.6426425,0.1653714,2.892263,-0.07612012,0.1586932,2.977452,-0.8177394,0.02381409,2.826315,0.07409517,-0.0111213,2.955509,-0.3552715,0.1392646,2.920916,-0.3521808,0.07040343,2.890017,-0.4261311,-0.006953538,2.878166,-0.2779576,-0.008865263,2.889404,-0.4050572,-0.5984828,2.847426,-0.3365984,-0.606365,2.881697,-0.4032853,-0.9585613,2.934889,-0.3326838,-0.9959021,2.948083
-0.3516588,0.674305,2.852331,-0.3585759,0.4558334,2.90402,-0.5235285,0.4132873,2.898456,-0.17246,0.4180702,2.934637,-0.6464056,0.1642004,2.891408,-0.07967572,0.1574246,2.975404,-0.8201525,0.02550212,2.818658,0.0793929,-0.02088831,2.921483,-0.3549494,0.1353423,2.921312,-0.3518547,0.06936657,2.890797,-0.4249668,-0.009099569,2.879665,-0.2776941,-0.01017907,2.890499,-0.4052883,-0.5996352,2.846718,-0.3257685,-0.6086892,2.882375,-0.409055,-1.002537,2.907103,-0.3293216,-1.013637,2.941605
-0.357253,0.656912,2.846329,-0.3584331,0.4620074,2.90315,-0.5264434,0.4005356,2.897589,-0.172348,0.4092771,2.934757,-0.6501203,0.1469573,2.885046,-0.09045199,0.1308065,2.958095,-0.8182132,0.005182981,2.787322,0.05719342,-0.05071263,2.874212,-0.3559367,0.1288491,2.920696,-0.35275,0.06040189,2.891649,-0.4266595,-0.01927609,2.882785,-0.2777034,-0.0205562,2.890743,-0.4109359,-0.6102541,2.840628,-0.3212788,-0.6194965,2.875833,-0.4152105,-1.015563,2.912091,-0.3315787,-1.039246,2.951084
-0.3588375,0.6383855,2.84283,-0.3598212,0.4561402,2.903494,-0.5321038,0.3581365,2.893865,-0.1790372,0.3656672,2.92958,-0.6492607,0.1062127,2.874391,-0.09372929,0.1035737,2.950727,-0.8054159,-0.03514101,2.752912,0.02415187,-0.08308425,2.849707,-0.360689,0.09944159,2.921819,-0.3573745,0.03016514,2.894515,-0.432768,-0.04988376,2.884101,-0.2805814,-0.04877146,2.896247,-0.4124667,-0.6118058,2.831219,-0.2999703,-0.6325075,2.854298,-0.4158521,-1.016306,2.913326,-0.3382825,-1.04011,2.961278
-0.3604384,0.5799451,2.843695,-0.3577719,0.3948935,2.907802,-0.5306669,0.3058769,2.885698,-0.1800473,0.3103265,2.925713,-0.6489841,0.05475929,2.857888,-0.09708849,0.04359667,2.936586,-0.7887781,-0.07552031,2.740964,0.02624992,-0.1446935,2.811442,-0.3574231,0.04208051,2.924861,-0.3536035,-0.02669463,2.898368,-0.4307487,-0.1073163,2.886958,-0.2748939,-0.1042838,2.9014,-0.4154744,-0.6232211,2.813837,-0.2851866,-0.6294757,2.845376,-0.4232409,-1.031806,2.940103,-0.3398742,-1.039171,2.969539
-0.3632179,0.5204102,2.843686,-0.360886,0.3404686,2.912148,-0.5324157,0.2500348,2.882344,-0.1834286,0.2469178,2.920209,-0.6444719,0.009601475,2.855776,-0.1062192,-0.01213519,2.926487,-0.7810182,-0.1382927,2.718538,-0.003654115,-0.1787228,2.818351,-0.3597382,-0.009993098,2.923752,-0.3558871,-0.07774097,2.896039,-0.4334418,-0.1575732,2.882754,-0.2764508,-0.1553266,2.898407,-0.4207292,-0.6336462,2.801328,-0.281986,-0.6313108,2.842115,-0.4250593,-0.9823931,2.905674,-0.3424951,-1.039747,2.975138
-0.365158,0.4999339,2.849647,-0.3641497,0.316097,2.905434,-0.535585,0.2045974,2.881168,-0.1864374,0.2051471,2.908072,-0.6527872,-0.04188782,2.847498,-0.1088149,-0.04993705,2.912054,-0.7699673,-0.1861066,2.708994,0.001781338,-0.2189863,2.815582,-0.3619666,-0.03778453,2.917031,-0.3589512,-0.1062407,2.889054,-0.4383642,-0.1862981,2.87858,-0.2774991,-0.1831674,2.888796,-0.4223775,-0.6399274,2.792496,-0.2821296,-0.6335934,2.837775,-0.4206448,-1.032024,2.936743,-0.347787,-1.037102,2.972092
-0.364852,0.4957306,2.849861,-0.3597212,0.3074337,2.90168,-0.534755,0.1982205,2.879851,-0.1873972,0.2029102,2.906998,-0.6520178,-0.04472777,2.843149,-0.10954,-0.05386915,2.912729,-0.7703564,-0.1899974,2.712047,-0.002644675,-0.231787,2.819307,-0.3609489,-0.04535539,2.915197,-0.3585111,-0.1139159,2.887646,-0.4383662,-0.1922468,2.878033,-0.2778995,-0.1904052,2.88734,-0.421971,-0.6400561,2.789966,-0.3068219,-0.6434144,2.825576,-0.4199711,-1.031781,2.936883,-0.3533329,-1.03452,2.967606
-0.3649293,0.4956587,2.850191,-0.360102,0.3099647,2.901687,-0.5353184,0.2003962,2.879516,-0.1876813,0.2046676,2.905663,-0.6522653,-0.04178418,2.844737,-0.1089499,-0.05162714,2.919435,-0.7694917,-0.191861,2.724197,-0.0005428046,-0.2263101,2.835181,-0.3617089,-0.04446669,2.914301,-0.359527,-0.1131016,2.886507,-0.4397989,-0.1914316,2.876792,-0.2790624,-0.1897815,2.885602,-0.4223675,-0.6395911,2.791319,-0.3080131,-0.6433535,2.826506,-0.4195902,-1.031129,2.937607,-0.353559,-1.035724,2.969358
-0.3683364,0.5563054,2.850894,-0.351025,0.3722953,2.904566,-0.5376196,0.2557178,2.876873,-0.1883429,0.2623632,2.909711,-0.6465743,0.01713853,2.857631,-0.1076031,0.005818682,2.935856,-0.7734736,-0.185861,2.732193,0.009817936,-0.1885454,2.874928,-0.3614585,0.002973087,2.90779,-0.3602816,-0.06980942,2.877353,-0.4417782,-0.1455021,2.862666,-0.2818039,-0.1517306,2.877673,-0.4323668,-0.6329412,2.809397,-0.3078284,-0.6419878,2.846564,-0.4184294,-1.031438,2.942708,-0.351455,-1.035745,2.972066
-0.3658829,0.5976174,2.845113,-0.3591827,0.410493,2.905338,-0.5383202,0.3072958,2.877231,-0.1884948,0.3090368,2.903394,-0.6480314,0.04556728,2.857549,-0.09683404,0.05110308,2.953757,-0.7902523,-0.1303726,2.764362,0.02215953,-0.1497784,2.90997,-0.3633367,0.04317602,2.904801,-0.3614388,-0.0242756,2.870662,-0.4405407,-0.1018656,2.854925,-0.2829492,-0.1028864,2.86914,-0.4357447,-0.6297574,2.821369,-0.3049558,-0.6475916,2.884116,-0.4196751,-1.030288,2.943229,-0.3484322,-1.035787,2.974211
-0.3684574,0.629779,2.844413,-0.3605552,0.4499676,2.897985,-0.5399725,0.3600034,2.875327,-0.1891586,0.3601766,2.907214,-0.6539013,0.08866605,2.861964,-0.0985526,0.08841622,2.950338,-0.8082423,-0.08197971,2.783092,0.03270367,-0.09271418,2.92524,-0.3712315,0.08651344,2.901347,-0.3696088,0.01611712,2.866942,-0.4484599,-0.05999851,2.85298,-0.2938119,-0.06561279,2.865104,-0.4338686,-0.6222382,2.821626,-0.3098141,-0.6471558,2.885101,-0.4176663,-1.028929,2.94347,-0.3480001,-1.033395,2.981823
-0.3711719,0.6399443,2.84243,-0.3673841,0.469638,2.895247,-0.5397259,0.3735606,2.876155,-0.193887,0.3810636,2.903591,-0.659468,0.1108886,2.865179,-0.09559699,0.1141499,2.954885,-0.8191088,-0.03671357,2.795084,0.04548238,-0.06263742,2.937801,-0.3728231,0.1072107,2.900692,-0.3708146,0.03933156,2.865191,-0.4474399,-0.03663541,2.851988,-0.2953755,-0.03720737,2.86282,-0.4233114,-0.5419,2.797371,-0.3389661,-0.5775192,2.839317,-0.4098022,-0.9535806,2.95613,-0.3526013,-0.991028,2.993922
-0.375307,0.6546263,2.842023,-0.3739541,0.4843037,2.897547,-0.5450701,0.3910142,2.879677,-0.1948196,0.393968,2.905058,-0.6644557,0.142385,2.865945,-0.09474263,0.1318388,2.956446,-0.8315068,0.00225957,2.805174,0.05343697,-0.02770825,2.941915,-0.3747956,0.1218546,2.901498,-0.3720212,0.05394223,2.864236,-0.4479873,-0.02374962,2.850541,-0.2953879,-0.02654347,2.861395,-0.4260259,-0.5388728,2.796287,-0.3394527,-0.5732436,2.837609,-0.4041034,-0.9471581,2.961771,-0.3503926,-0.9659638,2.985531
-0.3838072,0.6719797,2.833461,-0.3853276,0.4960336,2.889544,-0.5495384,0.3965985,2.877552,-0.1973944,0.4042615,2.906378,-0.6708173,0.1495225,2.869202,-0.09350899,0.1390709,2.956519,-0.8405082,0.01969329,2.809086,0.05614869,-0.01899754,2.937037,-0.3779447,0.1304114,2.900329,-0.3737425,0.06151433,2.863418,-0.4483803,-0.01896229,2.849943,-0.2962169,-0.0179511,2.861924,-0.4293963,-0.5406773,2.797438,-0.3347336,-0.5719982,2.839916,-0.4211897,-0.9379555,2.941211,-0.3527206,-0.9614177,2.975921
-0.3838947,0.6772645,2.824638,-0.3869165,0.4974931,2.8861,-0.5513809,0.4007885,2.874112,-0.1986822,0.4090707,2.904439,-0.673468,0.1534936,2.870047,-0.09679273,0.1469348,2.95281,-0.8417749,0.024303,2.807964,0.05668678,-0.01069464,2.917312,-0.3784488,0.1319652,2.899479,-0.3738346,0.0627128,2.86286,-0.447956,-0.01754772,2.849375,-0.2962565,-0.016932,2.861938,-0.4418423,-0.6021907,2.827335,-0.3280178,-0.6033314,2.857345,-0.4345026,-0.9777001,2.895129,-0.3357733,-0.9642203,2.945008
-0.383523,0.667932,2.815969,-0.389704,0.4914553,2.881531,-0.5532943,0.3991607,2.871201,-0.199562,0.4078899,2.901905,-0.6743214,0.1529103,2.868877,-0.09913187,0.1464244,2.950326,-0.8398629,0.02558146,2.794094,0.03432404,-0.0177354,2.869099,-0.3791882,0.1295855,2.898602,-0.3742073,0.06029886,2.862885,-0.4477667,-0.01963446,2.849799,-0.2964909,-0.02012212,2.862807,-0.4457845,-0.620276,2.830623,-0.3141838,-0.6204219,2.861768,-0.4513687,-1.026755,2.887058,-0.3146248,-1.011049,2.925913
-0.3833783,0.6594959,2.809892,-0.3940881,0.4741786,2.872243,-0.5567962,0.3838289,2.862484,-0.2011949,0.3950134,2.895129,-0.673501,0.1256805,2.857977,-0.1091731,0.1200734,2.922833,-0.8377652,-0.002744914,2.751383,0.02574027,-0.04684576,2.842357,-0.3812399,0.1189217,2.895547,-0.3755291,0.04989937,2.862448,-0.4493709,-0.03177301,2.85072,-0.2962003,-0.02938118,2.86396,-0.446107,-0.6300799,2.828,-0.3120371,-0.629907,2.856182,-0.449205,-1.027011,2.885529,-0.3145468,-1.011312,2.925657
-0.392349,0.6007277,2.80042,-0.3859686,0.4224177,2.868537,-0.5556989,0.3378295,2.84639,-0.2052153,0.3481318,2.876022,-0.6698895,0.09387049,2.848821,-0.1148546,0.08263262,2.904732,-0.8130859,-0.0408962,2.73294,0.00579054,-0.09307758,2.805167,-0.3793377,0.07085913,2.892717,-0.3748122,0.003028492,2.862268,-0.4498963,-0.07686444,2.851714,-0.2955019,-0.07282834,2.865443,-0.4469699,-0.6281451,2.812474,-0.3079107,-0.6330891,2.827772,-0.4487742,-1.027276,2.884075,-0.3203324,-1.013195,2.92187
-0.3907965,0.5455929,2.796445,-0.3908909,0.3721051,2.870336,-0.5547192,0.280926,2.84034,-0.2094154,0.29003,2.868003,-0.6717606,0.0337311,2.830963,-0.1203768,0.03405952,2.880683,-0.8170876,-0.09598697,2.701626,0.01033988,-0.1555972,2.782455,-0.3760094,0.02810213,2.88328,-0.3700813,-0.03848611,2.850559,-0.4534662,-0.1186306,2.836447,-0.2778563,-0.1173366,2.851261,-0.4485477,-0.6428262,2.788584,-0.3077859,-0.6360925,2.811805,-0.4490902,-1.033933,2.892352,-0.3262115,-1.026868,2.934332
-0.3924824,0.5164331,2.801686,-0.3908575,0.3216933,2.861911,-0.559755,0.2265996,2.83695,-0.2107358,0.2319083,2.857474,-0.6777369,-0.01913451,2.828204,-0.1211321,-0.02307279,2.878308,-0.8172743,-0.1469545,2.684109,0.001070492,-0.1837368,2.78335,-0.3800712,-0.02765127,2.885362,-0.3757694,-0.09580592,2.856296,-0.4526421,-0.1768233,2.847111,-0.2932151,-0.1720057,2.858508,-0.4458267,-0.6492414,2.775361,-0.3067935,-0.6416843,2.804605,-0.4455686,-1.040062,2.893014,-0.3304393,-1.034642,2.93905
-0.3941498,0.4804939,2.806902,-0.3891709,0.3085409,2.862268,-0.5629793,0.2054772,2.843663,-0.2122733,0.2124771,2.85638,-0.6766903,-0.03203062,2.828578,-0.1238628,-0.04388728,2.878548,-0.8067657,-0.1675392,2.687623,-0.001882012,-0.2187343,2.791734,-0.3792036,-0.03925589,2.88043,-0.3759287,-0.106918,2.851043,-0.4535941,-0.1871457,2.842788,-0.2931813,-0.1855296,2.849067,-0.4477549,-0.6561866,2.758501,-0.3345121,-0.6581013,2.784993,-0.444501,-1.04238,2.892201,-0.3450167,-1.033867,2.929633
-0.3951399,0.4826868,2.810481,-0.3903677,0.3075563,2.862119,-0.5644511,0.2017146,2.843818,-0.214152,0.210374,2.856337,-0.6758824,-0.03603766,2.832292,-0.123242,-0.04675733,2.879321,-0.7982929,-0.1750134,2.70454,-0.0008816316,-0.2260507,2.797847,-0.3813585,-0.04225049,2.87897,-0.3783405,-0.1103078,2.849891,-0.4563941,-0.1904446,2.842788,-0.2953497,-0.1881871,2.846871,-0.448595,-0.6517337,2.756365,-0.3360477,-0.6584222,2.785922,-0.4369282,-1.04843,2.898081,-0.3482548,-1.037114,2.929822
-0.3934681,0.5127235,2.816488,-0.3871961,0.3312988,2.866277,-0.5653771,0.2176168,2.845716,-0.2115227,0.2214307,2.860619,-0.6713917,-0.004759707,2.845472,-0.1203993,-0.03375804,2.885834,-0.7950929,-0.1670466,2.71491,0.0007673427,-0.2113048,2.83705,-0.3822077,-0.03256349,2.87836,-0.3794169,-0.1019862,2.848705,-0.4588759,-0.1817278,2.840478,-0.2963105,-0.1816266,2.8458,-0.4517176,-0.6547422,2.762782,-0.3141994,-0.6519415,2.813298,-0.4414245,-1.046296,2.895814,-0.3493198,-1.037348,2.93569
-0.3935239,0.5703369,2.813866,-0.3897172,0.392811,2.875386,-0.5646927,0.2857958,2.848086,-0.2139246,0.2923533,2.870399,-0.674019,0.03356729,2.843241,-0.1225221,0.02961322,2.904373,-0.8107139,-0.1382001,2.747212,-0.001456869,-0.1617904,2.863647,-0.3858268,0.02475083,2.877364,-0.3827533,-0.04503573,2.843702,-0.4605331,-0.1242062,2.833081,-0.3024745,-0.1229803,2.838325,-0.4568022,-0.6409204,2.794056,-0.3152073,-0.6525509,2.837067,-0.4476611,-1.043806,2.890234,-0.3465269,-1.034973,2.938539
-0.3939243,0.6213058,2.810367,-0.3868702,0.4431106,2.876727,-0.5649462,0.3422799,2.852808,-0.2117026,0.3445825,2.871759,-0.6726885,0.0849146,2.84413,-0.1160549,0.079564,2.916082,-0.8242961,-0.1089767,2.764099,0.006953286,-0.1144297,2.901034,-0.3867603,0.07087739,2.878591,-0.3846337,0.000534256,2.843089,-0.4615961,-0.07826561,2.83019,-0.3067183,-0.07982748,2.839245,-0.4554535,-0.6381516,2.800523,-0.3202958,-0.6510245,2.847669,-0.4448886,-1.035104,2.88813,-0.3439014,-1.033178,2.938615
-0.3942414,0.6273134,2.812632,-0.3952202,0.456952,2.872328,-0.5662222,0.3623107,2.847178,-0.210355,0.3691233,2.877666,-0.6759729,0.09529586,2.846428,-0.1156057,0.1024732,2.92647,-0.8287569,-0.0534987,2.788326,0.01701274,-0.07403458,2.914891,-0.3902802,0.09625605,2.878547,-0.3855897,0.02913126,2.843048,-0.45937,-0.05114038,2.829451,-0.3072672,-0.05167916,2.841524,-0.4467122,-0.6045684,2.795355,-0.3456003,-0.6301415,2.845721,-0.4281747,-1.015676,2.896024,-0.3452583,-1.032458,2.938687
-0.3946772,0.650665,2.816676,-0.3999805,0.4817362,2.871254,-0.5675216,0.387251,2.850004,-0.213191,0.3962124,2.879347,-0.6843518,0.1455713,2.860239,-0.110067,0.1312837,2.930496,-0.8356647,-0.01343639,2.791384,0.03071737,-0.03518881,2.916123,-0.3910352,0.1256856,2.879925,-0.3858031,0.05807391,2.843973,-0.4597901,-0.0227443,2.830026,-0.306081,-0.01896822,2.843151,-0.4287381,-0.5307217,2.770165,-0.3597609,-0.5472929,2.806779,-0.413177,-0.9430017,2.918093,-0.3578253,-0.9548117,2.953165
-0.3973591,0.6688628,2.812686,-0.3984026,0.4958163,2.870253,-0.5702505,0.4019779,2.852275,-0.2138099,0.407202,2.879168,-0.6862518,0.15348,2.86036,-0.1118159,0.1455681,2.928949,-0.8456942,0.01121397,2.804053,0.03277273,-0.01868211,2.915081,-0.3911698,0.1366266,2.881326,-0.386529,0.06862315,2.845336,-0.46096,-0.01201514,2.831678,-0.3071765,-0.01118242,2.844673,-0.4705228,-0.4531264,2.768283,-0.3592401,-0.5482091,2.807333,-0.4242444,-0.876966,2.89154,-0.3606879,-0.9485378,2.954149
-0.3988776,0.6739523,2.80985,-0.4003773,0.501853,2.868224,-0.5710104,0.4053265,2.851151,-0.2153128,0.4190671,2.87953,-0.6885771,0.1665734,2.86095,-0.1144093,0.1546637,2.928807,-0.846861,0.0218346,2.80866,0.03116661,-0.007210195,2.903299,-0.3911406,0.1392153,2.881102,-0.3862104,0.07056624,2.845174,-0.4599135,-0.0104078,2.831635,-0.3071929,-0.008647777,2.844823,-0.4226831,-0.5545634,2.786546,-0.3507951,-0.5686562,2.823622,-0.4286396,-0.9530575,2.902113,-0.3657441,-0.962576,2.93578
-0.3973078,0.6840035,2.802668,-0.4075154,0.4701618,2.861131,-0.5715132,0.406183,2.849705,-0.2153596,0.4194378,2.879745,-0.6891696,0.1668855,2.860857,-0.116446,0.1580722,2.927318,-0.8573201,0.02335564,2.801639,0.02818863,-0.007630463,2.875023,-0.3915505,0.1385007,2.880392,-0.3862232,0.07052961,2.845203,-0.4594738,-0.01052591,2.831844,-0.3072941,-0.008818766,2.84503,-0.4720007,-0.4863511,2.797956,-0.3536791,-0.6077639,2.844457,-0.4402009,-0.9248047,2.875867,-0.3737189,-1.008934,2.912353
-0.3992405,0.6612284,2.799556,-0.4087467,0.4754337,2.861313,-0.5728086,0.4010769,2.848177,-0.2157034,0.4172482,2.880599,-0.6902965,0.1594559,2.858524,-0.1241978,0.1520281,2.916053,-0.8635746,0.01623598,2.777066,0.009854765,-0.01978272,2.844942,-0.3922983,0.1346642,2.880367,-0.3864035,0.06572573,2.846421,-0.4587538,-0.01607014,2.834315,-0.3072034,-0.01392056,2.846544,-0.4440649,-0.6166539,2.80725,-0.3540837,-0.6129649,2.841703,-0.4537714,-1.018779,2.876603,-0.3669258,-1.01655,2.911433
-0.3997628,0.651967,2.798985,-0.4111077,0.4692494,2.859122,-0.5745884,0.3688211,2.843951,-0.2163303,0.3929359,2.88166,-0.6892267,0.1241203,2.847645,-0.1334356,0.1119468,2.891947,-0.8652029,-0.02172306,2.751368,-0.01240863,-0.05951862,2.819598,-0.3937006,0.1138035,2.880379,-0.3862535,0.04489604,2.849028,-0.4578894,-0.03681981,2.838367,-0.305016,-0.03574312,2.851231,-0.4477057,-0.6206423,2.795711,-0.3499237,-0.6350434,2.835583,-0.448118,-1.030895,2.886423,-0.36009,-1.022895,2.904741
-0.3990145,0.6024424,2.795145,-0.408851,0.4194457,2.864837,-0.5715282,0.336504,2.844711,-0.2158783,0.3377141,2.877362,-0.682599,0.07766817,2.836207,-0.1355039,0.07732372,2.883343,-0.8468873,-0.06596481,2.724711,-0.04437459,-0.1053193,2.793452,-0.3991317,0.06975514,2.884916,-0.3936259,0.001992364,2.854383,-0.4690233,-0.07659379,2.843198,-0.3120393,-0.07831327,2.856679,-0.4470631,-0.6163961,2.785184,-0.3409777,-0.6381512,2.82191,-0.4472552,-1.031954,2.888855,-0.3559035,-1.019763,2.894498
-0.3982114,0.5612126,2.804269,-0.4044757,0.3711215,2.865085,-0.5714652,0.273791,2.838413,-0.2182838,0.2855833,2.86993,-0.6837887,0.02400323,2.826393,-0.1399806,0.01960829,2.869801,-0.8406761,-0.1285144,2.711271,-0.02024226,-0.1660351,2.777515,-0.3979951,0.01742956,2.883897,-0.3935001,-0.05098727,2.854003,-0.4719054,-0.1317448,2.842373,-0.3109705,-0.1295281,2.856564,-0.4495206,-0.6274077,2.775336,-0.3218974,-0.6360462,2.806991,-0.4544912,-1.037285,2.91298,-0.351398,-1.025319,2.950579
-0.3934348,0.5050726,2.814279,-0.4006858,0.327572,2.867784,-0.5702338,0.2286967,2.834625,-0.2168255,0.2240949,2.86373,-0.6888365,-0.02271199,2.823758,-0.1360928,-0.03643372,2.86841,-0.8214019,-0.1628987,2.708978,-0.02907071,-0.2119821,2.782475,-0.3945737,-0.02129734,2.881093,-0.3902692,-0.08854011,2.850236,-0.4690027,-0.1684724,2.838081,-0.3074775,-0.1676746,2.850886,-0.4489748,-0.6383989,2.768024,-0.3209045,-0.6379346,2.80543,-0.4552582,-1.044781,2.922257,-0.3824013,-1.052172,2.949353
-0.3929636,0.4925013,2.818372,-0.4030692,0.3076885,2.863616,-0.5720968,0.2141568,2.838004,-0.2200056,0.2118358,2.859048,-0.6876217,-0.02753305,2.823573,-0.1364467,-0.05223053,2.868395,-0.8123707,-0.1748128,2.708899,-0.01319276,-0.2538795,2.799064,-0.3955336,-0.03881218,2.87723,-0.3918038,-0.105372,2.846448,-0.4704915,-0.1853969,2.837085,-0.3088232,-0.1829459,2.844416,-0.4458441,-0.6413926,2.762502,-0.3211448,-0.6402359,2.804273,-0.4548191,-1.040188,2.918304,-0.3901505,-1.053233,2.948446
-0.393309,0.4937136,2.817588,-0.4012571,0.3092736,2.862901,-0.5718619,0.2142719,2.838088,-0.219986,0.2117898,2.858978,-0.6873065,-0.02850527,2.823406,-0.134614,-0.05498923,2.870555,-0.8110783,-0.1784443,2.711422,-0.01392367,-0.251453,2.808081,-0.395391,-0.03874971,2.876997,-0.3917557,-0.1054551,2.846359,-0.4704961,-0.1853895,2.837089,-0.308871,-0.1832175,2.84415,-0.4457998,-0.6414058,2.762526,-0.3214727,-0.6413143,2.804493,-0.4547278,-1.038968,2.918982,-0.3919888,-1.054472,2.947765
-0.3963776,0.5308467,2.809951,-0.3981609,0.3532088,2.860647,-0.5728158,0.2339949,2.837359,-0.2210616,0.2366879,2.856844,-0.6753456,0.009434042,2.825543,-0.1355417,-0.02900916,2.874734,-0.8104699,-0.1745428,2.723316,-0.01634023,-0.210892,2.84366,-0.3946893,-0.02065234,2.873664,-0.3916719,-0.09148236,2.843102,-0.4709921,-0.1717188,2.833603,-0.3091874,-0.1691995,2.840853,-0.446734,-0.6374321,2.771937,-0.3284318,-0.6460227,2.812538,-0.4571857,-1.040374,2.946251,-0.3922297,-1.054781,2.947542
-0.3944481,0.5967453,2.811325,-0.3830057,0.4125401,2.865781,-0.5627433,0.3008108,2.837399,-0.2203804,0.3043875,2.856416,-0.6801974,0.04379131,2.825906,-0.1351046,0.03911933,2.883269,-0.8164865,-0.1384811,2.75051,-0.01379401,-0.1632093,2.844102,-0.3896541,0.0378912,2.871255,-0.3889236,-0.03360477,2.837769,-0.4679991,-0.110631,2.825439,-0.3118875,-0.1103202,2.835998,-0.4497011,-0.6327242,2.796053,-0.3444649,-0.6560893,2.843692,-0.4497692,-1.038879,2.919476,-0.3482279,-1.014737,2.952744
-0.3959857,0.623355,2.806124,-0.3923541,0.4382935,2.858821,-0.5658831,0.3513687,2.83205,-0.2193597,0.345035,2.851761,-0.6857544,0.08716974,2.831632,-0.1302651,0.07926314,2.880612,-0.8314377,-0.09594084,2.775837,-0.007230046,-0.1013798,2.858112,-0.3945821,0.07215017,2.865529,-0.3926288,0.002838185,2.831249,-0.4685243,-0.07583556,2.820322,-0.3162481,-0.0753489,2.828494,-0.4473808,-0.6269322,2.79993,-0.3535019,-0.6486236,2.847589,-0.4445331,-1.02945,2.914183,-0.3476741,-1.008751,2.954262
-0.3933693,0.6459669,2.802077,-0.3904179,0.4629443,2.855326,-0.5674699,0.3750409,2.829916,-0.2153923,0.3739061,2.852334,-0.6899574,0.1135905,2.844881,-0.1244339,0.0984073,2.882304,-0.84057,-0.04217508,2.805341,0.01923804,-0.06620272,2.864272,-0.3926188,0.106513,2.86499,-0.3905395,0.03870464,2.830823,-0.4679329,-0.04246062,2.82072,-0.313299,-0.04032039,2.8275,-0.4295681,-0.5735981,2.782404,-0.3669227,-0.6110049,2.828965,-0.4250097,-0.9756315,2.884916,-0.353308,-0.9858145,2.968768
-0.3952546,0.6596472,2.793854,-0.399234,0.4931173,2.852155,-0.5690024,0.3858241,2.82906,-0.215722,0.3899266,2.850269,-0.6934043,0.1393837,2.848144,-0.1116966,0.1348889,2.880377,-0.8511876,-0.01014201,2.81495,0.02901577,-0.0316751,2.856451,-0.3960776,0.1230832,2.864846,-0.3933651,0.05272056,2.830857,-0.4700368,-0.02666054,2.820846,-0.3156685,-0.02734376,2.828083,-0.4370075,-0.5228534,2.758265,-0.3604004,-0.5557935,2.792921,-0.4282177,-0.9284623,2.931962,-0.3919223,-0.9434247,2.958003
-0.3935707,0.6732979,2.781868,-0.3999137,0.4974351,2.849611,-0.5678649,0.4027736,2.824852,-0.2170503,0.4056262,2.852229,-0.6882899,0.1628238,2.853611,-0.1108136,0.1470382,2.880857,-0.8515503,0.019045,2.822085,0.0353655,-0.02138124,2.850794,-0.3967198,0.1308537,2.862571,-0.39313,0.06091388,2.828751,-0.4681514,-0.01805741,2.817224,-0.3161521,-0.01752853,2.827854,-0.4401134,-0.5268693,2.761429,-0.3508894,-0.5589036,2.799256,-0.4325794,-0.9410834,2.916687,-0.3816314,-0.9414212,2.951557
-0.3933651,0.6732503,2.778222,-0.4020034,0.5017064,2.839924,-0.5677248,0.4056852,2.821828,-0.2186181,0.4141141,2.847228,-0.6875004,0.1656106,2.853688,-0.1132574,0.1495276,2.877295,-0.8549553,0.02908611,2.80912,0.04360028,-0.01234303,2.82511,-0.3961168,0.1333047,2.860834,-0.3925801,0.06235356,2.828502,-0.4659631,-0.01571223,2.817565,-0.3160168,-0.01619549,2.828379,-0.4523221,-0.5545374,2.782524,-0.3476284,-0.5782136,2.811042,-0.4491389,-0.9807431,2.869389,-0.33504,-0.9318898,2.923975
-0.3949852,0.6703732,2.770276,-0.407206,0.4982011,2.827362,-0.5681583,0.4040147,2.819856,-0.2173214,0.4109717,2.83789,-0.6874213,0.1632254,2.852994,-0.1148726,0.1518749,2.87185,-0.8618055,0.03203191,2.768847,0.02272041,-0.01164726,2.779068,-0.3955833,0.1331602,2.857766,-0.392466,0.06145335,2.828266,-0.464905,-0.01715458,2.818808,-0.3158951,-0.01777414,2.82851,-0.4547924,-0.6180109,2.819016,-0.350985,-0.617461,2.836739,-0.4479617,-0.9914567,2.861276,-0.3413909,-0.9930385,2.861665
-0.3961745,0.6587573,2.75772,-0.4042867,0.4765776,2.814222,-0.5671498,0.3883519,2.813288,-0.2139782,0.3934915,2.826629,-0.6798055,0.1394542,2.834338,-0.1171942,0.1374457,2.857548,-0.835,0.005620675,2.721977,0.004456051,-0.02485222,2.76365,-0.3948293,0.1233404,2.850274,-0.3921013,0.05265139,2.825981,-0.4668495,-0.02596127,2.819713,-0.3128879,-0.02814279,2.826999,-0.4541809,-0.6269444,2.816378,-0.3541139,-0.6277625,2.827854,-0.4458396,-1.038251,2.838863,-0.3545469,-1.031468,2.851568
-0.3973207,0.6272705,2.745365,-0.4063211,0.4496875,2.80955,-0.5652804,0.3613916,2.805655,-0.2131401,0.3634178,2.813864,-0.6687773,0.09827492,2.80449,-0.1211529,0.1097255,2.822469,-0.8073205,-0.03674154,2.690176,-0.03232319,-0.07537762,2.735046,-0.3955507,0.08960234,2.848823,-0.3927416,0.01678148,2.8302,-0.463944,-0.06461802,2.830018,-0.3161565,-0.06088705,2.83305,-0.4516889,-0.6450198,2.808782,-0.3579116,-0.6605303,2.807196,-0.4379343,-1.043768,2.850555,-0.3530087,-1.03784,2.845961
-0.3979433,0.5767613,2.731091,-0.3936362,0.3485939,2.802133,-0.5578488,0.3004501,2.799786,-0.214159,0.3100259,2.797404,-0.6620516,0.04968289,2.785429,-0.1243817,0.05786946,2.793077,-0.786979,-0.08039418,2.646843,-0.0173255,-0.1323795,2.646779,-0.3910305,0.02972609,2.849617,-0.3906535,-0.03547753,2.835717,-0.4612205,-0.1116184,2.837898,-0.3189501,-0.1127639,2.841665,-0.4501219,-0.6355098,2.775485,-0.3595564,-0.6641759,2.786057,-0.4330501,-1.049678,2.857322,-0.3535803,-1.039112,2.843006
-0.4052442,0.522632,2.74652,-0.3957157,0.3466163,2.80118,-0.5620958,0.2421796,2.794941,-0.2112493,0.2472105,2.787876,-0.6526578,-0.0004018948,2.773823,-0.1298507,-0.01192201,2.77404,-0.7628931,-0.1297278,2.620511,-0.0260526,-0.1643713,2.644084,-0.3896678,-0.00142544,2.843803,-0.387588,-0.07684326,2.831403,-0.4591029,-0.1547422,2.832692,-0.31017,-0.1610481,2.837128,-0.4488429,-0.6364346,2.771927,-0.3727051,-0.6669786,2.757631,-0.4278171,-1.051286,2.856176,-0.3568022,-1.038303,2.826277
-0.4051595,0.4623479,2.754471,-0.3982208,0.2893615,2.810048,-0.5617495,0.1921221,2.803992,-0.2163201,0.1907407,2.785054,-0.6509281,-0.04677747,2.767052,-0.1386965,-0.061311,2.762953,-0.756519,-0.1572416,2.59805,-0.04562836,-0.2146741,2.625408,-0.3857103,-0.05737467,2.84504,-0.3843893,-0.1273147,2.833696,-0.456778,-0.2052048,2.842125,-0.3071613,-0.2008383,2.830062,-0.4537973,-0.6655697,2.751186,-0.3781096,-0.669432,2.734005,-0.4222569,-1.06313,2.853221,-0.3560173,-1.044662,2.813392
-0.4048693,0.4613684,2.754794,-0.3948876,0.2781242,2.810041,-0.5616961,0.1540463,2.808815,-0.2202077,0.1751184,2.785207,-0.6458823,-0.06647708,2.768508,-0.1389871,-0.06979063,2.762919,-0.7499672,-0.1741083,2.596552,-0.05693186,-0.2371112,2.619075,-0.3736074,-0.07914829,2.836221,-0.3700065,-0.1513399,2.824653,-0.4370319,-0.2343904,2.829948,-0.2925081,-0.2240239,2.818782,-0.4450212,-0.6593114,2.687634,-0.3727777,-0.6645432,2.717053,-0.4182772,-1.064306,2.849303,-0.3531542,-1.043625,2.791429
-0.4060096,0.443207,2.754791,-0.3942115,0.2656975,2.809448,-0.5621457,0.1523879,2.808656,-0.221621,0.1656968,2.785068,-0.6507375,-0.09079698,2.77725,-0.1384736,-0.08483356,2.767839,-0.7500007,-0.1814222,2.59215,-0.0625869,-0.2430722,2.624866,-0.3806466,-0.08732526,2.833238,-0.379269,-0.158911,2.823335,-0.4597212,-0.2411683,2.828993,-0.2989334,-0.2330668,2.817203,-0.4479146,-0.6656327,2.685584,-0.3679491,-0.6660624,2.713883,-0.4161906,-1.067232,2.848732,-0.3519291,-1.043467,2.787986
-0.406134,0.4424303,2.754442,-0.394117,0.2657106,2.809518,-0.5636421,0.1529772,2.808882,-0.2215484,0.1657185,2.785172,-0.6523519,-0.08362255,2.777072,-0.1377744,-0.08480034,2.77053,-0.750068,-0.1853094,2.597347,-0.04717962,-0.2511051,2.6246,-0.3817533,-0.0862781,2.831015,-0.3808707,-0.1570406,2.82214,-0.4612347,-0.2388877,2.827858,-0.2999374,-0.23211,2.815762,-0.4509167,-0.6651686,2.690511,-0.3606939,-0.6670636,2.71583,-0.4169607,-1.066248,2.845807,-0.350249,-1.042907,2.788192
