-0.010045,0.43984,-0.046103,-0.00825,0.28564,0.0088759,-0.16589,0.1854,-0.021853,0.152,0.19844,0.01189,-0.29721,0.0081201,-0.050327,0.25547,-0.028803,0.018896,-0.41203,-0.10558,-0.17646,0.38636,-0.16777,-0.07595,-0.0037749,-0.037999,0.021508,0,-0.10148,0,-0.072002,-0.17546,-0.011076,0.075439,-0.16971,0.0032979,-0.052528,-0.59056,-0.078313,0.063295,-0.59013,-0.045907,-0.048846,-0.95901,0.064118,0.0075806,-0.96366,0.077263
-0.012754,0.46027,-0.032347,-0.0067773,0.2894,0.010768,-0.16671,0.18796,-0.019052,0.15299,0.20033,0.014415,-0.29754,0.0088184,-0.047134,0.25492,-0.024314,0.024645,-0.41138,-0.11045,-0.18468,0.38278,-0.163,-0.05547,-0.0034718,-0.035529,0.021852,0,-0.098878,0,-0.073031,-0.17321,-0.010756,0.075847,-0.16773,0.0022518,-0.053711,-0.58882,-0.075973,0.065165,-0.58946,-0.043478,-0.048572,-0.95422,0.062088,0.0090753,-0.95981,0.082639
-0.010951,0.5019,-0.024429,-0.0025784,0.34329,0.030069,-0.16939,0.23755,-0.001014,0.15656,0.24957,0.032019,-0.28883,0.032155,-0.032537,0.25838,0.01876,0.051497,-0.40195,-0.095916,-0.16189,0.38488,-0.13542,-0.0056358,-0.0028215,0.0092452,0.026778,0,-0.055151,0,-0.073246,-0.12934,-0.013586,0.074348,-0.12865,-0.0013478,-0.058853,-0.5863,-0.051291,0.066143,-0.59399,-0.020093,-0.046666,-0.95417,0.069497,0.011627,-0.96163,0.11249
-0.0111,0.56034,-0.026771,-0.0061397,0.39208,0.035185,-0.16633,0.2925,0.0013221,0.15658,0.30147,0.035814,-0.28481,0.079162,-0.027795,0.26124,0.070982,0.06205,-0.40475,-0.082088,-0.13654,0.38878,-0.095126,0.027118,-0.0036996,0.050444,0.029525,0,-0.01412,0,-0.069743,-0.086601,-0.015797,0.071831,-0.084131,-0.0011167,-0.055608,-0.58038,-0.019375,0.058656,-0.59647,0.022799,-0.049123,-0.95174,0.063563,0.015823,-0.95985,0.1061
-0.00931,0.57754,-0.020118,-0.0054566,0.42004,0.038863,-0.16767,0.33783,0.0043421,0.16062,0.34165,0.043422,-0.2799,0.10129,-0.019226,0.26308,0.10647,0.072337,-0.41502,-0.050678,-0.087062,0.39282,-0.051494,0.065022,-0.0041784,0.09403,0.031873,0,0.032609,0,-0.069647,-0.043551,-0.017906,0.071877,-0.041822,-0.00092692,-0.051193,-0.57542,-0.011857,0.055892,-0.5885,0.027758,-0.042709,-0.93128,0.067591,0.017365,-0.9574,0.10864
-0.0098686,0.60287,-0.021161,-0.0098198,0.44951,0.035079,-0.16744,0.35259,0.0065756,0.15709,0.36859,0.045656,-0.28675,0.12866,-0.0084175,0.26308,0.13744,0.078979,-0.4364,-0.034336,-0.060557,0.3999,-0.0060292,0.093017,-0.004854,0.11368,0.032878,0,0.051227,0,-0.067921,-0.023504,-0.017828,0.071317,-0.018182,0.00034656,-0.038428,-0.52874,-0.026083,0.048052,-0.54989,0.011497,-0.0466,-0.89947,0.079621,0.009215,-0.89748,0.11884
-0.009582,0.62928,-0.02487,-0.0081567,0.46287,0.033589,-0.16132,0.39465,0.009448,0.15854,0.39063,0.049003,-0.28461,0.1574,0.004597,0.26635,0.17271,0.087478,-0.439,0.024399,-0.025497,0.39949,0.021163,0.10939,-0.0051134,0.13716,0.033783,0,0.076555,0,-0.067112,0.0049029,-0.018248,0.070251,0.003962,0.0014468,-0.039818,-0.49373,-0.04081,0.0521,-0.52136,-0.0026992,-0.049523,-0.8484,0.086481,0.0071058,-0.86696,0.1154
-0.012575,0.64471,-0.02662,-0.010069,0.4532,0.032312,-0.16501,0.39757,0.011385,0.15692,0.40059,0.049903,-0.29036,0.17446,0.015631,0.26893,0.17471,0.094546,-0.46704,0.04761,-0.0020656,0.40601,0.035207,0.11424,-0.0046603,0.13923,0.035145,0,0.081912,0,-0.066446,0.008596,-0.018372,0.070392,0.0086805,0.0012808,-0.039984,-0.49577,-0.037765,0.052309,-0.52152,-0.0015412,-0.046492,-0.85125,0.086095,0.0081205,-0.86489,0.11436
-0.015668,0.64121,-0.031032,-0.010335,0.43316,0.028325,-0.16775,0.3982,0.011156,0.15525,0.40304,0.048973,-0.29418,0.18245,0.022041,0.26851,0.17432,0.096923,-0.47268,0.056102,0.0021197,0.41315,0.042849,0.11753,-0.0047953,0.13895,0.035774,0,0.082013,0,-0.066284,0.0085906,-0.018238,0.069757,0.0091332,0.00076281,-0.04484,-0.52983,-0.020712,0.04638,-0.53111,0.0041588,-0.035594,-0.88625,0.060456,0.013836,-0.86394,0.099505
-0.017665,0.63903,-0.035726,-0.010345,0.42946,0.023707,-0.17066,0.39576,0.0093976,0.1555,0.40303,0.049057,-0.29801,0.18232,0.025356,0.2685,0.1741,0.09718,-0.47767,0.06197,-0.00082607,0.41522,0.042919,0.10839,-0.0052608,0.13782,0.0354,0,0.081516,0,-0.066248,0.007391,-0.017524,0.069548,0.0083885,0.00085358,-0.052768,-0.54058,-0.0051609,0.038626,-0.5382,0.025502,-0.045099,-0.90842,0.045809,0.0056875,-0.94481,0.088067
-0.018089,0.62482,-0.049956,-0.013752,0.4181,0.018293,-0.17322,0.38165,0.0058375,0.15773,0.39388,0.045982,-0.30124,0.17127,0.026701,0.26318,0.16331,0.094256,-0.48822,0.059803,-0.0305,0.4171,0.01715,0.070283,-0.0060765,0.12572,0.033762,0,0.070684,0,-0.065758,-0.0062264,-0.014998,0.070681,-0.0034641,0.0014119,-0.055752,-0.55457,-0.0082937,0.039652,-0.5504,0.021648,-0.042281,-0.92143,0.0364,0.0074845,-0.94705,0.07029
-0.018687,0.58431,-0.054843,-0.010082,0.41988,0.013738,-0.17304,0.34163,-0.0035922,0.15751,0.35599,0.030846,-0.29715,0.14297,0.020302,0.25621,0.11562,0.073925,-0.48667,0.030253,-0.074022,0.3994,-0.016793,0.02692,-0.0041915,0.10515,0.031064,0,0.037817,0,-0.067938,-0.040033,-0.0082827,0.070821,-0.033044,0.0005171,-0.059859,-0.58197,-0.022539,0.042463,-0.5808,0.0076556,-0.035834,-0.94219,0.019813,0.0099905,-0.95938,0.060129
-0.014356,0.56623,-0.064279,-0.0020493,0.39588,0.0069377,-0.16584,0.30141,-0.021084,0.15788,0.30921,0.021451,-0.2924,0.096344,0.00052901,0.25474,0.084481,0.057475,-0.48886,-0.011084,-0.12501,0.39964,-0.066641,-0.017231,-0.0039013,0.057426,0.029154,0,-0.0058776,0,-0.070804,-0.077668,-0.010387,0.070905,-0.07859,0.0041414,-0.05718,-0.58934,-0.039491,0.049266,-0.5885,-0.019709,-0.037286,-0.94421,0.012044,0.0080616,-0.96127,0.059071
-0.011676,0.49782,-0.065746,-0.0065534,0.33632,0.0027789,-0.16496,0.24825,-0.02702,0.1575,0.25652,0.010897,-0.30076,0.045452,-0.018871,0.25127,0.029673,0.035857,-0.46377,-0.055893,-0.15715,0.37993,-0.10781,-0.037838,-0.0044681,0.013986,0.027131,0,-0.048886,0,-0.071306,-0.12496,-0.0094654,0.073584,-0.11804,0.0039846,-0.054026,-0.59157,-0.067005,0.058333,-0.58869,-0.037872,-0.057687,-0.94302,0.027938,0.010111,-0.96181,0.05749
-0.012122,0.45284,-0.053426,-0.011892,0.29012,-0.0012927,-0.16785,0.19767,-0.021552,0.15883,0.21377,0.010312,-0.30391,-0.006195,-0.024068,0.25113,-0.018276,0.029894,-0.43257,-0.088184,-0.16241,0.38399,-0.14556,-0.055661,-0.0044455,-0.015483,0.024778,0,-0.075983,0,-0.071853,-0.15325,-0.0087631,0.075685,-0.1476,0.0045072,-0.050956,-0.59444,-0.086298,0.063125,-0.59268,-0.05388,-0.05748,-0.94083,0.020037,0.012187,-0.96177,0.056442
-0.010632,0.45014,-0.054068,-0.0090421,0.28614,-0.0025681,-0.16667,0.1913,-0.021501,0.1585,0.20525,0.006725,-0.3016,-0.007797,-0.025634,0.25061,-0.026365,0.026671,-0.41118,-0.11176,-0.1658,0.37359,-0.16675,-0.055316,-0.0033949,-0.029337,0.022594,0,-0.092348,0,-0.072861,-0.16821,-0.0067012,0.076015,-0.16238,0.0031622,-0.048798,-0.5971,-0.09304,0.066858,-0.5949,-0.064438,-0.056248,-0.93963,0.013422,0.013679,-0.96197,0.055587
-0.010802,0.45019,-0.052323,-0.0091015,0.28723,0.00013386,-0.16729,0.19222,-0.019142,0.15817,0.20509,0.0085055,-0.30248,-0.006004,-0.02736,0.24991,-0.026614,0.028471,-0.40599,-0.1136,-0.16957,0.37043,-0.17042,-0.049326,-0.0033093,-0.029732,0.022033,0,-0.092884,0,-0.072989,-0.16909,-0.0081984,0.076287,-0.1631,0.0023031,-0.049136,-0.59788,-0.091389,0.069314,-0.59474,-0.063125,-0.056653,-0.93958,0.015319,0.013487,-0.96228,0.057268
-0.016834,0.49639,-0.039628,0.0009525,0.33475,0.023484,-0.17022,0.22643,-0.006229,0.14621,0.24038,0.021641,-0.29209,0.025604,-0.017833,0.24239,0.0071877,0.046363,-0.39648,-0.096651,-0.14986,0.35993,-0.1555,-0.015102,-0.0024516,-0.011484,0.025519,0,-0.076063,0,-0.072877,-0.14779,-0.011521,0.073642,-0.14286,-0.0019354,-0.057961,-0.59598,-0.07441,0.069552,-0.59513,-0.047756,-0.058376,-0.94305,0.037037,0.013064,-0.96385,0.061841
-0.014454,0.54791,-0.028106,-0.005146,0.38095,0.03363,-0.16648,0.28013,0.0099284,0.15164,0.293,0.039797,-0.28514,0.066519,-0.015981,0.24415,0.045079,0.060834,-0.39691,-0.092905,-0.14024,0.36228,-0.12648,0.029,-0.0032561,0.041639,0.030066,0,-0.022559,0,-0.069783,-0.095301,-0.014199,0.071606,-0.09273,-0.0018823,-0.057811,-0.59193,-0.046033,0.062553,-0.59357,-0.0051994,-0.057635,-0.94399,0.053965,0.016814,-0.96393,0.066546
-0.014132,0.57044,-0.019985,-0.0033666,0.41752,0.040339,-0.16807,0.32735,0.013553,0.15249,0.33809,0.045746,-0.28305,0.10118,-0.0022582,0.24594,0.093563,0.079919,-0.41234,-0.061136,-0.10823,0.36838,-0.082983,0.073284,-0.0032794,0.079335,0.03277,0,0.016266,0,-0.068686,-0.056652,-0.017402,0.069971,-0.055571,-0.0012707,-0.05731,-0.54575,-0.031756,0.055237,-0.59166,0.011451,-0.054037,-0.93961,0.06582,0.022061,-0.95997,0.064892
-0.008471,0.59824,-0.021467,-0.0046335,0.44107,0.036091,-0.16619,0.34815,0.010069,0.15661,0.35619,0.048784,-0.28873,0.12258,-0.00067388,0.25364,0.11223,0.08115,-0.44586,-0.039809,-0.074756,0.38427,-0.043336,0.092877,-0.0042708,0.10536,0.033444,0,0.0426,0,-0.067898,-0.029355,-0.016503,0.069852,-0.031594,-0.00089575,-0.052001,-0.53794,-0.035591,0.055553,-0.57963,0.014667,-0.049603,-0.9217,0.091087,0.029483,-0.9467,0.066748
-0.0091427,0.64407,-0.017377,-0.007543,0.45855,0.036589,-0.16641,0.37439,0.014745,0.15401,0.38464,0.049857,-0.29033,0.1551,0.0079471,0.25743,0.15832,0.088137,-0.4576,0.0073003,-0.053891,0.38185,0.0062172,0.10343,-0.0045956,0.12706,0.03489,0,0.065571,0,-0.066875,-0.0070876,-0.015322,0.069692,-0.0041661,-0.0025323,-0.044217,-0.51159,-0.044698,0.053091,-0.5258,0.0014275,-0.021797,-0.88274,0.06279,0.026652,-0.86742,0.10402
-0.0085741,0.64014,-0.021631,-0.0097109,0.46726,0.036174,-0.16666,0.37968,0.014287,0.15711,0.39224,0.052248,-0.29465,0.16915,0.012049,0.25885,0.15865,0.088983,-0.468,0.044633,-0.038946,0.39798,0.021322,0.11094,-0.0052604,0.13492,0.03599,0,0.073356,0,-0.066476,-0.0010816,-0.016647,0.070219,0.00094011,-0.0014715,-0.046489,-0.49958,-0.051031,0.036803,-0.52838,-0.0093169,-0.023948,-0.87746,0.061963,0.017669,-0.86052,0.10035
-0.0085751,0.63872,-0.02342,-0.010275,0.44337,0.030122,-0.16684,0.38326,0.01189,0.1554,0.399,0.053362,-0.30046,0.17739,0.01311,0.25858,0.16141,0.09044,-0.47338,0.056837,-0.037227,0.40694,0.027693,0.10472,-0.005494,0.13507,0.036659,0,0.074369,0,-0.06617,0.00041541,-0.016564,0.069749,0.0023257,-0.0010039,-0.04766,-0.51429,-0.043638,0.033391,-0.5338,-0.0099193,-0.026366,-0.88185,0.056848,0.01279,-0.91306,0.0991
-0.0096491,0.63849,-0.028411,-0.010422,0.43108,0.026211,-0.16705,0.3843,0.011232,0.15547,0.39892,0.053239,-0.30144,0.17692,0.014311,0.25867,0.16154,0.090253,-0.48256,0.062623,-0.04645,0.40534,0.028118,0.086135,-0.0060475,0.13251,0.036723,0,0.073702,0,-0.06588,-6.0385e-05,-0.0163,0.069103,0.0013737,-0.00061703,-0.056744,-0.53079,-0.039088,0.021472,-0.54546,0.0019382,-0.050414,-0.90785,0.0317,0.0032813,-0.95775,0.1127
-0.0089103,0.62483,-0.03613,-0.010728,0.43977,0.023419,-0.1698,0.37696,0.010146,0.15366,0.3853,0.046936,-0.30424,0.16312,0.011902,0.25399,0.14268,0.080029,-0.48389,0.060118,-0.069627,0.39219,0.0028443,0.029828,-0.0051586,0.12559,0.035725,0,0.062867,0,-0.066156,-0.012659,-0.013466,0.069673,-0.0091958,-0.00052351,-0.061332,-0.54772,-0.038674,0.024101,-0.55638,-0.0034556,-0.048893,-0.91119,0.030366,0.011781,-0.95495,0.049272
-0.012577,0.57888,-0.047253,-0.0085413,0.43222,0.019317,-0.17046,0.34404,-3.2089e-05,0.15398,0.35924,0.040699,-0.30363,0.12969,-0.0031723,0.23712,0.10838,0.052307,-0.48293,0.024982,-0.12622,0.37315,-0.027517,-0.016334,-0.0055662,0.10208,0.034407,0,0.040019,0,-0.067065,-0.034097,-0.01148,0.07044,-0.031728,-0.00021729,-0.059506,-0.56372,-0.044685,0.034463,-0.57971,-0.019165,-0.051442,-0.95263,0.024546,0.013652,-0.95887,0.045669
-0.012561,0.5496,-0.048431,-0.00842,0.37964,0.011141,-0.17229,0.29659,-0.0061575,0.15555,0.30561,0.025976,-0.30035,0.084977,-0.023803,0.23719,0.081926,0.040239,-0.45827,-0.017364,-0.15684,0.35868,-0.078575,-0.05681,-0.0045457,0.055319,0.032076,0,-0.0071439,0,-0.069884,-0.083457,-0.01234,0.07311,-0.079017,0.0035573,-0.053059,-0.57298,-0.0554,0.044105,-0.586,-0.030339,-0.049941,-0.95557,0.02443,0.016882,-0.96032,0.040473
-0.012282,0.50315,-0.037484,-0.011671,0.33328,0.010532,-0.16465,0.24245,-0.020151,0.15492,0.25334,0.017513,-0.2927,0.042102,-0.039545,0.22791,0.026817,0.024484,-0.44161,-0.066285,-0.17569,0.352,-0.13121,-0.085058,-0.0055933,0.009263,0.030867,0,-0.053225,0,-0.069852,-0.12658,-0.012916,0.074297,-0.12175,0.0043687,-0.055485,-0.58755,-0.078123,0.049321,-0.58805,-0.047826,-0.050044,-0.9579,0.026759,0.0099296,-0.96602,0.056621
-0.02027,0.47114,-0.031586,-0.013231,0.30309,0.0091656,-0.17093,0.19873,-0.018051,0.14089,0.21259,0.0080462,-0.29026,-0.014057,-0.032418,0.2221,-0.0069658,0.022257,-0.41849,-0.11144,-0.16028,0.33947,-0.16446,-0.082176,-0.0046995,-0.02428,0.029663,0,-0.087727,0,-0.068695,-0.16175,-0.010281,0.073539,-0.15361,0.0028679,-0.056751,-0.58921,-0.082373,0.050097,-0.58996,-0.049516,-0.051964,-0.95897,0.031309,0.0080738,-0.96585,0.060198
-0.015611,0.45913,-0.031494,-0.01287,0.29444,0.010207,-0.17101,0.18661,-0.01704,0.14469,0.20205,0.0092151,-0.28726,-0.015788,-0.03487,0.2261,-0.041736,0.025363,-0.41206,-0.13742,-0.17614,0.3441,-0.19165,-0.069549,-0.0045357,-0.034029,0.028983,0,-0.097656,0,-0.069941,-0.17248,-0.0087292,0.073999,-0.16651,0.00063262,-0.055285,-0.59118,-0.087926,0.054673,-0.59092,-0.056366,-0.047642,-0.95899,0.031368,0.011741,-0.96697,0.062166
-0.013824,0.45918,-0.028287,-0.010498,0.29558,0.011437,-0.17066,0.18718,-0.01443,0.14645,0.20209,0.010809,-0.28747,-0.014311,-0.032216,0.22808,-0.03769,0.030018,-0.40894,-0.13821,-0.17016,0.34925,-0.18515,-0.036376,-0.0037165,-0.033858,0.028763,0,-0.097663,0,-0.071531,-0.17246,-0.0083588,0.073763,-0.1669,-0.0010415,-0.057983,-0.59489,-0.086585,0.055887,-0.59246,-0.057108,-0.047851,-0.9614,0.034631,0.012769,-0.96728,0.063537
-0.0070079,0.51241,-0.017315,-0.0098341,0.34451,0.027298,-0.1667,0.23488,-0.0047428,0.15065,0.2454,0.03018,-0.29084,0.019894,-0.019129,0.23242,0.014211,0.050067,-0.40445,-0.13286,-0.14829,0.35264,-0.14979,-0.0056505,-0.0048341,-0.0044156,0.031516,0,-0.070274,0,-0.071155,-0.14051,-0.012484,0.073814,-0.14045,-0.0018025,-0.061548,-0.59444,-0.062675,0.060934,-0.5969,-0.02839,-0.045181,-0.96278,0.043706,0.017079,-0.96778,0.071544
-0.0063679,0.56399,-0.013587,0.0043681,0.39079,0.029409,-0.16339,0.28707,0.0098065,0.15758,0.29931,0.03648,-0.27588,0.057175,-0.0052535,0.24722,0.063044,0.070631,-0.40496,-0.096172,-0.10119,0.36675,-0.11141,0.034452,-0.001729,0.051395,0.033507,0,-0.012719,0,-0.072881,-0.085273,-0.011225,0.071322,-0.084162,-0.0034748,-0.060149,-0.58149,-0.035593,0.048132,-0.59227,0.0058632,-0.03933,-0.96206,0.046888,0.023414,-0.96661,0.072292
-0.0041846,0.58126,-0.015269,-0.0087574,0.42561,0.035952,-0.16404,0.32512,0.008379,0.15456,0.33744,0.03455,-0.27756,0.092318,0.0067268,0.25175,0.10159,0.077265,-0.41678,-0.062956,-0.081157,0.37574,-0.076368,0.068238,-0.0037996,0.08244,0.035681,0,0.018872,0,-0.067797,-0.050772,-0.013703,0.070889,-0.052746,-0.0031246,-0.056604,-0.5562,-0.02684,0.036222,-0.59262,0.016787,-0.04851,-0.91488,0.055673,0.020611,-0.9435,0.080903
-0.0039977,0.62171,-0.012384,-0.0042358,0.44451,0.034553,-0.15821,0.36635,0.014487,0.16137,0.36633,0.041066,-0.27462,0.12496,0.011045,0.25697,0.12368,0.082641,-0.4349,-0.029204,-0.060425,0.39558,-0.045319,0.094302,-0.0033382,0.11718,0.036522,0,0.056729,0,-0.068032,-0.015945,-0.014602,0.070076,-0.01573,-0.0019547,-0.047022,-0.51043,-0.038993,0.03303,-0.54532,0.015859,-0.036168,-0.89561,0.072302,0.024467,-0.9004,0.11953
-0.0023001,0.62605,-0.015385,-0.0093591,0.46755,0.03018,-0.15926,0.37668,0.016702,0.16103,0.37851,0.039727,-0.27585,0.15148,0.017837,0.25842,0.16246,0.089334,-0.4376,0.015975,-0.046046,0.39827,0.00028374,0.099176,-0.0037727,0.13165,0.036937,0,0.069181,0,-0.067402,-0.0036234,-0.013582,0.070262,-0.002193,-0.001918,-0.049041,-0.49385,-0.04333,0.035142,-0.534,0.012384,-0.034053,-0.85252,0.097288,0.024517,-0.87841,0.1282
-0.00012185,0.63315,-0.021514,-0.005006,0.47471,0.028966,-0.16021,0.38521,0.012852,0.16377,0.40272,0.044884,-0.27749,0.16563,0.018182,0.25968,0.16271,0.088275,-0.44205,0.043319,-0.036721,0.40097,0.0099955,0.096669,-0.0039194,0.1399,0.037231,0,0.077545,0,-0.067785,0.0060735,-0.013232,0.069529,0.0030762,-0.0020464,-0.049976,-0.49381,-0.041431,0.034454,-0.5334,0.012334,-0.039771,-0.85575,0.08828,0.019349,-0.87143,0.1211
-0.0032638,0.65339,-0.031326,-0.0030971,0.4332,0.01135,-0.16197,0.38961,0.0089896,0.16254,0.40698,0.044553,-0.28159,0.17124,0.017305,0.25747,0.16545,0.088866,-0.44839,0.051286,-0.038565,0.39907,0.020425,0.090513,-0.0047356,0.14127,0.035538,0,0.079161,0,-0.066955,0.0073695,-0.012644,0.069092,0.0053549,-0.0009205,-0.056051,-0.53481,-0.0084881,-0.0011091,-0.5388,0.015564,-0.05181,-0.89021,0.057779,0.012411,-0.88593,0.097363
-0.0034993,0.64254,-0.03859,-0.0053768,0.41933,0.0072063,-0.16205,0.38933,0.0045851,0.16363,0.406,0.043383,-0.28077,0.17134,0.016309,0.2565,0.16385,0.086804,-0.44881,0.056108,-0.044412,0.40124,0.019157,0.044868,-0.0054477,0.13549,0.033118,0,0.077143,0,-0.066354,0.0049533,-0.011975,0.067285,0.0015323,0.0016292,-0.068412,-0.54377,0.0048198,0.0036009,-0.54261,0.03191,-0.069532,-0.92937,0.038034,0.010508,-0.94011,0.1113
-0.004296,0.62375,-0.050899,-0.0062058,0.41604,0.0027688,-0.16448,0.38136,-0.0025681,0.15815,0.38338,0.030669,-0.28656,0.15782,0.00624,0.24686,0.15098,0.067897,-0.45018,0.049504,-0.08453,0.39083,-0.0080555,0.0051059,-0.0046391,0.12335,0.029377,0,0.065497,0,-0.065107,-0.0091907,-0.0094893,0.067398,-0.007585,0.0029623,-0.069679,-0.5582,0.0027881,0.0031777,-0.55206,0.028993,-0.067249,-0.93693,0.034117,0.011187,-0.93971,0.10718
-0.001422,0.5956,-0.053706,-0.006403,0.41844,-0.0037297,-0.16237,0.34018,-0.020136,0.16213,0.35584,0.023314,-0.28513,0.13293,-0.0090657,0.23648,0.10988,0.043139,-0.44743,0.015404,-0.1395,0.37385,-0.04472,-0.040414,-0.0050692,0.10592,0.024259,0,0.037981,0,-0.066742,-0.03762,-0.0071917,0.069904,-0.034165,0.0056156,-0.069349,-0.57901,-0.0036563,0.0062004,-0.57971,0.013952,-0.065958,-0.95542,0.039163,0.017759,-0.93753,0.089213
0.0019398,0.54645,-0.061335,-0.0015352,0.38942,-0.011799,-0.15739,0.30105,-0.029348,0.16335,0.30747,0.0095039,-0.2755,0.087916,-0.032675,0.23585,0.081448,0.033095,-0.42273,-0.018415,-0.16965,0.36327,-0.080022,-0.074863,-0.0033956,0.056781,0.020723,0,-0.0083273,0,-0.069312,-0.080592,-0.008345,0.070237,-0.080664,0.0088796,-0.063974,-0.58132,-0.024337,0.012451,-0.59518,-0.0087265,-0.067832,-0.96079,0.043377,-0.0010589,-0.99459,0.053245
0.0078291,0.50033,-0.064034,0.00075217,0.33486,-0.01254,-0.15965,0.24318,-0.037537,0.16242,0.25066,-0.0045769,-0.27319,0.040938,-0.047845,0.23273,0.026349,0.019188,-0.40604,-0.070981,-0.19031,0.35614,-0.12401,-0.10932,-0.0022179,0.012209,0.018399,0,-0.051979,0,-0.072124,-0.12502,-0.0067268,0.071857,-0.12568,0.0071843,-0.061072,-0.59136,-0.056705,0.020434,-0.59619,-0.034066,-0.068543,-0.96174,0.047659,0.00336,-0.99428,0.045548
-0.0029267,0.45958,-0.056075,-0.00071431,0.30142,-0.0012139,-0.16144,0.20661,-0.028568,0.15858,0.2098,-0.00061153,-0.27394,-0.005508,-0.045753,0.23356,-0.0077434,0.019108,-0.39386,-0.099726,-0.185,0.33838,-0.14686,-0.088389,-0.0019911,-0.019652,0.019023,0,-0.083731,0,-0.072983,-0.1558,-0.0063326,0.073219,-0.15508,0.0027542,-0.0607,-0.59238,-0.068263,0.021975,-0.59856,-0.045143,-0.068262,-0.96167,0.051347,0.0082593,-0.99169,0.034626
-0.0042541,0.45306,-0.051828,-0.0056335,0.29191,-0.00088566,-0.16497,0.19214,-0.023427,0.15362,0.20372,0.002503,-0.27942,-0.011127,-0.045845,0.2293,-0.025129,0.020461,-0.39015,-0.11932,-0.19152,0.3374,-0.17753,-0.097232,-0.0025961,-0.030265,0.018015,0,-0.094205,0,-0.072,-0.16662,-0.0060621,0.074005,-0.16417,0.0022747,-0.060533,-0.59373,-0.072092,0.017801,-0.60177,-0.051021,-0.069637,-0.96162,0.051755,0.0081725,-0.99,0.030167
-0.0058416,0.4619,-0.047545,-0.005157,0.29674,0.0015201,-0.16726,0.19563,-0.023271,0.15205,0.20607,0.0055689,-0.28038,-0.0038133,-0.044553,0.2272,-0.014883,0.025344,-0.38796,-0.12137,-0.18838,0.3388,-0.16986,-0.075901,-0.0026745,-0.028743,0.017518,0,-0.092839,0,-0.07225,-0.16584,-0.0065224,0.074292,-0.16246,0.0020565,-0.061151,-0.59409,-0.071085,0.031628,-0.5962,-0.047339,-0.068273,-0.95972,0.051484,0.0093282,-0.98947,0.03256
-0.009163,0.5263,-0.028887,-0.0033501,0.35175,0.025012,-0.16513,0.24672,-0.0056101,0.15148,0.26003,0.032375,-0.2781,0.032565,-0.037576,0.22936,0.011774,0.046064,-0.39131,-0.11745,-0.15676,0.34443,-0.15264,-0.019681,-0.0030449,0.015785,0.023052,0,-0.049396,0,-0.072162,-0.12125,-0.010646,0.073334,-0.11902,-0.0026497,-0.060161,-0.58793,-0.046251,0.028488,-0.59599,-0.02207,-0.074795,-0.96046,0.058557,-0.011493,-0.96304,0.096326
-0.014774,0.5581,-0.027913,-0.0086858,0.39493,0.024769,-0.16605,0.2919,-0.006835,0.15105,0.30675,0.034398,-0.27625,0.0661,-0.030837,0.23217,0.067543,0.056215,-0.40339,-0.09555,-0.12908,0.35221,-0.11678,0.0075612,-0.0042784,0.056325,0.024525,0,-0.0084621,0,-0.06834,-0.081828,-0.013491,0.071322,-0.078987,0.000474,-0.056202,-0.57925,-0.026962,0.014908,-0.60345,0.010819,-0.07495,-0.9593,0.0569,-0.006909,-0.95581,0.080849
-0.014394,0.5812,-0.031924,-0.0089338,0.4232,0.022278,-0.16475,0.32915,-0.0047886,0.1524,0.34031,0.034581,-0.27896,0.085608,-0.027033,0.23619,0.090904,0.063984,-0.42024,-0.062327,-0.10598,0.35804,-0.078426,0.036668,-0.0043769,0.088962,0.025221,0,0.024436,0,-0.066504,-0.048984,-0.014002,0.069653,-0.04499,0.0018979,-0.048947,-0.5571,-0.027821,0.011347,-0.59125,0.009525,-0.077233,-0.95177,0.06617,0.0037702,-0.945,0.084779
-0.0077769,0.62862,-0.034235,-0.0067815,0.45092,0.029345,-0.16318,0.34939,-0.0013578,0.15405,0.37639,0.038817,-0.28281,0.13061,-0.016334,0.24174,0.13051,0.080696,-0.42506,-0.0030102,-0.080917,0.37766,-0.051179,0.080867,-0.0041692,0.1124,0.027982,0,0.048171,0,-0.066849,-0.02466,-0.015295,0.06932,-0.021831,0.00078481,-0.040641,-0.51731,-0.044819,0.025696,-0.54592,-0.0058036,-0.081104,-0.86789,0.061083,0.017598,-0.90985,0.12257
-0.0091353,0.62649,-0.035964,-0.0069694,0.45817,0.026987,-0.16503,0.3624,0.00029064,0.15507,0.38001,0.037614,-0.28462,0.14352,-0.015169,0.24638,0.1424,0.083131,-0.43927,0.016373,-0.065845,0.38034,-0.0060167,0.085964,-0.0041841,0.12262,0.028879,0,0.058862,0,-0.06625,-0.014377,-0.014718,0.069132,-0.012552,0.00095534,-0.040835,-0.50156,-0.046573,0.026415,-0.54432,-0.0063363,-0.062166,-0.86284,0.065585,0.0227,-0.88063,0.12101
-0.011717,0.63168,-0.037546,-0.014186,0.43389,0.0129,-0.16572,0.37225,-0.0019061,0.15372,0.39148,0.039942,-0.28881,0.15894,-0.008125,0.2461,0.15113,0.085604,-0.453,0.0386,-0.059773,0.38233,0.0051644,0.089341,-0.0048602,0.12492,0.028359,0,0.063986,0,-0.065001,-0.0092379,-0.013524,0.06912,-0.0069552,0.0013496,-0.040948,-0.50159,-0.045838,0.022916,-0.54681,-0.0031778,-0.040776,-0.87979,0.055864,0.027531,-0.89479,0.085637
-0.011589,0.63106,-0.038993,-0.015555,0.42738,0.010767,-0.16612,0.3759,-0.002734,0.15292,0.39167,0.038713,-0.2908,0.16034,-0.0066177,0.24701,0.15118,0.086857,-0.46099,0.043593,-0.064485,0.38602,0.0082581,0.085294,-0.0049838,0.12484,0.027658,0,0.064095,0,-0.064563,-0.0085813,-0.012989,0.069025,-0.0068904,0.0013918,-0.04481,-0.53022,-0.028421,0.020812,-0.55451,0.00075914,-0.040307,-0.91149,0.034171,0.032198,-0.91164,0.064108
-0.010448,0.6195,-0.04623,-0.013954,0.41548,0.010633,-0.16618,0.37467,-0.0033648,0.15413,0.38834,0.036999,-0.29127,0.15912,-0.0064738,0.24714,0.15002,0.084918,-0.46135,0.045236,-0.072284,0.39661,-0.010769,0.037959,-0.0051486,0.12083,0.026777,0,0.062152,0,-0.064476,-0.010935,-0.012139,0.068638,-0.009945,0.0014404,-0.047015,-0.54637,-0.027505,0.020683,-0.55748,0.007155,-0.03669,-0.91569,0.027368,0.040815,-0.92668,0.043124
-0.010927,0.60468,-0.049171,-0.0109,0.42418,0.0078747,-0.16707,0.35843,-0.0064316,0.15572,0.37223,0.033756,-0.2885,0.14168,-0.0057366,0.24333,0.12486,0.070463,-0.45309,0.022227,-0.11937,0.38618,-0.032462,0.010696,-0.0042979,0.1127,0.024789,0,0.047649,0,-0.064897,-0.02606,-0.010269,0.068182,-0.025834,0.0023278,-0.04589,-0.55962,-0.032793,0.021358,-0.57372,0.00057302,-0.030859,-0.95572,0.030621,0.046848,-0.93666,0.033654
-0.014341,0.55785,-0.058453,-0.010964,0.40364,0.0006042,-0.16446,0.31754,-0.013072,0.15846,0.3278,0.021878,-0.28264,0.093214,-0.017982,0.23728,0.091987,0.053186,-0.43439,-0.011309,-0.14683,0.3698,-0.069748,-0.029838,-0.0043152,0.076581,0.021458,0,0.014871,0,-0.066722,-0.059313,-0.0058778,0.070578,-0.055747,0.0017567,-0.044396,-0.56723,-0.043034,0.029342,-0.5983,-0.022472,-0.03224,-0.95799,0.035611,0.04866,-0.93661,0.027364
-0.012957,0.51329,-0.05995,-0.0094028,0.35362,0.0026066,-0.16714,0.26933,-0.017728,0.15252,0.27513,0.013148,-0.27737,0.052055,-0.031691,0.23483,0.038191,0.043275,-0.42583,-0.058243,-0.16667,0.37299,-0.12378,-0.071915,-0.0037767,0.029533,0.021078,0,-0.034193,0,-0.069356,-0.10803,-0.0086724,0.072853,-0.10459,0.0033153,-0.042204,-0.58501,-0.063608,0.063719,-0.58252,-0.039129,-0.033612,-0.97007,0.057649,0.038239,-0.9687,0.08129
-0.018178,0.46812,-0.048609,-0.018748,0.30375,0.006174,-0.17058,0.21377,-0.023525,0.14738,0.22721,0.0053717,-0.27849,0.014959,-0.037874,0.22625,0.0084717,0.032962,-0.41078,-0.10517,-0.17405,0.35228,-0.1496,-0.082403,-0.0050301,-0.015046,0.021193,0,-0.076712,0,-0.068473,-0.15203,-0.011653,0.075484,-0.14546,0.0049069,-0.047099,-0.59247,-0.078108,0.046447,-0.5882,-0.053549,-0.037781,-0.96751,0.050514,0.032273,-0.97053,0.078383
-0.012043,0.44818,-0.042685,-0.015726,0.29061,0.006273,-0.17636,0.18052,-0.013451,0.14991,0.19483,0.0082845,-0.27831,-0.027614,-0.031905,0.23184,-0.037676,0.032815,-0.39816,-0.12724,-0.17421,0.34791,-0.17655,-0.072904,-0.0038703,-0.032652,0.020834,0,-0.096266,0,-0.071336,-0.17397,-0.0090418,0.076753,-0.16767,0.0019492,-0.041827,-0.59363,-0.078955,0.042825,-0.59266,-0.054798,-0.030227,-0.96524,0.051995,0.032663,-0.97344,0.078059
-0.01024,0.44708,-0.041882,-0.012524,0.28925,0.0070661,-0.17395,0.18046,-0.012021,0.15165,0.19304,0.0089621,-0.27711,-0.028462,-0.030393,0.2338,-0.039843,0.034835,-0.38283,-0.14112,-0.16761,0.35043,-0.1852,-0.056423,-0.0030784,-0.035567,0.020676,0,-0.099581,0,-0.072032,-0.17619,-0.0081076,0.0761,-0.1712,0.00073439,-0.040095,-0.59408,-0.079779,0.040905,-0.59448,-0.056498,-0.026628,-0.96516,0.053651,0.033953,-0.97156,0.07704
-0.01022,0.46222,-0.03391,-0.0085633,0.29996,0.012982,-0.17184,0.19693,-0.010069,0.15138,0.20795,0.012032,-0.27771,-0.01596,-0.028157,0.23186,-0.021845,0.043543,-0.3768,-0.14675,-0.15254,0.3467,-0.17347,-0.026781,-0.0027677,-0.028837,0.021837,0,-0.09252,0,-0.072715,-0.16544,-0.0095342,0.075455,-0.16381,-0.00072338,-0.049292,-0.58978,-0.071516,0.045449,-0.59282,-0.047066,-0.026377,-0.96507,0.056424,0.033472,-0.97318,0.0893
-0.0086991,0.52984,-0.035296,-0.0020888,0.35874,0.022207,-0.16289,0.25993,0.0039992,0.15617,0.26383,0.020428,-0.25921,0.038663,-0.014634,0.24055,0.030352,0.056473,-0.36724,-0.14016,-0.13622,0.35409,-0.14437,0.0031998,-0.0015195,0.026236,0.02452,0,-0.037868,0,-0.072566,-0.10937,-0.0097029,0.07332,-0.10958,-0.00258,-0.050217,-0.5797,-0.047769,0.054168,-0.59753,-0.007651,-0.021178,-0.96216,0.059674,0.041196,-0.96859,0.094773
-0.0055945,0.56076,-0.032396,-0.0012967,0.39723,0.021749,-0.16082,0.30984,0.0115,0.15733,0.31496,0.029564,-0.26,0.060085,-0.0067296,0.24155,0.076938,0.063276,-0.38418,-0.10373,-0.091291,0.36495,-0.10437,0.027152,-0.0015684,0.060584,0.025462,0,-0.0042782,0,-0.070254,-0.075334,-0.011111,0.070639,-0.075923,-0.00098193,-0.044856,-0.56881,-0.039432,0.041043,-0.59478,0.0058237,-0.019288,-0.95194,0.05507,0.045377,-0.95616,0.088621
0.0046087,0.58334,-0.034174,0.012359,0.42458,0.021533,-0.14896,0.33099,0.0090703,0.1684,0.34031,0.03127,-0.25106,0.094683,0.00017787,0.25569,0.098679,0.068879,-0.38457,-0.059746,-0.075021,0.38362,-0.062573,0.055007,0.00067479,0.091323,0.026281,0,0.027545,0,-0.071877,-0.039873,-0.0085843,0.066388,-0.044997,-0.0031163,-0.025468,-0.53201,-0.051028,0.050979,-0.59393,0.0055157,-0.0091957,-0.92215,0.060423,0.052041,-0.93683,0.096186
0.00082158,0.59911,-0.031611,0.0063701,0.442,0.029237,-0.15532,0.35919,0.018196,0.16718,0.36265,0.037656,-0.25766,0.12421,0.0084982,0.25508,0.11494,0.073316,-0.40389,-0.015271,-0.057002,0.39212,-0.049005,0.065291,-0.00047355,0.11082,0.029179,0,0.048214,0,-0.07083,-0.023589,-0.010891,0.067784,-0.025539,-0.0036747,-0.029405,-0.51379,-0.053563,0.04033,-0.5385,-0.014322,-0.027796,-0.90205,0.060983,0.04543,-0.90557,0.13511
-0.0026814,0.60921,-0.031588,-0.001998,0.45296,0.026503,-0.1606,0.36788,0.018222,0.1611,0.37459,0.036414,-0.26361,0.13742,0.014833,0.25627,0.13513,0.082101,-0.42267,0.00581,-0.049991,0.39557,-0.018733,0.073285,-0.0015585,0.12005,0.029951,0,0.057114,0,-0.068547,-0.015102,-0.010106,0.068259,-0.015019,-0.0039864,-0.036418,-0.50636,-0.054361,0.040869,-0.53646,-0.013494,-0.061057,-0.85154,0.06717,0.033111,-0.85624,0.11681
-0.0065641,0.61361,-0.032236,-0.0058911,0.45665,0.022114,-0.16418,0.3723,0.017186,0.15685,0.38023,0.03447,-0.27084,0.14541,0.017712,0.25315,0.13995,0.080132,-0.43158,0.022202,-0.044799,0.39194,-0.0044978,0.049935,-0.00202,0.1233,0.030048,0,0.060042,0,-0.067577,-0.012506,-0.0094379,0.068469,-0.011387,-0.0035454,-0.048908,-0.53222,-0.037365,0.040404,-0.53875,-0.010874,-0.07462,-0.87338,0.050046,0.037829,-0.88301,0.079077
-0.010014,0.61476,-0.039103,-0.01479,0.4048,0.010554,-0.16623,0.37171,0.015592,0.1565,0.37995,0.033153,-0.27308,0.14785,0.01749,0.24997,0.13807,0.075349,-0.43503,0.027576,-0.048212,0.38904,-0.0056251,0.0307,-0.0030484,0.12115,0.028917,0,0.059739,0,-0.067163,-0.012863,-0.0093279,0.068424,-0.011964,-0.0031741,-0.06717,-0.56302,-0.024371,0.039306,-0.56091,0.0071403,-0.080693,-0.92153,0.028372,0.0096883,-0.92347,0.047053
-0.010151,0.6074,-0.04426,-0.011184,0.40435,0.0085963,-0.16498,0.36571,0.0096763,0.15714,0.37424,0.028642,-0.27285,0.14123,0.011503,0.24408,0.13635,0.066469,-0.44841,0.015321,-0.089973,0.37949,-0.022913,-0.0087448,-0.003212,0.112,0.02752,0,0.052964,0,-0.066828,-0.020532,-0.0079875,0.068178,-0.018347,-0.0024773,-0.065169,-0.57069,-0.027839,0.04584,-0.5679,0.0011057,-0.080164,-0.92458,0.026524,0.022966,-0.93043,0.046186
-0.0048454,0.59109,-0.052009,-0.0060428,0.40754,0.002778,-0.16498,0.33187,-0.0039956,0.16053,0.34585,0.01845,-0.26733,0.10829,0.001676,0.23731,0.10033,0.041787,-0.42845,-0.0058962,-0.11312,0.37354,-0.059598,-0.058412,-0.0020379,0.096942,0.023641,0,0.031025,0,-0.068372,-0.044797,-0.0048299,0.069829,-0.041406,0.0003759,-0.059157,-0.57518,-0.035666,0.03903,-0.5907,-0.022942,-0.078499,-0.94472,0.033494,0.0077627,-0.9449,0.045497
-0.0061721,0.5446,-0.052459,-0.0069802,0.3893,-0.0015742,-0.16409,0.28253,-0.011989,0.16062,0.29587,0.0096845,-0.26947,0.063908,-0.017932,0.2359,0.073963,0.033393,-0.41285,-0.046035,-0.14434,0.34034,-0.088513,-0.068938,-0.003026,0.050295,0.021431,0,-0.014574,0,-0.070343,-0.090818,-0.0040909,0.07342,-0.082448,0.00063628,-0.0576,-0.5779,-0.052881,0.040261,-0.58719,-0.035754,-0.082726,-0.96135,0.06117,0.0044364,-0.94643,0.046244
-0.0077305,0.50049,-0.054406,-0.00061465,0.33357,0.0081938,-0.15974,0.23999,-0.016607,0.15704,0.24867,0.0032236,-0.26377,0.026069,-0.026786,0.23575,0.016736,0.027521,-0.39395,-0.093729,-0.15592,0.33953,-0.13746,-0.086909,-0.001593,0.0066804,0.022765,0,-0.05747,0,-0.070452,-0.12827,-0.0064206,0.070747,-0.12817,-0.00057486,-0.057147,-0.58645,-0.069176,0.037497,-0.59049,-0.049759,-0.079846,-0.96162,0.062167,-0.0016577,-0.96347,0.069752
-0.0026117,0.44964,-0.047967,-0.00063619,0.29109,0.005589,-0.15833,0.19704,-0.015187,0.15741,0.19742,-0.0024516,-0.26082,-0.023658,-0.037156,0.23817,-0.024892,0.022391,-0.37681,-0.13957,-0.17643,0.3417,-0.16794,-0.081636,-0.0010857,-0.030131,0.021776,0,-0.092999,0,-0.071785,-0.16537,-0.0046447,0.071624,-0.1632,-0.001819,-0.051531,-0.59404,-0.082161,0.039014,-0.59067,-0.059788,-0.063774,-0.96423,0.053841,0.0040805,-0.96383,0.070998
-0.0033545,0.44771,-0.04837,0.0010492,0.28816,0.0043403,-0.15959,0.19142,-0.012944,0.15728,0.1917,-0.00070688,-0.26168,-0.030502,-0.035211,0.23937,-0.039296,0.022265,-0.3754,-0.1466,-0.17169,0.34337,-0.19729,-0.082386,-0.00062354,-0.036352,0.020791,0,-0.10042,0,-0.072603,-0.17291,-0.0034886,0.071793,-0.17128,-0.002205,-0.051942,-0.59258,-0.084598,0.050483,-0.58328,-0.063261,-0.06307,-0.96454,0.055062,-9.3059e-05,-0.96216,0.070578
-0.0027948,0.4502,-0.045356,0.0018929,0.28883,0.0047373,-0.15905,0.19165,-0.011862,0.15814,0.1921,0.00075364,-0.26222,-0.028561,-0.033612,0.24108,-0.038299,0.028989,-0.37282,-0.15221,-0.15576,0.34196,-0.19484,-0.05361,-0.00044402,-0.036174,0.020328,0,-0.1003,0,-0.073733,-0.17271,-0.0047703,0.072208,-0.1713,-0.001621,-0.051912,-0.59187,-0.083307,0.048257,-0.58539,-0.061694,-0.064407,-0.96596,0.068736,0.00037187,-0.9631,0.072049
-0.0012763,0.5042,-0.035648,0.0085034,0.33807,0.022796,-0.161,0.22809,-0.0038177,0.1575,0.24223,0.019656,-0.26777,0.012031,-0.031635,0.23848,0.0033567,0.053982,-0.36814,-0.14347,-0.14036,0.35012,-0.17427,-0.016386,-0.00033611,-0.0037381,0.02406,0,-0.069352,0,-0.074625,-0.13944,-0.010518,0.071862,-0.14044,-0.0021702,-0.06129,-0.58682,-0.062296,0.042543,-0.5875,-0.043518,-0.065957,-0.96692,0.07681,-0.00031906,-0.96275,0.082408
0.0011263,0.55531,-0.032064,0.0031811,0.3845,0.025899,-0.16366,0.2838,0.010473,0.15972,0.28938,0.027189,-0.26462,0.049741,-0.014194,0.24061,0.053136,0.065869,-0.37974,-0.10987,-0.11478,0.35698,-0.13771,0.020612,-0.00069863,0.048079,0.026449,0,-0.016448,0,-0.071947,-0.090487,-0.0093792,0.070797,-0.087393,-0.0042578,-0.060567,-0.57814,-0.042526,0.033324,-0.59615,-0.00062253,-0.062803,-0.95161,0.06502,0.0071882,-0.96042,0.083043
-0.00013771,0.56799,-0.031553,0.0018256,0.41153,0.023303,-0.15781,0.32173,0.0022628,0.16011,0.32309,0.027909,-0.26549,0.074693,-0.011809,0.24096,0.079073,0.068371,-0.39458,-0.079509,-0.096294,0.35771,-0.095585,0.037655,-0.001729,0.071174,0.027057,0,0.0058101,0,-0.069736,-0.063828,-0.0090098,0.069254,-0.065685,-0.0034858,-0.059836,-0.56577,-0.040703,0.030577,-0.59459,0.00061245,-0.058599,-0.9327,0.049947,0.01108,-0.95381,0.077089
0.0022364,0.60111,-0.02758,0.0073189,0.43214,0.024174,-0.15309,0.34456,0.0065966,0.16906,0.35682,0.037533,-0.26219,0.098281,-0.0034592,0.24856,0.10666,0.076222,-0.40788,-0.047481,-0.079025,0.37606,-0.062354,0.060648,-0.0010105,0.10859,0.028132,0,0.047403,0,-0.070263,-0.025168,-0.010446,0.06813,-0.028116,-0.002073,-0.041637,-0.52072,-0.054065,0.043264,-0.57603,0.03071,-0.052985,-0.91297,0.052685,0.014087,-0.87163,0.079079
0.0027926,0.6168,-0.030349,0.003412,0.45474,0.022147,-0.15363,0.37206,0.0079022,0.16709,0.37693,0.04151,-0.26342,0.14335,0.0010434,0.25468,0.13176,0.079965,-0.41656,-0.00081939,-0.058614,0.38728,-0.040531,0.071888,-0.0020821,0.12401,0.028583,0,0.060783,0,-0.069775,-0.0095725,-0.011081,0.068059,-0.012208,-0.0010654,-0.03535,-0.50445,-0.059795,0.033958,-0.56011,0.026437,-0.052129,-0.86434,0.062808,0.019275,-0.8504,0.097344
0.0019898,0.61813,-0.030885,-0.0027185,0.46159,0.019965,-0.15496,0.3758,0.0082405,0.16594,0.38153,0.042166,-0.26413,0.14779,0.0018685,0.25423,0.14203,0.081426,-0.4204,0.012282,-0.056916,0.38739,-0.01755,0.071694,-0.0028021,0.12737,0.02878,0,0.063584,0,-0.068547,-0.0071621,-0.011248,0.068148,-0.0095193,-0.00057486,-0.035625,-0.50501,-0.058314,0.013718,-0.5572,-0.006549,-0.049916,-0.8669,0.051925,0.018938,-0.88674,0.065387
0.001196,0.61983,-0.032398,-0.0071324,0.42427,0.012136,-0.15637,0.3794,0.0080095,0.16481,0.38324,0.040933,-0.26631,0.15162,0.0020592,0.2531,0.1455,0.080164,-0.42684,0.021834,-0.058404,0.39083,-0.010196,0.060045,-0.0028337,0.12768,0.028329,0,0.064548,0,-0.0678,-0.0063753,-0.010865,0.068051,-0.008128,-0.00056202,-0.048479,-0.54871,-0.039049,0.014287,-0.55594,-0.0076281,-0.046854,-0.87884,0.04114,0.017876,-0.91308,0.053237
0.00017961,0.61823,-0.035267,-0.0061622,0.41792,0.012123,-0.1574,0.37892,0.0070221,0.16448,0.3833,0.040194,-0.27006,0.15054,0.00056019,0.24954,0.14433,0.077571,-0.42935,0.023381,-0.06614,0.39538,-0.019151,0.028134,-0.0028373,0.12409,0.027977,0,0.063598,0,-0.067032,-0.0083428,-0.010206,0.067993,-0.0093325,-0.00027322,-0.04899,-0.54977,-0.040413,0.023917,-0.55807,-0.0077216,-0.052443,-0.91916,0.01495,0.020659,-0.92934,0.046583
-0.0041285,0.60228,-0.041551,-0.0052105,0.42359,0.010545,-0.15925,0.36723,0.005446,0.1654,0.37524,0.039523,-0.27264,0.13474,-0.0060539,0.24048,0.11993,0.06092,-0.42675,0.0047519,-0.095651,0.37585,-0.046495,-0.015987,-0.0029217,0.11813,0.026631,0,0.055379,0,-0.067763,-0.017673,-0.0081268,0.068805,-0.018847,-0.00083065,-0.053347,-0.5595,-0.046778,0.028854,-0.56798,-0.014501,-0.057266,-0.93111,0.018742,0.019411,-0.95282,0.054492
-0.0013413,0.5853,-0.047387,-0.0022432,0.41821,0.0082323,-0.1602,0.32835,-0.00059594,0.16351,0.33526,0.032149,-0.26761,0.09738,-0.01845,0.24172,0.09496,0.051537,-0.41078,-0.032219,-0.12983,0.3498,-0.076175,-0.041082,-0.0030389,0.091172,0.025033,0,0.027657,0,-0.069124,-0.045735,-0.0095479,0.070407,-0.044715,0.001588,-0.050511,-0.56093,-0.058032,0.05263,-0.57991,-0.036872,-0.053614,-0.93179,0.017247,0.017504,-0.95361,0.061211
-0.0062665,0.53172,-0.050126,-0.0038217,0.36205,0.0086494,-0.16234,0.28044,-0.011616,0.15912,0.28452,0.025071,-0.27082,0.050205,-0.037114,0.23518,0.039971,0.03504,-0.39898,-0.06924,-0.14431,0.34826,-0.13266,-0.079697,-0.003502,0.038581,0.02429,0,-0.024475,0,-0.07073,-0.098392,-0.010461,0.072164,-0.095611,0.0027798,-0.056726,-0.57139,-0.077501,0.062727,-0.57713,-0.048585,-0.063846,-0.946,0.038264,0.012588,-0.95275,0.065252
-0.0067211,0.47713,-0.047999,-0.0045832,0.31215,0.014769,-0.16185,0.22924,-0.012556,0.15812,0.22638,0.02216,-0.26459,0.008803,-0.036915,0.2289,-0.011126,0.027916,-0.38978,-0.12679,-0.16274,0.32294,-0.16386,-0.071227,-0.0035308,-0.009162,0.025408,0,-0.071276,0,-0.071105,-0.14447,-0.01218,0.07283,-0.14241,0.0021711,-0.05945,-0.58095,-0.086835,0.067755,-0.57881,-0.04944,-0.06342,-0.90069,0.0088337,0.012278,-0.95328,0.072521
-0.0056906,0.45836,-0.03613,-0.0047662,0.28981,0.015018,-0.16194,0.18758,-0.0072302,0.15817,0.18809,0.017436,-0.2694,-0.038404,-0.0381,0.22933,-0.045784,0.021087,-0.37683,-0.17063,-0.16509,0.33073,-0.20077,-0.067362,-0.0027646,-0.034642,0.02565,0,-0.097405,0,-0.072809,-0.1708,-0.009603,0.074678,-0.16793,-0.00023654,-0.058152,-0.58671,-0.088528,0.070433,-0.5809,-0.047014,-0.056563,-0.9462,0.043723,0.010236,-0.95085,0.076132
-0.0058136,0.4545,-0.034643,-0.0011095,0.28187,0.012867,-0.16159,0.18174,-0.0071467,0.15688,0.18604,0.017743,-0.2691,-0.041008,-0.040796,0.22827,-0.049389,0.022997,-0.37759,-0.1742,-0.161,0.32627,-0.21251,-0.062656,-0.0022351,-0.041583,0.02526,0,-0.10444,0,-0.073214,-0.17626,-0.0088136,0.073908,-0.17457,-0.00028055,-0.058182,-0.58683,-0.089557,0.047391,-0.58991,-0.056908,-0.056349,-0.94597,0.045142,0.0047476,-0.94849,0.07331
-0.004953,0.45444,-0.033296,-0.00052718,0.28419,0.013918,-0.16117,0.18373,-0.0064096,0.15755,0.18765,0.017563,-0.26839,-0.038309,-0.038296,0.22974,-0.047334,0.03019,-0.37587,-0.17591,-0.14881,0.32913,-0.20749,-0.047058,-0.0020004,-0.040769,0.025483,0,-0.1037,0,-0.073596,-0.17551,-0.0089071,0.073773,-0.174,-0.00082974,-0.057614,-0.5864,-0.087272,0.04723,-0.58985,-0.055011,-0.055068,-0.94538,0.04685,0.0054717,-0.94959,0.075961
-0.0073849,0.51004,-0.024259,0.0084868,0.34133,0.02495,-0.16259,0.23445,-0.00044008,0.15764,0.24054,0.029667,-0.26248,0.015713,-0.018082,0.23166,0.0053348,0.053638,-0.37883,-0.1704,-0.13309,0.33932,-0.17287,-0.0022233,-0.001079,0.0027258,0.027906,0,-0.064004,0,-0.074719,-0.1334,-0.013466,0.071951,-0.13911,0.00029339,-0.06609,-0.5803,-0.062305,0.048091,-0.5886,-0.028228,-0.053312,-0.94566,0.05992,0.0080926,-0.94961,0.086836
-0.0040745,0.54792,-0.023424,0.0020685,0.37636,0.031792,-0.16217,0.28174,0.0060227,0.15856,0.28334,0.03001,-0.26276,0.041778,-0.012022,0.2426,0.046853,0.076185,-0.39315,-0.11953,-0.09746,0.3517,-0.13732,0.036039,-0.0017401,0.039585,0.0313,0,-0.022257,0,-0.072524,-0.093394,-0.014428,0.071962,-0.09433,-0.0013954,-0.068126,-0.57738,-0.045194,0.051786,-0.59374,0.012335,-0.053393,-0.94461,0.066532,0.011925,-0.94965,0.094938
0.0010556,0.5774,-0.020655,0.0083007,0.41255,0.028461,-0.1562,0.33006,0.0076877,0.16544,0.33022,0.036923,-0.26065,0.081292,-0.004564,0.24851,0.081063,0.076461,-0.40216,-0.075162,-0.076877,0.36885,-0.085004,0.05345,-0.0014878,0.079319,0.031544,0,0.014777,0,-0.072294,-0.055009,-0.012801,0.069493,-0.060156,-0.0016851,-0.058916,-0.57049,-0.041547,0.054822,-0.59334,0.016649,-0.044061,-0.94336,0.070164,0.019812,-0.94745,0.10533
-0.00032759,0.58672,-0.020868,0.0031452,0.43058,0.027556,-0.15486,0.34249,0.010052,0.16221,0.34937,0.035207,-0.26465,0.10167,-1.1002e-05,0.25233,0.10466,0.082235,-0.41101,-0.03366,-0.064277,0.38168,-0.057428,0.066572,-0.0018415,0.098295,0.032549,0,0.036061,0,-0.070253,-0.033589,-0.012105,0.069165,-0.034113,-0.0021738,-0.048131,-0.49683,-0.06218,0.0292,-0.52949,-0.023722,-0.035745,-0.87428,0.083376,0.016699,-0.90861,0.11803
-0.0030125,0.60019,-0.020366,-0.0017722,0.44403,0.030541,-0.15866,0.3585,0.014157,0.16246,0.3612,0.037427,-0.26811,0.13054,0.0015669,0.25422,0.12087,0.084542,-0.42127,0.0020717,-0.05415,0.39008,-0.025404,0.071219,-0.0025437,0.11172,0.034163,0,0.049456,0,-0.069649,-0.021775,-0.012556,0.07026,-0.024336,-0.0026047,-0.049514,-0.49406,-0.062298,0.02986,-0.52557,-0.024413,-0.029414,-0.86839,0.089424,0.01983,-0.88563,0.11121
-0.0092277,0.6161,-0.027466,-0.010622,0.45478,0.023953,-0.16118,0.36362,0.012959,0.16168,0.37064,0.039387,-0.27237,0.13709,0.005303,0.25693,0.12751,0.085358,-0.42795,0.018056,-0.049814,0.39414,-0.017418,0.067497,-0.0038527,0.11957,0.033841,0,0.056399,0,-0.068431,-0.017385,-0.012354,0.071078,-0.016458,-0.0013698,-0.051025,-0.49571,-0.060493,0.035765,-0.52443,-0.021548,-0.043501,-0.85995,0.071323,0.019274,-0.88146,0.10315
-0.0092235,0.62094,-0.035043,-0.011994,0.45612,0.021307,-0.16278,0.36746,0.010316,0.16059,0.37505,0.038121,-0.27471,0.14073,0.0065893,0.254,0.13472,0.082469,-0.42902,0.022282,-0.050331,0.39472,-0.0098052,0.049924,-0.0042305,0.12099,0.033574,0,0.057497,0,-0.067957,-0.016088,-0.012364,0.071126,-0.015524,-0.00084532,-0.062352,-0.55211,-0.032571,0.042007,-0.55316,-0.0050564,-0.055623,-0.89639,0.029585,0.034896,-0.88403,0.075316
-0.008541,0.61238,-0.043014,-0.014208,0.45058,0.017095,-0.16419,0.36597,0.0076244,0.16012,0.37397,0.035775,-0.27516,0.14019,0.0054937,0.2522,0.13425,0.080169,-0.42693,0.023454,-0.06307,0.37456,-0.01626,0.0056972,-0.0045667,0.11881,0.032747,0,0.055284,0,-0.067442,-0.018002,-0.011998,0.071253,-0.018449,-7.1513e-05,-0.065625,-0.56869,-0.029579,0.055032,-0.56883,-0.0010241,-0.070744,-0.94137,0.022163,0.054627,-0.92697,0.057786
-0.0071964,0.60465,-0.048185,-0.017016,0.43474,0.0089804,-0.16619,0.35191,3.3006e-05,0.15984,0.36216,0.029963,-0.27319,0.11523,-0.0040992,0.24421,0.11009,0.055363,-0.4238,-0.0025166,-0.10183,0.3679,-0.04295,-0.01842,-0.0052359,0.10903,0.030346,0,0.04575,0,-0.067701,-0.029131,-0.010753,0.072732,-0.026938,0.0013863,-0.064708,-0.57768,-0.031583,0.058212,-0.57752,-0.0057449,-0.067549,-0.9416,0.021162,0.055911,-0.92721,0.057952
-0.016078,0.55077,-0.056705,-0.010229,0.38729,0.0057477,-0.16584,0.30973,-0.014558,0.15549,0.31918,0.01261,-0.27054,0.086064,-0.012329,0.23834,0.075761,0.038933,-0.40183,-0.037495,-0.11857,0.34895,-0.085337,-0.052352,-0.0041491,0.064966,0.027917,0,0.0027766,0,-0.06884,-0.070472,-0.0096763,0.072715,-0.066772,0.002911,-0.066157,-0.57591,-0.045653,0.061338,-0.58044,-0.031627,-0.067811,-0.94184,0.019993,0.049949,-0.92893,0.054645
-0.018992,0.50022,-0.049614,-0.019079,0.34116,0.018132,-0.16928,0.25756,-0.0093692,0.1473,0.26591,0.015993,-0.27659,0.030926,-0.017966,0.22894,0.031227,0.027619,-0.40983,-0.088004,-0.13655,0.34878,-0.14266,-0.06244,-0.0054351,0.025765,0.03,0,-0.035285,0,-0.07645,-0.10876,-0.012938,0.084555,-0.10758,0.00064362,-0.071941,-0.58937,-0.056821,0.057115,-0.58319,-0.035531,-0.072438,-0.94795,0.038317,0.040221,-0.94147,0.076806
-0.015323,0.47348,-0.050068,-0.013833,0.29494,0.005148,-0.16868,0.20775,-0.017737,0.15131,0.21262,0.00108,-0.27685,-0.017543,-0.025756,0.23346,-0.021154,0.020181,-0.40479,-0.13473,-0.15787,0.3455,-0.16846,-0.06688,-0.003944,-0.025352,0.026649,0,-0.087838,0,-0.07048,-0.16212,-0.0084211,0.075689,-0.1577,0.002028,-0.064231,-0.59525,-0.074204,0.06324,-0.58832,-0.047392,-0.063994,-0.95357,0.033664,0.04156,-0.9486,0.075872
-0.016706,0.44053,-0.04047,-0.012141,0.28288,0.010291,-0.17149,0.18839,-0.0067663,0.15005,0.19481,0.0048932,-0.27575,-0.029367,-0.020597,0.2311,-0.040237,0.025218,-0.39501,-0.15361,-0.14983,0.34294,-0.20054,-0.054377,-0.0030025,-0.035991,0.026943,0,-0.098026,0,-0.071207,-0.17158,-0.0075685,0.075866,-0.1701,-0.0018117,-0.065853,-0.60162,-0.084846,0.037972,-0.60337,-0.060557,-0.06287,-0.95569,0.037735,0.028341,-0.94789,0.072054
-0.015402,0.44255,-0.036133,-0.011027,0.28198,0.011211,-0.17063,0.18494,-0.005568,0.15053,0.19288,0.0059099,-0.2728,-0.033041,-0.016135,0.23388,-0.042869,0.026983,-0.38503,-0.16046,-0.13326,0.34607,-0.20725,-0.047716,-0.002767,-0.038737,0.026661,0,-0.10113,0,-0.071562,-0.17461,-0.0065123,0.076089,-0.17254,-0.0027688,-0.064412,-0.59753,-0.085748,0.038776,-0.60367,-0.058649,-0.053715,-0.96124,0.044182,0.027584,-0.95086,0.073284
-0.012883,0.47008,-0.029538,-0.0071323,0.30375,0.016111,-0.1705,0.19952,-0.0027404,0.15393,0.20302,0.010923,-0.26769,-0.0043639,-0.0029641,0.23748,-0.030951,0.034041,-0.38111,-0.15315,-0.12267,0.34857,-0.19373,-0.010686,-0.0025587,-0.029855,0.027189,0,-0.093505,0,-0.072851,-0.16661,-0.0075428,0.076195,-0.16652,-0.0026634,-0.066288,-0.60029,-0.078777,0.059794,-0.59772,-0.032462,-0.056851,-0.95928,0.043191,0.027594,-0.95108,0.079751
-0.0098749,0.52291,-0.027355,-0.0063848,0.36014,0.029049,-0.16681,0.26203,0.0040194,0.15479,0.26804,0.024477,-0.26704,0.030776,-0.00042266,0.23859,0.02715,0.055625,-0.39237,-0.12671,-0.088466,0.34959,-0.14834,0.018286,-0.0028179,0.022692,0.030863,0,-0.04129,0,-0.071311,-0.11388,-0.0097377,0.073603,-0.11275,-0.0049298,-0.067891,-0.58762,-0.045517,0.061929,-0.59828,-0.0060832,-0.05951,-0.957,0.042662,0.033214,-0.9489,0.08695
-0.008518,0.56964,-0.030001,-0.0020505,0.40626,0.030841,-0.16532,0.31381,0.0089107,0.15855,0.31593,0.026286,-0.2641,0.077853,0.00095443,0.24624,0.072947,0.066923,-0.4031,-0.099914,-0.072421,0.35902,-0.10491,0.053126,-0.0019497,0.064983,0.03255,0,0.00048983,0,-0.070562,-0.071757,-0.011826,0.071436,-0.073189,-0.0035243,-0.06493,-0.58508,-0.039026,0.058987,-0.59688,0.0041991,-0.055244,-0.94902,0.041295,0.037345,-0.94726,0.087582
-0.0079322,0.57514,-0.027887,-0.0088296,0.41895,0.026845,-0.16561,0.33218,0.0037865,0.16066,0.33843,0.031739,-0.26623,0.087371,0.0030989,0.24753,0.093951,0.076484,-0.40631,-0.04905,-0.050171,0.36912,-0.067878,0.065868,-0.0043004,0.088251,0.032547,0,0.026709,0,-0.067645,-0.046887,-0.012466,0.071809,-0.047381,-0.0013973,-0.056039,-0.55429,-0.043727,0.036664,-0.57774,0.0024507,-0.039044,-0.93121,0.04857,0.036977,-0.9466,0.087685
-0.0081361,0.59655,-0.025027,-0.012998,0.44167,0.025012,-0.16661,0.35505,0.0055294,0.15826,0.36326,0.032432,-0.27372,0.13347,0.014913,0.25281,0.12037,0.079327,-0.41245,-0.012319,-0.048216,0.38188,-0.032262,0.06615,-0.004797,0.11523,0.032962,0,0.053244,0,-0.067834,-0.020853,-0.012787,0.073092,-0.017391,-0.00075364,-0.039364,-0.48659,-0.06767,0.023876,-0.50178,-0.034101,-0.025097,-0.86458,0.067956,0.025651,-0.87541,0.10011
-0.0099294,0.61324,-0.029935,-0.010886,0.45458,0.022845,-0.16844,0.36855,0.0063619,0.15836,0.37334,0.031018,-0.2748,0.14072,0.013775,0.25187,0.13346,0.076659,-0.42098,0.010281,-0.03785,0.38443,-0.017128,0.063945,-0.0042549,0.12526,0.032997,0,0.062916,0,-0.068241,-0.011016,-0.012522,0.072753,-0.010252,-0.00060786,-0.077009,-0.41544,-0.070645,0.025019,-0.50262,-0.034843,-0.034579,-0.80403,0.042362,0.023692,-0.86965,0.099764
-0.011614,0.6179,-0.032386,-0.012989,0.46012,0.021133,-0.16943,0.37162,0.0054799,0.15669,0.38422,0.031499,-0.27722,0.15272,0.014464,0.2492,0.1418,0.076678,-0.42234,0.020019,-0.033477,0.38267,-0.0066106,0.053291,-0.0045202,0.12764,0.03294,0,0.064698,0,-0.067574,-0.0095423,-0.012413,0.072446,-0.0079286,-0.00032181,-0.03344,-0.50844,-0.053752,0.03247,-0.52137,-0.01976,-0.038901,-0.8738,0.052204,0.018764,-0.88253,0.083071
-0.010163,0.62712,-0.038998,-0.019521,0.43106,0.014603,-0.16988,0.3724,0.0041276,0.15665,0.38456,0.031669,-0.27775,0.15301,0.014352,0.24734,0.14493,0.075286,-0.43192,0.021413,-0.039941,0.37995,-0.0069959,0.02734,-0.0048843,0.12698,0.032263,0,0.064664,0,-0.067159,-0.0096505,-0.012248,0.072365,-0.0080854,-0.00015861,-0.078644,-0.4459,-0.043318,0.029838,-0.55722,-0.00068396,-0.049489,-0.8479,0.028114,0.011464,-0.92503,0.061566
-0.011769,0.60624,-0.042968,-0.020485,0.4359,0.013654,-0.1709,0.36772,0.00161,0.1565,0.38255,0.031336,-0.27862,0.1462,0.011096,0.2404,0.13938,0.063841,-0.43749,0.014886,-0.063587,0.3633,-0.018138,-0.001356,-0.0054046,0.12347,0.031123,0,0.06026,0,-0.066333,-0.014734,-0.011099,0.072614,-0.012763,0.00011277,-0.052866,-0.56537,-0.035913,0.029632,-0.56199,-0.0043256,-0.061765,-0.93405,0.027672,0.017858,-0.93201,0.059605
-0.012386,0.59775,-0.045881,-0.022787,0.43023,0.0092546,-0.17267,0.33815,-0.0046548,0.15579,0.36026,0.029918,-0.27778,0.1138,-0.001268,0.23179,0.10264,0.03935,-0.43912,-0.019917,-0.089538,0.34275,-0.054569,-0.026983,-0.0068278,0.10434,0.028744,0,0.041162,0,-0.065678,-0.033758,-0.0097744,0.074482,-0.032771,0.0020198,-0.056342,-0.56903,-0.048883,0.033309,-0.58223,-0.012327,-0.05672,-0.94516,0.034285,0.023988,-0.93783,0.05108
-0.0049405,0.55234,-0.054312,-0.013959,0.38456,0.0095846,-0.16311,0.30852,-0.0088676,0.16297,0.30963,0.021068,-0.26494,0.071209,-0.016664,0.23666,0.070893,0.026552,-0.41557,-0.060479,-0.11889,0.32021,-0.096561,-0.055864,-0.0050479,0.063954,0.027994,0,0.0018267,0,-0.069127,-0.070224,-0.010255,0.074802,-0.0718,0.0021051,-0.048993,-0.56513,-0.063444,0.04827,-0.58508,-0.029772,-0.049169,-0.94613,0.031605,0.034585,-0.93496,0.036779
-0.0043195,0.51454,-0.045598,-0.010063,0.34026,0.01016,-0.16316,0.25102,-0.014293,0.16064,0.26183,0.014602,-0.26615,0.022007,-0.025314,0.23244,0.017978,0.014484,-0.40999,-0.11783,-0.13086,0.34222,-0.15223,-0.070127,-0.0041212,0.01598,0.027408,0,-0.046747,0,-0.071885,-0.12079,-0.010663,0.075666,-0.11876,0.002348,-0.051362,-0.57523,-0.072125,0.065648,-0.58315,-0.043102,-0.055919,-0.95102,0.054072,0.038601,-0.94005,0.088544
-0.0029023,0.46307,-0.032967,-0.0095503,0.30033,0.016089,-0.165,0.20968,-0.014313,0.15902,0.20546,0.012372,-0.27374,-0.020823,-0.024276,0.23304,-0.033404,0.016663,-0.39528,-0.14935,-0.12951,0.33116,-0.19435,-0.062126,-0.0039465,-0.019526,0.028291,0,-0.081177,0,-0.072186,-0.15446,-0.011144,0.075906,-0.15373,0.00059594,-0.053823,-0.58531,-0.075375,0.063596,-0.58488,-0.04108,-0.059584,-0.95789,0.066032,0.0072136,-0.96467,0.090874
-0.0010633,0.45154,-0.025741,-0.010329,0.2821,0.01574,-0.1653,0.19635,-0.0077418,0.15751,0.19422,0.011552,-0.27122,-0.025243,-0.020973,0.23412,-0.047887,0.020122,-0.38559,-0.16027,-0.12611,0.34712,-0.23277,-0.043443,-0.0034196,-0.035584,0.028222,0,-0.096609,0,-0.072144,-0.16998,-0.0085843,0.07608,-0.16773,-0.001863,-0.049546,-0.58805,-0.076965,0.064783,-0.58699,-0.038668,-0.057775,-0.95368,0.06588,0.0015158,-0.96564,0.093516
-0.0014241,0.45265,-0.026378,-0.0087112,0.28355,0.015166,-0.16513,0.19645,-0.0075832,0.15748,0.19418,0.01157,-0.27097,-0.026135,-0.021044,0.23576,-0.050416,0.022184,-0.38445,-0.1636,-0.12372,0.34641,-0.23054,-0.035095,-0.003333,-0.035527,0.02809,0,-0.096685,0,-0.072192,-0.16997,-0.0084991,0.075992,-0.16798,-0.0020253,-0.04955,-0.58806,-0.076861,0.064438,-0.58798,-0.038384,-0.057735,-0.95256,0.066583,-0.00021371,-0.96678,0.092973
-0.0043144,0.4867,-0.030394,-0.0059494,0.32383,0.016086,-0.16608,0.21454,-0.0052654,0.15642,0.217,0.012599,-0.26008,0.0086495,-0.016099,0.23483,-0.026597,0.029001,-0.38397,-0.16003,-0.10982,0.34412,-0.19335,0.0005116,-0.0027665,-0.018935,0.02802,0,-0.083874,0,-0.072724,-0.15744,-0.008709,0.075625,-0.15513,-0.002062,-0.050483,-0.58442,-0.065247,0.057981,-0.5923,-0.028022,-0.060065,-0.95385,0.094571,-0.00051141,-0.96706,0.095754
-0.0050651,0.54712,-0.024245,0.0054257,0.37823,0.025682,-0.15936,0.27579,-0.00033923,0.15453,0.27907,0.017096,-0.26705,0.040149,-0.010876,0.23271,0.035866,0.041716,-0.39201,-0.12696,-0.080002,0.34393,-0.14964,0.0058063,-0.00066975,0.03474,0.030701,0,-0.03081,0,-0.072499,-0.10143,-0.011305,0.07063,-0.10115,-0.0016237,-0.055723,-0.5801,-0.038247,0.040761,-0.60153,0.0054304,-0.055785,-0.95248,0.074912,0.037311,-0.93035,0.10541
-0.0030777,0.57151,-0.023036,0.00025186,0.40184,0.025279,-0.15885,0.32215,0.00073439,0.15886,0.31634,0.018806,-0.26875,0.07992,0.00035115,0.24054,0.072671,0.045258,-0.40232,-0.087962,-0.050804,0.35335,-0.092949,0.024629,-0.0017909,0.06615,0.031429,0,0.0026022,0,-0.069584,-0.069529,-0.010018,0.070029,-0.069083,-0.0025259,-0.050199,-0.57479,-0.028714,0.035873,-0.59468,0.014981,-0.047588,-0.94384,0.076037,0.041216,-0.92486,0.11278
-0.0025945,0.59225,-0.026355,0.00011149,0.42444,0.022465,-0.16222,0.34385,-0.00083157,0.16058,0.34281,0.019722,-0.27452,0.10414,0.012889,0.24398,0.090223,0.0472,-0.4126,-0.038668,-0.023363,0.3757,-0.060697,0.030667,-0.0019064,0.097655,0.031326,0,0.035486,0,-0.070957,-0.038929,-0.0092628,0.070817,-0.036967,-0.0030466,-0.035783,-0.5259,-0.044392,0.021653,-0.56019,-0.0017035,-0.031604,-0.8945,0.049594,0.034135,-0.90383,0.12647
-0.0017324,0.60479,-0.033926,-0.0053808,0.45211,0.019527,-0.16103,0.35374,-0.0016476,0.16287,0.3575,0.017798,-0.27509,0.12779,0.015849,0.25824,0.12367,0.045402,-0.41975,-0.0092986,-0.014584,0.38725,-0.029041,0.023466,-0.0024869,0.11285,0.031162,0,0.048336,0,-0.070295,-0.024443,-0.0091785,0.071235,-0.02507,-0.0025433,-0.040013,-0.47937,-0.066555,0.030223,-0.50957,-0.034781,-0.031954,-0.85125,0.092697,0.0013228,-0.86497,0.11657
-0.00040405,0.6173,-0.042984,-0.0062195,0.45607,0.019125,-0.1602,0.36928,-0.0035747,0.16144,0.37189,0.021525,-0.27061,0.14928,0.022793,0.25884,0.13481,0.047773,-0.4203,0.017461,-0.0061116,0.39286,-0.019603,0.02021,-0.0032913,0.11997,0.031007,0,0.055848,0,-0.068782,-0.016556,-0.010568,0.070576,-0.016071,-0.0008224,-0.043076,-0.48305,-0.061723,0.038728,-0.51242,-0.027042,-0.036169,-0.86282,0.080623,0.010542,-0.86313,0.11259
-0.00071972,0.61726,-0.046099,-0.0086396,0.45998,0.010472,-0.16058,0.37195,-0.006119,0.15949,0.37968,0.017169,-0.27039,0.15184,0.023091,0.25609,0.13709,0.044735,-0.42392,0.026667,-0.01777,0.39991,-0.011317,-0.0031099,-0.0032426,0.12222,0.029643,0,0.057168,0,-0.06728,-0.014406,-0.010027,0.070196,-0.014849,-0.00011277,-0.054774,-0.50842,-0.042154,0.041213,-0.53013,-0.016008,-0.051855,-0.89918,0.037487,0.052755,-0.85439,0.087533
-0.0023097,0.61462,-0.053167,-0.013514,0.45677,-0.00082882,-0.16108,0.37042,-0.0077106,0.16058,0.37679,0.0088236,-0.27043,0.14965,0.022672,0.25451,0.13924,0.039959,-0.43031,0.029368,-0.054478,0.38066,-0.010679,-0.045107,-0.0028581,0.12209,0.027047,0,0.056343,0,-0.066415,-0.015728,-0.0086714,0.070203,-0.016296,0.00022371,-0.057143,-0.56662,-0.0084807,0.038031,-0.56611,0.0077684,-0.050881,-0.909,0.030265,0.046828,-0.91045,0.030621
-0.0037345,0.60397,-0.062584,-0.011172,0.43694,-0.010781,-0.16049,0.35606,-0.011637,0.16331,0.36077,0.00059411,-0.26378,0.12786,0.007662,0.25204,0.12602,0.028942,-0.40607,0.0051532,-0.095355,0.36358,-0.022785,-0.057147,-0.0025011,0.11308,0.022273,0,0.048273,0,-0.068532,-0.023802,-0.0057467,0.072626,-0.025802,0.00093334,-0.056917,-0.57481,-0.0088044,0.034828,-0.57556,0.0017172,-0.049269,-0.95191,0.011811,0.034431,-0.94569,0.023459
-0.0041983,0.5751,-0.07778,-0.01245,0.41229,-0.018933,-0.15819,0.33134,-0.022504,0.16467,0.33319,-0.014977,-0.25308,0.090102,-0.023572,0.249,0.1006,-0.0070881,-0.3801,-0.033686,-0.12838,0.33044,-0.069109,-0.087241,-0.0025755,0.082151,0.017074,0,0.015386,0,-0.065281,-0.059244,-0.00016686,0.070216,-0.055823,0.002613,-0.054045,-0.59138,-0.019637,0.031933,-0.6056,-0.021091,-0.041434,-0.95697,0.018662,0.036429,-0.95153,0.01445
-0.0066836,0.5288,-0.095925,-0.0027346,0.3196,-0.030791,-0.15329,0.27546,-0.032943,0.16182,0.28424,-0.035127,-0.24883,0.045551,-0.046106,0.24413,0.053057,-0.039094,-0.36337,-0.073708,-0.17317,0.34228,-0.12137,-0.17323,-0.00034565,0.027254,0.012744,0,-0.032527,0,-0.064698,-0.10234,0.0019996,0.06574,-0.10339,0.0054533,-0.054523,-0.58266,-0.055223,0.028511,-0.60894,-0.04553,-0.038871,-0.96238,0.019808,0.03399,-0.9527,0.0066828
-0.016188,0.47917,-0.077824,-0.0074518,0.31779,-0.02771,-0.16,0.22204,-0.03343,0.16167,0.22665,-0.039907,-0.24303,-0.00036847,-0.052791,0.2363,-0.010931,-0.052593,-0.34409,-0.11894,-0.19335,0.33147,-0.1507,-0.17174,-0.0019068,-0.0013069,0.011369,0,-0.070453,0,-0.065568,-0.14187,0.0011818,0.07098,-0.14765,0.0052489,-0.056161,-0.58351,-0.05453,0.013645,-0.61151,-0.067637,-0.036884,-0.96386,0.022713,0.028226,-0.95195,-0.0046997
-0.019043,0.4239,-0.072636,-0.012681,0.2653,-0.021681,-0.16261,0.17614,-0.027234,0.15409,0.17488,-0.044597,-0.24437,-0.042887,-0.061102,0.22526,-0.056212,-0.06486,-0.34118,-0.14416,-0.21605,0.31059,-0.19682,-0.19097,-0.0012111,-0.052603,0.010401,0,-0.11673,0,-0.066369,-0.18814,0.007728,0.070805,-0.18414,-0.0033318,-0.063636,-0.61022,-0.075648,0.0057575,-0.61376,-0.0914,-0.034718,-0.97472,0.017901,0.026012,-0.95778,-0.018615
-0.031964,0.423,-0.064049,-0.022812,0.25499,-0.013397,-0.17575,0.14124,-0.014521,0.13734,0.16056,-0.036166,-0.25293,-0.060949,-0.051476,0.21181,-0.063987,-0.0566,-0.34836,-0.15963,-0.20913,0.28704,-0.21739,-0.18848,-0.0033014,-0.072566,0.010606,0,-0.13875,0,-0.061451,-0.2149,0.0048547,0.071053,-0.20539,-0.0053827,-0.068776,-0.60448,-0.12562,-0.0025407,-0.60928,-0.098652,-0.044256,-0.9758,0.0226,0.015451,-0.95683,-0.030461
-0.024517,0.40635,-0.062844,-0.0137,0.2436,-0.012732,-0.16767,0.13971,-0.013458,0.14454,0.15192,-0.035085,-0.24889,-0.083246,-0.042252,0.22077,-0.077779,-0.050881,-0.3399,-0.16633,-0.21196,0.29035,-0.22286,-0.18196,-0.001263,-0.080063,0.0090794,0,-0.1457,0,-0.073762,-0.22111,0.0051875,0.073655,-0.21368,-0.005622,-0.062937,-0.61028,-0.1263,0.010379,-0.61067,-0.10035,-0.033851,-0.97848,0.023285,0.025066,-0.95669,-0.032409
