0.012355,0.71603,0.027801,0.019736,0.50417,0.018435,-0.16802,0.38979,0.040359,0.20387,0.38484,0.020747,-0.37958,0.20645,0.088271,0.36182,0.12914,0.061384,-0.61231,0.14732,0.031661,0.56884,0.034562,-0.040247,0.005291,0.12274,0.03924,0,0.050806,0,-0.083519,-0.030906,-0.007538,0.076241,-0.033348,-0.004405,-0.10604,-0.58481,-0.027417,0.052327,-0.5764,-0.060386,-0.068011,-0.9863,0.08178,0.025137,-0.98697,0.079594
0.010459,0.6784,0.031544,0.014745,0.48066,0.01898,-0.17639,0.36869,0.0447,0.19805,0.36941,0.019456,-0.3915,0.18431,0.076338,0.33963,0.11505,0.04696,-0.638,0.12919,-0.002027,0.56929,0.016853,-0.056123,0.0049402,0.10184,0.038548,0,0.029167,0,-0.083381,-0.054156,-0.007448,0.078553,-0.05733,-0.00452,-0.11431,-0.58802,-0.034846,0.053662,-0.56877,-0.070418,-0.075802,-0.98803,0.081764,0.019717,-0.98704,0.076648
0.0087129,0.67805,0.033477,0.014578,0.47953,0.02188,-0.17614,0.36745,0.047039,0.19718,0.36822,0.022623,-0.39412,0.1835,0.075529,0.33951,0.11428,0.048344,-0.63781,0.121,-0.004548,0.56641,0.0076452,-0.051463,0.0048127,0.099092,0.038998,0,0.026216,0,-0.083924,-0.056586,-0.00789,0.078878,-0.059353,-0.005164,-0.11611,-0.58796,-0.032116,0.056308,-0.5667,-0.06695,-0.079516,-0.98474,0.08417,0.019133,-0.98692,0.078507
0.010129,0.70398,0.043369,0.012345,0.49848,0.027849,-0.17777,0.38714,0.051891,0.19637,0.37645,0.027314,-0.39842,0.18974,0.076013,0.32932,0.13427,0.051182,-0.63739,0.10821,0.001872,0.55001,-0.00028556,-0.024916,0.0043786,0.11304,0.040198,0,0.040502,0,-0.085302,-0.042129,-0.010534,0.081195,-0.044861,-0.005004,-0.11777,-0.58698,-0.001148,0.059614,-0.56205,-0.036904,-0.08182,-0.98449,0.08719,0.015351,-0.98698,0.081949
0.0059343,0.75905,0.056657,0.010651,0.56535,0.045997,-0.17469,0.44059,0.055172,0.20002,0.44473,0.035268,-0.3799,0.23652,0.087678,0.35586,0.1833,0.066498,-0.58552,0.089475,0.051423,0.52518,0.0080179,0.043288,0.0039329,0.16862,0.044363,0,0.095394,0,-0.083486,0.012874,-0.010444,0.079696,0.010686,-0.010923,-0.11481,-0.57946,0.018902,0.050797,-0.55742,0.01571,-0.083832,-0.97028,0.091755,0.014488,-0.98081,0.082314
0.0058475,0.82351,0.060044,0.020116,0.61431,0.044371,-0.16815,0.49376,0.052207,0.20073,0.48496,0.034063,-0.36253,0.25915,0.094623,0.33675,0.21766,0.074949,-0.54143,0.093914,0.093706,0.49239,0.032902,0.094349,0.0050779,0.20892,0.045361,0,0.13413,0,-0.081822,0.051329,-0.012237,0.074979,0.054513,-0.008059,-0.11231,-0.57297,0.025144,0.049641,-0.55662,0.017093,-0.080087,-0.94762,0.085825,0.016486,-0.96766,0.08105
-0.0005021,0.85345,0.054746,0.0194,0.637,0.041787,-0.16899,0.50633,0.049032,0.19648,0.50676,0.033086,-0.3518,0.27006,0.10179,0.3318,0.23662,0.08418,-0.51576,0.09153,0.11468,0.4659,0.043091,0.13371,0.0050138,0.23266,0.046024,0,0.15768,0,-0.08228,0.079752,-0.011094,0.075591,0.073301,-0.007982,-0.10866,-0.51334,0.006749,0.040232,-0.53799,0.011072,-0.05979,-0.93097,0.087029,0.017345,-0.95855,0.084041
0.0001417,0.87211,0.048453,0.017534,0.65196,0.033061,-0.16874,0.53317,0.049885,0.19614,0.52253,0.032371,-0.33145,0.28711,0.10952,0.31692,0.25017,0.10795,-0.48332,0.1023,0.14304,0.4564,0.055699,0.14088,0.0047303,0.25844,0.04471,0,0.18564,0,-0.080033,0.10832,-0.00971,0.074204,0.099822,-0.006188,-0.1058,-0.41709,-0.041512,0.0451,-0.45815,-0.036499,-0.032933,-0.85146,0.080438,0.024002,-0.87249,0.077265
0.0015138,0.87809,0.047075,0.017742,0.65632,0.032313,-0.16852,0.53803,0.050503,0.19799,0.53013,0.032777,-0.31625,0.29695,0.12193,0.31564,0.25463,0.1168,-0.47356,0.11424,0.14467,0.45711,0.063078,0.15546,0.0048414,0.26577,0.045116,0,0.19312,0,-0.080329,0.11509,-0.010362,0.074442,0.10631,-0.005831,-0.10011,-0.40766,-0.049906,0.038499,-0.45423,-0.043077,-0.037217,-0.82429,0.11955,0.036338,-0.85955,0.1025
0.0014195,0.87976,0.044421,0.018687,0.65867,0.032061,-0.16751,0.53958,0.050637,0.19935,0.53321,0.035376,-0.31235,0.2987,0.12863,0.31211,0.25997,0.12502,-0.47453,0.12345,0.16426,0.46151,0.072474,0.15579,0.0047444,0.26778,0.045442,0,0.19499,0,-0.080337,0.11711,-0.010963,0.074119,0.10849,-0.005153,-0.081509,-0.44362,-0.03813,0.036358,-0.46337,-0.039104,-0.031264,-0.80569,0.1214,0.035069,-0.87508,0.098888
0.0008245,0.87864,0.045704,0.017738,0.65776,0.033817,-0.16659,0.5385,0.053495,0.19892,0.53118,0.037885,-0.31381,0.29304,0.13481,0.31105,0.25924,0.12841,-0.48962,0.1297,0.16437,0.49392,0.09989,0.13987,0.0046057,0.26372,0.046407,0,0.19006,0,-0.08031,0.11148,-0.011881,0.073962,0.10525,-0.004878,-0.071026,-0.51608,-0.002688,0.041871,-0.52788,-0.002973,-0.048251,-0.91568,0.10119,0.04754,-0.92547,0.10114
0.0005373,0.8531,0.047501,0.016618,0.63571,0.037495,-0.16923,0.51208,0.055477,0.19687,0.51235,0.039318,-0.32646,0.27404,0.13641,0.31911,0.23586,0.13179,-0.52703,0.13555,0.13132,0.51998,0.097531,0.11564,0.0047289,0.24198,0.047689,0,0.16924,0,-0.079263,0.087199,-0.012537,0.073694,0.08633,-0.005564,-0.082828,-0.55842,0.012993,0.040643,-0.54032,-0.002317,-0.064239,-0.94535,0.097413,0.036621,-0.95556,0.094972
0.0046785,0.80979,0.051591,0.014861,0.59581,0.042943,-0.17129,0.47492,0.057047,0.20011,0.46329,0.048397,-0.34917,0.24015,0.12376,0.3313,0.20218,0.1088,-0.569,0.1349,0.10045,0.54468,0.095907,0.043106,0.0033564,0.20538,0.049246,0,0.13387,0,-0.079981,0.054859,-0.011384,0.074997,0.04654,-0.008949,-0.091757,-0.56133,0.009511,0.041498,-0.5475,-0.007453,-0.058521,-0.99069,0.07697,0.036841,-0.97667,0.084166
0.0007115,0.74843,0.041569,0.016304,0.54106,0.041138,-0.17558,0.41449,0.05433,0.19885,0.41098,0.044304,-0.36448,0.20294,0.10107,0.34097,0.16672,0.081172,-0.60167,0.12088,0.0512,0.55507,0.077455,-0.00829,0.0038888,0.15162,0.049673,0,0.080346,0,-0.082891,-0.00021556,-0.015001,0.076962,-0.0066424,-0.005069,-0.093269,-0.56661,-0.020267,0.040259,-0.57514,-0.035701,-0.054282,-0.99044,0.078233,0.036706,-0.98604,0.083281
-0.0090297,0.69248,0.036692,0.0083485,0.48844,0.042289,-0.17908,0.37627,0.049298,0.1919,0.38364,0.039401,-0.38694,0.16697,0.078226,0.35896,0.12615,0.064901,-0.63451,0.10061,0.003268,0.57469,0.055172,-0.038109,0.0028756,0.1075,0.050474,0,0.038645,0,-0.081567,-0.043061,-0.01753,0.078332,-0.045287,-0.003101,-0.0944,-0.58468,-0.049605,0.03824,-0.5778,-0.056037,-0.061284,-0.99049,0.072302,0.027181,-0.99137,0.077335
-0.011705,0.68064,0.040856,0.0085639,0.48124,0.043508,-0.17857,0.36635,0.054692,0.18935,0.37101,0.041287,-0.38978,0.15805,0.076429,0.32976,0.11661,0.054838,-0.63533,0.087573,-0.004341,0.56986,0.02731,-0.0453,0.0032855,0.095682,0.051227,0,0.025563,0,-0.08126,-0.055554,-0.016975,0.078131,-0.056729,-0.003705,-0.098839,-0.5847,-0.052727,0.050446,-0.57097,-0.063351,-0.059977,-0.99088,0.073363,0.026226,-0.99186,0.078236
-0.0088257,0.7107,0.056266,0.0093909,0.52098,0.067855,-0.17824,0.38947,0.062513,0.19145,0.39341,0.046139,-0.38341,0.17344,0.083123,0.35803,0.14244,0.082344,-0.59851,0.056268,0.024965,0.55167,0.0069603,0.007958,0.0037383,0.12136,0.054573,0,0.05261,0,-0.08285,-0.028421,-0.017998,0.079497,-0.029377,-0.009846,-0.10961,-0.57036,-0.000518,0.055604,-0.56233,-0.0057,-0.062615,-0.98569,0.080977,0.026963,-0.99204,0.081872
-0.0025806,0.77394,0.071139,0.0024957,0.57896,0.06416,-0.18045,0.45027,0.068361,0.1919,0.45372,0.051517,-0.35665,0.22388,0.096379,0.34611,0.17748,0.093062,-0.55055,0.076496,0.068922,0.52419,0.012758,0.053482,0.002633,0.18032,0.055219,0,0.11009,0,-0.080464,0.027253,-0.020092,0.079581,0.02707,-0.007574,-0.10953,-0.56156,0.011614,0.056898,-0.5561,0.023919,-0.066673,-0.97595,0.082906,0.027609,-0.98245,0.083873
-0.012417,0.82876,0.065742,0.0064708,0.57756,0.061445,-0.1705,0.50159,0.061691,0.19405,0.4933,0.053687,-0.34666,0.24683,0.099448,0.3303,0.23064,0.10332,-0.52885,0.0836,0.085228,0.49085,0.048028,0.10865,0.0028794,0.20101,0.054808,0,0.14264,0,-0.078602,0.065294,-0.015565,0.073997,0.062858,-0.012959,-0.10529,-0.53517,0.010182,0.03437,-0.56965,0.037538,-0.048752,-0.93865,0.066846,0.027029,-0.96586,0.07231
-0.0063705,0.86637,0.072833,0.014121,0.65368,0.057988,-0.16993,0.51329,0.061534,0.19583,0.52293,0.044839,-0.33072,0.27864,0.11461,0.32957,0.24252,0.10492,-0.4986,0.096299,0.11016,0.47423,0.049388,0.12658,0.0034779,0.25222,0.055927,0,0.17227,0,-0.078617,0.090843,-0.013132,0.074257,0.086796,-0.01315,-0.096849,-0.47825,-0.010208,0.034778,-0.53936,0.025838,-0.030258,-0.90456,0.078981,0.022558,-0.93101,0.073048
-0.0075333,0.88057,0.06616,0.012752,0.6588,0.056426,-0.16913,0.54328,0.063746,0.19537,0.53374,0.043211,-0.32344,0.2883,0.11683,0.31193,0.26772,0.1186,-0.48431,0.10514,0.11802,0.45308,0.070122,0.12768,0.0041743,0.25913,0.0547,0,0.18766,0,-0.079372,0.11145,-0.013708,0.075492,0.10369,-0.010909,-0.082673,-0.4376,-0.035053,0.044127,-0.47659,-0.008182,-0.0329,-0.85304,0.08713,0.022765,-0.87084,0.066341
-0.0088406,0.88259,0.064323,0.0095833,0.66522,0.055841,-0.16969,0.54553,0.062687,0.19258,0.54563,0.046962,-0.31398,0.2993,0.12705,0.30873,0.27063,0.12042,-0.47788,0.11933,0.12895,0.45168,0.075769,0.13957,0.0033249,0.26876,0.055055,0,0.19844,0,-0.078539,0.12172,-0.013629,0.075741,0.11567,-0.01056,-0.082182,-0.43677,-0.035835,0.037008,-0.46882,-0.013258,-0.043114,-0.84707,0.09897,0.020209,-0.85083,0.09102
-0.010885,0.88617,0.061626,0.0084776,0.66646,0.055024,-0.17181,0.54733,0.064909,0.19212,0.5493,0.049244,-0.31559,0.29681,0.13106,0.30668,0.27143,0.12286,-0.48469,0.12179,0.13371,0.45787,0.082361,0.13883,0.0032114,0.27221,0.055198,0,0.20237,0,-0.079085,0.12352,-0.013774,0.076401,0.1198,-0.010519,-0.067824,-0.44448,-0.027051,0.029747,-0.46943,-0.013363,-0.045355,-0.84962,0.097762,0.018402,-0.85359,0.092024
-0.011987,0.885,0.060493,0.0080025,0.66381,0.055128,-0.17517,0.5432,0.071789,0.19133,0.54773,0.049272,-0.31896,0.28712,0.13863,0.30807,0.26511,0.12703,-0.50261,0.12667,0.1308,0.48439,0.096585,0.11744,0.0041821,0.26936,0.055446,0,0.19948,0,-0.079546,0.11831,-0.013932,0.076885,0.11742,-0.010313,-0.068276,-0.51912,0.007709,0.020974,-0.52678,0.006309,-0.043154,-0.92778,0.071378,0.014617,-0.93686,0.073521
-0.010372,0.86824,0.054416,0.012923,0.64089,0.060063,-0.17466,0.52046,0.070068,0.19219,0.52202,0.049581,-0.32479,0.27584,0.12992,0.31803,0.24719,0.12244,-0.52828,0.14297,0.094708,0.51335,0.088484,0.086564,0.0047137,0.25154,0.056373,0,0.1832,0,-0.07975,0.10113,-0.01513,0.075554,0.10233,-0.010498,-0.078464,-0.54695,0.012351,0.023754,-0.53231,5.3e-05,-0.095344,-0.94959,0.074744,0.017225,-0.93984,0.070352
-0.0079865,0.81076,0.038829,0.0076365,0.60311,0.052714,-0.17507,0.48225,0.062772,0.19286,0.4726,0.052198,-0.33989,0.23566,0.10385,0.32665,0.21135,0.1121,-0.5591,0.13023,0.071275,0.52307,0.066828,0.034945,0.0024403,0.20887,0.055655,0,0.13867,0,-0.079035,0.057597,-0.014816,0.07652,0.054707,-0.008629,-0.086584,-0.56052,-0.005063,0.042787,-0.53565,-0.020395,-0.091387,-0.97471,0.066058,0.015004,-0.96529,0.065619
-0.0089386,0.75508,0.037272,0.0057564,0.53148,0.054909,-0.17807,0.42346,0.065046,0.19413,0.41886,0.046085,-0.35678,0.20072,0.092003,0.3342,0.15775,0.093976,-0.57442,0.10004,0.033121,0.52764,0.026922,-0.0024,0.0033749,0.15744,0.056354,0,0.095169,0,-0.082025,0.010718,-0.017502,0.079642,0.013022,-0.008296,-0.09633,-0.55265,-0.042016,0.049591,-0.54003,-0.030398,-0.080615,-0.96655,0.070934,0.024291,-0.96202,0.071993
-0.016056,0.69903,0.021944,0.0075685,0.49847,0.047994,-0.18497,0.37489,0.058559,0.1903,0.37764,0.032974,-0.38434,0.15402,0.069821,0.34261,0.10932,0.069694,-0.61263,0.059869,-0.006776,0.52862,-0.028648,-0.028118,0.0048683,0.1083,0.05539,0,0.039932,0,-0.083317,-0.043437,-0.012708,0.080198,-0.043878,-0.010639,-0.10781,-0.5768,-0.068093,0.053174,-0.54948,-0.048788,-0.0829,-0.96685,0.060145,0.020646,-0.96583,0.068692
-0.015145,0.67383,0.028036,0.0123,0.46069,0.050072,-0.18531,0.35468,0.059965,0.18689,0.34733,0.038291,-0.38813,0.14154,0.069106,0.2953,0.073255,0.054135,-0.61677,0.040992,-0.014684,0.51043,-0.068554,-0.015563,0.0046623,0.085658,0.055684,0,0.018539,0,-0.083528,-0.063528,-0.012212,0.079377,-0.064099,-0.011439,-0.10858,-0.58051,-0.073416,0.053197,-0.55302,-0.050793,-0.084596,-0.97036,0.063586,0.015047,-0.97139,0.073557
-0.014625,0.67303,0.029874,0.011759,0.46059,0.051304,-0.18594,0.34956,0.062052,0.18655,0.34639,0.039989,-0.38635,0.13259,0.071508,0.32662,0.063737,0.076407,-0.60705,0.01437,0.009417,0.50488,-0.087409,-0.007602,0.0047211,0.083839,0.05606,0,0.016532,0,-0.083639,-0.065833,-0.012839,0.079693,-0.066172,-0.011459,-0.10893,-0.58356,-0.072695,0.05299,-0.55743,-0.051899,-0.081137,-0.97284,0.064712,0.011781,-0.97545,0.076014
-0.013533,0.67605,0.034752,0.010302,0.48216,0.059321,-0.18675,0.36632,0.07237,0.18702,0.36482,0.049841,-0.38218,0.136,0.079198,0.32369,0.083392,0.089412,-0.58509,0.0013006,0.050886,0.48482,-0.098439,0.053121,0.0047165,0.0974,0.057219,0,0.030826,0,-0.08509,-0.050173,-0.016642,0.081102,-0.053455,-0.010628,-0.10719,-0.57592,-0.037488,0.056628,-0.55618,-0.035076,-0.081944,-0.97226,0.068481,0.013334,-0.97334,0.082699
-0.010159,0.74286,0.052718,0.0030582,0.54135,0.072179,-0.18747,0.42046,0.079082,0.18893,0.43084,0.066191,-0.35888,0.18463,0.10968,0.30539,0.13987,0.11048,-0.54421,0.026409,0.083682,0.45798,-0.049609,0.11467,0.002494,0.15588,0.059368,0,0.09032,0,-0.083254,0.007017,-0.021145,0.082123,0.0068155,-0.010748,-0.10662,-0.56547,0.019694,0.059984,-0.5446,0.028062,-0.080823,-0.96857,0.075873,0.017816,-0.97082,0.094483
-0.0058309,0.79633,0.054377,0.011312,0.59808,0.070934,-0.18042,0.46981,0.081234,0.19516,0.46494,0.061679,-0.33579,0.22722,0.12724,0.31666,0.18208,0.13525,-0.51055,0.053531,0.13484,0.45047,-0.021176,0.13865,0.0041632,0.20006,0.059391,0,0.1306,0,-0.083137,0.047844,-0.019623,0.078954,0.047756,-0.01086,-0.099065,-0.542,0.01894,0.052206,-0.54697,0.040217,-0.070931,-0.94835,0.070554,0.01684,-0.94764,0.078554
0.0012652,0.84999,0.064325,0.016815,0.62835,0.06921,-0.17622,0.50309,0.076896,0.19582,0.513,0.058495,-0.32623,0.25054,0.14495,0.29898,0.23288,0.13281,-0.48879,0.071963,0.16569,0.42699,0.033832,0.18201,0.0055708,0.23219,0.059029,0,0.16463,0,-0.080189,0.085265,-0.01727,0.074209,0.080842,-0.012025,-0.088823,-0.5115,0.006295,0.036234,-0.54014,0.034385,-0.053372,-0.91991,0.086641,0.0016744,-0.90605,0.099609
-0.0007148,0.86922,0.059764,0.018593,0.65495,0.059492,-0.17513,0.51683,0.076575,0.19693,0.52585,0.057814,-0.30582,0.28427,0.15939,0.29774,0.25572,0.13854,-0.45754,0.096996,0.18322,0.42479,0.063819,0.20548,0.0058174,0.25633,0.057859,0,0.18641,0,-0.081248,0.1064,-0.013029,0.074634,0.10136,-0.013106,-0.10516,-0.42255,-0.04111,0.03742,-0.47114,-0.014968,-0.056432,-0.85964,0.08312,0.0121,-0.8696,0.13036
-0.0051457,0.88743,0.051944,0.016531,0.66404,0.055546,-0.17029,0.54159,0.077672,0.19808,0.53945,0.060166,-0.29661,0.30056,0.16121,0.29543,0.26244,0.13978,-0.44373,0.11015,0.18753,0.42712,0.072974,0.20501,0.0050575,0.26918,0.057173,0,0.19967,0,-0.0813,0.1212,-0.01519,0.075604,0.11528,-0.008787,-0.11561,-0.38848,-0.057348,0.049641,-0.4168,-0.047788,-0.076498,-0.79613,0.13592,0.016255,-0.82759,0.14053
-0.0044118,0.89029,0.048557,0.017177,0.66765,0.05366,-0.16424,0.54511,0.071394,0.19909,0.55069,0.067679,-0.29415,0.30334,0.16338,0.29739,0.26288,0.14866,-0.44453,0.11883,0.20291,0.4374,0.077064,0.20807,0.0034603,0.27324,0.056993,0,0.20347,0,-0.080963,0.12614,-0.016965,0.074408,0.12045,-0.004604,-0.11677,-0.39284,-0.054409,0.051603,-0.41602,-0.049363,-0.080347,-0.80012,0.14002,0.012862,-0.82574,0.14013
-0.003212,0.8901,0.04706,0.018383,0.66846,0.052845,-0.16272,0.54605,0.070837,0.19805,0.55062,0.065491,-0.29313,0.30391,0.16542,0.29883,0.26274,0.15139,-0.45092,0.1251,0.20293,0.45835,0.089102,0.20005,0.0039844,0.27363,0.056846,0,0.20363,0,-0.081114,0.12696,-0.017151,0.074038,0.12057,-0.004148,-0.11912,-0.45361,-0.024129,0.048456,-0.46729,-0.019013,-0.1028,-0.83415,0.14345,0.038521,-0.85765,0.13512
-0.0012873,0.88428,0.047561,0.019179,0.66534,0.052096,-0.16295,0.54524,0.071156,0.20008,0.54627,0.068827,-0.29524,0.29795,0.16512,0.30142,0.2599,0.15241,-0.47309,0.13399,0.18301,0.47625,0.093601,0.17457,0.0036186,0.27252,0.056772,0,0.20269,0,-0.081499,0.12569,-0.017328,0.073913,0.11835,-0.003801,-0.11921,-0.51557,0.012925,0.055066,-0.51746,0.001456,-0.11849,-0.88774,0.12554,0.048072,-0.93109,0.11421
0.0090262,0.84337,0.041483,0.024859,0.6383,0.05207,-0.16858,0.51215,0.074869,0.20181,0.50678,0.064209,-0.32014,0.26196,0.16089,0.31076,0.23676,0.14185,-0.52245,0.12568,0.15259,0.50263,0.083435,0.1143,0.0054011,0.25223,0.056879,0,0.18384,0,-0.082869,0.10336,-0.01861,0.073404,0.096806,-0.003368,-0.12001,-0.5417,0.017827,0.053186,-0.52824,-0.000461,-0.1217,-0.93332,0.11793,0.029918,-0.94612,0.10084
0.01256,0.80566,0.030467,0.018011,0.58395,0.043446,-0.1673,0.46933,0.069378,0.20276,0.47269,0.053452,-0.32868,0.23426,0.13728,0.33576,0.18357,0.10893,-0.54295,0.1176,0.11877,0.53236,0.0408,0.072475,0.0052669,0.20031,0.055617,0,0.1315,0,-0.080243,0.05355,-0.015118,0.073665,0.044196,-0.005886,-0.11595,-0.555,-0.002229,0.055437,-0.54803,-0.013305,-0.11106,-0.94327,0.10574,0.028442,-0.97133,0.10381
0.016521,0.75121,0.031792,0.017579,0.52808,0.036704,-0.17176,0.4153,0.061443,0.20577,0.40748,0.047154,-0.362,0.19143,0.11265,0.33907,0.13935,0.087416,-0.58232,0.087012,0.053372,0.53589,0.00046134,0.034479,0.0047479,0.14864,0.054503,0,0.079807,0,-0.084132,-0.00084979,-0.016455,0.07749,-0.0089199,-0.002726,-0.117,-0.56469,-0.032393,0.049731,-0.55586,-0.040481,-0.106,-0.98077,0.11694,0.024197,-0.97502,0.096384
0.0059131,0.69014,0.015786,0.020726,0.48197,0.030406,-0.17981,0.36196,0.05158,0.19985,0.36672,0.032872,-0.39617,0.14754,0.08846,0.34345,0.10226,0.0745,-0.62425,0.04381,0.03072,0.54712,-0.046828,0.024375,0.0060172,0.10193,0.052751,0,0.031976,0,-0.086677,-0.050248,-0.01422,0.078758,-0.056359,-0.00256,-0.12285,-0.5885,-0.056364,0.043211,-0.56323,-0.06141,-0.10213,-0.98862,0.11751,0.016602,-0.98034,0.09363
0.0057415,0.67532,0.024046,0.013662,0.45721,0.030961,-0.17913,0.35451,0.049775,0.19972,0.34752,0.033635,-0.39626,0.14306,0.084679,0.34404,0.083636,0.073426,-0.61886,0.037072,0.026064,0.5387,-0.060889,0.028592,0.0045217,0.084436,0.052279,0,0.015809,0,-0.084962,-0.066402,-0.013618,0.079187,-0.071229,-0.003335,-0.12288,-0.59023,-0.058422,0.04312,-0.56618,-0.068067,-0.10098,-0.98958,0.11699,0.010215,-0.98517,0.097777
0.005498,0.67515,0.024107,0.014312,0.4582,0.030609,-0.17974,0.35296,0.050018,0.19923,0.34718,0.034005,-0.39471,0.14054,0.0851,0.34108,0.081167,0.076561,-0.60471,0.022729,0.031503,0.52864,-0.073254,0.039662,0.0045435,0.084473,0.051751,0,0.015635,0,-0.085166,-0.066562,-0.013454,0.07934,-0.071467,-0.003646,-0.12513,-0.58076,-0.050862,0.044954,-0.56489,-0.064504,-0.10332,-0.98379,0.10927,0.009686,-0.98547,0.097551
0.0044323,0.69005,0.028581,0.01481,0.49831,0.042882,-0.18242,0.37452,0.05694,0.1937,0.37846,0.038911,-0.37649,0.15714,0.09286,0.32886,0.10562,0.093163,-0.57564,0.017706,0.057715,0.5007,-0.067561,0.074203,0.0049331,0.10715,0.053403,0,0.037298,0,-0.08639,-0.045509,-0.013935,0.080955,-0.046042,-0.007478,-0.12975,-0.56401,-0.017817,0.056344,-0.56895,-0.013003,-0.11055,-0.97593,0.109,0.015548,-0.97573,0.099958
0.013264,0.76258,0.048554,0.010315,0.56042,0.053459,-0.1808,0.43709,0.064954,0.19603,0.44773,0.054363,-0.35283,0.20507,0.11545,0.31775,0.15764,0.11072,-0.54042,0.049006,0.10062,0.47663,-0.02353,0.13522,0.0033214,0.17125,0.05567,0,0.10223,0,-0.084768,0.020018,-0.013201,0.08099,0.01664,-0.011527,-0.13154,-0.55497,0.011418,0.055703,-0.55942,0.032025,-0.11525,-0.95944,0.11037,0.014431,-0.97506,0.10726
0.0021855,0.81225,0.044302,0.010457,0.60836,0.054359,-0.18363,0.48337,0.0636,0.19255,0.48109,0.046656,-0.34376,0.23235,0.12394,0.31071,0.19823,0.12025,-0.51919,0.062715,0.1109,0.46117,0.015031,0.16408,0.0039421,0.20886,0.055992,0,0.13787,0,-0.081981,0.054984,-0.016705,0.078167,0.053814,-0.007562,-0.1245,-0.54228,0.017494,0.045798,-0.54848,0.032312,-0.10317,-0.93261,0.10772,0.0046856,-0.94211,0.097808
0.0079051,0.85283,0.040014,0.016064,0.62961,0.044112,-0.1745,0.51192,0.056653,0.19748,0.5174,0.041915,-0.33085,0.25488,0.12882,0.31007,0.24198,0.12927,-0.50117,0.0809,0.1314,0.45054,0.049753,0.16879,0.0049411,0.24044,0.054271,0,0.17089,0,-0.081454,0.093293,-0.013552,0.075516,0.084501,-0.006346,-0.10988,-0.52256,0.005588,0.041148,-0.52575,0.01663,-0.063642,-0.87442,0.11586,0.0096336,-0.94169,0.095369
-0.0037483,0.87633,0.036307,0.013808,0.66098,0.039136,-0.17778,0.52548,0.052217,0.1944,0.53436,0.041918,-0.31739,0.28679,0.13257,0.30356,0.24768,0.12879,-0.48018,0.10526,0.12862,0.45435,0.063171,0.1674,0.0040403,0.26093,0.05414,0,0.18816,0,-0.082171,0.10642,-0.013083,0.077279,0.10389,-0.005842,-0.11318,-0.42061,-0.039178,0.029439,-0.44645,-0.041259,-0.064435,-0.84924,0.10781,0.019142,-0.88826,0.077019
-0.0003539,0.88653,0.036232,0.014786,0.66956,0.040759,-0.17126,0.54816,0.052993,0.19762,0.54447,0.045713,-0.30977,0.29391,0.13549,0.30206,0.2649,0.1393,-0.4705,0.11063,0.13295,0.46339,0.085339,0.16111,0.0034678,0.27656,0.054562,0,0.20538,0,-0.080806,0.12804,-0.01117,0.075808,0.11972,-0.008244,-0.10922,-0.42009,-0.039209,0.031254,-0.44062,-0.042432,-0.054871,-0.8418,0.1224,0.024383,-0.88238,0.076237
1e-06,0.89199,0.037347,0.015522,0.6724,0.041979,-0.17147,0.5507,0.053588,0.19778,0.54872,0.046365,-0.30733,0.29647,0.13636,0.30348,0.26556,0.13955,-0.47213,0.11717,0.13815,0.47675,0.096586,0.15689,0.0036036,0.28023,0.054848,0,0.20937,0,-0.080842,0.13071,-0.011052,0.075611,0.12394,-0.009036,-0.091667,-0.44574,-0.015792,0.027512,-0.44501,-0.034782,-0.054731,-0.84429,0.1223,0.025991,-0.88845,0.078911
-9.62e-05,0.89175,0.037988,0.015687,0.67231,0.042282,-0.17102,0.55079,0.054046,0.1988,0.54967,0.049497,-0.3073,0.29623,0.13767,0.30346,0.2671,0.13801,-0.47765,0.12198,0.13714,0.48914,0.10941,0.13878,0.003284,0.27983,0.055019,0,0.20889,0,-0.081008,0.12887,-0.013506,0.07549,0.12358,-0.008243,-0.081626,-0.51115,0.027184,0.039689,-0.50828,0.006388,-0.080026,-0.91137,0.10695,0.026601,-0.91433,0.097837
-0.0015435,0.88051,0.037663,0.016128,0.65763,0.041964,-0.17349,0.53541,0.054822,0.19652,0.53997,0.052401,-0.32125,0.27585,0.13393,0.31263,0.25606,0.12707,-0.5136,0.12564,0.12249,0.50717,0.11139,0.084878,0.0031156,0.26576,0.054993,0,0.19476,0,-0.080858,0.11101,-0.015172,0.075239,0.11183,-0.005953,-0.088615,-0.53028,0.031297,0.038536,-0.51036,0.003752,-0.086334,-0.92188,0.099329,0.045921,-0.9146,0.09586
-0.0033244,0.83442,0.038284,0.012356,0.6207,0.044333,-0.17967,0.49736,0.057413,0.19499,0.4983,0.049716,-0.33362,0.25209,0.12101,0.31939,0.23107,0.10093,-0.53495,0.11443,0.097813,0.51572,0.08991,0.053716,0.003155,0.23206,0.055355,0,0.16208,0,-0.080613,0.075803,-0.015435,0.076241,0.079617,-0.00573,-0.099698,-0.55056,0.020945,0.042558,-0.51745,-0.0056,-0.087533,-0.94636,0.096975,0.042914,-0.93527,0.089771
-0.0014995,0.78215,0.03955,0.0066711,0.5687,0.030747,-0.17769,0.45196,0.04846,0.19271,0.45181,0.044302,-0.35097,0.20719,0.10295,0.32911,0.18177,0.07646,-0.55934,0.089245,0.041552,0.52538,0.045478,0.012674,0.0016754,0.18232,0.052636,0,0.11097,0,-0.080655,0.026896,-0.013269,0.078226,0.029035,-0.00302,-0.10452,-0.55503,-0.004388,0.061481,-0.55062,-0.028199,-0.077603,-0.95888,0.091379,0.035571,-0.96778,0.10193
-0.011607,0.72767,0.03696,0.0057853,0.51492,0.041769,-0.18398,0.39843,0.052783,0.18369,0.38947,0.035113,-0.36944,0.16129,0.083034,0.33962,0.13195,0.070524,-0.58096,0.059711,0.001809,0.53606,0.0014422,-0.006401,0.003233,0.12765,0.054437,0,0.057605,0,-0.080893,-0.024095,-0.019766,0.0788,-0.026156,-0.000434,-0.10918,-0.5621,-0.030477,0.063873,-0.55228,-0.033123,-0.085014,-0.95764,0.089772,0.033278,-0.96694,0.099021
-0.007872,0.6821,0.037392,0.0022318,0.49122,0.041647,-0.18872,0.37132,0.059312,0.18565,0.37225,0.037558,-0.37385,0.14386,0.076694,0.34115,0.11,0.061803,-0.60854,0.032208,-0.016842,0.53599,-0.022843,-0.015193,0.0033868,0.10891,0.05451,0,0.039832,0,-0.080979,-0.044992,-0.016738,0.079945,-0.045277,-0.003475,-0.11062,-0.57004,-0.040352,0.065162,-0.55574,-0.033486,-0.080761,-0.9613,0.091353,0.027589,-0.96977,0.10141
-0.009016,0.68165,0.039529,0.0027981,0.48644,0.04442,-0.18993,0.36506,0.062956,0.18419,0.36394,0.039292,-0.37505,0.14034,0.07647,0.34087,0.10503,0.061416,-0.59986,0.027638,-0.013053,0.53349,-0.036805,-0.001161,0.0037045,0.10162,0.055136,0,0.032337,0,-0.082086,-0.05186,-0.017016,0.080903,-0.051971,-0.00419,-0.11263,-0.57075,-0.038046,0.06371,-0.55951,-0.027583,-0.087407,-0.95906,0.096152,0.027054,-0.97022,0.10541
-0.0088101,0.69188,0.044955,-2.12e-05,0.49626,0.04803,-0.18745,0.3743,0.061232,0.18419,0.37417,0.038119,-0.37671,0.14409,0.077941,0.34067,0.11054,0.0663,-0.57827,0.021675,0.000942,0.52943,-0.04021,0.017356,0.0032937,0.10625,0.0557,0,0.036806,0,-0.081876,-0.045434,-0.017637,0.081818,-0.046347,-0.005773,-0.11122,-0.57114,-0.020207,0.064639,-0.55968,-0.00843,-0.085083,-0.95911,0.10229,0.024747,-0.96884,0.11428
-0.0083302,0.76188,0.063793,0.0018721,0.56242,0.061387,-0.18681,0.43077,0.070575,0.18656,0.43623,0.051981,-0.36034,0.19987,0.1035,0.33408,0.16235,0.088177,-0.54852,0.049864,0.048676,0.49564,-0.02058,0.077373,0.0029463,0.16678,0.057858,0,0.0975,0,-0.082772,0.014698,-0.01986,0.082102,0.013904,-0.007145,-0.11313,-0.56337,0.034341,0.064074,-0.55301,0.035129,-0.089797,-0.96073,0.12042,0.037364,-0.95662,0.12082
-0.014501,0.80725,0.071884,-0.0013094,0.61354,0.060588,-0.19283,0.46885,0.065818,0.18699,0.48243,0.054102,-0.3575,0.22047,0.11818,0.32122,0.21206,0.10174,-0.53978,0.058598,0.091951,0.46939,0.021415,0.12345,0.0016743,0.21026,0.057851,0,0.13895,0,-0.081287,0.048587,-0.015993,0.081411,0.058629,-0.011227,-0.11482,-0.54346,0.041952,0.050943,-0.5374,0.051554,-0.073944,-0.94064,0.12266,0.033503,-0.95237,0.12232
-0.011263,0.85577,0.067745,0.0058479,0.63684,0.055821,-0.18139,0.51232,0.061018,0.19182,0.51102,0.050718,-0.34244,0.25674,0.12362,0.32118,0.23321,0.11015,-0.51419,0.083359,0.11426,0.46402,0.046197,0.16093,0.002469,0.2364,0.057187,0,0.16572,0,-0.080314,0.090021,-0.012606,0.078087,0.080331,-0.011329,-0.10862,-0.52497,0.027755,0.047567,-0.53243,0.045365,-0.045691,-0.8788,0.13621,0.034854,-0.94936,0.12117
-0.015575,0.87903,0.064362,0.0077101,0.65576,0.046257,-0.18142,0.5239,0.059078,0.19081,0.52913,0.045436,-0.33165,0.28966,0.13929,0.31816,0.26039,0.11137,-0.49035,0.10423,0.12868,0.45546,0.069855,0.16383,0.0033059,0.25782,0.05579,0,0.18642,0,-0.080554,0.10469,-0.011728,0.078174,0.1012,-0.009862,-0.11034,-0.41986,-0.028039,0.03941,-0.4831,-0.000739,-0.047573,-0.84617,0.12037,0.03266,-0.88421,0.10227
-0.015953,0.8848,0.057663,0.0089733,0.66697,0.04369,-0.18231,0.54051,0.057999,0.19066,0.54281,0.043131,-0.3263,0.29854,0.14323,0.31534,0.2676,0.1172,-0.48741,0.11649,0.15124,0.46182,0.08379,0.16901,0.0036266,0.27282,0.055421,0,0.20174,0,-0.081569,0.12065,-0.014016,0.078421,0.11602,-0.006647,-0.10437,-0.39664,-0.035892,0.036183,-0.44919,-0.020822,-0.039356,-0.82008,0.11854,0.037237,-0.83736,0.092757
-0.014442,0.89132,0.056302,0.0098046,0.67413,0.042228,-0.17973,0.54478,0.05797,0.19089,0.55098,0.041203,-0.31665,0.30786,0.14772,0.31412,0.27519,0.12191,-0.48632,0.13535,0.16585,0.4673,0.095511,0.16979,0.0040743,0.27927,0.055283,0,0.20783,0,-0.081043,0.1272,-0.012473,0.077186,0.12408,-0.008134,-0.078179,-0.43785,-0.025047,0.034576,-0.44992,-0.019544,-0.033985,-0.84924,0.1335,0.038217,-0.83784,0.094221
-0.013907,0.89137,0.056569,0.011006,0.67395,0.041776,-0.18024,0.54117,0.058125,0.19139,0.55106,0.041938,-0.31658,0.30784,0.15039,0.31545,0.27489,0.12364,-0.49123,0.14159,0.17432,0.48009,0.10444,0.16812,0.0042446,0.27881,0.05534,0,0.20724,0,-0.081192,0.12593,-0.012141,0.076865,0.1235,-0.008553,-0.076246,-0.49643,0.004229,0.022399,-0.50719,0.00119,-0.040989,-0.87656,0.11231,0.039816,-0.8424,0.096826
-0.015203,0.88194,0.051973,0.010695,0.66049,0.036901,-0.18046,0.53571,0.060393,0.19396,0.54261,0.042827,-0.31882,0.3029,0.15497,0.32247,0.26218,0.12209,-0.5087,0.15141,0.16512,0.51496,0.1094,0.11445,0.0043061,0.26926,0.054616,0,0.19777,0,-0.080553,0.11239,-0.012217,0.076579,0.11451,-0.007671,-0.076945,-0.52738,0.021261,0.031814,-0.51974,0.00835,-0.058681,-0.9325,0.087088,0.029328,-0.94452,0.079856
-0.01411,0.83226,0.035582,0.012108,0.63081,0.036389,-0.17948,0.5068,0.057323,0.19746,0.50883,0.035686,-0.34309,0.26449,0.15038,0.32567,0.23782,0.11089,-0.55129,0.13741,0.14608,0.53157,0.093839,0.066569,0.0049823,0.24042,0.054284,0,0.16918,0,-0.079859,0.085686,-0.011492,0.075377,0.083879,-0.007271,-0.077892,-0.5285,0.021396,0.039276,-0.54326,0.009955,-0.060905,-0.93343,0.084396,0.028499,-0.94978,0.079125
-0.011606,0.79143,0.036718,0.01051,0.57851,0.03051,-0.17569,0.45049,0.051224,0.19883,0.45814,0.032791,-0.34971,0.22843,0.14061,0.34904,0.18325,0.091373,-0.56981,0.1232,0.11787,0.55434,0.05598,0.041957,0.004328,0.19463,0.052706,0,0.12427,0,-0.080382,0.043337,-0.009096,0.076518,0.038287,-0.00747,-0.086082,-0.54659,-0.000405,0.047177,-0.55512,0.001309,-0.054057,-0.95443,0.081518,0.038411,-0.96688,0.077869
-0.011364,0.72718,0.02814,0.011211,0.51846,0.027116,-0.17967,0.40056,0.048034,0.20113,0.39979,0.030177,-0.36212,0.18012,0.12602,0.34871,0.14018,0.076701,-0.58801,0.09179,0.084251,0.54754,0.0095583,0.007896,0.0041822,0.14003,0.051193,0,0.069867,0,-0.084302,-0.013988,-0.009273,0.080038,-0.0169,-0.006391,-0.085102,-0.56126,-0.046557,0.054077,-0.57728,-0.042051,-0.052342,-0.95554,0.077449,0.037834,-0.97122,0.077819
-0.015189,0.684,0.027867,0.008516,0.48269,0.027995,-0.18147,0.37097,0.051205,0.19058,0.3628,0.027866,-0.37712,0.15717,0.12252,0.35188,0.088287,0.072512,-0.59537,0.058557,0.061126,0.55224,-0.034517,-0.007672,0.0043519,0.10013,0.050537,0,0.029074,0,-0.082357,-0.05124,-0.009298,0.078496,-0.053107,-0.005958,-0.093741,-0.58026,-0.067341,0.046938,-0.58304,-0.062507,-0.088498,-0.91871,0.039281,0.028663,-0.97504,0.079144
-0.019936,0.67799,0.029206,0.0073655,0.47603,0.033269,-0.1857,0.35858,0.055594,0.18818,0.35641,0.029904,-0.38238,0.13657,0.1164,0.30309,0.087928,0.066217,-0.60249,0.041907,0.055527,0.53185,-0.042169,0.008575,0.0044636,0.09417,0.051178,0,0.023594,0,-0.08318,-0.059473,-0.011983,0.080811,-0.060572,-0.006858,-0.095379,-0.58,-0.064802,0.045954,-0.57927,-0.06146,-0.065083,-0.98858,0.084857,0.022465,-0.97829,0.081852
-0.017591,0.68083,0.039208,0.0082027,0.4846,0.042572,-0.18287,0.36026,0.06379,0.18876,0.3578,0.038085,-0.3794,0.13789,0.12488,0.34047,0.096874,0.087796,-0.59071,0.018403,0.084838,0.5243,-0.062581,0.05415,0.0048006,0.097544,0.053677,0,0.02775,0,-0.083437,-0.053547,-0.01173,0.08011,-0.05383,-0.013037,-0.096223,-0.57016,-0.039284,0.059513,-0.55878,-0.04056,-0.068966,-0.96769,0.090985,0.022167,-0.9776,0.091741
-0.0090486,0.7381,0.074075,0.0042417,0.53435,0.06136,-0.18692,0.41348,0.081833,0.1867,0.41799,0.056333,-0.36256,0.18631,0.14602,0.3289,0.13094,0.10633,-0.55176,0.032014,0.13048,0.50347,-0.039661,0.097444,0.004128,0.14901,0.056043,0,0.081711,0,-0.082646,-0.00032789,-0.018212,0.081089,-0.0023571,-0.009469,-0.10393,-0.55518,0.015341,0.057114,-0.55706,0.024296,-0.070639,-0.96236,0.10595,0.025013,-0.97547,0.10919
-0.010749,0.7912,0.0829,0.0070005,0.59341,0.06777,-0.17713,0.45727,0.076951,0.19127,0.47526,0.057038,-0.33124,0.22217,0.15629,0.33661,0.19223,0.1182,-0.50647,0.052531,0.15336,0.48067,-0.0032828,0.12915,0.0041186,0.19875,0.057289,0,0.12917,0,-0.079092,0.045536,-0.012236,0.076412,0.04969,-0.016877,-0.096505,-0.55234,0.023606,0.047698,-0.5477,0.040447,-0.055872,-0.95127,0.095768,0.030852,-0.9685,0.11135
-0.01471,0.84575,0.085666,0.01071,0.62181,0.066367,-0.17347,0.49443,0.076984,0.19344,0.49909,0.053078,-0.31973,0.24784,0.16452,0.31565,0.23429,0.11834,-0.48586,0.07182,0.18249,0.4579,0.043558,0.15898,0.0050548,0.22535,0.057305,0,0.15688,0,-0.078349,0.079978,-0.013533,0.074808,0.072013,-0.015101,-0.096341,-0.49356,-0.000206,0.041746,-0.54616,0.039868,-0.03975,-0.92701,0.10743,0.02738,-0.9425,0.12188
-0.018258,0.87412,0.08762,0.012415,0.65443,0.065636,-0.17446,0.5125,0.07547,0.18513,0.52838,0.04973,-0.30134,0.2812,0.16795,0.31633,0.24552,0.12631,-0.45813,0.099045,0.19685,0.45863,0.057914,0.17679,0.005897,0.25039,0.057427,0,0.17959,0,-0.078661,0.10159,-0.010354,0.074342,0.09968,-0.017249,-0.10859,-0.43056,-0.042061,0.033601,-0.51581,0.018942,-0.043545,-0.84446,0.13321,0.032266,-0.90681,0.12619
-0.019442,0.88086,0.085816,0.012369,0.66633,0.066425,-0.17601,0.52245,0.076216,0.18441,0.53572,0.053567,-0.30174,0.28817,0.17429,0.31349,0.25082,0.13218,-0.45814,0.10681,0.20776,0.47097,0.078734,0.19021,0.0054526,0.26407,0.057761,0,0.19387,0,-0.079232,0.11495,-0.011242,0.074824,0.11237,-0.016339,-0.11206,-0.39059,-0.051407,0.041298,-0.45257,-0.025128,-0.047604,-0.80666,0.1196,0.038747,-0.84812,0.12093
-0.02004,0.89065,0.085638,0.01353,0.67236,0.066994,-0.17315,0.53716,0.083417,0.18401,0.54459,0.057744,-0.29887,0.2953,0.18303,0.31327,0.26077,0.13902,-0.4646,0.12209,0.21525,0.47839,0.092964,0.18971,0.0059778,0.26934,0.057988,0,0.19912,0,-0.079486,0.12238,-0.012567,0.074507,0.11803,-0.015419,-0.1109,-0.39503,-0.048366,0.041614,-0.45174,-0.02437,-0.068377,-0.80399,0.14236,0.016388,-0.8302,0.14161
-0.019187,0.88991,0.087338,0.012903,0.67319,0.066919,-0.17326,0.5372,0.084366,0.18779,0.54812,0.06309,-0.29963,0.29614,0.18378,0.3169,0.26276,0.14046,-0.48493,0.14139,0.20618,0.50859,0.11266,0.14488,0.005311,0.27094,0.058174,0,0.20095,0,-0.079578,0.12297,-0.01245,0.074871,0.11953,-0.015088,-0.11291,-0.4694,-0.009434,0.041151,-0.45205,-0.023699,-0.081516,-0.85323,0.14517,0.024008,-0.83419,0.1372
-0.01873,0.88692,0.086171,0.013283,0.67172,0.067352,-0.17285,0.53636,0.084106,0.19298,0.54407,0.066862,-0.30664,0.28956,0.18195,0.32038,0.26129,0.13563,-0.5102,0.15559,0.18319,0.52016,0.12145,0.10931,0.004702,0.27018,0.058387,0,0.20035,0,-0.080221,0.11996,-0.01272,0.074996,0.11915,-0.01518,-0.1121,-0.52609,0.037805,0.049049,-0.52957,0.003534,-0.10751,-0.91389,0.11026,0.053124,-0.94017,0.10274
-0.0067454,0.8533,0.082988,0.016621,0.63437,0.070775,-0.16873,0.5142,0.079803,0.18948,0.51303,0.060555,-0.33073,0.25875,0.16031,0.33002,0.23907,0.12371,-0.54827,0.14818,0.15477,0.53646,0.10583,0.073739,0.0052221,0.25078,0.058758,0,0.18468,0,-0.079462,0.10612,-0.015846,0.073876,0.10551,-0.012913,-0.10917,-0.53985,0.036683,0.049798,-0.53316,0.000604,-0.1108,-0.93405,0.10633,0.042899,-0.93577,0.095333
-0.004321,0.80066,0.070755,0.018356,0.59909,0.063544,-0.17218,0.46346,0.082363,0.18899,0.46315,0.048956,-0.338,0.2318,0.15048,0.35532,0.18836,0.098533,-0.56138,0.13701,0.1093,0.5572,0.064938,0.02415,0.0076635,0.20318,0.05778,0,0.13496,0,-0.077974,0.055092,-0.01212,0.071682,0.054686,-0.014961,-0.10474,-0.55371,0.00959,0.053961,-0.53921,-0.012448,-0.10444,-0.93898,0.095366,0.030475,-0.95071,0.072217
-0.00636,0.75171,0.06456,0.015756,0.53741,0.051427,-0.18077,0.41403,0.075581,0.19184,0.40756,0.045844,-0.35102,0.20051,0.12391,0.34676,0.14634,0.087761,-0.58209,0.10928,0.053806,0.54253,0.025401,-0.009319,0.0066703,0.1595,0.056436,0,0.094161,0,-0.081319,0.016653,-0.014113,0.07638,0.0030467,-0.009353,-0.10849,-0.55795,-0.027833,0.050759,-0.54745,-0.035742,-0.105,-0.95939,0.098598,0.030307,-0.92476,0.058057
-0.0060683,0.69191,0.043457,0.0089959,0.49015,0.046458,-0.18111,0.37588,0.057079,0.19105,0.36265,0.035975,-0.37,0.16365,0.09201,0.31825,0.10408,0.059407,-0.5969,0.090453,0.025158,0.54359,-0.019424,-0.040671,0.0041295,0.1059,0.055647,0,0.037514,0,-0.082502,-0.043139,-0.015709,0.079201,-0.047944,-0.006599,-0.1101,-0.55973,-0.051443,0.044857,-0.55307,-0.052555,-0.10655,-0.97373,0.089756,-0.0009977,-0.98338,0.091497
-0.0063081,0.68953,0.047234,0.010955,0.48074,0.049478,-0.18012,0.36217,0.056561,0.18945,0.35753,0.041025,-0.37455,0.15591,0.091577,0.32816,0.09782,0.070044,-0.6021,0.072549,0.022378,0.53586,-0.033293,-0.032993,0.0038848,0.095365,0.056286,0,0.026816,0,-0.08228,-0.051944,-0.014646,0.07822,-0.058,-0.00821,-0.10867,-0.57346,-0.050482,0.045405,-0.55753,-0.051804,-0.10575,-0.9745,0.093846,0.000721,-0.98618,0.096697
-0.0066328,0.68979,0.050624,0.010124,0.48338,0.053172,-0.18103,0.36299,0.060584,0.18893,0.35852,0.045071,-0.37551,0.15595,0.093217,0.33146,0.098634,0.075826,-0.6024,0.062633,0.028333,0.5231,-0.044132,0.011586,0.003684,0.097571,0.057161,0,0.029583,0,-0.083179,-0.049814,-0.014739,0.079996,-0.054436,-0.010695,-0.11045,-0.57047,-0.038349,0.049248,-0.55991,-0.038653,-0.10621,-0.97246,0.097145,-0.0005834,-0.98973,0.10235
-0.0002486,0.73112,0.068376,0.011832,0.53437,0.0632,-0.17692,0.40939,0.072057,0.19874,0.41604,0.06467,-0.36222,0.19162,0.10019,0.33618,0.12307,0.093697,-0.56765,0.063985,0.052402,0.51417,-0.041419,0.049812,0.0031229,0.14562,0.058434,0,0.078224,0,-0.084265,-0.0054426,-0.016814,0.079968,-0.0068903,-0.010803,-0.12194,-0.56429,0.015855,0.054232,-0.55138,0.007583,-0.10781,-0.95656,0.10228,0.01947,-0.95147,0.093722
-2.46e-05,0.78944,0.067057,0.015783,0.59089,0.071562,-0.17261,0.46274,0.074455,0.19403,0.45797,0.049373,-0.35139,0.23085,0.11457,0.3387,0.18348,0.10635,-0.54739,0.072989,0.06461,0.48167,-0.014438,0.096774,0.0058502,0.18278,0.05943,0,0.1116,0,-0.08368,0.0383,-0.01984,0.078224,0.027529,-0.010289,-0.11713,-0.55448,0.025897,0.050514,-0.54277,0.04574,-0.10244,-0.94749,0.098562,0.018512,-0.95267,0.090583
-0.0033795,0.8398,0.066617,0.010303,0.62518,0.063036,-0.17753,0.50044,0.067399,0.19241,0.49568,0.048781,-0.349,0.25547,0.12407,0.31288,0.2286,0.11094,-0.52776,0.089119,0.11252,0.45093,0.028816,0.12257,0.0042177,0.2351,0.058237,0,0.16608,0,-0.083274,0.084782,-0.017544,0.079299,0.081314,-0.009295,-0.12699,-0.51286,0.002497,0.03903,-0.53861,0.044661,-0.078277,-0.92795,0.093785,0.012252,-0.9444,0.090211
-0.0072573,0.87025,0.067141,0.0096213,0.65648,0.053877,-0.17352,0.53071,0.061688,0.18829,0.52857,0.047054,-0.34211,0.27322,0.13737,0.30834,0.24984,0.11103,-0.51376,0.10016,0.13817,0.44666,0.060295,0.16461,0.0037095,0.24659,0.057763,0,0.1746,0,-0.081806,0.095896,-0.01522,0.077325,0.092731,-0.008762,-0.12332,-0.45174,-0.020983,0.025698,-0.50849,0.020773,-0.065184,-0.87087,0.12223,0.0001379,-0.89526,0.1247
-0.0066312,0.88078,0.055071,0.011175,0.66363,0.047192,-0.17286,0.5472,0.062404,0.19224,0.53835,0.043236,-0.32452,0.29805,0.14534,0.30591,0.26107,0.11225,-0.49385,0.12361,0.15434,0.44941,0.077393,0.17105,0.0044506,0.26346,0.056107,0,0.19204,0,-0.081028,0.11197,-0.014772,0.076967,0.10749,-0.006873,-0.11622,-0.42093,-0.038774,0.027427,-0.47482,-0.007778,-0.08029,-0.83721,0.1236,0.000558,-0.86234,0.12276
-0.0055103,0.8862,0.043762,0.012609,0.66837,0.041583,-0.171,0.55359,0.060014,0.19674,0.54737,0.039142,-0.31505,0.30995,0.14906,0.30476,0.27034,0.12175,-0.48783,0.13953,0.16221,0.45746,0.09228,0.17563,0.0050158,0.27306,0.055064,0,0.2021,0,-0.080357,0.1237,-0.011,0.07601,0.11568,-0.007837,-0.11209,-0.42209,-0.04141,0.030913,-0.46804,-0.015003,-0.075505,-0.83434,0.12141,0.012917,-0.8444,0.12266
-0.0038539,0.8844,0.039547,0.01315,0.66805,0.038855,-0.17091,0.55408,0.059907,0.19762,0.54711,0.038672,-0.31485,0.31085,0.15037,0.30622,0.27108,0.12631,-0.49499,0.14837,0.16442,0.46841,0.099849,0.17561,0.0050555,0.27372,0.054951,0,0.20257,0,-0.080321,0.12394,-0.010467,0.075921,0.11626,-0.007918,-0.094941,-0.46816,-0.017299,0.032344,-0.46977,-0.015805,-0.090868,-0.84127,0.11787,0.039488,-0.83841,0.10546
-0.0012638,0.87746,0.033646,0.018558,0.66104,0.03677,-0.16902,0.54771,0.054785,0.19997,0.53954,0.038348,-0.32247,0.30513,0.15256,0.31132,0.26608,0.13032,-0.51822,0.16013,0.15567,0.50651,0.12043,0.13441,0.00504,0.26775,0.054636,0,0.19589,0,-0.082291,0.11684,-0.011234,0.076281,0.10934,-0.006633,-0.11241,-0.52873,0.009333,0.04396,-0.50918,-0.011931,-0.10875,-0.90644,0.075255,0.063946,-0.92945,0.063369
0.0015137,0.84092,0.01473,0.026258,0.63145,0.028678,-0.16144,0.51216,0.036974,0.20488,0.51448,0.037283,-0.33154,0.29509,0.14345,0.32929,0.24062,0.13159,-0.53806,0.16487,0.13533,0.53113,0.10512,0.094189,0.0043241,0.23713,0.052491,0,0.16349,0,-0.082366,0.082257,-0.010505,0.073316,0.080212,-0.004597,-0.11283,-0.52883,0.007613,0.052635,-0.52614,-0.014287,-0.11006,-0.91396,0.072043,0.062879,-0.93188,0.061423
0.013661,0.79112,0.014981,0.021447,0.5757,0.025409,-0.1629,0.46178,0.03512,0.20959,0.46201,0.040769,-0.35107,0.25506,0.12594,0.33882,0.20964,0.12046,-0.56712,0.14367,0.088259,0.54064,0.077563,0.068105,0.0030182,0.1995,0.050952,0,0.13019,0,-0.083915,0.051659,-0.012986,0.076595,0.03858,-0.001027,-0.11362,-0.53689,-0.006449,0.052529,-0.53275,-0.020622,-0.1109,-0.92722,0.072708,0.05972,-0.95069,0.064273
0.012828,0.73362,0.003502,0.025562,0.52456,0.025365,-0.16706,0.41825,0.034611,0.2094,0.41453,0.036837,-0.37302,0.20247,0.099618,0.3564,0.14519,0.11126,-0.59643,0.11065,0.049404,0.55837,0.017706,0.046116,0.0039321,0.14436,0.049825,0,0.073377,0,-0.087281,-0.0053034,-0.013846,0.077697,-0.017106,-0.000939,-0.12126,-0.56022,-0.037276,0.060116,-0.55276,-0.041363,-0.11441,-0.94315,0.077422,0.061644,-0.96287,0.07727
0.0072529,0.6795,0.014132,0.021363,0.48082,0.033325,-0.17408,0.37602,0.038109,0.19989,0.35884,0.037869,-0.39151,0.16497,0.083806,0.3552,0.10457,0.10858,-0.61459,0.070669,0.038193,0.54894,-0.035092,0.043448,0.0033807,0.10344,0.050878,0,0.033925,0,-0.086601,-0.046363,-0.01269,0.078488,-0.05265,-0.004635,-0.12365,-0.56281,-0.046948,0.057542,-0.56369,-0.052026,-0.11497,-0.94551,0.083942,0.054675,-0.96977,0.082838
0.0030749,0.67404,0.01939,0.019346,0.4658,0.033064,-0.17704,0.36717,0.043233,0.19861,0.34757,0.040133,-0.39374,0.15603,0.084779,0.34453,0.086654,0.11001,-0.61512,0.056609,0.043177,0.53269,-0.064504,0.058501,0.003421,0.092235,0.050713,0,0.023545,0,-0.087164,-0.057807,-0.012097,0.080242,-0.064433,-0.006145,-0.12464,-0.56554,-0.049448,0.057507,-0.56624,-0.050465,-0.11128,-0.95647,0.094946,0.04805,-0.98312,0.10297
0.0029381,0.67383,0.02276,0.018742,0.46692,0.035297,-0.17766,0.36652,0.044766,0.19772,0.34842,0.04214,-0.39465,0.15508,0.087672,0.34277,0.086245,0.11262,-0.6114,0.045325,0.048498,0.52404,-0.07654,0.081292,0.0030967,0.092129,0.051427,0,0.023468,0,-0.087477,-0.057469,-0.01375,0.081075,-0.064356,-0.006176,-0.12513,-0.56417,-0.04596,0.057533,-0.56723,-0.047131,-0.11344,-0.95353,0.096465,0.047325,-0.98166,0.10524
0.0006994,0.71292,0.040934,0.014759,0.52389,0.055662,-0.18279,0.38611,0.051651,0.19053,0.39653,0.051434,-0.38172,0.18296,0.10805,0.31766,0.12385,0.12884,-0.58403,0.046232,0.088109,0.48181,-0.05608,0.13316,0.0028936,0.12533,0.054122,0,0.054395,0,-0.086625,-0.025048,-0.020189,0.082663,-0.028755,-0.005716,-0.13294,-0.55287,-0.015699,0.057564,-0.56128,7.5e-05,-0.12248,-0.94669,0.098177,0.043393,-0.97485,0.11204
0.0010577,0.76923,0.050052,0.0071107,0.57972,0.058238,-0.18405,0.45235,0.061663,0.19427,0.45268,0.057977,-0.36038,0.2269,0.13573,0.32139,0.17031,0.14572,-0.54532,0.067514,0.12902,0.46904,-0.017464,0.18262,0.001665,0.186,0.055423,0,0.11636,0,-0.084238,0.035889,-0.014178,0.081657,0.028639,-0.01207,-0.13304,-0.54226,0.006724,0.058403,-0.55179,0.033208,-0.11895,-0.94211,0.102,0.04399,-0.96363,0.10736
0.0030673,0.83214,0.055136,0.021986,0.62076,0.053997,-0.1742,0.4995,0.057807,0.19768,0.50283,0.051193,-0.35319,0.25385,0.13994,0.31474,0.2228,0.14669,-0.52416,0.080399,0.14449,0.45183,0.032438,0.20069,0.0044537,0.22135,0.055085,0,0.15058,0,-0.082434,0.069758,-0.014276,0.073457,0.06955,-0.009129,-0.12188,-0.50255,-0.007937,0.05801,-0.53264,0.027136,-0.073926,-0.90266,0.10261,0.040439,-0.94026,0.1099
0.0008599,0.85973,0.063574,0.017713,0.6428,0.051284,-0.1728,0.51111,0.054777,0.20006,0.51114,0.049258,-0.3313,0.28349,0.15385,0.31129,0.237,0.14926,-0.49682,0.10523,0.1619,0.45027,0.047268,0.20114,0.0035998,0.24559,0.054943,0,0.17433,0,-0.083202,0.094791,-0.013295,0.076306,0.086052,-0.00994,-0.12079,-0.43893,-0.044223,0.051725,-0.50007,-0.003888,-0.056321,-0.86203,0.11162,0.026059,-0.87381,0.13455
-0.0060875,0.87411,0.058044,0.01227,0.66291,0.045141,-0.17041,0.53738,0.055044,0.19848,0.53616,0.051726,-0.32977,0.2893,0.15167,0.30645,0.25085,0.15121,-0.49367,0.11522,0.18759,0.45273,0.066343,0.20215,0.0024947,0.26247,0.054302,0,0.19019,0,-0.082468,0.11258,-0.012744,0.07838,0.10489,-0.007361,-0.12307,-0.38442,-0.071982,0.040126,-0.43799,-0.036017,-0.054945,-0.79812,0.10298,0.024783,-0.81739,0.11771
-0.0037123,0.88236,0.055413,0.014365,0.66812,0.042188,-0.16966,0.54275,0.053043,0.19973,0.54611,0.051738,-0.32208,0.30518,0.15434,0.30577,0.26676,0.15293,-0.48652,0.13021,0.18518,0.46383,0.089788,0.1969,0.0027593,0.27587,0.053865,0,0.20517,0,-0.082398,0.12552,-0.011675,0.077472,0.1193,-0.008299,-0.10799,-0.3958,-0.072835,0.040972,-0.43564,-0.042142,-0.051513,-0.80366,0.11703,0.023487,-0.8194,0.1162
-0.0049855,0.88384,0.053927,0.014094,0.66889,0.041747,-0.17064,0.54425,0.053116,0.20045,0.54866,0.053781,-0.32236,0.30624,0.15416,0.30784,0.26788,0.15177,-0.49564,0.13891,0.18072,0.4841,0.10312,0.17593,0.0024381,0.27818,0.054019,0,0.20765,0,-0.082456,0.12735,-0.011428,0.077436,0.12141,-0.00873,-0.10521,-0.4321,-0.052638,0.034035,-0.44346,-0.041345,-0.075531,-0.83566,0.11415,0.020689,-0.82793,0.10839
-0.0045031,0.88201,0.052156,0.014139,0.66611,0.040864,-0.17042,0.54386,0.052745,0.20174,0.54589,0.05391,-0.32359,0.30558,0.1538,0.30937,0.26639,0.15037,-0.50528,0.14498,0.16928,0.49814,0.11143,0.13105,0.0023193,0.27616,0.054094,0,0.20553,0,-0.082523,0.12432,-0.01209,0.077426,0.11937,-0.007915,-0.1143,-0.51449,-0.007539,0.03894,-0.50626,-0.022362,-0.095143,-0.84941,0.088295,0.060762,-0.91875,0.053373
-3.06e-05,0.86413,0.04792,0.014143,0.65189,0.042274,-0.17087,0.5276,0.049683,0.20221,0.53,0.057057,-0.33408,0.29394,0.14701,0.31798,0.24663,0.13569,-0.53044,0.14862,0.13475,0.51465,0.10016,0.081411,0.0014394,0.26418,0.054457,0,0.19401,0,-0.081865,0.11091,-0.014087,0.076882,0.10944,-0.00662,-0.11701,-0.51752,-0.008191,0.048471,-0.51998,-0.023058,-0.11312,-0.91872,0.056473,0.056468,-0.93036,0.046525
0.0069708,0.81202,0.042331,0.015051,0.60128,0.046664,-0.17281,0.49064,0.050685,0.20042,0.47835,0.054214,-0.35018,0.25036,0.12448,0.32862,0.2056,0.11507,-0.55599,0.12138,0.084246,0.52797,0.063635,0.056051,0.0017903,0.22595,0.055219,0,0.15913,0,-0.080955,0.077967,-0.01674,0.075403,0.073531,-0.005307,-0.11859,-0.53941,-0.015161,0.052775,-0.53812,-0.030879,-0.1101,-0.93954,0.056043,0.051074,-0.94506,0.042061
0.0077655,0.75945,0.041123,0.0099315,0.54871,0.042562,-0.17379,0.43182,0.047059,0.19869,0.43753,0.052346,-0.36234,0.20377,0.10785,0.34494,0.15322,0.10853,-0.57368,0.093461,0.04035,0.53395,0.0084319,0.039718,0.0010347,0.16768,0.05481,0,0.0991,0,-0.081783,0.018737,-0.016213,0.0781,0.012754,-0.004788,-0.1161,-0.54358,-0.038712,0.054369,-0.5415,-0.044144,-0.10988,-0.94291,0.055565,0.051569,-0.95064,0.04345
0.0043485,0.70531,0.038485,0.019197,0.49745,0.041358,-0.17237,0.3817,0.047716,0.19435,0.37731,0.04182,-0.37842,0.1589,0.087095,0.34463,0.1123,0.10172,-0.5961,0.059037,0.024796,0.53482,-0.032379,0.036846,0.0039401,0.11403,0.054738,0,0.044834,0,-0.08356,-0.034524,-0.013645,0.076611,-0.039657,-0.006423,-0.11098,-0.56194,-0.056694,0.058808,-0.55413,-0.062182,-0.091527,-0.95882,0.075044,0.052388,-0.9652,0.059405
0.0025928,0.68075,0.042549,0.01515,0.47537,0.045332,-0.17725,0.34801,0.049615,0.19707,0.35436,0.048546,-0.38659,0.14119,0.082379,0.34613,0.079302,0.096006,-0.60277,0.028912,0.025313,0.53268,-0.07378,0.043822,0.0028485,0.095355,0.05538,0,0.027277,0,-0.083901,-0.056038,-0.013351,0.078454,-0.058726,-0.008581,-0.10926,-0.5786,-0.06509,0.058879,-0.56265,-0.064817,-0.090209,-0.97286,0.088131,0.039726,-0.98282,0.084768
0.0005695,0.68029,0.044358,0.013798,0.47315,0.048592,-0.17904,0.34864,0.051768,0.19432,0.35096,0.050096,-0.38821,0.13776,0.084486,0.3405,0.075745,0.10003,-0.60026,0.021638,0.030526,0.52467,-0.081276,0.052536,0.0025008,0.09224,0.05615,0,0.024218,0,-0.084233,-0.05873,-0.015702,0.079423,-0.061518,-0.008086,-0.1112,-0.57625,-0.060935,0.057387,-0.56253,-0.062918,-0.092062,-0.97115,0.088761,0.042791,-0.98066,0.079527
-0.0033027,0.69494,0.053776,0.010853,0.49908,0.05991,-0.17828,0.373,0.054029,0.18947,0.37181,0.057103,-0.38448,0.14747,0.092621,0.32284,0.10503,0.10812,-0.58814,0.014759,0.054008,0.49305,-0.070235,0.095685,0.0014518,0.10371,0.057344,0,0.035314,0,-0.083131,-0.043547,-0.018757,0.07999,-0.047477,-0.008261,-0.11693,-0.56323,-0.026408,0.066078,-0.55357,-0.040517,-0.10908,-0.95451,0.086109,0.04183,-0.97213,0.077114
-0.0092232,0.75986,0.062827,-0.0017505,0.55408,0.067417,-0.1874,0.43182,0.068382,0.17861,0.43428,0.063928,-0.36916,0.20048,0.12249,0.31558,0.14856,0.13047,-0.55523,0.04247,0.09816,0.47311,-0.036399,0.14223,0.0003855,0.16385,0.059024,0,0.096635,0,-0.081514,0.017719,-0.022087,0.082137,0.012696,-0.006925,-0.12634,-0.54479,0.002294,0.060266,-0.54424,0.017514,-0.11287,-0.93475,0.076684,0.045305,-0.94922,0.066675
-0.0082307,0.80462,0.066159,0.0032729,0.60716,0.07185,-0.1862,0.46685,0.064941,0.18612,0.48154,0.063588,-0.35623,0.22952,0.13306,0.31302,0.20176,0.14329,-0.53711,0.065278,0.12115,0.45604,0.010713,0.18159,0.0009509,0.20193,0.059733,0,0.13166,0,-0.081753,0.043795,-0.019739,0.080847,0.054153,-0.011051,-0.1221,-0.53601,0.004275,0.055262,-0.54023,0.019588,-0.091184,-0.93609,0.07532,0.03385,-0.95042,0.063667
-0.016162,0.84967,0.06122,0.010844,0.63153,0.061,-0.17969,0.50567,0.05614,0.18983,0.51915,0.065289,-0.33554,0.26458,0.13698,0.30335,0.23672,0.1397,-0.51053,0.094958,0.14034,0.45103,0.049883,0.18023,0.0011429,0.23959,0.057748,0,0.17201,0,-0.080167,0.094893,-0.017801,0.076663,0.086078,-0.008536,-0.10672,-0.47869,-0.021598,0.043807,-0.53392,0.006962,-0.051541,-0.90644,0.090383,0.023403,-0.91471,0.086397
-0.018249,0.87079,0.05867,0.0053059,0.64826,0.060023,-0.17813,0.52661,0.055484,0.19038,0.52706,0.065327,-0.3332,0.27618,0.13865,0.30551,0.25119,0.15699,-0.50472,0.10294,0.14093,0.45729,0.064275,0.18449,-0.0001506,0.25176,0.058022,0,0.18245,0,-0.079825,0.10188,-0.018492,0.07778,0.099388,-0.007434,-0.10926,-0.43807,-0.044647,0.038928,-0.4551,-0.038674,-0.043199,-0.86072,0.11183,0.020378,-0.85146,0.089267
-0.01616,0.87802,0.053794,0.0030974,0.6551,0.053396,-0.17711,0.53647,0.054226,0.19505,0.54235,0.071172,-0.33199,0.28183,0.13865,0.30545,0.25736,0.15501,-0.50791,0.11418,0.15005,0.47269,0.083967,0.18175,-0.0016683,0.26508,0.056757,0,0.19658,0,-0.079489,0.11557,-0.016727,0.078848,0.11098,-0.007722,-0.10761,-0.41148,-0.054534,0.035871,-0.44017,-0.049317,-0.048716,-0.82611,0.12159,0.019969,-0.83837,0.088233
-0.016741,0.88011,0.054377,0.0024591,0.65842,0.055298,-0.17746,0.53788,0.056131,0.19477,0.54435,0.071968,-0.33146,0.28657,0.14244,0.30711,0.25961,0.15577,-0.51324,0.12411,0.14478,0.49385,0.10423,0.16803,-0.0016183,0.26712,0.057137,0,0.19842,0,-0.079472,0.11732,-0.017097,0.078821,0.11312,-0.007696,-0.10669,-0.41647,-0.05291,0.036235,-0.44219,-0.048819,-0.053157,-0.82944,0.12803,0.020804,-0.84148,0.095329
-0.017127,0.88001,0.0573,0.0023789,0.65842,0.055716,-0.17793,0.53535,0.059078,0.19204,0.54408,0.073983,-0.33189,0.28641,0.14263,0.31091,0.25827,0.1566,-0.52826,0.13659,0.1301,0.50864,0.11482,0.14828,-0.0014575,0.26683,0.057244,0,0.19809,0,-0.079353,0.11709,-0.017196,0.078752,0.11311,-0.007712,-0.11354,-0.50936,0.003712,0.044963,-0.49509,-0.020852,-0.080578,-0.86574,0.14467,0.020096,-0.85465,0.11325
-0.015457,0.85973,0.057254,0.0052547,0.64273,0.066669,-0.17616,0.51876,0.069404,0.19086,0.53271,0.076115,-0.33518,0.28116,0.13724,0.32083,0.25118,0.15098,-0.53476,0.14165,0.10287,0.52822,0.1039,0.093225,0.0001091,0.25776,0.058472,0,0.1914,0,-0.079286,0.11002,-0.018679,0.078304,0.10946,-0.008684,-0.10621,-0.53722,0.019718,0.051927,-0.50424,-0.01784,-0.10869,-0.93089,0.12493,0.049113,-0.93838,0.10939
-0.018239,0.81587,0.051723,0.0039175,0.60464,0.066758,-0.17984,0.48494,0.065027,0.19071,0.47923,0.069369,-0.34422,0.25087,0.12259,0.33379,0.20804,0.11716,-0.54615,0.12298,0.057681,0.53851,0.079532,0.067201,-0.0001215,0.218,0.059321,0,0.15203,0,-0.078573,0.063094,-0.018054,0.077358,0.074864,-0.010946,-0.11029,-0.55353,0.010586,0.063919,-0.556,-0.012533,-0.11051,-0.96496,0.11218,0.047692,-0.94774,0.10138
-0.0095006,0.76856,0.047016,1.42e-05,0.55021,0.052118,-0.1859,0.43067,0.063212,0.1918,0.43901,0.065058,-0.36179,0.20093,0.10198,0.3426,0.16765,0.095935,-0.56661,0.085547,0.021204,0.53705,0.026864,0.036187,-8.25e-05,0.16591,0.057148,0,0.098066,0,-0.081353,0.016566,-0.020937,0.08145,0.011817,-0.004026,-0.10922,-0.56265,-0.007169,0.065086,-0.55799,-0.021604,-0.11007,-0.96481,0.103,0.043283,-0.95737,0.095251
-0.017448,0.7113,0.029828,0.00667,0.52225,0.053153,-0.18548,0.38864,0.04854,0.18979,0.38789,0.052151,-0.3839,0.15168,0.075495,0.34248,0.11774,0.079447,-0.59529,0.047315,-0.002884,0.54437,-0.016898,0.009129,0.0006523,0.13333,0.057318,0,0.064404,0,-0.082341,-0.022049,-0.018146,0.07979,-0.016753,-0.006646,-0.10743,-0.57013,-0.037356,0.067892,-0.54965,-0.038845,-0.1111,-0.96421,0.09302,0.042388,-0.95206,0.08468
