-0.011363,0.86484,-0.053842,0.0038182,0.65717,-0.005024,-0.17764,0.54832,0.028266,0.18756,0.55011,0.036662,-0.31228,0.30018,0.12187,0.29306,0.2933,0.16509,-0.51072,0.16036,0.093198,0.50446,0.16466,0.15138,-8e-06,0.27996,0.026806,0,0.20509,0,-0.083035,0.11206,-0.006631,0.082437,0.13144,0.003028,-0.070972,-0.5312,0.04627,0.056539,-0.39057,0.011531,-0.083374,-0.95558,0.041385,0.0092904,-0.84877,0.04179
-0.006827,0.82461,-0.055847,0.0023526,0.60777,-0.003397,-0.18119,0.50422,0.027993,0.19302,0.49892,0.037492,-0.32085,0.25992,0.11392,0.31589,0.24348,0.15825,-0.53382,0.14484,0.076541,0.53064,0.13026,0.12968,-0.0003171,0.23852,0.025023,0,0.16552,0,-0.086361,0.066975,-0.00724,0.085218,0.093123,0.002934,-0.070281,-0.57558,0.051447,0.032139,-0.4991,0.025614,-0.072266,-0.97993,0.060405,0.0014138,-0.95824,0.059499
-0.0086845,0.77604,-0.051469,0.000309,0.56713,-0.008611,-0.1814,0.45164,0.02719,0.19056,0.45136,0.03863,-0.33772,0.21943,0.10264,0.32267,0.20075,0.14326,-0.54786,0.11229,0.029339,0.53475,0.085462,0.099602,-0.0007685,0.19501,0.021846,0,0.12089,0,-0.084429,0.026776,-0.009076,0.084148,0.048636,0.006855,-0.082815,-0.57242,0.015303,0.027568,-0.5661,0.014978,-0.075269,-0.98918,0.068849,0.0015681,-0.98318,0.059643
-0.0062,0.71353,-0.047241,-0.0009814,0.50687,0.000358,-0.18629,0.39588,0.022202,0.18545,0.3975,0.03826,-0.36713,0.16297,0.07949,0.33958,0.14407,0.13343,-0.58169,0.072702,-0.005038,0.54411,0.025288,0.062732,-0.0012098,0.14364,0.022256,0,0.072709,0,-0.085092,-0.023759,-0.011032,0.08549,0.00070617,0.00556,-0.097322,-0.5705,-0.022111,0.032539,-0.56211,-0.010628,-0.082403,-0.98878,0.06841,-0.0090356,-0.99083,0.079296
-0.0085623,0.66868,-0.042002,-0.0027026,0.47459,0.000621,-0.18459,0.37368,0.021698,0.1859,0.37329,0.035676,-0.37512,0.14435,0.068154,0.34696,0.11281,0.12825,-0.59682,0.047058,-0.010915,0.5492,-0.012582,0.063906,-0.0013204,0.11881,0.02117,0,0.048257,0,-0.085128,-0.047766,-0.012635,0.086101,-0.02258,0.007015,-0.11096,-0.58356,-0.044104,0.063949,-0.5461,-0.040727,-0.093981,-0.98751,0.070048,-0.0078987,-0.982,0.074354
-0.0087026,0.66873,-0.040402,-0.0021843,0.47353,0.002277,-0.18445,0.37204,0.022749,0.18593,0.37015,0.036194,-0.37774,0.1424,0.068294,0.34788,0.11033,0.12904,-0.59322,0.043313,-0.007709,0.54687,-0.024395,0.077484,-0.0010966,0.11181,0.02094,0,0.03955,0,-0.085151,-0.049242,-0.012498,0.085227,-0.044934,0.005122,-0.11507,-0.58299,-0.040985,0.064762,-0.54622,-0.039546,-0.095742,-0.98726,0.073322,-0.0039122,-0.97943,0.08498
-0.0080978,0.70225,-0.026,-0.0021146,0.50891,0.014309,-0.18666,0.39324,0.032156,0.18611,0.39472,0.04083,-0.3705,0.17381,0.075495,0.33975,0.12924,0.1322,-0.5719,0.04397,0.019765,0.52784,-0.024891,0.11385,-0.0008676,0.13066,0.022906,0,0.057928,0,-0.084743,-0.024101,-0.013854,0.08542,-0.026102,0.002319,-0.11416,-0.57285,0.007774,0.059153,-0.55178,0.015158,-0.095227,-0.9845,0.075587,-0.0018177,-0.9845,0.091456
-0.0077551,0.76923,-0.00606,-0.0032915,0.57155,0.026712,-0.18399,0.45538,0.045904,0.19258,0.45845,0.049943,-0.3543,0.22839,0.095135,0.32354,0.19968,0.14859,-0.54,0.072812,0.059523,0.48319,0.01781,0.15869,-0.0008021,0.19096,0.026947,0,0.11758,0,-0.0842,0.033174,-0.013282,0.085427,0.032815,-0.001934,-0.073848,-0.5752,0.049642,0.017658,-0.57449,0.066515,-0.087242,-0.96414,0.077062,0.000119,-0.97405,0.089828
-0.0097939,0.82487,0.00155,0.005672,0.62496,0.025568,-0.18246,0.50734,0.045718,0.18888,0.50028,0.042042,-0.34359,0.26242,0.096751,0.30424,0.24995,0.15022,-0.52439,0.087043,0.074194,0.45121,0.062486,0.1852,0.0011518,0.2387,0.028182,0,0.16351,0,-0.087228,0.078345,-0.009518,0.085393,0.083928,-0.005062,-0.065888,-0.52882,0.031525,0.028383,-0.55527,0.057359,-0.063042,-0.91694,0.08244,-0.0057918,-0.96365,0.095003
-0.015408,0.86207,-0.001426,0.0036835,0.65329,0.025054,-0.18163,0.53079,0.039154,0.18723,0.54051,0.043736,-0.33271,0.28993,0.10045,0.29774,0.26335,0.15243,-0.50225,0.11566,0.092655,0.4467,0.086938,0.21476,0.0002816,0.26993,0.029281,0,0.19659,0,-0.085177,0.11182,-0.010869,0.083916,0.11636,-0.003372,-0.079722,-0.46751,-0.006403,0.050578,-0.46923,0.003525,-0.071619,-0.82958,0.1075,0.028766,-0.87305,0.12924
-0.014681,0.88486,-0.003904,0.0033644,0.66691,0.030521,-0.18163,0.55244,0.044437,0.18555,0.55517,0.047005,-0.33025,0.30474,0.10458,0.28808,0.29306,0.15524,-0.49589,0.12684,0.098944,0.43523,0.11502,0.2173,0.000363,0.28462,0.031838,0,0.21178,0,-0.084448,0.12874,-0.012364,0.083357,0.13062,-0.003853,-0.10691,-0.42772,-0.030724,0.055854,-0.41363,-0.028085,-0.072528,-0.8278,0.11517,0.021937,-0.83091,0.13756
-0.01637,0.89492,-0.002578,0.0025702,0.67849,0.035631,-0.18018,0.56383,0.047416,0.18542,0.56964,0.059531,-0.32895,0.31535,0.11261,0.2873,0.30207,0.17039,-0.50147,0.14603,0.12544,0.45245,0.14095,0.23322,-0.0005799,0.29537,0.034605,0,0.22307,0,-0.083458,0.14081,-0.013438,0.082788,0.14297,-0.004584,-0.10468,-0.4302,-0.019029,0.056334,-0.41432,-0.021654,-0.07903,-0.81998,0.11713,0.027561,-0.82151,0.13802
-0.013422,0.90085,0.001414,0.0024864,0.68459,0.03864,-0.17942,0.56783,0.04881,0.18661,0.57634,0.067605,-0.32963,0.32268,0.12423,0.28996,0.30736,0.17699,-0.50372,0.15357,0.12595,0.48213,0.17254,0.23204,-0.0012623,0.29871,0.037051,0,0.22646,0,-0.082727,0.14458,-0.01484,0.082351,0.14603,-0.004327,-0.10081,-0.46755,0.0257,0.060666,-0.46885,0.024825,-0.082957,-0.83631,0.10094,0.041582,-0.85003,0.097628
-0.0083813,0.90067,0.007294,0.0019767,0.6848,0.041011,-0.18024,0.56796,0.049956,0.18609,0.5759,0.068675,-0.331,0.32227,0.12525,0.29139,0.30834,0.1784,-0.52429,0.17462,0.11178,0.48911,0.17756,0.21882,-0.0016357,0.29798,0.039457,0,0.22582,0,-0.082017,0.14345,-0.016268,0.082272,0.14512,-0.004528,-0.090869,-0.49851,0.04904,0.053435,-0.49749,0.049962,-0.066776,-0.8913,0.073969,0.049439,-0.89774,0.074834
-0.0080916,0.88999,0.013584,6.36e-05,0.67872,0.044683,-0.18084,0.55469,0.050045,0.18419,0.56321,0.070618,-0.34108,0.31399,0.12553,0.31052,0.29141,0.17877,-0.5449,0.18293,0.090294,0.51731,0.16369,0.15523,-0.0021768,0.28424,0.041867,0,0.21047,0,-0.081633,0.12775,-0.016132,0.081822,0.13044,-0.005302,-0.084705,-0.51404,0.051053,0.054203,-0.51169,0.054243,-0.079,-0.94066,0.058135,0.046568,-0.92023,0.066923
-0.0022234,0.85685,0.017539,0.0051674,0.63925,0.044323,-0.18168,0.51866,0.05097,0.19168,0.51295,0.069273,-0.34782,0.28892,0.11414,0.32535,0.2523,0.16384,-0.5587,0.17209,0.067707,0.5443,0.13057,0.11544,-0.0012342,0.2539,0.043081,0,0.18276,0,-0.085063,0.099089,-0.015548,0.084003,0.097058,-0.005393,-0.089253,-0.54361,0.044252,0.06191,-0.54446,0.047369,-0.077859,-0.94997,0.059453,0.048277,-0.97364,0.078279
0.0019319,0.80249,0.013426,0.0048726,0.59477,0.034087,-0.17835,0.46284,0.038185,0.19288,0.4741,0.057116,-0.36703,0.2376,0.091409,0.332,0.21204,0.15003,-0.57627,0.13674,0.005087,0.53549,0.086294,0.091797,-0.0010647,0.1983,0.042313,0,0.12437,0,-0.08309,0.04158,-0.015335,0.081316,0.04019,-0.001846,-0.096163,-0.56335,0.006893,0.070242,-0.56081,0.014108,-0.064496,-0.9896,0.07741,0.042699,-0.97723,0.076579
-0.0058069,0.73937,0.007436,0.0051949,0.53601,0.0305,-0.1841,0.41249,0.034735,0.18506,0.41562,0.045858,-0.37923,0.2006,0.071956,0.33878,0.15225,0.13006,-0.58295,0.10322,-0.032625,0.54341,0.033214,0.053719,-0.0003084,0.1476,0.042262,0,0.074545,0,-0.085139,-0.0060278,-0.01605,0.083212,-0.010169,-0.000142,-0.10723,-0.57161,-0.036163,0.074048,-0.55552,-0.025116,-0.070264,-0.98897,0.069421,0.033363,-0.98122,0.071725
-0.008879,0.69138,0.017513,0.000202,0.48849,0.032816,-0.18362,0.37637,0.03034,0.18997,0.37533,0.049698,-0.39071,0.16032,0.054529,0.34429,0.11988,0.12979,-0.60064,0.073998,-0.047048,0.54684,0.0059156,0.04386,-0.0018964,0.11647,0.04318,0,0.046741,0,-0.085515,-0.038265,-0.017602,0.085553,-0.038504,0.000707,-0.11233,-0.57197,-0.044777,0.076258,-0.5515,-0.035769,-0.075716,-0.9857,0.070883,0.024875,-0.98442,0.077806
-0.0087643,0.69127,0.017153,-0.0010916,0.48804,0.031801,-0.18401,0.37397,0.029105,0.18701,0.37023,0.046186,-0.39007,0.15699,0.054337,0.34184,0.11722,0.12808,-0.59826,0.061923,-0.042182,0.54079,-0.0077772,0.05099,-0.0020719,0.11343,0.043465,0,0.042869,0,-0.085086,-0.041101,-0.017554,0.085738,-0.041111,0.000932,-0.11277,-0.57408,-0.043532,0.077504,-0.55163,-0.035008,-0.079291,-0.98483,0.073128,0.025599,-0.98157,0.083696
-0.013304,0.72287,0.018673,-0.0016205,0.51334,0.033222,-0.18938,0.39238,0.030834,0.18086,0.41221,0.044836,-0.37314,0.18171,0.061955,0.32715,0.1408,0.13221,-0.57163,0.056328,-0.015832,0.51747,-0.0092445,0.097178,-0.0016055,0.13058,0.044342,0,0.059562,0,-0.0845,-0.023999,-0.017276,0.08532,-0.024164,-2.7e-05,-0.11312,-0.56898,-0.021919,0.075171,-0.55804,0.005333,-0.084719,-0.97847,0.068844,0.029265,-0.98447,0.082624
-0.0087497,0.78596,0.030768,-0.0062105,0.58814,0.03357,-0.18942,0.45582,0.028603,0.17678,0.46632,0.039252,-0.36643,0.22072,0.082199,0.32133,0.20012,0.14022,-0.55355,0.066951,0.045343,0.49044,0.025856,0.14044,-0.0021434,0.19138,0.04507,0,0.1172,0,-0.080581,0.03102,-0.01291,0.082747,0.039086,-0.003729,-0.098962,-0.55974,0.035299,0.065533,-0.55785,0.049461,-0.075537,-0.96753,0.06667,0.031144,-0.9823,0.08486
-0.013877,0.84021,0.027307,-0.0046671,0.62556,0.035068,-0.18802,0.50413,0.03673,0.18377,0.50314,0.043152,-0.35279,0.24903,0.089441,0.31025,0.23698,0.14992,-0.53122,0.083682,0.074898,0.47221,0.061358,0.18164,-0.0015857,0.24109,0.045954,0,0.1686,0,-0.084528,0.082912,-0.011835,0.086325,0.086223,-0.005775,-0.085982,-0.54381,0.032424,0.060316,-0.54636,0.044278,-0.048392,-0.96402,0.069072,0.025791,-0.9762,0.08954
-0.017824,0.8684,0.026858,0.0018132,0.6679,0.036622,-0.18773,0.52199,0.038267,0.1789,0.5366,0.042537,-0.34639,0.28,0.098012,0.30219,0.26914,0.1541,-0.51217,0.10336,0.10617,0.45397,0.095739,0.21791,-0.0002877,0.26439,0.046881,0,0.19037,0,-0.084549,0.10758,-0.010019,0.083995,0.11103,-0.007298,-0.088726,-0.46529,-0.006374,0.061369,-0.48892,0.014992,-0.032666,-0.90227,0.10372,0.018286,-0.84433,0.11617
-0.024915,0.88943,0.032373,0.0005051,0.67398,0.03635,-0.18897,0.54666,0.041789,0.1769,0.54987,0.047924,-0.33788,0.29738,0.10859,0.2959,0.2871,0.16115,-0.50808,0.12704,0.12909,0.448,0.12028,0.23768,-0.0007968,0.28128,0.047613,0,0.20893,0,-0.084082,0.1245,-0.011978,0.083959,0.12976,-0.005879,-0.082864,-0.4352,-0.020196,0.068967,-0.4183,-0.01883,-0.060087,-0.83434,0.13709,0.023425,-0.83472,0.13756
-0.025518,0.89979,0.035375,-0.00092,0.68277,0.040787,-0.18829,0.55515,0.043471,0.17532,0.5571,0.05205,-0.33836,0.30559,0.11542,0.29037,0.30119,0.17513,-0.51137,0.13909,0.14033,0.45055,0.13357,0.23468,-0.0012513,0.2874,0.048913,0,0.21498,0,-0.082935,0.13205,-0.012993,0.083485,0.13628,-0.005932,-0.082223,-0.4386,-0.012657,0.066549,-0.41621,-0.018094,-0.062448,-0.83125,0.13578,0.022332,-0.83066,0.13637
-0.026155,0.90709,0.038446,-0.0002472,0.68665,0.041568,-0.18935,0.56098,0.046384,0.176,0.56652,0.062614,-0.34264,0.31118,0.12262,0.29051,0.3031,0.17995,-0.52102,0.14912,0.14166,0.4751,0.16053,0.23502,-0.0020285,0.29171,0.049727,0,0.21941,0,-0.082976,0.13538,-0.013661,0.083238,0.1402,-0.005638,-0.086766,-0.47119,0.02577,0.057876,-0.45566,0.012254,-0.066897,-0.83462,0.13289,0.019417,-0.83538,0.12879
-0.024357,0.90519,0.039072,0.0001585,0.68738,0.043287,-0.1896,0.56064,0.046134,0.17642,0.56523,0.063716,-0.34415,0.31077,0.12216,0.29068,0.30072,0.18284,-0.54364,0.17152,0.10726,0.48575,0.16462,0.21984,-0.0022242,0.29089,0.050434,0,0.21849,0,-0.082805,0.13417,-0.014119,0.083022,0.13915,-0.005477,-0.082106,-0.50699,0.058501,0.043819,-0.50379,0.041117,-0.098142,-0.92651,0.11567,0.039413,-0.93403,0.082892
-0.023533,0.89069,0.035932,-0.0029942,0.67676,0.043091,-0.19148,0.54012,0.042779,0.17513,0.55325,0.066645,-0.35512,0.29708,0.11082,0.29407,0.28617,0.17987,-0.55777,0.16317,0.082958,0.50574,0.15118,0.17955,-0.0034462,0.2783,0.051029,0,0.20541,0,-0.08197,0.12018,-0.015904,0.083378,0.12537,-0.003785,-0.084657,-0.52079,0.058128,0.042683,-0.51765,0.041136,-0.089809,-0.92509,0.095645,0.033498,-0.93937,0.078911
-0.013214,0.85992,0.033631,-0.0014372,0.62196,0.040687,-0.18195,0.50186,0.038612,0.18306,0.50246,0.071572,-0.35658,0.25616,0.090921,0.30976,0.23765,0.16416,-0.56208,0.13614,0.026267,0.51705,0.113,0.12397,-0.0046205,0.23132,0.051277,0,0.16089,0,-0.081207,0.078937,-0.019804,0.081634,0.078766,0.0007,-0.089725,-0.5593,0.057188,0.049339,-0.53393,0.036551,-0.090228,-0.94499,0.083773,0.038654,-0.94296,0.07232
-0.006062,0.80139,0.02704,0.0069065,0.58722,0.034711,-0.18191,0.4498,0.030973,0.18616,0.46809,0.06317,-0.35775,0.22429,0.071159,0.30741,0.19376,0.1409,-0.55996,0.10558,-0.00785,0.51576,0.063558,0.094993,-0.0026221,0.19041,0.05011,0,0.11578,0,-0.084034,0.028746,-0.018559,0.081102,0.035607,0.001169,-0.099762,-0.56106,0.024199,0.056387,-0.53872,0.012175,-0.090528,-0.95761,0.085065,0.032487,-0.96623,0.10059
-0.0048096,0.73373,0.013737,-0.0001281,0.51758,0.029509,-0.18274,0.39564,0.022692,0.1886,0.39712,0.062721,-0.37,0.15692,0.046894,0.32338,0.12617,0.13202,-0.57699,0.05216,-0.040514,0.52663,0.00057688,0.07197,-0.0050671,0.13587,0.049017,0,0.064963,0,-0.084464,-0.014716,-0.022032,0.084403,-0.020879,0.005426,-0.10806,-0.57269,-0.028933,0.069404,-0.54742,-0.026273,-0.084666,-0.97153,0.095146,0.030517,-0.97667,0.096275
0.0008449,0.68569,0.008565,-0.0024287,0.47567,0.028165,-0.18388,0.35674,0.017843,0.18865,0.36483,0.064876,-0.37231,0.13449,0.040421,0.32066,0.098922,0.12471,-0.57371,0.019466,-0.047218,0.52204,-0.029571,0.064432,-0.0061036,0.10666,0.048257,0,0.037954,0,-0.084428,-0.04871,-0.020779,0.085042,-0.04678,0.005726,-0.10979,-0.57214,-0.040442,0.072834,-0.54907,-0.043543,-0.085761,-0.96617,0.095179,0.030011,-0.97706,0.090921
0.0013996,0.68429,0.007044,-0.0017102,0.4757,0.027987,-0.18323,0.35634,0.017416,0.1883,0.36315,0.062614,-0.37094,0.12966,0.039737,0.31674,0.094926,0.12513,-0.56676,0.0029266,-0.043576,0.51098,-0.048377,0.080482,-0.0056647,0.10509,0.047785,0,0.035694,0,-0.084081,-0.049334,-0.021111,0.0847,-0.04959,0.005725,-0.11222,-0.56869,-0.039854,0.075932,-0.54751,-0.044106,-0.085981,-0.96459,0.096024,0.031167,-0.97468,0.090571
0.0007169,0.70106,0.00882,-0.0038977,0.50235,0.033671,-0.17924,0.38606,0.021441,0.18624,0.38391,0.05538,-0.36377,0.13752,0.044292,0.31202,0.10434,0.12801,-0.55902,-0.0010161,-0.013218,0.50227,-0.046101,0.094622,-0.0047966,0.11823,0.048635,0,0.047851,0,-0.083347,-0.031373,-0.021582,0.083738,-0.036363,0.004336,-0.12253,-0.56689,-0.005207,0.06864,-0.55222,-0.001045,-0.086776,-0.96255,0.095162,0.033729,-0.97298,0.090772
-0.001537,0.77456,0.02088,0.0012282,0.57658,0.040015,-0.1794,0.45302,0.032356,0.18712,0.45028,0.060105,-0.34905,0.20295,0.062798,0.29519,0.1797,0.13606,-0.52357,0.034103,0.033467,0.45755,0.0024781,0.15973,-0.0033727,0.18295,0.050509,0,0.11073,0,-0.081779,0.030077,-0.020658,0.081343,0.026028,0.001441,-0.11173,-0.54284,0.026918,0.064138,-0.54632,0.025399,-0.085009,-0.94292,0.087268,0.04009,-0.95213,0.075434
0.0079166,0.82673,0.026292,0.010155,0.6191,0.040703,-0.17127,0.49313,0.032538,0.19202,0.50023,0.057702,-0.33501,0.23968,0.072183,0.29113,0.22469,0.13217,-0.50495,0.065732,0.050008,0.43971,0.048414,0.19584,-0.0014215,0.22657,0.051166,0,0.15483,0,-0.084628,0.072742,-0.019483,0.080677,0.07552,0.000111,-0.098169,-0.54856,0.030333,0.059052,-0.54567,0.031361,-0.060884,-0.93936,0.081782,0.037241,-0.9479,0.077487
0.002016,0.87673,0.027915,0.0082478,0.65567,0.035971,-0.17465,0.52616,0.036323,0.1955,0.51689,0.059738,-0.33147,0.26814,0.076394,0.28881,0.23976,0.13698,-0.49624,0.089325,0.053476,0.44257,0.068085,0.20088,-0.0017398,0.26029,0.050717,0,0.18723,0,-0.086188,0.10515,-0.017927,0.083057,0.099104,-0.000371,-0.096099,-0.46014,-0.009673,0.046867,-0.48992,0.001451,-0.055716,-0.86676,0.11944,0.026266,-0.87733,0.11531
0.0008039,0.88093,0.027673,0.0076823,0.6626,0.035428,-0.17776,0.53901,0.038748,0.19488,0.54,0.066728,-0.33191,0.28788,0.090159,0.2859,0.26207,0.1498,-0.5129,0.12532,0.080769,0.44775,0.096819,0.21118,-0.0023335,0.27632,0.050736,0,0.20568,0,-0.085707,0.12387,-0.017788,0.083012,0.1191,-0.000651,-0.095252,-0.43622,-0.022389,0.037484,-0.45294,-0.011607,-0.054869,-0.8557,0.12472,0.022796,-0.86293,0.11669
-0.0050108,0.89417,0.031312,0.0066851,0.67695,0.043235,-0.17793,0.55211,0.044149,0.18723,0.56162,0.078271,-0.33521,0.30616,0.10611,0.28454,0.27524,0.15747,-0.50942,0.13667,0.080749,0.45355,0.11285,0.20867,-0.0032133,0.28431,0.051969,0,0.21326,0,-0.084353,0.13349,-0.017803,0.08153,0.12974,-0.002006,-0.096314,-0.43508,-0.021199,0.031773,-0.44864,-0.010329,-0.058672,-0.84951,0.12518,0.010894,-0.84061,0.12684
-0.0062934,0.89746,0.033327,0.0075745,0.68345,0.04895,-0.17773,0.55493,0.047907,0.18753,0.56259,0.081102,-0.33714,0.3094,0.11097,0.28594,0.27897,0.16251,-0.53685,0.16898,0.092581,0.47182,0.13178,0.20308,-0.0030018,0.28602,0.052929,0,0.21511,0,-0.083932,0.13517,-0.018246,0.080244,0.13257,-0.003311,-0.081694,-0.4819,0.0245,0.012872,-0.48433,0.032999,-0.051982,-0.79804,0.12713,0.0076953,-0.85164,0.1175
-0.0071203,0.89763,0.040082,0.0071207,0.68387,0.050344,-0.17924,0.55437,0.053195,0.18744,0.56114,0.083765,-0.33755,0.30898,0.11468,0.2877,0.27842,0.16387,-0.54292,0.17495,0.082264,0.48077,0.1357,0.18928,-0.0025385,0.28488,0.05368,0,0.21352,0,-0.083418,0.1325,-0.018606,0.079935,0.1313,-0.0036,-0.077143,-0.51024,0.041596,0.0030646,-0.50662,0.058628,-0.084303,-0.95171,0.083939,-0.005128,-0.95556,0.076875
-0.003821,0.88774,0.051052,0.0050265,0.66864,0.054654,-0.18142,0.53686,0.054921,0.1873,0.5355,0.087263,-0.33776,0.30047,0.11644,0.29462,0.27011,0.16184,-0.54853,0.16935,0.067858,0.49179,0.12621,0.15403,-0.0032673,0.27373,0.054691,0,0.20334,0,-0.085189,0.11143,-0.019995,0.081793,0.12665,-0.004055,-0.071026,-0.52933,0.054993,0.0090982,-0.51182,0.057858,-0.07873,-0.94992,0.084383,0.0068079,-0.98302,0.031908
-0.0032485,0.84561,0.052901,0.0081789,0.62418,0.054535,-0.17919,0.5045,0.055592,0.19177,0.50378,0.079917,-0.34014,0.26077,0.11091,0.30625,0.22468,0.13693,-0.54637,0.14584,0.037892,0.50849,0.090955,0.10208,-0.0019282,0.22337,0.055465,0,0.15218,0,-0.080687,0.079103,-0.021152,0.078988,0.066593,-0.004372,-0.06641,-0.56204,0.047327,0.015328,-0.55284,0.047944,-0.085467,-0.95243,0.096774,-0.0097214,-0.96635,0.11252
0.0002643,0.78878,0.047007,-0.0017952,0.5765,0.045912,-0.18047,0.46015,0.053645,0.19034,0.44771,0.080519,-0.34622,0.21304,0.089271,0.32833,0.16554,0.11983,-0.5475,0.094126,0.007632,0.52621,0.02721,0.075384,-0.0036826,0.19754,0.054621,0,0.12849,0,-0.082859,0.038784,-0.018833,0.081757,0.045065,-0.001871,-0.10395,-0.56682,0.007419,0.042524,-0.55317,0.001761,-0.091796,-0.96045,0.10181,-0.0078153,-0.96808,0.10699
-0.0006005,0.73595,0.041053,-0.0001415,0.52061,0.041557,-0.1813,0.39357,0.038377,0.18943,0.39167,0.06462,-0.36047,0.15389,0.064519,0.3325,0.12829,0.10738,-0.56529,0.04104,-0.016899,0.53195,-0.010983,0.052472,-0.0035799,0.13086,0.053852,0,0.060138,0,-0.084809,-0.021497,-0.021883,0.08486,-0.025475,0.001657,-0.1137,-0.56968,-0.028802,0.054552,-0.55564,-0.028763,-0.10659,-0.96377,0.10089,-0.005242,-0.97203,0.098701
0.0043597,0.691,0.036299,-0.0019381,0.48541,0.033236,-0.18269,0.37459,0.037796,0.18847,0.36236,0.059274,-0.36753,0.12798,0.05212,0.33562,0.088612,0.095626,-0.56964,0.0080097,-0.025052,0.54123,-0.036415,0.045299,-0.0033166,0.10729,0.052523,0,0.037542,0,-0.084618,-0.044768,-0.020147,0.084769,-0.049358,0.002625,-0.12326,-0.5739,-0.040161,0.062563,-0.5582,-0.034636,-0.10785,-0.96181,0.099463,-0.002484,-0.97211,0.098869
0.0035295,0.69082,0.036538,-0.0018808,0.48559,0.034112,-0.18291,0.37456,0.037613,0.18782,0.36306,0.058074,-0.36296,0.12958,0.052822,0.33181,0.090495,0.094478,-0.56062,0.00095606,-0.021343,0.52785,-0.052354,0.060869,-0.0031619,0.10712,0.052397,0,0.037454,0,-0.084633,-0.044777,-0.020171,0.084835,-0.049381,0.002522,-0.12812,-0.57387,-0.036452,0.061294,-0.56102,-0.02876,-0.11292,-0.97162,0.10689,-0.0041106,-0.97337,0.10073
-0.0008304,0.72622,0.035211,0.0009528,0.5379,0.03532,-0.18403,0.39844,0.038765,0.18887,0.40427,0.052291,-0.35375,0.1443,0.05724,0.32745,0.12128,0.10372,-0.54539,0.0003334,0.001051,0.50953,-0.039835,0.079209,-0.0016964,0.13771,0.052432,0,0.064441,0,-0.085497,-0.016874,-0.019067,0.084851,-0.022444,0.000746,-0.12109,-0.56909,-0.003063,0.062005,-0.5633,0.012068,-0.11145,-0.97106,0.10864,0.0002062,-0.97184,0.10384
-0.0018387,0.78734,0.051459,0.004098,0.59031,0.044544,-0.18422,0.45847,0.046568,0.18947,0.46065,0.058677,-0.33968,0.21561,0.08668,0.31113,0.18852,0.11309,-0.50425,0.039809,0.037474,0.46503,0.0041402,0.1382,-0.0008889,0.19293,0.054177,0,0.12088,0,-0.084492,0.036691,-0.016012,0.083032,0.037831,-0.004889,-0.11709,-0.56006,0.029954,0.050483,-0.55264,0.040457,-0.098093,-0.95402,0.10308,0.0025409,-0.9639,0.10347
0.0041905,0.84568,0.056526,0.006778,0.63793,0.046968,-0.18046,0.51155,0.048183,0.19286,0.50059,0.053558,-0.32813,0.24824,0.095698,0.30833,0.231,0.12382,-0.48976,0.066896,0.066993,0.45887,0.052215,0.17747,0.0002159,0.24256,0.054787,0,0.17107,0,-0.084826,0.088714,-0.018742,0.08255,0.084674,-0.003092,-0.10978,-0.52231,0.029287,0.051458,-0.54778,0.041717,-0.087066,-0.9355,0.10562,0.0090376,-0.94545,0.10772
-0.0056677,0.88254,0.061205,0.0080775,0.66284,0.045424,-0.18062,0.52669,0.048547,0.191,0.53292,0.057194,-0.32511,0.27979,0.11567,0.30436,0.25774,0.12618,-0.48354,0.095307,0.092116,0.45121,0.076993,0.18266,0.0002487,0.26011,0.054809,0,0.18727,0,-0.086167,0.10626,-0.018488,0.083239,0.10181,-0.002778,-0.11747,-0.44966,-0.014182,0.043223,-0.47951,-0.002516,-0.056803,-0.87433,0.12539,0.015129,-0.89244,0.11769
-0.011194,0.89151,0.051939,0.007665,0.67332,0.039736,-0.18245,0.54754,0.045576,0.18775,0.54711,0.058193,-0.32429,0.29303,0.11818,0.29966,0.28058,0.14342,-0.48957,0.11455,0.11137,0.45239,0.10318,0.19583,-0.0004746,0.27977,0.053779,0,0.20847,0,-0.08569,0.12836,-0.016379,0.082971,0.12381,-0.002183,-0.11956,-0.40673,-0.045271,0.044662,-0.41751,-0.036919,-0.054012,-0.82168,0.12505,0.0096839,-0.83505,0.10193
-0.011029,0.89904,0.046898,0.0067614,0.68094,0.039005,-0.18352,0.55187,0.044318,0.1885,0.55703,0.061846,-0.32233,0.30507,0.11675,0.2986,0.28135,0.14341,-0.4948,0.13362,0.11175,0.45951,0.1106,0.19393,-0.0011834,0.28721,0.053924,0,0.21546,0,-0.085744,0.13295,-0.017114,0.083281,0.13052,-0.001531,-0.10805,-0.41969,-0.04246,0.039438,-0.41931,-0.038948,-0.072965,-0.82003,0.12818,0.0082936,-0.82848,0.10897
-0.011711,0.90075,0.043534,0.0053939,0.68423,0.036507,-0.18491,0.55361,0.044873,0.18785,0.55945,0.063004,-0.32239,0.30736,0.11836,0.29892,0.28188,0.14399,-0.51275,0.15577,0.1079,0.48075,0.12797,0.17964,-0.0014163,0.28974,0.053665,0,0.21753,0,-0.085483,0.1344,-0.016874,0.083338,0.13251,-0.001265,-0.087347,-0.47914,-0.001519,0.023518,-0.46276,-0.014116,-0.078932,-0.83042,0.12048,0.0093136,-0.83413,0.098189
-0.011735,0.8977,0.041903,0.0068017,0.68354,0.038256,-0.18375,0.55341,0.047954,0.18752,0.55887,0.063599,-0.32246,0.30785,0.12005,0.30609,0.28046,0.14168,-0.52614,0.16216,0.083556,0.50608,0.14186,0.13252,-0.0008159,0.2849,0.054189,0,0.21146,0,-0.084591,0.1272,-0.017827,0.082635,0.12804,-0.000374,-0.07488,-0.51605,0.03799,0.018933,-0.5151,0.018367,-0.10105,-0.94535,0.077262,0.0067695,-0.95674,0.036908
-0.016062,0.88787,0.040092,0.0048514,0.67589,0.039491,-0.18667,0.53198,0.046269,0.18525,0.54689,0.061384,-0.32899,0.29424,0.11216,0.30944,0.27216,0.13599,-0.54143,0.1542,0.054954,0.5095,0.13456,0.10531,-0.0011447,0.26662,0.054494,0,0.191,0,-0.083382,0.10144,-0.018013,0.082338,0.1127,-0.000213,-0.074166,-0.54131,0.042484,0.02497,-0.53086,0.021989,-0.10444,-0.94694,0.072509,0.0086586,-0.95808,0.038245
-0.020145,0.83357,0.027391,-0.0021437,0.61859,0.037946,-0.18611,0.50001,0.049033,0.18199,0.49264,0.056656,-0.34888,0.24503,0.096966,0.32104,0.22423,0.11114,-0.56058,0.13568,0.033275,0.52844,0.099948,0.069274,-0.0014552,0.22429,0.054249,0,0.15372,0,-0.081868,0.068624,-0.019227,0.082281,0.073928,0.000976,-0.077458,-0.56349,0.036911,0.030296,-0.54767,0.014534,-0.097501,-0.95554,0.061354,0.0080472,-0.95885,0.041652
-0.021274,0.78242,0.031156,-0.0030293,0.57234,0.037565,-0.18596,0.44012,0.047585,0.18621,0.44229,0.057245,-0.34987,0.19862,0.083435,0.33983,0.17176,0.097489,-0.55691,0.10023,-0.012487,0.5504,0.054901,0.048208,-0.0016685,0.18198,0.054212,0,0.10951,0,-0.083471,0.026607,-0.019567,0.084516,0.022997,0.001046,-0.097074,-0.55795,-0.022684,0.042546,-0.5467,-0.018215,-0.092812,-0.95891,0.061759,0.012616,-0.96107,0.045803
-0.013169,0.72092,0.037129,-0.0001818,0.51578,0.032839,-0.18831,0.38727,0.046583,0.17897,0.38254,0.045697,-0.36139,0.15306,0.063683,0.34907,0.13381,0.091298,-0.56675,0.055536,-0.037355,0.55127,0.0073665,0.028601,2.6e-05,0.12294,0.053152,0,0.050497,0,-0.084121,-0.031859,-0.016063,0.084186,-0.032273,-0.000605,-0.099356,-0.56828,-0.048722,0.056381,-0.56286,-0.047904,-0.079474,-0.97676,0.082913,0.018428,-0.97441,0.064684
-0.017536,0.68041,0.025333,-0.0046555,0.4859,0.030431,-0.18775,0.37101,0.048491,0.1797,0.35962,0.044274,-0.36019,0.13302,0.057747,0.34504,0.1105,0.084208,-0.56302,0.018748,-0.053156,0.54845,-0.013716,0.020772,-0.0001882,0.10533,0.052254,0,0.034694,0,-0.083443,-0.046644,-0.016124,0.084638,-0.049588,0.000134,-0.10172,-0.56852,-0.057582,0.060023,-0.56157,-0.059374,-0.084562,-0.97664,0.083682,0.018383,-0.97512,0.063217
-0.018347,0.68061,0.028898,-0.0041419,0.48543,0.031797,-0.18792,0.36905,0.049867,0.1795,0.35897,0.044586,-0.36098,0.12959,0.056772,0.34503,0.1101,0.085081,-0.56232,0.009026,-0.043614,0.54459,-0.021838,0.026185,6.43e-05,0.10362,0.052133,0,0.032793,0,-0.083659,-0.048987,-0.015947,0.084635,-0.051023,-0.000805,-0.1039,-0.56865,-0.055021,0.06009,-0.56121,-0.05886,-0.0895,-0.97462,0.085076,0.017977,-0.97496,0.065234
-0.01557,0.71877,0.051776,4.72e-05,0.51159,0.043189,-0.18535,0.38592,0.055866,0.17893,0.39136,0.047905,-0.35456,0.14029,0.06112,0.34574,0.12084,0.093004,-0.54718,-0.0033393,0.008158,0.53774,-0.026051,0.050636,0.0011585,0.12202,0.053887,0,0.05221,0,-0.083417,-0.029523,-0.015824,0.083164,-0.025628,-0.005783,-0.10982,-0.56222,-0.024854,0.067492,-0.54821,-0.032243,-0.089746,-0.96795,0.077546,0.016441,-0.96111,0.059472
-0.02191,0.77634,0.077883,-0.0049213,0.58513,0.060805,-0.19514,0.44765,0.072525,0.16948,0.45478,0.047134,-0.34352,0.20629,0.089805,0.3363,0.18656,0.11249,-0.51152,0.032954,0.042013,0.49529,0.0024807,0.10706,0.0027805,0.18622,0.056754,0,0.11588,0,-0.080316,0.030323,-0.015992,0.082017,0.039274,-0.009904,-0.11159,-0.54632,0.036371,0.049719,-0.54285,0.030382,-0.098193,-0.95597,0.081726,0.008297,-0.95776,0.068313
-0.035606,0.83174,0.077371,-0.0005998,0.63556,0.061122,-0.18869,0.49178,0.070138,0.17844,0.50728,0.052419,-0.32663,0.24503,0.10376,0.31757,0.23858,0.11401,-0.48274,0.059816,0.065846,0.47253,0.05403,0.13411,0.002607,0.23217,0.05706,0,0.16087,0,-0.082943,0.076998,-0.015382,0.083132,0.080879,-0.010561,-0.084547,-0.55962,0.043966,0.029886,-0.54032,0.036067,-0.085827,-0.94722,0.08109,0.0005024,-0.95439,0.070874
-0.039668,0.868,0.077403,0.0025015,0.66099,0.057471,-0.19077,0.51703,0.073079,0.17858,0.53193,0.05077,-0.3109,0.28724,0.129,0.3155,0.255,0.11313,-0.46238,0.09675,0.11713,0.47134,0.072181,0.13813,0.0037143,0.25589,0.056677,0,0.18402,0,-0.083701,0.097203,-0.014043,0.082921,0.10594,-0.010885,-0.079989,-0.50166,0.008834,0.018001,-0.51963,0.019803,-0.060206,-0.85154,0.10472,0.01849,-0.90538,0.07862
-0.036552,0.88214,0.078051,0.0080148,0.68153,0.056129,-0.19003,0.54033,0.077482,0.18126,0.55317,0.05236,-0.30582,0.29448,0.1319,0.31822,0.26818,0.11664,-0.46066,0.10675,0.1226,0.48232,0.092021,0.13827,0.0049946,0.27758,0.056597,0,0.20584,0,-0.08582,0.12277,-0.013439,0.082901,0.12337,-0.011061,-0.079068,-0.43182,-0.029141,0.024864,-0.45899,-0.018176,-0.057685,-0.84718,0.10552,0.016951,-0.84534,0.1021
-0.03529,0.89023,0.075371,0.0081208,0.68995,0.052334,-0.18748,0.54812,0.077357,0.18586,0.56153,0.051282,-0.29853,0.30114,0.14137,0.32136,0.27683,0.11855,-0.46341,0.12248,0.1391,0.50515,0.11862,0.12528,0.0051328,0.29016,0.05604,0,0.21902,0,-0.08543,0.13399,-0.010515,0.08253,0.13692,-0.012953,-0.078193,-0.43192,-0.029103,0.026778,-0.45288,-0.019797,-0.052843,-0.84382,0.10462,0.019587,-0.84173,0.10208
-0.03517,0.8941,0.074606,0.0090965,0.69267,0.05101,-0.18554,0.55072,0.078436,0.18579,0.56402,0.050761,-0.29381,0.30717,0.14758,0.32446,0.28197,0.1187,-0.47501,0.14469,0.13717,0.51667,0.13267,0.1079,0.005497,0.2911,0.056073,0,0.21954,0,-0.084803,0.13489,-0.009922,0.082179,0.13804,-0.013165,-0.077711,-0.46035,-0.006973,0.035306,-0.47765,0.005993,-0.057024,-0.84261,0.10242,0.040847,-0.84618,0.086317
-0.034843,0.89513,0.073053,0.0090166,0.69346,0.050271,-0.18515,0.5478,0.078229,0.18648,0.56512,0.050534,-0.2948,0.3079,0.14892,0.32882,0.28624,0.11727,-0.47925,0.14909,0.13682,0.52228,0.13888,0.092868,0.0054099,0.29029,0.056143,0,0.21804,0,-0.084456,0.13208,-0.009764,0.081852,0.13718,-0.012941,-0.072298,-0.51304,0.026346,0.059495,-0.50695,0.031718,-0.073007,-0.90634,0.072009,0.062972,-0.92821,0.064371
-0.031661,0.8887,0.073951,0.0065612,0.68719,0.048799,-0.18517,0.54229,0.076432,0.19172,0.54484,0.049456,-0.30441,0.2999,0.15053,0.33248,0.27936,0.11242,-0.51321,0.15416,0.11152,0.5284,0.12797,0.062075,0.004608,0.27962,0.055969,0,0.20598,0,-0.084518,0.11867,-0.008622,0.082294,0.12593,-0.013111,-0.080971,-0.52639,0.029727,0.057913,-0.51807,0.032301,-0.084645,-0.92498,0.057104,0.059119,-0.93552,0.059876
-0.0076876,0.8432,0.070175,0.011147,0.63843,0.049773,-0.18104,0.51352,0.082339,0.19514,0.51055,0.044751,-0.31566,0.26887,0.14385,0.34405,0.23802,0.096049,-0.51665,0.13958,0.083514,0.53086,0.083994,0.019606,0.0067207,0.24788,0.05608,0,0.17798,0,-0.086185,0.093917,-0.007005,0.083052,0.093867,-0.015688,-0.090467,-0.5433,0.025955,0.057241,-0.53674,0.026938,-0.081812,-0.93844,0.067876,0.05922,-0.9364,0.05722
-0.022854,0.79189,0.064646,0.010871,0.58958,0.047349,-0.17831,0.45825,0.078196,0.19712,0.45337,0.042392,-0.32814,0.21981,0.13135,0.34615,0.18832,0.081207,-0.535,0.10679,0.056494,0.52569,0.036305,-0.003583,0.0065791,0.19337,0.055863,0,0.12238,0,-0.085734,0.038795,-0.007511,0.081815,0.038351,-0.014574,-0.10486,-0.54382,0.009973,0.067726,-0.55202,-0.008531,-0.083339,-0.94504,0.088452,0.059499,-0.93844,0.057244
-0.0029193,0.74064,0.061984,0.011738,0.53838,0.049711,-0.17705,0.40426,0.07115,0.19166,0.39709,0.027771,-0.33866,0.1632,0.11234,0.34704,0.12484,0.074955,-0.54906,0.055389,0.040236,0.52361,-0.023212,-0.017626,0.0077956,0.1371,0.056198,0,0.065241,0,-0.086002,-0.015877,-0.008275,0.081921,-0.018148,-0.01392,-0.10725,-0.55609,-0.027925,0.067182,-0.56031,-0.03032,-0.075308,-0.96242,0.10649,0.074132,-0.96737,0.094165
-0.017109,0.69151,0.0504,0.0086466,0.50288,0.039611,-0.17669,0.36263,0.065173,0.19201,0.36587,0.02826,-0.3428,0.12853,0.10455,0.30716,0.085914,0.062503,-0.55063,0.018378,0.027763,0.51531,-0.052803,-0.015689,0.0066178,0.10549,0.054818,0,0.032852,0,-0.085863,-0.050565,-0.00706,0.082868,-0.049949,-0.011514,-0.10806,-0.56104,-0.043721,0.075058,-0.56042,-0.060958,-0.076617,-0.95928,0.098067,0.065652,-0.96564,0.084673
-0.017586,0.68808,0.048347,0.0098746,0.49351,0.037871,-0.17883,0.35406,0.064882,0.18999,0.35883,0.0257,-0.34046,0.12351,0.10386,0.33971,0.073226,0.06485,-0.54236,-0.0006785,0.034345,0.51699,-0.084722,-0.002922,0.0071204,0.10024,0.054628,0,0.028262,0,-0.085889,-0.055768,-0.006063,0.082617,-0.053532,-0.012025,-0.1118,-0.56313,-0.048035,0.075631,-0.55779,-0.066186,-0.084279,-0.96005,0.090908,0.05944,-0.96404,0.078751
-0.017269,0.69104,0.046485,0.0081361,0.49859,0.039082,-0.17835,0.36913,0.062256,0.18647,0.36808,0.026402,-0.33888,0.12783,0.10756,0.33642,0.084565,0.073504,-0.53401,-0.013018,0.056823,0.50954,-0.086036,0.04601,0.0062776,0.10548,0.054897,0,0.033925,0,-0.084784,-0.047917,-0.007397,0.082927,-0.046749,-0.011247,-0.11716,-0.56195,-0.04083,0.075439,-0.55523,-0.057784,-0.089634,-0.95731,0.090248,0.057841,-0.96134,0.077074
-0.011711,0.75354,0.054085,0.0062158,0.55864,0.043283,-0.18161,0.42935,0.06742,0.1908,0.43249,0.03467,-0.31991,0.18061,0.12835,0.31983,0.14259,0.095078,-0.49699,0.014422,0.097418,0.47943,-0.041202,0.083622,0.0055949,0.1659,0.055561,0,0.09504,0,-0.086555,0.0116,-0.008826,0.084325,0.012155,-0.011771,-0.11808,-0.53889,0.012423,0.074047,-0.5533,0.007533,-0.094374,-0.95056,0.090917,0.05817,-0.95396,0.077835
0.0013732,0.81414,0.06109,0.012941,0.60355,0.044956,-0.17528,0.47223,0.06315,0.193,0.48481,0.033504,-0.30239,0.2252,0.13033,0.31316,0.201,0.10295,-0.47322,0.05177,0.117,0.46083,0.0091712,0.1144,0.0064539,0.20676,0.055872,0,0.13541,0,-0.085541,0.047599,-0.006334,0.080701,0.061223,-0.015002,-0.11664,-0.53882,0.016608,0.066075,-0.54297,0.016399,-0.083381,-0.94067,0.08311,0.053384,-0.95338,0.073884
-0.014326,0.84747,0.063077,0.011467,0.64404,0.040765,-0.17927,0.50363,0.063552,0.19221,0.50929,0.039652,-0.30504,0.23962,0.1329,0.30758,0.2309,0.10686,-0.47153,0.062028,0.1199,0.45987,0.043311,0.12233,0.0053042,0.25251,0.055318,0,0.1816,0,-0.086853,0.098892,-0.006759,0.081931,0.093819,-0.013612,-0.10722,-0.49477,-0.002553,0.051572,-0.50038,-0.001133,-0.063488,-0.88444,0.10305,0.048622,-0.90606,0.099469
-0.01567,0.87756,0.056141,0.013351,0.67049,0.037896,-0.18097,0.51753,0.060567,0.19089,0.53481,0.042856,-0.30307,0.25787,0.13158,0.30783,0.24297,0.11166,-0.47993,0.090636,0.1218,0.47421,0.066596,0.1192,0.0048673,0.26623,0.055157,0,0.19285,0,-0.087306,0.10839,-0.006581,0.082898,0.11159,-0.011098,-0.097368,-0.43177,-0.035102,0.038397,-0.46397,-0.026222,-0.040292,-0.86003,0.10774,0.041141,-0.83919,0.090808
-0.015671,0.88614,0.052383,0.01406,0.67631,0.035613,-0.17563,0.5376,0.056898,0.19215,0.55113,0.04826,-0.30097,0.27488,0.12949,0.30739,0.27452,0.11963,-0.48187,0.11197,0.1157,0.47924,0.10215,0.10985,0.0037333,0.27563,0.054572,0,0.20225,0,-0.086843,0.11983,-0.007788,0.081998,0.12118,-0.008867,-0.096805,-0.42523,-0.036609,0.037119,-0.44092,-0.037157,-0.03562,-0.85115,0.10864,0.044135,-0.83215,0.087868
-0.013967,0.89139,0.05186,0.013913,0.68009,0.037353,-0.17541,0.5405,0.057504,0.19151,0.55249,0.049264,-0.29859,0.29144,0.12831,0.30669,0.27535,0.11927,-0.48532,0.13589,0.10015,0.49122,0.11658,0.10769,0.0036623,0.27771,0.054731,0,0.20418,0,-0.086347,0.12238,-0.008632,0.081785,0.12285,-0.008606,-0.08075,-0.46121,-0.001319,0.037594,-0.45999,-0.014783,-0.038415,-0.85437,0.10928,0.037429,-0.84534,0.097328
-0.011669,0.89375,0.05533,0.014599,0.68094,0.040011,-0.17531,0.54119,0.057823,0.19237,0.55325,0.052996,-0.30383,0.29212,0.1261,0.30764,0.27589,0.11942,-0.49567,0.14489,0.083943,0.50531,0.13708,0.074922,0.0032555,0.27767,0.05496,0,0.20434,0,-0.085855,0.12234,-0.009412,0.081593,0.12306,-0.008507,-0.078601,-0.51043,0.030147,0.06615,-0.50445,0.022745,-0.051281,-0.90633,0.10404,0.045792,-0.86715,0.095071
-0.013125,0.88834,0.05747,0.01088,0.67072,0.04187,-0.17743,0.53475,0.060941,0.19551,0.54065,0.061682,-0.32046,0.28065,0.1167,0.3114,0.26838,0.11694,-0.51784,0.14968,0.046376,0.50977,0.1317,0.067699,0.0018636,0.27185,0.055315,0,0.19918,0,-0.085579,0.11602,-0.010172,0.083255,0.11529,-0.008911,-0.084718,-0.52805,0.039708,0.069019,-0.53004,0.024639,-0.070392,-0.91247,0.097806,0.056701,-0.93468,0.087506
-0.0081037,0.84618,0.061445,0.0054784,0.63671,0.047446,-0.18051,0.49479,0.056284,0.1947,0.51048,0.060297,-0.3343,0.2579,0.10352,0.3158,0.24018,0.10593,-0.53665,0.1379,0.026761,0.51734,0.10164,0.036858,0.0006193,0.23295,0.056496,0,0.1602,0,-0.084431,0.068995,-0.013596,0.082814,0.082041,-0.00861,-0.090995,-0.53648,0.032328,0.064189,-0.53751,0.017645,-0.082412,-0.93049,0.093304,0.051932,-0.93659,0.08612
-0.0086026,0.80348,0.051692,0.005852,0.58427,0.044212,-0.18391,0.46394,0.045657,0.18389,0.45608,0.051453,-0.34812,0.21899,0.078236,0.31518,0.18659,0.088174,-0.5531,0.10838,-0.006729,0.50947,0.051621,0.003247,0.0001226,0.19192,0.05614,0,0.1216,0,-0.08726,0.0427,-0.016636,0.085104,0.03852,-0.004047,-0.10952,-0.55172,0.005023,0.059316,-0.5467,-0.002591,-0.086883,-0.95307,0.092271,0.051211,-0.96726,0.10315
-0.0068447,0.74585,0.04012,0.0002958,0.52961,0.036316,-0.18546,0.40611,0.045335,0.18655,0.39628,0.048852,-0.35871,0.15926,0.053026,0.32814,0.12962,0.07671,-0.56331,0.051028,-0.036595,0.52279,-0.0069469,-0.019338,-0.0005851,0.13766,0.054631,0,0.065988,0,-0.086074,-0.016168,-0.01396,0.085968,-0.018591,-0.004183,-0.10634,-0.55172,-0.032668,0.076094,-0.55098,-0.033378,-0.079696,-0.96316,0.097821,0.054671,-0.97007,0.097157
-0.011993,0.69272,0.027537,-0.000155,0.4903,0.032572,-0.18672,0.36252,0.045032,0.18459,0.35843,0.043117,-0.35924,0.13712,0.051491,0.2903,0.097973,0.066223,-0.56324,0.030961,-0.042536,0.50841,-0.047624,-0.021562,0.0001835,0.1039,0.05358,0,0.032772,0,-0.085451,-0.052704,-0.014236,0.085644,-0.048943,-0.002655,-0.11521,-0.56711,-0.052887,0.080126,-0.55521,-0.046337,-0.086014,-0.96545,0.095625,0.043173,-0.97089,0.12997
-0.012644,0.6922,0.027408,-0.0007995,0.48592,0.032931,-0.18675,0.36195,0.044642,0.18473,0.3578,0.042822,-0.35679,0.13098,0.051775,0.32342,0.074203,0.071819,-0.5496,0.0004639,-0.033506,0.50853,-0.073001,-5.2e-05,8.76e-05,0.10195,0.053198,0,0.031257,0,-0.0856,-0.053937,-0.014094,0.085915,-0.050775,-0.002941,-0.11799,-0.56893,-0.054025,0.080533,-0.55716,-0.046826,-0.080368,-0.96825,0.10902,0.043421,-0.97316,0.12882
-0.011194,0.69925,0.029676,-0.0014442,0.4969,0.032385,-0.18619,0.36898,0.04215,0.18411,0.36907,0.04455,-0.35727,0.13345,0.056818,0.31889,0.094728,0.088366,-0.5497,-0.0047796,-0.013293,0.49455,-0.069181,0.034882,-0.0005381,0.10997,0.052702,0,0.038724,0,-0.084877,-0.04456,-0.014181,0.085708,-0.043565,-0.003069,-0.12194,-0.56574,-0.038727,0.079039,-0.55553,-0.034404,-0.094129,-0.9552,0.094145,0.046517,-0.97758,0.12009
-0.0024126,0.76162,0.044689,0.0082907,0.55888,0.04264,-0.18034,0.43776,0.04213,0.18416,0.44451,0.053438,-0.3378,0.18664,0.09966,0.30396,0.1525,0.11306,-0.51677,0.023545,0.060171,0.46317,-0.03101,0.11471,-6.17e-05,0.16847,0.05443,0,0.097774,0,-0.083908,0.016616,-0.013895,0.080978,0.015941,-0.006172,-0.12121,-0.55718,0.020078,0.073242,-0.55579,0.010778,-0.098427,-0.95185,0.10596,0.04342,-0.96523,0.1093
-0.0001495,0.82165,0.060468,0.0062987,0.61065,0.043183,-0.17871,0.4789,0.056579,0.19263,0.48315,0.055876,-0.32844,0.21938,0.11732,0.29458,0.20235,0.1426,-0.50012,0.0468,0.10745,0.44678,0.016082,0.16608,0.0012173,0.2224,0.054698,0,0.15232,0,-0.083931,0.068876,-0.012868,0.081647,0.069496,-0.007922,-0.11395,-0.54846,0.035058,0.067064,-0.54657,0.032793,-0.09242,-0.94479,0.11316,0.041152,-0.95144,0.10666
0.0046633,0.86577,0.061611,0.0086876,0.63948,0.041289,-0.16982,0.51692,0.050536,0.19417,0.51358,0.058348,-0.31718,0.26699,0.12916,0.29212,0.22855,0.14438,-0.47449,0.08144,0.12522,0.44519,0.046686,0.18289,0.0002492,0.24356,0.054613,0,0.17171,0,-0.084776,0.089806,-0.012097,0.081927,0.092291,-0.007707,-0.10656,-0.50338,0.014953,0.057316,-0.51035,0.016745,-0.061686,-0.9277,0.10749,0.03821,-0.93673,0.10559
0.001713,0.8816,0.057487,0.012655,0.66675,0.037214,-0.17311,0.53211,0.046427,0.19061,0.53147,0.059849,-0.32126,0.27606,0.12957,0.28778,0.24582,0.15113,-0.48449,0.098176,0.14699,0.44744,0.068949,0.18705,0.0001775,0.26813,0.054034,0,0.195,0,-0.085853,0.11377,-0.013059,0.081616,0.11314,-0.005171,-0.10856,-0.44578,-0.014903,0.039955,-0.45741,-0.020558,-0.059344,-0.86641,0.11507,0.028047,-0.86742,0.11262
0.0017213,0.90505,0.051117,0.014102,0.67397,0.037248,-0.1702,0.54863,0.044649,0.19245,0.54138,0.063481,-0.31538,0.288,0.13224,0.28593,0.27044,0.1589,-0.48339,0.11421,0.14727,0.45266,0.096807,0.18128,-0.0003639,0.27905,0.054004,0,0.20677,0,-0.085649,0.12692,-0.011716,0.080702,0.12448,-0.006237,-0.10188,-0.44269,-0.01241,0.033955,-0.45253,-0.020497,-0.057662,-0.85698,0.11077,0.027687,-0.85575,0.11108
-0.0005344,0.90717,0.049668,0.01388,0.67765,0.037162,-0.17124,0.55131,0.045745,0.19361,0.54591,0.065475,-0.31619,0.2908,0.13219,0.28567,0.2724,0.16151,-0.50152,0.13448,0.14038,0.47275,0.11891,0.1743,-0.0004775,0.2822,0.054002,0,0.20975,0,-0.085774,0.12876,-0.011605,0.080704,0.12773,-0.006249,-0.078817,-0.46847,0.005535,0.014221,-0.47445,-0.001049,-0.060597,-0.8563,0.10911,0.026017,-0.85093,0.10577
-0.0006238,0.90706,0.050352,0.01369,0.67802,0.03913,-0.17133,0.55188,0.047277,0.19323,0.54616,0.066396,-0.31447,0.29412,0.13317,0.28978,0.27317,0.16012,-0.50803,0.14649,0.12419,0.48587,0.12899,0.1391,-0.0004854,0.28096,0.054756,0,0.20794,0,-0.085039,0.12673,-0.012801,0.080294,0.12611,-0.006167,-0.066048,-0.517,0.038244,0.015443,-0.51598,0.02984,-0.066675,-0.93135,0.059693,0.016377,-0.92654,0.048748
0.0046602,0.89336,0.04911,0.014907,0.67331,0.039478,-0.17319,0.54568,0.051489,0.19326,0.53845,0.065987,-0.31846,0.29021,0.13163,0.3059,0.254,0.13588,-0.51765,0.15449,0.083003,0.50659,0.11101,0.1032,0.0004338,0.27214,0.054789,0,0.19849,0,-0.08552,0.11512,-0.011735,0.080143,0.11682,-0.007015,-0.065999,-0.52856,0.039753,0.024071,-0.52617,0.028233,-0.068966,-0.92677,0.060877,0.019296,-0.92893,0.051157
0.0056913,0.85677,0.041662,0.014326,0.62441,0.032902,-0.17426,0.49193,0.053044,0.19677,0.50112,0.06029,-0.34531,0.2455,0.1187,0.31163,0.23386,0.12192,-0.55436,0.12845,0.061118,0.51037,0.085226,0.058524,0.0015429,0.24027,0.053419,0,0.16937,0,-0.085846,0.074036,-0.01016,0.080468,0.096129,-0.006946,-0.067594,-0.54715,0.031891,0.032958,-0.53961,0.023497,-0.067071,-0.93801,0.060704,0.023425,-0.94042,0.053559
0.0005488,0.80507,0.029451,0.013174,0.58301,0.031152,-0.17852,0.46638,0.046422,0.19144,0.44828,0.036167,-0.35201,0.21903,0.10079,0.3288,0.16774,0.090414,-0.55763,0.10913,0.016424,0.52147,0.028262,0.024174,0.0033776,0.18434,0.052449,0,0.11119,0,-0.086156,0.033553,-0.009211,0.081139,0.027011,-0.007791,-0.086921,-0.5619,-0.003144,0.036286,-0.54752,-0.01194,-0.076989,-0.95989,0.072628,0.024414,-0.96233,0.067185
-0.0007854,0.73768,0.007818,0.01067,0.52095,0.02254,-0.17059,0.40192,0.032375,0.19405,0.39444,0.028941,-0.36053,0.16473,0.071485,0.34,0.11665,0.076889,-0.57671,0.072899,-0.006878,0.5337,-0.02095,-0.012045,0.0021578,0.13419,0.04966,0,0.061522,0,-0.085701,-0.01662,-0.00847,0.081901,-0.023942,-0.004587,-0.1157,-0.54906,-0.053637,0.055125,-0.55241,-0.057202,-0.076023,-0.96126,0.088509,0.024908,-0.96462,0.066848
0.0021041,0.68804,0.013548,0.0094653,0.48287,0.024222,-0.17697,0.36053,0.035487,0.19338,0.36014,0.029765,-0.36963,0.14788,0.062449,0.3386,0.096474,0.070009,-0.5822,0.04213,-0.014657,0.53057,-0.046072,-0.024396,0.0023388,0.10432,0.04883,0,0.033376,0,-0.087247,-0.05155,-0.007525,0.083718,-0.049953,-0.006052,-0.12056,-0.55472,-0.058011,0.05583,-0.5496,-0.063385,-0.090845,-0.96375,0.082716,0.020038,-0.97082,0.072961
0.00183,0.68807,0.014064,0.0092848,0.48199,0.024015,-0.17732,0.36056,0.036046,0.19328,0.35912,0.030495,-0.36991,0.14242,0.060475,0.33764,0.095071,0.070373,-0.58167,0.037998,-0.013224,0.5201,-0.050729,-0.012637,0.0022572,0.1034,0.04783,0,0.032347,0,-0.087523,-0.052017,-0.007416,0.084171,-0.051409,-0.006122,-0.12138,-0.55572,-0.056641,0.055774,-0.54939,-0.063058,-0.092366,-0.96298,0.081475,0.019679,-0.97083,0.073542
0.0033163,0.70443,0.022219,0.0086179,0.50686,0.029705,-0.17018,0.39315,0.036847,0.19048,0.38321,0.026977,-0.35971,0.15878,0.067225,0.33478,0.1011,0.078824,-0.56335,0.035187,0.00255,0.51499,-0.058716,0.02892,0.0025986,0.11802,0.04831,0,0.046103,0,-0.084746,-0.032239,-0.008298,0.082549,-0.034225,-0.009516,-0.12581,-0.55333,-0.025488,0.056906,-0.54449,-0.042942,-0.09702,-0.95908,0.087673,0.018628,-0.96897,0.079036
0.0081423,0.77173,0.036689,0.014579,0.57036,0.044384,-0.1706,0.45137,0.046047,0.19549,0.44247,0.038569,-0.34778,0.20578,0.086391,0.32528,0.15667,0.10166,-0.53774,0.056448,0.042058,0.48594,-0.024267,0.060116,0.0032423,0.17543,0.051316,0,0.10352,0,-0.084605,0.022946,-0.007385,0.079499,0.020562,-0.013112,-0.10778,-0.55746,0.036347,0.053526,-0.54601,0.02253,-0.11139,-0.93395,0.079309,0.029616,-0.95051,0.049158
0.017752,0.83542,0.056575,0.014546,0.62462,0.049316,-0.1704,0.50065,0.051785,0.18844,0.49851,0.036891,-0.34108,0.24786,0.10758,0.30588,0.21661,0.1075,-0.51883,0.081685,0.083885,0.4607,0.028883,0.10289,0.0043458,0.22622,0.052556,0,0.15425,0,-0.084507,0.074123,-0.010012,0.07956,0.074428,-0.011564,-0.1117,-0.55723,0.043377,0.04442,-0.54575,0.03029,-0.096378,-0.93563,0.079082,0.018704,-0.95027,0.052957
0.013778,0.8766,0.065467,0.023642,0.66853,0.04226,-0.16784,0.52953,0.047663,0.19788,0.52297,0.040634,-0.32553,0.28136,0.11591,0.30787,0.24574,0.1103,-0.49753,0.10925,0.11158,0.4602,0.061821,0.14386,0.0044406,0.25542,0.052237,0,0.18007,0,-0.087133,0.098102,-0.008989,0.079894,0.096028,-0.010963,-0.10083,-0.53371,0.028351,0.034361,-0.52425,0.017518,-0.082586,-0.92749,0.081246,0.015207,-0.93036,0.066466
0.017875,0.89528,0.063096,0.020598,0.6815,0.042285,-0.165,0.54637,0.045516,0.1982,0.53931,0.037325,-0.32374,0.28815,0.11612,0.30764,0.25662,0.11567,-0.49715,0.11871,0.1249,0.46299,0.074735,0.14725,0.0041742,0.27634,0.052543,0,0.20234,0,-0.085884,0.12525,-0.006584,0.079594,0.1198,-0.012415,-0.11625,-0.46621,-0.004811,0.03274,-0.4806,-0.01912,-0.063437,-0.86517,0.089507,0.016233,-0.85757,0.065237
0.017456,0.90729,0.059683,0.02186,0.68861,0.040701,-0.16818,0.55998,0.048306,0.19652,0.55206,0.03648,-0.3181,0.30352,0.12329,0.30652,0.26726,0.12549,-0.49619,0.13884,0.13086,0.46751,0.088502,0.14924,0.0050197,0.28684,0.052547,0,0.21343,0,-0.08667,0.13453,-0.007011,0.078947,0.12904,-0.011871,-0.11472,-0.45422,-0.011286,0.029615,-0.44083,-0.030589,-0.06777,-0.8482,0.091907,0.019433,-0.83884,0.091842
0.018107,0.91625,0.059552,0.024227,0.69656,0.039229,-0.16676,0.56413,0.048812,0.19562,0.5541,0.038695,-0.31569,0.30579,0.12456,0.30354,0.27237,0.12822,-0.49635,0.1437,0.13045,0.47898,0.10596,0.14304,0.0051254,0.28998,0.052678,0,0.21562,0,-0.086123,0.13718,-0.007739,0.078589,0.13216,-0.011169,-0.095916,-0.47532,0.003281,0.01525,-0.46708,-0.008426,-0.068696,-0.84989,0.090392,0.017816,-0.84494,0.081339
0.018649,0.91572,0.059435,0.024942,0.6973,0.043145,-0.16694,0.56384,0.049892,0.19432,0.55402,0.040169,-0.31713,0.30535,0.12605,0.30254,0.27289,0.1297,-0.5034,0.14881,0.12248,0.48585,0.11269,0.10874,0.0048859,0.2884,0.053653,0,0.21369,0,-0.085277,0.13488,-0.008841,0.077715,0.13117,-0.010927,-0.077391,-0.51018,0.031143,0.019406,-0.51201,0.019864,-0.061864,-0.93526,0.043879,0.015503,-0.92885,0.049079
0.014901,0.90014,0.063206,0.024259,0.6848,0.04695,-0.1684,0.54169,0.050426,0.19058,0.53984,0.044782,-0.32262,0.29796,0.1268,0.30354,0.2606,0.12535,-0.51444,0.14816,0.10373,0.48964,0.10143,0.092618,0.0046214,0.27249,0.054523,0,0.19751,0,-0.084529,0.10912,-0.009921,0.076221,0.1233,-0.01049,-0.073152,-0.53559,0.033673,0.014742,-0.51927,0.024628,-0.069222,-0.94318,0.043176,0.0046071,-0.94967,0.041591
0.029477,0.85201,0.06614,0.031535,0.63911,0.044488,-0.16874,0.51933,0.057302,0.1975,0.49952,0.047946,-0.32452,0.2532,0.11169,0.31037,0.2185,0.117,-0.53084,0.13024,0.057226,0.49483,0.056983,0.047974,0.0058833,0.24632,0.054379,0,0.1747,0,-0.085798,0.094212,-0.009163,0.07608,0.089935,-0.01141,-0.081582,-0.55135,0.025199,0.017539,-0.53977,0.019147,-0.077119,-0.96297,0.057944,-0.0042375,-0.97034,0.051576
0.029348,0.80886,0.062594,0.022571,0.58633,0.038355,-0.1672,0.46432,0.056671,0.20365,0.4469,0.04536,-0.33378,0.22524,0.10087,0.31344,0.16152,0.10089,-0.53676,0.099866,0.03777,0.50746,0.00062531,0.03053,0.0050215,0.1896,0.053518,0,0.11704,0,-0.089876,0.036343,-0.007291,0.081897,0.031852,-0.011263,-0.12127,-0.54844,-0.020891,0.041823,-0.54589,-0.031137,-0.087689,-0.95974,0.068757,-3.328e-05,-0.96854,0.077189
0.015743,0.74789,0.051782,0.017852,0.53573,0.04356,-0.16478,0.40216,0.054555,0.20176,0.4004,0.038067,-0.33909,0.16467,0.079166,0.32417,0.11083,0.095425,-0.54566,0.048624,0.008646,0.50183,-0.056158,0.020711,0.0051994,0.13683,0.054487,0,0.064516,0,-0.08702,-0.014855,-0.008469,0.080822,-0.01973,-0.011564,-0.12606,-0.55082,-0.036903,0.05083,-0.54618,-0.056629,-0.09016,-0.96025,0.070913,0.0060516,-0.96775,0.078778
0.016643,0.69441,0.050985,0.021055,0.48739,0.042763,-0.16705,0.37499,0.055062,0.19952,0.35079,0.045679,-0.34669,0.13439,0.077929,0.33068,0.070599,0.09656,-0.54417,0.002555,0.009537,0.50157,-0.09292,0.024286,0.0043073,0.1026,0.054596,0,0.032939,0,-0.088499,-0.046406,-0.009085,0.081454,-0.051458,-0.0109,-0.12934,-0.55697,-0.048692,0.057123,-0.54687,-0.067765,-0.095311,-0.96072,0.071936,0.00086958,-0.97106,0.085507
0.017401,0.69358,0.050105,0.020575,0.48714,0.042485,-0.1674,0.37191,0.054312,0.19911,0.35052,0.045132,-0.34443,0.1335,0.080941,0.32993,0.069667,0.097052,-0.53682,-0.0086333,0.020884,0.49712,-0.099263,0.029724,0.0042497,0.10154,0.054678,0,0.031694,0,-0.088461,-0.047715,-0.008967,0.081502,-0.052812,-0.010899,-0.13013,-0.55718,-0.048901,0.057928,-0.54824,-0.066197,-0.095886,-0.96014,0.074881,0.00029555,-0.97209,0.087464
0.01783,0.70898,0.052695,0.016775,0.51893,0.043522,-0.16867,0.3849,0.055891,0.19418,0.39657,0.032314,-0.34203,0.14101,0.099425,0.31495,0.10795,0.10804,-0.52994,-0.013159,0.069692,0.46898,-0.078645,0.065946,0.0064084,0.11917,0.054845,0,0.047419,0,-0.085921,-0.030637,-0.008737,0.08075,-0.034494,-0.012051,-0.13011,-0.55605,-0.034658,0.052932,-0.54964,-0.033662,-0.10137,-0.96179,0.085162,-0.0033165,-0.97331,0.091963
0.025912,0.78462,0.076733,0.021093,0.57879,0.048197,-0.16385,0.45353,0.065916,0.19762,0.45173,0.042635,-0.31958,0.2055,0.12406,0.31211,0.1626,0.12395,-0.49007,0.032533,0.12848,0.45543,-0.033174,0.13122,0.0067399,0.18104,0.055748,0,0.10974,0,-0.084649,0.031801,-0.007133,0.077399,0.026445,-0.014291,-0.12253,-0.5464,0.01949,0.04856,-0.53825,0.014226,-0.11006,-0.93223,0.083493,0.004532,-0.9538,0.091873
0.023224,0.8387,0.068339,0.023628,0.63469,0.055639,-0.1699,0.49602,0.067364,0.18978,0.49661,0.044628,-0.31375,0.23399,0.13698,0.29975,0.21502,0.13024,-0.47921,0.058765,0.15816,0.44416,0.022813,0.15527,0.0071497,0.23128,0.057004,0,0.15972,0,-0.085911,0.077637,-0.007574,0.077764,0.07991,-0.015771,-0.12137,-0.54748,0.028197,0.038298,-0.53848,0.021971,-0.1016,-0.93803,0.082608,-0.011255,-0.95025,0.073335
0.017439,0.87323,0.066831,0.028372,0.66156,0.048798,-0.16554,0.53419,0.065976,0.19246,0.52863,0.043635,-0.30465,0.2719,0.14162,0.30271,0.24239,0.13638,-0.46396,0.09279,0.17072,0.44689,0.048953,0.15576,0.007666,0.2516,0.056267,0,0.1781,0,-0.086319,0.098576,-0.006213,0.077206,0.098576,-0.01469,-0.11271,-0.50116,0.01831,0.034894,-0.51602,0.012546,-0.088676,-0.84626,0.090695,-0.0087603,-0.91267,0.074105
0.020256,0.88972,0.061789,0.023335,0.68773,0.046843,-0.16805,0.54506,0.059528,0.19035,0.54661,0.044151,-0.30314,0.30184,0.13921,0.3039,0.26299,0.14001,-0.46582,0.12861,0.17857,0.46845,0.087286,0.16307,0.0060685,0.27916,0.055996,0,0.20525,0,-0.085248,0.12629,-0.007459,0.077605,0.12459,-0.012795,-0.11932,-0.44379,-0.014672,0.041335,-0.44957,-0.025355,-0.089635,-0.84035,0.095997,0.0011335,-0.83924,0.10571
0.020054,0.90803,0.061122,0.023828,0.69487,0.046817,-0.1654,0.56708,0.063055,0.19031,0.55399,0.04511,-0.30561,0.30915,0.14265,0.30267,0.27428,0.14244,-0.4852,0.15315,0.18094,0.48199,0.11051,0.1472,0.0062968,0.28867,0.056043,0,0.21541,0,-0.084986,0.1385,-0.007665,0.077111,0.13356,-0.012612,-0.11774,-0.43915,-0.012444,0.041703,-0.43861,-0.028895,-0.088009,-0.83239,0.1074,0.0040632,-0.83405,0.10572
0.019358,0.91142,0.061219,0.028795,0.70315,0.048007,-0.1654,0.56849,0.063788,0.18959,0.55721,0.046001,-0.30938,0.32062,0.14685,0.3051,0.27853,0.14511,-0.51036,0.18529,0.15784,0.50604,0.14102,0.13806,0.0069077,0.29305,0.05622,0,0.21931,0,-0.085132,0.1419,-0.00745,0.076463,0.13924,-0.013168,-0.11712,-0.43931,-0.008402,0.040872,-0.43848,-0.026527,-0.088824,-0.83248,0.10825,0.015366,-0.83024,0.10268
0.020207,0.91199,0.061425,0.031411,0.70347,0.050895,-0.16342,0.56861,0.065117,0.19037,0.55764,0.046986,-0.31353,0.32193,0.14524,0.30948,0.27812,0.14287,-0.52258,0.19762,0.1447,0.51352,0.14274,0.086201,0.0070698,0.29261,0.056432,0,0.21909,0,-0.085161,0.14177,-0.0074,0.076121,0.13898,-0.01379,-0.095761,-0.49372,0.027058,0.053455,-0.49679,0.003958,-0.092359,-0.85299,0.10617,0.036327,-0.89074,0.060537
0.02655,0.89719,0.061749,0.034614,0.68299,0.045843,-0.16322,0.55779,0.069213,0.19438,0.54524,0.053991,-0.32525,0.31636,0.1433,0.3105,0.27122,0.13899,-0.54051,0.20235,0.13082,0.51732,0.12997,0.074504,0.0074086,0.27746,0.056058,0,0.20419,0,-0.086324,0.12506,-0.006329,0.076169,0.12321,-0.013884,-0.10693,-0.51781,0.034412,0.049705,-0.50391,0.006116,-0.091811,-0.92015,0.091611,0.033741,-0.90471,0.060298
0.032357,0.86106,0.059936,0.03081,0.64894,0.044652,-0.16141,0.52686,0.066645,0.20215,0.51031,0.061478,-0.34077,0.29741,0.12627,0.31478,0.23692,0.11867,-0.55704,0.18787,0.088328,0.51111,0.099872,0.050412,0.0055695,0.25,0.056009,0,0.17788,0,-0.087327,0.10154,-0.007562,0.077838,0.090692,-0.01218,-0.11798,-0.52765,0.031007,0.048683,-0.52328,-0.000232,-0.096457,-0.93237,0.092633,0.034573,-0.93505,0.061448
0.034074,0.81089,0.05656,0.037822,0.59033,0.040086,-0.15135,0.47249,0.063063,0.21076,0.46648,0.053657,-0.33554,0.2643,0.097118,0.3453,0.17483,0.099812,-0.55214,0.16005,0.034985,0.53237,0.031219,0.024658,0.0075412,0.19412,0.055317,0,0.12215,0,-0.086595,0.043521,-0.006217,0.073534,0.039111,-0.012507,-0.12208,-0.55452,0.010561,0.058534,-0.54684,-0.019418,-0.094111,-0.96137,0.099051,0.047266,-0.96696,0.086124
0.035384,0.75362,0.041997,0.034634,0.53691,0.032512,-0.15841,0.41409,0.05403,0.20482,0.40634,0.047006,-0.35618,0.20194,0.076561,0.33816,0.12995,0.097158,-0.57735,0.11594,0.007368,0.51549,-0.020356,0.010178,0.0066498,0.14397,0.053632,0,0.071603,0,-0.088421,-0.0064911,-0.006076,0.076343,-0.01257,-0.010191,-0.12762,-0.55901,-0.006161,0.061655,-0.55724,-0.057569,-0.1029,-0.96249,0.093583,0.04567,-0.97163,0.085789
0.03019,0.70048,0.036063,0.027027,0.48715,0.031935,-0.1582,0.39256,0.047684,0.20379,0.36794,0.046504,-0.35897,0.17068,0.068052,0.33832,0.082378,0.087161,-0.57945,0.072522,0.001345,0.51788,-0.068988,0.008268,0.0045858,0.11203,0.05305,0,0.042676,0,-0.088561,-0.032944,-0.006198,0.078711,-0.043089,-0.009874,-0.13177,-0.56275,-0.019534,0.066738,-0.55428,-0.066908,-0.10377,-0.96426,0.091217,0.042687,-0.97179,0.081628
0.029498,0.69947,0.035287,0.027672,0.48728,0.030603,-0.16013,0.38697,0.047587,0.20268,0.36862,0.045527,-0.35977,0.16279,0.067515,0.3306,0.084803,0.090161,-0.57371,0.057576,0.003289,0.5089,-0.06751,0.009997,0.0047817,0.11133,0.052269,0,0.041606,0,-0.088444,-0.035072,-0.005549,0.078611,-0.043784,-0.010028,-0.13062,-0.5661,-0.019454,0.069559,-0.55549,-0.064739,-0.10353,-0.96364,0.092745,0.043131,-0.96977,0.083314
0.026327,0.71896,0.03555,0.025912,0.51773,0.027801,-0.1639,0.39475,0.051159,0.19665,0.39592,0.040949,-0.34677,0.17713,0.074918,0.31419,0.11264,0.09669,-0.55035,0.04679,0.030555,0.48041,-0.058446,0.033077,0.005865,0.12774,0.051076,0,0.055826,0,-0.086996,-0.021535,-0.00554,0.078125,-0.02771,-0.009865,-0.12935,-0.56557,-0.00476,0.065459,-0.55651,-0.015442,-0.10984,-0.96496,0.095379,0.040465,-0.96717,0.085968
0.023871,0.78546,0.049113,0.026249,0.58045,0.042623,-0.16163,0.45968,0.063956,0.19873,0.45504,0.040765,-0.32713,0.22148,0.091794,0.3127,0.17309,0.11083,-0.51313,0.064419,0.086911,0.46584,-0.015791,0.081853,0.0074623,0.18541,0.053435,0,0.1138,0,-0.084493,0.034232,-0.004556,0.075435,0.032327,-0.015031,-0.12715,-0.55223,0.031292,0.06664,-0.55171,0.026457,-0.11209,-0.94457,0.093025,0.042993,-0.95401,0.07543
0.019528,0.84539,0.057173,0.0218,0.63269,0.04466,-0.16796,0.50548,0.066882,0.19923,0.50589,0.05448,-0.32485,0.25137,0.10654,0.30279,0.22133,0.11717,-0.50639,0.078709,0.11162,0.45742,0.031786,0.12273,0.005313,0.23959,0.054086,0,0.1686,0,-0.085762,0.088344,-0.003496,0.07804,0.084459,-0.01733,-0.12799,-0.55022,0.040427,0.060419,-0.54109,0.034752,-0.11283,-0.92942,0.087792,0.043299,-0.92722,0.072838
