0.010997,0.63734,0.024746,0.017567,0.44876,0.016409,-0.14956,0.34696,0.035924,0.18146,0.34255,0.018467,-0.33786,0.18377,0.07857,0.32205,0.11494,0.054638,-0.54502,0.13113,0.028182,0.50633,0.030764,-0.035824,0.0047095,0.10925,0.034928,0,0.045223,0,-0.07434,-0.027509,-0.0067096,0.067862,-0.029683,-0.0039209,-0.094386,-0.52054,-0.024404,0.046577,-0.51306,-0.05375,-0.060536,-0.87791,0.072793,0.022374,-0.8785,0.070847
0.0093096,0.60385,0.028077,0.013124,0.42784,0.016894,-0.157,0.32817,0.039788,0.17628,0.32881,0.017318,-0.34847,0.16405,0.067949,0.30231,0.10241,0.041799,-0.56788,0.115,-0.0018042,0.50673,0.015001,-0.049955,0.0043973,0.090644,0.034312,0,0.025961,0,-0.074218,-0.048204,-0.0066295,0.069921,-0.05103,-0.0040233,-0.10174,-0.52339,-0.031016,0.047765,-0.50626,-0.062679,-0.067472,-0.87945,0.072778,0.01755,-0.87857,0.068225
0.0077554,0.60354,0.029798,0.012976,0.42683,0.019475,-0.15679,0.32706,0.04187,0.17551,0.32775,0.020137,-0.35081,0.16334,0.067229,0.3022,0.10172,0.043031,-0.56772,0.1077,-0.0040482,0.50416,0.006805,-0.045807,0.0042838,0.088202,0.034712,0,0.023334,0,-0.074701,-0.050367,-0.0070229,0.070209,-0.05283,-0.0045965,-0.10335,-0.52334,-0.028587,0.05012,-0.50442,-0.059592,-0.070777,-0.87652,0.07492,0.01703,-0.87846,0.069879
0.0090157,0.62662,0.038603,0.010988,0.4437,0.024788,-0.15823,0.34459,0.046188,0.17479,0.33508,0.024312,-0.35464,0.16888,0.067659,0.29313,0.11952,0.045557,-0.56734,0.09632,0.0016663,0.48956,-0.00025418,-0.022178,0.0038974,0.10061,0.03578,0,0.036051,0,-0.075927,-0.037499,-0.0093763,0.072272,-0.039931,-0.0044541,-0.10482,-0.52247,-0.0010218,0.053063,-0.50028,-0.032848,-0.072828,-0.8763,0.077608,0.013664,-0.87851,0.072943
0.0052821,0.67564,0.050431,0.0094804,0.50322,0.040942,-0.15549,0.39217,0.049109,0.17804,0.39586,0.031392,-0.33815,0.21053,0.078042,0.31676,0.16315,0.05919,-0.52117,0.079642,0.045772,0.46747,0.0071367,0.038531,0.0035007,0.15009,0.039488,0,0.084911,0,-0.074311,0.011459,-0.0092962,0.070937,0.0095115,-0.0097226,-0.1022,-0.51578,0.016825,0.045214,-0.49616,0.013984,-0.074619,-0.86364,0.081671,0.012896,-0.87303,0.073268
0.0052049,0.73301,0.053445,0.017906,0.54679,0.039495,-0.14967,0.4395,0.04647,0.17867,0.43166,0.03032,-0.32269,0.23067,0.084224,0.29974,0.19374,0.066712,-0.48192,0.083593,0.083408,0.43827,0.029287,0.08398,0.0045198,0.18596,0.040376,0,0.11939,0,-0.07283,0.045688,-0.010892,0.066739,0.048522,-0.0071733,-0.099971,-0.51,0.022381,0.044185,-0.49545,0.015215,-0.071286,-0.84348,0.076393,0.014674,-0.86131,0.072143
-0.00044692,0.75966,0.04873,0.017268,0.567,0.037195,-0.15042,0.45068,0.043643,0.17489,0.45106,0.02945,-0.31314,0.24038,0.090607,0.29534,0.21061,0.074929,-0.45908,0.081471,0.10208,0.4147,0.038356,0.11902,0.0044628,0.20709,0.040966,0,0.14035,0,-0.073237,0.070987,-0.0098748,0.067284,0.065245,-0.0071048,-0.096722,-0.45692,0.0060073,0.03581,-0.47887,0.0098552,-0.053219,-0.82866,0.077465,0.015439,-0.85321,0.074805
0.00012613,0.77627,0.043128,0.015607,0.58031,0.029428,-0.1502,0.47458,0.044403,0.17458,0.46511,0.028813,-0.29503,0.25556,0.097487,0.28209,0.22268,0.09609,-0.43021,0.091057,0.12732,0.40624,0.049578,0.1254,0.0042104,0.23004,0.039796,0,0.16524,0,-0.071237,0.096417,-0.0086429,0.066049,0.088851,-0.005508,-0.094176,-0.37126,-0.03695,0.040143,-0.4078,-0.032488,-0.029314,-0.75789,0.071598,0.021364,-0.77661,0.068774
0.0013474,0.78159,0.041902,0.015792,0.58419,0.028762,-0.15,0.4789,0.044953,0.17623,0.47187,0.029175,-0.2815,0.26432,0.10853,0.28095,0.22664,0.10396,-0.42152,0.10168,0.12877,0.40688,0.056146,0.13838,0.0043093,0.23656,0.040158,0,0.17189,0,-0.071501,0.10244,-0.0092232,0.066261,0.094623,-0.0051902,-0.089106,-0.36286,-0.044421,0.034268,-0.40431,-0.038343,-0.033127,-0.7337,0.10641,0.032344,-0.76509,0.091237
0.0012635,0.78308,0.039539,0.016633,0.58629,0.028538,-0.1491,0.48028,0.045072,0.17744,0.47461,0.031488,-0.27802,0.26587,0.11449,0.27781,0.2314,0.11128,-0.42238,0.10988,0.1462,0.41079,0.064509,0.13867,0.004223,0.23835,0.040448,0,0.17356,0,-0.071508,0.10424,-0.0097582,0.065974,0.09657,-0.0045867,-0.072552,-0.39487,-0.03394,0.032362,-0.41245,-0.034807,-0.027828,-0.71714,0.10806,0.031215,-0.77891,0.08802
0.00073389,0.78208,0.040681,0.015789,0.58547,0.030101,-0.14829,0.47932,0.047616,0.17706,0.47281,0.033722,-0.27933,0.26083,0.12,0.27687,0.23075,0.11429,-0.43581,0.11545,0.1463,0.43964,0.088912,0.1245,0.0040995,0.23474,0.041307,0,0.16917,0,-0.071485,0.099228,-0.010575,0.065834,0.093683,-0.0043419,-0.06322,-0.45936,-0.0023926,0.03727,-0.46987,-0.0026463,-0.042949,-0.81505,0.090067,0.042315,-0.82377,0.090023
0.00047825,0.75934,0.042281,0.014792,0.56584,0.033374,-0.15063,0.4558,0.04938,0.17524,0.45604,0.034997,-0.29058,0.24393,0.12142,0.28404,0.20994,0.11731,-0.46911,0.12066,0.11689,0.46284,0.086812,0.10293,0.0042092,0.21538,0.042448,0,0.15064,0,-0.070552,0.077616,-0.011159,0.065595,0.076843,-0.0049525,-0.073725,-0.49705,0.011565,0.036177,-0.48094,-0.0020624,-0.05718,-0.84146,0.086708,0.032596,-0.85055,0.084535
0.0041643,0.72079,0.045921,0.013228,0.53034,0.038224,-0.15247,0.42273,0.050778,0.17812,0.41238,0.043078,-0.3108,0.21376,0.11015,0.29489,0.17996,0.096848,-0.50647,0.12007,0.089415,0.48482,0.085367,0.038369,0.0029875,0.18281,0.043834,0,0.11915,0,-0.071192,0.048831,-0.010133,0.066755,0.041425,-0.0079655,-0.081673,-0.49964,0.0084658,0.036937,-0.48733,-0.0066339,-0.05209,-0.88181,0.068511,0.032792,-0.86934,0.074916
0.00063331,0.66618,0.037001,0.014512,0.4816,0.036617,-0.15629,0.36894,0.048359,0.177,0.36582,0.039435,-0.32443,0.18063,0.089961,0.3035,0.1484,0.072251,-0.53555,0.1076,0.045573,0.49407,0.068943,-0.0073789,0.0034614,0.13496,0.044214,0,0.071516,0,-0.073782,-0.00019187,-0.013352,0.068504,-0.0059124,-0.0045119,-0.083019,-0.50434,-0.01804,0.035835,-0.51193,-0.031778,-0.048317,-0.88159,0.069635,0.032672,-0.87768,0.074129
-0.0080374,0.61638,0.03266,0.007431,0.43476,0.037642,-0.1594,0.33492,0.04388,0.17081,0.34148,0.035071,-0.34442,0.14862,0.069629,0.31951,0.11229,0.057769,-0.56478,0.089553,0.0029089,0.51154,0.049109,-0.033921,0.0025596,0.095686,0.044927,0,0.034398,0,-0.072603,-0.038329,-0.015603,0.069724,-0.04031,-0.0027602,-0.084025,-0.52042,-0.044154,0.034037,-0.5143,-0.049879,-0.054549,-0.88163,0.064356,0.024194,-0.88242,0.068836
-0.010419,0.60584,0.036366,0.0076227,0.42835,0.038727,-0.15895,0.32609,0.048681,0.16854,0.33023,0.03675,-0.34694,0.14068,0.06803,0.29352,0.1038,0.048811,-0.56551,0.077949,-0.0038639,0.50723,0.024309,-0.040322,0.0029244,0.085167,0.045597,0,0.022754,0,-0.07233,-0.049449,-0.015109,0.069544,-0.050494,-0.0032978,-0.087977,-0.52045,-0.046932,0.044903,-0.50822,-0.056389,-0.053385,-0.88198,0.065301,0.023344,-0.88285,0.069638
-0.0078558,0.6326,0.050082,0.0083589,0.46373,0.060398,-0.15865,0.34666,0.055643,0.17041,0.35018,0.041068,-0.34128,0.15438,0.073988,0.31868,0.12679,0.073295,-0.53273,0.050085,0.022221,0.49105,0.0061954,0.0070834,0.0033275,0.10803,0.048576,0,0.046828,0,-0.073745,-0.025298,-0.01602,0.070761,-0.026149,-0.0087639,-0.097568,-0.50767,-0.00046107,0.049493,-0.50053,-0.0050736,-0.055734,-0.87736,0.072078,0.024,-0.88302,0.072874
-0.002297,0.68889,0.063321,0.0022214,0.51534,0.057109,-0.16062,0.40078,0.060848,0.17081,0.40385,0.045855,-0.31746,0.19928,0.085787,0.30807,0.15798,0.082835,-0.49004,0.068089,0.061348,0.46658,0.011356,0.047604,0.0023436,0.1605,0.049151,0,0.097988,0,-0.071621,0.024258,-0.017884,0.070835,0.024095,-0.0067416,-0.097491,-0.49984,0.010338,0.050645,-0.49499,0.02129,-0.059345,-0.8687,0.073795,0.024575,-0.87448,0.074656
-0.011053,0.73768,0.058517,0.0057597,0.51409,0.054692,-0.15176,0.44647,0.054911,0.17272,0.43909,0.047787,-0.30856,0.21971,0.088519,0.294,0.20529,0.091964,-0.47073,0.074413,0.075862,0.43691,0.042749,0.096714,0.002563,0.17892,0.048785,0,0.12697,0,-0.069963,0.058118,-0.013854,0.065865,0.05595,-0.011535,-0.093721,-0.47635,0.009063,0.030593,-0.50704,0.033413,-0.043394,-0.8355,0.0595,0.024058,-0.85971,0.064363
-0.0056704,0.77116,0.064829,0.012569,0.58184,0.051615,-0.15125,0.45688,0.054772,0.17431,0.46547,0.039911,-0.29437,0.24802,0.10202,0.29335,0.21587,0.093394,-0.4438,0.085716,0.098053,0.42211,0.043961,0.11267,0.0030957,0.2245,0.049781,0,0.15334,0,-0.069977,0.080859,-0.011689,0.066096,0.077257,-0.011705,-0.086206,-0.42569,-0.0090862,0.030956,-0.48009,0.022998,-0.026932,-0.80515,0.070301,0.020079,-0.8287,0.06502
-0.0067054,0.78379,0.058889,0.011351,0.5864,0.050225,-0.15054,0.48358,0.05674,0.1739,0.47509,0.038462,-0.28789,0.25662,0.10399,0.27765,0.23829,0.10557,-0.43109,0.093587,0.10505,0.40329,0.062416,0.11365,0.0037156,0.23065,0.048689,0,0.16704,0,-0.070649,0.099203,-0.012202,0.067195,0.092294,-0.0097101,-0.073587,-0.3895,-0.031201,0.039277,-0.42421,-0.0072828,-0.029285,-0.7593,0.077555,0.020264,-0.77513,0.05905
-0.007869,0.78559,0.057254,0.0085301,0.59212,0.049704,-0.15104,0.48557,0.055798,0.17142,0.48567,0.041801,-0.27947,0.2664,0.11309,0.2748,0.24088,0.10719,-0.42536,0.10622,0.11478,0.40204,0.067442,0.12423,0.0029595,0.23923,0.049005,0,0.17663,0,-0.069907,0.10834,-0.012131,0.067417,0.10296,-0.0093995,-0.07315,-0.38877,-0.031897,0.032941,-0.41729,-0.011801,-0.038376,-0.75398,0.088093,0.017988,-0.75732,0.081017
-0.009689,0.78878,0.054853,0.0075459,0.59321,0.048977,-0.15293,0.48718,0.057776,0.17101,0.48894,0.043832,-0.2809,0.26419,0.11666,0.27297,0.2416,0.10936,-0.43142,0.1084,0.11902,0.40755,0.073309,0.12357,0.0028585,0.2423,0.049132,0,0.18013,0,-0.070394,0.10995,-0.01226,0.068005,0.10663,-0.009363,-0.060371,-0.39564,-0.024078,0.026478,-0.41784,-0.011894,-0.04037,-0.75625,0.087018,0.01638,-0.75978,0.081911
-0.01067,0.78774,0.053845,0.007123,0.59086,0.04907,-0.15592,0.4835,0.0639,0.1703,0.48754,0.043857,-0.2839,0.25556,0.12339,0.27421,0.23597,0.11307,-0.44737,0.11275,0.11642,0.43116,0.08597,0.10453,0.0037225,0.23976,0.049353,0,0.17755,0,-0.070804,0.10531,-0.012401,0.068435,0.10452,-0.0091796,-0.060773,-0.46207,0.0068618,0.018669,-0.46889,0.0056157,-0.038411,-0.82582,0.063534,0.01301,-0.8339,0.065441
-0.009232,0.77282,0.048436,0.011503,0.57046,0.053462,-0.15546,0.46326,0.062368,0.17107,0.46465,0.044132,-0.28909,0.24553,0.11564,0.28308,0.22003,0.10899,-0.47022,0.12726,0.0843,0.45693,0.07876,0.077051,0.0041957,0.2239,0.050178,0,0.16307,0,-0.070986,0.090019,-0.013467,0.067251,0.091083,-0.0093443,-0.069841,-0.48684,0.010994,0.021143,-0.47381,4.7175e-05,-0.084866,-0.84523,0.06653,0.015332,-0.83656,0.06262
-0.0071088,0.72166,0.034562,0.0067973,0.53683,0.046921,-0.15583,0.42925,0.055873,0.17166,0.42067,0.046462,-0.30254,0.20976,0.092434,0.29075,0.18812,0.099778,-0.49766,0.11591,0.063442,0.46559,0.059483,0.031105,0.0021721,0.18591,0.049539,0,0.12343,0,-0.070349,0.051267,-0.013188,0.06811,0.048695,-0.0076807,-0.077069,-0.49892,-0.0045066,0.038085,-0.47678,-0.018154,-0.081344,-0.86759,0.058798,0.013355,-0.8592,0.058408
-0.0079563,0.6721,0.033176,0.0051238,0.47307,0.048875,-0.1585,0.37692,0.057898,0.17279,0.37283,0.04102,-0.31757,0.17866,0.081892,0.29747,0.14042,0.083648,-0.51129,0.089042,0.029481,0.46965,0.023963,-0.0021362,0.003004,0.14014,0.050161,0,0.08471,0,-0.073011,0.0095398,-0.015579,0.070889,0.011591,-0.0073843,-0.085744,-0.49192,-0.037399,0.044141,-0.48068,-0.027057,-0.071756,-0.86033,0.063138,0.021621,-0.8563,0.064081
-0.014291,0.62221,0.019532,0.0067367,0.44369,0.04272,-0.16465,0.33369,0.052123,0.16939,0.33614,0.02935,-0.3421,0.13709,0.062148,0.30496,0.097306,0.062035,-0.5453,0.05329,-0.0060313,0.47053,-0.0255,-0.025028,0.0043333,0.096399,0.049303,0,0.035544,0,-0.074161,-0.038663,-0.011311,0.071384,-0.039056,-0.0094698,-0.095957,-0.51341,-0.06061,0.04733,-0.4891,-0.043426,-0.073789,-0.8606,0.053535,0.018377,-0.85969,0.061143
-0.01348,0.59978,0.024955,0.010948,0.41006,0.044569,-0.16495,0.3157,0.053375,0.16635,0.30916,0.034083,-0.34548,0.12598,0.061511,0.26284,0.065204,0.048186,-0.54899,0.036487,-0.01307,0.45433,-0.06102,-0.013853,0.0041499,0.076245,0.049564,0,0.016501,0,-0.074348,-0.056547,-0.01087,0.070654,-0.057055,-0.010182,-0.096651,-0.51672,-0.065348,0.047351,-0.49224,-0.045211,-0.075299,-0.86372,0.056598,0.013393,-0.86463,0.065473
-0.013018,0.59907,0.026591,0.010467,0.40997,0.045666,-0.16551,0.31115,0.055233,0.16604,0.30832,0.035594,-0.34389,0.11802,0.063649,0.29072,0.056733,0.06801,-0.54034,0.012791,0.0083821,0.4494,-0.077803,-0.0067666,0.0042023,0.074625,0.049899,0,0.014715,0,-0.074447,-0.058598,-0.011428,0.070935,-0.0589,-0.0102,-0.096956,-0.51943,-0.064706,0.047167,-0.49617,-0.046195,-0.07222,-0.86593,0.0576,0.010486,-0.86825,0.06766
-0.012046,0.60175,0.030933,0.0091694,0.42917,0.052802,-0.16623,0.32607,0.064417,0.16647,0.32473,0.044364,-0.34018,0.12106,0.070494,0.28812,0.074227,0.079586,-0.52079,0.0011577,0.045294,0.43154,-0.087621,0.047283,0.0041982,0.086696,0.050931,0,0.027439,0,-0.075739,-0.044659,-0.014813,0.072189,-0.04758,-0.00946,-0.095406,-0.51262,-0.033368,0.050405,-0.49506,-0.031221,-0.072939,-0.86541,0.060955,0.011868,-0.86637,0.073611
-0.0090425,0.66122,0.046924,0.0027221,0.48186,0.064247,-0.16686,0.37425,0.070391,0.16816,0.38349,0.058917,-0.31944,0.16434,0.09763,0.27183,0.1245,0.098338,-0.4844,0.023507,0.074486,0.40765,-0.044157,0.10207,0.0022199,0.13875,0.052844,0,0.080394,0,-0.074105,0.0062458,-0.018821,0.073098,0.0060665,-0.0095668,-0.094905,-0.50332,0.01753,0.053392,-0.48475,0.024978,-0.071941,-0.86213,0.067535,0.015858,-0.86413,0.0841
-0.0051901,0.70881,0.048401,0.010069,0.53235,0.063138,-0.16059,0.41818,0.072307,0.17371,0.41384,0.054901,-0.29889,0.20225,0.11326,0.28186,0.16207,0.12038,-0.45444,0.047648,0.12002,0.40097,-0.018849,0.12341,0.0037057,0.17807,0.052864,0,0.11625,0,-0.074,0.042586,-0.017466,0.070278,0.042507,-0.0096665,-0.088178,-0.48244,0.016859,0.046469,-0.48686,0.035797,-0.063136,-0.84413,0.0628,0.014989,-0.8435,0.069921
0.0011262,0.75658,0.057256,0.014968,0.55929,0.061604,-0.15685,0.4478,0.068445,0.1743,0.45662,0.052067,-0.29038,0.22301,0.12902,0.26613,0.20729,0.11822,-0.43507,0.064054,0.14748,0.38007,0.030114,0.162,0.0049586,0.20668,0.052542,0,0.14653,0,-0.071376,0.075894,-0.015372,0.066053,0.071958,-0.010703,-0.079061,-0.45529,0.0056032,0.032252,-0.48078,0.030606,-0.047507,-0.81882,0.077119,0.0014904,-0.80647,0.088662
-0.00063624,0.77369,0.053196,0.01655,0.58297,0.052954,-0.15588,0.46003,0.06816,0.17529,0.46806,0.05146,-0.27221,0.25303,0.14187,0.26502,0.22761,0.12332,-0.40726,0.086336,0.16308,0.37811,0.056806,0.18289,0.0051781,0.22816,0.0515,0,0.16592,0,-0.072319,0.094709,-0.011597,0.066431,0.09022,-0.011666,-0.093601,-0.37611,-0.036592,0.033308,-0.41936,-0.013323,-0.05023,-0.76517,0.073985,0.010771,-0.77403,0.11604
-0.0045802,0.78991,0.046235,0.014714,0.59106,0.049442,-0.15157,0.48207,0.069136,0.17631,0.48017,0.053554,-0.26402,0.26753,0.14349,0.26296,0.2336,0.12442,-0.39496,0.098047,0.16692,0.38018,0.064954,0.18248,0.0045017,0.23959,0.05089,0,0.17772,0,-0.072365,0.10788,-0.013521,0.067296,0.10261,-0.0078213,-0.1029,-0.34578,-0.051046,0.044186,-0.37099,-0.042536,-0.068091,-0.70863,0.12098,0.014468,-0.73664,0.12508
-0.003927,0.79245,0.043221,0.01529,0.59428,0.047763,-0.14619,0.4852,0.063548,0.17721,0.49017,0.060241,-0.26182,0.27,0.14542,0.26471,0.23399,0.13232,-0.39568,0.10577,0.18061,0.38933,0.068595,0.1852,0.00308,0.24321,0.05073,0,0.18111,0,-0.072065,0.11228,-0.015101,0.066231,0.10721,-0.004098,-0.10394,-0.34967,-0.04843,0.045932,-0.3703,-0.043938,-0.071517,-0.71219,0.12464,0.011448,-0.735,0.12473
-0.002859,0.79228,0.041888,0.016363,0.59499,0.047037,-0.14484,0.48604,0.063052,0.17629,0.4901,0.058294,-0.26091,0.27051,0.14724,0.26599,0.23387,0.13476,-0.40136,0.11135,0.18063,0.40798,0.07931,0.17806,0.0035465,0.24356,0.050599,0,0.18125,0,-0.072199,0.11301,-0.015266,0.065901,0.10732,-0.0036921,-0.10603,-0.40376,-0.021477,0.04313,-0.41594,-0.016924,-0.091502,-0.74248,0.12769,0.034287,-0.76339,0.12027
-0.0011458,0.7871,0.042334,0.017071,0.59222,0.046371,-0.14504,0.48532,0.063336,0.17809,0.48623,0.061263,-0.26279,0.26521,0.14697,0.26829,0.23134,0.13566,-0.42109,0.11926,0.1629,0.42391,0.083315,0.15539,0.0032209,0.24257,0.050533,0,0.18041,0,-0.072543,0.11188,-0.015424,0.06579,0.10534,-0.0033833,-0.10611,-0.45891,0.011505,0.049014,-0.46059,0.001296,-0.10547,-0.79018,0.11175,0.042789,-0.82876,0.10166
0.0080342,0.75069,0.036924,0.022127,0.56815,0.046348,-0.15005,0.45587,0.066641,0.17963,0.45109,0.057153,-0.28496,0.23317,0.14321,0.27661,0.21074,0.12626,-0.46504,0.11187,0.13582,0.44739,0.074266,0.10174,0.0048075,0.22451,0.050628,0,0.16363,0,-0.073762,0.091999,-0.016565,0.065337,0.086167,-0.0029979,-0.10682,-0.48216,0.015868,0.047341,-0.47019,-0.00041034,-0.10832,-0.83075,0.10497,0.02663,-0.84214,0.089761
0.011179,0.71712,0.027119,0.016031,0.51977,0.038671,-0.14891,0.41775,0.061753,0.18047,0.42074,0.047578,-0.29256,0.20851,0.1222,0.29886,0.1634,0.096959,-0.48328,0.10467,0.10571,0.47385,0.036316,0.06451,0.0046881,0.17829,0.049505,0,0.11705,0,-0.071425,0.047665,-0.013457,0.065569,0.039339,-0.0052391,-0.10321,-0.49401,-0.001984,0.049344,-0.4878,-0.011843,-0.098857,-0.8396,0.094119,0.025316,-0.86458,0.092402
0.014705,0.66866,0.028298,0.015647,0.47005,0.03267,-0.15288,0.36966,0.054691,0.18316,0.36269,0.041972,-0.32222,0.17039,0.10027,0.3018,0.12404,0.077809,-0.51832,0.07745,0.047507,0.47699,0.00041064,0.03069,0.0042261,0.13231,0.048513,0,0.071036,0,-0.074886,-0.0007564,-0.014647,0.068974,-0.0079397,-0.0024264,-0.10414,-0.50263,-0.028833,0.044266,-0.49477,-0.036032,-0.094355,-0.87299,0.10409,0.021538,-0.86787,0.085792
0.0052633,0.61429,0.014051,0.018449,0.429,0.027064,-0.16005,0.32218,0.045911,0.17788,0.32641,0.029259,-0.35263,0.13133,0.078738,0.3057,0.091025,0.066313,-0.55565,0.038995,0.027344,0.48699,-0.041682,0.021696,0.0053559,0.090727,0.046954,0,0.028462,0,-0.077151,-0.044726,-0.012657,0.070102,-0.050165,-0.0022787,-0.10935,-0.52383,-0.05017,0.038462,-0.50133,-0.054661,-0.090904,-0.87997,0.10459,0.014778,-0.87261,0.08334
0.0051105,0.6011,0.021403,0.012161,0.40697,0.027558,-0.15944,0.31555,0.044305,0.17777,0.30933,0.029939,-0.35272,0.12733,0.075373,0.30623,0.074444,0.065357,-0.55085,0.032998,0.0232,0.47949,-0.054198,0.02545,0.0040248,0.075157,0.046534,0,0.014072,0,-0.075625,-0.059104,-0.012121,0.070485,-0.063401,-0.0029685,-0.10938,-0.52536,-0.052002,0.038381,-0.50395,-0.060587,-0.089886,-0.88083,0.10413,0.009092,-0.87691,0.087031
0.0048938,0.60095,0.021458,0.012739,0.40785,0.027245,-0.15999,0.31417,0.044521,0.17733,0.30902,0.030268,-0.35133,0.12509,0.075748,0.3036,0.072247,0.068147,-0.53825,0.020231,0.028041,0.47054,-0.065203,0.035303,0.0040442,0.07519,0.046064,0,0.013917,0,-0.075806,-0.059247,-0.011975,0.07062,-0.063613,-0.0032453,-0.11138,-0.51693,-0.045272,0.040013,-0.50281,-0.057415,-0.091965,-0.87567,0.097261,0.0086215,-0.87717,0.08683
0.0039452,0.61422,0.02544,0.013182,0.44355,0.038169,-0.16237,0.33337,0.050682,0.17241,0.33687,0.034635,-0.33511,0.13987,0.082655,0.29272,0.094015,0.082925,-0.51238,0.01576,0.051372,0.44567,-0.060136,0.066048,0.004391,0.095372,0.047534,0,0.033199,0,-0.076896,-0.040508,-0.012404,0.072058,-0.040982,-0.0066562,-0.11549,-0.50203,-0.015859,0.050152,-0.50642,-0.011574,-0.098405,-0.86868,0.097026,0.013839,-0.8685,0.088973
0.011806,0.67877,0.043218,0.0091818,0.49883,0.047584,-0.16093,0.38905,0.057816,0.17449,0.39852,0.048389,-0.31405,0.18254,0.10276,0.28283,0.14031,0.098552,-0.48103,0.04362,0.089566,0.42425,-0.020945,0.12036,0.0029564,0.15243,0.049552,0,0.090993,0,-0.075452,0.017818,-0.01175,0.072089,0.014811,-0.01026,-0.11709,-0.49398,0.010163,0.049581,-0.49794,0.028506,-0.10259,-0.854,0.098244,0.012845,-0.86791,0.095474
0.0019453,0.72299,0.039433,0.0093075,0.5415,0.048385,-0.16345,0.43025,0.05661,0.17139,0.42822,0.041529,-0.30598,0.20681,0.11032,0.27656,0.17644,0.10704,-0.46213,0.055822,0.098711,0.41049,0.013379,0.14605,0.0035089,0.18591,0.049839,0,0.12271,0,-0.072971,0.048941,-0.014869,0.069577,0.0479,-0.006731,-0.11082,-0.48269,0.015571,0.040765,-0.4882,0.028761,-0.091831,-0.83011,0.09588,0.0041707,-0.83858,0.087059
0.0070363,0.7591,0.035617,0.014299,0.56042,0.039264,-0.15532,0.45566,0.050427,0.17578,0.46054,0.037309,-0.29449,0.22687,0.11466,0.276,0.21539,0.11506,-0.44609,0.072009,0.11696,0.40103,0.044285,0.15024,0.0043981,0.21402,0.048307,0,0.15211,0,-0.072502,0.083041,-0.012063,0.067217,0.075214,-0.0056486,-0.097803,-0.46513,0.0049739,0.036626,-0.46797,0.014802,-0.056648,-0.77832,0.10313,0.0085749,-0.8382,0.084888
-0.0033364,0.78003,0.032317,0.012291,0.58834,0.034835,-0.15824,0.46773,0.046478,0.17304,0.47563,0.037311,-0.28251,0.25527,0.118,0.2702,0.22046,0.11463,-0.42741,0.093688,0.11448,0.40442,0.056228,0.149,0.0035963,0.23226,0.04819,0,0.16748,0,-0.07314,0.094726,-0.011645,0.068786,0.092476,-0.0052,-0.10074,-0.37438,-0.034872,0.026204,-0.39739,-0.036725,-0.057354,-0.75591,0.095965,0.017038,-0.79064,0.068555
-0.00031501,0.7891,0.03225,0.013161,0.59597,0.03628,-0.15244,0.48792,0.047169,0.1759,0.48463,0.040689,-0.27573,0.26161,0.1206,0.26886,0.23579,0.12399,-0.41879,0.098469,0.11834,0.41247,0.07596,0.14341,0.0030867,0.24617,0.048566,0,0.18281,0,-0.071925,0.11397,-0.0099424,0.067476,0.10656,-0.007338,-0.097221,-0.37392,-0.0349,0.027819,-0.39219,-0.037769,-0.048841,-0.74928,0.10895,0.021703,-0.7854,0.067859
8.901e-07,0.79396,0.033243,0.013816,0.5985,0.037366,-0.15262,0.49018,0.047699,0.17605,0.48842,0.04127,-0.27355,0.26389,0.12137,0.27013,0.23638,0.12421,-0.42025,0.10429,0.12297,0.42435,0.085971,0.13965,0.0032076,0.24944,0.04882,0,0.18636,0,-0.071958,0.11634,-0.0098374,0.067302,0.11032,-0.008043,-0.081593,-0.39675,-0.014056,0.024488,-0.39611,-0.03096,-0.048716,-0.75151,0.10886,0.023134,-0.79081,0.070239
-8.5628e-05,0.79374,0.033813,0.013963,0.59843,0.037635,-0.15223,0.49026,0.048106,0.17695,0.48926,0.044057,-0.27353,0.26367,0.12254,0.27011,0.23774,0.12285,-0.42515,0.10858,0.12207,0.43539,0.097386,0.12353,0.0029231,0.24908,0.048973,0,0.18594,0,-0.072105,0.11471,-0.012022,0.067194,0.10999,-0.0073371,-0.072656,-0.45497,0.024197,0.035327,-0.45242,0.005686,-0.071231,-0.81121,0.0952,0.023678,-0.81385,0.087085
-0.0013739,0.78375,0.033524,0.014355,0.58535,0.037352,-0.15442,0.47657,0.048797,0.17493,0.48063,0.046642,-0.28595,0.24554,0.11921,0.27827,0.22792,0.1131,-0.45715,0.11183,0.10903,0.45143,0.099152,0.07555,0.0027732,0.23655,0.048949,0,0.17335,0,-0.071972,0.098813,-0.013505,0.06697,0.099536,-0.0052988,-0.078877,-0.472,0.027858,0.034301,-0.45427,0.0033397,-0.076846,-0.82056,0.088413,0.040875,-0.81409,0.085325
-0.0029591,0.74272,0.034077,0.010998,0.55249,0.039461,-0.15993,0.4427,0.051103,0.17356,0.44354,0.044252,-0.29695,0.22438,0.10771,0.28429,0.20567,0.089839,-0.47616,0.10186,0.087064,0.45904,0.080029,0.047813,0.0028083,0.20656,0.049272,0,0.14426,0,-0.071754,0.067473,-0.013739,0.067862,0.070867,-0.0051003,-0.088741,-0.49005,0.018643,0.037881,-0.46058,-0.0049846,-0.077913,-0.84236,0.086318,0.038197,-0.83249,0.079905
-0.0013347,0.69619,0.035204,0.005938,0.5062,0.027368,-0.15817,0.40229,0.043134,0.17153,0.40216,0.039433,-0.3124,0.18442,0.091634,0.29294,0.16179,0.068057,-0.49787,0.079438,0.036986,0.46764,0.04048,0.011281,0.0014913,0.16228,0.046851,0,0.098776,0,-0.071791,0.02394,-0.011811,0.069629,0.025844,-0.0026881,-0.093033,-0.49403,-0.0039058,0.054724,-0.49011,-0.0251,-0.069075,-0.8535,0.081337,0.031662,-0.86142,0.090729
-0.010332,0.6477,0.032898,0.0051495,0.45833,0.037179,-0.16376,0.35465,0.046982,0.16351,0.34667,0.031254,-0.32884,0.14356,0.073909,0.3023,0.11745,0.062774,-0.51712,0.053149,0.0016102,0.47715,0.0012837,-0.0056975,0.0028777,0.11362,0.048454,0,0.051274,0,-0.072003,-0.021447,-0.017594,0.07014,-0.023282,-0.0003863,-0.097182,-0.50033,-0.027128,0.056854,-0.49159,-0.029483,-0.075671,-0.8524,0.079906,0.029621,-0.86068,0.088139
-0.0070069,0.60714,0.033283,0.0019865,0.43724,0.03707,-0.16798,0.33051,0.052794,0.16525,0.33134,0.03343,-0.33277,0.12805,0.068265,0.30366,0.097914,0.055011,-0.54166,0.028668,-0.014991,0.47709,-0.020333,-0.013523,0.0030146,0.096944,0.048519,0,0.035454,0,-0.07208,-0.040047,-0.014899,0.071159,-0.040302,-0.0030931,-0.098466,-0.50739,-0.035917,0.058001,-0.49466,-0.029806,-0.071885,-0.85566,0.081313,0.024557,-0.86319,0.090263
-0.0080252,0.60674,0.035185,0.0024906,0.43298,0.039538,-0.16906,0.32494,0.056037,0.16395,0.32394,0.034974,-0.33383,0.12492,0.068066,0.30341,0.093489,0.054667,-0.53393,0.0246,-0.011619,0.47486,-0.03276,-0.0010334,0.0032974,0.090456,0.049077,0,0.028783,0,-0.073065,-0.04616,-0.015146,0.072012,-0.046259,-0.0037295,-0.10025,-0.50802,-0.033865,0.056709,-0.49802,-0.024552,-0.077801,-0.85367,0.085585,0.02408,-0.8636,0.09383
-0.0078419,0.61584,0.040015,-1.887e-05,0.44172,0.042752,-0.16685,0.33317,0.054503,0.16395,0.33305,0.03393,-0.33531,0.12825,0.069375,0.30323,0.098394,0.059014,-0.51472,0.019293,0.00083848,0.47125,-0.035791,0.015449,0.0029317,0.094573,0.049579,0,0.032761,0,-0.072878,-0.040441,-0.015699,0.072826,-0.041253,-0.0051386,-0.099,-0.50838,-0.017986,0.057535,-0.49817,-0.0075036,-0.075733,-0.85371,0.091049,0.022028,-0.86237,0.10172
-0.0074147,0.67815,0.056782,0.0016664,0.50062,0.054641,-0.16628,0.38343,0.062819,0.16606,0.38829,0.046268,-0.32074,0.17791,0.092126,0.29737,0.14451,0.078487,-0.48824,0.044384,0.043327,0.44117,-0.018318,0.06887,0.0026225,0.14845,0.0515,0,0.086785,0,-0.073676,0.013082,-0.017677,0.073079,0.012376,-0.0063598,-0.1007,-0.50146,0.030567,0.057032,-0.49224,0.031268,-0.079928,-0.85515,0.10718,0.033258,-0.85149,0.10754
-0.012907,0.71854,0.063984,-0.0011655,0.54611,0.053929,-0.17164,0.41733,0.058585,0.16644,0.42942,0.048156,-0.31821,0.19624,0.10519,0.28592,0.18875,0.090561,-0.48046,0.052158,0.081846,0.4178,0.019062,0.10989,0.0014903,0.18715,0.051493,0,0.12368,0,-0.072354,0.043247,-0.014235,0.072464,0.052186,-0.0099932,-0.1022,-0.48373,0.037342,0.045345,-0.47834,0.045888,-0.065818,-0.83727,0.10918,0.029821,-0.84771,0.10888
-0.010025,0.76172,0.0603,0.0052052,0.56686,0.049686,-0.16145,0.45601,0.054312,0.17074,0.45486,0.045144,-0.30481,0.22852,0.11003,0.28588,0.20758,0.098044,-0.45768,0.074198,0.1017,0.41302,0.04112,0.14324,0.0021977,0.21042,0.050902,0,0.14751,0,-0.071488,0.080128,-0.011221,0.069505,0.071503,-0.010084,-0.096687,-0.46728,0.024705,0.042339,-0.47391,0.040379,-0.04067,-0.78222,0.12124,0.031024,-0.84503,0.10785
-0.013863,0.78243,0.057289,0.0068628,0.58369,0.041173,-0.16148,0.46633,0.052585,0.16984,0.47098,0.040443,-0.2952,0.25782,0.12398,0.28319,0.23177,0.099127,-0.43647,0.092775,0.11454,0.40541,0.062178,0.14583,0.0029426,0.22948,0.049659,0,0.16594,0,-0.071702,0.093189,-0.010439,0.069583,0.090075,-0.0087782,-0.098218,-0.37372,-0.024958,0.035079,-0.43001,-0.00065779,-0.042345,-0.75317,0.10714,0.02907,-0.78704,0.091033
-0.0142,0.78756,0.051326,0.0079872,0.59367,0.038889,-0.16228,0.48111,0.051625,0.16971,0.48316,0.038391,-0.29044,0.26573,0.12749,0.28068,0.23819,0.10432,-0.43385,0.10369,0.13462,0.41107,0.074581,0.15044,0.003228,0.24284,0.04933,0,0.17957,0,-0.072604,0.10739,-0.012476,0.069803,0.10327,-0.0059165,-0.092897,-0.35305,-0.031948,0.032206,-0.39983,-0.018534,-0.035031,-0.72995,0.10552,0.033145,-0.74533,0.082563
-0.012855,0.79337,0.050115,0.0087271,0.60005,0.037587,-0.15998,0.48491,0.051599,0.16991,0.49043,0.036675,-0.28185,0.27403,0.13148,0.2796,0.24495,0.10851,-0.43287,0.12047,0.14762,0.41594,0.085015,0.15113,0.0036265,0.24858,0.049208,0,0.18499,0,-0.072137,0.11322,-0.011102,0.068703,0.11045,-0.0072401,-0.069587,-0.38973,-0.022294,0.030776,-0.40047,-0.017396,-0.03025,-0.75591,0.11883,0.034017,-0.74576,0.083866
-0.012379,0.79341,0.050352,0.0097964,0.59988,0.037185,-0.16043,0.48169,0.051737,0.17035,0.4905,0.037329,-0.28178,0.27401,0.13386,0.28078,0.24468,0.11006,-0.43724,0.12603,0.15516,0.42733,0.092962,0.14964,0.0037781,0.24817,0.049258,0,0.18446,0,-0.072269,0.11209,-0.010807,0.068418,0.10993,-0.007613,-0.067867,-0.44187,0.0037642,0.019937,-0.45145,0.0010592,-0.036484,-0.78023,0.09997,0.035441,-0.74982,0.086185
-0.013532,0.78502,0.046261,0.0095194,0.58791,0.032846,-0.16063,0.47684,0.053756,0.17264,0.48298,0.03812,-0.28378,0.26961,0.13794,0.28703,0.23336,0.10867,-0.45279,0.13477,0.14697,0.45837,0.097375,0.10187,0.0038329,0.23967,0.048614,0,0.17603,0,-0.071701,0.10004,-0.010874,0.068163,0.10193,-0.006828,-0.068489,-0.46942,0.018924,0.028318,-0.46262,0.0074324,-0.052232,-0.83002,0.077517,0.026105,-0.84072,0.07108
-0.01256,0.7408,0.031672,0.010778,0.56148,0.03239,-0.15976,0.45111,0.051023,0.17576,0.45291,0.031764,-0.30539,0.23542,0.13385,0.28988,0.21168,0.098705,-0.49071,0.12231,0.13003,0.47315,0.083526,0.059253,0.0044348,0.214,0.048318,0,0.15059,0,-0.071083,0.076269,-0.010229,0.067093,0.074661,-0.0064719,-0.069332,-0.47041,0.019045,0.03496,-0.48356,0.008861,-0.054211,-0.83085,0.075121,0.025367,-0.8454,0.070429
-0.010331,0.70445,0.032683,0.0093551,0.51493,0.027157,-0.15639,0.40098,0.045595,0.17698,0.40779,0.029187,-0.31128,0.20332,0.12516,0.31068,0.16311,0.081331,-0.50719,0.10966,0.10491,0.49342,0.049828,0.037346,0.0038524,0.17324,0.046914,0,0.11061,0,-0.071548,0.038574,-0.0080964,0.068109,0.034079,-0.0066491,-0.076621,-0.48652,-0.00036049,0.041992,-0.49411,0.0011651,-0.048117,-0.84954,0.072559,0.034189,-0.86062,0.069311
-0.010115,0.64727,0.025047,0.009979,0.46149,0.024136,-0.15993,0.35654,0.042755,0.17903,0.35585,0.026861,-0.32233,0.16033,0.11217,0.31038,0.12478,0.068272,-0.52339,0.081702,0.074992,0.48737,0.0085079,0.0070282,0.0037226,0.12464,0.045567,0,0.062189,0,-0.075037,-0.012451,-0.0082539,0.071242,-0.015043,-0.0056886,-0.07575,-0.49958,-0.04144,0.048134,-0.51384,-0.03743,-0.046589,-0.85053,0.068938,0.033676,-0.86449,0.069267
-0.01352,0.60883,0.024804,0.0075801,0.42964,0.024918,-0.16152,0.3302,0.045578,0.16964,0.32293,0.024804,-0.33568,0.1399,0.10905,0.31321,0.078585,0.064543,-0.52994,0.052122,0.054408,0.49155,-0.030724,-0.0068289,0.0038736,0.089129,0.044983,0,0.025879,0,-0.073306,-0.045609,-0.0082762,0.06987,-0.047271,-0.0053032,-0.083439,-0.51649,-0.05994,0.041779,-0.51896,-0.055638,-0.078772,-0.81774,0.034964,0.025513,-0.86788,0.070446
-0.017745,0.60348,0.025996,0.006556,0.42372,0.029613,-0.16529,0.31917,0.049484,0.1675,0.31724,0.026618,-0.34036,0.12156,0.10361,0.26978,0.078265,0.05894,-0.53628,0.037302,0.049425,0.4734,-0.037535,0.0076326,0.0039731,0.083821,0.045554,0,0.021001,0,-0.074039,-0.052937,-0.010666,0.07193,-0.053915,-0.0061043,-0.084897,-0.51626,-0.05768,0.040904,-0.51561,-0.054706,-0.057931,-0.87994,0.075531,0.019996,-0.87078,0.072857
-0.015658,0.60601,0.034899,0.0073012,0.43134,0.037893,-0.16277,0.32067,0.05678,0.16802,0.31848,0.0339,-0.33771,0.12273,0.11116,0.30306,0.086228,0.078147,-0.52579,0.016381,0.075514,0.46668,-0.055704,0.048199,0.004273,0.086825,0.047778,0,0.0247,0,-0.074268,-0.047662,-0.010441,0.071306,-0.047914,-0.011604,-0.085649,-0.5075,-0.034967,0.052973,-0.49737,-0.036103,-0.061387,-0.86134,0.080986,0.019731,-0.87017,0.081659
-0.0080542,0.65698,0.065934,0.0037755,0.47563,0.054617,-0.16638,0.36804,0.07284,0.16618,0.37205,0.050142,-0.32272,0.16583,0.12997,0.29276,0.11655,0.094642,-0.49112,0.028496,0.11614,0.44814,-0.035302,0.086735,0.0036743,0.13263,0.049884,0,0.072731,0,-0.073563,-0.00029186,-0.016211,0.072178,-0.0020981,-0.0084284,-0.09251,-0.49417,0.013655,0.050838,-0.49584,0.021626,-0.062876,-0.8566,0.094306,0.022264,-0.86827,0.097192
-0.009568,0.70425,0.073789,0.0062312,0.5282,0.060322,-0.15767,0.40702,0.068494,0.17025,0.42303,0.05077,-0.29484,0.19775,0.13912,0.29961,0.17111,0.10521,-0.45081,0.046758,0.13651,0.42784,-0.0029221,0.11496,0.003666,0.1769,0.050993,0,0.11498,0,-0.070399,0.040532,-0.010891,0.068015,0.044229,-0.015022,-0.085899,-0.49164,0.021012,0.042456,-0.48751,0.036002,-0.049732,-0.84673,0.085243,0.027462,-0.86206,0.099111
-0.013093,0.75281,0.076251,0.0095329,0.55347,0.059073,-0.15441,0.44009,0.068524,0.17219,0.44424,0.047245,-0.28459,0.2206,0.14644,0.28096,0.20854,0.10534,-0.43246,0.063928,0.16244,0.40758,0.038771,0.14151,0.0044993,0.20058,0.051007,0,0.13964,0,-0.069739,0.071188,-0.012046,0.066587,0.064099,-0.013441,-0.085753,-0.43932,-0.00018336,0.037159,-0.48614,0.035487,-0.035382,-0.82514,0.095625,0.024371,-0.83892,0.10849
-0.016252,0.77805,0.077991,0.01105,0.58251,0.058423,-0.15528,0.45618,0.067176,0.16479,0.47032,0.044265,-0.26822,0.2503,0.1495,0.28157,0.21854,0.11243,-0.40778,0.08816,0.17522,0.40823,0.05155,0.15736,0.0052489,0.22287,0.051116,0,0.15985,0,-0.070017,0.090425,-0.0092161,0.066172,0.088725,-0.015353,-0.09666,-0.38324,-0.037439,0.029908,-0.45913,0.01686,-0.03876,-0.75166,0.11857,0.02872,-0.80715,0.11232
-0.017306,0.78405,0.076385,0.011009,0.5931,0.059125,-0.15667,0.46504,0.06784,0.16414,0.47685,0.04768,-0.26858,0.2565,0.15513,0.27904,0.22326,0.11765,-0.40779,0.095068,0.18493,0.41921,0.070082,0.16931,0.0048534,0.23505,0.051413,0,0.17256,0,-0.070524,0.10231,-0.010007,0.066601,0.10002,-0.014543,-0.099745,-0.34766,-0.045757,0.036759,-0.40283,-0.022366,-0.042372,-0.71801,0.10646,0.034489,-0.75491,0.10764
-0.017838,0.79277,0.076227,0.012043,0.59847,0.059631,-0.15412,0.47813,0.07425,0.16379,0.48474,0.051398,-0.26602,0.26285,0.16292,0.27884,0.23211,0.12374,-0.41354,0.10867,0.1916,0.42581,0.082747,0.16886,0.0053209,0.23974,0.051615,0,0.17723,0,-0.07075,0.10893,-0.011186,0.066319,0.10506,-0.013724,-0.098713,-0.35162,-0.043051,0.037041,-0.40209,-0.021692,-0.060862,-0.71563,0.12671,0.014587,-0.73896,0.12605
-0.017078,0.79211,0.07774,0.011485,0.59921,0.059565,-0.15422,0.47816,0.075094,0.16715,0.48788,0.056157,-0.2667,0.2636,0.16358,0.28207,0.23388,0.12502,-0.43164,0.12585,0.18352,0.45269,0.10028,0.12896,0.0047273,0.24117,0.051781,0,0.17887,0,-0.070832,0.10946,-0.011082,0.066643,0.1064,-0.01343,-0.1005,-0.41781,-0.0083972,0.036628,-0.40237,-0.021095,-0.072558,-0.75946,0.12922,0.02137,-0.74251,0.12212
-0.016672,0.78945,0.076701,0.011823,0.5979,0.05995,-0.15385,0.47742,0.074863,0.17177,0.48427,0.059514,-0.27294,0.25774,0.16196,0.28517,0.23258,0.12072,-0.45413,0.13849,0.16306,0.463,0.10811,0.097298,0.0041853,0.24049,0.05197,0,0.17833,0,-0.071405,0.10678,-0.011322,0.066754,0.10605,-0.013512,-0.099784,-0.46828,0.03365,0.043659,-0.47137,0.0031456,-0.095696,-0.81345,0.098141,0.047285,-0.83685,0.091445
-0.0060041,0.75952,0.073868,0.014795,0.56466,0.062997,-0.15018,0.45769,0.071033,0.16866,0.45665,0.0539,-0.29439,0.23031,0.14269,0.29376,0.2128,0.11011,-0.48802,0.13189,0.13777,0.47751,0.0942,0.065635,0.0046482,0.22322,0.052301,0,0.16438,0,-0.070729,0.094462,-0.014105,0.065757,0.093914,-0.011494,-0.097175,-0.48052,0.032652,0.044325,-0.47456,0.00053762,-0.098622,-0.8314,0.09464,0.038184,-0.83293,0.084856
-0.0038461,0.71267,0.062979,0.016338,0.53325,0.056561,-0.15326,0.41252,0.073311,0.16822,0.41225,0.043576,-0.30085,0.20633,0.13394,0.31627,0.16766,0.087704,-0.49969,0.12195,0.097288,0.49596,0.057801,0.021496,0.0068213,0.18085,0.05143,0,0.12013,0,-0.069405,0.049037,-0.010788,0.063804,0.048676,-0.013317,-0.093233,-0.49286,0.0085361,0.04803,-0.47995,-0.01108,-0.092961,-0.83579,0.084885,0.027126,-0.84623,0.06428
-0.005661,0.6691,0.057465,0.014024,0.47835,0.045775,-0.1609,0.36853,0.067275,0.17076,0.36277,0.040806,-0.31244,0.17847,0.1103,0.30865,0.13026,0.078116,-0.51812,0.097272,0.047893,0.4829,0.02261,-0.0082949,0.0059372,0.14197,0.050234,0,0.083813,0,-0.072382,0.014823,-0.012562,0.067986,0.0027119,-0.0083251,-0.096565,-0.49663,-0.024774,0.045181,-0.48729,-0.031814,-0.093458,-0.85395,0.087762,0.026976,-0.82313,0.051677
-0.0054014,0.61587,0.038681,0.0080073,0.43628,0.041352,-0.16121,0.33458,0.050806,0.17005,0.32279,0.032021,-0.32934,0.14567,0.081898,0.28327,0.092639,0.052878,-0.5313,0.080512,0.022393,0.48385,-0.01729,-0.036201,0.0036757,0.09426,0.049532,0,0.033391,0,-0.073435,-0.038398,-0.013983,0.070497,-0.042675,-0.0058738,-0.098,-0.49822,-0.04579,0.039928,-0.49229,-0.046779,-0.094839,-0.86672,0.079892,-0.00088805,-0.87531,0.081442
-0.0056149,0.61375,0.042043,0.0097513,0.42791,0.04404,-0.16033,0.32236,0.050345,0.16863,0.31824,0.036516,-0.33339,0.13877,0.081513,0.2921,0.08707,0.062346,-0.53593,0.064576,0.019919,0.47697,-0.029634,-0.029367,0.0034579,0.084884,0.0501,0,0.023869,0,-0.073237,-0.046236,-0.013036,0.069623,-0.051626,-0.0073077,-0.096731,-0.51044,-0.044934,0.040415,-0.49626,-0.046111,-0.094124,-0.86741,0.083533,0.00064176,-0.8778,0.08607
-0.0059039,0.61398,0.045061,0.0090118,0.43026,0.047329,-0.16113,0.3231,0.053926,0.16817,0.31912,0.040118,-0.33424,0.13881,0.082973,0.29504,0.087794,0.067493,-0.5362,0.05575,0.025219,0.46562,-0.039282,0.010313,0.0032791,0.086848,0.050879,0,0.026332,0,-0.074038,-0.04434,-0.013119,0.071204,-0.048453,-0.0095196,-0.098311,-0.50778,-0.034135,0.043835,-0.49838,-0.034405,-0.094534,-0.86558,0.086469,-0.00051929,-0.88096,0.091105
-0.00022128,0.65077,0.060862,0.010532,0.47564,0.056254,-0.15748,0.3644,0.064138,0.1769,0.37032,0.057563,-0.32241,0.17056,0.089177,0.29923,0.10954,0.0834,-0.50526,0.056953,0.046643,0.45767,-0.036867,0.044338,0.0027797,0.12962,0.052012,0,0.069628,0,-0.075005,-0.0048444,-0.014966,0.07118,-0.0061331,-0.0096158,-0.10854,-0.50227,0.014113,0.048272,-0.49078,0.0067496,-0.095965,-0.85144,0.091035,0.017331,-0.8469,0.083422
-2.1897e-05,0.70268,0.059688,0.014049,0.52595,0.063697,-0.15364,0.41189,0.066273,0.17271,0.40764,0.043947,-0.31277,0.20548,0.10198,0.30148,0.16331,0.094665,-0.48724,0.064968,0.057509,0.42873,-0.012852,0.086139,0.0052073,0.16269,0.052899,0,0.099331,0,-0.074484,0.034091,-0.01766,0.069627,0.024504,-0.0091583,-0.10426,-0.49354,0.023051,0.044962,-0.48312,0.040713,-0.091179,-0.84336,0.08773,0.016478,-0.84797,0.080628
-0.0030081,0.74751,0.059296,0.0091704,0.55647,0.056108,-0.15802,0.44544,0.059992,0.17126,0.44121,0.04342,-0.31065,0.22739,0.11044,0.27849,0.20347,0.098746,-0.46976,0.079325,0.10016,0.40137,0.025649,0.1091,0.0037542,0.20926,0.051837,0,0.14783,0,-0.074122,0.075465,-0.015616,0.070584,0.072378,-0.0082735,-0.11304,-0.4565,0.0022226,0.034741,-0.47942,0.039753,-0.069675,-0.82597,0.083478,0.010905,-0.84061,0.080297
-0.0064597,0.77461,0.059762,0.0085639,0.58433,0.047956,-0.15445,0.47239,0.054909,0.1676,0.47048,0.041883,-0.30451,0.24319,0.12227,0.27446,0.22238,0.09883,-0.4573,0.089157,0.12298,0.39757,0.053669,0.14652,0.0033018,0.21949,0.051415,0,0.15541,0,-0.072816,0.085357,-0.013547,0.068827,0.08254,-0.0077991,-0.10976,-0.4021,-0.018677,0.022874,-0.45261,0.01849,-0.05802,-0.77516,0.10879,0.00012275,-0.79687,0.11099
-0.0059024,0.78399,0.049019,0.0099466,0.5907,0.042006,-0.15386,0.48707,0.055546,0.17111,0.47919,0.038484,-0.28885,0.26529,0.12937,0.2723,0.23238,0.099914,-0.43958,0.11002,0.13738,0.40002,0.068887,0.15225,0.0039615,0.2345,0.049941,0,0.17094,0,-0.072123,0.099661,-0.013149,0.068508,0.095678,-0.0061177,-0.10345,-0.37467,-0.034513,0.024413,-0.42263,-0.0069232,-0.071466,-0.7452,0.11002,0.00049668,-0.76757,0.10927
-0.0049047,0.78881,0.038953,0.011223,0.59491,0.037013,-0.15221,0.49275,0.053419,0.17511,0.48721,0.03484,-0.28042,0.27588,0.13268,0.27127,0.24063,0.10837,-0.43422,0.1242,0.14438,0.40718,0.082139,0.15633,0.0044646,0.24305,0.049013,0,0.17989,0,-0.071526,0.11011,-0.0097911,0.067657,0.10296,-0.0069757,-0.099772,-0.3757,-0.036859,0.027515,-0.41661,-0.013354,-0.067207,-0.74264,0.10807,0.011498,-0.7516,0.10918
-0.0034304,0.78721,0.035201,0.011705,0.59463,0.034585,-0.15213,0.49318,0.053323,0.17591,0.48698,0.034422,-0.28025,0.27669,0.13384,0.27257,0.24129,0.11243,-0.44059,0.13207,0.14635,0.41693,0.088876,0.15631,0.0044999,0.24364,0.048912,0,0.18031,0,-0.071494,0.11032,-0.0093167,0.067577,0.10348,-0.0070478,-0.084507,-0.41671,-0.015398,0.028789,-0.41814,-0.014068,-0.080881,-0.74881,0.10492,0.035149,-0.74627,0.093869
-0.0011249,0.78102,0.029948,0.016519,0.58839,0.032729,-0.15044,0.48752,0.048764,0.178,0.48025,0.034134,-0.28703,0.2716,0.1358,0.27711,0.23683,0.116,-0.46127,0.14253,0.13856,0.45085,0.10719,0.11964,0.0044861,0.23832,0.048632,0,0.17436,0,-0.073248,0.104,-0.0099994,0.067898,0.097326,-0.005904,-0.10006,-0.47062,0.0083073,0.039129,-0.45322,-0.01062,-0.096797,-0.80683,0.066985,0.056919,-0.82731,0.056405
0.0013473,0.7485,0.013111,0.023373,0.56205,0.025526,-0.1437,0.45587,0.032911,0.18237,0.45794,0.033186,-0.2951,0.26266,0.12768,0.2931,0.21417,0.11713,-0.47893,0.14675,0.12046,0.47276,0.093568,0.083838,0.0038489,0.21107,0.046722,0,0.14552,0,-0.073314,0.073217,-0.0093505,0.065259,0.071397,-0.0040918,-0.10043,-0.47072,0.0067763,0.046851,-0.46832,-0.012717,-0.097966,-0.81352,0.064126,0.055969,-0.82947,0.054673
0.01216,0.70418,0.013335,0.01909,0.51243,0.022617,-0.145,0.41103,0.03126,0.18656,0.41123,0.036289,-0.31249,0.22703,0.1121,0.30158,0.1866,0.10723,-0.5048,0.12788,0.07856,0.48123,0.069039,0.06062,0.0026865,0.17757,0.045352,0,0.11588,0,-0.074693,0.045982,-0.011559,0.068177,0.03434,-0.00091413,-0.10113,-0.47788,-0.0057403,0.046756,-0.4742,-0.018356,-0.098716,-0.82532,0.064718,0.053157,-0.84621,0.05721
0.011418,0.653,0.0031171,0.022753,0.46691,0.022577,-0.1487,0.37228,0.030807,0.18639,0.36897,0.032789,-0.33202,0.18022,0.08867,0.31724,0.12923,0.09903,-0.53088,0.098494,0.043975,0.497,0.01576,0.041048,0.0035,0.12849,0.044349,0,0.065313,0,-0.077689,-0.0047206,-0.012324,0.069159,-0.015226,-0.00083581,-0.10793,-0.49865,-0.033179,0.05351,-0.49202,-0.036817,-0.10183,-0.8395,0.068913,0.05487,-0.85705,0.068778
0.0064558,0.60482,0.012579,0.019015,0.42798,0.029663,-0.15495,0.33469,0.033921,0.17792,0.3194,0.033707,-0.34848,0.14684,0.074596,0.31616,0.093077,0.096647,-0.54705,0.062903,0.033996,0.48862,-0.031235,0.038673,0.0030092,0.092073,0.045287,0,0.030197,0,-0.077083,-0.041268,-0.011295,0.069862,-0.046864,-0.0041256,-0.11007,-0.50096,-0.041789,0.051218,-0.50174,-0.046308,-0.10233,-0.8416,0.074717,0.048666,-0.8632,0.073734
0.002737,0.59996,0.017259,0.01722,0.41461,0.02943,-0.15759,0.32682,0.038482,0.17678,0.30937,0.035722,-0.35047,0.13888,0.075462,0.30667,0.077131,0.097917,-0.54752,0.050388,0.038432,0.47414,-0.057415,0.052072,0.003045,0.082099,0.04514,0,0.020958,0,-0.077585,-0.051454,-0.010768,0.071423,-0.057352,-0.0054697,-0.11094,-0.50339,-0.044014,0.051187,-0.50401,-0.044919,-0.099048,-0.85136,0.084512,0.042769,-0.87508,0.091656
0.0026152,0.59978,0.020259,0.016683,0.41561,0.031418,-0.15813,0.32624,0.039846,0.17599,0.31013,0.037509,-0.35128,0.13803,0.078037,0.3051,0.076767,0.10024,-0.54421,0.040344,0.043168,0.46645,-0.068128,0.072358,0.0027564,0.082005,0.045775,0,0.020889,0,-0.077864,-0.051154,-0.012239,0.072165,-0.057284,-0.0054973,-0.11138,-0.50217,-0.040909,0.051211,-0.50489,-0.041951,-0.10098,-0.84874,0.085864,0.042125,-0.87378,0.093677
0.00062254,0.63457,0.036435,0.013137,0.46632,0.049545,-0.1627,0.34368,0.045975,0.16959,0.35295,0.045782,-0.33977,0.16285,0.096178,0.28275,0.11024,0.11468,-0.51984,0.041152,0.078426,0.42886,-0.049917,0.11853,0.0025756,0.11155,0.048174,0,0.048417,0,-0.077105,-0.022296,-0.01797,0.073578,-0.025595,-0.0050878,-0.11833,-0.49211,-0.013974,0.051238,-0.49959,6.6758e-05,-0.10902,-0.84265,0.087388,0.038624,-0.86772,0.099726
0.00094146,0.68469,0.044551,0.0063292,0.51601,0.051838,-0.16383,0.40264,0.054886,0.17292,0.40293,0.051605,-0.32078,0.20196,0.12081,0.28607,0.15159,0.12971,-0.48539,0.060094,0.11484,0.4175,-0.015545,0.16255,0.001482,0.16556,0.049332,0,0.10357,0,-0.074981,0.031945,-0.01262,0.072683,0.025492,-0.010744,-0.11842,-0.48266,0.005985,0.051985,-0.49115,0.029559,-0.10588,-0.83858,0.090787,0.039156,-0.85773,0.09556
0.0027302,0.74069,0.049077,0.01957,0.55254,0.048063,-0.15506,0.4446,0.051454,0.17596,0.44757,0.045567,-0.31438,0.22595,0.12456,0.28015,0.19831,0.13057,-0.46656,0.071563,0.12861,0.40217,0.028873,0.17863,0.0039642,0.19703,0.049031,0,0.13403,0,-0.073374,0.062091,-0.012707,0.065384,0.061907,-0.0081257,-0.10848,-0.44732,-0.0070647,0.051635,-0.47411,0.024154,-0.065802,-0.80346,0.091335,0.035995,-0.83693,0.097819
0.0007654,0.76525,0.056587,0.015766,0.57216,0.045648,-0.15381,0.45494,0.048757,0.17807,0.45497,0.043845,-0.29489,0.25234,0.13695,0.27708,0.21096,0.13286,-0.44222,0.093669,0.14411,0.40079,0.042073,0.17903,0.0032042,0.2186,0.048905,0,0.15518,0,-0.074058,0.084373,-0.011834,0.06792,0.076595,-0.0088476,-0.10752,-0.3907,-0.039363,0.046041,-0.44511,-0.0034607,-0.050131,-0.76729,0.099355,0.023195,-0.77778,0.11976
-0.0054185,0.77805,0.051665,0.010922,0.59006,0.04018,-0.15168,0.47832,0.048995,0.17667,0.47724,0.046041,-0.29353,0.25751,0.135,0.27277,0.22328,0.1346,-0.43941,0.10256,0.16697,0.40298,0.059052,0.17994,0.0022205,0.23362,0.048334,0,0.16929,0,-0.073405,0.10021,-0.011343,0.069766,0.09336,-0.006552,-0.10954,-0.34217,-0.064071,0.035716,-0.38985,-0.032059,-0.048907,-0.71041,0.091659,0.02206,-0.72756,0.10477
-0.0033043,0.78539,0.049323,0.012786,0.59469,0.037552,-0.15102,0.4831,0.047214,0.17778,0.48609,0.046052,-0.28668,0.27164,0.13738,0.27216,0.23744,0.13612,-0.43305,0.1159,0.16483,0.41285,0.079921,0.17526,0.0024561,0.24555,0.047945,0,0.18262,0,-0.073343,0.11173,-0.010392,0.068958,0.10619,-0.007387,-0.096125,-0.3523,-0.064831,0.036469,-0.38776,-0.037511,-0.045852,-0.71534,0.10417,0.020906,-0.72935,0.10343
-0.0044376,0.78671,0.048001,0.012545,0.59538,0.037159,-0.15189,0.48444,0.047279,0.17842,0.48837,0.047871,-0.28694,0.27258,0.13722,0.27401,0.23844,0.13509,-0.44117,0.12365,0.16086,0.4309,0.09179,0.1566,0.0021702,0.24761,0.048082,0,0.18483,0,-0.073395,0.11335,-0.010172,0.068926,0.10807,-0.0077706,-0.093647,-0.38461,-0.046853,0.030295,-0.39472,-0.036801,-0.067231,-0.74382,0.1016,0.018415,-0.73694,0.096475
-0.0040082,0.78508,0.046424,0.012585,0.59291,0.036373,-0.15169,0.48409,0.046948,0.17957,0.4859,0.047985,-0.28803,0.272,0.1369,0.27537,0.23712,0.13385,-0.44975,0.12905,0.15068,0.44339,0.099185,0.11665,0.0020644,0.24581,0.048149,0,0.18294,0,-0.073454,0.11066,-0.010761,0.068917,0.10625,-0.0070452,-0.10173,-0.45795,-0.0067105,0.034661,-0.45062,-0.019904,-0.084687,-0.75606,0.078592,0.054084,-0.81778,0.047507
-2.7237e-05,0.76916,0.042654,0.012589,0.58025,0.037628,-0.1521,0.46962,0.044223,0.17999,0.47176,0.050787,-0.29736,0.26163,0.13085,0.28304,0.21953,0.12078,-0.47215,0.13229,0.11994,0.45809,0.089154,0.072464,0.0012812,0.23515,0.048472,0,0.17268,0,-0.072868,0.098723,-0.012539,0.068433,0.097417,-0.0058925,-0.10415,-0.46065,-0.0072908,0.043144,-0.46284,-0.020524,-0.10069,-0.81775,0.050267,0.050262,-0.82811,0.041412
0.0062047,0.72278,0.037679,0.013397,0.5352,0.041536,-0.15382,0.43672,0.045115,0.1784,0.42578,0.048256,-0.3117,0.22285,0.1108,0.2925,0.183,0.10242,-0.49489,0.10804,0.074988,0.46995,0.056642,0.049891,0.0015935,0.20112,0.049151,0,0.14164,0,-0.072058,0.069399,-0.0149,0.067116,0.06545,-0.0047238,-0.10556,-0.48013,-0.013495,0.046975,-0.47898,-0.027485,-0.097996,-0.83628,0.049884,0.045461,-0.8412,0.037439
0.0069121,0.67599,0.036604,0.00884,0.48841,0.037885,-0.15469,0.38437,0.041887,0.17685,0.38945,0.046593,-0.32252,0.18138,0.095994,0.30704,0.13639,0.096605,-0.51063,0.08319,0.035916,0.47527,0.0075052,0.035353,0.00092099,0.14925,0.048786,0,0.088209,0,-0.072795,0.016678,-0.014431,0.069517,0.011353,-0.0042618,-0.10334,-0.48384,-0.034458,0.048394,-0.48199,-0.039293,-0.097807,-0.83929,0.049459,0.045902,-0.84617,0.038675
0.0038706,0.6278,0.034256,0.017087,0.44278,0.036813,-0.15343,0.33975,0.042472,0.17299,0.33584,0.037224,-0.33683,0.14143,0.077523,0.30675,0.09996,0.090538,-0.53059,0.052549,0.022071,0.47604,-0.02882,0.032797,0.0035071,0.1015,0.048722,0,0.039907,0,-0.074377,-0.03073,-0.012145,0.068191,-0.035299,-0.0057171,-0.098781,-0.50019,-0.050463,0.052345,-0.49323,-0.055348,-0.081469,-0.85345,0.066797,0.04663,-0.85913,0.052877
0.0023079,0.60594,0.037873,0.013485,0.42313,0.04035,-0.15777,0.30976,0.044162,0.17541,0.31542,0.043211,-0.3441,0.12567,0.073326,0.30809,0.070587,0.085455,-0.53652,0.025735,0.022531,0.47414,-0.065671,0.039006,0.0025355,0.084876,0.049294,0,0.024279,0,-0.074681,-0.04988,-0.011884,0.069832,-0.052272,-0.007638,-0.097251,-0.51501,-0.057937,0.052409,-0.50081,-0.057694,-0.080295,-0.86594,0.078446,0.035361,-0.87481,0.075452
0.00050691,0.60553,0.039483,0.012282,0.42115,0.043252,-0.15937,0.31032,0.046079,0.17296,0.31239,0.044591,-0.34554,0.12262,0.075201,0.30308,0.06742,0.089038,-0.5343,0.01926,0.027171,0.46701,-0.072344,0.046762,0.002226,0.082103,0.049979,0,0.021557,0,-0.074976,-0.052275,-0.013976,0.070695,-0.054758,-0.0071974,-0.098978,-0.51292,-0.054238,0.05108,-0.50071,-0.056003,-0.081945,-0.86443,0.079006,0.038088,-0.87289,0.070787
-0.0029397,0.61857,0.047866,0.0096606,0.44423,0.053326,-0.15869,0.33201,0.048091,0.16864,0.33095,0.050827,-0.34223,0.13127,0.082442,0.28736,0.093487,0.096241,-0.5235,0.013137,0.048073,0.43886,-0.062516,0.085169,0.0012923,0.092312,0.051042,0,0.031433,0,-0.073995,-0.038761,-0.016696,0.071199,-0.04226,-0.0073531,-0.10408,-0.50133,-0.023506,0.058816,-0.49273,-0.036064,-0.097089,-0.84961,0.076646,0.037233,-0.8653,0.068639
-0.0082096,0.67635,0.055922,-0.0015581,0.49319,0.060008,-0.16681,0.38436,0.060867,0.15898,0.38655,0.056902,-0.32859,0.17845,0.10903,0.2809,0.13224,0.11613,-0.49421,0.037803,0.087372,0.42112,-0.032399,0.1266,0.00034313,0.14585,0.052537,0,0.086015,0,-0.072556,0.015772,-0.01966,0.07311,0.011301,-0.006164,-0.11246,-0.48492,0.0020419,0.053643,-0.48443,0.015589,-0.10046,-0.83202,0.068257,0.040326,-0.8449,0.059348
-0.0073262,0.71619,0.058888,0.0029132,0.54044,0.063954,-0.16574,0.41555,0.057804,0.16567,0.42862,0.0566,-0.31708,0.2043,0.11844,0.27862,0.17959,0.12754,-0.47808,0.058104,0.10783,0.40592,0.0095356,0.16163,0.0008464,0.17974,0.053168,0,0.11719,0,-0.072768,0.038982,-0.01757,0.071962,0.048202,-0.0098365,-0.10868,-0.4771,0.0038052,0.049189,-0.48086,0.017435,-0.081163,-0.83321,0.067042,0.03013,-0.84597,0.05667
-0.014386,0.75629,0.054492,0.0096526,0.56213,0.054296,-0.15994,0.45009,0.04997,0.16897,0.46209,0.058114,-0.29866,0.23551,0.12193,0.27001,0.2107,0.12435,-0.45442,0.084522,0.12491,0.40146,0.044401,0.16042,0.0010173,0.21326,0.051402,0,0.15311,0,-0.071357,0.084464,-0.015845,0.068238,0.076619,-0.0075979,-0.094991,-0.42608,-0.019224,0.038993,-0.47524,0.0061969,-0.045877,-0.80683,0.08045,0.020831,-0.81419,0.076902
-0.016244,0.77509,0.052222,0.0047228,0.57702,0.053427,-0.15855,0.46874,0.049386,0.16946,0.46914,0.058148,-0.29658,0.24583,0.12341,0.27193,0.22358,0.13974,-0.44925,0.091627,0.12544,0.40703,0.057212,0.16421,-0.00013405,0.22409,0.051645,0,0.1624,0,-0.071052,0.090685,-0.01646,0.069232,0.088465,-0.006617,-0.097252,-0.38992,-0.03974,0.03465,-0.40508,-0.034424,-0.038452,-0.76612,0.099538,0.018138,-0.75789,0.079457
-0.014384,0.78153,0.047882,0.002757,0.5831,0.047528,-0.15765,0.47751,0.048267,0.17362,0.48274,0.06335,-0.29551,0.25086,0.12341,0.27188,0.22908,0.13798,-0.45209,0.10163,0.13356,0.42075,0.074739,0.16178,-0.001485,0.23595,0.05052,0,0.17498,0,-0.070753,0.10287,-0.014889,0.070183,0.098783,-0.0068734,-0.095785,-0.36626,-0.048541,0.031929,-0.3918,-0.043897,-0.043362,-0.73532,0.10823,0.017774,-0.74623,0.078536
-0.014901,0.78339,0.048401,0.0021888,0.58606,0.049221,-0.15796,0.47877,0.049962,0.17337,0.48452,0.064059,-0.29503,0.25507,0.12678,0.27336,0.23108,0.13865,-0.45683,0.11047,0.12887,0.43958,0.09278,0.14957,-0.0014405,0.23776,0.050858,0,0.17662,0,-0.070738,0.10442,-0.015218,0.070159,0.10069,-0.0068502,-0.094963,-0.3707,-0.047095,0.032253,-0.39359,-0.043454,-0.047315,-0.73828,0.11396,0.018518,-0.749,0.084853
-0.015245,0.7833,0.051003,0.0021175,0.58606,0.049593,-0.15837,0.47652,0.052585,0.17093,0.48429,0.065852,-0.29542,0.25494,0.12695,0.27675,0.22989,0.13939,-0.4702,0.12158,0.11581,0.45274,0.1022,0.13199,-0.0012973,0.23751,0.050953,0,0.17632,0,-0.070632,0.10422,-0.015306,0.070098,0.10068,-0.0068645,-0.10107,-0.45338,0.0033041,0.040021,-0.44068,-0.01856,-0.071723,-0.7706,0.12877,0.017888,-0.76072,0.10081
-0.013758,0.76524,0.050962,0.0046772,0.57209,0.059342,-0.1568,0.46175,0.061777,0.16989,0.47417,0.06775,-0.29834,0.25026,0.12216,0.28557,0.22357,0.13439,-0.476,0.12608,0.091565,0.47017,0.092483,0.08298,9.711e-05,0.22943,0.052046,0,0.17036,0,-0.070573,0.097931,-0.016626,0.069698,0.09743,-0.0077296,-0.094537,-0.47818,0.017551,0.04622,-0.44883,-0.015879,-0.096745,-0.82859,0.1112,0.043716,-0.83525,0.097366
-0.016235,0.7262,0.046039,0.003487,0.53819,0.059421,-0.16008,0.43165,0.057881,0.16975,0.42657,0.061745,-0.30639,0.2233,0.10911,0.2971,0.18517,0.10429,-0.48613,0.10947,0.051342,0.47933,0.070792,0.059816,-0.00010815,0.19404,0.052802,0,0.13532,0,-0.069938,0.05616,-0.01607,0.068856,0.066637,-0.0097431,-0.098165,-0.4927,0.0094226,0.056894,-0.4949,-0.011156,-0.098362,-0.85891,0.099855,0.042451,-0.84359,0.090242
-0.0084565,0.6841,0.041849,1.2639e-05,0.48974,0.04639,-0.16547,0.38334,0.056265,0.17073,0.39076,0.057908,-0.32203,0.17885,0.090775,0.30495,0.14922,0.085392,-0.50434,0.076146,0.018874,0.47803,0.023912,0.03221,-7.3433e-05,0.14768,0.050868,0,0.087289,0,-0.072413,0.014746,-0.018636,0.072498,0.010519,-0.0035836,-0.09722,-0.50081,-0.0063811,0.057933,-0.49666,-0.01923,-0.097975,-0.85878,0.091684,0.038526,-0.85215,0.084783
-0.01553,0.63313,0.02655,0.005937,0.46485,0.047312,-0.1651,0.34593,0.043206,0.16894,0.34526,0.04642,-0.34171,0.13501,0.067198,0.30484,0.1048,0.070716,-0.52987,0.042115,-0.0025671,0.48454,-0.015041,0.0081257,0.00058061,0.11868,0.051019,0,0.057326,0,-0.073292,-0.019626,-0.016152,0.071021,-0.014912,-0.0059156,-0.095621,-0.50748,-0.033251,0.060431,-0.48925,-0.034576,-0.09889,-0.85825,0.082797,0.03773,-0.84743,0.075374
