-0.010114,0.76977,-0.047923,0.0033985,0.58493,-0.0044717,-0.15811,0.48805,0.025159,0.16695,0.48964,0.032632,-0.27795,0.26718,0.10848,0.26084,0.26106,0.14694,-0.45458,0.14273,0.082953,0.44901,0.14656,0.13474,-7.1206e-06,0.24918,0.023859,0,0.18254,0,-0.073907,0.099744,-0.0059021,0.073375,0.117,0.0026951,-0.06317,-0.47281,0.041184,0.050324,-0.34764,0.010263,-0.074209,-0.85054,0.036836,0.0082692,-0.75547,0.037196
-0.0060765,0.73397,-0.049708,0.002094,0.54096,-0.0030236,-0.16127,0.44879,0.024916,0.17181,0.44407,0.033371,-0.28558,0.23135,0.1014,0.28117,0.21671,0.14085,-0.47514,0.12892,0.068127,0.47231,0.11594,0.11543,-0.00028224,0.2123,0.022272,0,0.14733,0,-0.076868,0.059613,-0.0064441,0.075851,0.082887,0.0026115,-0.062555,-0.51231,0.045792,0.028606,-0.44424,0.022798,-0.064322,-0.87221,0.053765,0.0012584,-0.8529,0.052959
-0.0077299,0.69073,-0.045811,0.00027503,0.50478,-0.0076644,-0.16146,0.40199,0.024201,0.16961,0.40175,0.034384,-0.30059,0.19531,0.09136,0.2872,0.17869,0.12751,-0.48764,0.099948,0.026114,0.47596,0.076068,0.088653,-0.00068402,0.17358,0.019445,0,0.1076,0,-0.075148,0.023833,-0.0080783,0.074898,0.04329,0.0061015,-0.073712,-0.5095,0.013621,0.024538,-0.50387,0.013332,-0.066995,-0.88044,0.061281,0.0013957,-0.8751,0.053087
-0.0055185,0.6351,-0.042048,-0.00087352,0.45115,0.00031865,-0.16582,0.35236,0.019761,0.16507,0.3538,0.034054,-0.32677,0.14506,0.070752,0.30225,0.12824,0.11876,-0.51775,0.064711,-0.0044842,0.4843,0.022508,0.055836,-0.0010768,0.12785,0.01981,0,0.064717,0,-0.075738,-0.021147,-0.0098193,0.076092,0.00062854,0.0049488,-0.086624,-0.50779,-0.01968,0.028962,-0.50032,-0.0094597,-0.073345,-0.88009,0.06089,-0.0080424,-0.88192,0.070579
-0.0076211,0.59517,-0.037385,-0.0024055,0.42242,0.00055274,-0.1643,0.3326,0.019313,0.16546,0.33226,0.031754,-0.33389,0.12848,0.060662,0.30882,0.10041,0.11415,-0.53122,0.041885,-0.0097152,0.48883,-0.011199,0.056881,-0.0011753,0.10575,0.018843,0,0.042952,0,-0.075771,-0.042515,-0.011246,0.076636,-0.020098,0.0062439,-0.098761,-0.51942,-0.039256,0.05692,-0.48607,-0.03625,-0.08365,-0.87896,0.062348,-0.0070304,-0.87405,0.066181
-0.007746,0.59522,-0.035961,-0.0019442,0.42148,0.0020267,-0.16418,0.33114,0.020248,0.16549,0.32946,0.032215,-0.33622,0.12674,0.060787,0.30964,0.098205,0.11486,-0.52801,0.038552,-0.0068616,0.48676,-0.021714,0.068967,-0.00097606,0.099517,0.018638,0,0.035203,0,-0.075791,-0.043829,-0.011124,0.075859,-0.039994,0.004559,-0.10242,-0.5189,-0.03648,0.057643,-0.48618,-0.035199,-0.085217,-0.87873,0.065262,-0.0034822,-0.87177,0.075639
-0.0072077,0.62506,-0.023142,-0.0018822,0.45297,0.012736,-0.16615,0.35001,0.028621,0.16565,0.35133,0.036342,-0.32977,0.1547,0.067196,0.30241,0.11503,0.11767,-0.50903,0.039137,0.017592,0.46982,-0.022155,0.10133,-0.00077223,0.1163,0.020388,0,0.05156,0,-0.075427,-0.021452,-0.012331,0.076031,-0.023233,0.0020641,-0.10161,-0.50988,0.0069194,0.05265,-0.49113,0.013492,-0.084759,-0.87627,0.067278,-0.0016179,-0.87628,0.081403
-0.0069026,0.68468,-0.0053939,-0.0029297,0.50872,0.023776,-0.16376,0.40532,0.040858,0.17141,0.40805,0.044453,-0.31536,0.20329,0.084677,0.28797,0.17773,0.13225,-0.48064,0.064808,0.05298,0.43008,0.015853,0.14124,-0.00071393,0.16997,0.023985,0,0.10465,0,-0.074945,0.029527,-0.011822,0.076036,0.029208,-0.0017214,-0.065731,-0.51197,0.044185,0.015717,-0.51134,0.059203,-0.077652,-0.85815,0.068591,0.00010592,-0.86698,0.079954
-0.0087173,0.7342,0.0013796,0.0050485,0.55627,0.022757,-0.16241,0.45157,0.040692,0.16811,0.44529,0.037421,-0.30582,0.23357,0.086116,0.2708,0.22247,0.1337,-0.46675,0.077475,0.066038,0.40161,0.055618,0.16485,0.0010252,0.21246,0.025084,0,0.14553,0,-0.077639,0.069733,-0.0084717,0.076006,0.074702,-0.0045056,-0.058645,-0.47069,0.02806,0.025263,-0.49424,0.051054,-0.056112,-0.81615,0.073378,-0.0051551,-0.85772,0.08456
-0.013714,0.76731,-0.0012692,0.0032786,0.58148,0.0223,-0.16167,0.47244,0.03485,0.16665,0.48109,0.038928,-0.29614,0.25806,0.089407,0.26502,0.2344,0.13567,-0.44704,0.10295,0.08247,0.39759,0.077381,0.19116,0.00025065,0.24025,0.026062,0,0.17498,0,-0.075814,0.099525,-0.0096742,0.074692,0.10357,-0.0030013,-0.070958,-0.41612,-0.0056992,0.045018,-0.41765,0.0031375,-0.063746,-0.73839,0.095685,0.025604,-0.77708,0.11503
-0.013067,0.7876,-0.0034749,0.0029946,0.5936,0.027166,-0.16166,0.49172,0.039552,0.16516,0.49414,0.041838,-0.29394,0.27124,0.093082,0.25641,0.26085,0.13818,-0.44138,0.1129,0.088068,0.38739,0.10238,0.19341,0.0003231,0.25334,0.028338,0,0.1885,0,-0.075165,0.11459,-0.011005,0.074194,0.11626,-0.0034295,-0.095155,-0.3807,-0.027347,0.049715,-0.36816,-0.024998,-0.064556,-0.7368,0.10251,0.019526,-0.73957,0.12244
-0.01457,0.79655,-0.0022946,0.0022877,0.60391,0.031714,-0.16037,0.50186,0.042204,0.16503,0.50702,0.052987,-0.29279,0.28068,0.10023,0.25572,0.26887,0.15166,-0.44635,0.12998,0.11165,0.40271,0.12545,0.20758,-0.00051615,0.26291,0.030801,0,0.19855,0,-0.074284,0.12534,-0.011961,0.073688,0.12725,-0.0040801,-0.093177,-0.38291,-0.016937,0.050142,-0.36878,-0.019274,-0.070343,-0.72985,0.10425,0.024531,-0.73121,0.12284
-0.011947,0.80182,0.0012586,0.0022131,0.60934,0.034393,-0.15969,0.50541,0.043445,0.1661,0.51298,0.060174,-0.29339,0.28721,0.11057,0.25809,0.27357,0.15753,-0.44835,0.13669,0.11211,0.42913,0.15357,0.20654,-0.0011235,0.26587,0.032978,0,0.20157,0,-0.073633,0.12869,-0.013209,0.073299,0.12997,-0.0038514,-0.089728,-0.41616,0.022875,0.053997,-0.41731,0.022096,-0.073838,-0.74438,0.089848,0.037011,-0.75659,0.086896
-0.00746,0.80166,0.0064922,0.0017594,0.60952,0.036503,-0.16042,0.50553,0.044465,0.16563,0.5126,0.061126,-0.29461,0.28684,0.11149,0.25936,0.27445,0.15879,-0.46666,0.15542,0.099488,0.43534,0.15804,0.19477,-0.0014559,0.26522,0.03512,0,0.201,0,-0.073002,0.12768,-0.01448,0.073228,0.12917,-0.0040303,-0.08088,-0.44371,0.043649,0.047561,-0.44281,0.04447,-0.059436,-0.79332,0.065838,0.044004,-0.79906,0.066608
-0.0072021,0.79216,0.012091,5.6609e-05,0.60411,0.039771,-0.16096,0.49371,0.044544,0.16394,0.5013,0.062855,-0.30359,0.27947,0.11173,0.27639,0.25938,0.15912,-0.485,0.16282,0.080368,0.46045,0.1457,0.13817,-0.0019375,0.25299,0.037265,0,0.18733,0,-0.072659,0.11371,-0.014359,0.072828,0.1161,-0.0047192,-0.075393,-0.45754,0.045441,0.048245,-0.45544,0.04828,-0.070316,-0.83726,0.051745,0.041449,-0.81907,0.059567
-0.001979,0.76266,0.015611,0.0045994,0.56898,0.039451,-0.16171,0.46165,0.045367,0.17061,0.45657,0.061658,-0.30958,0.25716,0.10159,0.28958,0.22457,0.14583,-0.49728,0.15317,0.060264,0.48447,0.11622,0.10275,-0.0010985,0.22599,0.038345,0,0.16267,0,-0.075713,0.088196,-0.013839,0.074769,0.086389,-0.0048002,-0.079442,-0.48385,0.039388,0.055104,-0.48461,0.042162,-0.0693,-0.84554,0.052918,0.042971,-0.86662,0.069674
0.0017195,0.71427,0.01195,0.004337,0.52939,0.03034,-0.15874,0.41197,0.033988,0.17168,0.42199,0.050838,-0.32669,0.21148,0.081361,0.29551,0.18873,0.13354,-0.51293,0.12171,0.0045278,0.47663,0.076808,0.081706,-0.00094766,0.1765,0.037662,0,0.1107,0,-0.073957,0.03701,-0.013649,0.072377,0.035772,-0.0016431,-0.085592,-0.50142,0.0061353,0.062521,-0.49916,0.012557,-0.057406,-0.88082,0.068901,0.038005,-0.86981,0.068161
-0.0051686,0.65809,0.0066186,0.0046239,0.47709,0.027147,-0.16386,0.36715,0.030917,0.16472,0.36994,0.040817,-0.33754,0.17855,0.064046,0.30154,0.13552,0.11576,-0.51887,0.091875,-0.029039,0.48368,0.029563,0.047814,-0.0002745,0.13137,0.037616,0,0.06635,0,-0.07578,-0.0053652,-0.014286,0.074065,-0.0090509,-0.00012639,-0.095445,-0.50878,-0.032188,0.065908,-0.49445,-0.022355,-0.06254,-0.88026,0.06179,0.029695,-0.87336,0.063841
-0.007903,0.61538,0.015588,0.0001798,0.43479,0.029209,-0.16344,0.33499,0.027005,0.16909,0.33407,0.044235,-0.34776,0.1427,0.048535,0.30644,0.1067,0.11552,-0.53462,0.065864,-0.041876,0.48673,0.0052653,0.039039,-0.0016879,0.10367,0.038433,0,0.041603,0,-0.076115,-0.034058,-0.015667,0.076149,-0.034271,0.00062928,-0.099984,-0.5091,-0.039855,0.067876,-0.49088,-0.031837,-0.067393,-0.87735,0.063091,0.02214,-0.87621,0.069253
-0.0078008,0.61528,0.015267,-0.00097164,0.43439,0.028305,-0.16378,0.33286,0.025906,0.16645,0.32954,0.041109,-0.34719,0.13973,0.048364,0.30426,0.10433,0.114,-0.5325,0.055116,-0.037545,0.48135,-0.0069223,0.045385,-0.0018441,0.10096,0.038687,0,0.038156,0,-0.075733,-0.036583,-0.015624,0.076313,-0.036592,0.00082955,-0.10038,-0.51097,-0.038747,0.068985,-0.49099,-0.03116,-0.070575,-0.87657,0.065089,0.022785,-0.87367,0.074496
-0.011841,0.64341,0.01662,-0.0014423,0.45691,0.02957,-0.16857,0.34925,0.027445,0.16098,0.3669,0.039907,-0.33212,0.16174,0.055145,0.29118,0.12532,0.11768,-0.50879,0.050136,-0.014092,0.46059,-0.0082283,0.086496,-0.001429,0.11623,0.039468,0,0.053015,0,-0.075212,-0.021361,-0.015377,0.075941,-0.021508,-2.4032e-05,-0.10068,-0.50644,-0.01951,0.066908,-0.49669,0.0047468,-0.075406,-0.87091,0.061276,0.026048,-0.87626,0.073542
-0.0077879,0.69956,0.027386,-0.0055278,0.52349,0.02988,-0.16859,0.40571,0.025459,0.15735,0.41506,0.034937,-0.32615,0.19646,0.073163,0.286,0.17812,0.12481,-0.4927,0.059591,0.040359,0.43653,0.023014,0.125,-0.0019078,0.17034,0.040116,0,0.10431,0,-0.071723,0.027611,-0.011491,0.073651,0.03479,-0.0033191,-0.088084,-0.49821,0.031419,0.058329,-0.49653,0.044024,-0.067234,-0.86118,0.059341,0.02772,-0.87432,0.075532
-0.012351,0.74785,0.024305,-0.0041541,0.5568,0.031213,-0.16735,0.44871,0.032692,0.16357,0.44783,0.038409,-0.31401,0.22165,0.079609,0.27614,0.21093,0.13344,-0.47283,0.074484,0.066665,0.4203,0.054613,0.16167,-0.0014114,0.21459,0.040903,0,0.15007,0,-0.075236,0.073798,-0.010534,0.076836,0.076745,-0.0051402,-0.076531,-0.48403,0.02886,0.053686,-0.4863,0.039411,-0.043072,-0.85805,0.061479,0.022956,-0.86889,0.079697
-0.015865,0.77294,0.023906,0.0016139,0.59448,0.032596,-0.16709,0.46461,0.034061,0.15924,0.47762,0.037861,-0.30832,0.24922,0.087238,0.26898,0.23955,0.13716,-0.45587,0.091999,0.094499,0.40407,0.085215,0.19396,-0.00025607,0.23533,0.041728,0,0.16945,0,-0.075255,0.095754,-0.0089177,0.074762,0.098821,-0.0064958,-0.078973,-0.41414,-0.0056733,0.054623,-0.43517,0.013344,-0.029075,-0.80309,0.092319,0.016276,-0.75151,0.1034
-0.022176,0.79166,0.028814,0.00044958,0.59989,0.032354,-0.1682,0.48657,0.037195,0.15745,0.48942,0.042656,-0.30074,0.26469,0.096654,0.26337,0.25554,0.14343,-0.45223,0.11308,0.1149,0.39876,0.10706,0.21155,-0.00070921,0.25036,0.042379,0,0.18596,0,-0.074839,0.11081,-0.010661,0.07473,0.11549,-0.0052328,-0.073755,-0.38736,-0.017976,0.061385,-0.37232,-0.01676,-0.053482,-0.74263,0.12202,0.02085,-0.74296,0.12244
-0.022713,0.80088,0.031486,-0.00081887,0.60772,0.036304,-0.16759,0.49413,0.038692,0.15605,0.49586,0.046328,-0.30116,0.272,0.10274,0.25845,0.26808,0.15588,-0.45516,0.1238,0.12491,0.40102,0.11889,0.20889,-0.0011138,0.25581,0.043536,0,0.19135,0,-0.073818,0.11753,-0.011565,0.074308,0.1213,-0.0052799,-0.073184,-0.39039,-0.011266,0.059233,-0.37045,-0.016105,-0.055583,-0.73987,0.12086,0.019878,-0.73935,0.12138
-0.02328,0.80737,0.03422,-0.00022003,0.61117,0.036999,-0.16853,0.49932,0.041285,0.15666,0.50424,0.055731,-0.30497,0.27698,0.10915,0.25858,0.26978,0.16017,-0.46374,0.13272,0.12609,0.42287,0.14289,0.20919,-0.0018055,0.25964,0.044261,0,0.19529,0,-0.073855,0.1205,-0.012159,0.074088,0.12479,-0.0050182,-0.077228,-0.4194,0.022937,0.051514,-0.40557,0.010907,-0.059543,-0.74288,0.11828,0.017283,-0.74355,0.11463
-0.021679,0.80569,0.034777,0.00014108,0.61182,0.038529,-0.16876,0.49902,0.041063,0.15703,0.50309,0.056712,-0.30632,0.27661,0.10874,0.25873,0.26767,0.16274,-0.48388,0.15267,0.095473,0.43235,0.14653,0.19568,-0.0019797,0.25891,0.04489,0,0.19448,0,-0.073703,0.11942,-0.012567,0.073896,0.12386,-0.0048749,-0.073081,-0.45126,0.05207,0.039002,-0.44842,0.036597,-0.087354,-0.82467,0.10296,0.035081,-0.83136,0.07378
-0.020946,0.79278,0.031982,-0.0026651,0.60237,0.038354,-0.17044,0.48075,0.038077,0.15588,0.49244,0.059319,-0.31608,0.26442,0.098641,0.26175,0.25472,0.1601,-0.49646,0.14524,0.073839,0.45015,0.13456,0.15982,-0.0030674,0.24771,0.04542,0,0.18283,0,-0.07296,0.10697,-0.014156,0.074212,0.11159,-0.0033689,-0.075351,-0.46354,0.051738,0.037991,-0.46075,0.036614,-0.079937,-0.8234,0.085131,0.029816,-0.83611,0.070237
-0.011762,0.76539,0.029934,-0.0012792,0.55359,0.036214,-0.16195,0.44669,0.034368,0.16294,0.44722,0.063704,-0.31738,0.228,0.080927,0.27571,0.21153,0.14611,-0.5003,0.12118,0.02338,0.46022,0.10058,0.11034,-0.0041126,0.20589,0.04564,0,0.1432,0,-0.07228,0.07026,-0.017627,0.072661,0.070108,0.00062305,-0.079862,-0.49782,0.050902,0.043915,-0.47524,0.032533,-0.08031,-0.84111,0.074564,0.034405,-0.8393,0.06437
-0.0053956,0.7133,0.024068,0.0061473,0.52267,0.030895,-0.16191,0.40035,0.027568,0.1657,0.41664,0.056226,-0.31843,0.19964,0.063337,0.27362,0.17246,0.12541,-0.49841,0.093974,-0.0069871,0.45906,0.056572,0.084551,-0.0023339,0.16948,0.044602,0,0.10305,0,-0.074797,0.025586,-0.016519,0.072187,0.031693,0.0010405,-0.088795,-0.49938,0.021539,0.050189,-0.4795,0.010837,-0.080577,-0.85235,0.075714,0.028916,-0.86002,0.089528
-0.0042809,0.65307,0.012227,-0.00011402,0.46069,0.026265,-0.16265,0.35215,0.020198,0.16787,0.35347,0.055826,-0.32932,0.13967,0.041739,0.28783,0.1123,0.11751,-0.51357,0.046426,-0.036061,0.46874,0.00051347,0.064059,-0.0045101,0.12093,0.043629,0,0.057822,0,-0.075179,-0.013099,-0.01961,0.075125,-0.018584,0.0048295,-0.096185,-0.50973,-0.025753,0.061775,-0.48725,-0.023385,-0.075359,-0.86473,0.084687,0.027163,-0.86931,0.085692
0.00075202,0.61032,0.0076235,-0.0021617,0.42338,0.025069,-0.16367,0.31752,0.015882,0.16791,0.32473,0.057745,-0.33139,0.1197,0.035978,0.28541,0.088048,0.111,-0.51064,0.017326,-0.042028,0.46465,-0.026321,0.057349,-0.0054327,0.094932,0.042952,0,0.033782,0,-0.075148,-0.043355,-0.018495,0.075694,-0.041638,0.0050966,-0.097723,-0.50924,-0.035996,0.064828,-0.48871,-0.038757,-0.076333,-0.85996,0.084716,0.026712,-0.86966,0.080927
0.0012457,0.60907,0.0062697,-0.0015222,0.42341,0.024911,-0.16309,0.31717,0.015502,0.1676,0.32323,0.055731,-0.33016,0.1154,0.035369,0.28192,0.084491,0.11137,-0.50446,0.0026049,-0.038786,0.45481,-0.043059,0.071635,-0.005042,0.093537,0.042532,0,0.031771,0,-0.074839,-0.043911,-0.01879,0.07539,-0.044139,0.0050957,-0.099888,-0.50618,-0.035473,0.067585,-0.48732,-0.039258,-0.076529,-0.85856,0.085469,0.027741,-0.86754,0.080615
0.0006381,0.624,0.0078505,-0.0034692,0.44713,0.02997,-0.15954,0.34362,0.019084,0.16577,0.34171,0.049292,-0.32378,0.12241,0.039423,0.27773,0.092869,0.11394,-0.49757,-0.00090444,-0.011765,0.44706,-0.041033,0.084221,-0.0042693,0.10524,0.043289,0,0.042591,0,-0.074185,-0.027924,-0.01921,0.074533,-0.032365,0.0038594,-0.10906,-0.50458,-0.0046346,0.061095,-0.49151,-0.00093013,-0.077238,-0.85674,0.084701,0.030021,-0.86603,0.080794
-0.001368,0.68942,0.018585,0.0010932,0.5132,0.035616,-0.15968,0.40322,0.028799,0.16655,0.40078,0.053498,-0.31068,0.18064,0.055895,0.26274,0.15995,0.12111,-0.46602,0.030354,0.029788,0.40726,0.0022057,0.14217,-0.003002,0.16284,0.044957,0,0.098555,0,-0.072789,0.026771,-0.018387,0.072401,0.023167,0.0012826,-0.099449,-0.48317,0.023959,0.057088,-0.48626,0.022607,-0.075664,-0.83927,0.077675,0.035683,-0.84747,0.067142
0.0070464,0.73585,0.023402,0.0090387,0.55104,0.036229,-0.15244,0.43892,0.028961,0.17091,0.44524,0.051359,-0.29819,0.21333,0.064248,0.25913,0.19999,0.11764,-0.44945,0.058506,0.044511,0.39138,0.043092,0.17431,-0.0012652,0.20166,0.045542,0,0.13781,0,-0.075325,0.064745,-0.017341,0.071809,0.067218,9.8798e-05,-0.087378,-0.48826,0.026999,0.05256,-0.48569,0.027914,-0.054191,-0.8361,0.072792,0.033147,-0.84371,0.068969
0.0017944,0.78036,0.024846,0.0073412,0.5836,0.032017,-0.15545,0.46833,0.03233,0.17401,0.46007,0.053171,-0.29503,0.23867,0.067996,0.25706,0.2134,0.12192,-0.44169,0.079506,0.047598,0.39392,0.060601,0.1788,-0.0015486,0.23168,0.045142,0,0.16665,0,-0.076713,0.093595,-0.015956,0.073927,0.08821,-0.00033022,-0.085535,-0.40956,-0.0086097,0.041715,-0.43606,0.0012915,-0.049592,-0.77148,0.10631,0.023379,-0.78089,0.10263
0.00071553,0.78409,0.024631,0.0068378,0.58977,0.031534,-0.15822,0.47976,0.034489,0.17346,0.48064,0.059393,-0.29543,0.25623,0.080248,0.25447,0.23326,0.13334,-0.45652,0.11155,0.07189,0.39853,0.086176,0.18797,-0.002077,0.24594,0.045159,0,0.18307,0,-0.076286,0.11025,-0.015833,0.073887,0.106,-0.00057944,-0.084781,-0.38827,-0.019928,0.033364,-0.40315,-0.010331,-0.048837,-0.76164,0.11101,0.02029,-0.76807,0.10386
-0.00446,0.79588,0.02787,0.0059502,0.60254,0.038482,-0.15837,0.49142,0.039296,0.16665,0.49989,0.069667,-0.29836,0.2725,0.094443,0.25326,0.24499,0.14016,-0.45343,0.12164,0.071873,0.4037,0.10045,0.18573,-0.0028601,0.25306,0.046256,0,0.18982,0,-0.07508,0.11882,-0.015846,0.072568,0.11548,-0.0017855,-0.085727,-0.38726,-0.018869,0.02828,-0.39932,-0.0091936,-0.052223,-0.75613,0.11142,0.0096967,-0.74821,0.11289
-0.0056016,0.79881,0.029664,0.0067419,0.60832,0.043569,-0.15819,0.49393,0.042641,0.16692,0.50075,0.072187,-0.30008,0.27539,0.098769,0.25451,0.24831,0.14465,-0.47783,0.15041,0.082404,0.41996,0.1173,0.18075,-0.0026718,0.25458,0.047111,0,0.19146,0,-0.074706,0.12031,-0.01624,0.071424,0.118,-0.002947,-0.072714,-0.42893,0.021807,0.011457,-0.43109,0.029372,-0.046268,-0.71032,0.11316,0.0068494,-0.75803,0.10458
-0.0063376,0.79896,0.035676,0.006338,0.6087,0.04481,-0.15954,0.49343,0.047348,0.16683,0.49945,0.074557,-0.30045,0.27502,0.10207,0.25607,0.24781,0.14585,-0.48324,0.15572,0.073221,0.42792,0.12079,0.16848,-0.0022595,0.25356,0.047779,0,0.19005,0,-0.074248,0.11793,-0.016561,0.071148,0.11687,-0.0032043,-0.068663,-0.45416,0.037024,0.0027277,-0.45093,0.052183,-0.075036,-0.84709,0.074712,-0.0045643,-0.85052,0.068425
-0.003401,0.79016,0.04544,0.004474,0.59514,0.048646,-0.16147,0.47785,0.048884,0.16671,0.47663,0.077671,-0.30063,0.26744,0.10364,0.26224,0.24042,0.14405,-0.48824,0.15074,0.060399,0.43773,0.11234,0.13709,-0.0029081,0.24364,0.048679,0,0.18099,0,-0.075824,0.099178,-0.017797,0.072802,0.11272,-0.0036093,-0.063218,-0.47114,0.048948,0.0080981,-0.45556,0.051498,-0.070076,-0.8455,0.075107,0.0060595,-0.87496,0.028401
-0.0028914,0.75265,0.047086,0.0072798,0.55557,0.04854,-0.15949,0.44904,0.049481,0.17069,0.44841,0.071132,-0.30275,0.2321,0.098722,0.27259,0.19998,0.12188,-0.48631,0.12981,0.033727,0.45259,0.080957,0.090856,-0.0017162,0.19881,0.049368,0,0.13545,0,-0.071818,0.070408,-0.018827,0.070305,0.059273,-0.0038914,-0.05911,-0.50026,0.042125,0.013643,-0.49207,0.042674,-0.076072,-0.84773,0.086136,-0.0086528,-0.86012,0.10015
0.00023525,0.70207,0.04184,-0.0015979,0.51313,0.040865,-0.16063,0.40957,0.047748,0.16942,0.39849,0.071668,-0.30816,0.18962,0.079458,0.29224,0.14735,0.10666,-0.48732,0.08378,0.0067931,0.46837,0.024219,0.067097,-0.0032778,0.17582,0.048617,0,0.11436,0,-0.073751,0.034521,-0.016763,0.07277,0.040111,-0.0016653,-0.092525,-0.50451,0.0066035,0.03785,-0.49237,0.0015674,-0.081705,-0.85487,0.090621,-0.0069562,-0.86167,0.095233
-0.00053449,0.65505,0.03654,-0.00012595,0.46338,0.036989,-0.16137,0.35031,0.034158,0.1686,0.34862,0.057517,-0.32085,0.13698,0.057427,0.29595,0.11419,0.095575,-0.50315,0.036529,-0.015041,0.47347,-0.0097758,0.046704,-0.0031864,0.11647,0.047932,0,0.053527,0,-0.075486,-0.019134,-0.019478,0.075532,-0.022675,0.0014749,-0.1012,-0.50706,-0.025636,0.048556,-0.49456,-0.025601,-0.094875,-0.85783,0.0898,-0.0046658,-0.86518,0.087851
0.0038805,0.61504,0.032309,-0.0017251,0.43205,0.029583,-0.1626,0.33341,0.033641,0.16775,0.32253,0.052758,-0.32713,0.11391,0.046391,0.29873,0.078872,0.085114,-0.50703,0.0071292,-0.022298,0.48173,-0.032412,0.04032,-0.002952,0.095494,0.046749,0,0.033415,0,-0.075317,-0.039847,-0.017932,0.07545,-0.043933,0.0023364,-0.10971,-0.51081,-0.035746,0.055686,-0.49684,-0.030829,-0.095995,-0.85609,0.08853,-0.0022109,-0.86525,0.088001
0.0031415,0.61488,0.032522,-0.0016741,0.43221,0.030362,-0.16281,0.33338,0.033478,0.16717,0.32315,0.05169,-0.32307,0.11534,0.047016,0.29534,0.080547,0.084093,-0.49899,0.00085096,-0.018997,0.46983,-0.046599,0.054178,-0.0028143,0.095348,0.046637,0,0.033337,0,-0.075329,-0.039855,-0.017954,0.075509,-0.043953,0.0022448,-0.11404,-0.51078,-0.032445,0.054557,-0.49935,-0.025599,-0.1005,-0.86481,0.095136,-0.0036587,-0.86637,0.089653
-0.00073912,0.64639,0.03134,0.00084806,0.47877,0.031437,-0.1638,0.35464,0.034504,0.16811,0.35983,0.046543,-0.31486,0.12843,0.050948,0.29145,0.10795,0.092316,-0.48543,0.00029675,0.00093547,0.45352,-0.035456,0.070502,-0.0015099,0.12257,0.046668,0,0.057357,0,-0.076099,-0.015019,-0.016971,0.075523,-0.019977,0.000664,-0.10778,-0.50653,-0.0027263,0.055189,-0.50138,0.010741,-0.099202,-0.86432,0.096694,0.00018353,-0.86501,0.092421
-0.0016366,0.70079,0.045802,0.0036475,0.52542,0.039648,-0.16397,0.40807,0.041449,0.16864,0.41002,0.052227,-0.30234,0.19191,0.077152,0.27693,0.1678,0.10066,-0.44882,0.035433,0.033355,0.41391,0.0036851,0.12301,-0.00079119,0.17172,0.048222,0,0.1076,0,-0.075204,0.032658,-0.014252,0.073905,0.033672,-0.0043516,-0.10422,-0.4985,0.026661,0.044934,-0.49189,0.03601,-0.08731,-0.84915,0.091751,0.0022616,-0.85794,0.0921
0.0037299,0.75272,0.050312,0.0060329,0.5678,0.041805,-0.16062,0.45532,0.042887,0.17166,0.44557,0.047671,-0.29206,0.22095,0.085178,0.27444,0.20561,0.1102,-0.43593,0.059542,0.059629,0.40843,0.046475,0.15796,0.00019217,0.2159,0.048765,0,0.15226,0,-0.075501,0.078963,-0.016682,0.073476,0.075366,-0.0027521,-0.097712,-0.4649,0.026068,0.045801,-0.48757,0.037131,-0.077495,-0.83267,0.094012,0.0080441,-0.84152,0.095879
-0.0050447,0.78553,0.054477,0.0071896,0.58998,0.040431,-0.16077,0.4688,0.04321,0.17,0.47434,0.050907,-0.28937,0.24903,0.10296,0.2709,0.22941,0.11231,-0.43039,0.084831,0.08199,0.40161,0.068529,0.16258,0.00022136,0.23151,0.048784,0,0.16669,0,-0.076695,0.094578,-0.016456,0.074089,0.09062,-0.0024726,-0.10456,-0.40023,-0.012623,0.038472,-0.4268,-0.0022394,-0.050559,-0.77822,0.11161,0.013466,-0.79434,0.10475
-0.0099631,0.79351,0.04623,0.0068224,0.59931,0.035368,-0.16239,0.48736,0.040566,0.16711,0.48697,0.051796,-0.28864,0.26082,0.10519,0.26672,0.24974,0.12766,-0.43575,0.10196,0.09913,0.40266,0.091838,0.1743,-0.00042243,0.24901,0.047867,0,0.18556,0,-0.07627,0.11425,-0.014579,0.073851,0.1102,-0.001943,-0.10642,-0.36202,-0.040295,0.039753,-0.37161,-0.032861,-0.048074,-0.73136,0.11131,0.0086194,-0.74325,0.090726
-0.0098165,0.80021,0.041743,0.0060182,0.60609,0.034717,-0.16335,0.49121,0.039446,0.16778,0.4958,0.055048,-0.2869,0.27153,0.10392,0.26577,0.25042,0.12764,-0.44041,0.11893,0.099466,0.409,0.098439,0.17261,-0.0010533,0.25564,0.047996,0,0.19177,0,-0.076318,0.11834,-0.015233,0.074126,0.11617,-0.0013627,-0.09617,-0.37355,-0.037793,0.035102,-0.37322,-0.034667,-0.064945,-0.72989,0.11409,0.0073819,-0.73741,0.096993
-0.010424,0.80173,0.038749,0.004801,0.60902,0.032494,-0.16458,0.49276,0.03994,0.1672,0.49795,0.056078,-0.28695,0.27357,0.10535,0.26606,0.2509,0.12817,-0.45638,0.13865,0.096037,0.42791,0.11391,0.15989,-0.0012606,0.25789,0.047766,0,0.19362,0,-0.076086,0.11963,-0.015019,0.074177,0.11794,-0.0011259,-0.077746,-0.42648,-0.001352,0.020933,-0.41189,-0.012564,-0.070256,-0.73914,0.10723,0.0082898,-0.74244,0.087396
-0.010445,0.79902,0.037297,0.006054,0.60841,0.034051,-0.16355,0.49258,0.042683,0.16691,0.49744,0.056608,-0.28702,0.27401,0.10685,0.27244,0.24963,0.12611,-0.46831,0.14433,0.074371,0.45045,0.12627,0.11795,-0.00072621,0.25358,0.048232,0,0.18822,0,-0.075292,0.11322,-0.015867,0.073552,0.11396,-0.00033289,-0.066649,-0.45933,0.033814,0.016852,-0.45848,0.016348,-0.089939,-0.84143,0.068769,0.0060254,-0.85157,0.032851
-0.014297,0.79027,0.035685,0.0043181,0.6016,0.03515,-0.16615,0.47351,0.041183,0.16488,0.48677,0.054636,-0.29283,0.2619,0.099831,0.27542,0.24224,0.12104,-0.48192,0.13725,0.048913,0.45349,0.11977,0.093735,-0.0010189,0.23732,0.048504,0,0.17001,0,-0.074216,0.090289,-0.016033,0.073287,0.10031,-0.00018959,-0.066013,-0.48181,0.037814,0.022225,-0.47251,0.019572,-0.092956,-0.84285,0.064538,0.0077068,-0.85277,0.034041
-0.01793,0.74194,0.02438,-0.0019081,0.55059,0.033775,-0.16566,0.44504,0.043643,0.16198,0.43849,0.050428,-0.31053,0.21809,0.086307,0.28575,0.19958,0.098919,-0.49896,0.12077,0.029617,0.47035,0.088962,0.061659,-0.0012952,0.19964,0.048286,0,0.13682,0,-0.072869,0.061081,-0.017113,0.073236,0.065802,0.00086871,-0.068943,-0.50155,0.032854,0.026966,-0.48746,0.012936,-0.086783,-0.8505,0.05461,0.0071626,-0.85345,0.037073
-0.018936,0.69641,0.027731,-0.0026963,0.50942,0.033436,-0.16552,0.39174,0.042354,0.16574,0.39367,0.050952,-0.31142,0.17679,0.074263,0.30247,0.15288,0.086773,-0.49569,0.089214,-0.011114,0.4899,0.048866,0.042909,-0.0014851,0.16198,0.048253,0,0.09747,0,-0.074295,0.023682,-0.017416,0.075226,0.020469,0.00093102,-0.086403,-0.49662,-0.02019,0.037869,-0.4866,-0.016213,-0.08261,-0.8535,0.05497,0.011229,-0.85542,0.040768
-0.011721,0.64167,0.033048,-0.00016182,0.45909,0.029229,-0.16761,0.3447,0.041462,0.15929,0.34049,0.040674,-0.32167,0.13623,0.056683,0.3107,0.1191,0.081262,-0.50445,0.049431,-0.033249,0.49067,0.0065568,0.025457,2.3142e-05,0.10943,0.047309,0,0.044946,0,-0.074874,-0.028357,-0.014297,0.074932,-0.028725,-0.0005385,-0.088435,-0.50582,-0.043366,0.050183,-0.50099,-0.042638,-0.070738,-0.86939,0.073799,0.016402,-0.8673,0.057574
-0.015608,0.60562,0.022548,-0.0041437,0.43249,0.027086,-0.16711,0.33023,0.043161,0.15994,0.32009,0.039407,-0.3206,0.1184,0.051399,0.30711,0.098349,0.074951,-0.50113,0.016687,-0.047313,0.48816,-0.012208,0.018489,-0.00016751,0.093755,0.04651,0,0.03088,0,-0.074271,-0.041517,-0.014352,0.075334,-0.044137,0.00011927,-0.090543,-0.50603,-0.051252,0.053425,-0.49984,-0.052847,-0.075267,-0.86928,0.074483,0.016362,-0.86793,0.056268
-0.01633,0.60579,0.025721,-0.0036866,0.43207,0.028302,-0.16726,0.32848,0.044385,0.15977,0.31951,0.039685,-0.3213,0.11534,0.050531,0.3071,0.097998,0.075729,-0.5005,0.0080338,-0.03882,0.48473,-0.019437,0.023307,5.7232e-05,0.092232,0.046402,0,0.029188,0,-0.074463,-0.043602,-0.014194,0.075332,-0.045414,-0.00071651,-0.09248,-0.50614,-0.048973,0.053485,-0.49952,-0.05239,-0.079661,-0.86749,0.075724,0.016001,-0.86779,0.058063
-0.013859,0.63976,0.046085,4.2012e-05,0.45535,0.038441,-0.16498,0.34349,0.049725,0.15926,0.34834,0.042639,-0.31559,0.12487,0.054401,0.30774,0.10755,0.082781,-0.48703,-0.0029722,0.0072612,0.47863,-0.023187,0.04507,0.0010312,0.10861,0.047963,0,0.046471,0,-0.074248,-0.026277,-0.014085,0.074022,-0.022811,-0.0051473,-0.097744,-0.50042,-0.022122,0.060073,-0.48794,-0.028699,-0.079881,-0.86155,0.069022,0.014634,-0.85546,0.052935
-0.019501,0.691,0.069322,-0.0043803,0.52081,0.054121,-0.17369,0.39844,0.064553,0.15085,0.40478,0.041953,-0.30576,0.18362,0.079933,0.29934,0.16605,0.10012,-0.4553,0.029331,0.037395,0.44085,0.002208,0.095292,0.0024749,0.16575,0.050515,0,0.10314,0,-0.071488,0.02699,-0.014234,0.073001,0.034957,-0.0088153,-0.099322,-0.48626,0.032373,0.044253,-0.48317,0.027042,-0.087399,-0.85089,0.072742,0.007385,-0.85248,0.060804
-0.031692,0.74032,0.068866,-0.00053387,0.5657,0.054403,-0.16795,0.43772,0.062428,0.15883,0.45151,0.046657,-0.29072,0.21809,0.092357,0.28266,0.21235,0.10148,-0.42967,0.053241,0.058608,0.42058,0.048091,0.11937,0.0023204,0.20665,0.050788,0,0.14318,0,-0.073825,0.068534,-0.013691,0.073994,0.071989,-0.0094001,-0.075253,-0.49811,0.039133,0.026601,-0.48092,0.032102,-0.076392,-0.8431,0.072176,0.00044717,-0.84948,0.063083
-0.035308,0.77258,0.068895,0.0022265,0.58833,0.051154,-0.1698,0.4602,0.065046,0.15895,0.47346,0.045189,-0.27672,0.25567,0.11482,0.28082,0.22697,0.1007,-0.41156,0.086115,0.10425,0.41953,0.064247,0.12294,0.003306,0.22777,0.050447,0,0.16379,0,-0.0745,0.086518,-0.012499,0.073806,0.094294,-0.0096885,-0.071197,-0.44652,0.0078629,0.016023,-0.46251,0.017626,-0.053588,-0.75794,0.09321,0.016458,-0.80586,0.069978
-0.032534,0.78517,0.069471,0.0071338,0.60661,0.049959,-0.16914,0.48093,0.068965,0.16133,0.49236,0.046604,-0.2722,0.26211,0.11741,0.28324,0.2387,0.10382,-0.41002,0.095015,0.10912,0.4293,0.081906,0.12307,0.0044456,0.24706,0.050376,0,0.18321,0,-0.076387,0.10928,-0.011962,0.073788,0.1098,-0.0098451,-0.070376,-0.38435,-0.025938,0.022131,-0.40854,-0.016178,-0.051344,-0.75405,0.093922,0.015088,-0.75242,0.090877
-0.031411,0.79237,0.067086,0.0072281,0.6141,0.046581,-0.16687,0.48787,0.068854,0.16543,0.49981,0.045645,-0.26572,0.26804,0.12583,0.28604,0.2464,0.10552,-0.41247,0.10902,0.12381,0.44962,0.10558,0.11151,0.0045686,0.25826,0.04988,0,0.19494,0,-0.076039,0.11926,-0.0093591,0.073458,0.12186,-0.011529,-0.069598,-0.38444,-0.025904,0.023834,-0.4031,-0.017621,-0.047034,-0.75106,0.093121,0.017434,-0.7492,0.090861
-0.031304,0.79581,0.066405,0.0080966,0.61653,0.045403,-0.16514,0.49018,0.069814,0.16536,0.50202,0.045181,-0.26151,0.27341,0.13136,0.2888,0.25097,0.10565,-0.42279,0.12879,0.1221,0.45988,0.11808,0.096037,0.0048927,0.2591,0.049909,0,0.19541,0,-0.075481,0.12006,-0.0088313,0.073145,0.12287,-0.011718,-0.069169,-0.40975,-0.0062065,0.031425,-0.42515,0.0053342,-0.050756,-0.74999,0.091163,0.036357,-0.75316,0.076829
-0.031013,0.79674,0.065023,0.0080255,0.61724,0.044745,-0.1648,0.48758,0.06963,0.16598,0.503,0.044979,-0.2624,0.27405,0.13255,0.29268,0.25478,0.10438,-0.42657,0.1327,0.12178,0.46487,0.12361,0.08266,0.0048152,0.25838,0.049972,0,0.19407,0,-0.075172,0.11757,-0.0086907,0.072855,0.1221,-0.011518,-0.064351,-0.45664,0.02345,0.052955,-0.45122,0.028231,-0.064982,-0.80671,0.064093,0.05605,-0.82617,0.057295
-0.028181,0.79101,0.065822,0.00584,0.61165,0.043435,-0.16481,0.48268,0.06803,0.17064,0.48495,0.04402,-0.27095,0.26693,0.13398,0.29593,0.24865,0.10006,-0.45679,0.13721,0.099264,0.47032,0.11391,0.055251,0.0041015,0.24888,0.049817,0,0.18334,0,-0.075227,0.10563,-0.0076742,0.073248,0.11209,-0.01167,-0.07207,-0.46853,0.026459,0.051547,-0.46112,0.02875,-0.075341,-0.8233,0.050827,0.05262,-0.83268,0.053294
-0.0068425,0.75051,0.062461,0.0099217,0.56825,0.044302,-0.16114,0.45707,0.073288,0.17369,0.45443,0.039832,-0.28096,0.23931,0.12803,0.30623,0.21186,0.085491,-0.45986,0.12424,0.074334,0.4725,0.074761,0.017451,0.0059819,0.22063,0.049915,0,0.15842,0,-0.076711,0.083593,-0.006235,0.073923,0.083548,-0.013964,-0.080523,-0.48358,0.023102,0.050949,-0.47774,0.023977,-0.072819,-0.83528,0.060415,0.05271,-0.83347,0.05093
-0.020342,0.70484,0.05754,0.0096759,0.52477,0.042144,-0.15871,0.40788,0.0696,0.17545,0.40353,0.037732,-0.29207,0.19564,0.11691,0.3081,0.16762,0.07228,-0.47619,0.095053,0.050284,0.46791,0.032314,-0.0031891,0.0058559,0.17211,0.049722,0,0.10893,0,-0.076309,0.03453,-0.0066854,0.072822,0.034135,-0.012972,-0.09333,-0.48404,0.0088767,0.060281,-0.49134,-0.0075932,-0.074178,-0.84116,0.078729,0.052959,-0.83529,0.050951
-0.0025984,0.65922,0.05517,0.010447,0.4792,0.044247,-0.15758,0.35982,0.063329,0.17059,0.35344,0.024718,-0.30143,0.14526,0.099991,0.30889,0.11111,0.066716,-0.4887,0.0493,0.035813,0.46606,-0.020661,-0.015688,0.0069387,0.12203,0.05002,0,0.058069,0,-0.076548,-0.014132,-0.0073654,0.072916,-0.016154,-0.01239,-0.095459,-0.49496,-0.024855,0.059797,-0.49872,-0.026987,-0.06703,-0.85663,0.094785,0.065983,-0.86103,0.083814
-0.015228,0.61549,0.04486,0.0076961,0.4476,0.035257,-0.15727,0.32277,0.058009,0.1709,0.32565,0.025154,-0.30512,0.1144,0.09306,0.27339,0.07647,0.055632,-0.4901,0.016357,0.024711,0.45866,-0.046998,-0.013964,0.0058903,0.093895,0.048792,0,0.029241,0,-0.076425,-0.045007,-0.0062839,0.073758,-0.044458,-0.010248,-0.096183,-0.49937,-0.038915,0.066807,-0.49881,-0.054257,-0.068195,-0.85383,0.087287,0.058435,-0.85949,0.075365
-0.015653,0.61245,0.043032,0.0087891,0.43926,0.033708,-0.15917,0.31514,0.05775,0.1691,0.31938,0.022875,-0.30303,0.10993,0.092447,0.30237,0.065177,0.057721,-0.48274,-0.00060392,0.03057,0.46016,-0.075409,-0.0026008,0.0063377,0.089219,0.048623,0,0.025156,0,-0.076448,-0.049638,-0.0053965,0.073535,-0.047647,-0.010703,-0.099508,-0.50123,-0.042755,0.067318,-0.49648,-0.058911,-0.075015,-0.85452,0.080915,0.052906,-0.85807,0.070094
-0.015371,0.61508,0.041375,0.0072417,0.44378,0.034786,-0.15874,0.32855,0.055413,0.16598,0.32762,0.0235,-0.30163,0.11378,0.095736,0.29944,0.075269,0.065424,-0.47531,-0.011587,0.050577,0.45353,-0.076579,0.040952,0.0055875,0.093883,0.048862,0,0.030196,0,-0.075465,-0.04265,-0.0065839,0.073811,-0.04161,-0.010011,-0.10428,-0.50018,-0.036342,0.067146,-0.49419,-0.051432,-0.079781,-0.85208,0.080328,0.051483,-0.85566,0.068602
-0.010423,0.67071,0.04814,0.0055325,0.49723,0.038525,-0.16164,0.38215,0.060009,0.16982,0.38495,0.030859,-0.28474,0.16075,0.11424,0.28468,0.12691,0.084627,-0.44236,0.012837,0.086709,0.42673,-0.036673,0.07443,0.0049799,0.14767,0.049453,0,0.084593,0,-0.077041,0.010325,-0.0078558,0.075056,0.010819,-0.010477,-0.1051,-0.47965,0.011057,0.065907,-0.49248,0.0067049,-0.084,-0.84607,0.080923,0.051776,-0.8491,0.069279
0.0012223,0.72464,0.054375,0.011518,0.53721,0.040014,-0.15601,0.42032,0.056208,0.17179,0.43152,0.029821,-0.26915,0.20044,0.116,0.27873,0.1789,0.091631,-0.4212,0.046079,0.10414,0.41017,0.0081631,0.10182,0.0057445,0.18403,0.04973,0,0.12053,0,-0.076138,0.042367,-0.0056377,0.07183,0.054493,-0.013353,-0.10382,-0.47959,0.014782,0.058812,-0.48328,0.014596,-0.074215,-0.83727,0.073974,0.047515,-0.84858,0.065762
-0.012751,0.75431,0.056143,0.010206,0.57325,0.036284,-0.15957,0.44826,0.056566,0.17108,0.45331,0.035293,-0.27151,0.21328,0.11829,0.27377,0.20552,0.095111,-0.4197,0.055209,0.10672,0.40932,0.03855,0.10888,0.0047211,0.22476,0.049237,0,0.16164,0,-0.077306,0.088022,-0.006016,0.072925,0.083506,-0.012116,-0.095434,-0.44039,-0.0022724,0.045903,-0.44538,-0.0010085,-0.056509,-0.78722,0.091725,0.043277,-0.80647,0.088535
-0.013948,0.78109,0.04997,0.011883,0.59679,0.03373,-0.16108,0.46064,0.053909,0.16991,0.47602,0.038145,-0.26976,0.22952,0.11711,0.27399,0.21626,0.099385,-0.42717,0.080673,0.10841,0.42209,0.059275,0.1061,0.0043323,0.23696,0.049094,0,0.17165,0,-0.077709,0.096475,-0.0058576,0.073785,0.099325,-0.0098781,-0.086665,-0.38431,-0.031243,0.034176,-0.41297,-0.02334,-0.035863,-0.76549,0.095901,0.036618,-0.74695,0.080826
-0.013949,0.78874,0.046625,0.012514,0.60197,0.031698,-0.15632,0.4785,0.050644,0.17102,0.49055,0.042955,-0.26788,0.24466,0.11526,0.2736,0.24434,0.10648,-0.4289,0.099663,0.10298,0.42656,0.090924,0.097775,0.0033229,0.24533,0.048573,0,0.18002,0,-0.077297,0.10666,-0.0069319,0.072984,0.10786,-0.0078923,-0.086164,-0.37849,-0.032585,0.033039,-0.39246,-0.033073,-0.031705,-0.75759,0.096693,0.039284,-0.74068,0.078209
-0.012431,0.79341,0.046159,0.012384,0.60533,0.033247,-0.15613,0.48109,0.051183,0.17046,0.49176,0.043849,-0.26577,0.25941,0.11421,0.27298,0.24508,0.10616,-0.43198,0.12095,0.089145,0.43722,0.10376,0.095853,0.0032597,0.24718,0.048715,0,0.18174,0,-0.076856,0.10893,-0.0076831,0.072795,0.10935,-0.00766,-0.071874,-0.41051,-0.001174,0.033461,-0.40943,-0.013158,-0.034192,-0.76046,0.097267,0.033315,-0.75242,0.086629
-0.010386,0.79551,0.049248,0.012994,0.60609,0.035613,-0.15604,0.4817,0.051467,0.17122,0.49243,0.04717,-0.27043,0.26001,0.11224,0.27382,0.24556,0.10629,-0.44119,0.12896,0.074716,0.44977,0.12201,0.066686,0.0028976,0.24715,0.048919,0,0.18188,0,-0.076418,0.10889,-0.0083774,0.072624,0.10953,-0.0075719,-0.069961,-0.45432,0.026833,0.058878,-0.44899,0.020245,-0.045644,-0.8067,0.092604,0.040758,-0.77183,0.08462
-0.011683,0.79069,0.051153,0.0096843,0.59699,0.037267,-0.15793,0.47597,0.054242,0.17402,0.48122,0.054902,-0.28524,0.2498,0.10387,0.27717,0.23888,0.10409,-0.46091,0.13323,0.041278,0.45374,0.11722,0.060257,0.0016587,0.24197,0.049235,0,0.17728,0,-0.076171,0.10327,-0.0090538,0.074104,0.10262,-0.0079315,-0.075405,-0.47,0.035343,0.061432,-0.47178,0.021931,-0.062654,-0.81216,0.087055,0.050468,-0.83194,0.077887
-0.0072129,0.75317,0.054691,0.0048762,0.56672,0.042231,-0.16067,0.4404,0.050097,0.1733,0.45437,0.053669,-0.29755,0.22955,0.092137,0.28108,0.21378,0.094284,-0.47766,0.12274,0.023819,0.46047,0.090465,0.032806,0.00055122,0.20734,0.050286,0,0.14259,0,-0.07515,0.061411,-0.012101,0.073711,0.073022,-0.0076635,-0.080992,-0.47751,0.028774,0.057133,-0.47842,0.015705,-0.073353,-0.82821,0.083048,0.046223,-0.83363,0.076653
-0.007657,0.71516,0.04601,0.0052087,0.52004,0.039352,-0.16369,0.41294,0.040638,0.16368,0.40595,0.045797,-0.30985,0.19492,0.069636,0.28054,0.16608,0.078482,-0.4923,0.096462,-0.0059893,0.45347,0.045947,0.0028901,0.00010912,0.17083,0.049969,0,0.10824,0,-0.077668,0.038006,-0.014807,0.075749,0.034286,-0.0036021,-0.09748,-0.49107,0.0044708,0.052796,-0.48661,-0.0023062,-0.077333,-0.8483,0.082128,0.045582,-0.86093,0.091807
-0.0060923,0.66386,0.03571,0.00026328,0.47139,0.032324,-0.16508,0.36147,0.040352,0.16604,0.35272,0.043482,-0.31928,0.14175,0.047197,0.29207,0.11537,0.068278,-0.50138,0.045419,-0.032572,0.46532,-0.0061833,-0.017212,-0.00052078,0.12253,0.048626,0,0.058735,0,-0.076613,-0.014391,-0.012425,0.076518,-0.016548,-0.0037232,-0.094654,-0.49107,-0.029077,0.067729,-0.49041,-0.029709,-0.070935,-0.85729,0.087068,0.048662,-0.86343,0.086477
-0.010674,0.61657,0.02451,-0.00013796,0.43641,0.028992,-0.16619,0.32267,0.040082,0.1643,0.31903,0.038377,-0.31975,0.12205,0.045831,0.25839,0.087203,0.058943,-0.50133,0.027558,-0.03786,0.45252,-0.042389,-0.019192,0.00016333,0.092474,0.04769,0,0.029169,0,-0.076058,-0.046911,-0.012671,0.076229,-0.043563,-0.0023632,-0.10255,-0.50477,-0.047073,0.071318,-0.49418,-0.041243,-0.076559,-0.85932,0.085113,0.038427,-0.86416,0.11568
-0.011254,0.61611,0.024395,-0.00071162,0.4325,0.029311,-0.16622,0.32216,0.039735,0.16442,0.31847,0.038115,-0.31757,0.11658,0.046084,0.28787,0.066046,0.063924,-0.48918,0.00041291,-0.029823,0.45263,-0.064976,-4.6284e-05,7.7971e-05,0.090743,0.04735,0,0.027821,0,-0.07619,-0.048008,-0.012545,0.076471,-0.045194,-0.0026177,-0.10502,-0.50639,-0.048086,0.071681,-0.49591,-0.041679,-0.071534,-0.86182,0.097036,0.038648,-0.86618,0.11466
-0.0099638,0.62239,0.026414,-0.0012854,0.44228,0.028825,-0.16572,0.32842,0.037517,0.16387,0.3285,0.039653,-0.31799,0.11878,0.050572,0.28383,0.084315,0.078652,-0.48927,-0.0042542,-0.011832,0.44018,-0.061577,0.031048,-0.00047895,0.097883,0.046909,0,0.034468,0,-0.075547,-0.039662,-0.012622,0.076287,-0.038776,-0.0027316,-0.10853,-0.50356,-0.03447,0.07035,-0.49446,-0.030622,-0.083782,-0.8502,0.083796,0.041404,-0.87012,0.10689
-0.0021474,0.6779,0.039777,0.0073793,0.49744,0.037953,-0.16051,0.38964,0.037499,0.16392,0.39565,0.047564,-0.30067,0.16613,0.088705,0.27055,0.13574,0.10063,-0.45997,0.020956,0.053557,0.41225,-0.027602,0.1021,-5.4918e-05,0.14995,0.048447,0,0.087026,0,-0.074685,0.01479,-0.012368,0.072076,0.014188,-0.0054935,-0.10789,-0.49593,0.017871,0.065191,-0.4947,0.0095932,-0.087607,-0.84722,0.094313,0.038647,-0.85912,0.097289
-0.00013307,0.73133,0.053821,0.0056063,0.54352,0.038436,-0.15906,0.42626,0.05036,0.17146,0.43004,0.049734,-0.29233,0.19526,0.10443,0.2622,0.18011,0.12692,-0.44514,0.041655,0.095638,0.39767,0.014314,0.14783,0.0010835,0.19796,0.048685,0,0.13557,0,-0.074705,0.061305,-0.011453,0.072672,0.061856,-0.0070512,-0.10143,-0.48817,0.031204,0.059692,-0.48649,0.029188,-0.08226,-0.84093,0.10072,0.036629,-0.84685,0.094939
0.0041507,0.7706,0.054838,0.0077326,0.56918,0.03675,-0.15116,0.46009,0.044981,0.17283,0.45713,0.051934,-0.28232,0.23764,0.11497,0.26001,0.20343,0.12851,-0.42234,0.072487,0.11146,0.39626,0.041554,0.16278,0.00022181,0.21678,0.04861,0,0.15283,0,-0.075457,0.079934,-0.010767,0.072921,0.082146,-0.0068598,-0.094849,-0.44805,0.013309,0.051015,-0.45425,0.014904,-0.054905,-0.82572,0.095672,0.03401,-0.83376,0.093982
0.0015247,0.78469,0.051168,0.011264,0.59345,0.033123,-0.15408,0.47362,0.041324,0.16966,0.47305,0.05327,-0.28595,0.24572,0.11533,0.25615,0.2188,0.13452,-0.43123,0.087384,0.13083,0.39826,0.06137,0.16649,0.00015799,0.23865,0.048094,0,0.17356,0,-0.076415,0.10126,-0.011623,0.072645,0.1007,-0.0046026,-0.096628,-0.39678,-0.013265,0.035563,-0.40713,-0.018298,-0.05282,-0.77117,0.10242,0.024964,-0.77207,0.10024
0.0015321,0.80556,0.045498,0.012552,0.59989,0.033154,-0.15149,0.48832,0.039741,0.17129,0.48187,0.056503,-0.28071,0.25634,0.11771,0.2545,0.24071,0.14144,-0.43025,0.10165,0.13108,0.4029,0.086165,0.16136,-0.0003239,0.24838,0.048068,0,0.18405,0,-0.076234,0.11297,-0.010428,0.071831,0.1108,-0.0055514,-0.090679,-0.39403,-0.011046,0.030223,-0.40279,-0.018244,-0.051324,-0.76277,0.098591,0.024643,-0.76168,0.098865
-0.00047566,0.80745,0.044208,0.012354,0.60316,0.033077,-0.15242,0.49071,0.040716,0.17232,0.4859,0.058278,-0.28143,0.25884,0.11766,0.25426,0.24246,0.14375,-0.44639,0.1197,0.12495,0.42078,0.10584,0.15514,-0.00042501,0.25118,0.048066,0,0.18669,0,-0.076345,0.11461,-0.010329,0.071833,0.11369,-0.0055621,-0.070153,-0.41697,0.0049266,0.012658,-0.42229,-0.00093369,-0.053936,-0.76217,0.097117,0.023157,-0.75739,0.094142
-0.00055523,0.80735,0.044817,0.012185,0.60349,0.034829,-0.1525,0.49122,0.04208,0.17199,0.48613,0.059097,-0.27991,0.26179,0.11853,0.25793,0.24314,0.14252,-0.45219,0.13039,0.11054,0.43246,0.11481,0.12381,-0.00043204,0.25008,0.048737,0,0.18508,0,-0.075691,0.1128,-0.011394,0.071468,0.11225,-0.0054891,-0.058788,-0.46017,0.03404,0.013746,-0.45926,0.02656,-0.059346,-0.82897,0.053131,0.014577,-0.82469,0.043389
0.0041479,0.79516,0.043712,0.013269,0.5993,0.035138,-0.15415,0.4857,0.045829,0.17202,0.47926,0.058733,-0.28345,0.25831,0.11716,0.27227,0.22608,0.12095,-0.46074,0.1375,0.073879,0.4509,0.098807,0.091858,0.00038611,0.24223,0.048766,0,0.17667,0,-0.076119,0.10247,-0.010445,0.071333,0.10398,-0.0062439,-0.058744,-0.47046,0.035383,0.021425,-0.46833,0.025129,-0.061385,-0.82489,0.054185,0.017175,-0.82682,0.045534
0.0050657,0.76259,0.037082,0.012751,0.55577,0.029285,-0.15511,0.43785,0.047213,0.17514,0.44604,0.053663,-0.30736,0.21851,0.10565,0.27737,0.20816,0.10852,-0.49342,0.11433,0.0544,0.45427,0.075858,0.052091,0.0013733,0.21386,0.047547,0,0.15076,0,-0.076409,0.065898,-0.0090432,0.071622,0.085562,-0.0061825,-0.060164,-0.48701,0.028385,0.029335,-0.48029,0.020914,-0.059699,-0.8349,0.054031,0.02085,-0.83704,0.047672
0.00048847,0.71657,0.026214,0.011726,0.51893,0.027728,-0.15889,0.41512,0.041319,0.17039,0.399,0.032191,-0.31332,0.19496,0.089712,0.29266,0.1493,0.080475,-0.49633,0.097132,0.014619,0.46415,0.025155,0.021517,0.0030063,0.16408,0.046684,0,0.098967,0,-0.076686,0.029864,-0.0081985,0.07222,0.024042,-0.0069346,-0.077366,-0.50013,-0.0027984,0.032297,-0.48733,-0.010627,-0.068526,-0.85438,0.064644,0.02173,-0.85655,0.0598
-0.00069907,0.65659,0.0069586,0.0094974,0.46368,0.020062,-0.15184,0.35774,0.028816,0.17272,0.35109,0.02576,-0.3209,0.14662,0.063627,0.30263,0.10383,0.068437,-0.51332,0.064886,-0.0061219,0.47504,-0.018647,-0.010721,0.0019206,0.11944,0.044201,0,0.054759,0,-0.07628,-0.014793,-0.0075389,0.072898,-0.02131,-0.0040828,-0.10298,-0.48871,-0.047741,0.049066,-0.49169,-0.050914,-0.067666,-0.85559,0.07878,0.02217,-0.85858,0.0595
0.0018728,0.61241,0.012059,0.0084248,0.42979,0.021559,-0.15752,0.3209,0.031586,0.17213,0.32055,0.026493,-0.329,0.13163,0.055584,0.30138,0.085869,0.062313,-0.5182,0.037499,-0.013046,0.47225,-0.041007,-0.021714,0.0020817,0.092851,0.043462,0,0.029707,0,-0.077656,-0.045883,-0.0066978,0.074515,-0.044462,-0.0053867,-0.10731,-0.49374,-0.051634,0.049693,-0.48919,-0.056417,-0.080859,-0.85781,0.073623,0.017835,-0.86411,0.064941
0.0016289,0.61244,0.012518,0.0082642,0.42901,0.021375,-0.15783,0.32093,0.032084,0.17203,0.31965,0.027143,-0.32925,0.12677,0.053827,0.30052,0.08462,0.062637,-0.51773,0.033821,-0.01177,0.46293,-0.045152,-0.011248,0.0020091,0.092033,0.042572,0,0.028791,0,-0.077902,-0.046299,-0.0066008,0.074919,-0.045758,-0.005449,-0.10804,-0.49463,-0.050415,0.049643,-0.489,-0.056126,-0.082213,-0.85712,0.072519,0.017516,-0.86411,0.065458
0.0029517,0.62699,0.019777,0.0076706,0.45115,0.02644,-0.15148,0.34993,0.032797,0.16954,0.34108,0.024012,-0.32017,0.14133,0.059835,0.29798,0.08999,0.070159,-0.50142,0.031319,0.0022697,0.45838,-0.052262,0.025741,0.002313,0.10505,0.043,0,0.041036,0,-0.07543,-0.028696,-0.0073858,0.073475,-0.030463,-0.00847,-0.11198,-0.49251,-0.022686,0.050651,-0.48464,-0.038222,-0.086355,-0.85365,0.078036,0.01658,-0.86246,0.070348
0.0072473,0.6869,0.032656,0.012976,0.50766,0.039505,-0.15185,0.40176,0.040985,0.174,0.39383,0.034329,-0.30955,0.18316,0.076895,0.28953,0.13945,0.090482,-0.47863,0.050243,0.037435,0.43252,-0.021599,0.053508,0.0028859,0.15615,0.045675,0,0.092139,0,-0.075305,0.020424,-0.0065732,0.07076,0.018302,-0.011671,-0.095937,-0.49618,0.032352,0.047642,-0.48599,0.020053,-0.099146,-0.83129,0.070591,0.026361,-0.84603,0.043754
0.015801,0.74359,0.050356,0.012947,0.55596,0.043895,-0.15167,0.44561,0.046093,0.16773,0.44371,0.032836,-0.30359,0.22061,0.095751,0.27226,0.1928,0.095682,-0.4618,0.072706,0.074664,0.41006,0.025708,0.091577,0.0038681,0.20135,0.046779,0,0.1373,0,-0.075217,0.065975,-0.0089114,0.070814,0.066247,-0.010293,-0.09942,-0.49598,0.038609,0.039537,-0.48576,0.02696,-0.085784,-0.83278,0.070389,0.016648,-0.84582,0.047136
0.012263,0.78024,0.058271,0.021043,0.59504,0.037615,-0.14939,0.47132,0.042424,0.17613,0.46548,0.036167,-0.28975,0.25043,0.10317,0.27403,0.21873,0.098178,-0.44284,0.097239,0.09931,0.40961,0.055025,0.12805,0.0039525,0.22734,0.046495,0,0.16028,0,-0.077555,0.087318,-0.0080009,0.071112,0.085472,-0.0097579,-0.089745,-0.47504,0.025235,0.030584,-0.46662,0.015592,-0.073508,-0.82554,0.072315,0.013536,-0.82809,0.05916
0.01591,0.79686,0.05616,0.018333,0.60658,0.037637,-0.14686,0.48631,0.040513,0.17641,0.48003,0.033222,-0.28815,0.25647,0.10335,0.27383,0.22841,0.10296,-0.4425,0.10566,0.11117,0.4121,0.06652,0.13106,0.0037154,0.24597,0.046767,0,0.1801,0,-0.076443,0.11148,-0.0058603,0.070845,0.10663,-0.01105,-0.10347,-0.41496,-0.0042822,0.029141,-0.42777,-0.017018,-0.056464,-0.77007,0.079668,0.014448,-0.76331,0.058066
0.015537,0.80756,0.053122,0.019457,0.61291,0.036227,-0.14969,0.49843,0.042996,0.17492,0.49137,0.03247,-0.28313,0.27016,0.10973,0.27283,0.23788,0.11169,-0.44165,0.12358,0.11647,0.41612,0.078773,0.13284,0.0044679,0.25531,0.046771,0,0.18997,0,-0.077143,0.11974,-0.0062403,0.070269,0.11486,-0.010566,-0.10211,-0.40429,-0.010045,0.026359,-0.39237,-0.027227,-0.06032,-0.75496,0.081804,0.017297,-0.74663,0.081746
0.016116,0.81553,0.053006,0.021564,0.61999,0.034917,-0.14843,0.50212,0.043446,0.17412,0.49319,0.034441,-0.28099,0.27217,0.11087,0.27017,0.24243,0.11412,-0.44179,0.12791,0.11611,0.42633,0.094314,0.12732,0.004562,0.2581,0.046887,0,0.19192,0,-0.076656,0.1221,-0.0068883,0.06995,0.11763,-0.0099413,-0.085372,-0.42307,0.0029203,0.013574,-0.41574,-0.0074998,-0.061145,-0.75647,0.080456,0.015858,-0.75206,0.072398
0.016599,0.81506,0.052902,0.0222,0.62065,0.038402,-0.14859,0.50186,0.044408,0.17296,0.49312,0.035753,-0.28227,0.27178,0.11219,0.26928,0.24289,0.11544,-0.44806,0.13246,0.10902,0.43244,0.10031,0.096782,0.0043488,0.2567,0.047755,0,0.1902,0,-0.075903,0.12005,-0.0078692,0.069172,0.11675,-0.0097259,-0.068884,-0.4541,0.02772,0.017273,-0.45573,0.01768,-0.055063,-0.83245,0.039056,0.013799,-0.82675,0.043684
0.013263,0.8012,0.056258,0.021592,0.60952,0.041789,-0.14989,0.48214,0.044883,0.16963,0.4805,0.039859,-0.28715,0.2652,0.11287,0.27017,0.23195,0.11157,-0.45789,0.13187,0.092329,0.43581,0.090278,0.082437,0.0041134,0.24253,0.04853,0,0.1758,0,-0.075237,0.097122,-0.0088304,0.067842,0.10975,-0.0093369,-0.065111,-0.47672,0.029972,0.013121,-0.46219,0.021921,-0.061613,-0.8395,0.03843,0.0041006,-0.84528,0.037019
0.026237,0.75836,0.05887,0.028069,0.56886,0.039598,-0.15019,0.46225,0.051003,0.17579,0.44461,0.042676,-0.28885,0.22537,0.099411,0.27625,0.19448,0.10414,-0.47249,0.11592,0.050935,0.44044,0.050719,0.0427,0.0052366,0.21925,0.048401,0,0.1555,0,-0.076367,0.083855,-0.0081558,0.067717,0.080049,-0.010156,-0.072614,-0.49075,0.022429,0.015611,-0.48044,0.017042,-0.068642,-0.85711,0.051575,-0.0037717,-0.86368,0.045907
0.026122,0.71995,0.055713,0.02009,0.52188,0.034139,-0.14882,0.41328,0.050441,0.18127,0.39778,0.040374,-0.29709,0.20048,0.089785,0.27898,0.14376,0.089802,-0.47776,0.088888,0.033618,0.45168,0.00055658,0.027174,0.0044695,0.16876,0.047635,0,0.10418,0,-0.079996,0.032348,-0.0064895,0.072894,0.028351,-0.010025,-0.10794,-0.48815,-0.018595,0.037225,-0.48588,-0.027714,-0.07805,-0.85424,0.061199,-2.9622e-05,-0.86208,0.068704
0.014012,0.66567,0.04609,0.015889,0.47684,0.038772,-0.14667,0.35795,0.048558,0.17958,0.35639,0.033882,-0.30182,0.14657,0.070464,0.28854,0.09865,0.084935,-0.48568,0.043279,0.0076956,0.44666,-0.049985,0.018434,0.0046278,0.12179,0.048498,0,0.057424,0,-0.077455,-0.013222,-0.007538,0.071937,-0.017561,-0.010293,-0.1122,-0.49027,-0.032846,0.045243,-0.48614,-0.050404,-0.08025,-0.85469,0.063118,0.0053863,-0.86137,0.070118
0.014814,0.61807,0.04538,0.01874,0.43381,0.038062,-0.14869,0.33377,0.049009,0.17759,0.31223,0.040658,-0.30858,0.11962,0.069363,0.29433,0.062839,0.085946,-0.48435,0.0022741,0.0084886,0.44643,-0.082706,0.021616,0.0038338,0.091318,0.048595,0,0.029318,0,-0.07877,-0.041305,-0.0080863,0.0725,-0.045802,-0.0097018,-0.11512,-0.49574,-0.04334,0.050844,-0.48676,-0.060316,-0.084834,-0.85512,0.064028,0.00077399,-0.86432,0.076108
0.015489,0.61734,0.044597,0.018313,0.43359,0.037815,-0.149,0.33102,0.048342,0.17722,0.31199,0.040171,-0.30657,0.11883,0.072044,0.29366,0.062009,0.086384,-0.47781,-0.0076843,0.018588,0.44248,-0.088352,0.026457,0.0037825,0.090375,0.048668,0,0.02821,0,-0.078737,-0.04247,-0.0079813,0.072543,-0.047006,-0.0097009,-0.11583,-0.49593,-0.043526,0.051561,-0.48798,-0.05892,-0.085346,-0.8546,0.06665,0.00026306,-0.86523,0.07785
0.01587,0.63104,0.046903,0.014931,0.46189,0.038738,-0.15013,0.34259,0.049747,0.17284,0.35297,0.028762,-0.30443,0.12551,0.088496,0.28033,0.096085,0.096167,-0.47169,-0.011712,0.062031,0.41743,-0.07,0.058697,0.005704,0.10607,0.048816,0,0.042206,0,-0.076476,-0.027269,-0.0077766,0.071873,-0.030702,-0.010726,-0.11581,-0.49493,-0.030848,0.047113,-0.48922,-0.029962,-0.090224,-0.85607,0.075801,-0.002952,-0.86632,0.081854
0.023063,0.69837,0.068298,0.018775,0.51516,0.042899,-0.14584,0.40367,0.05867,0.1759,0.40207,0.037948,-0.28445,0.18291,0.11042,0.2778,0.14473,0.11033,-0.4362,0.028957,0.11436,0.40537,-0.029527,0.1168,0.005999,0.16114,0.04962,0,0.097672,0,-0.075344,0.028306,-0.0063489,0.068891,0.023538,-0.01272,-0.10906,-0.48633,0.017348,0.043222,-0.47909,0.012662,-0.097964,-0.82976,0.074315,0.0040338,-0.84895,0.081774
0.020671,0.74651,0.060827,0.021031,0.56492,0.049523,-0.15123,0.44149,0.059959,0.16891,0.44202,0.039722,-0.27926,0.20827,0.12193,0.2668,0.19138,0.11593,-0.42653,0.052305,0.14078,0.39534,0.020305,0.1382,0.0063638,0.20586,0.050738,0,0.14216,0,-0.076467,0.069103,-0.0067414,0.069216,0.071126,-0.014037,-0.10802,-0.4873,0.025097,0.034088,-0.47929,0.019556,-0.090432,-0.83492,0.073527,-0.010018,-0.84579,0.065274
0.015522,0.77724,0.059485,0.025253,0.58884,0.043434,-0.14734,0.47547,0.058724,0.1713,0.47052,0.038838,-0.27116,0.24202,0.12605,0.26943,0.21575,0.12139,-0.41296,0.08259,0.15195,0.39777,0.043572,0.13864,0.0068233,0.22394,0.050082,0,0.15852,0,-0.076831,0.08774,-0.00553,0.068719,0.08774,-0.013075,-0.10032,-0.44607,0.016297,0.031058,-0.4593,0.011167,-0.078928,-0.75323,0.080725,-0.0077974,-0.81235,0.065959
0.018029,0.79192,0.054997,0.02077,0.61213,0.041694,-0.14958,0.48514,0.052984,0.16943,0.48652,0.039298,-0.26982,0.26866,0.12391,0.27049,0.23408,0.12462,-0.41462,0.11448,0.15895,0.41695,0.077691,0.14514,0.0054014,0.24848,0.049841,0,0.18269,0,-0.075877,0.1124,-0.0066391,0.069074,0.11089,-0.011389,-0.1062,-0.395,-0.013059,0.036791,-0.40015,-0.022568,-0.079782,-0.74798,0.085445,0.0010089,-0.74698,0.094086
0.01785,0.80822,0.054403,0.021209,0.61849,0.041671,-0.14722,0.50475,0.056124,0.16939,0.49309,0.040151,-0.27202,0.27517,0.12697,0.2694,0.24413,0.12679,-0.43186,0.13632,0.16105,0.42901,0.098361,0.13102,0.0056047,0.25694,0.049882,0,0.19173,0,-0.075644,0.12328,-0.0068224,0.068635,0.11888,-0.011226,-0.10479,-0.39088,-0.011076,0.037119,-0.39039,-0.025719,-0.078335,-0.74089,0.095592,0.0036165,-0.74236,0.094097
0.01723,0.81123,0.05449,0.02563,0.62585,0.04273,-0.14722,0.506,0.056776,0.16875,0.49596,0.040944,-0.27538,0.28537,0.1307,0.27156,0.24792,0.12916,-0.45426,0.16492,0.14049,0.45041,0.12552,0.12288,0.0061484,0.26084,0.05004,0,0.1952,0,-0.075774,0.12631,-0.0066311,0.068058,0.12394,-0.011721,-0.10425,-0.39102,-0.0074784,0.036379,-0.39028,-0.023611,-0.07906,-0.74097,0.096352,0.013677,-0.73897,0.091395
0.017986,0.81174,0.054673,0.027958,0.62614,0.0453,-0.14546,0.50611,0.057959,0.16945,0.49634,0.041821,-0.27907,0.28654,0.12927,0.27546,0.24755,0.12717,-0.46514,0.17589,0.12879,0.45707,0.12705,0.076725,0.0062927,0.26044,0.050229,0,0.19501,0,-0.0758,0.12619,-0.0065866,0.067753,0.1237,-0.012274,-0.085235,-0.43945,0.024084,0.047579,-0.44218,0.0035229,-0.082206,-0.75922,0.094498,0.032333,-0.79282,0.053882
0.023631,0.79856,0.054961,0.030809,0.60791,0.040804,-0.14528,0.49647,0.061605,0.17301,0.48531,0.048056,-0.28949,0.28159,0.12755,0.27636,0.24141,0.12371,-0.4811,0.18011,0.11644,0.46046,0.11569,0.066314,0.0065942,0.24696,0.049896,0,0.18174,0,-0.076834,0.11131,-0.0056333,0.067797,0.10967,-0.012358,-0.09518,-0.46089,0.030629,0.044241,-0.44852,0.0054437,-0.081718,-0.819,0.081541,0.030032,-0.80526,0.05367
0.0288,0.76641,0.053348,0.027423,0.57761,0.039744,-0.14367,0.46894,0.059319,0.17993,0.45422,0.05472,-0.30331,0.26472,0.11239,0.28018,0.21088,0.10563,-0.49581,0.16722,0.078619,0.45493,0.088893,0.04487,0.0049573,0.22252,0.049852,0,0.15833,0,-0.077727,0.090376,-0.0067307,0.069281,0.080723,-0.010841,-0.10501,-0.46965,0.027599,0.043331,-0.46576,-0.0002065,-0.085854,-0.82988,0.08245,0.030773,-0.83226,0.054693
0.030328,0.72176,0.050343,0.033665,0.52544,0.03568,-0.13472,0.42055,0.056131,0.18759,0.4152,0.047759,-0.29866,0.23525,0.086442,0.30734,0.15561,0.08884,-0.49145,0.14246,0.031139,0.47385,0.027787,0.021947,0.0067122,0.17278,0.049236,0,0.10872,0,-0.077076,0.038737,-0.0055336,0.065451,0.034812,-0.011132,-0.10866,-0.49356,0.0094001,0.052099,-0.48673,-0.017283,-0.083766,-0.85569,0.088163,0.04207,-0.86067,0.076657
0.031495,0.67078,0.03738,0.030827,0.47789,0.028938,-0.14099,0.36857,0.048091,0.1823,0.36168,0.041839,-0.31703,0.17974,0.068145,0.30099,0.11566,0.086478,-0.51389,0.1032,0.0065581,0.45883,-0.018119,0.0090592,0.0059188,0.12814,0.047737,0,0.063732,0,-0.078701,-0.0057776,-0.0054081,0.067951,-0.011188,-0.0090708,-0.1136,-0.49756,-0.0054838,0.054877,-0.49599,-0.051241,-0.091589,-0.85668,0.083296,0.04065,-0.86482,0.076359
0.026872,0.62348,0.032099,0.024056,0.4336,0.028425,-0.14081,0.34941,0.042442,0.18138,0.3275,0.041392,-0.31951,0.15191,0.060571,0.30113,0.073322,0.07758,-0.51575,0.06455,0.0011972,0.46095,-0.061404,0.0073591,0.0040817,0.099718,0.047218,0,0.037985,0,-0.078826,-0.029322,-0.0055167,0.070059,-0.038352,-0.0087886,-0.11728,-0.50089,-0.017387,0.059402,-0.49335,-0.059553,-0.092366,-0.85826,0.08119,0.037995,-0.86496,0.072655
0.026256,0.62258,0.031408,0.02463,0.43371,0.027239,-0.14253,0.34443,0.042356,0.1804,0.3281,0.040522,-0.32022,0.14489,0.060093,0.29426,0.075481,0.08025,-0.51064,0.051247,0.0029275,0.45296,-0.060089,0.0088981,0.004256,0.099088,0.046523,0,0.037032,0,-0.078722,-0.031217,-0.004939,0.069969,-0.038971,-0.0089257,-0.11627,-0.50387,-0.017316,0.061912,-0.49443,-0.057623,-0.092147,-0.85771,0.08255,0.03839,-0.86317,0.074156
0.023433,0.63992,0.031642,0.023064,0.46082,0.024745,-0.14589,0.35136,0.045535,0.17503,0.3524,0.036448,-0.30865,0.15766,0.066683,0.27965,0.10026,0.086061,-0.48986,0.041647,0.027196,0.4276,-0.052021,0.029441,0.0052203,0.1137,0.045461,0,0.04969,0,-0.077433,-0.019168,-0.004931,0.069537,-0.024664,-0.0087806,-0.11513,-0.5034,-0.0042368,0.058263,-0.49534,-0.013745,-0.097762,-0.85889,0.084894,0.036017,-0.86086,0.076518
0.021247,0.69911,0.043714,0.023364,0.51664,0.037938,-0.14387,0.40915,0.056926,0.17688,0.40502,0.036284,-0.29117,0.19713,0.081704,0.27833,0.15406,0.098647,-0.45673,0.057338,0.077357,0.41464,-0.014055,0.072855,0.006642,0.16503,0.047561,0,0.10129,0,-0.075205,0.030469,-0.0040552,0.067142,0.028774,-0.013379,-0.11317,-0.49153,0.027852,0.059315,-0.49106,0.023549,-0.09977,-0.84074,0.082799,0.038267,-0.84914,0.067138
0.017382,0.75246,0.050888,0.019404,0.56314,0.039751,-0.1495,0.44991,0.05953,0.17733,0.45028,0.048491,-0.28914,0.22374,0.094829,0.2695,0.197,0.10429,-0.45073,0.070057,0.099348,0.40713,0.028292,0.10924,0.004729,0.21325,0.048141,0,0.15006,0,-0.076334,0.078633,-0.0031117,0.069461,0.075175,-0.015425,-0.11392,-0.48974,0.035983,0.053777,-0.48161,0.030932,-0.10042,-0.82725,0.078141,0.038539,-0.8253,0.064831
