-0.1770327,0.7160275,3.125382,-0.1696516,0.504169,3.116016,-0.357412,0.3897927,3.13794,0.01448212,0.3848408,3.118328,-0.5689628,0.2064547,3.185852,0.1724294,0.1291352,3.158965,-0.8016971,0.147323,3.129242,0.3794527,0.03456218,3.057334,-0.1840964,0.1227382,3.136821,-0.1893874,0.05080625,3.097581,-0.2729064,-0.03090591,3.090043,-0.1131466,-0.03334815,3.093176,-0.2954274,-0.5848098,3.070164,-0.1370602,-0.5764036,3.037195,-0.2573979,-0.9862999,3.179361,-0.1642505,-0.9869659,3.177175
-0.1734409,0.6784019,3.132072,-0.1691553,0.4806617,3.119508,-0.3602862,0.3686903,3.145228,0.01414992,0.3694059,3.119984,-0.5753973,0.1843063,3.176866,0.1557307,0.1150519,3.147488,-0.821898,0.1291933,3.098501,0.385393,0.016853,3.044405,-0.1789597,0.1018352,3.139076,-0.1838999,0.02916654,3.100528,-0.267281,-0.05415563,3.09308,-0.1053465,-0.05733005,3.096008,-0.298207,-0.5880154,3.065682,-0.1302378,-0.5687662,3.03011,-0.2597019,-0.9880313,3.182292,-0.1641828,-0.9870438,3.177176
-0.1744022,0.6780549,3.132058,-0.1685366,0.4795279,3.120461,-0.3592589,0.3674459,3.14562,0.01406752,0.3682174,3.121204,-0.5772364,0.1835041,3.17411,0.1563944,0.1142815,3.146925,-0.8209279,0.1210017,3.094033,0.383297,0.007645217,3.047118,-0.1783024,0.09909162,3.137579,-0.1831151,0.02621553,3.098581,-0.2670388,-0.05658621,3.090691,-0.1042374,-0.05935265,3.093417,-0.2992245,-0.5879586,3.066465,-0.1268072,-0.5667037,3.031631,-0.2626307,-0.9847387,3.182751,-0.1639819,-0.986921,3.177088
-0.1690731,0.7039828,3.138143,-0.166857,0.4984771,3.122623,-0.3569706,0.3871371,3.146665,0.01717214,0.3764503,3.122088,-0.577625,0.1897356,3.170787,0.1501146,0.1342749,3.145956,-0.8165919,0.1082118,3.096646,0.3708054,-0.0002855584,3.069858,-0.1748233,0.1130376,3.134972,-0.1792019,0.04050224,3.094774,-0.2645037,-0.04212862,3.08424,-0.09800652,-0.0448611,3.08977,-0.2969672,-0.5869809,3.093626,-0.1195876,-0.5620456,3.05787,-0.2610216,-0.9844921,3.181964,-0.1638505,-0.986977,3.176723
-0.1704493,0.7590542,3.145709,-0.1657327,0.5653493,3.135049,-0.3510734,0.4405909,3.144224,0.02363913,0.4447332,3.12432,-0.5562787,0.2365229,3.17673,0.1794803,0.1832959,3.15555,-0.7619036,0.08947475,3.140475,0.3488011,0.008017898,3.13234,-0.1724507,0.168617,3.133415,-0.1763836,0.09539449,3.089052,-0.2598692,0.01287432,3.078608,-0.09668797,0.01068581,3.078129,-0.2911984,-0.5794641,3.107954,-0.125587,-0.5574205,3.104762,-0.2602152,-0.9702755,3.180807,-0.1618956,-0.9808148,3.171366
-0.1700151,0.8235125,3.148361,-0.1557463,0.6143052,3.132688,-0.3440129,0.4937625,3.140524,0.02486626,0.484958,3.12238,-0.5383945,0.2591463,3.18294,0.1608832,0.2176588,3.163266,-0.7172892,0.09391378,3.182023,0.3165228,0.03290242,3.182666,-0.1707847,0.2089247,3.133678,-0.1758626,0.1341269,3.088317,-0.2576844,0.05132911,3.07608,-0.1008835,0.05451303,3.080258,-0.2881771,-0.5729707,3.113461,-0.1262217,-0.5566207,3.10541,-0.2559499,-0.9476233,3.174142,-0.1593768,-0.9676565,3.169367
-0.176636,0.8534546,3.145732,-0.1567339,0.6370031,3.132773,-0.3451248,0.5063264,3.140018,0.02034404,0.5067557,3.124072,-0.5279368,0.2700584,3.19278,0.1556652,0.2366183,3.175166,-0.6918926,0.09153023,3.205669,0.28977,0.04309142,3.224699,-0.1711201,0.2326565,3.13701,-0.1761339,0.1576816,3.090986,-0.2584137,0.07975204,3.079892,-0.1005429,0.07330053,3.083004,-0.2847979,-0.5133373,3.097735,-0.1359024,-0.5379923,3.102058,-0.2359237,-0.9309736,3.178015,-0.1587889,-0.9585505,3.175027
-0.1757265,0.8721095,3.144688,-0.1583343,0.6519557,3.129296,-0.3446078,0.5331726,3.14612,0.02026813,0.522533,3.128606,-0.5073202,0.2871082,3.205758,0.141047,0.2501727,3.204189,-0.6591915,0.1022997,3.239273,0.2805271,0.05569883,3.237114,-0.1711379,0.2584371,3.140945,-0.1758682,0.185639,3.096235,-0.255901,0.1083218,3.086525,-0.101664,0.09982164,3.090047,-0.2816716,-0.4170931,3.054723,-0.1307685,-0.4581515,3.059736,-0.2088011,-0.8514642,3.176673,-0.1518666,-0.8724921,3.1735
-0.1753037,0.8780948,3.144493,-0.1590758,0.6563193,3.129731,-0.3453365,0.5380303,3.147921,0.02117173,0.5301341,3.130195,-0.4930699,0.2969511,3.219352,0.1388237,0.2546266,3.214217,-0.650376,0.1142361,3.24209,0.2802947,0.06307817,3.252878,-0.1719761,0.2657721,3.142534,-0.1768175,0.1931171,3.097418,-0.2571461,0.1150872,3.087056,-0.1023757,0.1063063,3.091587,-0.2769247,-0.4076626,3.047512,-0.1383183,-0.4542275,3.054341,-0.2140347,-0.8242892,3.216966,-0.1404798,-0.859551,3.19992
-0.1751179,0.8797645,3.141894,-0.1578508,0.6586741,3.129534,-0.344049,0.5395774,3.14811,0.02281483,0.5332051,3.132849,-0.4888828,0.2987016,3.226099,0.1355695,0.2599749,3.222493,-0.6510652,0.1234478,3.261729,0.2849685,0.07247397,3.25326,-0.171793,0.2677821,3.142915,-0.1765374,0.194988,3.097473,-0.2568745,0.1171118,3.08651,-0.102418,0.108493,3.09232,-0.2580467,-0.4436248,3.059343,-0.1401793,-0.4633749,3.058369,-0.2078012,-0.8056866,3.218872,-0.1414686,-0.8750822,3.196361
-0.174158,0.8786359,3.141896,-0.1572443,0.6577578,3.130009,-0.3415766,0.5385018,3.149687,0.02393825,0.5311843,3.134077,-0.4887955,0.2930353,3.231005,0.1360703,0.2592444,3.224598,-0.6646022,0.129702,3.260559,0.3189418,0.09988968,3.236066,-0.1703768,0.2637183,3.142599,-0.1749825,0.1900555,3.096192,-0.255293,0.1114791,3.084311,-0.1010207,0.1052501,3.091314,-0.2460082,-0.5160808,3.093504,-0.1331114,-0.5278781,3.093219,-0.2232338,-0.9156771,3.197379,-0.1274428,-0.9254727,3.19733
-0.1680391,0.8530962,3.143712,-0.1519584,0.6357054,3.133706,-0.3378039,0.512078,3.151688,0.02829745,0.5123485,3.135529,-0.4950319,0.2740441,3.232618,0.1505353,0.235861,3.228002,-0.6956044,0.1355528,3.227529,0.3514079,0.09753065,3.211849,-0.1638475,0.2419771,3.1439,-0.1685764,0.1692362,3.096211,-0.2478393,0.08719904,3.083674,-0.09488263,0.08633012,3.090647,-0.2514039,-0.5584167,3.109204,-0.127933,-0.5403225,3.093894,-0.2328157,-0.9453474,3.193624,-0.1319555,-0.9555631,3.191183
-0.1583613,0.8097876,3.150184,-0.1481787,0.5958148,3.141536,-0.3343346,0.4749247,3.15564,0.03707296,0.4632928,3.14699,-0.512209,0.2401529,3.222348,0.1682616,0.2021844,3.207398,-0.7320434,0.1348987,3.199048,0.381636,0.0959065,3.141699,-0.1596834,0.2053756,3.147839,-0.1630398,0.1338666,3.098593,-0.2430212,0.05485948,3.087209,-0.08804291,0.0465397,3.089644,-0.2547971,-0.5613284,3.108104,-0.1215419,-0.547498,3.09114,-0.221561,-0.9906878,3.175563,-0.1261993,-0.9766705,3.182759
-0.1621182,0.7484273,3.145836,-0.1465258,0.5410567,3.145405,-0.338411,0.4144926,3.158597,0.03602202,0.4109825,3.148571,-0.5273128,0.2029371,3.205335,0.1781448,0.1667243,3.185439,-0.7645045,0.1208833,3.155467,0.3922383,0.07745535,3.095977,-0.1589409,0.1516176,3.15394,-0.1628297,0.08034582,3.104267,-0.2457209,-0.0002155602,3.089266,-0.08586792,-0.006642377,3.099198,-0.2560984,-0.5666124,3.084,-0.1225703,-0.5751376,3.068566,-0.2171119,-0.9904356,3.1825,-0.1261234,-0.9860423,3.187548
-0.1654851,0.6924828,3.146872,-0.1481069,0.4884415,3.152469,-0.3355326,0.3762664,3.159478,0.03544676,0.3836384,3.149581,-0.5433989,0.1669714,3.188406,0.2025033,0.126151,3.175081,-0.7909678,0.1006099,3.113448,0.4182386,0.05517242,3.072071,-0.1535798,0.1075001,3.160654,-0.1564554,0.03864513,3.11018,-0.2380226,-0.04306111,3.09265,-0.07812312,-0.04528705,3.107079,-0.2508551,-0.5846776,3.060575,-0.1182156,-0.5777977,3.054143,-0.2177397,-0.9904874,3.182482,-0.1292744,-0.9913749,3.187515
-0.1685242,0.6806371,3.149743,-0.1482554,0.4812354,3.152395,-0.3353924,0.3663487,3.163579,0.03252582,0.3710058,3.150174,-0.5465987,0.1580467,3.185316,0.1729402,0.1166111,3.163725,-0.7921537,0.08757293,3.104546,0.413038,0.0273099,3.063587,-0.1535338,0.09568181,3.160114,-0.1568193,0.02556302,3.108887,-0.2380791,-0.05555376,3.091912,-0.07868861,-0.05672879,3.105182,-0.255658,-0.5847048,3.05616,-0.1063728,-0.5709658,3.045536,-0.2167959,-0.9908752,3.18225,-0.1305928,-0.9918557,3.187123
-0.1663808,0.710702,3.161959,-0.1481642,0.5209805,3.173548,-0.3357981,0.3894653,3.168206,0.0338909,0.3934134,3.151832,-0.540969,0.1734377,3.188816,0.2004705,0.1424432,3.188037,-0.7560612,0.0562683,3.130658,0.3941188,0.006960288,3.113651,-0.1538168,0.121363,3.160266,-0.1575551,0.05261001,3.105693,-0.2404052,-0.02842094,3.087695,-0.07805794,-0.02937725,3.095847,-0.2671699,-0.5703555,3.105175,-0.1019512,-0.5623266,3.099993,-0.2201705,-0.9856852,3.18667,-0.1305921,-0.9920414,3.187565
-0.1571711,0.7739416,3.174208,-0.1520948,0.5789626,3.167229,-0.3350418,0.4502662,3.17143,0.03730818,0.4537167,3.154586,-0.5112448,0.2238825,3.199448,0.1915189,0.1774802,3.196131,-0.705138,0.07649602,3.171991,0.3695977,0.01275812,3.156551,-0.1519575,0.180316,3.158288,-0.1545905,0.1100868,3.103069,-0.2350544,0.02725295,3.082977,-0.0750095,0.02706993,3.095495,-0.2641182,-0.5615592,3.114683,-0.097692,-0.5561047,3.126988,-0.2212631,-0.9759535,3.185975,-0.1269815,-0.9824495,3.186942
-0.1695421,0.8287555,3.172039,-0.1506539,0.5775608,3.167742,-0.3276213,0.5015912,3.167988,0.03692302,0.4932989,3.159984,-0.503785,0.2468313,3.205745,0.1731781,0.2306368,3.209616,-0.6859722,0.0836004,3.191525,0.3337298,0.04802759,3.214952,-0.1542453,0.2010093,3.161105,-0.1571247,0.1426446,3.106297,-0.2357263,0.06529364,3.090732,-0.08312732,0.06285819,3.093338,-0.2624174,-0.5351657,3.116479,-0.1227545,-0.5696479,3.143835,-0.2058762,-0.938652,3.173143,-0.1300959,-0.9658587,3.178607
-0.1688642,0.8663692,3.182867,-0.1483728,0.6536787,3.168022,-0.3324212,0.5132895,3.171568,0.03333651,0.5229347,3.154873,-0.4932092,0.2786415,3.224649,0.1670788,0.2425185,3.214959,-0.6610917,0.09629902,3.220193,0.3117381,0.04938845,3.236617,-0.1590158,0.2522203,3.165961,-0.1624937,0.172269,3.110034,-0.2411104,0.0908429,3.096902,-0.08823675,0.08679593,3.096884,-0.2593429,-0.4782518,3.099826,-0.1277154,-0.5393607,3.135872,-0.1927514,-0.9045609,3.189015,-0.1399356,-0.931012,3.183082
-0.17126,0.880566,3.179816,-0.1509745,0.658797,3.170082,-0.3328569,0.543283,3.177402,0.0316432,0.5337441,3.156867,-0.4871667,0.2883033,3.230486,0.1481993,0.2677162,3.232261,-0.6480383,0.105142,3.231678,0.2893521,0.07012185,3.241338,-0.1595524,0.259133,3.168356,-0.1637267,0.1876616,3.113656,-0.2430988,0.1114516,3.099948,-0.08823504,0.103689,3.102747,-0.2463998,-0.4375959,3.078603,-0.1195999,-0.4765902,3.105474,-0.1966272,-0.8530429,3.200786,-0.1409613,-0.8708358,3.179997
-0.1714582,0.8825886,3.178837,-0.1530343,0.6652249,3.170355,-0.3323094,0.5455263,3.177201,0.02996358,0.5456318,3.161476,-0.4765932,0.2992956,3.241568,0.1461138,0.270625,3.234934,-0.640494,0.1193329,3.243461,0.2890586,0.07576916,3.25408,-0.1592927,0.2687632,3.169569,-0.1626176,0.1984423,3.114514,-0.2411561,0.1217156,3.100885,-0.08687644,0.1156689,3.103954,-0.2447996,-0.4367671,3.078679,-0.1256093,-0.4688161,3.101256,-0.2057318,-0.8470691,3.213484,-0.1424082,-0.8508282,3.205534
-0.1724973,0.886169,3.176864,-0.1531344,0.6664556,3.170262,-0.3334256,0.5473271,3.180147,0.03050653,0.5493049,3.164482,-0.4771981,0.2968096,3.246299,0.145066,0.2714283,3.238099,-0.6462973,0.1217877,3.248951,0.2962568,0.08236073,3.254064,-0.1584006,0.2722144,3.170436,-0.161612,0.2023741,3.115238,-0.2406972,0.1235226,3.101464,-0.08521099,0.1197979,3.104719,-0.2294365,-0.4444839,3.088187,-0.1318648,-0.4694313,3.101875,-0.2069667,-0.8496166,3.213,-0.1432097,-0.8535907,3.207262
-0.1732484,0.884999,3.176692,-0.1532589,0.6638094,3.171327,-0.3364354,0.543197,3.187988,0.03006991,0.547734,3.165471,-0.4802169,0.2871152,3.254825,0.1468055,0.2651058,3.243233,-0.6638668,0.1266701,3.246998,0.3231277,0.09658495,3.233639,-0.1570793,0.2693627,3.171645,-0.1612614,0.199477,3.116199,-0.2408077,0.1183127,3.102267,-0.08437645,0.1174229,3.105886,-0.2295375,-0.5191159,3.123908,-0.1402877,-0.5267777,3.122508,-0.204415,-0.9277768,3.187577,-0.1466449,-0.9368645,3.18972
-0.1724793,0.8682374,3.175442,-0.1491845,0.6408918,3.181089,-0.3367666,0.5204569,3.191094,0.03008361,0.5220225,3.170607,-0.4868956,0.2758403,3.250944,0.155919,0.2471923,3.243469,-0.6903844,0.1429672,3.215734,0.3512404,0.08848441,3.20759,-0.1573937,0.2515394,3.177399,-0.1621074,0.1832013,3.121026,-0.2418578,0.1011338,3.105896,-0.08655301,0.1023292,3.110528,-0.2405712,-0.546949,3.133377,-0.1383536,-0.5323127,3.121079,-0.2574519,-0.9495923,3.19577,-0.1448822,-0.9398439,3.191378
-0.1660323,0.8107625,3.169208,-0.1504093,0.6031106,3.183093,-0.3331165,0.4822462,3.193151,0.03481095,0.4726034,3.182577,-0.4979385,0.2356561,3.234225,0.1685993,0.2113459,3.242476,-0.71715,0.1302263,3.201654,0.3650259,0.06682763,3.165324,-0.1556055,0.2088693,3.186034,-0.1580458,0.1386666,3.130379,-0.2370808,0.05759694,3.115563,-0.08152607,0.05470738,3.12175,-0.2446299,-0.5605161,3.125316,-0.1152586,-0.5356486,3.109984,-0.2494327,-0.9747078,3.196437,-0.1430415,-0.965288,3.195998
-0.1674236,0.7550832,3.171538,-0.1527286,0.5314808,3.189175,-0.3365526,0.4234582,3.199312,0.0356418,0.4188611,3.180351,-0.5152657,0.2007219,3.226269,0.1757137,0.1577526,3.228242,-0.7329025,0.1000358,3.167387,0.3691531,0.02692176,3.131866,-0.1551101,0.1574406,3.19062,-0.158485,0.09516852,3.134266,-0.2405099,0.01071769,3.116764,-0.07884321,0.01302183,3.12597,-0.2548152,-0.5526548,3.09225,-0.1088936,-0.5400329,3.103868,-0.2391002,-0.9665525,3.2052,-0.1341944,-0.9620242,3.206259
-0.172507,0.699029,3.16751,-0.1488829,0.4984671,3.19356,-0.3414261,0.374895,3.204125,0.03385206,0.3776391,3.17854,-0.5407887,0.1540208,3.215387,0.1861608,0.1093203,3.21526,-0.769079,0.05986935,3.13879,0.3721699,-0.02864799,3.117448,-0.1515831,0.1083015,3.200956,-0.1564514,0.03993207,3.145566,-0.2397685,-0.04343705,3.132858,-0.07625357,-0.04387841,3.134927,-0.2642564,-0.5768018,3.077473,-0.1032777,-0.5494827,3.096778,-0.2393509,-0.9668521,3.205711,-0.1358049,-0.9658343,3.214258
-0.1706026,0.6738291,3.172469,-0.143158,0.4606931,3.194505,-0.3407727,0.3546838,3.204398,0.03143543,0.3473274,3.182724,-0.5435915,0.1415381,3.213539,0.1398377,0.07325472,3.198568,-0.7722306,0.04099218,3.129749,0.3549704,-0.06855429,3.12887,-0.1507956,0.08565843,3.200117,-0.1554579,0.01853856,3.144433,-0.2389856,-0.06352834,3.132221,-0.07608075,-0.06409933,3.132994,-0.2640424,-0.5805148,3.071017,-0.1022605,-0.5530186,3.09364,-0.2400543,-0.97036,3.208019,-0.1404109,-0.9713866,3.21799
-0.1702997,0.6730319,3.173808,-0.1439158,0.4605903,3.195238,-0.3416154,0.3495624,3.205986,0.03087091,0.3463925,3.183923,-0.542029,0.1325938,3.215442,0.1709439,0.06373717,3.220341,-0.7627249,0.01437004,3.153351,0.3492099,-0.08740905,3.136332,-0.1509538,0.08383906,3.199994,-0.1556749,0.01653217,3.143934,-0.2393134,-0.06583337,3.131095,-0.07598186,-0.06617231,3.132475,-0.2646019,-0.583563,3.071239,-0.1026848,-0.5574332,3.092035,-0.2368121,-0.9728444,3.208646,-0.1438938,-0.975445,3.219948
-0.1699204,0.6760495,3.17528,-0.1460858,0.4821611,3.199849,-0.3431414,0.3663244,3.212898,0.03063427,0.3648179,3.190369,-0.5385679,0.1360028,3.219726,0.1673006,0.08339167,3.22994,-0.7414755,0.001300588,3.191414,0.3284296,-0.09843902,3.193649,-0.1516708,0.09739973,3.197747,-0.1563873,0.03082648,3.140528,-0.2414778,-0.05017284,3.123886,-0.07528568,-0.05345492,3.1299,-0.2635733,-0.5759163,3.10304,-0.09975907,-0.5561814,3.105452,-0.2383316,-0.9722551,3.209009,-0.1430537,-0.9733355,3.223227
-0.1671086,0.7428598,3.188587,-0.1538915,0.5413514,3.208048,-0.344415,0.4204629,3.214951,0.03197632,0.4308377,3.20206,-0.5158325,0.1846286,3.245553,0.1484394,0.1398749,3.246349,-0.7011569,0.02640903,3.219551,0.3010309,-0.04960893,3.250538,-0.1544557,0.1558798,3.195237,-0.1569497,0.09031966,3.135869,-0.240204,0.007016951,3.114724,-0.07482641,0.006815547,3.125121,-0.2635722,-0.5654677,3.155563,-0.09696605,-0.5445988,3.163931,-0.2377729,-0.9685721,3.211742,-0.1391339,-0.9708175,3.230352
-0.1689242,0.7963277,3.19346,-0.1517812,0.5980784,3.210017,-0.3435098,0.4698119,3.220317,0.0320627,0.4649408,3.200762,-0.4988875,0.2272225,3.266324,0.1535658,0.1820776,3.274328,-0.6736389,0.05353111,3.273922,0.2873803,-0.02117582,3.277733,-0.1589301,0.2000601,3.198474,-0.1630933,0.1305982,3.139083,-0.2462299,0.04784409,3.11946,-0.08413884,0.04775572,3.128223,-0.2621582,-0.5419999,3.158023,-0.1108871,-0.5469741,3.1793,-0.2340243,-0.9483469,3.209637,-0.1462535,-0.9476433,3.217637
-0.1641665,0.8499932,3.207283,-0.1486162,0.6283484,3.212168,-0.3416503,0.5030884,3.219854,0.03038964,0.5130024,3.201453,-0.4916665,0.2505444,3.287906,0.1335514,0.2328797,3.27577,-0.6542187,0.07196279,3.308644,0.2615622,0.03383241,3.324965,-0.1598609,0.2321933,3.201987,-0.1654317,0.1646267,3.142958,-0.2456206,0.08526473,3.125688,-0.09122282,0.0808424,3.130933,-0.2542545,-0.5114978,3.149253,-0.1291973,-0.5401359,3.177343,-0.218804,-0.9199144,3.229599,-0.1637573,-0.9060452,3.242567
-0.1696041,0.869217,3.206866,-0.1502961,0.6549478,3.206594,-0.344017,0.516826,3.223677,0.02803905,0.5258454,3.204916,-0.4747086,0.2842688,3.306492,0.1288526,0.2557153,3.285644,-0.6264315,0.09699567,3.330318,0.2559054,0.06381911,3.352578,-0.1630719,0.2563302,3.204961,-0.1688893,0.1864106,3.147102,-0.2501377,0.106402,3.134073,-0.09425579,0.1013587,3.133996,-0.2740469,-0.4225474,3.105992,-0.1314688,-0.4711385,3.132134,-0.225321,-0.8596376,3.230222,-0.1567889,-0.8695976,3.277465
-0.175266,0.8874333,3.203018,-0.1535897,0.6640412,3.20662,-0.340408,0.5415949,3.228746,0.02795495,0.5394539,3.21124,-0.4667338,0.3005579,3.312284,0.1253064,0.2624393,3.290851,-0.61385,0.1101525,3.338602,0.2570003,0.07297389,3.356085,-0.1650628,0.2691766,3.208247,-0.1701203,0.199668,3.151074,-0.2514201,0.121203,3.135884,-0.09451586,0.1152757,3.142287,-0.2857265,-0.3884766,3.093726,-0.1204789,-0.4167959,3.103286,-0.2466179,-0.7961252,3.286989,-0.1538658,-0.8275925,3.291601
-0.175624,0.8902863,3.201863,-0.1540348,0.6676534,3.206966,-0.3354563,0.5451113,3.2247,0.0278787,0.5506853,3.220985,-0.4653606,0.3033414,3.316682,0.1261754,0.2628837,3.301963,-0.6157411,0.1188337,3.356217,0.266185,0.07706413,3.361376,-0.1677519,0.2732421,3.210299,-0.1712122,0.2034699,3.153306,-0.2521752,0.1261435,3.136341,-0.09680428,0.1204472,3.148702,-0.2879864,-0.3928445,3.098897,-0.1196089,-0.4160244,3.103943,-0.251559,-0.8001199,3.293331,-0.1583505,-0.8257434,3.293436
-0.1756866,0.890103,3.201627,-0.1540918,0.6684551,3.207412,-0.3351996,0.5460532,3.225404,0.02557934,0.550616,3.220058,-0.4656005,0.3039137,3.319987,0.126351,0.2627439,3.30596,-0.6233901,0.125098,3.357495,0.2858721,0.08910213,3.354617,-0.1684902,0.2736323,3.211413,-0.1724746,0.2036294,3.154567,-0.2535883,0.1269643,3.137416,-0.098437,0.1205718,3.150419,-0.2915941,-0.4536079,3.130438,-0.124019,-0.4672939,3.135554,-0.275274,-0.8341508,3.298019,-0.1339538,-0.8576488,3.289688
-0.1747905,0.8842765,3.203686,-0.1543245,0.6653383,3.208221,-0.3364557,0.5452408,3.227281,0.02657255,0.5462674,3.224952,-0.4687421,0.2979493,3.321244,0.1279164,0.2598993,3.308534,-0.6465885,0.1339872,3.339138,0.3027504,0.09360127,3.330697,-0.1698846,0.27252,3.212897,-0.1735032,0.2026896,3.156125,-0.2550025,0.1256948,3.138797,-0.09958995,0.118346,3.152324,-0.2927144,-0.5155653,3.16905,-0.1184373,-0.5174582,3.157581,-0.2919899,-0.8877358,3.281667,-0.1254308,-0.931087,3.270332
-0.1664225,0.8433736,3.203264,-0.1505894,0.6382952,3.213851,-0.344027,0.5121538,3.23665,0.02635962,0.506781,3.22599,-0.4955903,0.2619595,3.322674,0.1353145,0.2367623,3.303632,-0.6979027,0.1256789,3.314374,0.3271802,0.08343501,3.276084,-0.1700476,0.2522285,3.21866,-0.1754487,0.1838379,3.161781,-0.2583174,0.1033582,3.143171,-0.102045,0.09680617,3.158413,-0.2954612,-0.5416963,3.179608,-0.1222627,-0.5282391,3.16132,-0.2971473,-0.9333243,3.279709,-0.1455305,-0.9461213,3.262625
-0.1667989,0.8056561,3.204905,-0.1613478,0.583949,3.217884,-0.3466593,0.4693293,3.243816,0.02339721,0.4726884,3.22789,-0.508042,0.2342587,3.311722,0.1563968,0.1835708,3.283368,-0.7223038,0.1175962,3.293203,0.3530009,0.04080027,3.246913,-0.1740916,0.2003072,3.230055,-0.1793585,0.131502,3.174438,-0.2596016,0.05355027,3.15932,-0.1056938,0.04419645,3.168552,-0.2953067,-0.5550032,3.172209,-0.1239218,-0.5480319,3.161133,-0.2904212,-0.9432678,3.280178,-0.1509163,-0.9713268,3.278249
-0.1616231,0.7512134,3.219771,-0.1605648,0.5280834,3.224683,-0.3499036,0.4153009,3.249422,0.02762567,0.4074757,3.235133,-0.5401469,0.1914331,3.300633,0.1609237,0.1393514,3.275395,-0.7604592,0.08701245,3.241351,0.3577428,0.00046134,3.222458,-0.173396,0.1486445,3.242482,-0.1781439,0.07980669,3.187979,-0.2622759,-0.0008497894,3.171524,-0.1006543,-0.008919942,3.185253,-0.2951463,-0.5646877,3.155586,-0.128413,-0.5558592,3.147498,-0.2841482,-0.9807734,3.304921,-0.1539465,-0.9750181,3.284363
-0.1695805,0.6901383,3.213591,-0.1547672,0.4819711,3.228211,-0.3553001,0.3619632,3.249385,0.02435235,0.3667156,3.230677,-0.5716668,0.1475421,3.286265,0.167953,0.1022635,3.272305,-0.7997426,0.04380992,3.228525,0.3716216,-0.04682798,3.22218,-0.1694764,0.101929,3.250556,-0.1754936,0.03197615,3.197805,-0.2621703,-0.050248,3.183585,-0.09673587,-0.05635903,3.195245,-0.2983471,-0.5885009,3.141441,-0.1322825,-0.5632279,3.136395,-0.2776207,-0.988618,3.315312,-0.1588914,-0.9803439,3.291435
-0.1695598,0.6753188,3.223345,-0.1616393,0.4572148,3.23026,-0.3544269,0.3545076,3.249074,0.02442242,0.3475175,3.232934,-0.5715662,0.1430562,3.283978,0.1687434,0.08363585,3.272725,-0.794158,0.03707172,3.225363,0.363395,-0.06088949,3.227891,-0.1707796,0.08443627,3.251578,-0.1753013,0.01580948,3.199299,-0.2602631,-0.06640155,3.185681,-0.09611417,-0.07122917,3.195964,-0.2981824,-0.5902276,3.140877,-0.1321812,-0.5661759,3.131232,-0.2762856,-0.9895834,3.316284,-0.1650867,-0.9851743,3.297076
-0.169861,0.6751477,3.223102,-0.1610467,0.4582016,3.229604,-0.3551003,0.3529587,3.249013,0.02386777,0.3471757,3.233,-0.5700641,0.14054,3.284095,0.1657223,0.08116659,3.275556,-0.7800699,0.02272896,3.230498,0.3532798,-0.07325368,3.238657,-0.1708155,0.08447295,3.250746,-0.175359,0.01563527,3.198995,-0.2605245,-0.06656214,3.185541,-0.09601942,-0.07146657,3.195349,-0.3004917,-0.5807568,3.148133,-0.1304053,-0.5648885,3.134491,-0.2786785,-0.98379,3.308265,-0.165673,-0.985472,3.296546
-0.1709179,0.6900505,3.221889,-0.1605401,0.4983148,3.23619,-0.3577715,0.3745246,3.250248,0.01834645,0.3784568,3.232219,-0.5518396,0.157135,3.286168,0.1535057,0.1056227,3.286471,-0.7509921,0.01770574,3.251023,0.3253495,-0.0675607,3.267511,-0.1704171,0.1071477,3.246711,-0.1753502,0.03729783,3.193308,-0.2617407,-0.04550911,3.179373,-0.09439497,-0.04604215,3.18583,-0.3051029,-0.5640118,3.175491,-0.1190064,-0.568951,3.180305,-0.285905,-0.9759318,3.302313,-0.1598024,-0.9757315,3.293266
-0.1597945,0.7625808,3.232717,-0.1627432,0.5604219,3.237622,-0.3538537,0.4370865,3.249117,0.0229727,0.4477258,3.238526,-0.5258864,0.2050734,3.299614,0.1446952,0.1576369,3.294883,-0.7134794,0.04900579,3.284787,0.3035679,-0.02353047,3.319381,-0.1697372,0.171245,3.239833,-0.1730586,0.1022281,3.184163,-0.2578263,0.02001761,3.170962,-0.09206846,0.01663988,3.172636,-0.3046002,-0.5549713,3.195581,-0.1173561,-0.55942,3.216188,-0.2883105,-0.9594386,3.294537,-0.1586277,-0.9750627,3.291425
-0.1698849,0.812255,3.232362,-0.1616137,0.608359,3.242419,-0.3556978,0.4833675,3.25166,0.02048217,0.481087,3.234716,-0.515832,0.2323496,3.311999,0.138635,0.1982256,3.308311,-0.6912577,0.06271455,3.298958,0.2890982,0.01503067,3.352144,-0.1681283,0.2088641,3.244052,-0.1720704,0.1378662,3.18806,-0.2540514,0.05498366,3.171355,-0.09390302,0.05381374,3.180498,-0.296573,-0.5422807,3.205554,-0.1262726,-0.548481,3.220372,-0.2752393,-0.932605,3.295778,-0.1673848,-0.9421126,3.285868
-0.1702128,0.8528286,3.231123,-0.1620539,0.6296109,3.235221,-0.3526159,0.5119237,3.247762,0.0193598,0.5173972,3.233024,-0.5089663,0.2548774,3.319927,0.1319541,0.2419794,3.320379,-0.6792857,0.0808997,3.322505,0.2724244,0.04975292,3.359898,-0.1731768,0.2404446,3.24538,-0.1781179,0.1708918,3.191109,-0.2595718,0.09329341,3.177557,-0.102602,0.08450063,3.184763,-0.2879968,-0.5225582,3.196697,-0.1369698,-0.5257465,3.207739,-0.2417598,-0.8744195,3.30697,-0.1684843,-0.941686,3.286478
-0.1777162,0.8763342,3.231994,-0.1601595,0.6609759,3.234823,-0.3517475,0.525477,3.247904,0.02043618,0.5343575,3.237605,-0.4913593,0.2867874,3.32826,0.1295968,0.2476827,3.324473,-0.6541469,0.1052554,3.324306,0.2803837,0.0631706,3.363085,-0.1699276,0.2609332,3.249827,-0.1739679,0.1881637,3.195687,-0.2561385,0.1064216,3.182604,-0.09668894,0.1038939,3.189845,-0.2871447,-0.4206085,3.156509,-0.144529,-0.4464505,3.154428,-0.2384031,-0.8492354,3.3035,-0.154826,-0.8882564,3.272706
-0.1774155,0.8865281,3.23237,-0.1622755,0.6695573,3.236897,-0.3483207,0.5481617,3.249131,0.02055682,0.5444701,3.241851,-0.4868298,0.2939082,3.331627,0.1249962,0.2648981,3.335436,-0.6475573,0.1106268,3.329091,0.2863329,0.08533855,3.35725,-0.1735938,0.2765603,3.2507,-0.1770616,0.2053796,3.196138,-0.2578675,0.128041,3.184968,-0.101254,0.1197196,3.187894,-0.286286,-0.4200881,3.156929,-0.1458074,-0.4406156,3.153706,-0.2319323,-0.841796,3.318542,-0.1526785,-0.8823759,3.272375
-0.1777496,0.8919883,3.233778,-0.1622283,0.6723967,3.23841,-0.3492171,0.5506996,3.250019,0.02003201,0.5487212,3.242796,-0.4850799,0.2964692,3.332787,0.1257302,0.2655622,3.335978,-0.649885,0.1171688,3.334579,0.2989969,0.09658593,3.353323,-0.174147,0.280234,3.251279,-0.1777506,0.209368,3.196431,-0.2585928,0.1307076,3.185379,-0.1021394,0.1239405,3.187395,-0.2694179,-0.4457405,3.180639,-0.1502387,-0.4450117,3.161649,-0.2324819,-0.8442913,3.318733,-0.1517598,-0.8884528,3.275342
-0.1780384,0.8917454,3.23406,-0.1622554,0.6723145,3.238354,-0.3489643,0.550792,3.250118,0.0208599,0.5496686,3.245569,-0.4852397,0.2962292,3.333737,0.1255209,0.267098,3.334087,-0.6555882,0.1219844,3.333209,0.3112027,0.1094099,3.334849,-0.1746582,0.279834,3.251091,-0.1779422,0.208894,3.196072,-0.2589501,0.1288746,3.182566,-0.1024522,0.123575,3.187829,-0.2595683,-0.5111476,3.223256,-0.1382534,-0.5082816,3.20246,-0.2579677,-0.9113723,3.303026,-0.1513412,-0.9143348,3.293909
-0.1775541,0.8805135,3.23476,-0.1598828,0.6576267,3.239061,-0.3495012,0.5354107,3.251919,0.02051249,0.5399689,3.249498,-0.4972649,0.2758512,3.331022,0.136616,0.256063,3.324163,-0.6896057,0.125639,3.31959,0.3311549,0.1113938,3.281975,-0.172895,0.2657561,3.25209,-0.1760106,0.1947564,3.197097,-0.2568689,0.1110132,3.181925,-0.1007717,0.1118256,3.191144,-0.264626,-0.5302806,3.228394,-0.1374745,-0.5103561,3.200849,-0.2623447,-0.9218757,3.296426,-0.1300891,-0.9146023,3.292957
-0.1762479,0.834424,3.239446,-0.1605673,0.6207041,3.245495,-0.3525942,0.4973589,3.258575,0.02207005,0.4983042,3.250878,-0.5065407,0.2520867,3.322171,0.1464701,0.2310676,3.302093,-0.7078736,0.1144326,3.298975,0.3427923,0.08990969,3.254878,-0.1697685,0.232062,3.256517,-0.1729235,0.1620759,3.201162,-0.2535368,0.07580338,3.185727,-0.09668296,0.07961652,3.195432,-0.2726213,-0.5505577,3.222107,-0.1303652,-0.5174514,3.195562,-0.2604561,-0.9463597,3.298137,-0.1300099,-0.9352695,3.290933
-0.1715057,0.7821518,3.24704,-0.1633351,0.5686969,3.238237,-0.3477006,0.4519599,3.25595,0.02270745,0.4518141,3.251792,-0.5209797,0.2071881,3.310438,0.1591046,0.1817697,3.28395,-0.7293493,0.08924548,3.249042,0.3553722,0.04547785,3.220164,-0.1683308,0.1823191,3.260126,-0.1700062,0.1109714,3.20749,-0.2506611,0.02689582,3.194221,-0.09178068,0.02903479,3.20447,-0.2745252,-0.5550263,3.203102,-0.1085254,-0.5506235,3.179291,-0.2476092,-0.958881,3.298869,-0.1344352,-0.9677796,3.309421
-0.179489,0.7276707,3.247656,-0.1620966,0.5149199,3.252465,-0.351862,0.398433,3.263479,0.0158116,0.3894715,3.245809,-0.5373231,0.1612878,3.29373,0.1717408,0.131948,3.28122,-0.7488456,0.0597111,3.212505,0.3681764,0.001442179,3.204295,-0.1646489,0.1276493,3.265133,-0.1678819,0.05760458,3.210696,-0.2487753,-0.02409465,3.19093,-0.08908176,-0.02615624,3.210262,-0.2770627,-0.562099,3.180219,-0.1040087,-0.5522832,3.177573,-0.2528963,-0.9576421,3.300468,-0.1346034,-0.9669435,3.309717
-0.1762084,0.6821018,3.249035,-0.1661046,0.4912221,3.25329,-0.3570572,0.3713176,3.270955,0.01731092,0.3722474,3.249201,-0.5421874,0.1438604,3.288337,0.1728168,0.1100028,3.273446,-0.7768731,0.0322077,3.194801,0.3676581,-0.0228429,3.19645,-0.1649496,0.1089131,3.266153,-0.1683364,0.0398318,3.211643,-0.2493156,-0.04499157,3.194905,-0.08839174,-0.04527745,3.208168,-0.2789596,-0.5700371,3.171291,-0.1031743,-0.5557392,3.178157,-0.2490969,-0.9613022,3.302996,-0.1407475,-0.9697659,3.31305
-0.177568,0.6816541,3.248659,-0.1657539,0.4864434,3.25355,-0.358482,0.3650615,3.272086,0.01563521,0.3639413,3.248422,-0.5435997,0.140339,3.2856,0.1723201,0.1050319,3.270546,-0.7684101,0.02763766,3.196077,0.3649375,-0.03680518,3.207969,-0.1648475,0.1016241,3.264266,-0.168552,0.03233661,3.20913,-0.2506382,-0.05185974,3.192114,-0.08764897,-0.0519707,3.20494,-0.2811817,-0.5707467,3.171084,-0.1048418,-0.5595111,3.181547,-0.2559588,-0.9590644,3.305282,-0.1414985,-0.9702226,3.314545
-0.1769163,0.6918769,3.251355,-0.1681274,0.4962611,3.25443,-0.3555548,0.3743,3.267632,0.01608224,0.3741686,3.244519,-0.5448114,0.1440871,3.284341,0.1725633,0.1105426,3.2727,-0.746377,0.02167489,3.207342,0.361326,-0.04020999,3.223756,-0.1648125,0.1062499,3.2621,-0.1681062,0.03680592,3.2064,-0.2499818,-0.04543433,3.188763,-0.08628835,-0.04634672,3.200627,-0.2793295,-0.5711446,3.186193,-0.1034675,-0.5596766,3.19797,-0.2531896,-0.9591141,3.308691,-0.1433588,-0.9688421,3.320681
-0.1746903,0.7618807,3.253079,-0.164488,0.5624245,3.250673,-0.3531677,0.4307748,3.259861,0.02020479,0.4362336,3.241267,-0.5267015,0.1998725,3.292786,0.1677218,0.1623542,3.277463,-0.7148823,0.04986425,3.237962,0.3292776,-0.0205801,3.266659,-0.1634138,0.1667832,3.247144,-0.1663601,0.09750046,3.189286,-0.2491325,0.01469763,3.169426,-0.08425774,0.01390428,3.182141,-0.2794899,-0.5633745,3.223627,-0.1022865,-0.5530143,3.224415,-0.256157,-0.96073,3.309702,-0.128996,-0.9566243,3.310108
-0.1791717,0.8072517,3.254642,-0.16598,0.6135354,3.243346,-0.3575031,0.4688543,3.248576,0.0223178,0.482434,3.23686,-0.5221692,0.2204726,3.300939,0.1565526,0.212059,3.2845,-0.70445,0.058598,3.274709,0.3047168,0.02141511,3.306212,-0.1629963,0.2102586,3.240609,-0.1646706,0.1389538,3.182758,-0.2459578,0.04858662,3.166765,-0.08325949,0.05862942,3.171531,-0.2794927,-0.543458,3.22471,-0.1137272,-0.5373968,3.234312,-0.2386151,-0.9406441,3.305416,-0.131168,-0.9523728,3.305077
-0.180367,0.8557687,3.251885,-0.1632563,0.6368435,3.239961,-0.3504903,0.5123165,3.245158,0.02271491,0.5110216,3.234858,-0.5115442,0.2567376,3.30776,0.1520765,0.2332085,3.294289,-0.6832939,0.08335935,3.298402,0.2949121,0.04619655,3.345068,-0.1666352,0.2364011,3.241327,-0.1691042,0.1657207,3.18414,-0.2494185,0.09002067,3.171534,-0.09101713,0.08033124,3.172811,-0.2777291,-0.5249743,3.211895,-0.1215372,-0.532427,3.229505,-0.2147952,-0.8787953,3.320352,-0.1342501,-0.9493601,3.305306
-0.1869008,0.8790314,3.250827,-0.1636156,0.6557615,3.232722,-0.3527412,0.5239042,3.245543,0.0194837,0.529127,3.231901,-0.5029787,0.2896576,3.325757,0.1468306,0.2603869,3.297831,-0.6616802,0.1042296,3.315148,0.2841365,0.06985492,3.350297,-0.1680198,0.2578171,3.242255,-0.1713257,0.1864229,3.186465,-0.2518801,0.1046943,3.174737,-0.09315195,0.1011965,3.176603,-0.2816705,-0.4198649,3.158426,-0.1319156,-0.4830992,3.185726,-0.2188984,-0.846167,3.306834,-0.1386661,-0.8842115,3.288737
-0.1873176,0.8847969,3.244574,-0.1623909,0.6669738,3.230601,-0.3536778,0.5405055,3.24491,0.01930061,0.5428116,3.230042,-0.4976645,0.2985364,3.33014,0.1439744,0.2675989,3.30411,-0.6587763,0.1164945,3.338153,0.2904602,0.08378974,3.355922,-0.1677376,0.2728204,3.242332,-0.1713642,0.2017409,3.186911,-0.2529327,0.1206454,3.172895,-0.09294339,0.1160168,3.180264,-0.2757309,-0.3966393,3.151019,-0.1351814,-0.449191,3.166089,-0.2107202,-0.8200755,3.305454,-0.1341272,-0.8373554,3.279668
-0.1871151,0.891324,3.241518,-0.1628686,0.6741322,3.227444,-0.3524046,0.5447833,3.243186,0.01821578,0.5509785,3.226419,-0.4893242,0.3078622,3.332932,0.1414456,0.2751891,3.307125,-0.6589915,0.1353464,3.351067,0.2946264,0.09551127,3.355004,-0.1685989,0.2792725,3.240499,-0.1726732,0.2078342,3.185216,-0.2537163,0.1272023,3.172743,-0.09548765,0.124082,3.177082,-0.2508519,-0.4378487,3.160169,-0.1380975,-0.4499182,3.165672,-0.2066578,-0.8492448,3.318719,-0.1344558,-0.8378408,3.279437
-0.187103,0.8913706,3.240299,-0.1621897,0.67395,3.225506,-0.353436,0.541168,3.241855,0.01818961,0.5510609,3.225668,-0.4897716,0.307842,3.334121,0.1422547,0.2748946,3.307374,-0.6644235,0.1415869,3.358046,0.3068922,0.1044395,3.351848,-0.168951,0.2788139,3.23907,-0.1731956,0.2072396,3.18373,-0.2543876,0.1259305,3.171589,-0.09633047,0.1234977,3.175177,-0.2494421,-0.4964257,3.187959,-0.1507969,-0.5071854,3.18492,-0.2141845,-0.8765631,3.296043,-0.1333793,-0.8423967,3.280556
-0.1883142,0.8819438,3.231825,-0.1624165,0.6604921,3.216753,-0.3535704,0.5357093,3.240245,0.02084935,0.5426083,3.222679,-0.49193,0.3028999,3.334824,0.1493573,0.2621775,3.301942,-0.6818073,0.151408,3.344969,0.3418475,0.1093971,3.294304,-0.1688051,0.2692562,3.234468,-0.1731112,0.1977692,3.179852,-0.2536646,0.1123939,3.167635,-0.09653214,0.1145124,3.172181,-0.2500563,-0.5273821,3.201113,-0.141297,-0.5197379,3.188202,-0.2317923,-0.9324958,3.26694,-0.1437831,-0.9445155,3.259708
-0.1857703,0.8322617,3.2126,-0.1595518,0.630807,3.213407,-0.3511414,0.5068048,3.234341,0.02579997,0.5088294,3.212704,-0.5147512,0.2644892,3.327394,0.1540094,0.2378173,3.28791,-0.7229531,0.1374139,3.323101,0.3599071,0.09383865,3.243587,-0.1666778,0.2404217,3.231302,-0.1716601,0.1691779,3.177018,-0.2515194,0.08568566,3.165526,-0.09628338,0.08387938,3.169747,-0.2495519,-0.5284951,3.198414,-0.1323841,-0.5432585,3.186973,-0.2325648,-0.9334328,3.261414,-0.1431611,-0.9497753,3.256143
-0.1855078,0.7914286,3.213777,-0.1633914,0.5785103,3.207569,-0.3495958,0.4504888,3.228283,0.02492986,0.4581391,3.20985,-0.5236092,0.2284256,3.31767,0.1751393,0.1832522,3.268432,-0.7437126,0.1231974,3.294924,0.380434,0.05597959,3.219016,-0.1695736,0.1946331,3.229765,-0.1739016,0.1242661,3.177059,-0.2542832,0.04333656,3.167963,-0.09738383,0.03828681,3.169589,-0.2599832,-0.5465914,3.176654,-0.1267247,-0.5551217,3.178368,-0.227959,-0.9544327,3.258577,-0.135491,-0.9668792,3.254928
-0.1857173,0.7271811,3.209482,-0.1631424,0.5184633,3.208458,-0.3540272,0.4005607,3.229376,0.0267774,0.3997881,3.211519,-0.5364763,0.1801215,3.307364,0.1743524,0.140181,3.258043,-0.762364,0.09179003,3.265593,0.3731909,0.00955832,3.189238,-0.1701713,0.1400275,3.232535,-0.1743535,0.06986713,3.181342,-0.2586553,-0.01398798,3.172069,-0.09431585,-0.01690017,3.174951,-0.2594559,-0.5612582,3.134785,-0.1202764,-0.5772805,3.139291,-0.2266951,-0.9555448,3.258791,-0.1365198,-0.9712211,3.259161
-0.1833047,0.6839962,3.206918,-0.1595995,0.4826916,3.207046,-0.3495806,0.3709677,3.230256,0.02246784,0.3628037,3.206917,-0.545238,0.1571725,3.301568,0.183767,0.08828739,3.251563,-0.7634882,0.05855735,3.240177,0.3841292,-0.03451747,3.171379,-0.1637636,0.1001338,3.229588,-0.1681155,0.02907366,3.179051,-0.2504727,-0.05123964,3.169753,-0.08961937,-0.05310706,3.173093,-0.2618565,-0.5802631,3.11171,-0.1211777,-0.5830387,3.116544,-0.2566132,-0.9187056,3.218332,-0.1394526,-0.9750397,3.258195
-0.1865226,0.6779945,3.205882,-0.1592207,0.4760333,3.209945,-0.3522886,0.3585815,3.23227,0.02159851,0.3564115,3.20658,-0.5489696,0.1365708,3.293074,0.1365001,0.08792834,3.242893,-0.7690769,0.04190718,3.232203,0.3652589,-0.04216899,3.185251,-0.1621226,0.09416988,3.227854,-0.1665862,0.02359415,3.176676,-0.2497663,-0.05947316,3.164693,-0.08577497,-0.06057183,3.169818,-0.2619652,-0.580003,3.111874,-0.120632,-0.5792663,3.115216,-0.2316692,-0.9885778,3.261533,-0.1441216,-0.9782891,3.258528
-0.1857847,0.6808294,3.207234,-0.1599907,0.4845963,3.210598,-0.35106,0.3602576,3.231816,0.02056701,0.3577971,3.206111,-0.5475945,0.1378861,3.29291,0.1722811,0.09687446,3.255822,-0.7588999,0.01840328,3.252864,0.3561057,-0.06258132,3.222176,-0.1633928,0.09754445,3.221703,-0.1681934,0.02774971,3.168026,-0.2516308,-0.05354672,3.156296,-0.08808345,-0.05383021,3.154989,-0.2644168,-0.5701629,3.128742,-0.1086803,-0.5587813,3.127466,-0.2371598,-0.9676888,3.259011,-0.1460266,-0.9776045,3.259767
-0.1719945,0.7380954,3.227705,-0.1587042,0.5343539,3.21499,-0.3498697,0.4134778,3.235463,0.02375332,0.4179902,3.209963,-0.5255103,0.1863073,3.299648,0.1659557,0.1309353,3.259957,-0.7147053,0.03201418,3.284112,0.3405222,-0.03966051,3.251074,-0.1588179,0.1490096,3.209673,-0.1629459,0.08171088,3.15363,-0.2455917,-0.0003278911,3.135418,-0.08185683,-0.002357125,3.144161,-0.2668783,-0.5551795,3.168971,-0.1058316,-0.5570641,3.177926,-0.2335845,-0.9623609,3.25958,-0.1379328,-0.9754747,3.262822
-0.1799262,0.7912008,3.235196,-0.1621764,0.5934111,3.220066,-0.3463095,0.4572708,3.229247,0.02209722,0.4752555,3.209334,-0.5004212,0.2221673,3.308591,0.167429,0.1922309,3.270496,-0.6756501,0.0525306,3.305659,0.3114926,-0.00328283,3.281446,-0.1650583,0.1987453,3.209585,-0.1691769,0.1291732,3.152296,-0.2482684,0.04553649,3.14006,-0.09276485,0.04969028,3.135419,-0.2656817,-0.552345,3.175902,-0.1214789,-0.547698,3.192743,-0.2250491,-0.9512724,3.248064,-0.1383247,-0.9684955,3.263644
-0.1844573,0.8457527,3.238616,-0.1590376,0.6218055,3.219317,-0.3432187,0.4944314,3.229934,0.02369676,0.4990878,3.206028,-0.4894787,0.2478403,3.317472,0.1458988,0.234292,3.271293,-0.6556052,0.0718205,3.335443,0.288151,0.04355837,3.311929,-0.1646927,0.2253467,3.210255,-0.1697475,0.1568808,3.15295,-0.2480966,0.07997791,3.139417,-0.09493925,0.07201315,3.137849,-0.2660882,-0.4935569,3.152744,-0.1280011,-0.5461633,3.192818,-0.2094977,-0.9270126,3.260381,-0.1423678,-0.9425032,3.274835
-0.1895373,0.8741183,3.241331,-0.1588642,0.654426,3.219347,-0.3457364,0.5125045,3.229181,0.01385332,0.5283839,3.203441,-0.4726198,0.2811993,3.321665,0.1450545,0.2455195,3.280025,-0.6294104,0.09904538,3.350562,0.2873497,0.05791421,3.330499,-0.165382,0.2503886,3.211138,-0.171279,0.1795905,3.153711,-0.2499404,0.1015899,3.143357,-0.0969366,0.09968012,3.136462,-0.2798732,-0.4305609,3.11165,-0.1376782,-0.5158132,3.172653,-0.2148244,-0.8444596,3.286923,-0.1390132,-0.9068072,3.279901
-0.1894795,0.8808578,3.239141,-0.1576687,0.6663283,3.21975,-0.3460472,0.5224521,3.229541,0.01437275,0.5357223,3.206892,-0.4717805,0.2881678,3.327611,0.1434576,0.2508214,3.285504,-0.6281739,0.1068058,3.361086,0.3009329,0.07873437,3.34354,-0.1645847,0.2640661,3.211086,-0.1700373,0.1938688,3.153325,-0.249269,0.1149475,3.142083,-0.09521309,0.1123682,3.136986,-0.2820973,-0.3905894,3.101918,-0.1287393,-0.4525715,3.128197,-0.2176409,-0.8066572,3.272925,-0.1312905,-0.8481216,3.274256
-0.1913498,0.8906493,3.237259,-0.1577792,0.6723638,3.218615,-0.3444574,0.5371635,3.235038,0.01269942,0.5445852,3.209365,-0.4701753,0.2953005,3.334651,0.141963,0.2607662,3.290641,-0.635908,0.1220855,3.366874,0.307077,0.09296395,3.34133,-0.1653317,0.2693424,3.209609,-0.1713095,0.1991155,3.151621,-0.2507951,0.1223816,3.139054,-0.09680273,0.1180283,3.136202,-0.2822106,-0.3950343,3.103255,-0.1296957,-0.4517359,3.127251,-0.2396861,-0.803992,3.293979,-0.1549211,-0.8301954,3.29323
-0.1904183,0.88991,3.238085,-0.1583279,0.6731876,3.217666,-0.3444883,0.5371986,3.235113,0.01655542,0.5481216,3.213837,-0.4708588,0.2961428,3.334522,0.1456656,0.2627564,3.291203,-0.6561631,0.1413915,3.356926,0.3373538,0.1126578,3.295626,-0.1659203,0.270942,3.208921,-0.1712313,0.2009514,3.150747,-0.2508089,0.1229701,3.138297,-0.09636025,0.1195333,3.135659,-0.2841394,-0.4693992,3.141313,-0.1300806,-0.452053,3.127048,-0.2527476,-0.8532299,3.295916,-0.1472231,-0.8341904,3.287946
-0.1901143,0.8869158,3.236848,-0.1581008,0.6717172,3.218029,-0.3442318,0.5363625,3.234783,0.02159264,0.5440658,3.217539,-0.4780233,0.2895607,3.33263,0.1489974,0.2612945,3.286305,-0.6815828,0.1555923,3.333866,0.3487801,0.121455,3.259988,-0.166682,0.2701825,3.209064,-0.171384,0.2003477,3.150677,-0.2516051,0.1199631,3.137957,-0.09638843,0.1191467,3.135497,-0.2834877,-0.5260947,3.188482,-0.1223349,-0.5295688,3.154211,-0.2788957,-0.9138855,3.260935,-0.1182605,-0.9401709,3.253412
-0.1788644,0.8532977,3.233436,-0.1554976,0.6343723,3.221223,-0.3408466,0.5142041,3.230251,0.01736128,0.5130277,3.211003,-0.5028539,0.2587509,3.310755,0.1579051,0.2390719,3.274155,-0.7203885,0.1481766,3.305223,0.3643427,0.1058307,3.224187,-0.1668969,0.2507786,3.209206,-0.172119,0.1846754,3.150448,-0.2515807,0.1061249,3.134602,-0.09824314,0.1055097,3.137535,-0.2812922,-0.5398459,3.187131,-0.122321,-0.5331571,3.151052,-0.2829177,-0.9340521,3.256773,-0.1292205,-0.9357712,3.245781
-0.1802049,0.8006612,3.227068,-0.1575282,0.5990867,3.219857,-0.3480613,0.4634581,3.238676,0.01310469,0.4631487,3.205269,-0.5138792,0.231804,3.30679,0.1794397,0.1883567,3.254846,-0.7372658,0.1370057,3.265613,0.3813139,0.0649379,3.180463,-0.1682204,0.2031755,3.214093,-0.1758839,0.1349633,3.156313,-0.2538576,0.05509179,3.144193,-0.1042018,0.05468624,3.141352,-0.2806284,-0.5537131,3.165903,-0.1219234,-0.5392097,3.143865,-0.280323,-0.9389781,3.251679,-0.1454091,-0.9507067,3.22853
-0.177462,0.7517073,3.226891,-0.1553465,0.5374112,3.213758,-0.3518697,0.4140343,3.237912,0.02073601,0.4075614,3.208175,-0.522117,0.2005074,3.286244,0.1756614,0.1463384,3.250092,-0.7531959,0.1092817,3.216137,0.3714256,0.02540128,3.153012,-0.1644317,0.1594957,3.218767,-0.171102,0.09416109,3.162331,-0.2524212,0.0166528,3.148218,-0.09472151,0.003046727,3.152978,-0.2795892,-0.5579523,3.134498,-0.1203428,-0.5474547,3.126589,-0.2760987,-0.9593887,3.260929,-0.140795,-0.924758,3.220388
-0.1714402,0.691911,3.213979,-0.156376,0.4901451,3.21698,-0.3464867,0.3758848,3.227601,0.02567685,0.362646,3.206497,-0.5353758,0.1636518,3.262532,0.152876,0.1040765,3.229929,-0.7622684,0.09045278,3.19568,0.3782188,-0.01942444,3.129851,-0.1612424,0.1058984,3.226169,-0.1653719,0.03751384,3.170522,-0.2478734,-0.043139,3.154813,-0.08617081,-0.04794379,3.163923,-0.275472,-0.5597296,3.119079,-0.1205145,-0.5530706,3.117967,-0.2719201,-0.9737258,3.260278,-0.1663696,-0.9833839,3.262019
-0.1716062,0.6895325,3.214413,-0.1543428,0.4807419,3.216657,-0.3454193,0.3621657,3.22374,0.0241538,0.3575314,3.208204,-0.5398496,0.1559081,3.258756,0.1628612,0.09782042,3.237223,-0.7673993,0.07254867,3.189557,0.3705616,-0.03329272,3.134186,-0.1614133,0.0953646,3.223465,-0.1652981,0.02681578,3.167179,-0.2475776,-0.05194429,3.152533,-0.08707844,-0.05799996,3.158969,-0.2739722,-0.5734592,3.116697,-0.1198929,-0.5575322,3.115375,-0.2710435,-0.9745045,3.261025,-0.1645771,-0.9861776,3.263876
-0.1713051,0.6897904,3.21414,-0.1545478,0.4833832,3.216688,-0.3457021,0.3629906,3.2241,0.02425944,0.3585238,3.208587,-0.5401809,0.155951,3.256733,0.1667898,0.09863372,3.239342,-0.767071,0.06263277,3.191849,0.3584317,-0.04413199,3.175102,-0.1609883,0.09757121,3.220677,-0.1646723,0.02958342,3.163516,-0.2478516,-0.04981426,3.148777,-0.08467647,-0.05443564,3.152821,-0.2751216,-0.5704694,3.125167,-0.1154246,-0.5599106,3.124863,-0.2708784,-0.9724559,3.260661,-0.1652557,-0.9897265,3.26587
-0.1646511,0.7311221,3.219872,-0.1525704,0.534371,3.214696,-0.3413254,0.4093894,3.223553,0.03433499,0.4160411,3.216166,-0.5266216,0.1916204,3.251683,0.1717768,0.1230692,3.245193,-0.7320479,0.06398489,3.203898,0.3497722,-0.04141859,3.201308,-0.1612796,0.1456192,3.20993,-0.1644025,0.07822435,3.151496,-0.248668,-0.005442569,3.134682,-0.08443449,-0.006890338,3.140693,-0.2863457,-0.5642852,3.167351,-0.1101707,-0.5513777,3.159079,-0.2722165,-0.9565628,3.253771,-0.1449322,-0.9514692,3.245218
-0.1657677,0.7894427,3.215574,-0.1499597,0.5908902,3.220079,-0.3383544,0.4627425,3.222972,0.02828686,0.4579664,3.19789,-0.5171331,0.2308521,3.263092,0.1729604,0.1834772,3.25487,-0.7131363,0.07298933,3.213127,0.3159239,-0.01443847,3.245291,-0.1598929,0.1827796,3.207947,-0.1657431,0.1115951,3.148517,-0.2494236,0.03830019,3.128677,-0.08751916,0.02752891,3.138228,-0.2828766,-0.5544805,3.174414,-0.1152296,-0.5427692,3.194257,-0.2681793,-0.9474903,3.247079,-0.147231,-0.9526666,3.2391
-0.1620106,0.8398038,3.215967,-0.1483285,0.6251755,3.212386,-0.3361625,0.5004364,3.216749,0.03377536,0.495681,3.198131,-0.5076355,0.255467,3.273422,0.1542475,0.2285958,3.260288,-0.6863894,0.08911876,3.261874,0.2922999,0.02881603,3.27192,-0.1544134,0.2351007,3.207587,-0.1586311,0.1660807,3.14935,-0.2419052,0.08478227,3.131806,-0.07933237,0.08131424,3.140055,-0.2856225,-0.5128579,3.151847,-0.119601,-0.5386075,3.194011,-0.2369083,-0.9279499,3.243135,-0.1463793,-0.9444028,3.239561
-0.1675533,0.8702464,3.217586,-0.1506747,0.6564792,3.204322,-0.3338115,0.5307103,3.212133,0.027998,0.5285732,3.197499,-0.5024044,0.2732205,3.287811,0.1480462,0.2498368,3.261477,-0.6740557,0.1001644,3.288614,0.2863631,0.06029533,3.315053,-0.1565865,0.2465884,3.208208,-0.160296,0.1745952,3.150445,-0.2421024,0.09589571,3.135225,-0.08297122,0.09273149,3.141683,-0.2836111,-0.4517428,3.129462,-0.1345981,-0.5084879,3.171218,-0.2254795,-0.8708711,3.272672,-0.1601581,-0.8952619,3.275141
-0.1690276,0.8807844,3.210067,-0.1512217,0.6636308,3.202188,-0.3352572,0.5472014,3.2174,0.02984383,0.5383495,3.198232,-0.4869154,0.2980455,3.300335,0.143518,0.2610657,3.267246,-0.6562501,0.1236056,3.30934,0.2870114,0.0773927,3.326043,-0.1579458,0.2634576,3.211103,-0.1623964,0.1920428,3.154996,-0.2434243,0.1119661,3.140224,-0.0854295,0.1074914,3.148123,-0.2786143,-0.4209347,3.116222,-0.1349696,-0.4748161,3.147218,-0.2426861,-0.8372108,3.278597,-0.1618384,-0.8623386,3.27776
-0.1700736,0.886204,3.20081,-0.1519543,0.6683667,3.198631,-0.3355678,0.5535873,3.217062,0.0321721,0.5473657,3.19619,-0.4796083,0.3099453,3.306109,0.1402012,0.2703426,3.278799,-0.6523962,0.1395293,3.319254,0.2928926,0.0922801,3.332676,-0.1595475,0.2730636,3.212112,-0.1645633,0.2020968,3.157048,-0.2449201,0.1237023,3.146048,-0.08855328,0.115677,3.149211,-0.2766535,-0.4220899,3.115638,-0.1336508,-0.4680419,3.142045,-0.2400686,-0.8343356,3.278457,-0.1516459,-0.844402,3.279704
-0.1682887,0.8844,3.196755,-0.1512851,0.6680452,3.196063,-0.3353427,0.5540766,3.217115,0.03318901,0.5471097,3.19588,-0.4792885,0.3108549,3.307574,0.1417884,0.2710796,3.28352,-0.6594232,0.1483727,3.321626,0.3039763,0.09984924,3.332813,-0.1593793,0.2737167,3.212159,-0.1644348,0.202573,3.157208,-0.244756,0.123937,3.146741,-0.08851375,0.1162558,3.14929,-0.2593754,-0.4681604,3.139909,-0.132091,-0.4697717,3.141403,-0.2553024,-0.8412663,3.275077,-0.1249466,-0.8384138,3.262667
-0.1646303,0.8774552,3.190995,-0.1448085,0.6610417,3.194119,-0.3323859,0.5477071,3.212134,0.03660725,0.5395415,3.195697,-0.4858325,0.3051299,3.309912,0.1479549,0.2660755,3.287666,-0.6815904,0.1601266,3.31302,0.3431437,0.1204261,3.291758,-0.1583265,0.2677452,3.211985,-0.1633665,0.19589,3.157349,-0.2456577,0.1168355,3.146115,-0.08708568,0.1093424,3.150716,-0.275777,-0.5287307,3.166682,-0.1194062,-0.5091776,3.145418,-0.2721152,-0.906444,3.232604,-0.09942002,-0.9294518,3.220718
-0.161395,0.8409166,3.173785,-0.1366503,0.6314495,3.187733,-0.3243529,0.5121576,3.196029,0.04197369,0.5144812,3.196338,-0.4944471,0.2950948,3.3025,0.1663814,0.240617,3.290642,-0.7009676,0.1648707,3.294389,0.3682258,0.10512,3.253244,-0.1585846,0.2371267,3.211546,-0.1629087,0.1634908,3.159055,-0.2452751,0.08225714,3.14855,-0.08959256,0.08021243,3.154458,-0.2757347,-0.5288333,3.166668,-0.1102736,-0.5261395,3.144768,-0.2729705,-0.9139588,3.231098,-0.1000293,-0.9318848,3.220478
-0.1464415,0.791124,3.175263,-0.1386558,0.5757002,3.185691,-0.3230068,0.4617772,3.195402,0.04948648,0.4620059,3.201051,-0.5111703,0.2550646,3.286222,0.1787137,0.2096434,3.280746,-0.727225,0.1436692,3.248541,0.3805424,0.07756281,3.228387,-0.1570842,0.1994996,3.211234,-0.1601024,0.1301887,3.160282,-0.2440174,0.0516587,3.147296,-0.08350785,0.03857994,3.159255,-0.2737187,-0.5368875,3.153833,-0.1075738,-0.5327455,3.13966,-0.2710065,-0.9272174,3.23299,-0.1003828,-0.9506925,3.224555
-0.1462933,0.7336204,3.168611,-0.1335587,0.5245611,3.190474,-0.3261825,0.4182456,3.19972,0.05028205,0.4145268,3.201946,-0.5321379,0.2024703,3.264727,0.1972835,0.1451875,3.276366,-0.7555479,0.1106545,3.214513,0.3992465,0.01770632,3.211225,-0.1551888,0.1443565,3.214934,-0.1591209,0.07337667,3.165109,-0.2464024,-0.005303413,3.151263,-0.08142354,-0.01710626,3.16417,-0.2803784,-0.5602161,3.127833,-0.09900448,-0.5527633,3.123746,-0.2735274,-0.9431498,3.242531,-0.09747659,-0.9628706,3.242379
-0.1481804,0.6794996,3.178669,-0.1340706,0.4808158,3.197862,-0.3295101,0.3760167,3.202646,0.04445633,0.358837,3.202406,-0.5469439,0.1649655,3.248343,0.199763,0.1045685,3.273117,-0.7700221,0.0706693,3.20273,0.3935114,-0.03509191,3.207985,-0.1520526,0.1034411,3.215415,-0.1554333,0.03392531,3.164537,-0.2420339,-0.04636324,3.151847,-0.07694528,-0.05265038,3.159902,-0.279088,-0.5628142,3.117589,-0.09789149,-0.5636913,3.112511,-0.2704,-0.9455085,3.248479,-0.1007588,-0.969772,3.247375
-0.1499456,0.674037,3.181093,-0.1336741,0.465797,3.194767,-0.3300635,0.3671728,3.204936,0.04559076,0.3475697,3.201836,-0.5467563,0.1560261,3.246482,0.1915095,0.08665397,3.271709,-0.7681403,0.056609,3.20488,0.3796652,-0.06450405,3.220204,-0.1495995,0.0922351,3.212416,-0.1530205,0.02354541,3.161703,-0.2401849,-0.05780659,3.149606,-0.07277872,-0.06443335,3.155558,-0.27766,-0.5655438,3.112255,-0.09551336,-0.5662435,3.111238,-0.2642979,-0.9564727,3.256649,-0.1049706,-0.9831179,3.264676
-0.1488523,0.6738294,3.182597,-0.133048,0.4669248,3.195134,-0.3294472,0.3665222,3.204603,0.04592622,0.3484159,3.201977,-0.5464424,0.1550773,3.247509,0.1909806,0.08624479,3.272455,-0.7631888,0.04532501,3.208335,0.3722489,-0.07653958,3.241129,-0.1486937,0.09212943,3.211264,-0.1517904,0.0234679,3.159837,-0.2392678,-0.05746927,3.146087,-0.07071493,-0.06435643,3.153661,-0.2769212,-0.5641696,3.113877,-0.0942571,-0.5672327,3.112706,-0.2652339,-0.9535306,3.256302,-0.1044649,-0.9816573,3.26508
-0.1434748,0.7129197,3.192504,-0.1294153,0.5238934,3.207232,-0.3269644,0.3861082,3.203221,0.04635347,0.3965303,3.203004,-0.5258935,0.1829557,3.259623,0.1734883,0.1238484,3.280406,-0.7282014,0.04623248,3.239679,0.3376328,-0.05607967,3.284735,-0.1412806,0.1253278,3.205692,-0.1441742,0.05439537,3.15157,-0.2307989,-0.02504846,3.131381,-0.06151169,-0.02875507,3.145854,-0.2771102,-0.5528691,3.135871,-0.08661032,-0.5612772,3.151645,-0.2666518,-0.9466903,3.249747,-0.1007809,-0.9748514,3.263609
-0.1443629,0.7692308,3.194016,-0.1383099,0.5797163,3.202202,-0.3294745,0.4523534,3.205627,0.04884706,0.4526803,3.201941,-0.5058047,0.2269001,3.279691,0.1759706,0.1703118,3.289686,-0.6907395,0.06751385,3.272982,0.323624,-0.01746404,3.326582,-0.1437556,0.1859982,3.199387,-0.1454206,0.1163618,3.143964,-0.2296589,0.03588872,3.129786,-0.06376355,0.02863911,3.131894,-0.2784624,-0.5422565,3.150688,-0.08701754,-0.55179,3.177172,-0.2643729,-0.9421122,3.24596,-0.1014305,-0.9636275,3.251322
-0.1481387,0.832136,3.203935,-0.1292199,0.6207622,3.202796,-0.3254068,0.4994971,3.206606,0.04647518,0.5028273,3.199992,-0.5043988,0.2538505,3.288739,0.1635369,0.2227969,3.295491,-0.6753669,0.08039898,3.293285,0.3006205,0.0324377,3.349488,-0.1467523,0.2213517,3.203884,-0.151206,0.150582,3.148799,-0.2336398,0.0697577,3.134523,-0.07774876,0.06954996,3.13967,-0.2730838,-0.5025477,3.140862,-0.09319609,-0.532642,3.175935,-0.2251319,-0.9026617,3.251411,-0.1107671,-0.9402589,3.258695
-0.1521315,0.8597301,3.214812,-0.1352785,0.6427992,3.202522,-0.3257873,0.5111113,3.206015,0.04706673,0.5111424,3.200496,-0.4842876,0.2834921,3.305093,0.1583028,0.2370047,3.300502,-0.6498142,0.1052344,3.313142,0.297282,0.04726802,3.352375,-0.1493916,0.2455902,3.206181,-0.1529914,0.1743342,3.151238,-0.2361932,0.09479074,3.137943,-0.07668531,0.08605175,3.141298,-0.2737825,-0.438933,3.107015,-0.101266,-0.5000715,3.14735,-0.2093122,-0.8620253,3.26286,-0.1269328,-0.873806,3.285786
-0.1567861,0.8741148,3.212634,-0.1384285,0.6629133,3.199731,-0.3211045,0.5373791,3.209634,0.0477794,0.5361592,3.206316,-0.4804679,0.2893045,3.306256,0.1557467,0.2508467,3.305804,-0.6443657,0.1152194,3.342177,0.3020318,0.06634299,3.356743,-0.1482039,0.2624651,3.208892,-0.1506986,0.1901948,3.15459,-0.2331662,0.1125781,3.141846,-0.07231858,0.1048868,3.147229,-0.2737685,-0.3844171,3.082608,-0.1105725,-0.4379875,3.118573,-0.2056436,-0.7981248,3.257566,-0.1259151,-0.8173917,3.272298
-0.1562365,0.8823609,3.213004,-0.1381593,0.668118,3.199779,-0.3221886,0.5427486,3.210634,0.04720655,0.5461103,3.209329,-0.4746018,0.3051807,3.311933,0.1532437,0.26676,3.310522,-0.6390393,0.1302133,3.342769,0.3113024,0.0897882,3.354487,-0.1497649,0.2758726,3.211456,-0.1525242,0.2051651,3.157591,-0.2349221,0.12552,3.145916,-0.0750518,0.1192997,3.149292,-0.260518,-0.395796,3.084756,-0.1115522,-0.435639,3.115449,-0.2040377,-0.8036598,3.274618,-0.1290368,-0.8194046,3.273791
-0.1571106,0.8838441,3.212168,-0.1380308,0.6688926,3.199988,-0.3227661,0.5442526,3.211357,0.04832379,0.5486641,3.212022,-0.47449,0.3062357,3.312404,0.1557198,0.2678772,3.310007,-0.6477658,0.1389117,3.338961,0.3319767,0.103123,3.334173,-0.149687,0.2781776,3.21226,-0.1521251,0.207651,3.158241,-0.2345814,0.1273468,3.146813,-0.07468902,0.1214106,3.149511,-0.2573344,-0.4320971,3.105603,-0.11809,-0.4434589,3.116896,-0.2276564,-0.8356599,3.272387,-0.1314362,-0.8279301,3.266628
-0.1567361,0.8820127,3.210462,-0.138094,0.6661136,3.19917,-0.3226554,0.5438566,3.211051,0.04950751,0.545891,3.212216,-0.4758258,0.3055841,3.312103,0.1571337,0.2663926,3.308678,-0.6575104,0.1449844,3.327586,0.3459052,0.1114309,3.289356,-0.1499137,0.2761598,3.2124,-0.152233,0.2055301,3.158306,-0.2347562,0.1243185,3.146216,-0.07480733,0.1193689,3.150391,-0.2665284,-0.5144883,3.150767,-0.1132928,-0.5062593,3.135944,-0.2473765,-0.8494101,3.246601,-0.09147099,-0.9187523,3.211679
-0.1508899,0.8641291,3.206946,-0.1367162,0.6518911,3.2013,-0.3217341,0.5276045,3.208709,0.05135446,0.5300039,3.216083,-0.4849369,0.2939371,3.306033,0.167123,0.2466337,3.294719,-0.6813,0.1486237,3.29378,0.3637947,0.1001614,3.240437,-0.1494199,0.26418,3.213483,-0.1508593,0.1940054,3.159026,-0.2327242,0.1109117,3.144939,-0.07397726,0.1094444,3.152406,-0.2678726,-0.5175219,3.150835,-0.1023888,-0.5199837,3.135968,-0.2639756,-0.9187186,3.215499,-0.09439127,-0.9303555,3.205551
-0.1438721,0.8120218,3.20443,-0.1357915,0.6012849,3.208763,-0.3236575,0.4906438,3.212784,0.04958169,0.4783545,3.216313,-0.501022,0.2503637,3.286576,0.1777765,0.2055993,3.277169,-0.7068365,0.1213818,3.246345,0.3771255,0.06363489,3.21815,-0.1490526,0.2259465,3.217318,-0.1508429,0.1591272,3.162099,-0.2317975,0.07796738,3.145359,-0.07544039,0.07353091,3.156792,-0.2694324,-0.53941,3.146938,-0.09806827,-0.5381191,3.13122,-0.2609387,-0.9395378,3.218142,-0.0997686,-0.9450598,3.20416
-0.1420241,0.759454,3.206535,-0.1398581,0.5487106,3.207974,-0.3235789,0.4318215,3.212471,0.04889639,0.4375296,3.217758,-0.512134,0.2037706,3.273258,0.1951548,0.1532245,3.273944,-0.7234648,0.09346065,3.205762,0.3841563,0.008431882,3.20513,-0.1487549,0.1676769,3.220222,-0.1497896,0.0991004,3.165412,-0.2315725,0.01873689,3.149199,-0.07168925,0.01275442,3.160624,-0.265885,-0.5435807,3.1267,-0.0954202,-0.5415043,3.121268,-0.2596721,-0.9429119,3.220977,-0.09822061,-0.9506445,3.208862
-0.1474443,0.7053128,3.206069,-0.1325958,0.4974522,3.208942,-0.3241672,0.3817013,3.2153,0.04255479,0.3773066,3.209404,-0.5302096,0.1588962,3.254679,0.1928353,0.1123012,3.2693,-0.7478966,0.05903719,3.19238,0.3830264,-0.03237863,3.20443,-0.1478527,0.1140278,3.222322,-0.1517928,0.04483381,3.167584,-0.235353,-0.0345243,3.153939,-0.07518201,-0.03965734,3.161161,-0.2627705,-0.5619427,3.11089,-0.09298438,-0.5541281,3.105402,-0.2433201,-0.9588211,3.242628,-0.099405,-0.9652042,3.226989
-0.1479224,0.6807536,3.209707,-0.1353649,0.4753723,3.21249,-0.3277642,0.3480106,3.216773,0.04655299,0.3543594,3.215704,-0.537101,0.1411898,3.249537,0.1956167,0.07930218,3.263164,-0.753281,0.02891235,3.192471,0.382166,-0.07377955,3.21098,-0.1476667,0.0953552,3.222538,-0.1505152,0.02727658,3.167158,-0.2344164,-0.05603804,3.153807,-0.07206142,-0.05872571,3.158577,-0.2597731,-0.5786006,3.102068,-0.09163596,-0.5626483,3.102341,-0.2407245,-0.9728583,3.255289,-0.1107888,-0.9828199,3.251926
-0.1483693,0.6802902,3.209692,-0.1351407,0.4731475,3.213926,-0.3279817,0.3486372,3.217102,0.04537659,0.3509595,3.21543,-0.5371461,0.1377618,3.24982,0.1915621,0.07574461,3.265365,-0.7492023,0.02163757,3.19586,0.3757269,-0.08127565,3.21787,-0.146438,0.09224024,3.221484,-0.1489388,0.02421817,3.165334,-0.2331718,-0.05872951,3.149632,-0.06951578,-0.0615185,3.157248,-0.2601368,-0.5762496,3.104399,-0.09155215,-0.5625343,3.102416,-0.2410011,-0.9711536,3.254095,-0.1061478,-0.9806621,3.244861
-0.1502665,0.694944,3.216702,-0.1361104,0.4990768,3.222836,-0.325247,0.3729992,3.216955,0.04250222,0.3718133,3.220029,-0.5314484,0.1474745,3.255547,0.1758794,0.1050301,3.27105,-0.7351035,0.01475908,3.216934,0.3460861,-0.07023479,3.258611,-0.145512,0.1037091,3.22027,-0.1469638,0.03531389,3.162926,-0.2300951,-0.04354684,3.144169,-0.06697421,-0.04747719,3.154665,-0.2638891,-0.5632281,3.136518,-0.08088545,-0.5535706,3.122409,-0.2560403,-0.9545128,3.249035,-0.1051341,-0.9721325,3.24004
-0.1526246,0.759858,3.219968,-0.1451519,0.5540814,3.224558,-0.3308023,0.4318167,3.225523,0.03520672,0.4342806,3.221069,-0.5125597,0.2004774,3.279635,0.1721823,0.1485641,3.287614,-0.6986292,0.0424702,3.255301,0.3297086,-0.03639914,3.299371,-0.1430159,0.1638548,3.216165,-0.1434014,0.09663541,3.157141,-0.2249152,0.0177189,3.135054,-0.06126434,0.01269615,3.150216,-0.269744,-0.54479,3.159435,-0.0831356,-0.5442419,3.174655,-0.2562692,-0.9347513,3.233825,-0.09809677,-0.9492161,3.223816
-0.1538674,0.8046151,3.224366,-0.1423638,0.6071646,3.230057,-0.3318351,0.4668518,3.223148,0.04048387,0.4815431,3.221795,-0.5018677,0.2295193,3.29127,0.1673862,0.2017591,3.301494,-0.6827429,0.0652779,3.279355,0.3104023,0.01071298,3.339796,-0.1446858,0.201934,3.21794,-0.1456367,0.1316602,3.158207,-0.2273895,0.04379456,3.138468,-0.06478977,0.05415333,3.147156,-0.267734,-0.5360072,3.162482,-0.09037478,-0.5402321,3.177795,-0.2368211,-0.9360883,3.233527,-0.1117868,-0.9504173,3.221874
-0.1674246,0.8496675,3.22759,-0.1404182,0.6315329,3.22737,-0.3309525,0.5056653,3.22251,0.03856772,0.5191476,3.231659,-0.4867985,0.264583,3.303349,0.1520853,0.2367167,3.306068,-0.6617878,0.09495772,3.306706,0.2997655,0.04988343,3.346597,-0.1501197,0.2395859,3.224118,-0.1512626,0.1720103,3.16637,-0.2314297,0.0948927,3.148569,-0.07460003,0.08607842,3.157834,-0.2579822,-0.4786868,3.144772,-0.1074551,-0.5339197,3.173332,-0.2028034,-0.9064412,3.256753,-0.1278593,-0.9147147,3.252767
-0.168434,0.8707858,3.228729,-0.144879,0.6482618,3.230082,-0.3283137,0.5266116,3.225543,0.0401988,0.5270637,3.235386,-0.4833812,0.2761787,3.308706,0.1553219,0.251186,3.327053,-0.6549072,0.1029395,3.310987,0.307101,0.06427535,3.354546,-0.1503355,0.2517625,3.228081,-0.1501849,0.1824462,3.170059,-0.2300096,0.1018811,3.151567,-0.07240515,0.09938787,3.162625,-0.2594439,-0.4380655,3.125412,-0.1112566,-0.4550974,3.131385,-0.1933841,-0.8607157,3.281887,-0.1298069,-0.8514599,3.259326
-0.16767,0.8780228,3.22961,-0.1484125,0.6550975,3.229212,-0.3286203,0.5364667,3.230042,0.04354458,0.5423476,3.246988,-0.4835017,0.2818319,3.314464,0.1539374,0.2573614,3.33083,-0.6594157,0.114177,3.32587,0.3211845,0.08396691,3.35757,-0.1531782,0.2650828,3.232573,-0.1515099,0.1965823,3.175816,-0.2309986,0.1155742,3.159089,-0.07266191,0.1109798,3.168094,-0.2591214,-0.4114834,3.121282,-0.1156389,-0.440175,3.126499,-0.2002257,-0.8261087,3.29741,-0.1315413,-0.8383666,3.264049
-0.1687616,0.8801086,3.230746,-0.149562,0.6584225,3.231667,-0.3294796,0.5378805,3.2325,0.04275128,0.5443451,3.248337,-0.4834781,0.286567,3.318806,0.1550918,0.2596058,3.332141,-0.6652572,0.1241091,3.321152,0.3418328,0.104235,3.344401,-0.1536394,0.2671205,3.233506,-0.1520211,0.1984245,3.176369,-0.2314934,0.1173177,3.159272,-0.07319997,0.1131226,3.168673,-0.2587089,-0.4164664,3.123459,-0.1157863,-0.4421904,3.12755,-0.2051777,-0.8294353,3.304399,-0.131217,-0.8414779,3.271698
-0.1692462,0.8800136,3.233807,-0.1497404,0.6584154,3.232223,-0.3300462,0.5353511,3.235585,0.03991986,0.5440833,3.25049,-0.4840112,0.2864119,3.319133,0.1587949,0.258275,3.333112,-0.6803786,0.1365918,3.306611,0.3565214,0.1148186,3.324789,-0.1535768,0.2668299,3.233751,-0.1521193,0.1980877,3.176507,-0.2314725,0.1170906,3.159311,-0.07336692,0.1131059,3.168795,-0.2656634,-0.5093574,3.180219,-0.1071565,-0.4950941,3.155655,-0.2326978,-0.8657404,3.321181,-0.1320229,-0.8546461,3.289759
-0.1689227,0.8597266,3.236617,-0.1482111,0.6427294,3.246032,-0.3296275,0.5187565,3.248767,0.03739548,0.5327148,3.255478,-0.4886413,0.2811612,3.316601,0.1673671,0.2511764,3.330344,-0.6882304,0.1416506,3.282233,0.3747502,0.1039017,3.272588,-0.1533567,0.2577567,3.237835,-0.1534658,0.1913982,3.179363,-0.2327517,0.1100222,3.160684,-0.07516223,0.1094591,3.170679,-0.2596755,-0.5372217,3.199081,-0.1015388,-0.5042415,3.161523,-0.2621561,-0.9308892,3.304289,-0.1043527,-0.9383757,3.288751
-0.1732383,0.815867,3.241169,-0.1510818,0.6046417,3.256204,-0.3348429,0.4849392,3.254473,0.03571425,0.479232,3.258815,-0.4992214,0.2508683,3.312031,0.1787861,0.2080357,3.306607,-0.7011468,0.1229809,3.247127,0.3835095,0.07953216,3.256647,-0.1551208,0.2180009,3.248767,-0.1549993,0.1520255,3.189446,-0.2335725,0.06309408,3.171392,-0.07764165,0.074864,3.1785,-0.2652844,-0.5535291,3.200032,-0.09108038,-0.5559998,3.176913,-0.2655062,-0.9649578,3.30163,-0.107307,-0.9477439,3.29083
-0.1650539,0.7685603,3.245756,-0.1555391,0.5502107,3.250858,-0.3414572,0.4306704,3.261952,0.03625093,0.4390099,3.263798,-0.5173467,0.2009325,3.300723,0.1870495,0.1676471,3.294675,-0.7221667,0.0855474,3.219944,0.381493,0.02686438,3.234927,-0.1556358,0.1659087,3.255888,-0.1555533,0.09806643,3.19874,-0.2369066,0.01656619,3.177803,-0.07410365,0.01181741,3.194714,-0.2647773,-0.5626469,3.191571,-0.09046716,-0.5579858,3.177136,-0.2656247,-0.96481,3.301744,-0.1122707,-0.9573665,3.293991
-0.1718174,0.7113047,3.238935,-0.1476998,0.5222486,3.26226,-0.3398498,0.3886425,3.257647,0.03542415,0.3878857,3.261258,-0.5382656,0.1516819,3.284602,0.1881125,0.1177353,3.288554,-0.7496639,0.04731536,3.206223,0.3899972,-0.01689821,3.218236,-0.1537175,0.1333329,3.266425,-0.1543698,0.06440441,3.209107,-0.2367111,-0.02204882,3.190961,-0.07458012,-0.01675293,3.202461,-0.2617971,-0.5701343,3.171751,-0.08647773,-0.549654,3.170262,-0.2654694,-0.9642112,3.302127,-0.1119818,-0.9520572,3.293787
-0.1674494,0.6899689,3.246866,-0.147934,0.4786237,3.256224,-0.3392245,0.3484334,3.253455,0.03574347,0.3639676,3.260239,-0.5422171,0.133412,3.280468,0.1901174,0.1060219,3.288302,-0.7486733,0.01809266,3.204789,0.3833187,-0.04751813,3.228188,-0.1513327,0.097837,3.270567,-0.1512651,0.02904069,3.214859,-0.2338504,-0.05474705,3.195975,-0.06965005,-0.05765139,3.213644,-0.2621162,-0.5702181,3.169128,-0.08554076,-0.5515313,3.169694,-0.27528,-0.9739385,3.337037,-0.1229867,-0.9603493,3.31087
