-0.0025634,0.55119,0.033086,0.014768,0.37461,0.041215,-0.15932,0.27265,0.00171,0.16916,0.26984,0.037736,-0.22873,0.0063939,-0.024031,0.28789,0.016077,0.033359,-0.32708,-0.18222,-0.063171,0.40445,-0.16485,-0.059522,-0.0011175,0.024426,0.035276,0,-0.039779,0,-0.074605,-0.11834,-0.015979,0.069413,-0.10902,-0.002906,-0.035063,-0.61888,-0.004798,0.0097582,-0.6078,0.002679,-0.01911,-1.0058,0.039863,0.023693,-1.0134,0.089611
0.006237,0.577,0.036554,0.016044,0.39059,0.053682,-0.16332,0.30244,0.020923,0.16583,0.31345,0.055255,-0.22098,0.021926,-0.002163,0.268,0.04423,0.054328,-0.31988,-0.16846,-0.032546,0.38577,-0.13395,0.020823,-0.00044321,0.066724,0.039317,0,0.009187,0,-0.076639,-0.063459,-0.022001,0.070616,-0.070489,-0.002172,-0.026352,-0.52811,-0.014779,-0.0067986,-0.55193,-0.020662,0.0024051,-0.91548,0.12325,0.020764,-0.93039,0.11347
0.0071192,0.58758,0.043651,0.014525,0.40411,0.061771,-0.16467,0.32073,0.029992,0.16075,0.31951,0.057364,-0.21702,0.039915,0.017617,0.25619,0.058639,0.072121,-0.31205,-0.1527,3e-05,0.38485,-0.11259,0.042971,-0.00035219,0.076233,0.041359,0,0.018671,0,-0.077451,-0.048713,-0.023282,0.07265,-0.054205,-0.007682,-0.023626,-0.52136,-0.014207,0.046954,-0.47152,-0.032388,-0.017254,-0.85785,0.13666,0.013257,-0.85726,0.11056
0.01155,0.59561,0.049236,0.017901,0.41191,0.068545,-0.16212,0.33293,0.034421,0.16459,0.32484,0.063338,-0.21878,0.051195,0.029975,0.25717,0.060228,0.082512,-0.32504,-0.13576,0.0197,0.38952,-0.10822,0.051462,-7.964e-05,0.086117,0.043563,0,0.029874,0,-0.079789,-0.035672,-0.025921,0.073188,-0.04796,-0.006084,-0.033238,-0.52157,-0.003369,0.028208,-0.53832,-0.012249,-0.019617,-0.85922,0.14336,0.020113,-0.88273,0.11741
0.012368,0.59684,0.053237,0.019034,0.41467,0.073414,-0.16158,0.33513,0.039244,0.16428,0.32628,0.068769,-0.22191,0.059452,0.033238,0.25491,0.064694,0.095194,-0.33464,-0.12382,0.015641,0.41234,-0.082038,0.079765,-7.946e-05,0.087369,0.045554,0,0.031525,0,-0.079757,-0.033719,-0.027541,0.072571,-0.045753,-0.006837,-0.061223,-0.40567,-0.022907,0.029857,-0.54344,-0.008726,-0.039622,-0.80221,0.09496,0.023891,-0.91751,0.072902
0.010329,0.59287,0.055693,0.018717,0.40918,0.077287,-0.16391,0.32741,0.041441,0.16299,0.32302,0.074159,-0.22739,0.046658,0.035681,0.25254,0.058969,0.099015,-0.36419,-0.11975,0.021631,0.41526,-0.081529,0.072877,-0.00053886,0.081264,0.046874,0,0.025638,0,-0.079672,-0.043099,-0.029684,0.072766,-0.050717,-0.006407,-0.055452,-0.415,-0.023281,0.018266,-0.5519,0.008316,-0.037762,-0.81931,0.071083,0.02601,-1.0131,0.054365
0.0087673,0.5661,0.070202,0.017416,0.36898,0.078041,-0.17114,0.29453,0.04928,0.15828,0.30786,0.086976,-0.23154,0.025656,0.032389,0.24101,0.045761,0.10494,-0.40732,-0.15163,0.008997,0.3929,-0.10045,0.04781,-0.00084817,0.05514,0.04718,0,0.0026035,0,-0.081493,-0.058372,-0.029978,0.07586,-0.085742,-0.006582,-0.068676,-0.43117,-0.025336,0.011104,-0.58578,0.012656,-0.055414,-0.8352,0.070475,0.022036,-1.0165,0.06029
0.018717,0.50794,0.05641,0.022536,0.32928,0.082528,-0.16903,0.26479,0.039042,0.16306,0.25772,0.084262,-0.23005,-0.0032542,0.016675,0.24443,0.012906,0.098482,-0.40386,-0.15567,-0.063121,0.44435,-0.12575,-0.024043,-0.0014681,0.011096,0.048449,0,-0.04133,0,-0.086579,-0.10085,-0.02639,0.077827,-0.1242,-0.011024,-0.06811,-0.47388,-0.040425,0.018224,-0.62594,-0.016344,-0.04994,-0.88043,0.045454,0.023015,-1.0125,0.060901
0.005108,0.4566,0.040635,0.013656,0.27914,0.070534,-0.17357,0.20929,0.014241,0.15619,0.20439,0.058995,-0.23211,-0.021697,-0.008789,0.23227,-0.022937,0.082575,-0.40335,-0.16891,-0.12557,0.41225,-0.13477,-0.061022,-0.0030062,-0.038487,0.047285,0,-0.092079,0,-0.08638,-0.16585,-0.032649,0.080341,-0.16311,-0.001295,-0.051056,-0.53786,-0.052316,0.017877,-0.65144,-0.052457,-0.050246,-0.9436,0.040306,0.010857,-1.0425,0.077407
-0.011864,0.39946,0.019506,-0.011707,0.21406,0.026423,-0.19231,0.14956,-0.026805,0.13786,0.14058,0.015618,-0.25687,-0.054988,-0.031562,0.21309,-0.069403,0.029922,-0.4011,-0.17612,-0.16727,0.35078,-0.18015,-0.10536,-0.0072721,-0.07554,0.040368,0,-0.12917,0,-0.084005,-0.19993,-0.019657,0.090283,-0.20942,0.004252,-0.11827,-0.56903,-0.079031,0.0042267,-0.6461,-0.075842,-0.095693,-0.98437,-0.032315,-0.01608,-1.0358,0.060717
0.020923,0.38614,0.035886,0.019222,0.19083,0.033306,-0.15782,0.091004,-0.023862,0.17689,0.084082,0.033499,-0.22124,-0.10507,0.014161,0.29797,-0.11262,-0.006329,-0.35953,-0.17455,-0.15915,0.46785,-0.18342,-0.20427,-0.0036364,-0.13714,0.041286,0,-0.19586,0,-0.080891,-0.2636,-0.015829,0.073409,-0.27855,-0.000467,-0.074642,-0.61715,-0.14747,0.036523,-0.64852,-0.057382,-0.045946,-0.99838,0.00795,0.01758,-1.0309,0.081872
0.021384,0.3852,0.036027,0.015424,0.18696,0.030017,-0.15567,0.089061,-0.024508,0.1773,0.082693,0.02972,-0.23191,-0.11251,-0.012285,0.31893,-0.12308,-0.030266,-0.38663,-0.18539,-0.20988,0.46948,-0.18421,-0.2076,-0.0037485,-0.1392,0.041501,0,-0.19889,0,-0.079864,-0.26673,-0.015473,0.073435,-0.28036,-0.000212,-0.15642,-0.57518,-0.22259,0.029496,-0.68369,-0.03351,-0.075109,-0.9382,-0.045693,0.019584,-1.0236,0.083638
0.01953,0.38887,0.040666,0.012744,0.20332,0.024541,-0.15474,0.09564,-0.029613,0.17869,0.095688,0.027893,-0.25533,-0.092259,-0.08153,0.31875,-0.11425,-0.030102,-0.39812,-0.18928,-0.2218,0.46802,-0.18438,-0.20588,-0.0042909,-0.13027,0.040621,0,-0.19221,0,-0.079403,-0.26252,-0.01589,0.074131,-0.27109,0.00152,-0.11924,-0.58401,-0.21183,0.017232,-0.65893,-0.012515,-0.056044,-0.93701,-0.010726,0.01083,-1.0258,0.094784
0.015122,0.44871,0.061015,-0.00085117,0.27081,0.032267,-0.16226,0.16362,-0.024594,0.16999,0.16016,0.030707,-0.25133,-0.038992,-0.044477,0.2888,-0.051214,-0.014308,-0.39242,-0.17813,-0.19874,0.45907,-0.17453,-0.16287,-0.0067433,-0.06782,0.042282,0,-0.13029,0,-0.074751,-0.20614,-0.018128,0.075069,-0.2044,0.001507,-0.11999,-0.54614,-0.17509,0.012597,-0.65679,0.016141,-0.069557,-0.89583,0.035533,0.0045805,-1.0251,0.10794
0.002004,0.50873,0.077781,0.00073907,0.33224,0.034318,-0.16891,0.21514,-0.016236,0.16571,0.21864,0.043701,-0.252,-0.021646,-0.039943,0.26651,-0.011087,-0.009627,-0.38695,-0.15984,-0.16877,0.4276,-0.15304,-0.10556,-0.0069593,-0.015257,0.043038,0,-0.079374,0,-0.074087,-0.15641,-0.022069,0.073812,-0.15456,0.004869,-0.13255,-0.49722,-0.17186,0.0021484,-0.65161,0.029171,-0.084491,-0.86285,0.013529,0.010224,-1.0055,0.087434
0.0087101,0.55458,0.077668,0.0046618,0.33106,0.037591,-0.16646,0.25043,-0.014318,0.16466,0.26681,0.030851,-0.2434,0.008091,-0.032584,0.28354,0.02424,0.012756,-0.3878,-0.15261,-0.1093,0.42254,-0.13456,-0.039986,-0.0035682,0.0047409,0.044868,0,-0.04788,0,-0.074275,-0.12067,-0.022564,0.069803,-0.12177,0.001353,-0.12553,-0.46764,-0.1593,0.0083647,-0.61995,0.02918,-0.078487,-0.83089,0.030184,0.010179,-1.0078,0.087929
0.016495,0.57751,0.081544,0.0027685,0.4015,0.046172,-0.16275,0.27518,-0.011141,0.16344,0.28874,0.030193,-0.24338,0.037838,-0.022149,0.28343,0.037157,0.022258,-0.37953,-0.13611,-0.089506,0.4219,-0.12452,-0.019867,-0.0060384,0.053876,0.045459,0,-0.016321,0,-0.072558,-0.090056,-0.022316,0.070404,-0.089255,0.001233,-0.1337,-0.42692,-0.18016,0.005167,-0.58366,0.002532,-0.05879,-0.79136,-0.001118,0.025074,-0.99078,0.08193
0.020953,0.59541,0.078966,0.010334,0.41659,0.051921,-0.16383,0.31369,-0.002145,0.16452,0.30337,0.029808,-0.24198,0.054773,-0.008685,0.27464,0.056462,0.049046,-0.37318,-0.10819,-0.0708,0.41111,-0.10735,0.008609,-0.0025305,0.067001,0.04833,0,0.0064936,0,-0.074357,-0.063708,-0.02152,0.069697,-0.068288,-0.001548,-0.1217,-0.40293,-0.17847,0.007651,-0.52126,-0.028365,-0.049418,-0.76589,0.004029,0.045067,-0.85492,0.028408
0.015735,0.60466,0.077199,0.010511,0.42309,0.054989,-0.16257,0.31491,0.002136,0.1599,0.31517,0.029539,-0.24003,0.058348,-0.003198,0.26531,0.063977,0.060889,-0.37616,-0.10137,-0.063014,0.41016,-0.090516,0.010482,-0.0018649,0.071966,0.048502,0,0.010507,0,-0.073709,-0.058948,-0.022661,0.069241,-0.06295,-0.002031,-0.11278,-0.39523,-0.18811,0.0085824,-0.51913,-0.02356,-0.046522,-0.7603,-0.007477,0.04388,-0.85466,0.026855
0.016783,0.61006,0.083015,0.012517,0.42675,0.062004,-0.15963,0.32022,0.006329,0.15937,0.31905,0.025991,-0.23446,0.065928,0.006705,0.26229,0.069461,0.068755,-0.37235,-0.091418,-0.056302,0.40777,-0.084764,0.019086,-0.00041243,0.07543,0.050316,0,0.014765,0,-0.073397,-0.053266,-0.023395,0.067879,-0.05752,-0.004985,-0.10941,-0.39229,-0.18312,0.012592,-0.53329,-0.013977,-0.04422,-0.75763,-0.002856,0.042122,-0.87133,0.033503
0.013664,0.60606,0.08329,0.012813,0.42645,0.063035,-0.15997,0.32084,0.00733,0.16057,0.31961,0.026212,-0.23372,0.065711,0.007726,0.2601,0.070958,0.075477,-0.37874,-0.085275,-0.055181,0.40639,-0.080691,0.018536,-0.00028831,0.075611,0.050682,0,0.015187,0,-0.073449,-0.053308,-0.023155,0.06814,-0.057575,-0.005301,-0.10975,-0.39197,-0.18348,0.022934,-0.55801,-0.022319,-0.046456,-0.75792,-0.003906,0.035492,-0.9242,0.022015
0.0057075,0.57904,0.082504,0.011045,0.3888,0.065739,-0.16002,0.31462,0.008999,0.16143,0.30957,0.023478,-0.23502,0.057391,0.011052,0.25977,0.055204,0.072444,-0.38473,-0.08618,-0.059697,0.42613,-0.075391,0.004333,-5.813e-05,0.058214,0.050694,0,0.0011435,0,-0.073012,-0.068861,-0.021864,0.068557,-0.071836,-0.007499,-0.10066,-0.41537,-0.18989,0.027514,-0.57268,-0.03313,-0.03854,-0.78124,-0.00996,0.03603,-0.98755,0.020071
0.0078272,0.53458,0.085956,0.0025402,0.34403,0.067922,-0.15989,0.27008,0.01804,0.15815,0.25717,0.024283,-0.2334,0.021676,0.009708,0.25429,-0.0017867,0.063743,-0.40777,-0.1184,-0.085137,0.4242,-0.10116,-0.036503,-0.00082696,0.0075927,0.051207,0,-0.048913,0,-0.069824,-0.11555,-0.02161,0.068961,-0.12202,-0.007162,-0.096871,-0.44702,-0.19963,0.026176,-0.62247,-0.041343,-0.04844,-0.82359,-0.036368,0.037996,-1.0137,0.023544
0.0055509,0.47532,0.078804,-0.00076282,0.28825,0.067679,-0.16727,0.22374,0.024021,0.15659,0.22295,0.027008,-0.22531,-0.003586,0.00589,0.24381,-0.014755,0.053919,-0.39051,-0.15631,-0.1099,0.38128,-0.15418,-0.048517,-0.00051621,-0.037565,0.051344,0,-0.091372,0,-0.071872,-0.16476,-0.021881,0.07194,-0.16497,-0.007955,-0.039094,-0.66696,-0.04986,0.059562,-0.652,-0.08112,-0.034526,-0.95991,0.035624,0.037234,-1.0195,0.025097
0.005956,0.40329,0.050905,0.0043932,0.22695,0.055775,-0.16872,0.15793,0.003247,0.15701,0.15938,0.017214,-0.23177,-0.074424,-0.015457,0.25235,-0.091948,0.022206,-0.37837,-0.19645,-0.12816,0.42566,-0.18552,-0.11588,-0.0010687,-0.087651,0.049718,0,-0.141,0,-0.075884,-0.2112,-0.015485,0.074133,-0.21326,-0.011409,-0.04404,-0.71317,-0.060316,0.054147,-0.64909,-0.089986,-0.031569,-1.0151,-0.004665,0.034799,-1.0223,0.025192
0.0030919,0.36635,0.065249,-0.0041195,0.16845,0.06127,-0.16168,0.096654,-0.002816,0.15903,0.10152,0.009623,-0.2318,-0.13198,-0.012255,0.2765,-0.13422,0.008956,-0.37279,-0.24901,-0.13806,0.46126,-0.2374,-0.17657,-0.0022229,-0.14809,0.050679,0,-0.20113,0,-0.075046,-0.26848,-0.018103,0.076626,-0.27557,-0.010097,-0.037878,-0.75687,-0.064913,0.051455,-0.64434,-0.086987,-0.021149,-1.056,-0.000825,0.036044,-1.0214,0.033058
-0.015683,0.34819,0.063226,-0.0099826,0.16018,0.059346,-0.15724,0.04413,-0.013358,0.15779,0.051042,0.026063,-0.24721,-0.17901,-0.039532,0.27893,-0.16248,0.006871,-0.40684,-0.2719,-0.16285,0.44036,-0.24541,-0.17034,-0.0070936,-0.1742,0.050086,0,-0.23289,0,-0.073968,-0.30353,-0.023116,0.076926,-0.30464,-0.00291,-0.048342,-0.7817,-0.06899,0.014165,-0.66065,-0.10513,-0.030597,-0.99134,-0.025583,0.026947,-1.022,0.033663
-0.017847,0.34783,0.060177,-0.012127,0.16113,0.05361,-0.16174,0.044419,-0.014832,0.15613,0.051922,0.022996,-0.26409,-0.17357,-0.05104,0.28204,-0.163,-0.007498,-0.41708,-0.28011,-0.17131,0.42381,-0.24325,-0.16742,-0.0075565,-0.17432,0.048665,0,-0.23385,0,-0.073156,-0.30559,-0.020334,0.07873,-0.30705,-0.000202,-0.041045,-0.77026,-0.075685,0.017968,-0.66279,-0.10471,-0.028256,-1.0666,-0.003238,0.024223,-1.0233,0.031409
-0.0114,0.36309,0.056246,-0.011116,0.18416,0.044581,-0.1655,0.086267,-0.016006,0.15736,0.098681,0.02185,-0.27366,-0.13955,-0.050726,0.28472,-0.12281,-0.004497,-0.41377,-0.27037,-0.16138,0.4326,-0.23135,-0.15871,-0.0069897,-0.15596,0.047975,0,-0.21604,0,-0.071544,-0.27798,-0.017464,0.07686,-0.29708,-0.001697,-0.035092,-0.72009,-0.06895,0.03121,-0.66198,-0.07273,-0.030911,-1.019,-0.004454,0.024049,-1.0232,0.024892
-0.0046786,0.43667,0.072493,-0.011078,0.26065,0.052868,-0.1669,0.14225,0.002514,0.15838,0.15368,0.028795,-0.26479,-0.064805,-0.024064,0.25458,-0.06065,-0.01887,-0.40078,-0.21853,-0.10156,0.42576,-0.19222,-0.12391,-0.0051217,-0.083309,0.049956,0,-0.14356,0,-0.071101,-0.2162,-0.01877,0.075081,-0.21615,-0.004621,-0.034986,-0.70521,-0.074263,0.028577,-0.65012,-0.031627,-0.030329,-1.0018,-0.003233,0.024736,-1.0218,0.02777
-0.0026181,0.49896,0.089353,-0.0046965,0.32416,0.063018,-0.16467,0.21302,0.024309,0.1547,0.21942,0.035432,-0.25614,-0.017864,0.011383,0.28489,-0.020661,0.027811,-0.39347,-0.18679,-0.077773,0.42285,-0.16201,-0.080082,-0.0021792,-0.032335,0.051719,0,-0.09461,0,-0.070769,-0.16603,-0.016944,0.072271,-0.16407,-0.008555,-0.029082,-0.66793,-0.05935,0.026995,-0.6575,-0.001654,-0.039169,-1.0239,0.075765,0.031658,-1.0225,0.024843
-0.0064021,0.54998,0.09949,-0.0017691,0.35374,0.069818,-0.16583,0.24997,0.034535,0.15549,0.25613,0.039802,-0.26069,0.010173,0.022669,0.27366,0.026417,0.053,-0.39764,-0.1567,-0.006884,0.41121,-0.13076,-0.012059,-0.00061988,0.018725,0.052862,0,-0.039064,0,-0.07225,-0.11197,-0.01939,0.07242,-0.10827,-0.00996,-0.010204,-0.6128,-0.05456,0.018111,-0.60969,0.006738,-0.012698,-0.9956,0.02291,0.027806,-1.0066,0.023741
0.00056969,0.58578,0.093484,0.0051644,0.41009,0.075399,-0.16841,0.29609,0.036061,0.1531,0.30209,0.040816,-0.25346,0.041122,0.026659,0.26855,0.040866,0.058721,-0.39631,-0.1202,0.020882,0.40739,-0.11809,0.002553,0.00013996,0.045563,0.053621,0,-0.015668,0,-0.071894,-0.089802,-0.021201,0.070693,-0.083999,-0.008079,-0.010162,-0.59099,-0.063312,0.0093247,-0.58579,-0.002117,-0.018499,-1.0048,0.028787,0.023508,-0.95959,0.017683
0.011471,0.60638,0.094064,0.0078504,0.41881,0.077203,-0.16054,0.31262,0.03619,0.15821,0.31678,0.043175,-0.24747,0.076184,0.051841,0.26212,0.066511,0.074318,-0.38379,-0.10539,0.028787,0.39732,-0.093875,0.012066,0.00054129,0.067425,0.054176,0,0.0090615,0,-0.072067,-0.059596,-0.023683,0.069331,-0.061341,-0.007418,-0.0094979,-0.56099,-0.070173,0.013383,-0.54019,-0.017184,-0.023506,-0.96365,0.030844,0.010286,-0.8916,0.046897
0.016996,0.61885,0.088072,0.010743,0.44694,0.082121,-0.14776,0.35744,0.039715,0.16308,0.32882,0.042017,-0.24099,0.083004,0.050587,0.25788,0.094036,0.097969,-0.3816,-0.093233,0.042392,0.38237,-0.074442,0.03393,0.00050364,0.092112,0.054844,0,0.032972,0,-0.072582,-0.027851,-0.023137,0.068842,-0.042199,-0.008238,-0.029786,-0.52596,-0.086308,0.0044913,-0.51582,-0.026396,-0.048457,-0.92672,0.02084,0.012591,-0.87467,0.044315
0.020144,0.62373,0.092257,0.013793,0.45144,0.090271,-0.14594,0.3589,0.041883,0.16867,0.35008,0.061694,-0.23899,0.084625,0.056254,0.25705,0.098504,0.104,-0.3852,-0.091493,0.052472,0.38005,-0.074063,0.050193,-0.0006183,0.10114,0.056163,0,0.045231,0,-0.073833,-0.016518,-0.023094,0.068927,-0.028048,-0.012414,-0.028762,-0.51973,-0.083709,0.0057274,-0.52256,-0.019526,-0.047443,-0.9207,0.023507,0.012016,-0.87878,0.043316
0.020668,0.62404,0.090844,0.016101,0.44787,0.10574,-0.1468,0.36131,0.043583,0.16809,0.3508,0.059229,-0.23747,0.085851,0.056816,0.25284,0.10159,0.10904,-0.38485,-0.072201,0.044605,0.37474,-0.069899,0.047415,4.847e-05,0.1007,0.057237,0,0.046519,0,-0.074031,-0.015087,-0.023471,0.068746,-0.027491,-0.014436,-0.03006,-0.51928,-0.082237,-0.00037349,-0.53093,-0.017828,-0.036863,-0.92264,0.019154,0.01058,-0.88408,0.043567
0.019456,0.61505,0.095098,0.017144,0.42524,0.12086,-0.14703,0.34687,0.051796,0.16894,0.34062,0.068514,-0.24019,0.072471,0.060648,0.25222,0.090334,0.11001,-0.38981,-0.085865,0.043848,0.37199,-0.08517,0.057518,0.00027041,0.092156,0.058953,0,0.042194,0,-0.075028,-0.018519,-0.025425,0.069471,-0.031341,-0.016191,-0.030735,-0.52361,-0.083739,0.002175,-0.53589,-0.018258,-0.025418,-0.92824,0.014455,0.0095599,-0.94896,0.052379
0.013023,0.57419,0.089167,0.019269,0.40502,0.11132,-0.15797,0.30971,0.05932,0.16688,0.31787,0.07465,-0.23954,0.05098,0.051157,0.24827,0.040528,0.097372,-0.40464,-0.14821,0.034143,0.37373,-0.14584,0.024059,0.0016744,0.066432,0.058679,0,0.015315,0,-0.080409,-0.055053,-0.020716,0.072791,-0.057328,-0.020466,-0.038761,-0.54158,-0.077654,0.0026738,-0.56228,-0.024754,-0.026524,-0.94621,0.021529,0.012099,-0.95783,0.04529
0.024915,0.51844,0.084772,0.030558,0.33132,0.10332,-0.1443,0.25905,0.051241,0.17877,0.2612,0.076463,-0.23119,-0.0011112,0.034048,0.26159,-0.0060137,0.092742,-0.37561,-0.16859,0.00347,0.38625,-0.16971,0.013046,0.00148,0.016642,0.057939,0,-0.028235,0,-0.085552,-0.079069,-0.01752,0.076721,-0.11338,-0.029223,-0.017594,-0.50189,-0.13802,-0.009641,-0.61534,-0.075056,-0.013146,-0.89747,-0.012053,0.019859,-1.0096,0.051403
0.023062,0.46343,0.067791,0.013141,0.27867,0.095636,-0.14721,0.2228,0.042145,0.18248,0.20368,0.07493,-0.22623,-0.05603,0.011008,0.25865,-0.057409,0.068065,-0.37579,-0.21206,-0.047782,0.3667,-0.22986,-0.018526,-0.0028123,-0.036966,0.056421,0,-0.085013,0,-0.086151,-0.15063,-0.024491,0.081004,-0.16187,-0.017768,-0.036601,-0.61806,-0.098689,-0.0125,-0.63397,-0.095079,-0.022468,-1.011,0.034695,0.007565,-1.0249,0.038706
-0.012773,0.39076,0.041368,-0.0086279,0.20525,0.077844,-0.18862,0.14158,0.016225,0.14606,0.13849,0.05107,-0.27183,-0.11941,-0.021318,0.23094,-0.13183,0.026085,-0.4221,-0.26935,-0.09643,0.33723,-0.29654,-0.078733,-0.0060604,-0.096932,0.053873,0,-0.14379,0,-0.082497,-0.22295,-0.02251,0.086102,-0.21051,-0.015134,-0.068997,-0.69466,-0.10566,-0.04184,-0.64358,-0.12054,-0.067231,-1.0421,0.063907,-0.045933,-1.0343,0.019818
0.0057841,0.34368,0.050368,0.010763,0.1502,0.079529,-0.15661,0.076375,0.02664,0.16809,0.071939,0.054268,-0.25989,-0.17059,-0.010897,0.26321,-0.18521,0.016395,-0.41002,-0.30558,-0.10231,0.37075,-0.34794,-0.090628,-0.0020657,-0.1683,0.054399,0,-0.21913,0,-0.079105,-0.28987,-0.022851,0.074964,-0.29048,-0.012452,-0.072707,-0.72162,-0.067075,0.0097168,-0.65823,-0.081765,-0.07143,-1.0696,0.10361,-0.0065746,-0.99994,0.045729
0.011963,0.3313,0.050617,0.012161,0.13773,0.070467,-0.155,0.023937,0.006993,0.16953,0.037745,0.048788,-0.26122,-0.18452,-0.012372,0.26797,-0.1963,0.011936,-0.41118,-0.34745,-0.1151,0.3949,-0.37119,-0.091217,-0.0031517,-0.19034,0.05263,0,-0.24574,0,-0.080197,-0.31966,-0.019401,0.075394,-0.31682,-0.010592,-0.069389,-0.736,-0.058939,-0.011964,-0.67955,-0.081087,-0.067929,-1.0836,0.1114,-0.0015218,-1.0382,0.072945
0.017331,0.32553,0.045681,0.015506,0.13317,0.060735,-0.15185,0.023742,-0.000527,0.17323,0.023133,0.03495,-0.27747,-0.20856,-0.035279,0.27766,-0.20747,0.009724,-0.41653,-0.35689,-0.12286,0.39813,-0.37245,-0.091897,-0.0019801,-0.19745,0.05097,0,-0.25503,0,-0.081033,-0.32602,-0.018247,0.07449,-0.33171,-0.00622,-0.063494,-0.73574,-0.06468,-0.012162,-0.69233,-0.088272,-0.035133,-1.0198,0.040728,0.003563,-1.0308,0.061254
0.018338,0.33132,0.041549,0.015405,0.1469,0.043647,-0.15035,0.032038,-0.006128,0.17674,0.035482,0.029344,-0.27095,-0.2004,-0.037286,0.27895,-0.20243,0.014552,-0.41165,-0.3548,-0.10774,0.39931,-0.36946,-0.065803,-0.001746,-0.18735,0.049048,0,-0.24582,0,-0.082366,-0.31326,-0.014774,0.075366,-0.32397,-0.004415,-0.065753,-0.70613,-0.06864,-0.00084882,-0.68742,-0.083047,-0.041405,-0.98883,0.068867,0.004986,-1.0307,0.057736
0.01496,0.3906,0.051259,0.009822,0.20779,0.069395,-0.15565,0.096863,0.003547,0.17106,0.10713,0.051309,-0.27165,-0.14987,-0.007088,0.26853,-0.13794,0.047962,-0.40219,-0.32104,-0.046073,0.38508,-0.31218,-0.020049,-0.0044959,-0.13127,0.052936,0,-0.18842,0,-0.076732,-0.2583,-0.025039,0.073127,-0.26398,-0.004926,-0.068998,-0.66853,-0.047972,0.0099041,-0.66764,-0.050214,-0.040301,-0.99684,0.11168,-0.0042044,-1.0345,0.068897
0.0088187,0.44579,0.064947,0.0050492,0.26756,0.085619,-0.15634,0.15804,0.026147,0.17385,0.16601,0.07546,-0.25262,-0.078495,-0.000714,0.279,-0.094074,0.069821,-0.37993,-0.26283,-0.020306,0.38815,-0.27857,0.023939,-0.005397,-0.075306,0.055259,0,-0.13117,0,-0.073558,-0.20119,-0.027202,0.071713,-0.20681,-0.00855,-0.07078,-0.64387,-0.030846,0.0021714,-0.66478,-0.034351,-0.032909,-0.99959,0.14003,-0.0050673,-1.0321,0.073501
0.014137,0.49685,0.062975,-0.00051997,0.3164,0.1045,-0.15803,0.21218,0.028831,0.16537,0.19927,0.087082,-0.25071,-0.030664,0.011048,0.25956,-0.058357,0.079379,-0.35676,-0.21991,-0.008253,0.38439,-0.23571,0.058612,-0.0082239,-0.034841,0.057407,0,-0.089997,0,-0.071857,-0.15687,-0.032668,0.072698,-0.16043,-0.008404,-0.059103,-0.58855,-0.030001,-0.017648,-0.61347,-0.051003,-0.03109,-0.96488,0.14066,-0.0063338,-1.0115,0.0725
0.013953,0.52365,0.077503,0.0069431,0.33225,0.10413,-0.1507,0.22078,0.029797,0.17475,0.23859,0.089829,-0.24083,-0.016644,0.021602,0.248,-0.0054737,0.099986,-0.35597,-0.20057,0.014239,0.37552,-0.18305,0.084718,-0.0054959,0.0039151,0.057426,0,-0.044941,0,-0.074856,-0.11014,-0.032716,0.072124,-0.12368,-0.00898,-0.07108,-0.51621,-0.04401,-0.0026373,-0.54667,-0.085301,-0.030817,-0.89749,0.11231,0.040059,-0.88759,0.10281
0.011117,0.5434,0.088494,0.0041173,0.35943,0.11068,-0.15619,0.25194,0.034686,0.16287,0.26968,0.086273,-0.24153,0.01224,0.049448,0.2378,0.010296,0.10446,-0.35586,-0.17097,0.015015,0.37767,-0.15509,0.077516,-0.0050082,0.019727,0.058397,0,-0.031521,0,-0.072755,-0.096165,-0.033719,0.07284,-0.10386,-0.009972,-0.066332,-0.5113,-0.06548,0.0016904,-0.52204,-0.091601,-0.023276,-0.84417,0.12005,0.022298,-0.88222,0.10579
0.0071974,0.57071,0.097637,0.0097498,0.38285,0.11361,-0.14656,0.29487,0.054055,0.16463,0.28774,0.093435,-0.23881,0.032665,0.068434,0.23811,0.022655,0.11021,-0.37598,-0.15331,0.025222,0.37935,-0.14136,0.079808,-0.0039858,0.041667,0.059073,0,-0.010321,0,-0.072574,-0.071728,-0.030785,0.069497,-0.081226,-0.013199,-0.064113,-0.49791,-0.06763,0.006416,-0.52177,-0.089293,-0.018742,-0.84819,0.12436,0.013037,-0.87429,0.1095
0.015549,0.57267,0.11328,0.015755,0.38618,0.1309,-0.14086,0.29959,0.074024,0.16984,0.29346,0.11049,-0.23518,0.036267,0.08539,0.24925,0.028763,0.12826,-0.38023,-0.1216,0.03759,0.39933,-0.12584,0.087736,-0.0018599,0.052478,0.063598,0,0.0061223,0,-0.073762,-0.051595,-0.034142,0.066658,-0.062456,-0.020555,-0.042508,-0.50826,-0.056122,0.01769,-0.53948,-0.069667,-0.011312,-0.86128,0.14297,0.036577,-0.90516,0.097938
0.017175,0.5673,0.1186,0.014578,0.38637,0.13086,-0.14335,0.30639,0.084341,0.17142,0.3084,0.12015,-0.23889,0.040697,0.078888,0.25554,0.045435,0.13361,-0.39192,-0.099905,0.002677,0.40753,-0.10051,0.067729,-0.0017105,0.053829,0.063213,0,0.0077087,0,-0.074182,-0.051046,-0.034711,0.068161,-0.061797,-0.019265,-0.03763,-0.55725,-0.044806,0.016362,-0.5674,-0.069906,-0.014711,-0.91601,0.15957,0.042898,-0.95883,0.071871
0.0040418,0.56011,0.13289,2.119e-05,0.37938,0.1366,-0.15757,0.30452,0.089044,0.1552,0.3049,0.11921,-0.25719,0.041203,0.062149,0.24209,0.047073,0.13175,-0.40608,-0.097322,-0.027304,0.40636,-0.089641,0.03333,-0.005732,0.048994,0.063105,0,0.0029478,0,-0.070992,-0.054266,-0.03668,0.077176,-0.070753,-0.017,-0.036267,-0.56463,-0.043257,0.0021203,-0.57465,-0.075723,-0.011786,-0.94635,0.16138,0.026869,-0.97595,0.058359
-0.0092933,0.52379,0.12137,-0.013349,0.34602,0.1408,-0.17452,0.28613,0.082524,0.14726,0.28896,0.11998,-0.27054,0.033964,0.042103,0.24076,0.035687,0.10376,-0.42957,-0.11674,-0.088029,0.42605,-0.12453,-0.049369,-0.0071936,0.032492,0.062211,0,-0.0098902,0,-0.072573,-0.067624,-0.039666,0.081385,-0.089021,-0.015206,-0.038699,-0.56638,-0.089796,-0.00848,-0.5903,-0.08181,-0.01578,-0.92514,0.11459,0.012519,-1.0219,0.031949
0.011959,0.47289,0.093593,-0.0050905,0.29182,0.12635,-0.15506,0.23985,0.08083,0.17409,0.22827,0.13238,-0.25515,-0.00176,0.005493,0.27605,-0.014167,0.070016,-0.40032,-0.14836,-0.13579,0.38483,-0.1514,-0.071442,-0.0084322,0.00044812,0.060246,0,-0.037199,0,-0.080197,-0.08465,-0.037952,0.079253,-0.13672,-0.01734,-0.064428,-0.47259,-0.11325,0.0063979,-0.62568,-0.10355,-0.041509,-0.83135,0.091157,0.024596,-1.0071,0.018422
-0.0063562,0.41722,0.081894,-0.022002,0.23715,0.10508,-0.17617,0.18405,0.060753,0.15266,0.1782,0.12112,-0.26411,-0.020032,-0.013372,0.24483,-0.027507,0.0499,-0.40301,-0.18524,-0.19217,0.39188,-0.17741,-0.1652,-0.011625,-0.053801,0.056879,0,-0.093539,0,-0.080705,-0.15899,-0.045146,0.090237,-0.17135,-0.005677,-0.081655,-0.62295,-0.11679,-0.0022145,-0.63548,-0.13119,-0.028667,-0.96032,0.003025,0.0066735,-1.003,0.009568
-0.0073268,0.36823,0.06808,-0.012029,0.18942,0.10364,-0.16484,0.11876,0.047482,0.15887,0.11069,0.098001,-0.258,-0.081526,-0.05884,0.24193,-0.090392,0.015767,-0.39163,-0.2344,-0.22647,0.39835,-0.2252,-0.20595,-0.0089793,-0.12233,0.057276,0,-0.16763,0,-0.072451,-0.23493,-0.039525,0.077229,-0.24232,-0.006676,-0.033433,-0.45692,-0.35596,0.082201,-0.62807,-0.14092,-0.01615,-0.84273,-0.19851,0.026006,-0.99009,0.000695
-0.014406,0.34454,0.051438,-0.011767,0.15597,0.10014,-0.16504,0.064241,0.028317,0.15921,0.063894,0.084025,-0.23873,-0.14933,-0.012537,0.25255,-0.12308,-0.031178,-0.35717,-0.24244,-0.20629,0.34433,-0.26377,-0.18128,-0.0093106,-0.16418,0.056813,0,-0.21268,0,-0.074972,-0.28619,-0.045088,0.079541,-0.28739,0.00017,-0.036554,-0.47614,-0.38201,0.031285,-0.66445,-0.11366,-0.021618,-0.85578,-0.21206,0.023141,-0.99186,0.009427
-0.0093672,0.34283,0.04594,-0.0063957,0.14878,0.085771,-0.16268,0.045391,0.006794,0.16191,0.051581,0.067254,-0.25533,-0.16709,-0.090862,0.21553,-0.17732,-0.056278,-0.37021,-0.29478,-0.23616,0.34236,-0.27786,-0.21347,-0.008381,-0.17203,0.054408,0,-0.22392,0,-0.079341,-0.29869,-0.033524,0.079679,-0.29827,-0.000835,-0.036611,-0.56244,-0.31268,0.039997,-0.6741,-0.11003,-0.037097,-0.95225,-0.16316,0.05372,-0.96934,-0.024022
-0.011297,0.34319,0.044547,-0.0074867,0.15383,0.07819,-0.1642,0.049638,-0.000266,0.16005,0.056739,0.064378,-0.26514,-0.18207,-0.05447,0.22461,-0.1525,-0.06711,-0.37415,-0.3062,-0.20779,0.35825,-0.29716,-0.17938,-0.0096543,-0.17001,0.053655,0,-0.22249,0,-0.076508,-0.29584,-0.033351,0.079786,-0.29681,0.001236,-0.014847,-0.59184,-0.27131,0.029141,-0.67389,-0.092406,-0.031567,-0.98021,-0.11909,0.032128,-0.99067,0.021029
-0.005408,0.389,0.038111,-0.017359,0.20446,0.060409,-0.16996,0.10232,-0.011902,0.15583,0.11665,0.053405,-0.2564,-0.13532,-0.048739,0.2256,-0.10677,-0.034245,-0.35888,-0.29095,-0.17495,0.36906,-0.27509,-0.11942,-0.011178,-0.12367,0.051313,0,-0.17832,0,-0.070535,-0.24758,-0.032209,0.077534,-0.25729,0.003708,-0.069167,-0.62234,-0.085969,0.027211,-0.66776,-0.078432,-0.044975,-0.92045,0.018785,0.028544,-1.0088,0.041787
-0.0046769,0.43565,0.029759,-0.017607,0.25643,0.079712,-0.168,0.15316,0.00207,0.16174,0.1679,0.075206,-0.25419,-0.10237,-0.035867,0.26636,-0.084695,0.03936,-0.35747,-0.27684,-0.12625,0.38667,-0.24821,-0.062532,-0.012002,-0.073281,0.053844,0,-0.12631,0,-0.070006,-0.1986,-0.038197,0.076897,-0.20384,0.002209,-0.055516,-0.57477,-0.068261,0.019072,-0.6513,-0.040244,-0.037353,-0.92628,0.046515,0.034382,-1.0095,0.050096
-0.0025108,0.48644,0.048849,-0.0053626,0.30848,0.090052,-0.16509,0.2153,0.023415,0.16435,0.22299,0.087975,-0.24253,-0.045554,-0.022647,0.26822,-0.046543,0.058683,-0.34158,-0.23633,-0.067459,0.39727,-0.21971,0.021397,-0.0092725,-0.0336,0.055464,0,-0.088271,0,-0.071299,-0.16541,-0.037323,0.072681,-0.15622,-0.002122,-0.047384,-0.56184,-0.06143,0.017869,-0.64344,-0.042006,-0.030061,-0.9352,0.054724,0.037768,-0.99476,0.057591
0.0067309,0.51185,0.044859,0.0039653,0.33531,0.090326,-0.15273,0.22662,0.02584,0.17003,0.24488,0.089158,-0.23207,-0.018964,-0.005062,0.27109,-0.0031965,0.092023,-0.32961,-0.21263,-0.033503,0.39014,-0.18263,0.049568,-0.0069901,0.0013252,0.055682,0,-0.051694,0,-0.074053,-0.10932,-0.032112,0.0732,-0.13413,-0.003806,-0.05791,-0.4853,-0.062108,0.011113,-0.59343,-0.067557,-0.04393,-0.83237,0.057206,0.026036,-0.95194,0.087761
0.0065855,0.52169,0.046409,0.0066099,0.35443,0.093618,-0.15154,0.26127,0.038459,0.16206,0.27578,0.066817,-0.23089,0.010946,0.016441,0.26801,0.016606,0.096577,-0.32594,-0.18375,-0.015147,0.38634,-0.16762,0.058513,-0.0022405,0.019119,0.056683,0,-0.033718,0,-0.073055,-0.096938,-0.029712,0.069758,-0.10393,-0.009349,-0.052702,-0.51114,-0.069447,0.025367,-0.52214,-0.1004,-0.0041762,-0.85395,0.13825,0.03888,-0.88346,0.082375
0.0047601,0.53857,0.041699,0.013259,0.37101,0.098564,-0.15067,0.29241,0.052902,0.17051,0.29058,0.070223,-0.22445,0.034108,0.033649,0.26725,0.035344,0.1001,-0.32387,-0.15705,-0.008914,0.39097,-0.14072,0.055585,4.912e-05,0.043446,0.057546,0,-0.006465,0,-0.074318,-0.072759,-0.027942,0.070278,-0.08201,-0.012761,-0.047139,-0.50983,-0.067066,0.027277,-0.5148,-0.088553,0.0017551,-0.85449,0.1395,0.036353,-0.88136,0.077628
0.0050804,0.58766,0.069498,0.010215,0.38921,0.10117,-0.15024,0.30991,0.060862,0.17222,0.30763,0.078827,-0.22347,0.038383,0.040108,0.26071,0.054404,0.10765,-0.33613,-0.14392,-0.010355,0.38428,-0.12219,0.064874,-0.00069432,0.060555,0.057757,0,0.010293,0,-0.075268,-0.059153,-0.026423,0.072192,-0.058146,-0.016238,-0.028779,-0.52398,-0.056063,0.019911,-0.5116,-0.074624,-0.023551,-0.89706,0.064961,0.019459,-0.89437,0.057049
0.0047035,0.58729,0.070516,0.0086313,0.39055,0.10186,-0.15072,0.31191,0.060695,0.16963,0.31138,0.07853,-0.22553,0.039275,0.040193,0.25505,0.052383,0.096198,-0.36662,-0.11912,-0.021352,0.38833,-0.11684,0.051925,-0.00082308,0.060842,0.057834,0,0.010508,0,-0.074791,-0.058807,-0.026654,0.071154,-0.058106,-0.01535,-0.022401,-0.5664,-0.038419,0.038857,-0.50815,-0.070115,-0.040067,-0.97836,0.08153,0.013187,-0.90948,0.033458
0.0069811,0.52298,0.067229,-0.0043094,0.29498,0.085372,-0.13947,0.309,0.0584,0.17935,0.30941,0.07411,-0.21809,0.037322,0.032761,0.26532,0.046281,0.08828,-0.36287,-0.11991,-0.035897,0.40423,-0.11204,0.020301,-0.0046008,0.011283,0.055513,0,-0.024191,0,-0.063128,-0.076627,-0.024391,0.061107,-0.10749,-0.018948,-0.0022556,-0.58353,-0.04431,0.052458,-0.61566,-0.080156,-0.012935,-1.0267,0.023484,0.013069,-1.0458,0.010893
0.0072983,0.53221,0.065945,-0.0082793,0.33425,0.10153,-0.14489,0.27999,0.062143,0.17301,0.29225,0.078332,-0.23431,0.00063628,0.007251,0.25906,0.033709,0.07779,-0.38508,-0.14614,-0.068864,0.38835,-0.12222,-0.015019,-0.0050152,0.010665,0.055506,0,-0.030249,0,-0.062788,-0.097974,-0.030363,0.063764,-0.10945,-0.015148,-0.0050011,-0.60521,-0.053385,0.041999,-0.52004,-0.088692,-0.026023,-1.0159,0.042138,0.0029809,-0.92834,0.004453
0.0066383,0.47732,0.052088,-0.0025975,0.30392,0.10275,-0.14364,0.25063,0.066814,0.17261,0.25653,0.087823,-0.22921,-0.0089493,0.00333,0.25638,0.0065339,0.069658,-0.36419,-0.17011,-0.12161,0.38648,-0.15994,-0.070789,-0.0030466,-0.016661,0.0568,0,-0.0693,0,-0.067052,-0.1361,-0.02519,0.067645,-0.13335,-0.017972,-0.0073828,-0.62049,-0.086818,0.046683,-0.53824,-0.092474,-0.027987,-1.0191,0.045881,0.015378,-0.95047,-0.002572
-0.000663,0.41813,0.028235,-0.015306,0.23851,0.099459,-0.16219,0.1744,0.065182,0.16703,0.1976,0.08656,-0.22822,-0.028164,-0.004845,0.25145,-0.039351,0.045266,-0.34861,-0.19438,-0.12997,0.36034,-0.18372,-0.098988,-0.0041692,-0.066119,0.057558,0,-0.10387,0,-0.07044,-0.18055,-0.026303,0.076884,-0.17841,-0.017836,-0.037943,-0.62001,-0.092455,0.054209,-0.55866,-0.096069,-0.036347,-1.0153,0.048982,0.036754,-0.9723,-0.007064
-0.00389,0.36123,0.019049,-0.00049223,0.18197,0.088612,-0.15444,0.12135,0.041846,0.17115,0.13885,0.067008,-0.18682,-0.092645,-0.047769,0.25915,-0.089733,0.012902,-0.34042,-0.26488,-0.17435,0.35762,-0.22401,-0.13988,-0.0027554,-0.1183,0.055698,0,-0.16312,0,-0.073947,-0.23622,-0.030278,0.07415,-0.23224,-0.011283,-0.046367,-0.63466,-0.087064,0.024835,-0.63895,-0.11694,-0.030643,-1.0217,0.065988,0.035435,-0.99441,-0.000106
-0.0060901,0.30906,-0.005919,-0.008345,0.14184,0.077695,-0.16408,0.052303,0.004938,0.1653,0.081762,0.04958,-0.23571,-0.17796,-0.060595,0.23824,-0.14167,-0.042273,-0.36111,-0.30803,-0.19454,0.36651,-0.2698,-0.17528,-0.0064064,-0.17238,0.053999,0,-0.22133,0,-0.078497,-0.30308,-0.028412,0.082055,-0.28537,-0.007697,-0.033815,-0.67611,-0.07235,0.018902,-0.67428,-0.10886,-0.033584,-1.0236,0.075109,0.033212,-0.99317,-0.003232
-0.0053804,0.30588,-0.014547,-0.0076986,0.13915,0.074999,-0.16267,0.048414,0.001604,0.1652,0.073749,0.04702,-0.23629,-0.17793,-0.060481,0.23837,-0.14249,-0.050508,-0.35805,-0.31947,-0.18484,0.37054,-0.27368,-0.17565,-0.0067598,-0.17217,0.053807,0,-0.22124,0,-0.076808,-0.29606,-0.030777,0.082717,-0.29362,-0.000788,-0.022408,-0.66882,-0.053852,0.0072737,-0.68417,-0.091828,-0.024633,-1.0328,0.078916,0.025437,-1.0068,0.013026
-0.0028506,0.31131,-0.02561,-0.01658,0.14393,0.038678,-0.16437,0.052198,-0.010979,0.16647,0.073216,0.042514,-0.23956,-0.17695,-0.062275,0.26597,-0.14006,-0.043076,-0.36707,-0.32595,-0.1691,0.3903,-0.28203,-0.16391,-0.0084487,-0.16662,0.051902,0,-0.21906,0,-0.076799,-0.29323,-0.026769,0.083185,-0.29273,0.003964,-0.030666,-0.66712,-0.046072,0.0056484,-0.72757,-0.060221,-0.026238,-1.0282,0.076193,0.047106,-1.0308,-0.001015
0.0051853,0.36309,-0.042875,-0.0017073,0.19821,0.041502,-0.1613,0.098375,-0.034059,0.16871,0.12471,0.023052,-0.24284,-0.12316,-0.049657,0.24833,-0.10024,-0.046192,-0.36443,-0.29935,-0.10128,0.39821,-0.25006,-0.10807,-0.0076168,-0.12688,0.049324,0,-0.18587,0,-0.076211,-0.26347,-0.023372,0.077708,-0.25737,0.001876,-0.040443,-0.6574,-0.023148,0.0059518,-0.707,-0.069331,-0.026991,-1.0288,0.077246,0.039368,-0.99148,0.042549
0.0062461,0.43896,-0.015289,-0.0032073,0.25371,0.04371,-0.16371,0.15673,-0.011727,0.17403,0.1819,0.043024,-0.24529,-0.071929,-0.021081,0.28908,-0.057681,0.032565,-0.37323,-0.24704,-0.051826,0.41511,-0.2249,-0.039051,-0.0072229,-0.06617,0.049111,0,-0.12216,0,-0.075028,-0.19804,-0.023292,0.07633,-0.19894,0.000574,-0.060348,-0.6611,0.045091,0.024638,-0.65223,0.005575,-0.027448,-1.0293,0.083062,0.042089,-0.96151,0.048417
0.0092008,0.44982,-0.036667,-0.0038291,0.28442,0.043805,-0.1614,0.21145,-0.011218,0.17424,0.22496,0.04906,-0.2423,-0.013167,0.00284,0.28073,-0.012486,0.033355,-0.37024,-0.19665,-0.018989,0.41081,-0.18687,0.015357,-0.008299,-0.037537,0.048971,0,-0.093979,0,-0.075716,-0.17312,-0.025381,0.077389,-0.16698,0.003039,-0.058855,-0.64067,0.039822,0.023826,-0.64708,0.004185,-0.037262,-1.0042,0.090325,0.050185,-0.95087,0.065859
0.011783,0.53614,-0.035983,0.0058588,0.33547,0.034764,-0.15701,0.25199,-0.005458,0.17201,0.26696,0.033835,-0.25147,0.011634,0.032173,0.27053,0.025056,0.063548,-0.37517,-0.16716,0.030792,0.40312,-0.16014,0.03323,-0.0042518,0.0059139,0.048119,0,-0.0538,0,-0.074826,-0.13635,-0.018864,0.072406,-0.11579,-0.000367,-0.048521,-0.58099,-0.015168,-0.018028,-0.61817,-0.003818,-0.034648,-0.98956,0.089753,0.03256,-0.93602,0.089085
0.008792,0.53437,-0.045074,0.0061869,0.34192,0.033697,-0.15487,0.27343,-0.0132,0.16952,0.28514,0.026078,-0.2473,0.03659,0.035629,0.26945,0.030739,0.069981,-0.38703,-0.14843,0.058051,0.40668,-0.13822,0.063607,-0.0040426,0.031725,0.047787,0,-0.021907,0,-0.07574,-0.083629,-0.019252,0.072036,-0.1017,-0.000108,-0.044939,-0.51456,-0.034705,-0.025219,-0.59305,-0.01657,-0.039139,-0.86096,0.15424,-0.0068702,-0.8584,0.1315
0.0086678,0.53778,-0.043605,0.0044528,0.35392,0.033947,-0.15105,0.2826,-0.008415,0.16981,0.29927,0.031555,-0.248,0.041664,0.042482,0.2597,0.045396,0.080926,-0.38715,-0.12283,0.062256,0.39645,-0.12413,0.067043,-0.0044809,0.046357,0.047597,0,-0.0084448,0,-0.074467,-0.075018,-0.019548,0.071846,-0.084337,0.001396,-0.04513,-0.49865,-0.03209,-0.016226,-0.49494,-0.034882,-0.041083,-0.85309,0.16187,0.0045086,-0.85021,0.13356
0.011029,0.54773,-0.048119,0.011037,0.36528,0.039575,-0.14399,0.31437,-0.005104,0.17474,0.31814,0.041344,-0.24765,0.051641,0.0455,0.25378,0.062189,0.091897,-0.39781,-0.10595,0.038005,0.39315,-0.10367,0.05807,-0.0044766,0.060024,0.048538,0,0.0069819,0,-0.075518,-0.059237,-0.019521,0.070441,-0.068862,-0.001348,-0.062449,-0.43631,-0.037538,-0.013945,-0.49807,-0.031594,-0.036269,-0.81581,0.13591,0.004564,-0.85142,0.13591
0.010363,0.54812,-0.04982,0.010419,0.36527,0.042366,-0.14746,0.32327,0.003481,0.17363,0.31966,0.042803,-0.2471,0.0607,0.047513,0.25088,0.06367,0.091962,-0.39443,-0.097725,0.011607,0.39109,-0.10092,0.054894,-0.0038114,0.063145,0.049181,0,0.011649,0,-0.074919,-0.0554,-0.019187,0.070362,-0.063872,-0.00275,-0.061535,-0.43242,-0.034805,-0.010954,-0.52655,-0.013088,-0.035642,-0.81635,0.12954,0.01897,-0.90204,0.10632
0.012602,0.54839,-0.045224,0.010151,0.36328,0.043555,-0.14761,0.3225,0.005972,0.17384,0.31674,0.042032,-0.24618,0.057849,0.045392,0.24786,0.05206,0.077213,-0.38789,-0.11876,-0.028912,0.38556,-0.11589,0.049415,-0.0034576,0.059738,0.049466,0,0.0076505,0,-0.074609,-0.05869,-0.018837,0.07025,-0.069525,-0.003694,-0.050087,-0.44987,-0.032389,-0.011187,-0.57217,0.0218,-0.044109,-0.86087,0.064107,0.0022887,-1.021,0.1057
0.013523,0.46575,-0.059553,0.00026197,0.3289,0.048632,-0.14811,0.26727,0.006498,0.17224,0.27195,0.026226,-0.23606,0.039554,0.029759,0.25003,0.035869,0.08353,-0.38585,-0.1437,-0.040487,0.37919,-0.14963,0.010086,-0.0029396,-0.00023505,0.050171,0,-0.056435,0,-0.075938,-0.13061,-0.017059,0.076601,-0.12508,-0.005639,-0.025383,-0.54361,0.037241,-0.0079211,-0.62036,0.022322,-0.040422,-0.96215,0.10499,0.0011816,-1.0174,0.10795
0.015116,0.46939,-0.05552,-0.00053974,0.31379,0.046525,-0.14857,0.26317,0.0055,0.17347,0.26553,0.027289,-0.2202,0.0041479,-0.001026,0.24184,0.0067202,0.066819,-0.36195,-0.17644,-0.10711,0.37198,-0.15559,-0.009858,-0.0032049,-0.0011342,0.05005,0,-0.056698,0,-0.076195,-0.12976,-0.017202,0.077689,-0.13008,-0.005578,-0.046403,-0.50325,0.017648,-0.01046,-0.62429,0.015978,-0.043776,-0.92208,0.084932,0.00079546,-1.0172,0.10769
0.033191,0.37769,-0.048856,1.85e-06,0.239,0.055278,-0.14744,0.19392,-0.003313,0.17305,0.18696,0.019176,-0.20784,-0.02531,-0.02724,0.26004,-0.05657,0.050544,-0.3432,-0.21808,-0.13912,0.37726,-0.21105,-0.060716,-0.0035488,-0.054058,0.050923,0,-0.097922,0,-0.078268,-0.15577,-0.020697,0.079397,-0.18107,-0.006083,-0.0528,-0.66429,0.012354,0.030768,-0.5847,-0.013968,-0.064674,-1.0196,0.06885,-0.00031686,-0.98663,0.10808
0.0217,0.37067,-0.039416,-0.0040614,0.20019,0.048841,-0.15846,0.13427,-0.003697,0.16952,0.14491,0.02406,-0.23558,-0.11615,-0.049615,0.26283,-0.10187,0.027552,-0.36034,-0.26879,-0.1568,0.38974,-0.24225,-0.092436,-0.0044944,-0.088609,0.050324,0,-0.13993,0,-0.075875,-0.21759,-0.021494,0.077518,-0.20538,-0.004416,-0.045092,-0.79085,0.016514,0.030533,-0.64109,0.000528,-0.059357,-1.0985,0.068769,-0.0058187,-1.0285,0.14166
0.0042063,0.33848,-0.039061,0.0066459,0.15361,0.034318,-0.15708,0.080532,-0.025185,0.1686,0.092337,0.022716,-0.24404,-0.17565,-0.064492,0.25266,-0.12906,-0.02656,-0.38885,-0.30487,-0.17548,0.40613,-0.26759,-0.10722,-0.0052138,-0.14204,0.04765,0,-0.19419,0,-0.079549,-0.26471,-0.022468,0.076615,-0.26959,0.002768,-0.041866,-0.64805,-0.068413,0.029052,-0.65139,-0.006022,-0.066603,-1.0083,0.026654,-0.01551,-1.0273,0.13965
0.0017716,0.33872,-0.043979,0.0011396,0.15967,0.022965,-0.15907,0.078492,-0.030762,0.16659,0.089285,0.018594,-0.24889,-0.1652,-0.066312,0.27748,-0.1351,-0.052976,-0.38327,-0.30359,-0.1796,0.42854,-0.27696,-0.1441,-0.006874,-0.14292,0.04426,0,-0.19977,0,-0.076344,-0.27191,-0.017544,0.077819,-0.27782,0.006151,-0.04472,-0.64639,-0.0732,0.032601,-0.65456,-0.012979,-0.068321,-1.0206,0.041128,-0.016817,-1.0298,0.14659
0.010458,0.377,-0.041643,-0.0012738,0.19928,-0.010883,-0.16092,0.084406,-0.037273,0.16846,0.093875,0.013106,-0.26367,-0.14906,-0.075512,0.26454,-0.11104,-0.047636,-0.39015,-0.30103,-0.17888,0.42365,-0.24566,-0.12283,-0.0061487,-0.1337,0.038311,0,-0.19692,0,-0.076551,-0.27024,-0.016335,0.077927,-0.27459,0.007364,-0.053022,-0.65396,-0.011084,0.034331,-0.67151,0.014901,-0.072827,-1.0418,0.10636,-0.022519,-1.0324,0.16129
0.0050115,0.42695,-0.034645,-0.0017207,0.24338,-0.001785,-0.16376,0.14295,-0.033202,0.16616,0.15834,0.01121,-0.26491,-0.079123,-0.054269,0.29167,-0.064892,0.012951,-0.38829,-0.24563,-0.13317,0.42103,-0.21717,-0.085698,-0.0051253,-0.07724,0.033791,0,-0.1406,0,-0.072552,-0.21921,-0.012705,0.073112,-0.21221,0.008826,-0.057459,-0.65247,0.007546,0.014426,-0.6521,0.061869,-0.077095,-1.0416,0.13649,-0.020132,-1.0306,0.17685
0.001675,0.47022,-0.036959,0.003612,0.30476,0.005685,-0.15891,0.20229,-0.024752,0.17319,0.21449,0.01185,-0.24966,-0.017549,-0.034193,0.28964,-0.027432,0.036746,-0.37327,-0.19711,-0.10375,0.41125,-0.1899,-0.058159,-0.0031956,-0.02733,0.033215,0,-0.092508,0,-0.07668,-0.16826,-0.013677,0.075221,-0.16903,0.00725,-0.035598,-0.60228,0.027999,0.005964,-0.64784,0.0737,-0.068592,-1.0089,0.1388,-0.0090551,-1.0208,0.15478
0.0022666,0.51748,-0.051023,0.0052066,0.33606,0.005994,-0.15676,0.24324,-0.024981,0.16505,0.2621,0.005028,-0.25295,-0.01197,-0.020186,0.27488,-0.00067917,0.056857,-0.37846,-0.18667,-0.066712,0.4001,-0.17368,0.001779,-0.0021732,0.0097201,0.031867,0,-0.053198,0,-0.073006,-0.125,-0.014688,0.071304,-0.12281,0.006673,-0.059231,-0.53573,0.026691,-0.0044827,-0.61651,0.04258,-0.067559,-0.94365,0.13709,-0.0072223,-1.0172,0.17334
0.0053733,0.52306,-0.055876,0.011603,0.35435,0.007003,-0.15354,0.26921,-0.031025,0.16884,0.28129,0.00727,-0.23483,0.031295,-0.006408,0.25772,0.034277,0.070474,-0.36868,-0.16679,-0.029259,0.37988,-0.14504,0.038631,-0.0015308,0.039985,0.030367,0,-0.020822,0,-0.075682,-0.092403,-0.013137,0.070577,-0.098488,0.007209,-0.039046,-0.51045,-0.010471,0.0082726,-0.56955,0.037802,-0.040673,-0.91649,0.10549,-0.013966,-0.93058,0.16596
0.011045,0.53291,-0.061209,0.0092222,0.36225,0.011864,-0.15255,0.28973,-0.031247,0.17313,0.30326,0.00614,-0.23244,0.043572,0.005222,0.25024,0.044961,0.079653,-0.37139,-0.1572,-0.001601,0.37192,-0.13562,0.058403,-0.0019334,0.055406,0.030455,0,-0.0032726,0,-0.075589,-0.072928,-0.0163,0.0719,-0.080988,0.007254,-0.044082,-0.50552,-0.002066,0.0086217,-0.56817,0.035889,-0.04571,-0.91184,0.114,0.023904,-0.86898,0.1687
0.0097794,0.55467,-0.079273,0.007679,0.37775,0.003923,-0.15076,0.31382,-0.024199,0.17368,0.31817,-0.000495,-0.22931,0.051599,0.019069,0.24712,0.056885,0.091249,-0.37649,-0.15099,0.016072,0.37861,-0.11676,0.068586,-0.0008327,0.069486,0.027793,0,0.0093826,0,-0.075633,-0.061307,-0.010798,0.072531,-0.066482,0.00222,-0.048354,-0.5023,-0.000412,0.032607,-0.5062,-0.020371,-0.049982,-0.90851,0.11562,0.022247,-0.86627,0.12509
0.017039,0.54106,-0.10747,0.0075817,0.37905,-0.002108,-0.14796,0.3246,-0.037142,0.17797,0.32008,-0.009108,-0.22936,0.053615,0.023253,0.2443,0.060826,0.091684,-0.37542,-0.12619,0.019096,0.39196,-0.092754,0.032284,-0.0011108,0.073077,0.025075,0,0.012704,0,-0.076211,-0.05855,-0.009007,0.072788,-0.064111,0.003386,-0.052455,-0.50965,0.000457,0.029867,-0.55402,-0.017207,-0.054085,-0.91626,0.11663,0.029443,-0.91886,0.057917
0.023199,0.53282,-0.10392,0.010605,0.36312,-0.011176,-0.14513,0.31769,-0.028015,0.18176,0.3116,-0.009438,-0.23018,0.048922,0.036501,0.25446,0.061035,0.10529,-0.37347,-0.11587,0.025064,0.39616,-0.098892,0.04805,0.0003011,0.065479,0.020721,0,0.005794,0,-0.080299,-0.061405,-0.001203,0.07768,-0.074383,-0.001692,-0.054852,-0.51252,0.02224,0.026748,-0.58309,0.011684,-0.056483,-0.91941,0.13853,0.050866,-0.95603,0.016636
0.031043,0.51245,-0.10116,0.016113,0.33846,-0.009935,-0.13726,0.28473,-0.02329,0.18666,0.28396,-0.005354,-0.2307,0.019626,0.037913,0.27521,0.026208,0.084623,-0.36714,-0.148,-0.008381,0.42902,-0.12283,0.030136,0.001425,0.040554,0.01856,0,-0.018901,0,-0.084999,-0.086925,-0.003341,0.078634,-0.095693,0.002844,-0.053399,-0.51852,0.036719,0.032106,-0.60503,0.020043,-0.014083,-0.94729,0.016141,0.063595,-0.99422,0.002352
0.032295,0.47174,-0.10093,0.01594,0.30792,-0.006002,-0.13813,0.25358,-0.01727,0.19509,0.24981,0.000979,-0.21826,-0.014615,0.01558,0.27507,-0.0043118,0.08862,-0.35731,-0.18143,-0.032853,0.4342,-0.15164,-0.012898,0.0014997,0.015001,0.017587,0,-0.043358,0,-0.088811,-0.10837,-0.000406,0.083451,-0.13371,-0.006404,-0.038283,-0.61691,0.014624,0.053562,-0.63478,-0.010289,-0.0058489,-0.99978,0.025336,0.06876,-0.99391,0.009878
0.0161,0.41784,-0.10051,0.0076509,0.23506,-0.012608,-0.14723,0.19054,-0.014165,0.18657,0.20288,0.009518,-0.23169,-0.068616,-0.010376,0.28565,-0.066274,0.05751,-0.36206,-0.2427,-0.043913,0.42359,-0.21244,-0.040473,-7.07e-05,-0.049056,0.014363,0,-0.10595,0,-0.081624,-0.17811,-0.002589,0.078249,-0.1842,0.002789,-0.047932,-0.61615,-0.000922,0.053319,-0.64132,-0.025849,-0.031687,-0.98755,0.024284,0.081964,-1.0106,0.038274
0.010327,0.36045,-0.086935,0.0034207,0.18171,-0.005404,-0.15386,0.11466,-0.00511,0.1786,0.13832,0.012532,-0.23559,-0.1401,-0.009455,0.28578,-0.12567,0.054475,-0.37499,-0.30292,-0.064701,0.41887,-0.26085,-0.070828,-0.00034727,-0.10836,0.014361,0,-0.16598,0,-0.076522,-0.24187,-0.005406,0.075045,-0.24026,0.002492,-0.019011,-0.68236,-0.02404,0.037058,-0.64516,-0.029233,-0.032027,-1.0011,0.004623,0.063521,-1.0145,0.050199
-0.0012825,0.31103,-0.085572,-0.00069959,0.14705,0.003483,-0.16876,0.044301,-0.016227,0.16623,0.07165,0.019861,-0.25619,-0.19822,-0.012985,0.24589,-0.17053,0.015825,-0.3948,-0.36156,-0.068798,0.4226,-0.30352,-0.086858,-0.0016568,-0.16041,0.015502,0,-0.21976,0,-0.080378,-0.29836,-0.013148,0.07997,-0.29345,0.006658,-0.0090483,-0.71405,-0.045535,0.017761,-0.66537,-0.044423,-0.022076,-1.0129,0.038847,0.035979,-1.0142,0.050012
-0.0021159,0.31017,-0.083357,0.0004978,0.14294,0.000528,-0.16618,0.040047,-0.019486,0.16688,0.06797,0.018942,-0.25825,-0.20046,-0.014948,0.23486,-0.16638,0.000902,-0.39583,-0.36551,-0.067317,0.4226,-0.30382,-0.08671,-0.0016745,-0.16522,0.014612,0,-0.22594,0,-0.080333,-0.30498,-0.012381,0.079663,-0.29781,0.007236,-0.023524,-0.6787,-0.04987,0.017571,-0.66922,-0.046637,-0.012641,-1.0094,0.042071,0.036268,-1.0152,0.051021
-0.011181,0.3386,-0.079052,0.00038973,0.14977,-0.004913,-0.16693,0.04394,-0.024337,0.16536,0.069014,0.016155,-0.26108,-0.19598,-0.014389,0.29034,-0.14593,0.03474,-0.39686,-0.36428,-0.058544,0.42883,-0.29684,-0.082839,-0.0019646,-0.16465,0.013186,0,-0.22602,0,-0.078867,-0.30599,-0.010719,0.079709,-0.29708,0.007702,-0.025904,-0.67996,-0.049994,0.03157,-0.67002,-0.049123,-0.011225,-1.0145,0.04875,0.034046,-1.0162,0.050897
-0.019295,0.39088,-0.065355,-0.0099327,0.19985,-0.001431,-0.17793,0.10693,-0.026423,0.15903,0.12977,0.013789,-0.27109,-0.13532,0.003119,0.27763,-0.10904,0.039379,-0.39868,-0.31241,-0.021658,0.42773,-0.24608,-0.053351,-0.0034637,-0.11416,0.012718,0,-0.17637,0,-0.077165,-0.26991,-0.010766,0.079905,-0.24067,0.00791,-0.042509,-0.65382,-0.024767,0.05564,-0.64958,-0.018954,-0.019282,-1.0198,0.075006,0.028327,-1.015,0.066733
-0.027872,0.44286,-0.052895,-0.0092021,0.26879,0.008064,-0.18034,0.16949,-0.018786,0.15557,0.1967,0.023754,-0.27386,-0.057633,0.007295,0.28088,-0.021077,0.064365,-0.39091,-0.24213,0.003075,0.4183,-0.18372,0.002571,-0.0034704,-0.047085,0.014737,0,-0.10918,0,-0.074778,-0.18904,-0.016182,0.078509,-0.18257,0.007991,-0.053634,-0.63995,0.025906,0.062005,-0.63589,0.005766,-0.023835,-1.021,0.082684,0.045307,-0.9996,0.066494
-0.014248,0.5008,-0.046597,-0.0080731,0.32638,0.020481,-0.17832,0.22678,-0.000284,0.16439,0.25692,0.034104,-0.2557,0.0014298,0.020998,0.28769,0.027079,0.092885,-0.37973,-0.18396,0.007209,0.4248,-0.13928,0.044309,-0.0029687,0.0084033,0.018467,0,-0.053343,0,-0.07436,-0.13171,-0.018593,0.077677,-0.13099,0.005189,-0.034162,-0.63544,0.037057,0.063055,-0.61113,0.026014,-0.013314,-1.0162,0.087989,0.04812,-1.0046,0.070917
-0.018207,0.53881,-0.046339,-0.0051974,0.36583,0.020204,-0.17808,0.28134,0.013538,0.15641,0.30656,0.03436,-0.25449,0.02169,0.03138,0.27138,0.063674,0.10278,-0.39106,-0.16514,0.025993,0.41828,-0.097683,0.075736,-0.0019309,0.047792,0.019934,0,-0.013836,0,-0.073833,-0.089228,-0.016389,0.07615,-0.086543,0.002621,-0.047949,-0.50826,0.003164,0.059728,-0.49483,0.005586,-0.0012659,-0.92044,0.094384,0.041726,-0.915,0.073599
-0.015261,0.55552,-0.054873,-0.0043001,0.3778,0.024906,-0.17011,0.30659,0.010236,0.16136,0.33019,0.026946,-0.24896,0.06712,0.040602,0.2732,0.090298,0.10543,-0.38242,-0.10542,0.011724,0.41498,-0.07614,0.085848,-0.0016479,0.073984,0.022795,0,0.016679,0,-0.072955,-0.058442,-0.019173,0.075863,-0.058833,0.003128,-0.0091982,-0.52001,-0.025667,0.054414,-0.44067,-0.013361,0.01373,-0.90068,0.11066,0.042813,-0.84913,0.099134
-0.021334,0.59076,-0.049496,-0.0080086,0.40461,0.024616,-0.16952,0.32558,0.011052,0.15912,0.35522,0.022799,-0.24978,0.071321,0.047569,0.26877,0.11286,0.11345,-0.38444,-0.10072,0.02246,0.41784,-0.047314,0.09704,-0.0018802,0.094913,0.023915,0,0.035534,0,-0.072573,-0.040781,-0.018622,0.076008,-0.036405,0.002424,-0.0096466,-0.50837,-0.022064,0.052987,-0.43466,-0.004811,0.0096097,-0.88987,0.11455,0.039551,-0.84561,0.10081
-0.021216,0.56602,-0.074358,-0.011663,0.40787,0.032595,-0.1653,0.3406,0.009756,0.15733,0.35811,0.02421,-0.25344,0.081239,0.052632,0.26582,0.11899,0.12229,-0.3896,-0.089666,0.026724,0.41395,-0.042166,0.10519,-0.0031588,0.10024,0.028125,0,0.042699,0,-0.072362,-0.031668,-0.017466,0.078591,-0.025717,-0.004357,-0.016363,-0.50919,-0.005564,0.055424,-0.43093,0.004276,-0.0011958,-0.8566,0.090004,0.041406,-0.85355,0.064957
-0.019215,0.56566,-0.071402,-0.012334,0.40955,0.033757,-0.15911,0.34619,0.00537,0.15662,0.35714,0.021903,-0.25249,0.082184,0.056457,0.26722,0.11973,0.12897,-0.39609,-0.075023,-0.007139,0.41695,-0.039904,0.10771,-0.0034943,0.097827,0.03013,0,0.039595,0,-0.069074,-0.032524,-0.014981,0.073296,-0.029635,-0.004837,-0.010267,-0.54005,0.013904,0.059055,-0.43164,0.009758,0.0046421,-0.89315,0.04757,0.048247,-0.86035,0.032561
-0.01988,0.55366,-0.067257,-0.012383,0.34623,0.008577,-0.16147,0.34325,0.001251,0.1572,0.35524,0.017875,-0.25452,0.077402,0.045288,0.26648,0.1116,0.12299,-0.39156,-0.083998,-0.023463,0.41811,-0.044614,0.085537,-0.0029357,0.089669,0.027202,0,0.035972,0,-0.065886,-0.038216,-0.013335,0.072031,-0.034548,-0.003575,-0.0046621,-0.54569,0.010712,0.082783,-0.41313,-0.020057,-0.0010275,-0.94871,0.018253,0.046634,-0.84137,-0.00426
-0.016115,0.54018,-0.081281,-0.012373,0.34232,0.010206,-0.16264,0.3173,-0.000482,0.1649,0.34192,0.023212,-0.24935,0.061216,0.029505,0.27023,0.086515,0.10746,-0.39607,-0.14366,-0.066988,0.41318,-0.071112,0.042454,-0.0041588,0.067117,0.024445,0,0.014368,0,-0.064775,-0.062852,-0.009903,0.071316,-0.058536,-0.00095,-0.0022254,-0.57005,0.013413,0.089856,-0.4367,-0.016702,-0.0079583,-0.96412,0.023811,0.054063,-0.86541,-0.002031
-0.01822,0.53277,-0.068622,-0.021563,0.34813,0.014021,-0.16639,0.30093,-0.00059,0.16126,0.30241,0.017368,-0.23422,0.039858,0.002792,0.27213,0.05178,0.094803,-0.3661,-0.15312,-0.071186,0.40166,-0.11297,0.017944,-0.0053597,0.05203,0.026572,0,-0.01011,0,-0.06567,-0.087009,-0.008765,0.076298,-0.08059,-0.001104,-0.011572,-0.59625,-0.00455,0.091297,-0.46259,-0.026335,-0.020748,-1.0171,0.035046,0.054231,-0.89098,-0.005506
-0.044718,0.4478,-0.054805,-0.04375,0.29395,0.018644,-0.19778,0.21945,0.009562,0.14638,0.25007,0.037605,-0.26484,-0.050651,-0.008107,0.25499,0.0021903,0.083303,-0.3817,-0.22455,-0.085355,0.4133,-0.1614,-0.01059,-0.0091981,-0.0055349,0.026751,0,-0.062445,0,-0.0698,-0.1469,-0.010312,0.088697,-0.13193,-0.002979,-0.024732,-0.63104,-0.007776,0.10075,-0.51046,-0.016802,-0.035081,-1.0228,0.062765,0.036775,-0.93573,0.006853
-0.018141,0.4186,-0.045318,-0.034522,0.24226,0.016445,-0.17383,0.16897,0.003117,0.16536,0.20475,0.021423,-0.23829,-0.084872,-0.016508,0.28188,-0.059551,0.066519,-0.3573,-0.27391,-0.095705,0.42047,-0.20864,-0.043131,-0.0069439,-0.057494,0.026679,0,-0.11477,0,-0.07085,-0.19523,-0.013204,0.085639,-0.18725,0.000966,-0.0052569,-0.63203,-0.023179,0.06584,-0.65756,-0.038924,-0.015235,-1.0228,0.065134,0.051739,-1.0183,0.068171
-0.031297,0.35459,-0.01865,-0.028566,0.18302,0.022787,-0.17981,0.099675,0.002606,0.15485,0.13205,0.02432,-0.25528,-0.14668,-0.01396,0.28249,-0.11987,0.064108,-0.3829,-0.32531,-0.091441,0.42191,-0.25101,-0.055554,-0.0062533,-0.11438,0.02851,0,-0.17049,0,-0.071393,-0.2528,-0.015479,0.083592,-0.23916,0.000572,-0.017586,-0.63626,-0.012819,0.054482,-0.65762,-0.023495,-0.02965,-1.0254,0.083794,0.039477,-1.0198,0.08428
-0.027958,0.34367,-0.012377,-0.020131,0.1692,0.030846,-0.17179,0.059565,-0.002536,0.1591,0.081275,0.04087,-0.26121,-0.17968,-0.007437,0.29554,-0.13014,0.053528,-0.38939,-0.34691,-0.081198,0.43652,-0.26332,-0.061453,-0.0062519,-0.14759,0.031735,0,-0.20834,0,-0.072964,-0.29163,-0.016095,0.08018,-0.27341,-0.001682,-0.003902,-0.66359,-0.013413,0.061345,-0.66533,-0.021464,-0.026931,-1.027,0.095315,0.04097,-1.0172,0.088754
-0.027319,0.34893,-0.00891,-0.016667,0.17055,0.030601,-0.17024,0.060505,-0.000996,0.16152,0.082497,0.042154,-0.26103,-0.18119,-0.007729,0.299,-0.12796,0.051488,-0.3928,-0.34807,-0.07443,0.43945,-0.26287,-0.061942,-0.0057524,-0.14661,0.033123,0,-0.20672,0,-0.075881,-0.28404,-0.016879,0.079596,-0.27495,-0.001588,-0.0050389,-0.65542,-0.012526,0.060229,-0.67106,-0.018924,-0.024767,-1.0274,0.0982,0.037162,-1.0302,0.10469
-0.019656,0.40242,0.001721,-0.0045653,0.22075,0.018849,-0.167,0.094516,-0.009342,0.16905,0.13195,0.029778,-0.25933,-0.13042,-0.00966,0.29078,-0.093772,0.050403,-0.38637,-0.30892,-0.035115,0.43557,-0.23045,-0.054093,-0.0042228,-0.11549,0.031341,0,-0.17875,0,-0.075593,-0.25293,-0.017602,0.078738,-0.25857,0.002789,-0.042318,-0.66408,0.011938,0.062365,-0.66262,-0.004214,-0.031546,-1.0278,0.14061,0.043149,-1.0306,0.10483
-0.018364,0.45805,0.025496,-0.011718,0.28345,0.027806,-0.17266,0.15998,-0.00187,0.17218,0.19355,0.035238,-0.25923,-0.070301,-0.000349,0.28885,-0.020307,0.06897,-0.38555,-0.2497,-0.007509,0.42849,-0.19844,-0.023678,-0.0049727,-0.045309,0.033176,0,-0.10715,0,-0.074945,-0.18625,-0.021351,0.079664,-0.18535,0.00527,-0.046993,-0.65799,0.026961,0.055626,-0.64958,0.037582,-0.032359,-1.0497,0.18762,0.040901,-1.0306,0.10604
-0.015608,0.50445,0.026827,-0.0035989,0.32825,0.038411,-0.16915,0.21348,0.010862,0.17622,0.2345,0.046541,-0.2538,-0.018028,0.014853,0.29618,0.0080194,0.080813,-0.38525,-0.19372,0.006717,0.43126,-0.16126,0.033201,-0.0036922,-0.0046808,0.036206,0,-0.065911,0,-0.075884,-0.14229,-0.021197,0.076998,-0.14328,0.000523,-0.04133,-0.63968,0.064083,0.056368,-0.64041,0.054052,-0.02798,-1.0431,0.19809,0.043104,-1.0201,0.10967
-0.014421,0.54823,0.02022,-0.0041244,0.37062,0.040525,-0.16856,0.26111,0.0119,0.16849,0.28027,0.029006,-0.24983,0.023061,0.025764,0.2903,0.045865,0.088584,-0.38299,-0.1697,0.019898,0.42825,-0.12325,0.05313,-0.0021652,0.030274,0.037837,0,-0.032649,0,-0.074055,-0.1061,-0.020243,0.075327,-0.10983,1e-06,-0.033564,-0.60768,0.065993,0.0174,-0.61682,0.037905,-0.019753,-1.0022,0.198,0.042228,-1.0179,0.10734
-0.014243,0.56837,0.00594,-0.0035546,0.38968,0.039779,-0.16678,0.29502,0.014005,0.16881,0.30849,0.03353,-0.25037,0.033126,0.028306,0.27446,0.080061,0.096964,-0.39324,-0.14976,0.030685,0.41562,-0.10553,0.064163,-0.0023925,0.068298,0.038662,0,0.010731,0,-0.074127,-0.068767,-0.018444,0.075529,-0.060667,-0.000871,-0.019208,-0.55892,0.053735,0.0075258,-0.55198,0.000344,-0.0033962,-0.95221,0.20258,0.025666,-0.90557,0.12377
-0.012193,0.57983,0.004431,-0.0062824,0.4145,0.036903,-0.16222,0.31223,0.007354,0.16676,0.33596,0.025114,-0.2482,0.050851,0.029995,0.26739,0.092169,0.10132,-0.40061,-0.10625,0.035608,0.41462,-0.070701,0.084447,-0.0025919,0.083325,0.039312,0,0.022819,0,-0.072924,-0.050481,-0.017975,0.074958,-0.049928,-0.00113,-0.022393,-0.53815,0.052217,0.0042731,-0.50537,-0.030624,0.0025572,-0.8994,0.17634,0.021101,-0.87563,0.12321
-0.015043,0.58506,-0.004357,-0.0089401,0.4174,0.033503,-0.1629,0.32054,-0.004896,0.16137,0.34755,0.016559,-0.25161,0.057346,0.030414,0.26249,0.10146,0.10022,-0.4012,-0.10284,0.033417,0.40641,-0.064498,0.084564,-0.0036288,0.087517,0.039614,0,0.027248,0,-0.071241,-0.046225,-0.016857,0.075056,-0.043611,-0.000257,-0.024786,-0.53552,0.050889,0.0021761,-0.50336,-0.032316,-0.011059,-0.84558,0.1154,0.032188,-0.85003,0.092589
-0.01652,0.59003,-0.006798,-0.012108,0.42036,0.031078,-0.16048,0.32725,-0.008958,0.16051,0.34787,0.007582,-0.25052,0.06171,0.032381,0.26118,0.10641,0.099115,-0.40334,-0.096241,0.022186,0.40404,-0.060617,0.086147,-0.0036342,0.091109,0.039976,0,0.030606,0,-0.071348,-0.042438,-0.015868,0.075927,-0.040079,-0.000795,-0.024295,-0.53495,0.05351,-0.025491,-0.48137,-0.017254,-0.010426,-0.84627,0.11853,0.01427,-0.8756,0.039198
-0.016722,0.5907,-0.011952,-0.013138,0.41685,0.026604,-0.15975,0.3274,-0.014411,0.1519,0.32955,-0.015878,-0.24886,0.064138,0.027134,0.26216,0.10013,0.095893,-0.39672,-0.099264,-0.030477,0.40601,-0.065611,0.070173,-0.0018788,0.08624,0.039642,0,0.024502,0,-0.069449,-0.047193,-0.013638,0.07419,-0.044918,-0.000981,-0.020856,-0.55837,-0.000424,-0.0030503,-0.55318,-0.010633,-0.014294,-0.94046,0.017996,0.024162,-0.9355,-0.004641
-0.011026,0.57326,-0.015027,-0.020225,0.38745,0.013073,-0.15733,0.31189,-0.020315,0.15492,0.31724,-0.014562,-0.2384,0.047972,0.018045,0.26131,0.063988,0.070952,-0.39212,-0.11993,-0.055787,0.41177,-0.084478,-0.002082,-0.0038803,0.054971,0.036218,0,-0.0091398,0,-0.063756,-0.083127,-0.01072,0.071136,-0.075282,0.00151,-0.017659,-0.59502,0.00234,0.002844,-0.58529,-0.007108,-0.039622,-1.0341,-0.004523,0.013767,-1.0094,-0.032227
-0.010736,0.46971,-0.017763,-0.013402,0.24066,-0.000431,-0.15778,0.27699,-0.025026,0.16614,0.29278,-0.012876,-0.225,0.015716,0.000579,0.26614,0.032263,0.052985,-0.36907,-0.16696,-0.088969,0.4333,-0.12472,-0.044015,-0.0053355,0.0015868,0.031013,0,-0.034751,0,-0.061677,-0.11022,-0.009115,0.065969,-0.11118,0.001966,-0.0126,-0.62235,-0.016923,0.00090048,-0.62139,-0.022459,-0.031601,-1.0254,-0.003779,0.019042,-1.0114,-0.031208
-0.012485,0.47025,-0.026726,-0.017741,0.24273,-0.00262,-0.16767,0.22521,-0.036111,0.16415,0.24678,-0.010152,-0.23115,-0.044715,-0.025074,0.26533,-0.024619,0.026552,-0.36825,-0.22576,-0.11267,0.43012,-0.16968,-0.092291,-0.0070849,-0.012772,0.027964,0,-0.072991,0,-0.061261,-0.14964,-0.007711,0.071691,-0.14556,0.004865,-0.013385,-0.66083,-0.053252,0.003758,-0.63633,-0.050337,-0.030091,-1.0352,0.002362,-0.0055856,-1.0456,0.003687
-0.0087421,0.40344,-0.033365,-0.0093206,0.18321,-0.005821,-0.15661,0.17117,-0.032974,0.17674,0.18991,-0.004102,-0.22034,-0.10483,-0.046938,0.27864,-0.071004,0.017608,-0.34186,-0.27546,-0.12701,0.43406,-0.2249,-0.11922,-0.0040167,-0.080083,0.025421,0,-0.13196,0,-0.065333,-0.20983,-0.010586,0.06981,-0.20546,0.007554,0.036137,-0.71116,-0.07757,0.010007,-0.63595,-0.064449,-0.023188,-1.0439,0.018625,0.0071598,-1.0444,0.007762
-0.026664,0.35348,-0.002432,-0.024994,0.18165,0.016159,-0.17478,0.099423,-0.015039,0.15419,0.12408,0.010168,-0.24597,-0.17938,-0.03944,0.26716,-0.12246,0.015416,-0.38079,-0.33844,-0.12262,0.42395,-0.27097,-0.12956,-0.0062753,-0.12628,0.029488,0,-0.18393,0,-0.068195,-0.2632,-0.017514,0.07862,-0.25387,0.004671,0.022026,-0.72207,-0.070435,0.0003327,-0.64143,-0.060086,-0.037735,-1.042,0.041314,-0.0055234,-1.0409,0.03041
-0.017546,0.34741,0.013979,0.00024361,0.14885,0.028478,-0.15963,0.037599,-0.012705,0.16138,0.07591,0.019179,-0.24106,-0.19088,-0.019871,0.28397,-0.15615,0.029065,-0.37662,-0.35124,-0.098556,0.42718,-0.27958,-0.1134,-0.0021019,-0.17512,0.031949,0,-0.23503,0,-0.074441,-0.30806,-0.019839,0.073322,-0.30854,0.0044,-0.007411,-0.68113,-0.057933,0.0017141,-0.67862,-0.055336,-0.026811,-1.0442,0.058329,0.0095406,-1.0435,0.046393
-0.019831,0.34541,0.016422,0.0018429,0.15128,0.026924,-0.15866,0.037747,-0.013053,0.16371,0.068875,0.026709,-0.25253,-0.19983,-0.018636,0.28551,-0.15673,0.027994,-0.38642,-0.36426,-0.090369,0.4292,-0.28091,-0.11092,-0.0028653,-0.17364,0.032588,0,-0.23397,0,-0.077172,-0.30658,-0.017539,0.074113,-0.3076,0.003845,-0.013241,-0.68038,-0.050442,0.00062257,-0.67753,-0.052993,-0.025875,-1.0442,0.058127,0.013462,-1.0411,0.046512
-0.016786,0.37394,0.023082,0.0007301,0.19217,0.018089,-0.16421,0.065471,-0.015093,0.16691,0.081028,0.025541,-0.2473,-0.17508,-0.020453,0.28979,-0.14042,0.026184,-0.39231,-0.3403,-0.045872,0.43003,-0.27085,-0.094693,-0.0034561,-0.1413,0.031429,0,-0.20533,0,-0.07909,-0.27922,-0.015969,0.077876,-0.28475,0.003641,-0.011096,-0.66029,-0.034465,0.033501,-0.74762,-0.023809,-0.02324,-1.0467,0.056692,0.015253,-1.0542,0.044619
-0.015211,0.43393,0.030472,-0.00081334,0.25262,0.031102,-0.16603,0.13325,-0.007608,0.1696,0.15916,0.034146,-0.2436,-0.099554,0.009774,0.29367,-0.08654,0.036448,-0.37344,-0.27665,-0.019495,0.43097,-0.24855,-0.034114,-0.0038203,-0.086106,0.03445,0,-0.14975,0,-0.077289,-0.21897,-0.016435,0.077595,-0.23198,0.000162,-0.014477,-0.65587,-0.008958,-0.011387,-0.67328,0.004263,-0.020877,-1.0463,0.055287,0.015629,-1.0394,0.041809
-0.01051,0.4934,0.035845,0.0037989,0.31861,0.049703,-0.15964,0.1975,-7e-05,0.16991,0.21803,0.037412,-0.23585,-0.032253,0.031836,0.28218,-0.018335,0.05338,-0.3618,-0.21291,0.02238,0.41144,-0.19384,0.009679,-0.0028001,-0.029157,0.038686,0,-0.092818,0,-0.074476,-0.16875,-0.019065,0.073111,-0.16478,-0.003164,-0.019439,-0.65931,0.027406,0.037661,-0.67573,0.033421,-0.016166,-1.0435,0.051721,0.014771,-0.99415,0.039108
-0.0067168,0.52811,0.031403,0.0062674,0.36338,0.053623,-0.15501,0.2377,0.0044,0.16857,0.26314,0.027376,-0.22761,-0.0058475,0.041314,0.28282,0.023652,0.074176,-0.36417,-0.17777,0.046914,0.40871,-0.15581,0.040438,-0.00098763,0.0094546,0.040521,0,-0.054857,0,-0.074516,-0.12252,-0.015479,0.071884,-0.1286,-0.006187,0.0022127,-0.63048,0.009343,0.036391,-0.63953,0.036138,-0.017217,-1.0355,0.050199,0.015307,-0.95797,0.04208
-0.00301,0.56949,0.027706,0.0097683,0.38377,0.050794,-0.15412,0.28901,0.019405,0.16909,0.28589,0.020618,-0.22882,0.028214,0.043192,0.27169,0.057414,0.07807,-0.36678,-0.14294,0.045435,0.40114,-0.11939,0.043096,0.0015837,0.047614,0.0411,0,-0.012286,0,-0.074537,-0.079396,-0.014803,0.071234,-0.089739,-0.007996,-0.01622,-0.5581,-0.017059,-0.050166,-0.48843,-0.01662,-0.0019469,-0.94558,0.064554,0.01853,-0.90621,0.05422
0.0023909,0.58177,0.02474,0.0078058,0.40843,0.05163,-0.15175,0.30827,0.02028,0.17115,0.31882,0.017341,-0.22823,0.060052,0.042755,0.26815,0.073472,0.075831,-0.38231,-0.096768,0.045397,0.42062,-0.084643,0.046327,0.0018066,0.071504,0.042308,0,0.010843,0,-0.073833,-0.058312,-0.013131,0.070856,-0.06311,-0.009793,0.049433,-0.46107,-0.037541,-0.035325,-0.48344,-0.026344,0.0016803,-0.87612,0.056415,0.024518,-0.8915,0.066953
0.0045077,0.59103,0.01954,0.011223,0.42307,0.049759,-0.14877,0.32889,0.023559,0.17379,0.33293,0.022228,-0.22776,0.072119,0.042908,0.27228,0.078199,0.07092,-0.39512,-0.071288,0.029264,0.42809,-0.074517,0.027541,0.0021215,0.085674,0.042748,0,0.025205,0,-0.073182,-0.0437,-0.01244,0.06898,-0.048783,-0.009706,0.049802,-0.461,-0.0422,0.0032486,-0.53261,-0.02311,-0.0014119,-0.87556,0.0527,0.027169,-0.89136,0.062191
