-0.0027564,0.59271,0.035578,0.01588,0.40282,0.044319,-0.17131,0.29318,0.0018388,0.1819,0.29017,0.040578,-0.24595,0.0068754,-0.025841,0.30957,0.017288,0.035871,-0.35171,-0.19595,-0.067929,0.43492,-0.17727,-0.064005,-0.0012017,0.026265,0.037933,0,-0.042775,0,-0.080223,-0.12725,-0.017182,0.074641,-0.11723,-0.0031249,-0.037704,-0.66549,-0.0051594,0.010493,-0.65357,0.0028808,-0.02055,-1.0816,0.042865,0.025477,-1.0898,0.09636
0.0067068,0.62045,0.039307,0.017252,0.42,0.057725,-0.17562,0.32522,0.022499,0.17832,0.33705,0.059417,-0.23762,0.023577,-0.0023259,0.28819,0.047562,0.05842,-0.34397,-0.18114,-0.034997,0.41483,-0.14404,0.022391,-0.00047659,0.071749,0.042278,0,0.0098789,0,-0.082411,-0.068238,-0.023658,0.075934,-0.075798,-0.0023356,-0.028336,-0.56788,-0.015892,-0.0073106,-0.5935,-0.022218,0.0025862,-0.98443,0.13254,0.022328,-1.0005,0.12202
0.0076554,0.63184,0.046939,0.015619,0.43455,0.066423,-0.17707,0.34489,0.032251,0.17286,0.34357,0.061684,-0.23337,0.042921,0.018944,0.27548,0.063056,0.077553,-0.33555,-0.1642,3.2259e-05,0.41383,-0.12107,0.046207,-0.00037872,0.081974,0.044474,0,0.020077,0,-0.083284,-0.052382,-0.025035,0.078122,-0.058288,-0.0082606,-0.025405,-0.56062,-0.015277,0.050491,-0.50704,-0.034827,-0.018553,-0.92246,0.14695,0.014256,-0.92183,0.11889
0.01242,0.64047,0.052944,0.019249,0.44293,0.073707,-0.17433,0.358,0.037013,0.17698,0.3493,0.068108,-0.23526,0.05505,0.032233,0.27654,0.064765,0.088726,-0.34952,-0.14599,0.021184,0.41886,-0.11637,0.055338,-8.5638e-05,0.092602,0.046844,0,0.032124,0,-0.085798,-0.038359,-0.027873,0.0787,-0.051572,-0.0065422,-0.035742,-0.56085,-0.0036227,0.030333,-0.57886,-0.013172,-0.021095,-0.92394,0.15416,0.021628,-0.94922,0.12625
0.013299,0.64179,0.057247,0.020468,0.44591,0.078943,-0.17375,0.36037,0.0422,0.17666,0.35086,0.073948,-0.23862,0.06393,0.035741,0.27411,0.069566,0.10236,-0.35985,-0.13314,0.016819,0.4434,-0.088217,0.085773,-8.5445e-05,0.093949,0.048985,0,0.0339,0,-0.085764,-0.036258,-0.029615,0.078036,-0.049199,-0.0073519,-0.065834,-0.43622,-0.024632,0.032106,-0.58436,-0.0093832,-0.042606,-0.86263,0.10211,0.02569,-0.98662,0.078393
0.011107,0.63753,0.059888,0.020126,0.44,0.083108,-0.17625,0.35207,0.044562,0.17527,0.34735,0.079744,-0.24452,0.050173,0.038368,0.27157,0.06341,0.10647,-0.39161,-0.12877,0.02326,0.44653,-0.08767,0.078366,-0.00057944,0.087384,0.050404,0,0.027569,0,-0.085673,-0.046345,-0.03192,0.078247,-0.054537,-0.0068895,-0.059628,-0.44625,-0.025034,0.019641,-0.59346,0.0089423,-0.040606,-0.88102,0.076437,0.027968,-1.0894,0.05846
0.0094276,0.60874,0.075489,0.018727,0.39676,0.083919,-0.18403,0.31671,0.052992,0.1702,0.33104,0.093527,-0.24898,0.027589,0.034828,0.25916,0.049207,0.11285,-0.43799,-0.16305,0.0096746,0.42249,-0.10802,0.051411,-0.00091205,0.059293,0.050733,0,0.0027996,0,-0.087631,-0.062768,-0.032236,0.081573,-0.092199,-0.0070777,-0.073848,-0.46365,-0.027244,0.01194,-0.6299,0.013609,-0.059587,-0.89811,0.075783,0.023696,-1.0931,0.064831
0.020127,0.54619,0.060659,0.024233,0.35408,0.088744,-0.18176,0.28473,0.041982,0.17535,0.27713,0.090608,-0.24738,-0.0034993,0.017931,0.26284,0.013878,0.1059,-0.43428,-0.16739,-0.067875,0.47782,-0.13523,-0.025854,-0.0015786,0.011932,0.052098,0,-0.044443,0,-0.093099,-0.10844,-0.028378,0.083688,-0.13355,-0.011854,-0.07324,-0.50957,-0.04347,0.019597,-0.67308,-0.017575,-0.053701,-0.94674,0.048877,0.024748,-1.0887,0.065488
0.0054927,0.49099,0.043695,0.014684,0.30016,0.075846,-0.18664,0.22506,0.015314,0.16796,0.21978,0.063438,-0.2496,-0.023331,-0.0094509,0.24976,-0.024664,0.088794,-0.43373,-0.18164,-0.13503,0.4433,-0.14492,-0.065618,-0.0032326,-0.041385,0.050846,0,-0.099014,0,-0.092886,-0.17834,-0.035108,0.086392,-0.17539,-0.0013925,-0.054902,-0.57837,-0.056256,0.019224,-0.7005,-0.056408,-0.054031,-1.0147,0.043342,0.011675,-1.121,0.083237
-0.012757,0.42954,0.020975,-0.012589,0.23018,0.028413,-0.20679,0.16083,-0.028824,0.14824,0.15117,0.016794,-0.27622,-0.059129,-0.033939,0.22914,-0.074631,0.032176,-0.43131,-0.18938,-0.17987,0.3772,-0.19371,-0.1133,-0.0078198,-0.081229,0.043408,0,-0.1389,0,-0.090332,-0.21499,-0.021137,0.097083,-0.22519,0.0045722,-0.12718,-0.61189,-0.084983,0.004545,-0.69476,-0.081554,-0.1029,-1.0585,-0.034749,-0.017291,-1.1138,0.06529
0.022499,0.41523,0.038589,0.02067,0.2052,0.035814,-0.1697,0.097858,-0.025659,0.19021,0.090415,0.036022,-0.23791,-0.11298,0.015228,0.32041,-0.1211,-0.0068057,-0.3866,-0.1877,-0.17114,0.50308,-0.19724,-0.21965,-0.0039103,-0.14747,0.044395,0,-0.21061,0,-0.086983,-0.28345,-0.017021,0.078937,-0.29953,-0.00050217,-0.080263,-0.66363,-0.15858,0.039274,-0.69736,-0.061704,-0.049406,-1.0736,0.0085488,0.018904,-1.1086,0.088038
0.022994,0.41422,0.03874,0.016585,0.20104,0.032278,-0.16739,0.095769,-0.026354,0.19065,0.088921,0.031958,-0.24937,-0.12099,-0.01321,0.34295,-0.13235,-0.032545,-0.41574,-0.19935,-0.22569,0.50484,-0.19809,-0.22324,-0.0040308,-0.14969,0.044627,0,-0.21387,0,-0.085879,-0.28682,-0.016638,0.078965,-0.30147,-0.00022797,-0.1682,-0.61849,-0.23935,0.031717,-0.73519,-0.036034,-0.080766,-1.0089,-0.049134,0.021059,-1.1007,0.089937
0.021001,0.41816,0.043729,0.013704,0.21863,0.026389,-0.16639,0.10284,-0.031843,0.19215,0.10289,0.029994,-0.27456,-0.099208,-0.08767,0.34276,-0.12285,-0.032369,-0.42811,-0.20353,-0.23851,0.50327,-0.19827,-0.22138,-0.0046141,-0.14008,0.04368,0,-0.20669,0,-0.085384,-0.28229,-0.017087,0.079714,-0.2915,0.0016345,-0.12822,-0.62799,-0.22778,0.01853,-0.70856,-0.013458,-0.060265,-1.0076,-0.011534,0.011646,-1.103,0.10192
0.016261,0.48251,0.06561,-0.00091528,0.29121,0.034697,-0.17448,0.17595,-0.026446,0.18279,0.17223,0.03302,-0.27025,-0.041929,-0.047827,0.31055,-0.055072,-0.015386,-0.42198,-0.19155,-0.21371,0.49364,-0.18768,-0.17514,-0.0072512,-0.072928,0.045466,0,-0.1401,0,-0.080381,-0.22167,-0.019493,0.080723,-0.2198,0.0016205,-0.12903,-0.58728,-0.18828,0.013545,-0.70626,0.017357,-0.074796,-0.9633,0.038209,0.0049255,-1.1023,0.11607
0.002155,0.54704,0.083639,0.00079473,0.35726,0.036903,-0.18164,0.23134,-0.017459,0.17819,0.23511,0.046992,-0.27098,-0.023276,-0.042951,0.28659,-0.011923,-0.010352,-0.41609,-0.17188,-0.18148,0.4598,-0.16457,-0.11351,-0.0074834,-0.016406,0.046279,0,-0.085352,0,-0.079667,-0.16819,-0.023731,0.079371,-0.1662,0.0052357,-0.14254,-0.53467,-0.1848,0.0023102,-0.70069,0.031368,-0.090855,-0.92784,0.014548,0.010994,-1.0813,0.094019
0.0093661,0.59635,0.083518,0.0050129,0.35599,0.040422,-0.179,0.26929,-0.015396,0.17706,0.28691,0.033175,-0.26173,0.0087003,-0.035038,0.3049,0.026065,0.013717,-0.41701,-0.16411,-0.11754,0.45436,-0.14469,-0.042998,-0.003837,0.005098,0.048247,0,-0.051486,0,-0.079869,-0.12976,-0.024263,0.07506,-0.13094,0.0014549,-0.13499,-0.50286,-0.1713,0.0089947,-0.66664,0.031378,-0.084398,-0.89347,0.032457,0.010945,-1.0837,0.094551
0.017737,0.621,0.087686,0.002977,0.43173,0.049649,-0.17501,0.2959,-0.01198,0.17574,0.31049,0.032467,-0.26171,0.040688,-0.023817,0.30478,0.039955,0.023934,-0.40812,-0.14636,-0.096247,0.45368,-0.1339,-0.021363,-0.0064931,0.057934,0.048883,0,-0.01755,0,-0.078023,-0.096838,-0.023997,0.075707,-0.095978,0.0013259,-0.14377,-0.45907,-0.19373,0.0055562,-0.62761,0.0027227,-0.063218,-0.85096,-0.0012022,0.026962,-1.0654,0.088101
0.022531,0.64026,0.084913,0.011112,0.44797,0.055831,-0.17616,0.33732,-0.0023066,0.17691,0.32622,0.032053,-0.26021,0.058898,-0.0093391,0.29532,0.060715,0.05274,-0.40128,-0.11634,-0.076132,0.44208,-0.11544,0.0092574,-0.0027211,0.072047,0.05197,0,0.0069826,0,-0.079958,-0.068506,-0.023141,0.074946,-0.073431,-0.0016646,-0.13086,-0.43327,-0.19192,0.0082272,-0.56052,-0.030501,-0.05314,-0.82357,0.0043324,0.048461,-0.9193,0.030548
0.016921,0.6502,0.083013,0.011303,0.45496,0.059131,-0.17482,0.33862,0.0022969,0.17194,0.3389,0.031764,-0.25811,0.062743,-0.0034389,0.28529,0.068795,0.065475,-0.40449,-0.10901,-0.06776,0.44105,-0.097334,0.011271,-0.0020054,0.077386,0.052155,0,0.011299,0,-0.079261,-0.063388,-0.024368,0.074455,-0.067692,-0.002184,-0.12127,-0.425,-0.20228,0.0092288,-0.55823,-0.025334,-0.050026,-0.81756,-0.0080401,0.047185,-0.91902,0.028878
0.018047,0.656,0.089267,0.01346,0.45889,0.066674,-0.17165,0.34433,0.0068057,0.17137,0.34308,0.027949,-0.25212,0.070893,0.00721,0.28205,0.074693,0.073933,-0.4004,-0.098303,-0.060542,0.43848,-0.091148,0.020523,-0.00044349,0.081111,0.054106,0,0.015877,0,-0.078924,-0.057277,-0.025157,0.072992,-0.061852,-0.0053604,-0.11765,-0.42184,-0.19691,0.013541,-0.57346,-0.01503,-0.04755,-0.81469,-0.0030711,0.045295,-0.93695,0.036026
0.014693,0.6517,0.089563,0.013778,0.45857,0.067782,-0.17202,0.34501,0.0078821,0.17266,0.34368,0.028186,-0.25132,0.07066,0.0083079,0.27969,0.076302,0.081162,-0.40726,-0.091698,-0.059337,0.43699,-0.086768,0.019932,-0.00031002,0.081305,0.054499,0,0.016331,0,-0.078981,-0.057323,-0.024899,0.073272,-0.061911,-0.0057002,-0.11802,-0.4215,-0.1973,0.024662,-0.60004,-0.024,-0.049955,-0.815,-0.0042002,0.038165,-0.99381,0.023673
0.0061374,0.62265,0.088718,0.011877,0.41808,0.07069,-0.17207,0.33832,0.0096768,0.17358,0.33289,0.025246,-0.25272,0.061713,0.011884,0.27934,0.059362,0.0779,-0.4137,-0.092671,-0.064193,0.45822,-0.081069,0.0046593,-6.2508e-05,0.062598,0.054512,0,0.0012296,0,-0.078511,-0.074047,-0.023511,0.073721,-0.077247,-0.0080638,-0.10824,-0.44665,-0.20419,0.029586,-0.61581,-0.035625,-0.041443,-0.84008,-0.01071,0.038743,-1.0619,0.021583
0.0084167,0.57484,0.09243,0.0027315,0.36994,0.073038,-0.17193,0.29042,0.019399,0.17007,0.27654,0.026112,-0.25097,0.023309,0.010439,0.27345,-0.0019212,0.068544,-0.43848,-0.12731,-0.091549,0.45615,-0.10878,-0.039252,-0.00088924,0.0081645,0.055064,0,-0.052596,0,-0.075083,-0.12425,-0.023238,0.074155,-0.1312,-0.0077014,-0.10417,-0.48069,-0.21467,0.028148,-0.66935,-0.044457,-0.052088,-0.88562,-0.039107,0.040858,-1.09,0.025317
0.005969,0.51112,0.084739,-0.00082027,0.30996,0.072776,-0.17987,0.24059,0.02583,0.16838,0.23974,0.029042,-0.24228,-0.0038561,0.0063336,0.26217,-0.015867,0.05798,-0.41992,-0.16809,-0.11818,0.41,-0.16579,-0.052171,-0.00055509,-0.040394,0.055211,0,-0.098254,0,-0.077285,-0.17717,-0.023529,0.077358,-0.17739,-0.0085541,-0.042039,-0.71719,-0.053615,0.064048,-0.7011,-0.08723,-0.037126,-1.0322,0.038307,0.040038,-1.0963,0.026987
0.0064046,0.43367,0.054739,0.0047241,0.24404,0.059976,-0.18143,0.16982,0.0034915,0.16884,0.17138,0.01851,-0.24923,-0.080029,-0.016621,0.27135,-0.098873,0.023878,-0.40687,-0.21125,-0.13781,0.45772,-0.19949,-0.12461,-0.0011492,-0.094252,0.053463,0,-0.15162,0,-0.081599,-0.22711,-0.016651,0.079716,-0.22932,-0.012268,-0.047357,-0.76688,-0.064859,0.058225,-0.69798,-0.096763,-0.033946,-1.0915,-0.0050163,0.03742,-1.0993,0.027089
0.0033248,0.39394,0.070163,-0.0044298,0.18113,0.065885,-0.17386,0.10393,-0.0030281,0.17101,0.10917,0.010348,-0.24926,-0.14192,-0.013178,0.29732,-0.14433,0.0096305,-0.40086,-0.26776,-0.14846,0.49601,-0.25528,-0.18987,-0.0023903,-0.15925,0.054496,0,-0.21628,0,-0.080698,-0.2887,-0.019466,0.082398,-0.29633,-0.010857,-0.040731,-0.81387,-0.069802,0.05533,-0.69286,-0.093538,-0.022742,-1.1356,-0.00088714,0.038759,-1.0984,0.035548
-0.016864,0.37442,0.067988,-0.010734,0.17225,0.063816,-0.16909,0.047454,-0.014364,0.16967,0.054886,0.028026,-0.26582,-0.19249,-0.042509,0.29994,-0.17472,0.0073885,-0.43748,-0.29238,-0.17512,0.47352,-0.2639,-0.18316,-0.0076279,-0.18732,0.053858,0,-0.25043,0,-0.079539,-0.32639,-0.024857,0.08272,-0.32758,-0.0031292,-0.051982,-0.84058,-0.074186,0.015232,-0.71041,-0.11305,-0.032901,-1.066,-0.02751,0.028976,-1.0989,0.036198
-0.019191,0.37402,0.064709,-0.01304,0.17326,0.057648,-0.17392,0.047765,-0.015949,0.16789,0.055832,0.024728,-0.28398,-0.18664,-0.054884,0.30328,-0.17528,-0.0080627,-0.4485,-0.30121,-0.18422,0.45573,-0.26157,-0.18003,-0.0081256,-0.18745,0.05233,0,-0.25146,0,-0.078666,-0.3286,-0.021865,0.08466,-0.33018,-0.00021721,-0.044137,-0.82827,-0.081385,0.019321,-0.71271,-0.1126,-0.030384,-1.1469,-0.0034819,0.026047,-1.1004,0.033775
-0.012259,0.39044,0.060482,-0.011953,0.19803,0.047939,-0.17797,0.092764,-0.017211,0.16921,0.10611,0.023496,-0.29427,-0.15006,-0.054546,0.30616,-0.13206,-0.0048357,-0.44493,-0.29074,-0.17354,0.46518,-0.24877,-0.17066,-0.0075162,-0.1677,0.051588,0,-0.23231,0,-0.076933,-0.29891,-0.018779,0.082649,-0.31946,-0.0018248,-0.037735,-0.77433,-0.074143,0.033561,-0.71184,-0.078208,-0.033239,-1.0957,-0.0047895,0.02586,-1.1003,0.026767
-0.0050309,0.46956,0.077953,-0.011912,0.28028,0.05685,-0.17947,0.15296,0.0027033,0.17031,0.16525,0.030964,-0.28473,-0.069686,-0.025876,0.27375,-0.065218,-0.020291,-0.43096,-0.23499,-0.10921,0.45782,-0.2067,-0.13324,-0.0055075,-0.089584,0.053718,0,-0.15437,0,-0.076456,-0.23248,-0.020184,0.080736,-0.23243,-0.004969,-0.037621,-0.75832,-0.079856,0.03073,-0.69908,-0.034009,-0.032613,-1.0773,-0.0034765,0.026599,-1.0987,0.029862
-0.0028152,0.53654,0.096083,-0.0050502,0.34857,0.067764,-0.17707,0.22906,0.02614,0.16635,0.23594,0.038101,-0.27543,-0.01921,0.01224,0.30635,-0.022217,0.029906,-0.4231,-0.20086,-0.08363,0.4547,-0.17421,-0.086113,-0.0023433,-0.034771,0.055614,0,-0.10174,0,-0.076099,-0.17854,-0.01822,0.077714,-0.17642,-0.0091993,-0.031272,-0.71824,-0.06382,0.029028,-0.70702,-0.0017786,-0.042119,-1.101,0.081471,0.034042,-1.0995,0.026714
-0.0068843,0.59141,0.10698,-0.0019023,0.38038,0.075076,-0.17832,0.2688,0.037136,0.1672,0.27542,0.0428,-0.28032,0.010939,0.024376,0.29427,0.028407,0.056992,-0.42759,-0.16851,-0.0074025,0.44219,-0.14061,-0.012967,-0.00066657,0.020136,0.056843,0,-0.042006,0,-0.077691,-0.12041,-0.02085,0.077874,-0.11643,-0.01071,-0.010973,-0.65896,-0.058669,0.019475,-0.6556,0.0072455,-0.013654,-1.0706,0.024635,0.0299,-1.0824,0.025529
0.0006126,0.6299,0.10052,0.0055534,0.44098,0.081078,-0.18109,0.31839,0.038777,0.16463,0.32485,0.04389,-0.27255,0.044219,0.028667,0.28878,0.043944,0.063144,-0.42616,-0.12926,0.022455,0.43808,-0.12699,0.0027453,0.0001505,0.048994,0.057659,0,-0.016848,0,-0.077308,-0.096566,-0.022798,0.076017,-0.090325,-0.0086875,-0.010927,-0.63551,-0.06808,0.010027,-0.62991,-0.0022764,-0.019892,-1.0805,0.030955,0.025278,-1.0319,0.019015
0.012335,0.65205,0.10115,0.0084417,0.45036,0.083018,-0.17263,0.33616,0.038916,0.17013,0.34064,0.046427,-0.26611,0.081921,0.055745,0.28186,0.07152,0.079915,-0.4127,-0.11333,0.030955,0.42724,-0.10095,0.012975,0.00058206,0.072503,0.058256,0,0.009744,0,-0.077495,-0.064085,-0.025467,0.074553,-0.065961,-0.0079767,-0.010213,-0.60324,-0.075458,0.014391,-0.58087,-0.018478,-0.025277,-1.0362,0.033167,0.011061,-0.95876,0.050429
0.018276,0.66546,0.094705,0.011553,0.4806,0.088306,-0.15889,0.38436,0.042706,0.17537,0.35358,0.045182,-0.25915,0.089255,0.054397,0.27731,0.10112,0.10535,-0.41034,-0.10025,0.045585,0.41116,-0.080048,0.036485,0.00054157,0.09905,0.058975,0,0.035456,0,-0.078049,-0.029949,-0.02488,0.074027,-0.045377,-0.0088584,-0.03203,-0.56557,-0.092808,0.0048296,-0.55467,-0.028384,-0.052107,-0.99652,0.02241,0.013539,-0.94054,0.047653
0.021662,0.67071,0.099205,0.014832,0.48544,0.09707,-0.15693,0.38593,0.045037,0.18138,0.37644,0.066341,-0.25699,0.090999,0.060491,0.27641,0.10592,0.11183,-0.41421,-0.098384,0.056424,0.40868,-0.079641,0.053973,-0.00066487,0.10876,0.060393,0,0.048637,0,-0.079393,-0.017762,-0.024833,0.074118,-0.030161,-0.013349,-0.030929,-0.55887,-0.090014,0.0061588,-0.56191,-0.020997,-0.051016,-0.99004,0.025277,0.012921,-0.94496,0.046578
0.022225,0.67104,0.097686,0.017313,0.4816,0.11371,-0.15786,0.38852,0.046865,0.18075,0.37722,0.06369,-0.25535,0.092317,0.061095,0.27188,0.10924,0.11725,-0.41384,-0.077638,0.047964,0.40296,-0.075163,0.050986,5.2121e-05,0.10829,0.061548,0,0.050022,0,-0.079606,-0.016224,-0.025239,0.073923,-0.029562,-0.015523,-0.032324,-0.55839,-0.088431,-0.00040162,-0.57091,-0.019171,-0.039639,-0.99213,0.020597,0.011377,-0.95066,0.046848
0.020921,0.66138,0.10226,0.018436,0.45727,0.12997,-0.1581,0.37299,0.055697,0.18166,0.36627,0.073674,-0.25828,0.077929,0.065216,0.27122,0.097137,0.11829,-0.41917,-0.092331,0.04715,0.40001,-0.091585,0.06185,0.00029078,0.099097,0.063393,0,0.045372,0,-0.080679,-0.019913,-0.02734,0.074703,-0.033702,-0.01741,-0.03305,-0.56305,-0.090046,0.0023388,-0.57625,-0.019633,-0.027333,-0.99815,0.015544,0.01028,-1.0204,0.056324
0.014004,0.61743,0.095883,0.02072,0.43553,0.1197,-0.16987,0.33303,0.063788,0.17945,0.34181,0.080272,-0.25758,0.054819,0.05501,0.26697,0.04358,0.10471,-0.43511,-0.15937,0.036714,0.40188,-0.15682,0.025871,0.0018005,0.071436,0.063098,0,0.016468,0,-0.086465,-0.059199,-0.022276,0.078273,-0.061646,-0.022007,-0.04168,-0.58237,-0.083503,0.0028751,-0.60462,-0.026618,-0.028522,-1.0175,0.02315,0.01301,-1.03,0.048701
0.026792,0.55749,0.091157,0.03286,0.35627,0.1111,-0.15517,0.27856,0.0551,0.19223,0.28087,0.082222,-0.2486,-0.0011949,0.036612,0.28129,-0.0064666,0.099727,-0.4039,-0.18128,0.0037313,0.41534,-0.18249,0.014029,0.0015915,0.017895,0.062303,0,-0.030361,0,-0.091996,-0.085024,-0.01884,0.0825,-0.12192,-0.031424,-0.018919,-0.53969,-0.14841,-0.010367,-0.66169,-0.080709,-0.014137,-0.96506,-0.012961,0.021354,-1.0857,0.055274
0.024799,0.49833,0.072897,0.014131,0.29966,0.10284,-0.1583,0.23959,0.045319,0.19622,0.21902,0.080573,-0.24327,-0.06025,0.011837,0.27813,-0.061733,0.073191,-0.4041,-0.22803,-0.051381,0.39432,-0.24718,-0.019921,-0.0030241,-0.039751,0.06067,0,-0.091416,0,-0.09264,-0.16197,-0.026336,0.087104,-0.17406,-0.019106,-0.039358,-0.66461,-0.10612,-0.013442,-0.68172,-0.10224,-0.024161,-1.0871,0.037308,0.0081347,-1.1021,0.041621
-0.013735,0.42019,0.044484,-0.0092777,0.22071,0.083707,-0.20282,0.15225,0.017447,0.15706,0.14892,0.054916,-0.2923,-0.12841,-0.022924,0.24834,-0.14176,0.02805,-0.45389,-0.28963,-0.10369,0.36263,-0.31887,-0.084663,-0.0065169,-0.10423,0.05793,0,-0.15462,0,-0.08871,-0.23974,-0.024205,0.092587,-0.22636,-0.016274,-0.074194,-0.74698,-0.11361,-0.044991,-0.69206,-0.12962,-0.072294,-1.1206,0.06872,-0.049392,-1.1122,0.021311
0.0062197,0.36956,0.054161,0.011574,0.16151,0.085519,-0.1684,0.082128,0.028646,0.18075,0.077357,0.058355,-0.27947,-0.18343,-0.011718,0.28304,-0.19916,0.01763,-0.44091,-0.32859,-0.11002,0.39867,-0.37414,-0.097454,-0.0022213,-0.18098,0.058496,0,-0.23563,0,-0.085063,-0.3117,-0.024572,0.08061,-0.31235,-0.01339,-0.078183,-0.77597,-0.072127,0.010449,-0.7078,-0.087923,-0.076809,-1.1502,0.11141,-0.0070698,-1.0752,0.049173
0.012865,0.35625,0.054429,0.013077,0.1481,0.075774,-0.16667,0.025739,0.0075197,0.18229,0.040587,0.052462,-0.28089,-0.19842,-0.013304,0.28815,-0.21108,0.012835,-0.44215,-0.37361,-0.12376,0.42465,-0.39914,-0.098087,-0.003389,-0.20468,0.056594,0,-0.26425,0,-0.086237,-0.34373,-0.020862,0.081072,-0.34068,-0.01139,-0.074615,-0.79143,-0.063378,-0.012865,-0.73073,-0.087194,-0.073045,-1.1652,0.11979,-0.0016365,-1.1163,0.078439
0.018636,0.35004,0.049121,0.016674,0.1432,0.065309,-0.16329,0.02553,-0.00056669,0.18628,0.024876,0.037582,-0.29837,-0.22427,-0.037936,0.29858,-0.2231,0.010456,-0.4479,-0.38377,-0.13212,0.42812,-0.4005,-0.098818,-0.0021292,-0.21232,0.054809,0,-0.27424,0,-0.087136,-0.35057,-0.019621,0.0801,-0.35669,-0.0066885,-0.068276,-0.79115,-0.069551,-0.013078,-0.74447,-0.09492,-0.037779,-1.0966,0.043795,0.0038314,-1.1085,0.065867
0.019719,0.35627,0.044678,0.016565,0.15796,0.046934,-0.16168,0.034451,-0.0065895,0.19005,0.038155,0.031554,-0.29135,-0.21549,-0.040094,0.29996,-0.21767,0.015648,-0.44265,-0.38152,-0.11585,0.42938,-0.39729,-0.070759,-0.0018776,-0.20146,0.052742,0,-0.26433,0,-0.088569,-0.33686,-0.015887,0.081043,-0.34837,-0.0047475,-0.070705,-0.75931,-0.07381,-0.00091275,-0.7392,-0.089302,-0.044523,-1.0633,0.074054,0.0053615,-1.1083,0.062084
0.016087,0.42002,0.05512,0.010562,0.22344,0.074622,-0.16737,0.10416,0.0038141,0.18394,0.1152,0.055173,-0.29211,-0.16116,-0.0076218,0.28876,-0.14832,0.051574,-0.43248,-0.34522,-0.049543,0.41408,-0.3357,-0.021559,-0.0048346,-0.14115,0.056923,0,-0.20261,0,-0.082511,-0.27776,-0.026925,0.078634,-0.28386,-0.005297,-0.074194,-0.71888,-0.051585,0.01065,-0.71792,-0.053996,-0.043336,-1.0719,0.12009,-0.0045211,-1.1124,0.074086
0.0094829,0.47937,0.069839,0.0054295,0.28771,0.092067,-0.16811,0.16995,0.028116,0.18695,0.17851,0.081143,-0.27164,-0.084407,-0.00076778,0.30002,-0.10116,0.07508,-0.40854,-0.28263,-0.021835,0.41738,-0.29955,0.025742,-0.0058034,-0.080977,0.059421,0,-0.14105,0,-0.079098,-0.21635,-0.029251,0.077114,-0.22239,-0.0091939,-0.076111,-0.69236,-0.033169,0.002335,-0.71484,-0.036938,-0.035388,-1.0749,0.15058,-0.0054489,-1.1099,0.079037
0.015202,0.53427,0.067718,-0.00055913,0.34023,0.11237,-0.16993,0.22816,0.031002,0.17783,0.21428,0.093641,-0.26959,-0.032974,0.01188,0.2791,-0.062753,0.085357,-0.38363,-0.23647,-0.0088746,0.41334,-0.25346,0.063026,-0.0088433,-0.037465,0.061731,0,-0.096775,0,-0.077268,-0.16869,-0.035128,0.078173,-0.17252,-0.0090369,-0.063554,-0.63287,-0.032261,-0.018977,-0.65968,-0.054844,-0.033431,-1.0376,0.15126,-0.0068108,-1.0877,0.07796
0.015004,0.56308,0.08334,0.007466,0.35727,0.11197,-0.16206,0.2374,0.032041,0.18791,0.25656,0.096594,-0.25896,-0.017897,0.023229,0.26668,-0.005886,0.10752,-0.38278,-0.21568,0.015311,0.40381,-0.19683,0.091099,-0.0059098,0.0042099,0.061751,0,-0.048325,0,-0.080494,-0.11844,-0.03518,0.077556,-0.133,-0.0096563,-0.076434,-0.55509,-0.047325,-0.0028359,-0.58785,-0.091725,-0.033138,-0.96508,0.12077,0.043076,-0.95444,0.11056
0.011955,0.58432,0.095159,0.0044274,0.3865,0.11901,-0.16795,0.27092,0.037298,0.17514,0.29,0.092771,-0.25972,0.013162,0.053172,0.25571,0.011071,0.11233,-0.38267,-0.18385,0.016146,0.40611,-0.16677,0.083354,-0.0053854,0.021213,0.062795,0,-0.033895,0,-0.078234,-0.10341,-0.036259,0.078326,-0.11168,-0.010723,-0.071327,-0.54981,-0.070412,0.0018177,-0.56135,-0.0985,-0.025029,-0.90775,0.1291,0.023977,-0.94867,0.11375
0.0077395,0.61369,0.10499,0.010484,0.41168,0.12216,-0.1576,0.31708,0.058126,0.17703,0.30941,0.10047,-0.25679,0.035125,0.073588,0.25604,0.024361,0.11851,-0.4043,-0.16486,0.027122,0.40792,-0.15201,0.085819,-0.004286,0.044805,0.063522,0,-0.011099,0,-0.07804,-0.07713,-0.033104,0.074731,-0.087344,-0.014193,-0.068941,-0.53541,-0.072724,0.0068992,-0.56107,-0.096018,-0.020154,-0.91207,0.13373,0.014019,-0.94014,0.11774
0.01672,0.6158,0.12182,0.016941,0.41527,0.14076,-0.15146,0.32215,0.079599,0.18263,0.31556,0.11881,-0.25289,0.038999,0.091821,0.26802,0.030929,0.13792,-0.40887,-0.13076,0.040421,0.42941,-0.13532,0.094344,-0.002,0.056431,0.068388,0,0.0065834,0,-0.079318,-0.055481,-0.036713,0.071678,-0.06716,-0.022103,-0.045709,-0.54654,-0.060349,0.019022,-0.58011,-0.074914,-0.012164,-0.92614,0.15374,0.039332,-0.97334,0.10531
0.018469,0.61002,0.12753,0.015676,0.41547,0.14071,-0.15414,0.32946,0.090693,0.18434,0.33163,0.1292,-0.25689,0.043762,0.084829,0.27479,0.048857,0.14368,-0.42144,-0.10743,0.0028786,0.43823,-0.10808,0.07283,-0.0018393,0.057883,0.067974,0,0.0082893,0,-0.079769,-0.054891,-0.037325,0.073295,-0.066452,-0.020716,-0.040464,-0.59922,-0.048181,0.017594,-0.61014,-0.075171,-0.015819,-0.985,0.17159,0.046129,-1.031,0.077284
0.0043462,0.60229,0.1429,2.2786e-05,0.40795,0.14689,-0.16944,0.32746,0.09575,0.16689,0.32786,0.12819,-0.27656,0.044306,0.06683,0.26033,0.050618,0.14168,-0.43666,-0.10465,-0.02936,0.43697,-0.096392,0.03584,-0.0061637,0.052684,0.067858,0,0.0031698,0,-0.076338,-0.058353,-0.039443,0.082989,-0.076082,-0.01828,-0.038999,-0.60715,-0.046515,0.00228,-0.61793,-0.081426,-0.012674,-1.0176,0.17353,0.028893,-1.0495,0.062754
-0.0099933,0.56324,0.13051,-0.014355,0.37208,0.1514,-0.18767,0.30768,0.088739,0.15835,0.31072,0.12901,-0.29091,0.036522,0.045274,0.2589,0.038374,0.11157,-0.46192,-0.12553,-0.094659,0.45814,-0.13391,-0.053087,-0.0077354,0.034939,0.066896,0,-0.010635,0,-0.078039,-0.072717,-0.042653,0.087514,-0.095726,-0.016351,-0.041614,-0.60903,-0.096559,-0.0091187,-0.63475,-0.087972,-0.016968,-0.99481,0.12322,0.013461,-1.0989,0.034355
0.012859,0.5085,0.10064,-0.0054739,0.3138,0.13586,-0.16674,0.25792,0.086918,0.1872,0.24546,0.14235,-0.27437,-0.0018926,0.0059067,0.29685,-0.015234,0.075289,-0.43047,-0.15953,-0.14601,0.41381,-0.16281,-0.076823,-0.0090672,0.00048188,0.064783,0,-0.040001,0,-0.086237,-0.091025,-0.04081,0.085222,-0.14702,-0.018646,-0.069281,-0.50819,-0.12177,0.0068797,-0.6728,-0.11135,-0.044635,-0.89397,0.098023,0.026449,-1.083,0.019809
-0.0068349,0.44865,0.088062,-0.023659,0.25502,0.11299,-0.18944,0.19791,0.065329,0.16416,0.19162,0.13024,-0.284,-0.021541,-0.014379,0.26327,-0.029579,0.053658,-0.43336,-0.19919,-0.20664,0.4214,-0.19077,-0.17764,-0.0125,-0.057853,0.061163,0,-0.10058,0,-0.086783,-0.17097,-0.048546,0.097033,-0.18426,-0.0061046,-0.087805,-0.66986,-0.12558,-0.0023813,-0.68335,-0.14107,-0.030826,-1.0326,0.0032528,0.0071761,-1.0785,0.010289
-0.0078786,0.39596,0.073207,-0.012934,0.20368,0.11145,-0.17726,0.12771,0.051058,0.17083,0.11902,0.10538,-0.27743,-0.087666,-0.063272,0.26015,-0.0972,0.016954,-0.42112,-0.25205,-0.24353,0.42835,-0.24216,-0.22146,-0.0096556,-0.13154,0.06159,0,-0.18026,0,-0.077907,-0.25262,-0.042502,0.083046,-0.26057,-0.0071788,-0.035951,-0.49133,-0.38277,0.088392,-0.67537,-0.15154,-0.017367,-0.9062,-0.21346,0.027965,-1.0647,0.00074734
-0.015491,0.37049,0.055312,-0.012653,0.16772,0.10769,-0.17747,0.06908,0.03045,0.1712,0.068706,0.090353,-0.25671,-0.16057,-0.013481,0.27158,-0.13235,-0.033526,-0.38408,-0.2607,-0.22183,0.37027,-0.28363,-0.19493,-0.010012,-0.17655,0.061092,0,-0.2287,0,-0.080619,-0.30774,-0.048484,0.085532,-0.30904,0.0001828,-0.039307,-0.512,-0.41078,0.033641,-0.71449,-0.12222,-0.023246,-0.92024,-0.22803,0.024884,-1.0666,0.010137
-0.010073,0.36865,0.0494,-0.0068774,0.15999,0.092231,-0.17494,0.048809,0.0073057,0.1741,0.055466,0.072319,-0.27456,-0.17967,-0.097705,0.23176,-0.19068,-0.060517,-0.39809,-0.31698,-0.25395,0.36815,-0.29879,-0.22955,-0.0090122,-0.18499,0.058506,0,-0.24078,0,-0.085317,-0.32118,-0.036049,0.08568,-0.32073,-0.00089789,-0.039369,-0.6048,-0.33622,0.04301,-0.72487,-0.11831,-0.039891,-1.024,-0.17545,0.057766,-1.0423,-0.025831
-0.012148,0.36903,0.047902,-0.0080506,0.16542,0.084079,-0.17657,0.053377,-0.00028603,0.1721,0.061013,0.069227,-0.2851,-0.19579,-0.058572,0.24153,-0.16398,-0.072164,-0.40233,-0.32926,-0.22344,0.38523,-0.31954,-0.19289,-0.010381,-0.18281,0.057696,0,-0.23925,0,-0.082271,-0.31812,-0.035863,0.085795,-0.31916,0.0013291,-0.015966,-0.63642,-0.29174,0.031335,-0.72465,-0.099366,-0.033944,-1.054,-0.12805,0.034548,-1.0653,0.022613
-0.0058153,0.4183,0.040981,-0.018667,0.21985,0.064959,-0.18276,0.11003,-0.012798,0.16756,0.12544,0.057427,-0.27571,-0.14552,-0.05241,0.24259,-0.11481,-0.036824,-0.38591,-0.31287,-0.18813,0.39686,-0.29581,-0.12842,-0.01202,-0.13298,0.055178,0,-0.19175,0,-0.075847,-0.26622,-0.034635,0.083374,-0.27667,0.0039873,-0.074376,-0.66921,-0.092444,0.02926,-0.71805,-0.084339,-0.048362,-0.98977,0.0202,0.030694,-1.0847,0.044934
-0.0050291,0.46846,0.032,-0.018933,0.27575,0.085716,-0.18065,0.1647,0.0022259,0.17392,0.18055,0.08087,-0.27333,-0.11008,-0.038568,0.28642,-0.091074,0.042324,-0.3844,-0.29769,-0.13576,0.41579,-0.2669,-0.067242,-0.012906,-0.0788,0.057899,0,-0.13583,0,-0.075278,-0.21355,-0.041074,0.082689,-0.21919,0.0023754,-0.059697,-0.61805,-0.073402,0.020508,-0.70035,-0.043275,-0.040167,-0.99604,0.050018,0.036972,-1.0856,0.053869
-0.0026999,0.52307,0.052528,-0.0057665,0.33171,0.096834,-0.17753,0.23152,0.025179,0.17673,0.23978,0.094601,-0.2608,-0.048985,-0.024353,0.28842,-0.050049,0.063103,-0.3673,-0.25413,-0.07254,0.42719,-0.23625,0.023009,-0.0099709,-0.03613,0.059641,0,-0.094919,0,-0.076669,-0.17787,-0.040134,0.078155,-0.16799,-0.0022818,-0.050952,-0.60416,-0.066057,0.019215,-0.69191,-0.04517,-0.032325,-1.0056,0.058846,0.040612,-1.0697,0.061928
0.0072378,0.5504,0.048238,0.004264,0.36057,0.097129,-0.16423,0.24369,0.027786,0.18283,0.26333,0.095873,-0.24955,-0.020392,-0.0054432,0.2915,-0.0034372,0.098954,-0.35444,-0.22864,-0.036026,0.41953,-0.19638,0.053301,-0.0075166,0.001425,0.059876,0,-0.055587,0,-0.07963,-0.11755,-0.034531,0.078713,-0.14424,-0.0040926,-0.062272,-0.52185,-0.066786,0.01195,-0.63813,-0.072645,-0.047238,-0.89506,0.061514,0.027997,-1.0236,0.094371
0.0070815,0.56098,0.049904,0.0071077,0.38113,0.10067,-0.16295,0.28095,0.041356,0.17427,0.29655,0.071849,-0.24828,0.011771,0.017679,0.28819,0.017857,0.10385,-0.35049,-0.19759,-0.016288,0.41544,-0.18025,0.06292,-0.0024093,0.020559,0.060952,0,-0.036257,0,-0.078557,-0.10424,-0.03195,0.075011,-0.11175,-0.010053,-0.056672,-0.54964,-0.074677,0.027277,-0.56146,-0.10796,-0.0044908,-0.91826,0.14866,0.041808,-0.95,0.088579
0.0051186,0.57913,0.04484,0.014258,0.39895,0.10599,-0.16202,0.31443,0.056886,0.18335,0.31247,0.075512,-0.24135,0.036677,0.036183,0.28738,0.038006,0.10764,-0.34827,-0.16888,-0.0095854,0.42042,-0.15132,0.059771,5.2819e-05,0.046718,0.06188,0,-0.0069519,0,-0.079916,-0.078239,-0.030046,0.075571,-0.088187,-0.013722,-0.05069,-0.54823,-0.072117,0.029331,-0.55358,-0.095222,0.0018873,-0.91884,0.15,0.039091,-0.94774,0.083475
0.005463,0.63192,0.074732,0.010984,0.41853,0.10879,-0.16156,0.33326,0.065446,0.18519,0.3308,0.084764,-0.24031,0.041273,0.043129,0.28034,0.058501,0.11576,-0.36144,-0.15476,-0.011135,0.41322,-0.13139,0.06976,-0.00074661,0.065116,0.062107,0,0.011068,0,-0.080937,-0.063608,-0.028413,0.077629,-0.062525,-0.017461,-0.030947,-0.56345,-0.060285,0.021411,-0.55013,-0.080244,-0.025325,-0.96462,0.069854,0.020924,-0.96173,0.061346
0.0050577,0.63152,0.075827,0.0092813,0.41996,0.10953,-0.16207,0.3354,0.065266,0.1824,0.33484,0.084445,-0.24252,0.042233,0.04322,0.27425,0.056328,0.10344,-0.39424,-0.12809,-0.02296,0.41758,-0.12564,0.055836,-0.00088507,0.065424,0.06219,0,0.011299,0,-0.080424,-0.063236,-0.028661,0.076513,-0.062482,-0.016506,-0.024089,-0.60906,-0.041313,0.041784,-0.54642,-0.075396,-0.043085,-1.052,0.08767,0.01418,-0.97798,0.035978
0.0075069,0.56236,0.072292,-0.0046339,0.31719,0.091802,-0.14998,0.33227,0.062798,0.19286,0.33271,0.079692,-0.23451,0.040133,0.035228,0.2853,0.049767,0.094929,-0.3902,-0.12894,-0.038601,0.43467,-0.12048,0.02183,-0.0049473,0.012132,0.059694,0,-0.026013,0,-0.067883,-0.082398,-0.026228,0.065709,-0.11558,-0.020375,-0.0024255,-0.62747,-0.047647,0.056409,-0.66203,-0.086193,-0.01391,-1.104,0.025253,0.014053,-1.1246,0.011713
0.007848,0.5723,0.070912,-0.0089029,0.35943,0.10917,-0.15581,0.30108,0.066823,0.18604,0.31427,0.084232,-0.25196,0.0006842,0.0077971,0.27857,0.036248,0.083649,-0.41409,-0.15715,-0.074051,0.4176,-0.13142,-0.01615,-0.005393,0.011468,0.059686,0,-0.032527,0,-0.067516,-0.10535,-0.03265,0.068566,-0.1177,-0.016289,-0.0053777,-0.65079,-0.057406,0.045162,-0.5592,-0.095372,-0.027983,-1.0924,0.045312,0.0032054,-0.99825,0.0047884
0.0071383,0.51327,0.056011,-0.0027931,0.32681,0.11049,-0.15446,0.26951,0.071846,0.1856,0.27585,0.094437,-0.24648,-0.0096233,0.0035808,0.27569,0.007026,0.074904,-0.39161,-0.18292,-0.13077,0.41559,-0.17199,-0.07612,-0.0032761,-0.017915,0.061078,0,-0.074519,0,-0.072102,-0.14635,-0.027087,0.07274,-0.14339,-0.019326,-0.0079388,-0.66722,-0.093357,0.050199,-0.57878,-0.099439,-0.030095,-1.0959,0.049337,0.016536,-1.0221,-0.0027657
-0.00071293,0.44962,0.030362,-0.016459,0.25647,0.10695,-0.1744,0.18754,0.070091,0.17961,0.21248,0.093079,-0.24541,-0.030285,-0.0052099,0.27039,-0.042315,0.048675,-0.37486,-0.20902,-0.13976,0.38748,-0.19756,-0.10644,-0.0044832,-0.071099,0.061893,0,-0.11169,0,-0.075745,-0.19415,-0.028284,0.082675,-0.19185,-0.019179,-0.0408,-0.66671,-0.099418,0.058292,-0.60074,-0.1033,-0.039084,-1.0918,0.052671,0.039522,-1.0455,-0.007596
-0.004183,0.38844,0.020484,-0.0005293,0.19568,0.095286,-0.16607,0.13049,0.044998,0.18404,0.14931,0.072055,-0.20089,-0.099623,-0.051367,0.27866,-0.096492,0.013874,-0.36606,-0.28483,-0.18748,0.38455,-0.24088,-0.15041,-0.0029629,-0.12721,0.059893,0,-0.17541,0,-0.079517,-0.25401,-0.032558,0.079735,-0.24973,-0.012133,-0.049859,-0.68246,-0.093621,0.026705,-0.68708,-0.12575,-0.032951,-1.0987,0.070958,0.038103,-1.0693,-0.00011398
-0.0065488,0.33234,-0.0063648,-0.0089735,0.15252,0.083547,-0.17643,0.056243,0.0053099,0.17775,0.08792,0.053314,-0.25346,-0.19136,-0.065159,0.25618,-0.15234,-0.045457,-0.38831,-0.33123,-0.20919,0.39412,-0.29012,-0.18849,-0.0068889,-0.18537,0.058066,0,-0.238,0,-0.084409,-0.3259,-0.030552,0.088235,-0.30687,-0.0082767,-0.036362,-0.72703,-0.077799,0.020325,-0.72506,-0.11706,-0.036114,-1.1007,0.080766,0.035713,-1.068,-0.0034754
-0.0057856,0.32891,-0.015643,-0.0082785,0.14963,0.080648,-0.17492,0.05206,0.0017248,0.17765,0.079303,0.050561,-0.25409,-0.19133,-0.065036,0.25632,-0.15322,-0.054312,-0.38501,-0.34353,-0.19876,0.39845,-0.29429,-0.18888,-0.0072689,-0.18514,0.057859,0,-0.2379,0,-0.082593,-0.31836,-0.033095,0.088947,-0.31573,-0.00084735,-0.024096,-0.71919,-0.057908,0.0078215,-0.7357,-0.098744,-0.026489,-1.1106,0.08486,0.027353,-1.0826,0.014007
-0.0030653,0.33476,-0.027539,-0.017829,0.15477,0.041591,-0.17675,0.05613,-0.011806,0.17901,0.07873,0.045716,-0.2576,-0.19028,-0.066965,0.28601,-0.15061,-0.04632,-0.39472,-0.35049,-0.18183,0.4197,-0.30327,-0.17625,-0.009085,-0.17917,0.055811,0,-0.23556,0,-0.082583,-0.31531,-0.028785,0.08945,-0.31478,0.0042625,-0.032976,-0.71737,-0.049542,0.0060738,-0.78237,-0.064757,-0.028214,-1.1056,0.081931,0.050654,-1.1085,-0.0010914
0.0055758,0.39043,-0.046104,-0.0018358,0.21314,0.044628,-0.17345,0.10578,-0.036624,0.18142,0.1341,0.024788,-0.26113,-0.13243,-0.053397,0.26703,-0.10778,-0.049671,-0.39188,-0.32189,-0.1089,0.4282,-0.26889,-0.11621,-0.0081904,-0.13644,0.053039,0,-0.19987,0,-0.081951,-0.28332,-0.025132,0.083561,-0.27676,0.0020173,-0.043489,-0.70691,-0.024891,0.0064,-0.76025,-0.074553,-0.029024,-1.1063,0.083064,0.042333,-1.0662,0.045754
0.0067165,0.47202,-0.01644,-0.0034488,0.27281,0.047002,-0.17604,0.16854,-0.01261,0.18714,0.1956,0.046264,-0.26377,-0.077346,-0.022669,0.31085,-0.062025,0.035018,-0.40134,-0.26565,-0.055729,0.44638,-0.24184,-0.041992,-0.0077669,-0.071154,0.05281,0,-0.13136,0,-0.080678,-0.21296,-0.025046,0.082079,-0.21392,0.00061723,-0.064893,-0.71089,0.048487,0.026494,-0.70135,0.0059949,-0.029515,-1.1068,0.089318,0.045259,-1.0339,0.052064
0.0098937,0.4837,-0.039429,-0.0041175,0.30585,0.047104,-0.17356,0.22738,-0.012063,0.18736,0.2419,0.052755,-0.26055,-0.014159,0.0030539,0.30187,-0.013427,0.035867,-0.39813,-0.21146,-0.020419,0.44175,-0.20095,0.016514,-0.0089241,-0.040365,0.052659,0,-0.10106,0,-0.081419,-0.18616,-0.027293,0.083217,-0.17956,0.0032679,-0.063287,-0.68892,0.042821,0.025621,-0.69582,0.0045002,-0.040068,-1.0799,0.097128,0.053965,-1.0225,0.070819
0.01267,0.57652,-0.038693,0.0063001,0.36074,0.037382,-0.16883,0.27097,-0.0058691,0.18496,0.28706,0.036383,-0.27041,0.01251,0.034596,0.2909,0.026943,0.068334,-0.40342,-0.17974,0.033111,0.43348,-0.1722,0.035733,-0.004572,0.0063593,0.051743,0,-0.057852,0,-0.080462,-0.14662,-0.020285,0.077859,-0.12451,-0.00039464,-0.052176,-0.62475,-0.01631,-0.019386,-0.66473,-0.0041056,-0.037257,-1.0641,0.096513,0.035013,-1.0065,0.095794
0.0094542,0.57462,-0.048469,0.0066529,0.36767,0.036235,-0.16654,0.29402,-0.014194,0.18229,0.30662,0.028042,-0.26592,0.039345,0.038312,0.28974,0.033054,0.075252,-0.41618,-0.15961,0.062423,0.43731,-0.14863,0.068398,-0.004347,0.034114,0.051386,0,-0.023557,0,-0.081444,-0.089927,-0.020702,0.077462,-0.10936,-0.00011613,-0.048323,-0.55331,-0.037319,-0.027118,-0.63772,-0.017818,-0.042086,-0.9258,0.16586,-0.0073877,-0.92305,0.1414
0.0093206,0.57828,-0.046889,0.0047882,0.38057,0.036504,-0.16242,0.30388,-0.0090488,0.1826,0.32181,0.033932,-0.26668,0.044802,0.045682,0.27926,0.048815,0.087021,-0.4163,-0.13208,0.066945,0.42631,-0.13348,0.072092,-0.0048184,0.049848,0.051182,0,-0.0090808,0,-0.080076,-0.080668,-0.02102,0.077257,-0.090689,0.0015011,-0.048529,-0.5362,-0.034507,-0.017448,-0.53221,-0.037509,-0.044177,-0.91734,0.17406,0.0048482,-0.91424,0.14362
0.01186,0.58898,-0.051743,0.011868,0.39279,0.042556,-0.15484,0.33804,-0.0054884,0.1879,0.3421,0.044458,-0.2663,0.055531,0.048927,0.27289,0.066873,0.098818,-0.42777,-0.11393,0.040867,0.42276,-0.11148,0.062444,-0.0048137,0.064545,0.052194,0,0.0075077,0,-0.081205,-0.063698,-0.020991,0.075747,-0.074049,-0.0014495,-0.067152,-0.46917,-0.040365,-0.014995,-0.53558,-0.033974,-0.039,-0.87725,0.14615,0.0049078,-0.91554,0.14614
0.011143,0.5894,-0.053572,0.011204,0.39278,0.045557,-0.15857,0.34762,0.0037432,0.18671,0.34374,0.046027,-0.26571,0.065272,0.051091,0.26978,0.068465,0.098888,-0.42413,-0.10509,0.012481,0.42054,-0.10852,0.059028,-0.0040984,0.067901,0.052885,0,0.012526,0,-0.080562,-0.059573,-0.020632,0.075662,-0.068683,-0.0029571,-0.06617,-0.46499,-0.037426,-0.011779,-0.56621,-0.014074,-0.038326,-0.87783,0.1393,0.020399,-0.96998,0.11432
0.013551,0.5897,-0.04863,0.010915,0.39064,0.046835,-0.15873,0.34679,0.0064218,0.18694,0.34059,0.045198,-0.26473,0.062206,0.048811,0.26653,0.055981,0.083028,-0.4171,-0.12771,-0.03109,0.4146,-0.12462,0.053137,-0.003718,0.064237,0.053192,0,0.0082267,0,-0.080229,-0.06311,-0.020256,0.075541,-0.074761,-0.0039722,-0.053859,-0.48375,-0.034828,-0.012029,-0.61527,0.023442,-0.047431,-0.92571,0.068935,0.0024611,-1.0979,0.11366
0.014541,0.50083,-0.064038,0.0002817,0.35367,0.052295,-0.15927,0.2874,0.0069874,0.18521,0.29243,0.028201,-0.25384,0.042534,0.032,0.26886,0.03857,0.089821,-0.41491,-0.15453,-0.043536,0.40775,-0.1609,0.010846,-0.003161,-0.00025275,0.05395,0,-0.060686,0,-0.081658,-0.14045,-0.018344,0.08237,-0.13451,-0.0060637,-0.027295,-0.58455,0.040046,-0.0085177,-0.66708,0.024003,-0.043466,-1.0346,0.1129,0.0012706,-1.094,0.11608
0.016254,0.50474,-0.059702,-0.00058039,0.33742,0.050029,-0.15976,0.28299,0.0059142,0.18654,0.28553,0.029344,-0.23679,0.0044603,-0.0011033,0.26006,0.0072263,0.071851,-0.38921,-0.18973,-0.11517,0.39999,-0.1673,-0.0106,-0.0034463,-0.0012196,0.05382,0,-0.060968,0,-0.081934,-0.13954,-0.018498,0.08354,-0.13987,-0.0059981,-0.049898,-0.54115,0.018977,-0.011247,-0.6713,0.017181,-0.047073,-0.99153,0.091329,0.00085537,-1.0938,0.1158
0.035691,0.40613,-0.052536,1.9893e-06,0.257,0.059441,-0.15854,0.20853,-0.0035625,0.18609,0.20105,0.02062,-0.2235,-0.027216,-0.029292,0.27962,-0.060831,0.054351,-0.36905,-0.2345,-0.1496,0.40567,-0.22695,-0.065289,-0.0038161,-0.05813,0.054758,0,-0.1053,0,-0.084163,-0.1675,-0.022256,0.085377,-0.19471,-0.0065411,-0.056777,-0.71432,0.013284,0.033085,-0.62874,-0.01502,-0.069545,-1.0964,0.074035,-0.00034072,-1.0609,0.11622
0.023334,0.39859,-0.042385,-0.0043673,0.21527,0.052519,-0.1704,0.14439,-0.0039754,0.18229,0.15583,0.025872,-0.25332,-0.12489,-0.053352,0.28262,-0.10954,0.029627,-0.38748,-0.28903,-0.16861,0.41909,-0.2605,-0.099398,-0.0048329,-0.095283,0.054114,0,-0.15047,0,-0.081589,-0.23398,-0.023113,0.083356,-0.22085,-0.0047486,-0.048488,-0.85041,0.017758,0.032832,-0.68937,0.00056777,-0.063827,-1.1812,0.073948,-0.0062569,-1.106,0.15233
0.0045231,0.36398,-0.042003,0.0071464,0.16517,0.036903,-0.16891,0.086598,-0.027082,0.18129,0.099291,0.024427,-0.26242,-0.18888,-0.069349,0.27169,-0.13878,-0.02856,-0.41814,-0.32783,-0.18869,0.43672,-0.28774,-0.1153,-0.0056064,-0.15274,0.051239,0,-0.20882,0,-0.08554,-0.28465,-0.02416,0.082386,-0.28989,0.0029765,-0.045019,-0.69686,-0.073566,0.03124,-0.70045,-0.0064755,-0.071619,-1.0843,0.028661,-0.016678,-1.1047,0.15016
0.001905,0.36423,-0.047291,0.0012255,0.17169,0.024695,-0.17105,0.084404,-0.033079,0.17913,0.09601,0.019994,-0.26763,-0.17764,-0.071306,0.29838,-0.14527,-0.056966,-0.41213,-0.32646,-0.19313,0.46082,-0.29782,-0.15496,-0.0073917,-0.15368,0.047593,0,-0.21482,0,-0.082094,-0.29239,-0.018865,0.08368,-0.29874,0.0066143,-0.048088,-0.69507,-0.078713,0.035057,-0.70386,-0.013957,-0.073466,-1.0975,0.044226,-0.018083,-1.1074,0.15763
0.011246,0.40539,-0.044779,-0.0013697,0.21429,-0.011703,-0.17304,0.090764,-0.04008,0.18114,0.10095,0.014093,-0.28353,-0.16028,-0.081199,0.28447,-0.11941,-0.051224,-0.41954,-0.3237,-0.19235,0.45556,-0.26416,-0.13208,-0.0066118,-0.14377,0.041196,0,-0.21175,0,-0.082316,-0.29059,-0.017565,0.083796,-0.29527,0.0079186,-0.057015,-0.70322,-0.011919,0.036916,-0.72208,0.016023,-0.078312,-1.1202,0.11437,-0.024215,-1.1102,0.17344
0.005389,0.45911,-0.037254,-0.0018503,0.26171,-0.0019194,-0.17609,0.15372,-0.035703,0.17867,0.17027,0.012054,-0.28486,-0.085082,-0.058356,0.31363,-0.06978,0.013926,-0.41753,-0.26413,-0.1432,0.45274,-0.23352,-0.092152,-0.0055113,-0.083058,0.036336,0,-0.15119,0,-0.078017,-0.23572,-0.013662,0.078618,-0.2282,0.0094907,-0.061787,-0.70162,0.0081143,0.015513,-0.70121,0.066529,-0.082901,-1.1201,0.14677,-0.021648,-1.1082,0.19017
0.0018011,0.50564,-0.039743,0.0038841,0.32771,0.0061132,-0.17087,0.21753,-0.026616,0.18623,0.23065,0.012742,-0.26846,-0.018871,-0.036768,0.31146,-0.029498,0.039514,-0.40138,-0.21196,-0.11156,0.44222,-0.20421,-0.062539,-0.0034362,-0.029388,0.035717,0,-0.099475,0,-0.082456,-0.18094,-0.014707,0.080887,-0.18177,0.007796,-0.038279,-0.64765,0.030108,0.0064132,-0.69663,0.079251,-0.073758,-1.0849,0.14926,-0.0097371,-1.0976,0.16644
0.0024373,0.55645,-0.054866,0.0055987,0.36137,0.0064454,-0.16856,0.26156,-0.026862,0.17748,0.28184,0.0054067,-0.272,-0.012871,-0.021706,0.29558,-0.00073032,0.061139,-0.40696,-0.20073,-0.071736,0.43024,-0.18676,0.001913,-0.0023369,0.010452,0.034267,0,-0.057205,0,-0.078504,-0.13441,-0.015794,0.076674,-0.13206,0.0071756,-0.063692,-0.57608,0.028701,-0.0048203,-0.66295,0.045787,-0.072647,-1.0147,0.14741,-0.0077662,-1.0938,0.1864
0.005778,0.56245,-0.060084,0.012477,0.38104,0.0075304,-0.16511,0.28948,-0.033362,0.18156,0.30248,0.0078175,-0.25252,0.033652,-0.0068906,0.27713,0.036859,0.075782,-0.39645,-0.17935,-0.031463,0.4085,-0.15597,0.041541,-0.0016461,0.042996,0.032654,0,-0.02239,0,-0.081382,-0.099362,-0.014126,0.075892,-0.10591,0.0077519,-0.041987,-0.54889,-0.01126,0.0088956,-0.61244,0.040649,-0.043736,-0.98551,0.11344,-0.015017,-1.0007,0.17846
0.011877,0.57304,-0.065819,0.0099168,0.38954,0.012758,-0.16404,0.31155,-0.0336,0.18617,0.3261,0.0066024,-0.24994,0.046853,0.0056153,0.26909,0.048347,0.085652,-0.39937,-0.16904,-0.0017216,0.39993,-0.14584,0.062802,-0.002079,0.059579,0.032749,0,-0.0035191,0,-0.081282,-0.07842,-0.017528,0.077315,-0.087088,0.0078003,-0.047402,-0.54359,-0.0022216,0.0092711,-0.61096,0.038592,-0.049153,-0.98052,0.12259,0.025705,-0.93443,0.18141
0.010516,0.59645,-0.085243,0.0082573,0.4062,0.0042185,-0.16211,0.33745,-0.026022,0.18676,0.34213,-0.00053228,-0.24659,0.055485,0.020505,0.26574,0.061169,0.098121,-0.40484,-0.16237,0.017282,0.40713,-0.12556,0.073752,-0.00089542,0.07472,0.029886,0,0.010089,0,-0.081329,-0.065924,-0.011611,0.077994,-0.071489,0.0023872,-0.051996,-0.54013,-0.00044303,0.035063,-0.54432,-0.021905,-0.053746,-0.97694,0.12433,0.023923,-0.93151,0.13452
0.018322,0.58181,-0.11556,0.0081527,0.4076,-0.0022668,-0.1591,0.34904,-0.039939,0.19137,0.34419,-0.009794,-0.24663,0.057653,0.025004,0.2627,0.065407,0.098589,-0.40369,-0.13569,0.020534,0.42148,-0.09974,0.034715,-0.0011945,0.07858,0.026964,0,0.013661,0,-0.081951,-0.062959,-0.0096854,0.07827,-0.068939,0.003641,-0.056406,-0.54803,0.00049142,0.032116,-0.59574,-0.018503,-0.058158,-0.98526,0.12542,0.031661,-0.98806,0.062279
0.024947,0.57295,-0.11174,0.011403,0.39047,-0.012018,-0.15606,0.34161,-0.030125,0.19545,0.33507,-0.010149,-0.24752,0.052606,0.03925,0.27362,0.065632,0.11322,-0.4016,-0.1246,0.026952,0.426,-0.10634,0.051669,0.00032378,0.070411,0.022282,0,0.0062303,0,-0.086347,-0.06603,-0.0012936,0.083531,-0.079985,-0.0018194,-0.058983,-0.55112,0.023915,0.028762,-0.627,0.012564,-0.060737,-0.98866,0.14896,0.054697,-1.028,0.017889
0.033381,0.55104,-0.10878,0.017326,0.36395,-0.010683,-0.1476,0.30617,-0.025044,0.20072,0.30535,-0.0057572,-0.24807,0.021104,0.040768,0.29594,0.028182,0.090996,-0.39479,-0.15915,-0.0090122,0.46133,-0.13208,0.032406,0.0015323,0.043608,0.019958,0,-0.020325,0,-0.0914,-0.093472,-0.0035926,0.084557,-0.1029,0.0030582,-0.057421,-0.55757,0.039485,0.034524,-0.6506,0.021553,-0.015144,-1.0186,0.017357,0.068385,-1.0691,0.0025291
0.034727,0.50727,-0.10853,0.017141,0.33111,-0.006454,-0.14854,0.27268,-0.018571,0.20979,0.26863,0.0010527,-0.2347,-0.015715,0.016753,0.29579,-0.0046366,0.095294,-0.38422,-0.1951,-0.035327,0.4669,-0.16306,-0.013869,0.0016126,0.016131,0.018912,0,-0.046623,0,-0.0955,-0.11653,-0.00043658,0.089736,-0.14378,-0.0068863,-0.041166,-0.66337,0.015725,0.057596,-0.68259,-0.011064,-0.0062894,-1.0751,0.027244,0.073939,-1.0688,0.010622
0.017313,0.44931,-0.10808,0.0082271,0.25276,-0.013558,-0.15831,0.20489,-0.015232,0.20062,0.21816,0.010235,-0.24914,-0.073784,-0.011157,0.30716,-0.071266,0.061841,-0.38933,-0.26098,-0.04722,0.4555,-0.22844,-0.043521,-7.6025e-05,-0.052751,0.015445,0,-0.11392,0,-0.087771,-0.19152,-0.002784,0.084142,-0.19807,0.0029991,-0.051542,-0.66255,-0.00099144,0.057335,-0.68962,-0.027796,-0.034073,-1.0619,0.026113,0.088137,-1.0867,0.041157
0.011105,0.38759,-0.093483,0.0036784,0.19539,-0.005811,-0.16545,0.1233,-0.0054949,0.19205,0.14873,0.013476,-0.25333,-0.15065,-0.010167,0.30731,-0.13514,0.058578,-0.40323,-0.32573,-0.069574,0.45041,-0.28049,-0.076162,-0.00037342,-0.11653,0.015443,0,-0.17848,0,-0.082286,-0.26009,-0.0058132,0.080697,-0.25836,0.0026797,-0.020443,-0.73375,-0.025851,0.039849,-0.69375,-0.031435,-0.034439,-1.0764,0.0049712,0.068305,-1.0909,0.05398
-0.0013791,0.33446,-0.092017,-0.00075228,0.15813,0.0037453,-0.18147,0.047637,-0.017449,0.17875,0.077047,0.021357,-0.27548,-0.21315,-0.013963,0.26441,-0.18338,0.017017,-0.42453,-0.38879,-0.07398,0.45443,-0.32638,-0.0934,-0.0017816,-0.17249,0.01667,0,-0.23631,0,-0.086431,-0.32083,-0.014138,0.085993,-0.31556,0.0071594,-0.0097298,-0.76782,-0.048964,0.019098,-0.71549,-0.047769,-0.023739,-1.0892,0.041773,0.038689,-1.0906,0.053779
-0.0022753,0.33353,-0.089635,0.00053529,0.15371,0.00056777,-0.1787,0.043063,-0.020954,0.17944,0.07309,0.020369,-0.2777,-0.21556,-0.016074,0.25255,-0.17891,0.00096993,-0.42564,-0.39304,-0.072387,0.45443,-0.3267,-0.093241,-0.0018007,-0.17767,0.015713,0,-0.24295,0,-0.086384,-0.32795,-0.013313,0.085663,-0.32024,0.007781,-0.025296,-0.72981,-0.053626,0.018895,-0.71962,-0.050149,-0.013593,-1.0855,0.04524,0.039,-1.0917,0.054864
-0.012023,0.3641,-0.085006,0.00041908,0.16105,-0.005283,-0.1795,0.047249,-0.02617,0.17781,0.074212,0.017372,-0.28074,-0.21074,-0.015473,0.3122,-0.15692,0.037356,-0.42675,-0.39172,-0.062953,0.46113,-0.31919,-0.089078,-0.0021125,-0.17705,0.014179,0,-0.24304,0,-0.084807,-0.32904,-0.011526,0.085713,-0.31946,0.0082821,-0.027855,-0.73118,-0.053759,0.033948,-0.72048,-0.052823,-0.01207,-1.0909,0.052422,0.03661,-1.0927,0.05473
-0.020748,0.42031,-0.070277,-0.010681,0.2149,-0.0015388,-0.19133,0.11499,-0.028413,0.17101,0.13955,0.014828,-0.2915,-0.14551,0.0033539,0.29854,-0.11725,0.042345,-0.42871,-0.33594,-0.023289,0.45995,-0.26461,-0.057369,-0.0037246,-0.12275,0.013676,0,-0.18966,0,-0.082976,-0.29024,-0.011577,0.085923,-0.2588,0.0085057,-0.04571,-0.70306,-0.026632,0.059831,-0.6985,-0.020382,-0.020735,-1.0966,0.080655,0.030461,-1.0915,0.071759
-0.029971,0.47621,-0.056879,-0.0098952,0.28903,0.0086713,-0.19392,0.18226,-0.020201,0.16729,0.21151,0.025543,-0.29449,-0.061974,0.0078444,0.30204,-0.022665,0.069213,-0.42035,-0.26036,0.0033066,0.4498,-0.19756,0.0027646,-0.0037318,-0.050631,0.015847,0,-0.11741,0,-0.08041,-0.20328,-0.017401,0.084422,-0.19632,0.0085928,-0.057673,-0.68815,0.027857,0.066675,-0.68379,0.0062003,-0.02563,-1.0979,0.088911,0.048719,-1.0749,0.071502
-0.015321,0.53852,-0.050106,-0.0086811,0.35096,0.022024,-0.19175,0.24386,-0.00030539,0.17677,0.27627,0.036673,-0.27496,0.0015375,0.022579,0.30936,0.029119,0.099881,-0.40833,-0.19781,0.0077519,0.4568,-0.14977,0.047646,-0.0031923,0.0090362,0.019858,0,-0.057361,0,-0.079961,-0.14163,-0.019993,0.083527,-0.14086,0.0055798,-0.036735,-0.68329,0.039848,0.067804,-0.65715,0.027973,-0.014316,-1.0927,0.094616,0.051745,-1.0803,0.076258
-0.019579,0.57939,-0.049829,-0.0055889,0.39338,0.021726,-0.19149,0.30253,0.014558,0.1682,0.32965,0.036948,-0.27365,0.023323,0.033743,0.29182,0.06847,0.11052,-0.42051,-0.17758,0.027951,0.44978,-0.10504,0.08144,-0.0020763,0.051391,0.021435,0,-0.014878,0,-0.079393,-0.095948,-0.017623,0.081885,-0.093061,0.0028184,-0.05156,-0.54654,0.0034023,0.064226,-0.5321,0.0060067,-0.0013612,-0.98976,0.10149,0.044868,-0.98392,0.079142
-0.016411,0.59736,-0.059006,-0.004624,0.40626,0.026782,-0.18292,0.32968,0.011007,0.17351,0.35506,0.028975,-0.26772,0.072175,0.04366,0.29378,0.097099,0.11337,-0.41122,-0.11336,0.012607,0.44623,-0.081875,0.092314,-0.001772,0.079556,0.024512,0,0.017935,0,-0.07845,-0.062844,-0.020617,0.081576,-0.063264,0.0033636,-0.009891,-0.55918,-0.0276,0.058513,-0.47386,-0.014367,0.014764,-0.96852,0.119,0.046037,-0.91309,0.1066
-0.022941,0.63525,-0.053224,-0.0086118,0.43508,0.02647,-0.18229,0.35011,0.011884,0.17111,0.38197,0.024516,-0.2686,0.076693,0.051152,0.28901,0.12136,0.122,-0.41339,-0.10831,0.024152,0.44931,-0.050878,0.10435,-0.0020218,0.10206,0.025716,0,0.03821,0,-0.078039,-0.043852,-0.020025,0.081733,-0.039147,0.0026066,-0.010373,-0.54665,-0.023726,0.056977,-0.4674,-0.0051733,0.010334,-0.95689,0.12317,0.042529,-0.9093,0.1084
-0.022814,0.60865,-0.079958,-0.012541,0.43859,0.03505,-0.17775,0.36625,0.010491,0.16918,0.38508,0.026033,-0.27253,0.087358,0.056596,0.28584,0.12795,0.1315,-0.41895,-0.096419,0.028737,0.44513,-0.045341,0.11312,-0.0033967,0.10779,0.030243,0,0.045915,0,-0.077812,-0.034053,-0.018781,0.08451,-0.027654,-0.0046851,-0.017595,-0.54754,-0.0059831,0.059598,-0.46339,0.004598,-0.0012858,-0.92112,0.096783,0.044524,-0.91783,0.069849
-0.020662,0.60826,-0.07678,-0.013262,0.4404,0.036299,-0.17109,0.37226,0.0057744,0.16842,0.38404,0.023553,-0.27151,0.088374,0.060709,0.28735,0.12874,0.13868,-0.42593,-0.080674,-0.0076767,0.44835,-0.042909,0.11582,-0.0037574,0.10519,0.032399,0,0.042577,0,-0.074276,-0.034973,-0.016109,0.078816,-0.031866,-0.0052013,-0.01104,-0.58073,0.014951,0.063503,-0.46414,0.010493,0.0049917,-0.96042,0.051153,0.051881,-0.92515,0.035013
-0.021378,0.59536,-0.072322,-0.013316,0.37231,0.009223,-0.17364,0.36911,0.0013452,0.16904,0.382,0.019221,-0.27369,0.083231,0.048699,0.28654,0.12,0.13225,-0.42105,-0.090324,-0.02523,0.4496,-0.047974,0.091979,-0.0031568,0.096423,0.029251,0,0.038681,0,-0.070848,-0.041095,-0.014339,0.077456,-0.03715,-0.0038443,-0.0050132,-0.58679,0.011519,0.089018,-0.44424,-0.021568,-0.0011049,-1.0202,0.019628,0.050146,-0.90474,-0.0045808
-0.017328,0.58086,-0.087403,-0.013305,0.3681,0.010975,-0.17489,0.3412,-0.0005183,0.17732,0.36767,0.02496,-0.26813,0.065827,0.031727,0.29058,0.093031,0.11555,-0.4259,-0.15448,-0.072033,0.4443,-0.076468,0.045651,-0.004472,0.072172,0.026286,0,0.015451,0,-0.069653,-0.067585,-0.010649,0.076688,-0.062944,-0.0010215,-0.002393,-0.61299,0.014423,0.096623,-0.46959,-0.01796,-0.0085576,-1.0367,0.025604,0.058135,-0.93058,-0.002184
-0.019593,0.5729,-0.07379,-0.023188,0.37435,0.015077,-0.17892,0.32359,-0.00063444,0.1734,0.32519,0.018676,-0.25186,0.04286,0.0030023,0.29263,0.05568,0.10194,-0.39367,-0.16465,-0.076547,0.43191,-0.12148,0.019295,-0.0057634,0.055949,0.028573,0,-0.010872,0,-0.070616,-0.093562,-0.0094251,0.082044,-0.08666,-0.0011871,-0.012444,-0.64115,-0.0048927,0.098173,-0.49743,-0.028318,-0.022311,-1.0937,0.037685,0.058315,-0.95808,-0.0059207
-0.048086,0.48152,-0.058933,-0.047045,0.31609,0.020048,-0.21268,0.23598,0.010282,0.1574,0.2689,0.040437,-0.28478,-0.054466,-0.0087176,0.2742,0.0023553,0.089577,-0.41045,-0.24146,-0.091784,0.44443,-0.17356,-0.011388,-0.0098909,-0.0059518,0.028766,0,-0.067148,0,-0.075057,-0.15796,-0.011089,0.095377,-0.14186,-0.0032034,-0.026595,-0.67857,-0.0083617,0.10834,-0.54891,-0.018067,-0.037724,-1.0998,0.067492,0.039544,-1.0062,0.0073691
-0.019508,0.45013,-0.048731,-0.037122,0.2605,0.017684,-0.18692,0.18169,0.0033518,0.17781,0.22017,0.023036,-0.25624,-0.091265,-0.017751,0.30311,-0.064036,0.071529,-0.38421,-0.29454,-0.10291,0.45214,-0.22435,-0.046379,-0.0074669,-0.061824,0.028688,0,-0.12341,0,-0.076187,-0.20994,-0.014198,0.092089,-0.20135,0.0010388,-0.0056529,-0.67964,-0.024925,0.070799,-0.70709,-0.041856,-0.016383,-1.0999,0.07004,0.055636,-1.095,0.073305
-0.033654,0.3813,-0.020055,-0.030718,0.19681,0.024503,-0.19336,0.10718,0.0028023,0.16651,0.14199,0.026152,-0.27451,-0.15773,-0.015011,0.30377,-0.1289,0.068936,-0.41174,-0.34981,-0.098328,0.45368,-0.26991,-0.059738,-0.0067243,-0.12299,0.030657,0,-0.18333,0,-0.07677,-0.27184,-0.016645,0.089887,-0.25717,0.00061508,-0.018911,-0.68418,-0.013784,0.058585,-0.70715,-0.025265,-0.031883,-1.1026,0.090105,0.042451,-1.0966,0.090628
-0.030063,0.36956,-0.013309,-0.021647,0.18195,0.033169,-0.18473,0.064051,-0.002727,0.17108,0.087396,0.043948,-0.28088,-0.19321,-0.0079971,0.3178,-0.13994,0.057559,-0.41871,-0.37303,-0.087313,0.46939,-0.28315,-0.066081,-0.0067228,-0.1587,0.034125,0,-0.22403,0,-0.078459,-0.31359,-0.017307,0.086219,-0.294,-0.0018087,-0.0041959,-0.71357,-0.014423,0.065965,-0.71544,-0.023081,-0.028959,-1.1043,0.10249,0.044056,-1.0938,0.095439
-0.029376,0.37521,-0.0095811,-0.017923,0.18339,0.032906,-0.18306,0.065062,-0.001071,0.17368,0.08871,0.045329,-0.28069,-0.19484,-0.0083111,0.32152,-0.1376,0.055366,-0.42239,-0.37428,-0.080036,0.47254,-0.28267,-0.066607,-0.0061856,-0.15765,0.035618,0,-0.22229,0,-0.081596,-0.30543,-0.01815,0.085591,-0.29566,-0.0017076,-0.0054184,-0.70479,-0.013469,0.064765,-0.7216,-0.020349,-0.026633,-1.1047,0.1056,0.03996,-1.1078,0.11257
-0.021136,0.43273,0.0018506,-0.0049092,0.23738,0.020269,-0.17958,0.10163,-0.010046,0.18178,0.14189,0.032021,-0.27886,-0.14025,-0.010388,0.31268,-0.10083,0.054199,-0.41547,-0.33219,-0.03776,0.46838,-0.24781,-0.058167,-0.0045409,-0.12419,0.033701,0,-0.19221,0,-0.081286,-0.27198,-0.018928,0.084668,-0.27805,0.0029991,-0.045505,-0.7141,0.012837,0.067062,-0.71253,-0.0045314,-0.033922,-1.1052,0.15121,0.046399,-1.1082,0.11273
-0.019747,0.49254,0.027416,-0.0126,0.30479,0.0299,-0.18566,0.17203,-0.0020108,0.18514,0.20813,0.037892,-0.27875,-0.075596,-0.00037529,0.3106,-0.021837,0.074164,-0.41458,-0.26851,-0.0080745,0.46077,-0.21339,-0.025461,-0.0053472,-0.048722,0.035675,0,-0.11522,0,-0.080589,-0.20027,-0.022959,0.085663,-0.19931,0.0056669,-0.050532,-0.70754,0.028992,0.059816,-0.69851,0.040412,-0.034796,-1.1288,0.20175,0.043981,-1.1083,0.11403
-0.016784,0.54244,0.028847,-0.00387,0.35297,0.041304,-0.18189,0.22956,0.01168,0.18949,0.25216,0.050046,-0.27291,-0.019385,0.015972,0.31849,0.0086234,0.086899,-0.41427,-0.20831,0.0072229,0.46374,-0.17341,0.035702,-0.0039703,-0.0050333,0.038933,0,-0.070876,0,-0.081599,-0.15301,-0.022793,0.082797,-0.15407,0.00056239,-0.044443,-0.68785,0.068909,0.060613,-0.68864,0.058123,-0.030088,-1.1217,0.21301,0.04635,-1.097,0.11793
-0.015507,0.58952,0.021743,-0.004435,0.39853,0.043577,-0.18125,0.28078,0.012796,0.18118,0.30138,0.031191,-0.26865,0.024798,0.027704,0.31216,0.049319,0.095256,-0.41183,-0.18248,0.021397,0.4605,-0.13253,0.057132,-0.0023282,0.032554,0.040687,0,-0.035108,0,-0.079632,-0.11409,-0.021768,0.081001,-0.11811,1.0753e-06,-0.036092,-0.65345,0.070963,0.01871,-0.66328,0.04076,-0.021241,-1.0776,0.21291,0.045409,-1.0946,0.11542
-0.015316,0.61118,0.0063874,-0.0038223,0.41903,0.042775,-0.17934,0.31723,0.01506,0.18152,0.33173,0.036055,-0.26922,0.035621,0.030438,0.29513,0.086091,0.10427,-0.42285,-0.16104,0.032996,0.44692,-0.11348,0.068995,-0.0025727,0.073442,0.041574,0,0.01154,0,-0.07971,-0.073946,-0.019833,0.081217,-0.065236,-0.0009366,-0.020654,-0.60101,0.057782,0.0080927,-0.59355,0.00036991,-0.003652,-1.0239,0.21784,0.027599,-0.97377,0.13309
-0.013112,0.6235,0.0047647,-0.0067556,0.44572,0.039682,-0.17444,0.33575,0.0079079,0.17932,0.36126,0.027005,-0.2669,0.054681,0.032254,0.28753,0.099111,0.10895,-0.43079,-0.11426,0.03829,0.44585,-0.076026,0.090807,-0.0027871,0.0896,0.042273,0,0.024538,0,-0.078417,-0.054283,-0.019329,0.080604,-0.053689,-0.0012151,-0.024079,-0.57868,0.05615,0.0045949,-0.54343,-0.03293,0.0027498,-0.96713,0.18962,0.02269,-0.94158,0.13249
-0.016176,0.62913,-0.0046851,-0.0096134,0.44883,0.036026,-0.17517,0.34468,-0.0052647,0.17352,0.37373,0.017806,-0.27056,0.061665,0.032705,0.28226,0.1091,0.10777,-0.43142,-0.11059,0.035934,0.43702,-0.069355,0.090933,-0.0039021,0.094108,0.042598,0,0.0293,0,-0.076606,-0.049707,-0.018127,0.080709,-0.046896,-0.00027636,-0.026653,-0.57585,0.054722,0.00234,-0.54127,-0.03475,-0.011892,-0.90927,0.12409,0.034613,-0.91405,0.099562
-0.017764,0.63447,-0.00731,-0.01302,0.45202,0.033419,-0.17257,0.3519,-0.0096327,0.1726,0.37407,0.008153,-0.26939,0.066358,0.03482,0.28085,0.11443,0.10658,-0.43372,-0.10349,0.023857,0.43447,-0.065182,0.092635,-0.0039079,0.097971,0.042987,0,0.032911,0,-0.076722,-0.045634,-0.017063,0.081645,-0.043098,-0.00085488,-0.026125,-0.57523,0.05754,-0.027411,-0.51763,-0.018553,-0.011211,-0.91001,0.12746,0.015345,-0.94154,0.04215
-0.017982,0.63519,-0.012852,-0.014127,0.44824,0.028608,-0.17179,0.35206,-0.015496,0.16334,0.35437,-0.017074,-0.2676,0.068969,0.029178,0.28191,0.10767,0.10312,-0.4266,-0.10674,-0.032772,0.43659,-0.070552,0.075458,-0.0020203,0.092736,0.042628,0,0.026347,0,-0.07468,-0.050747,-0.014665,0.079778,-0.048301,-0.0010549,-0.022427,-0.60042,-0.00045593,-0.0032801,-0.59485,-0.011434,-0.015371,-1.0113,0.019351,0.025982,-1.006,-0.0049905
-0.011857,0.61643,-0.016159,-0.021748,0.41663,0.014058,-0.16918,0.33539,-0.021845,0.16658,0.34114,-0.015659,-0.25636,0.051585,0.019404,0.28099,0.068808,0.076296,-0.42166,-0.12896,-0.059989,0.44278,-0.09084,-0.0022388,-0.0041726,0.059111,0.038946,0,-0.0098281,0,-0.068558,-0.089388,-0.011527,0.076494,-0.080951,0.0016237,-0.018989,-0.63983,0.0025162,0.0030582,-0.62938,-0.0076433,-0.042606,-1.112,-0.0048637,0.014804,-1.0854,-0.034654
-0.011545,0.50509,-0.019101,-0.014411,0.25878,-0.00046346,-0.16966,0.29785,-0.026911,0.17865,0.31483,-0.013846,-0.24195,0.0169,0.00062261,0.28619,0.034693,0.056976,-0.39686,-0.17953,-0.09567,0.46593,-0.13411,-0.04733,-0.0057373,0.0017063,0.033349,0,-0.037368,0,-0.066322,-0.11852,-0.0098015,0.070938,-0.11955,0.0021141,-0.013549,-0.66922,-0.018198,0.0009683,-0.66819,-0.024151,-0.033981,-1.1027,-0.0040636,0.020476,-1.0875,-0.033558
-0.013425,0.50567,-0.028739,-0.019077,0.26101,-0.0028173,-0.1803,0.24217,-0.038831,0.17652,0.26537,-0.010917,-0.24856,-0.048083,-0.026962,0.28531,-0.026473,0.028552,-0.39599,-0.24277,-0.12116,0.46251,-0.18246,-0.099242,-0.0076185,-0.013734,0.03007,0,-0.078488,0,-0.065875,-0.16091,-0.0082918,0.07709,-0.15653,0.0052314,-0.014393,-0.7106,-0.057263,0.0040411,-0.68425,-0.054128,-0.032357,-1.1132,0.0025399,-0.0060063,-1.1243,0.0039647
-0.0094005,0.43383,-0.035878,-0.010023,0.19701,-0.0062594,-0.16841,0.18406,-0.035457,0.19005,0.20421,-0.0044109,-0.23693,-0.11273,-0.050473,0.29963,-0.076352,0.018934,-0.36761,-0.2962,-0.13657,0.46675,-0.24184,-0.1282,-0.0043192,-0.086115,0.027336,0,-0.1419,0,-0.070254,-0.22564,-0.011383,0.075067,-0.22093,0.0081229,0.038859,-0.76472,-0.083412,0.010761,-0.68385,-0.069303,-0.024935,-1.1225,0.020028,0.007699,-1.1231,0.0083466
-0.028672,0.3801,-0.0026152,-0.026876,0.19533,0.017376,-0.18795,0.10691,-0.016172,0.1658,0.13343,0.010934,-0.26449,-0.19289,-0.04241,0.28728,-0.13168,0.016577,-0.40947,-0.36393,-0.13185,0.45588,-0.29138,-0.13931,-0.0067479,-0.13579,0.031709,0,-0.19779,0,-0.073331,-0.28302,-0.018833,0.084541,-0.27299,0.0050228,0.023685,-0.77646,-0.07574,0.00035776,-0.68974,-0.064611,-0.040577,-1.1205,0.044426,-0.0059394,-1.1193,0.0327
-0.018868,0.37358,0.015032,0.00026196,0.16006,0.030623,-0.17166,0.04043,-0.013662,0.17353,0.081627,0.020623,-0.25922,-0.20526,-0.021368,0.30535,-0.16791,0.031254,-0.40498,-0.37769,-0.10598,0.45936,-0.30064,-0.12194,-0.0022602,-0.18831,0.034355,0,-0.25273,0,-0.080048,-0.33126,-0.021333,0.078844,-0.33178,0.0047314,-0.0079691,-0.73243,-0.062296,0.0018432,-0.72973,-0.059504,-0.028831,-1.1229,0.062722,0.010259,-1.1221,0.049887
-0.021324,0.37142,0.017659,0.0019816,0.16267,0.028952,-0.17061,0.04059,-0.014036,0.17604,0.074063,0.028721,-0.27155,-0.21488,-0.02004,0.30701,-0.16853,0.030102,-0.41552,-0.39169,-0.097175,0.46153,-0.30207,-0.11927,-0.0030811,-0.18672,0.035042,0,-0.2516,0,-0.082984,-0.32967,-0.01886,0.079694,-0.33077,0.0041346,-0.014239,-0.73162,-0.054241,0.00066946,-0.72856,-0.056984,-0.027824,-1.1229,0.062505,0.014476,-1.1195,0.050015
-0.01805,0.4021,0.02482,0.00078509,0.20664,0.019451,-0.17657,0.070402,-0.01623,0.17948,0.087131,0.027465,-0.26592,-0.18826,-0.021993,0.31161,-0.151,0.028156,-0.42186,-0.36593,-0.049327,0.46242,-0.29125,-0.10182,-0.0037164,-0.15194,0.033796,0,-0.2208,0,-0.085046,-0.30025,-0.017172,0.083741,-0.3062,0.0039152,-0.011932,-0.71002,-0.037061,0.036024,-0.80393,-0.025602,-0.02499,-1.1255,0.060962,0.016402,-1.1336,0.047979
-0.016357,0.46662,0.032767,-0.0008746,0.27164,0.033444,-0.17853,0.14329,-0.008181,0.18237,0.17114,0.036718,-0.26195,-0.10705,0.01051,0.31579,-0.093058,0.039193,-0.40156,-0.29748,-0.020963,0.46343,-0.26727,-0.036683,-0.004108,-0.092591,0.037045,0,-0.16103,0,-0.08311,-0.23546,-0.017673,0.083439,-0.24945,0.0001742,-0.015567,-0.70527,-0.0096327,-0.012244,-0.72399,0.0045841,-0.02245,-1.1251,0.059451,0.016807,-1.1176,0.044958
-0.011302,0.53056,0.038545,0.004085,0.3426,0.053446,-0.17166,0.21237,-7.5272e-05,0.18271,0.23445,0.04023,-0.25361,-0.034683,0.034234,0.30343,-0.019716,0.0574,-0.38905,-0.22894,0.024066,0.44243,-0.20844,0.010408,-0.003011,-0.031353,0.0416,0,-0.099809,0,-0.080085,-0.18146,-0.020501,0.078617,-0.17719,-0.0034023,-0.020903,-0.70897,0.02947,0.040498,-0.72662,0.035938,-0.017384,-1.1221,0.055616,0.015883,-1.069,0.042053
-0.0072226,0.56789,0.033768,0.0067394,0.39075,0.057662,-0.16669,0.2556,0.0047314,0.18127,0.28295,0.029438,-0.24475,-0.0062879,0.044426,0.30412,0.025433,0.079763,-0.39159,-0.19116,0.050447,0.4395,-0.16754,0.043484,-0.001062,0.010167,0.043573,0,-0.058989,0,-0.080128,-0.13174,-0.016645,0.077298,-0.13829,-0.006653,0.0023793,-0.67796,0.010047,0.039132,-0.6877,0.03886,-0.018514,-1.1135,0.05398,0.01646,-1.0301,0.045249
-0.0032367,0.61238,0.029793,0.010504,0.41267,0.05462,-0.16573,0.31078,0.020866,0.18183,0.30742,0.022171,-0.24606,0.030339,0.046445,0.29216,0.061738,0.08395,-0.39441,-0.15371,0.048857,0.43135,-0.12838,0.046342,0.001703,0.0512,0.044195,0,-0.013211,0,-0.080151,-0.085376,-0.015918,0.076599,-0.096498,-0.0085982,-0.017441,-0.60013,-0.018344,-0.053944,-0.52522,-0.017872,-0.0020935,-1.0168,0.069416,0.019926,-0.97446,0.058304
0.002571,0.62558,0.026603,0.0083937,0.43919,0.055519,-0.16318,0.33149,0.021807,0.18404,0.34283,0.018647,-0.24542,0.064575,0.045975,0.28834,0.079006,0.081542,-0.41111,-0.10406,0.048816,0.4523,-0.091018,0.049816,0.0019427,0.076889,0.045494,0,0.01166,0,-0.079394,-0.062704,-0.01412,0.076193,-0.067863,-0.010531,0.053156,-0.49579,-0.040368,-0.037986,-0.51985,-0.028328,0.0018068,-0.94211,0.060664,0.026364,-0.95864,0.071996
0.0048472,0.63554,0.021012,0.012068,0.45494,0.053507,-0.15998,0.35366,0.025333,0.18687,0.358,0.023902,-0.24492,0.07755,0.04614,0.29278,0.084088,0.076261,-0.42488,-0.076657,0.031468,0.46033,-0.08013,0.029615,0.0022813,0.092127,0.045968,0,0.027103,0,-0.078694,-0.046991,-0.013377,0.074176,-0.052457,-0.010437,0.053553,-0.49572,-0.045378,0.0034932,-0.57272,-0.024851,-0.0015182,-0.9415,0.056669,0.029216,-0.9585,0.066875
