-0.013563,0.61074,0.036147,0.0044295,0.42698,0.028759,-0.15301,0.30449,0.045434,0.15344,0.31835,0.023123,-0.20656,0.033616,0.074916,0.25531,0.065887,0.084917,-0.34263,-0.13603,0.047761,0.41418,-0.080955,0.045643,0.0051369,0.067404,0.049979,0,0.002012,0,-0.072033,-0.064657,-0.0021325,0.068926,-0.066819,-0.019566,-0.022089,-0.49667,-0.092434,0.030206,-0.56625,-0.037878,0.016546,-0.8962,-0.0015289,0.059573,-0.93261,0.065594
-0.016118,0.58221,0.026772,-0.00086156,0.3519,0.012829,-0.1613,0.28157,0.034665,0.15243,0.30246,0.012761,-0.20906,0.019283,0.077255,0.25644,0.054742,0.086226,-0.35723,-0.13951,0.04604,0.42413,-0.082781,0.051532,0.0031582,0.037651,0.043518,0,-0.019659,0,-0.071211,-0.088824,-0.0021803,0.069948,-0.09414,-0.012121,-0.012888,-0.5505,-0.07944,0.036591,-0.64263,-0.034468,-0.014514,-0.96505,-0.051451,0.047856,-1.0288,0.049713
-0.018371,0.54825,0.04066,-0.0076729,0.35138,0.013923,-0.16725,0.25732,0.036797,0.15415,0.26414,0.020059,-0.21669,-0.011207,0.078817,0.26534,0.0059913,0.083857,-0.38642,-0.14772,0.057389,0.46813,-0.072806,0.057381,0.00027645,0.0066011,0.042586,0,-0.066464,0,-0.070094,-0.14404,0.0014668,0.073738,-0.13074,-0.0061887,0.013096,-0.62401,-0.080577,0.027086,-0.65719,-0.060895,-0.005671,-1.0352,-0.033206,0.038781,-1.0456,-0.036603
-0.029192,0.49362,0.023824,-0.0084308,0.30265,0.0060218,-0.18392,0.19654,0.03313,0.14383,0.19955,0.01534,-0.21358,-0.041399,0.065663,0.26107,-0.020839,0.076434,-0.40535,-0.13839,0.016201,0.47219,-0.062824,0.029109,0.00094392,-0.046614,0.037999,0,-0.11198,0,-0.072775,-0.19283,0.00061887,0.076207,-0.18253,-0.0079283,0.014569,-0.64346,-0.079799,-0.0015473,-0.74576,-0.058228,-0.0086048,-1.0465,-0.031635,0.031495,-1.0547,-0.017663
-0.035861,0.4295,0.026742,-0.016013,0.23789,0.0060686,-0.17966,0.124,0.019578,0.14246,0.14078,0.024495,-0.22781,-0.11374,0.063925,0.25206,-0.075931,0.051098,-0.42828,-0.14275,-0.029563,0.45997,-0.061105,-0.025625,-0.0031533,-0.10247,0.036217,0,-0.16839,0,-0.070078,-0.24608,-0.0035657,0.075788,-0.23559,-0.0032247,0.013257,-0.65542,-0.08607,-0.0089528,-0.76987,-0.059697,-0.012482,-1.0484,-0.044228,0.01632,-1.0652,0.0021834
-0.042116,0.37934,0.026294,-0.012518,0.20124,0.015238,-0.18468,0.06919,0.033617,0.14002,0.10353,0.040798,-0.23675,-0.13967,0.07073,0.27006,-0.11298,0.048527,-0.43083,-0.15301,-0.040547,0.45648,-0.075867,-0.071103,-0.0026173,-0.14011,0.036832,0,-0.20547,0,-0.073151,-0.28089,-0.0060035,0.077841,-0.27865,-0.0051108,0.016503,-0.6867,-0.10033,-0.021438,-0.82987,-0.071547,-0.015001,-1.0562,-0.054962,0.01464,-1.0575,0.016195
-0.043851,0.36644,0.035104,-0.017831,0.17057,0.026316,-0.18169,0.054273,0.034835,0.14498,0.078252,0.047212,-0.27695,-0.16704,0.024295,0.27729,-0.13034,0.035753,-0.475,-0.15496,-0.078858,0.45459,-0.076721,-0.11638,-0.0039354,-0.16189,0.038418,0,-0.22455,0,-0.074046,-0.30433,-0.0089961,0.079823,-0.29212,-0.0052401,0.017423,-0.70902,-0.10669,-0.016175,-0.83072,-0.07202,-0.023408,-1.0598,-0.057801,0.014164,-1.0582,0.020165
-0.043223,0.36468,0.034386,-0.018058,0.17199,0.030777,-0.18114,0.051505,0.034593,0.14511,0.077014,0.047551,-0.28989,-0.15888,0.0098246,0.25684,-0.14905,0.027095,-0.48092,-0.15178,-0.10782,0.42201,-0.08858,-0.1193,-0.0040333,-0.16356,0.03956,0,-0.22593,0,-0.074254,-0.30475,-0.010173,0.080409,-0.29411,-0.0048003,0.0018117,-0.65524,-0.10011,-0.016779,-0.82903,-0.080461,-0.022055,-1.0668,0.028061,0.014044,-1.0581,0.018558
-0.04167,0.38142,0.039567,-0.016019,0.19713,0.041794,-0.1766,0.076551,0.046824,0.14936,0.099091,0.05489,-0.28442,-0.13681,0.0044553,0.25539,-0.14129,0.019532,-0.47214,-0.15057,-0.11839,0.42417,-0.089532,-0.12125,-0.0032736,-0.14582,0.042317,0,-0.20804,0,-0.074514,-0.28155,-0.010391,0.080305,-0.28049,-0.0077044,0.0068712,-0.68698,-0.1145,-0.019932,-0.82277,-0.093789,-0.013318,-1.0772,0.008478,0.019459,-1.0911,0.028686
-0.029488,0.4395,0.054133,-0.0095524,0.25927,0.072087,-0.17109,0.13934,0.053495,0.15555,0.15592,0.068256,-0.22993,-0.071496,0.041115,0.24951,-0.066188,0.043085,-0.40615,-0.13106,-0.085407,0.45418,-0.091928,-0.12522,-0.002935,-0.087606,0.048264,0,-0.14718,0,-0.073349,-0.2221,-0.015278,0.076733,-0.21628,-0.014862,-0.0030009,-0.65512,-0.092253,-0.0053395,-0.75081,-0.061605,-0.008763,-1.0448,0.033259,0.024088,-1.0587,0.0003868
-0.035651,0.4972,0.055308,-0.012011,0.32289,0.081898,-0.1753,0.20433,0.070258,0.14624,0.21802,0.066572,-0.1675,-0.039816,-0.027839,0.27368,0.0028017,0.07095,-0.38202,-0.091164,-0.051571,0.4358,-0.085009,-0.058199,-0.0010517,-0.040574,0.050952,0,-0.10529,0,-0.072662,-0.18425,-0.017956,0.0767,-0.16566,-0.012802,-0.0039704,-0.64978,-0.074392,-0.022665,-0.7299,-0.030859,-0.0060053,-1.0416,0.045693,0.028024,-1.0317,-0.013737
-0.026444,0.54673,0.065296,-0.005445,0.32393,0.072322,-0.1642,0.25884,0.07016,0.15529,0.26943,0.063508,-0.22989,0.0095809,0.046931,0.2776,0.020535,0.068596,-0.39955,-0.08753,-0.062373,0.45354,-0.079134,-0.025669,0.0015666,-0.0067267,0.048281,0,-0.054572,0,-0.070701,-0.12934,-0.013768,0.072278,-0.12385,-0.01741,-0.018141,-0.62122,-0.056718,-0.014036,-0.69031,-0.031761,0.0040228,-1.0203,0.040006,0.042342,-0.99252,-0.026604
-0.02315,0.58043,0.070075,0.0008981,0.35363,0.074679,-0.16372,0.27634,0.071077,0.14982,0.28834,0.054713,-0.22631,0.021366,0.043968,0.27388,0.052057,0.081904,-0.39485,-0.092208,-0.047695,0.43977,-0.073581,0.0041855,0.0025013,0.022132,0.051314,0,-0.035848,0,-0.069423,-0.10854,-0.011556,0.068193,-0.096963,-0.018268,-0.015926,-0.6187,-0.062363,0.0023334,-0.66612,-0.025649,0.0087684,-1.0051,-0.0074794,0.059184,-0.96798,-0.018016
-0.01181,0.59856,0.058236,0.016018,0.43502,0.078078,-0.15413,0.31237,0.072857,0.15837,0.30914,0.042291,-0.21389,0.038287,0.046047,0.27331,0.06858,0.093408,-0.37813,-0.10367,0.013601,0.43086,-0.071418,0.0249,0.0060524,0.068451,0.052384,0,0.0034328,0,-0.074336,-0.0579,-0.0064911,0.070204,-0.074975,-0.022865,-0.0043003,-0.60936,-0.06328,0.061266,-0.4942,-0.095233,0.0075372,-0.92591,0.035479,0.11281,-0.79735,-0.091185
-0.012174,0.62264,0.066632,0.017687,0.43949,0.075383,-0.15129,0.31762,0.071752,0.16188,0.32768,0.047505,-0.21169,0.054542,0.065181,0.26957,0.076391,0.10376,-0.36276,-0.10084,0.028851,0.42481,-0.068906,0.042839,0.0061652,0.074352,0.052017,0,0.011464,0,-0.074252,-0.05391,-0.0067832,0.068461,-0.058672,-0.021308,-0.029448,-0.52488,-0.086039,0.06605,-0.47813,-0.092533,0.0075342,-0.91413,0.036233,0.065576,-0.88472,-0.021098
-0.0077172,0.62779,0.065015,0.018324,0.42029,0.066142,-0.15031,0.32549,0.074436,0.16257,0.33158,0.049934,-0.21086,0.056217,0.08025,0.26654,0.081154,0.10928,-0.35776,-0.10264,0.040762,0.42937,-0.063766,0.094486,0.006518,0.077125,0.049745,0,0.019348,0,-0.073828,-0.047167,-0.0057002,0.067571,-0.051636,-0.021647,-0.02992,-0.50693,-0.081802,0.062763,-0.47098,-0.093385,0.0088404,-0.87887,0.057648,0.060699,-0.87782,-0.022934
-0.0075424,0.62606,0.068348,0.017329,0.43111,0.075005,-0.14771,0.32668,0.077166,0.16183,0.33112,0.058485,-0.20941,0.051055,0.098236,0.26481,0.080356,0.11342,-0.35472,-0.10862,0.055067,0.42835,-0.063711,0.095283,0.0057879,0.077179,0.051326,0,0.01927,0,-0.072991,-0.047217,-0.0054915,0.067206,-0.051255,-0.021953,-0.030778,-0.50991,-0.078737,0.061115,-0.47406,-0.090502,-0.00044681,-0.89909,0.045406,0.058885,-0.88132,-0.021643
-0.0082346,0.59911,0.071732,0.014857,0.37208,0.075697,-0.1486,0.30904,0.085414,0.16647,0.31719,0.070031,-0.21167,0.039014,0.10903,0.27061,0.058405,0.12159,-0.36155,-0.11598,0.063747,0.44597,-0.06963,0.088898,0.0050934,0.062141,0.0529,0,0.010242,0,-0.072856,-0.05757,-0.0053592,0.067081,-0.061413,-0.023296,-0.011038,-0.62465,-0.036923,0.060562,-0.52875,-0.088112,-0.0071096,-0.99778,0.050874,0.058611,-0.93639,-0.020781
-0.0049508,0.57991,0.082436,0.018407,0.35025,0.068467,-0.14517,0.27781,0.0786,0.15711,0.28085,0.053082,-0.20947,0.0078437,0.10283,0.27535,0.037781,0.11391,-0.37664,-0.12833,0.057442,0.45806,-0.073221,0.058086,0.0069054,0.017299,0.05256,0,-0.03653,0,-0.070261,-0.1037,0.0012062,0.063988,-0.1029,-0.03083,-0.004011,-0.63684,-0.045701,0.065853,-0.54863,-0.093876,-0.011675,-1.0408,0.036411,0.063902,-0.95632,-0.026534
-0.017588,0.52922,0.086454,0.017665,0.35023,0.076269,-0.1543,0.22308,0.08137,0.15956,0.23294,0.06042,-0.21145,-0.023939,0.097691,0.27391,-0.0011965,0.093926,-0.3871,-0.14748,0.046944,0.4546,-0.098939,0.0079039,0.0059094,-0.0070598,0.054599,0,-0.073477,0,-0.073432,-0.14926,-0.0060493,0.067212,-0.14129,-0.0263,-0.0052238,-0.64068,-0.052196,0.069781,-0.58351,-0.08881,-0.013798,-1.0412,0.042186,0.06783,-0.99125,-0.021459
-0.015425,0.4697,0.080963,0.0019442,0.27815,0.072709,-0.16768,0.16344,0.086125,0.16299,0.17796,0.06173,-0.22117,-0.086289,0.11039,0.26098,-0.053053,0.084966,-0.39998,-0.17349,0.0081746,0.45106,-0.11376,-0.015901,0.0040046,-0.069959,0.053792,0,-0.12835,0,-0.074226,-0.20745,-0.0062142,0.073524,-0.19614,-0.024746,-0.0098451,-0.64183,-0.064032,0.077757,-0.61657,-0.087408,-0.031081,-1.0295,0.065989,0.075806,-1.0244,-0.020045
-0.02072,0.41379,0.075143,0.005403,0.23814,0.073364,-0.16611,0.10423,0.075961,0.15993,0.1236,0.067709,-0.2284,-0.1489,0.085828,0.26746,-0.10322,0.069871,-0.4199,-0.21583,-0.0070865,0.44029,-0.14744,-0.068463,0.0026246,-0.11569,0.054296,0,-0.17531,0,-0.073354,-0.25123,-0.01039,0.071163,-0.24138,-0.020099,-0.0096985,-0.66701,-0.071048,0.084696,-0.66147,-0.083499,-0.035776,-1.0418,0.087463,0.012452,-1.0602,-0.0052818
-0.025403,0.37387,0.077218,0.0038647,0.1807,0.068298,-0.16577,0.071889,0.074029,0.15523,0.096129,0.062619,-0.23339,-0.15479,0.087877,0.28651,-0.15146,0.030585,-0.41731,-0.23158,-0.013524,0.47274,-0.16902,-0.094421,0.003098,-0.15543,0.053776,0,-0.21066,0,-0.07509,-0.28313,-0.0089319,0.074025,-0.28015,-0.020294,-0.035555,-0.70066,-0.079032,0.075459,-0.69934,-0.091895,-0.041838,-1.0711,0.089683,0.080696,-0.99436,-0.025099
-0.026601,0.37366,0.074815,0.0035981,0.18256,0.067123,-0.16377,0.067128,0.068404,0.15681,0.089869,0.062212,-0.23579,-0.15911,0.086993,0.2342,-0.1627,0.049839,-0.41792,-0.23799,-0.016239,0.43684,-0.16935,-0.078223,0.0019847,-0.1573,0.053408,0,-0.21458,0,-0.075702,-0.28661,-0.0091203,0.074651,-0.28467,-0.019263,-0.039579,-0.70389,-0.082805,0.072647,-0.70296,-0.096602,-0.04297,-1.0759,0.082956,0.077266,-0.99658,-0.02545
-0.029699,0.38423,0.073305,0.0021899,0.20495,0.062124,-0.16464,0.079474,0.05786,0.15354,0.099802,0.059362,-0.23809,-0.14558,0.095626,0.21954,-0.13082,0.078296,-0.40976,-0.23194,-0.020349,0.42215,-0.16859,-0.061292,0.00051556,-0.14763,0.05316,0,-0.20731,0,-0.074921,-0.28078,-0.0086856,0.076034,-0.27352,-0.015297,-0.039976,-0.69769,-0.085208,0.074844,-0.69048,-0.10049,-0.047015,-1.0717,0.076487,0.061371,-0.9808,-0.020606
-0.026762,0.44935,0.09022,-0.0088751,0.26746,0.077276,-0.17001,0.14305,0.07602,0.14819,0.15625,0.065324,-0.23471,-0.10401,0.086749,0.22525,-0.071941,0.090695,-0.41125,-0.20267,-0.007682,0.41437,-0.15326,-0.041844,0.00045589,-0.087697,0.05565,0,-0.14691,0,-0.071869,-0.22249,-0.011936,0.074872,-0.21149,-0.018591,-0.035202,-0.66146,-0.060781,0.069014,-0.63038,-0.091157,-0.053626,-1.049,0.069981,0.055098,-0.95617,0.023436
-0.022898,0.49941,0.088033,0.0029716,0.33296,0.090216,-0.16604,0.21221,0.087108,0.15127,0.21378,0.063554,-0.22126,-0.034623,0.088107,0.27919,-0.019967,0.084207,-0.38933,-0.16724,0.033844,0.44447,-0.13762,-0.0090185,0.0042497,-0.038764,0.058029,0,-0.10333,0,-0.074695,-0.18027,-0.011621,0.074182,-0.16551,-0.021301,-0.038828,-0.67215,-0.0077909,0.05978,-0.59862,-0.079004,-0.053556,-1.0625,0.047811,0.050296,-0.95238,0.02021
-0.01925,0.56136,0.10548,0.0033288,0.38517,0.082539,-0.16303,0.2582,0.083432,0.15375,0.27218,0.06585,-0.22741,-0.021485,0.079356,0.27647,0.011291,0.089305,-0.40916,-0.1417,0.074375,0.44556,-0.11316,0.01742,0.0034606,0.0099038,0.056585,0,-0.051668,0,-0.070875,-0.12898,-0.010475,0.069812,-0.11392,-0.02004,-0.021259,-0.66616,-0.0072158,0.046477,-0.57301,-0.073555,-0.045853,-1.0533,0.028656,0.047999,-0.94763,0.02324
-0.013004,0.58158,0.1012,0.0057207,0.40238,0.079062,-0.15567,0.28139,0.081322,0.15576,0.29356,0.056257,-0.22502,0.031882,0.095273,0.28768,0.041366,0.099443,-0.38365,-0.11716,0.069043,0.46561,-0.083463,0.068693,0.0049889,0.030996,0.056338,0,-0.031891,0,-0.071102,-0.11036,-0.0086276,0.069077,-0.088966,-0.020094,-0.0080449,-0.62577,-0.020673,0.049786,-0.50987,-0.072046,-0.033002,-1.0062,0.025696,0.067123,-0.9036,0.042781
-0.010562,0.60972,0.084455,0.01617,0.43756,0.071455,-0.15233,0.3078,0.074491,0.15747,0.31805,0.044349,-0.22409,0.049054,0.08814,0.27988,0.060785,0.09564,-0.38569,-0.10758,0.067979,0.45307,-0.070248,0.062746,0.0073595,0.066107,0.055107,0,0.0032987,0,-0.073443,-0.058988,-0.0053765,0.067866,-0.069764,-0.02166,-0.031651,-0.6135,-0.026201,0.034641,-0.49429,-0.089381,-0.030799,-0.92104,0.027774,0.022188,-0.883,0.039327
-0.0011136,0.62381,0.076673,0.017023,0.44453,0.065489,-0.14764,0.32723,0.0763,0.16403,0.33915,0.049993,-0.22405,0.055205,0.086043,0.27732,0.076201,0.093826,-0.39456,-0.080786,0.075348,0.44978,-0.056068,0.06249,0.0070804,0.078493,0.054173,0,0.016016,0,-0.073758,-0.051246,-0.0068046,0.067595,-0.05371,-0.018198,-0.040038,-0.60276,-0.02946,0.0027919,-0.52741,-0.069339,-0.023075,-0.90691,0.024884,0.041673,-0.90469,0.060294
0.0026905,0.62702,0.074707,0.021377,0.45165,0.068795,-0.14228,0.33772,0.076781,0.16418,0.33912,0.046955,-0.22164,0.064834,0.09143,0.27796,0.076373,0.090819,-0.38893,-0.075146,0.07838,0.45686,-0.047562,0.063098,0.0079056,0.082326,0.054745,0,0.019541,0,-0.073081,-0.045208,-0.0064911,0.066318,-0.050198,-0.017859,-0.044122,-0.59539,-0.028942,0.0042203,-0.52825,-0.072156,-0.011741,-0.8835,0.059598,0.046364,-0.90279,0.056816
0.0032041,0.62888,0.075457,0.023845,0.45232,0.069062,-0.13743,0.33489,0.073861,0.17228,0.33987,0.056796,-0.21856,0.070068,0.093226,0.2769,0.074721,0.090355,-0.38653,-0.069039,0.075195,0.45924,-0.043661,0.059194,0.0065379,0.082543,0.05512,0,0.019581,0,-0.073335,-0.045456,-0.0075955,0.066068,-0.050138,-0.016926,-0.03804,-0.60093,-0.019984,0.0033277,-0.533,-0.070585,-0.019588,-0.87319,0.09995,0.052883,-0.91171,0.055299
0.016628,0.6109,0.079378,0.032933,0.43666,0.066404,-0.13728,0.32137,0.073094,0.17207,0.32103,0.05433,-0.22337,0.063916,0.096007,0.28017,0.060363,0.088463,-0.39574,-0.069214,0.070339,0.47058,-0.043094,0.050236,0.0079269,0.070209,0.054905,0,0.0074021,0,-0.074532,-0.056909,-0.0079853,0.06518,-0.063541,-0.016404,-0.034148,-0.62798,-0.010967,0.0050406,-0.55117,-0.067292,-0.023296,-0.90172,0.10694,0.056888,-0.94923,0.024973
0.021071,0.57097,0.071664,0.028991,0.38871,0.064005,-0.13405,0.28123,0.065995,0.17214,0.28201,0.053113,-0.23362,0.0090311,0.082937,0.28233,0.018149,0.072664,-0.43603,-0.072171,0.063499,0.48862,-0.047691,0.032966,0.0068355,0.02564,0.054673,0,-0.036588,0,-0.074424,-0.093149,-0.0099142,0.064952,-0.11484,-0.01427,-0.037814,-0.64438,-0.014425,-0.0051367,-0.62863,-0.066466,-0.002566,-0.93949,0.058553,0.046504,-1.0257,0.025417
0.013388,0.54275,0.070665,0.02401,0.35413,0.058071,-0.14669,0.23757,0.079587,0.16769,0.2408,0.061166,-0.22979,-0.017269,0.076867,0.26947,-0.0062356,0.068817,-0.42018,-0.1164,0.024719,0.45638,-0.076213,-0.032347,0.0067376,-0.010792,0.053757,0,-0.074477,0,-0.072765,-0.14688,-0.0081136,0.064755,-0.1437,-0.014714,-0.0052047,-0.71528,-0.037917,-0.0095292,-0.64418,-0.063903,0.0095682,-1.0464,0.050064,0.037814,-1.0304,0.028806
0.0089967,0.46845,0.072192,0.025791,0.28016,0.050627,-0.1522,0.18014,0.075261,0.17044,0.18051,0.051517,-0.23895,-0.070647,0.082236,0.25868,-0.06917,0.053455,-0.42694,-0.14714,-0.01086,0.43889,-0.1337,-0.064274,0.0077541,-0.066428,0.052634,0,-0.1267,0,-0.076347,-0.19233,-0.0076341,0.0671,-0.20187,-0.014952,-0.038942,-0.75,-0.028426,-0.0083542,-0.66417,-0.071477,0.0024994,-1.0463,0.052174,0.033258,-1.0344,0.024699
0.007943,0.40918,0.07108,0.021375,0.22002,0.049968,-0.15212,0.11198,0.072735,0.16873,0.11727,0.058025,-0.22941,-0.11977,0.073834,0.24719,-0.12412,0.051728,-0.41681,-0.19722,-0.019706,0.42698,-0.15974,-0.07964,0.0059974,-0.11456,0.052676,0,-0.17065,0,-0.075297,-0.24264,-0.011482,0.067785,-0.24314,-0.011511,-0.066072,-0.66353,-0.067818,-0.0017283,-0.66585,-0.084122,-0.0053317,-1.0542,0.043382,0.034962,-1.0343,0.0032053
-0.0010712,0.37212,0.054526,0.024338,0.18426,0.06213,-0.15026,0.073786,0.067323,0.16682,0.079844,0.066313,-0.23877,-0.16804,0.076135,0.25068,-0.16783,0.045693,-0.42227,-0.23004,-0.037319,0.42131,-0.21559,-0.094623,0.004133,-0.1554,0.054569,0,-0.21444,0,-0.078643,-0.27655,-0.01269,0.069449,-0.28846,-0.013996,-0.068906,-0.69609,-0.080082,-0.0080675,-0.67181,-0.097682,-0.010413,-1.0473,0.053268,0.028305,-1.074,0.0061735
-0.0054784,0.36462,0.0411,0.018963,0.1754,0.059445,-0.15152,0.06647,0.061975,0.16382,0.071388,0.063752,-0.24196,-0.17167,0.069949,0.23378,-0.1769,0.044411,-0.42226,-0.24691,-0.040204,0.41709,-0.22769,-0.095439,0.0029291,-0.16605,0.054367,0,-0.22458,0,-0.076178,-0.29073,-0.011262,0.070334,-0.29788,-0.013208,-0.083546,-0.70893,-0.088118,-0.00795,-0.67233,-0.11262,-0.014146,-1.0455,0.046719,0.025754,-1.0746,-0.0013456
-0.009135,0.36464,0.036003,0.015781,0.17506,0.054398,-0.15255,0.068249,0.059155,0.16198,0.071592,0.06089,-0.24256,-0.1722,0.067907,0.22955,-0.17704,0.039171,-0.42365,-0.25061,-0.038182,0.4179,-0.22801,-0.089638,0.0021243,-0.16374,0.05315,0,-0.22175,0,-0.077014,-0.28916,-0.012248,0.072302,-0.29294,-0.01036,-0.058238,-0.75956,-0.085331,-0.014533,-0.69414,-0.12584,-0.017874,-1.0454,0.040819,0.019797,-1.0882,-0.014861
-0.0039631,0.40197,0.059908,-0.0019783,0.21584,0.060426,-0.15401,0.10509,0.070835,0.15812,0.107,0.064732,-0.23919,-0.14195,0.074432,0.2301,-0.12322,0.062056,-0.41314,-0.23608,-0.03068,0.43293,-0.19631,-0.037462,0.0010695,-0.13601,0.054152,0,-0.19564,0,-0.073364,-0.2654,-0.012061,0.073705,-0.26299,-0.011464,-0.06663,-0.68304,-0.092245,-0.012226,-0.67341,-0.12427,-0.024276,-1.0455,0.031075,0.028654,-1.0448,-0.018477
-0.010001,0.45486,0.069431,0.010424,0.28072,0.064414,-0.1568,0.15427,0.075524,0.15787,0.17427,0.068719,-0.24811,-0.084743,0.085247,0.22178,-0.049346,0.087687,-0.42312,-0.20352,0.018685,0.43918,-0.17526,-0.025524,0.0033087,-0.076047,0.055057,0,-0.13691,0,-0.073062,-0.20749,-0.0080667,0.069575,-0.20604,-0.017823,-0.06778,-0.63055,-0.096738,0.0012107,-0.67436,-0.077658,-0.030608,-1.024,0.015383,0.026532,-1.0382,-0.0086785
0.0026407,0.52374,0.08248,0.015588,0.33334,0.068224,-0.15356,0.22639,0.088172,0.16817,0.23223,0.080274,-0.23067,-0.022473,0.098397,0.27609,-0.0049507,0.12326,-0.39271,-0.16618,0.027955,0.44028,-0.11999,0.024136,0.0039192,-0.016055,0.055603,0,-0.074678,0,-0.07251,-0.14192,-0.0072026,0.067064,-0.14998,-0.021166,-0.051665,-0.57039,-0.1038,0.0061043,-0.66983,-0.053672,-0.021975,-0.95573,0.031201,0.024624,-1.0418,-0.0066672
0.0024844,0.55528,0.077189,0.019767,0.3731,0.067886,-0.15293,0.25698,0.08516,0.16783,0.26886,0.085021,-0.23586,-0.013874,0.098795,0.27701,0.022601,0.12956,-0.40731,-0.14147,0.041739,0.44735,-0.098091,0.053047,0.003503,0.0084505,0.055745,0,-0.053245,0,-0.07253,-0.1244,-0.0081278,0.06614,-0.12315,-0.018706,-0.046714,-0.56961,-0.073488,0.0055329,-0.66385,-0.046416,-0.0076277,-0.96025,0.045935,0.029413,-1.0341,-0.00011502
0.0054199,0.59284,0.073055,0.022659,0.40806,0.05968,-0.14997,0.28517,0.072147,0.16318,0.29186,0.05657,-0.22146,0.03365,0.093758,0.27306,0.041432,0.11165,-0.38202,-0.10847,0.040188,0.46122,-0.063266,0.063179,0.0062654,0.041323,0.054491,0,-0.022357,0,-0.073509,-0.083188,-0.0055546,0.066062,-0.095091,-0.015564,-0.070932,-0.55442,-0.068446,0.00040865,-0.60816,-0.063533,0.00614,-0.93423,0.064126,0.055945,-0.97508,0.031646
0.0031367,0.59999,0.061045,0.021729,0.41593,0.04378,-0.14814,0.30968,0.0788,0.16504,0.30833,0.045743,-0.2183,0.047866,0.085291,0.26618,0.067319,0.099658,-0.37646,-0.098268,0.036845,0.44885,-0.05002,0.064467,0.0086096,0.065937,0.050491,0,0.0055853,0,-0.073553,-0.059578,-0.00039799,0.064939,-0.072735,-0.019636,-0.071769,-0.4781,-0.086565,0.0067906,-0.53161,-0.095658,0.0044895,-0.855,0.053168,0.06956,-0.90005,0.067219
-0.0032954,0.60401,0.053787,0.01686,0.41823,0.037328,-0.1522,0.31195,0.073768,0.1662,0.31516,0.050887,-0.2169,0.07068,0.10565,0.26218,0.071079,0.0983,-0.3699,-0.075301,0.03871,0.45451,-0.030327,0.066458,0.0063918,0.074026,0.05013,0,0.013029,0,-0.073216,-0.053444,-0.00046212,0.067632,-0.061911,-0.015639,-0.072054,-0.47382,-0.081943,0.0020924,-0.52546,-0.10031,0.0038026,-0.85095,0.057415,0.062777,-0.89601,0.059061
-0.0053909,0.61073,0.056038,0.014737,0.42055,0.033136,-0.15204,0.31967,0.081205,0.16571,0.31842,0.045808,-0.221,0.0707,0.098068,0.26172,0.07524,0.098966,-0.39484,-0.055061,0.045154,0.45727,-0.01513,0.050968,0.0078476,0.077194,0.049691,0,0.015395,0,-0.072547,-0.052706,0.00045296,0.067266,-0.059609,-0.016348,-0.037605,-0.6174,-0.038786,0.0057057,-0.54244,-0.090828,0.026854,-0.97411,0.11051,0.062008,-0.90864,0.057757
-0.0043018,0.60873,0.051131,0.019183,0.41897,0.03713,-0.15697,0.31819,0.074328,0.16445,0.3156,0.044697,-0.22907,0.070437,0.093091,0.25549,0.074641,0.09232,-0.40512,-0.051793,0.038864,0.45127,-0.0091915,0.031652,0.0074151,0.071717,0.050434,0,0.0095969,0,-0.072861,-0.060112,-6.5145e-05,0.066325,-0.064178,-0.017117,0.0018284,-0.62726,-0.029599,0.0077085,-0.55632,-0.086679,0.025478,-0.98584,0.043207,0.058541,-0.94678,0.029823
0.00056956,0.58229,0.038165,0.029427,0.35619,0.041897,-0.156,0.30403,0.065984,0.16896,0.29275,0.044298,-0.23189,0.058617,0.079607,0.25376,0.064501,0.080128,-0.41274,-0.049558,0.0098297,0.4426,-0.0062164,-0.016343,0.0079996,0.039279,0.052321,0,-0.014455,0,-0.075065,-0.079059,-0.0026363,0.065638,-0.094546,-0.016158,-0.0020063,-0.64607,-0.042305,0.0012544,-0.62716,-0.080834,0.017482,-0.99994,0.022252,0.065678,-1.0211,0.019515
-0.0024909,0.54709,0.04363,0.014484,0.35806,0.038023,-0.15376,0.24516,0.055702,0.16141,0.26146,0.056314,-0.23723,0.011009,0.081956,0.25039,0.0071554,0.088147,-0.42488,-0.065163,-0.012401,0.42804,-0.037304,-0.043578,6.8707e-05,0.0096476,0.05076,0,-0.06403,0,-0.073009,-0.13254,-0.0042629,0.06717,-0.13366,-0.013446,-0.09969,-0.58015,-0.040493,0.011594,-0.65829,-0.051066,-0.0061008,-0.9808,0.011241,0.050748,-1.0446,0.034803
-2.9834e-05,0.49213,0.034738,0.014008,0.30694,0.04716,-0.1615,0.21212,0.06777,0.15712,0.20002,0.051454,-0.24005,-0.025881,0.078682,0.24377,-0.023979,0.075897,-0.41345,-0.12251,-0.025018,0.41628,-0.086345,-0.063378,0.005456,-0.044563,0.0532,0,-0.10027,0,-0.073694,-0.16843,-0.0097564,0.069947,-0.17737,-0.0093198,-0.10022,-0.60623,-0.045665,0.0079649,-0.65946,-0.057481,-0.012798,-0.99825,0.0060585,0.044135,-1.051,0.049024
-0.017985,0.43206,0.033369,0.012568,0.25085,0.052675,-0.17097,0.1468,0.068281,0.15945,0.14778,0.0664,-0.24743,-0.1003,0.075603,0.23485,-0.090807,0.068353,-0.42769,-0.16804,-0.040088,0.41951,-0.13353,-0.081434,0.0020882,-0.091056,0.053302,0,-0.15288,0,-0.075177,-0.22464,-0.014914,0.070608,-0.22791,-0.0089574,-0.10633,-0.64694,-0.039835,0.0039078,-0.66556,-0.064702,-0.023568,-0.99701,-0.0015085,0.038042,-1.0501,0.071734
-0.012921,0.39321,0.047335,0.0046616,0.21959,0.054596,-0.1704,0.091584,0.078311,0.15825,0.12008,0.073519,-0.24554,-0.15934,0.089705,0.20712,-0.16785,0.070378,-0.42235,-0.20025,-0.044542,0.39968,-0.16357,-0.07144,0.0025273,-0.11366,0.053701,0,-0.17029,0,-0.07381,-0.24344,-0.01362,0.071754,-0.24401,-0.010745,-0.10533,-0.6649,-0.041802,0.0040545,-0.67772,-0.072978,-0.02598,-0.99973,-0.0078367,0.038244,-1.0565,0.072398
-0.013555,0.39067,0.050537,0.0053198,0.21563,0.058267,-0.16494,0.083439,0.072815,0.15579,0.10927,0.075318,-0.24822,-0.15947,0.088653,0.21462,-0.16504,0.072126,-0.42431,-0.21706,-0.039743,0.40237,-0.17022,-0.074501,0.0015508,-0.13809,0.05493,0,-0.20207,0,-0.07436,-0.26809,-0.013521,0.070968,-0.27059,-0.011745,-0.10688,-0.68897,-0.051307,0.025473,-0.68711,-0.081792,-0.027381,-1.0001,-0.0090745,0.036373,-1.0562,0.072791
-0.015281,0.39976,0.042555,0.0024635,0.22586,0.060772,-0.16277,0.10435,0.066017,0.15538,0.12347,0.067981,-0.2436,-0.10448,0.07985,0.21271,-0.1392,0.071113,-0.40236,-0.21049,-0.038957,0.40229,-0.17473,-0.086734,0.00050442,-0.12273,0.05375,0,-0.18134,0,-0.072375,-0.25267,-0.018194,0.070179,-0.25173,-0.010224,-0.047252,-0.67275,-0.072095,0.03334,-0.67501,-0.090117,-0.033175,-0.9963,-0.025006,0.032787,-1.0542,0.058371
-0.024279,0.45999,0.054512,0.0051254,0.28382,0.057041,-0.17277,0.17098,0.071586,0.15843,0.18899,0.069934,-0.22432,-0.085652,0.068894,0.18868,-0.094022,0.042704,-0.39787,-0.18521,-0.031341,0.38836,-0.14798,-0.051177,0.0015367,-0.059915,0.054081,0,-0.1188,0,-0.077121,-0.19335,-0.016586,0.075246,-0.19151,-0.0090256,-0.028956,-0.67003,-0.054396,0.040745,-0.63921,-0.078308,-0.032462,-1.001,-0.0076056,0.030505,-1.034,0.03541
-0.024914,0.52209,0.049801,0.0037663,0.3466,0.056857,-0.17651,0.22941,0.078041,0.15226,0.25974,0.069079,-0.24703,-0.012882,0.068127,0.21403,0.0049336,0.078243,-0.39836,-0.14992,-0.022084,0.39251,-0.11835,-0.034072,0.0026615,-0.0017114,0.054048,0,-0.061658,0,-0.071077,-0.13924,-0.017459,0.069722,-0.13098,-0.0076718,-0.014084,-0.68187,-0.012923,0.035182,-0.59552,-0.065226,-0.026091,-1.0174,0.00083874,0.029638,-1.0028,0.0062335
-0.018327,0.57145,0.058937,0.0058049,0.38807,0.059833,-0.17669,0.28344,0.083825,0.15133,0.27123,0.061823,-0.24662,0.0066284,0.067312,0.24815,0.047539,0.09687,-0.41901,-0.11574,-5.1912e-05,0.40728,-0.07423,-0.0026943,0.0037294,0.024077,0.054431,0,-0.038539,0,-0.071298,-0.10556,-0.012517,0.069083,-0.1125,-0.011,-0.011731,-0.62631,0.00093951,0.027352,-0.59119,-0.057549,-0.016255,-1.0214,0.0041102,0.032706,-1.0031,-0.0076576
-0.017053,0.59908,0.053379,0.0079531,0.41574,0.053313,-0.16924,0.31362,0.072658,0.15083,0.30933,0.051995,-0.23816,0.058216,0.049672,0.24972,0.073689,0.10292,-0.41159,-0.070888,0.0065684,0.40748,-0.053276,-0.0018352,0.0042899,0.060116,0.053467,0,-0.0021014,0,-0.071041,-0.074295,-0.0111,0.068284,-0.070841,-0.011404,-0.0022538,-0.62628,-0.02485,0.014759,-0.53288,-0.05375,-0.0026179,-1.0126,-0.00043464,0.043839,-0.94382,-0.003754
-0.016149,0.61956,0.051337,0.0059345,0.44583,0.055699,-0.17044,0.32773,0.071025,0.14842,0.33085,0.044102,-0.23749,0.0675,0.047292,0.2567,0.10242,0.09797,-0.41413,-0.057584,0.0058946,0.41289,-0.02362,-0.00088861,0.0051174,0.079298,0.053786,0,0.015416,0,-0.071519,-0.054864,-0.0085075,0.06924,-0.055818,-0.013524,-0.01627,-0.62424,-0.027077,0.018731,-0.52312,-0.062129,0.013012,-0.96501,0.02031,0.063381,-0.91568,0.024815
-0.0088586,0.62742,0.047384,0.013499,0.44986,0.048671,-0.16222,0.34493,0.074727,0.16137,0.35462,0.053054,-0.23701,0.078211,0.049562,0.26145,0.11608,0.09266,-0.42622,-0.02805,0.012825,0.42192,-0.0077065,-0.0014708,0.0061493,0.1007,0.05254,0,0.041074,0,-0.075126,-0.028431,-0.0055872,0.07088,-0.034605,-0.017049,-0.011193,-0.59687,-0.029589,0.02637,-0.52369,-0.071716,0.013755,-0.93261,0.017332,0.067295,-0.91195,0.020826
-0.0095449,0.63158,0.051273,0.0115,0.452,0.04932,-0.16357,0.35195,0.085553,0.1609,0.35433,0.053727,-0.23743,0.081316,0.051006,0.26054,0.1128,0.093844,-0.4253,-0.026236,0.0097564,0.42449,-0.0041869,-0.0033967,0.0070065,0.10233,0.052745,0,0.042223,0,-0.074254,-0.027871,-0.0051128,0.070393,-0.032499,-0.016815,-0.011958,-0.59652,-0.029461,0.02578,-0.52529,-0.073892,0.013206,-0.93274,0.019589,0.062075,-0.90472,0.045441
-0.010882,0.6316,0.044694,0.012493,0.44897,0.059271,-0.16126,0.34922,0.081975,0.16517,0.34695,0.064835,-0.23766,0.080891,0.051547,0.25739,0.10877,0.093724,-0.42504,-0.024496,0.000512,0.42194,-0.0017187,-0.01082,0.0046943,0.098537,0.053969,0,0.039152,0,-0.073694,-0.030929,-0.0074977,0.069417,-0.034397,-0.016734,-0.014829,-0.60002,-0.030366,0.018344,-0.55853,-0.058352,0.016289,-0.93407,0.036899,0.060781,-0.90872,0.039001
-0.011567,0.60271,0.046316,0.013385,0.38114,0.070808,-0.1573,0.32237,0.082657,0.14922,0.32292,0.057001,-0.2336,0.059046,0.045812,0.25658,0.087237,0.083882,-0.42699,-0.028158,-0.018808,0.42694,-0.010034,-0.024941,0.0064489,0.049916,0.056815,0,-0.00055292,0,-0.069382,-0.065073,-0.0116,0.064482,-0.061004,-0.019367,0.0022703,-0.63282,-0.024923,0.0098969,-0.57739,-0.063981,0.0086721,-1.0139,0.039078,0.053032,-0.94045,0.031352
-0.015941,0.58475,0.059483,0.011323,0.38641,0.074473,-0.16918,0.27852,0.098576,0.13918,0.28776,0.074447,-0.22702,0.016817,0.041096,0.24978,0.051738,0.093924,-0.41475,-0.074143,-0.036376,0.40281,-0.039016,-0.045611,0.0055175,0.044498,0.057501,0,-0.01436,0,-0.068739,-0.083582,-0.015764,0.065916,-0.083039,-0.014688,0.0024829,-0.65134,-0.020269,0.01771,-0.56232,-0.06222,-0.010489,-0.98691,0.081184,0.049678,-0.94372,0.029252
-0.022365,0.52795,0.06182,0.0079649,0.35731,0.073474,-0.17624,0.23539,0.10854,0.14969,0.2406,0.083917,-0.22257,-0.022886,0.051407,0.2418,0.0034175,0.080945,-0.39364,-0.12942,-0.05632,0.3931,-0.08664,-0.079446,0.0048814,-0.0061651,0.056851,0,-0.065519,0,-0.074116,-0.13663,-0.01789,0.071653,-0.13806,-0.012834,-0.0066429,-0.70467,-0.014515,0.023669,-0.56205,-0.073303,0.011411,-1.032,0.05136,0.044787,-0.96451,0.011956
-0.020835,0.47568,0.06893,0.0024666,0.29036,0.073337,-0.1748,0.16952,0.077831,0.14151,0.17365,0.080158,-0.22993,-0.072055,0.055487,0.23901,-0.019608,0.083188,-0.3879,-0.16858,-0.073234,0.38137,-0.14804,-0.10339,0.00019304,-0.064012,0.056593,0,-0.12311,0,-0.0733,-0.19329,-0.024851,0.07246,-0.1937,-0.0045347,-0.030776,-0.73278,-0.050752,0.028749,-0.6601,-0.091188,-0.010085,-1.0332,0.098559,0.035896,-0.96871,-0.0022047
-0.029219,0.41517,0.059822,0.0023154,0.23166,0.073018,-0.18403,0.11013,0.088758,0.15089,0.12774,0.090264,-0.23542,-0.1395,0.047014,0.24125,-0.077848,0.051884,-0.3925,-0.23397,-0.084569,0.38369,-0.18445,-0.13137,0.0006635,-0.10605,0.056517,0,-0.16019,0,-0.0743,-0.24432,-0.018604,0.072974,-0.22986,-0.011551,-0.032081,-0.77383,-0.052301,0.030072,-0.6601,-0.093432,-0.0098562,-1.0466,0.096251,0.035527,-0.98809,-0.003812
-0.027172,0.3977,0.061823,0.00011922,0.21061,0.066652,-0.18341,0.089655,0.086177,0.15314,0.10599,0.094047,-0.23613,-0.15945,0.057502,0.23205,-0.13131,0.044388,-0.3959,-0.25432,-0.070082,0.38483,-0.20513,-0.12238,-0.00066488,-0.12843,0.055734,0,-0.18543,0,-0.075431,-0.26147,-0.020371,0.075572,-0.25975,-0.0077726,-0.036887,-0.78805,-0.050013,0.027576,-0.67401,-0.091318,-0.012978,-1.0463,0.094027,0.03025,-0.98844,-0.006827
-0.025091,0.39765,0.058263,0.00063166,0.2108,0.063258,-0.1802,0.090129,0.078641,0.15237,0.10686,0.090003,-0.2388,-0.15526,0.064113,0.23387,-0.12817,0.046094,-0.39271,-0.26,-0.062889,0.38722,-0.21065,-0.11603,-0.0010736,-0.12949,0.054804,0,-0.18749,0,-0.074886,-0.26308,-0.019935,0.074989,-0.2602,-0.0066997,-0.06263,-0.71469,-0.045449,0.028269,-0.67408,-0.093129,-0.014162,-1.0388,0.088328,0.031099,-0.98564,-0.011895
-0.029261,0.42551,0.049937,-0.0024656,0.26198,0.067193,-0.18291,0.12295,0.062925,0.14607,0.13711,0.079505,-0.24572,-0.10731,0.075551,0.2335,-0.07858,0.061361,-0.38862,-0.24027,-0.035202,0.38363,-0.19,-0.07907,-0.0022729,-0.099461,0.05565,0,-0.16049,0,-0.073899,-0.23296,-0.021732,0.075187,-0.23363,-0.0045622,-0.071262,-0.69502,-0.048165,0.019565,-0.65929,-0.078584,-0.019316,-1.0372,0.078757,0.028524,-0.98016,-0.0043769
-0.005221,0.50037,0.07808,0.0075008,0.31927,0.073681,-0.16631,0.19927,0.074833,0.15954,0.21446,0.0868,-0.23688,-0.032937,0.093309,0.23345,-0.040379,0.060683,-0.37169,-0.18557,-0.012741,0.40994,-0.15261,-0.043617,-2.1477e-05,-0.037402,0.056664,0,-0.097016,0,-0.076432,-0.16734,-0.021827,0.07383,-0.1711,-0.0082347,-0.063841,-0.6359,-0.029943,0.010398,-0.67127,-0.017413,0.0031196,-1.0066,0.06375,0.035789,-0.98603,0.029264
-0.011139,0.5453,0.070843,0.0087576,0.38173,0.078858,-0.16231,0.26302,0.084279,0.14967,0.25674,0.071982,-0.24377,-0.019434,0.082516,0.25105,0.014069,0.10136,-0.38411,-0.15933,-0.022085,0.42589,-0.1068,-0.02311,0.0028309,0.004682,0.057553,0,-0.060644,0,-0.073079,-0.12792,-0.017474,0.068662,-0.12413,-0.011294,-0.061387,-0.61181,-0.018652,0.014484,-0.56676,-0.023581,0.001695,-1.0047,0.060104,0.037736,-0.97695,0.032142
-0.0062816,0.58128,0.066726,0.021042,0.41642,0.07539,-0.15832,0.28954,0.072535,0.13951,0.29259,0.051326,-0.24799,0.033017,0.071111,0.2641,0.044961,0.10132,-0.39408,-0.11719,-0.0032196,0.43749,-0.066327,0.01611,0.0070278,0.03492,0.056679,0,-0.028642,0,-0.071151,-0.091421,-0.011471,0.064696,-0.095212,-0.014109,-0.053971,-0.57835,-0.023263,0.0052992,-0.62597,-0.033152,0.0088889,-0.97933,0.054588,0.040378,-0.99405,0.054441
-0.0055631,0.59733,0.058926,0.01712,0.42299,0.069207,-0.14421,0.31136,0.058785,0.15149,0.31162,0.053662,-0.24185,0.039332,0.054682,0.26122,0.092278,0.095783,-0.40884,-0.094477,-0.0016378,0.43589,-0.046293,0.032546,0.0035293,0.049285,0.055787,0,-0.013996,0,-0.069852,-0.077776,-0.010405,0.065117,-0.081498,-0.013881,-0.057681,-0.55896,-0.026723,2.5111e-05,-0.58639,-0.048347,0.01041,-0.9584,0.053883,0.036459,-0.9585,0.071688
0.0058815,0.62735,0.064853,0.015534,0.43856,0.058657,-0.15869,0.33017,0.065987,0.15281,0.32439,0.043842,-0.23608,0.055514,0.043616,0.26852,0.10004,0.095288,-0.40148,-0.081202,-0.0096893,0.4416,-0.028698,0.033138,0.0056444,0.074699,0.054005,0,0.011955,0,-0.071588,-0.055142,-0.0096903,0.068129,-0.061934,-0.014078,-0.062956,-0.51528,-0.026913,-0.0066515,-0.53481,-0.070363,0.010246,-0.9145,0.051256,0.036528,-0.92188,0.058382
0.0021215,0.63178,0.06063,0.01445,0.44599,0.053449,-0.15895,0.33395,0.066179,0.15156,0.33312,0.040617,-0.23331,0.065207,0.036007,0.26244,0.10287,0.089001,-0.40342,-0.066638,-0.013808,0.44725,-0.0089518,0.044071,0.0061956,0.08247,0.053304,0,0.019086,0,-0.070979,-0.047662,-0.0075191,0.067048,-0.052038,-0.013306,-0.062565,-0.51531,-0.029538,-0.006649,-0.53343,-0.071541,0.006237,-0.91383,0.054337,0.037358,-0.92093,0.056003
-0.0024224,0.63335,0.054381,0.01473,0.44786,0.052723,-0.15891,0.33532,0.066916,0.15015,0.33322,0.040122,-0.23877,0.077601,0.053031,0.25963,0.099889,0.096893,-0.40367,-0.053702,-0.016962,0.44555,-0.0064906,0.041527,0.0064255,0.082735,0.053282,0,0.019118,0,-0.070869,-0.047593,-0.0074743,0.066439,-0.05167,-0.013212,-0.032974,-0.53703,-0.045845,-0.0034863,-0.53547,-0.06909,-0.0093427,-0.88821,0.051443,0.033649,-0.92667,0.050712
-0.0033101,0.62117,0.052262,0.010649,0.43848,0.046403,-0.15796,0.32861,0.068262,0.15015,0.32369,0.041667,-0.24048,0.071605,0.057072,0.25512,0.093487,0.092839,-0.41193,-0.048186,-0.018672,0.4444,-0.0063795,0.036458,0.0058979,0.076031,0.052692,0,0.011434,0,-0.069774,-0.057028,-0.0059974,0.066339,-0.057655,-0.013149,-0.01793,-0.62684,-0.02499,-0.0029158,-0.5562,-0.056718,-0.027499,-0.95334,0.036355,0.024999,-0.9457,0.037693
-0.0083072,0.59796,0.047759,0.01392,0.42598,0.046613,-0.15898,0.30489,0.058981,0.14791,0.29817,0.045988,-0.24923,0.023731,0.043529,0.25422,0.05966,0.083198,-0.44025,-0.050924,-0.044492,0.43055,-0.030185,-0.022125,0.0043478,0.057473,0.052778,0,-0.0085732,0,-0.070025,-0.078179,-0.0098134,0.065294,-0.076003,-0.009391,-0.018909,-0.64206,-0.022546,-0.0052719,-0.55698,-0.056497,-0.041624,-1.0147,0.019143,0.0060143,-0.96725,0.0023462
-0.0061476,0.54436,0.049867,0.0052177,0.36463,0.037591,-0.16676,0.26001,0.057227,0.1425,0.26013,0.053415,-0.25105,0.010201,0.047371,0.23761,0.012628,0.076243,-0.42949,-0.072663,-0.060403,0.41143,-0.062406,-0.080616,0.00146,0.0052915,0.051349,0,-0.059741,0,-0.070501,-0.13317,-0.0064402,0.068577,-0.12255,-0.0099468,-0.024703,-0.69222,-0.021008,-0.013489,-0.55553,-0.055865,-0.044494,-1.0156,0.025224,0.0036526,-0.96742,-0.0063414
-0.0025659,0.49036,0.039784,0.016424,0.3001,0.028633,-0.16959,0.19679,0.04048,0.15022,0.19453,0.046858,-0.24062,-0.040834,0.051173,0.23093,-0.038148,0.043524,-0.40823,-0.1059,-0.085772,0.40664,-0.11818,-0.10096,0.0017631,-0.049099,0.049308,0,-0.11329,0,-0.074988,-0.1861,-0.011922,0.069292,-0.18384,-0.0025101,-0.038405,-0.64143,-0.071842,0.011985,-0.60421,-0.063262,-0.049997,-1.0287,0.037105,0.038869,-1.0166,-0.019474
0.0086953,0.43495,0.036101,0.013896,0.23429,0.025633,-0.15517,0.1365,0.036676,0.16448,0.1426,0.050306,-0.2328,-0.062797,0.055225,0.25124,-0.10514,0.021073,-0.3799,-0.15856,-0.087661,0.40393,-0.16195,-0.13732,4.7403e-05,-0.099358,0.047904,0,-0.15896,0,-0.074703,-0.22924,-0.010989,0.069533,-0.23189,-0.0030781,-0.029185,-0.64875,-0.071798,0.0080912,-0.64713,-0.067236,-0.044665,-1.036,0.054656,0.022327,-1.0304,0.044136
0.0020404,0.40964,0.029069,0.012721,0.22342,0.032773,-0.15434,0.1106,0.030302,0.164,0.107,0.050674,-0.21999,-0.11118,0.030308,0.22042,-0.15325,0.015232,-0.38938,-0.1868,-0.09789,0.40116,-0.19114,-0.15629,-0.001022,-0.1174,0.049296,0,-0.18042,0,-0.074756,-0.25234,-0.012348,0.070453,-0.25083,-0.0043677,-0.026264,-0.66959,-0.07353,0.0079817,-0.66608,-0.066723,-0.044072,-1.0347,0.057873,0.020392,-1.0174,0.040271
-0.001117,0.40966,0.033001,0.0084566,0.221,0.032617,-0.15739,0.10999,0.031551,0.16081,0.10705,0.054083,-0.21039,-0.12067,0.031193,0.21975,-0.15011,0.015153,-0.38611,-0.18813,-0.092492,0.39954,-0.19257,-0.15202,-0.002041,-0.12087,0.049005,0,-0.18377,0,-0.073403,-0.25648,-0.013421,0.071013,-0.25371,-0.0033275,-0.028524,-0.67436,-0.072185,0.016973,-0.67131,-0.088526,-0.047427,-1.0351,0.061622,0.01833,-1.0185,0.044689
0.0017455,0.45256,0.050492,0.005734,0.2596,0.034089,-0.15722,0.15643,0.035834,0.15343,0.16224,0.062349,-0.22414,-0.098158,0.047684,0.23091,-0.10191,0.057487,-0.38211,-0.19065,-0.084375,0.40363,-0.17698,-0.1099,-0.002851,-0.093997,0.04912,0,-0.15804,0,-0.072313,-0.2256,-0.013409,0.07058,-0.22791,-0.0036165,-0.03484,-0.65246,-0.054743,0.016696,-0.66748,-0.071388,-0.048152,-1.0342,0.071798,0.020292,-1.0139,0.071033
-0.021206,0.50914,0.057014,0.011563,0.33348,0.051479,-0.1707,0.20781,0.057108,0.14792,0.21164,0.058852,-0.23166,-0.032268,0.060599,0.25312,-0.016113,0.065293,-0.36744,-0.16958,-0.054327,0.41155,-0.14612,-0.051525,0.0017576,-0.032346,0.052035,0,-0.097237,0,-0.074866,-0.17182,-0.0084149,0.071058,-0.16449,-0.012811,-0.034343,-0.66684,-0.0023503,0.003788,-0.60664,-0.044355,-0.044997,-1.0244,0.073747,0.016714,-1.003,0.065951
-0.0086559,0.5606,0.051989,0.0097596,0.376,0.053645,-0.165,0.26316,0.054995,0.15121,0.2648,0.068788,-0.23377,0.0021636,0.072003,0.25512,0.034647,0.086323,-0.3822,-0.12468,-0.038798,0.42677,-0.082542,0.0063241,-0.00035343,0.011397,0.052474,0,-0.05295,0,-0.072459,-0.12222,-0.011263,0.069351,-0.1228,-0.010799,-0.02486,-0.66618,0.0038161,0.0094372,-0.58606,-0.031637,-0.038829,-1.0231,0.070605,0.018025,-0.99291,0.043571
-0.010406,0.58369,0.051991,0.010845,0.37623,0.051102,-0.16434,0.30143,0.05882,0.15403,0.29523,0.052599,-0.2413,0.042998,0.045629,0.26987,0.07458,0.10133,-0.40372,-0.084996,-0.037551,0.44405,-0.050054,0.045719,0.0021843,0.037175,0.051501,0,-0.015716,0,-0.070134,-0.088899,-0.012249,0.068287,-0.086018,-0.0097707,-0.020578,-0.65811,0.0013314,0.023042,-0.56927,-0.034238,-0.030981,-1.025,0.064063,0.028723,-0.97836,0.031789
-0.0086446,0.60805,0.051297,0.0040383,0.44145,0.050178,-0.16848,0.3221,0.061312,0.15251,0.32257,0.042666,-0.24628,0.070574,0.053469,0.26656,0.092471,0.10511,-0.40673,-0.058686,-0.031897,0.44389,-0.028541,0.052094,0.003842,0.07186,0.051663,0,0.0031397,0,-0.071208,-0.07102,-0.0086846,0.069972,-0.065856,-0.013448,-0.017403,-0.63967,-0.0092119,0.0088877,-0.59683,-0.035008,-0.013689,-1.0014,0.067911,0.023736,-0.96161,0.050421
-0.021324,0.63547,0.051797,0.0049336,0.45075,0.043817,-0.16688,0.33267,0.059358,0.15187,0.33847,0.041257,-0.24216,0.083492,0.050921,0.26879,0.10554,0.10454,-0.41002,-0.034521,-0.036821,0.45863,0.0011501,0.064067,0.0039585,0.081759,0.050957,0,0.015353,0,-0.071133,-0.056013,-0.0036043,0.069507,-0.054755,-0.014831,-0.020128,-0.614,-0.012106,0.00019963,-0.56662,-0.047355,0.00050017,-0.92096,0.051074,0.029327,-0.93523,0.044236
-0.023584,0.63712,0.051659,0.0070083,0.46,0.038806,-0.16784,0.33984,0.055671,0.14667,0.34573,0.041707,-0.24329,0.095077,0.051447,0.26784,0.11619,0.1104,-0.41173,-0.020644,-0.038565,0.45336,0.0068741,0.060972,0.0035005,0.088263,0.050662,0,0.020821,0,-0.070392,-0.049769,-0.0047067,0.068811,-0.047756,-0.012919,-0.019824,-0.6099,-0.011375,0.00085488,-0.55744,-0.051289,-0.0017071,-0.91545,0.044756,0.034692,-0.91455,0.03764
-0.023448,0.63781,0.052072,0.0047156,0.4571,0.032073,-0.16749,0.34082,0.048109,0.14743,0.3475,0.042805,-0.24169,0.097532,0.049526,0.26641,0.1169,0.11542,-0.41027,-0.01343,-0.046937,0.45261,0.012135,0.057162,0.0019844,0.090563,0.050015,0,0.022963,0,-0.070513,-0.048247,-0.004554,0.069253,-0.046164,-0.011583,-0.016716,-0.60971,-0.01068,0.0010984,-0.56243,-0.05054,-0.0074702,-0.93921,-0.0039667,0.035505,-0.92297,-0.013089
-0.02295,0.63338,0.049235,0.0020651,0.45446,0.030291,-0.17015,0.33838,0.047373,0.14653,0.34352,0.043741,-0.24136,0.091157,0.032553,0.25058,0.08248,0.095071,-0.41653,-0.019899,-0.048864,0.4507,0.0066984,0.03838,0.0012514,0.088339,0.049237,0,0.020599,0,-0.070021,-0.05235,-0.0052238,0.069556,-0.048231,-0.010672,-0.01431,-0.61985,-0.0096333,0.010904,-0.55305,-0.058103,-0.0085091,-0.9494,-0.00060768,0.022268,-0.9697,-0.038453
-0.019829,0.59961,0.049129,-0.012033,0.41354,0.016752,-0.17786,0.3056,0.032862,0.14535,0.31168,0.057752,-0.24881,0.057764,0.012053,0.24554,0.067796,0.10267,-0.42451,-0.048596,-0.075256,0.4308,-0.023985,0.019242,-0.0047248,0.064235,0.0454,0,-0.002313,0,-0.066528,-0.08079,-0.013668,0.070802,-0.072917,-0.001821,-0.0032189,-0.64923,-0.043328,0.029599,-0.59565,-0.05772,-0.010495,-1.0246,-0.051383,0.029812,-1.0006,-0.047628
-0.01538,0.55466,0.03996,0.0038456,0.3738,0.026227,-0.17656,0.26455,0.035729,0.15051,0.26594,0.061018,-0.24416,0.0055683,0.017493,0.24893,0.01231,0.09001,-0.41958,-0.084825,-0.089106,0.43329,-0.072019,-0.004268,-0.0026339,0.019568,0.045857,0,-0.046458,0,-0.072818,-0.11866,-0.0085207,0.071906,-0.12029,-0.0058905,-0.00018944,-0.67914,-0.051053,0.031168,-0.60091,-0.053857,-0.011565,-1.0384,-0.039596,0.03211,-1.0186,-0.042635
-0.020713,0.49833,0.048269,-0.007096,0.30549,0.024772,-0.18581,0.19861,0.03792,0.1338,0.19916,0.042001,-0.24691,-0.038633,0.019491,0.23315,-0.034728,0.10326,-0.39079,-0.14899,-0.11527,0.41085,-0.12348,-0.012531,-0.0017313,-0.039942,0.045004,0,-0.1042,0,-0.070521,-0.18246,-0.0095783,0.072831,-0.16802,-0.0035219,-0.010761,-0.64138,-0.090936,0.045751,-0.62237,-0.048946,-0.018526,-1.0345,-0.041511,0.029791,-1.0281,-0.029677
-0.015127,0.43578,0.04414,-0.0092882,0.25077,0.02438,-0.18667,0.13356,0.017545,0.12883,0.1607,0.053104,-0.24373,-0.099879,0.013584,0.2281,-0.1027,0.08157,-0.40208,-0.19609,-0.11508,0.40828,-0.16243,-0.039487,-0.005876,-0.087774,0.044004,0,-0.14982,0,-0.068975,-0.22721,-0.019038,0.072867,-0.21918,0.0056442,-0.01704,-0.64644,-0.091715,0.044067,-0.67337,-0.052361,-0.025992,-1.0239,-0.070897,0.022271,-1.0277,-0.011868
-0.031879,0.39695,0.04077,-0.015361,0.21598,0.026523,-0.18484,0.11056,0.02202,0.14122,0.1086,0.06462,-0.20737,-0.16705,0.0033132,0.22626,-0.12735,0.087992,-0.39685,-0.22961,-0.098528,0.39721,-0.19999,-0.046753,-0.0079137,-0.11555,0.043943,0,-0.17703,0,-0.069309,-0.2535,-0.017722,0.07485,-0.24828,0.0027198,-0.014096,-0.66603,-0.10539,0.043984,-0.69825,-0.056411,-0.02586,-1.0251,-0.073214,0.024332,-1.0307,-0.0031341
-0.032395,0.39462,0.042785,-0.016849,0.21429,0.029887,-0.18347,0.10192,0.024118,0.14065,0.10836,0.067545,-0.20672,-0.16617,0.0082103,0.22956,-0.14305,0.088438,-0.39456,-0.23187,-0.094854,0.40072,-0.20203,-0.046786,-0.0083976,-0.12246,0.044701,0,-0.18472,0,-0.069704,-0.26147,-0.018088,0.075987,-0.25503,0.0021355,-0.017041,-0.6739,-0.10794,0.046539,-0.7021,-0.067349,-0.029747,-1.02,-0.085574,0.023897,-1.028,-0.00055475
-0.02693,0.40948,0.048023,-0.014094,0.22921,0.035009,-0.18127,0.11227,0.026158,0.13743,0.11984,0.066674,-0.24722,-0.12053,0.032999,0.23756,-0.12469,0.095114,-0.39127,-0.24006,-0.092583,0.40158,-0.19536,-0.043648,-0.0078315,-0.11591,0.04571,0,-0.17839,0,-0.069596,-0.25182,-0.020475,0.075331,-0.24765,0.0028155,-0.018989,-0.66556,-0.10429,0.046484,-0.69124,-0.086304,-0.030667,-1.0206,-0.075615,0.023183,-1.028,0.0014831
-0.013163,0.47377,0.072862,0.0017967,0.29294,0.062743,-0.16009,0.16945,0.055711,0.1483,0.19371,0.077333,-0.22443,-0.053218,0.069736,0.25015,-0.042759,0.12921,-0.37198,-0.18809,-0.031295,0.42194,-0.15263,0.023724,-0.0021027,-0.063307,0.050792,0,-0.12523,0,-0.070925,-0.19779,-0.014999,0.070336,-0.18978,-0.0098318,-0.0015747,-0.65975,-0.042094,0.049047,-0.6559,-0.048284,-0.015813,-1.0232,0.018891,0.042691,-1.0281,0.017939
-0.021095,0.53874,0.086005,-0.0037323,0.35945,0.062663,-0.16906,0.24319,0.070872,0.15639,0.24827,0.094531,-0.23305,0.0016574,0.066549,0.25586,0.012733,0.13677,-0.39158,-0.13523,-0.0084352,0.42614,-0.10641,0.056537,-0.0036554,-0.002497,0.051188,0,-0.065586,0,-0.070853,-0.13638,-0.01518,0.07212,-0.13906,-0.010498,0.0027362,-0.56437,-0.0072779,0.031937,-0.65528,-0.041386,-0.016067,-0.98047,0.015503,0.036906,-1.0307,0.0065389
-0.018936,0.5799,0.076887,-0.0039951,0.40178,0.063412,-0.16755,0.28703,0.073198,0.15318,0.29351,0.08026,-0.24067,0.035998,0.06451,0.25983,0.052886,0.13574,-0.41154,-0.087149,-0.0064269,0.43778,-0.065121,0.076656,-0.0014777,0.03375,0.051804,0,-0.030481,0,-0.068008,-0.090215,-0.013076,0.069592,-0.10998,-0.011661,0.0054882,-0.56249,-0.013306,0.032303,-0.66329,-0.045088,-0.0092177,-0.97814,0.014722,0.042235,-1.0257,0.0027391
-0.011999,0.60412,0.073422,0.00298,0.39828,0.059422,-0.16047,0.31059,0.070943,0.14903,0.32642,0.059428,-0.2381,0.064719,0.060801,0.26841,0.080426,0.14043,-0.40907,-0.061752,-0.0021671,0.44441,-0.042956,0.083518,0.0038224,0.045083,0.050653,0,-0.011146,0,-0.067044,-0.068737,-0.0095488,0.064317,-0.087515,-0.014816,-0.010274,-0.54594,-0.056081,0.028817,-0.65674,-0.071786,0.0032358,-0.9534,0.016749,0.04285,-1.0104,-0.0265
-0.010853,0.62434,0.06695,0.0079789,0.45104,0.04635,-0.16354,0.32951,0.07445,0.14763,0.33429,0.05827,-0.24233,0.081576,0.061765,0.26497,0.10297,0.13571,-0.41422,-0.047201,0.0088067,0.4536,0.00029282,0.082682,0.0043209,0.085744,0.050119,0,0.017147,0,-0.067658,-0.042433,-0.0059445,0.064618,-0.065842,-0.015031,0.014206,-0.51609,-0.072541,0.02111,-0.63623,-0.026779,0.018497,-0.9196,0.016155,0.04951,-0.93392,0.029332
-0.010417,0.64344,0.066448,0.012266,0.45887,0.049764,-0.16052,0.34736,0.075672,0.15371,0.35154,0.065739,-0.2348,0.092825,0.06575,0.26886,0.11645,0.13114,-0.41232,-0.020564,-0.0052116,0.45526,0.011489,0.073787,0.0042642,0.10506,0.050898,0,0.044761,0,-0.067869,-0.027771,-0.006774,0.063794,-0.017208,-0.016335,-0.032378,-0.44436,-0.082596,0.021077,-0.5134,-0.00072473,-0.030101,-0.84779,0.0065674,0.047217,-0.92294,0.019609
-0.0084138,0.65412,0.062295,0.013871,0.46289,0.051087,-0.15879,0.35449,0.076404,0.15527,0.35513,0.066807,-0.23535,0.10009,0.068762,0.26514,0.12222,0.12211,-0.41156,-0.015611,-0.0016296,0.44936,0.02006,0.051149,0.0041499,0.10856,0.051314,0,0.04733,0,-0.068516,-0.023706,-0.0055475,0.064013,-0.017028,-0.016789,-0.032379,-0.44016,-0.081814,-0.0044497,-0.56341,-0.046882,-0.030102,-0.84362,0.0073573,0.045735,-0.92005,0.01144
-0.008775,0.65333,0.062646,0.014572,0.46235,0.051532,-0.15881,0.35463,0.077378,0.15532,0.35367,0.06521,-0.2359,0.099033,0.067785,0.26407,0.12237,0.12125,-0.41436,-0.012829,-0.0032745,0.44506,0.024566,0.034715,0.0046116,0.10804,0.051631,0,0.046663,0,-0.068669,-0.024455,-0.0054253,0.063445,-0.019516,-0.017491,-0.029629,-0.45768,-0.079724,0.0016815,-0.58794,-0.046094,-0.027352,-0.86115,0.0094511,0.023137,-0.93934,-0.018026
-0.01432,0.64041,0.063573,0.0092048,0.45505,0.050993,-0.1629,0.34417,0.07408,0.15322,0.34471,0.060694,-0.23763,0.095445,0.065146,0.25133,0.10104,0.1029,-0.41583,-0.012304,-0.013952,0.43563,0.0094762,0.003871,0.0033439,0.096514,0.051598,0,0.032781,0,-0.067369,-0.041133,-0.0034659,0.065619,-0.037643,-0.018492,-0.033451,-0.47107,-0.078573,-0.0051023,-0.60513,-0.042637,-0.031174,-0.87456,0.010604,0.029703,-0.97586,-0.032915
-0.0021619,0.59672,0.05888,0.016814,0.40819,0.045531,-0.15751,0.30191,0.068731,0.16586,0.30152,0.066686,-0.23063,0.058775,0.051449,0.25043,0.068687,0.093295,-0.40218,-0.039337,-0.054717,0.4312,-0.031832,-0.030592,0.0029334,0.05814,0.050999,0,-0.004004,0,-0.069833,-0.072735,-0.0077288,0.064499,-0.080922,-0.011824,-0.042846,-0.4983,-0.070669,-0.0090981,-0.64747,-0.052272,-0.040569,-0.9018,0.01851,0.02338,-0.99752,-0.037909
0.0032218,0.54679,0.05089,0.02095,0.35793,0.039219,-0.15356,0.24869,0.064365,0.16903,0.24584,0.066714,-0.23107,0.0079129,0.049035,0.25148,0.0056966,0.088937,-0.40201,-0.087138,-0.061331,0.4308,-0.053082,-0.037548,0.00307,0.012157,0.050146,0,-0.049934,0,-0.075306,-0.12528,0.0013019,0.067548,-0.11979,-0.018946,-0.036653,-0.54259,-0.067044,-0.0013869,-0.6554,-0.063649,-0.034376,-0.94612,0.022143,0.01058,-1.0385,-0.0086072
-0.0027972,0.48637,0.047002,0.01982,0.29374,0.037936,-0.15678,0.18245,0.059542,0.16862,0.19391,0.055329,-0.21371,-0.046793,0.049077,0.24663,-0.042894,0.068932,-0.38025,-0.14509,-0.065566,0.41289,-0.13782,-0.069406,0.0041082,-0.053451,0.050051,0,-0.11593,0,-0.072356,-0.18726,-0.0072199,0.065327,-0.18989,-0.010843,-0.071679,-0.60837,-0.056582,0.0026785,-0.64693,-0.097653,-0.069402,-1.0119,0.032613,0.010912,-1.0341,-0.0070539
0.013181,0.43098,0.055246,0.021011,0.23669,0.039919,-0.15173,0.12742,0.054712,0.16427,0.13359,0.04934,-0.23919,-0.13788,0.04833,0.24991,-0.1082,0.048995,-0.42272,-0.20304,-0.063687,0.42386,-0.17964,-0.1008,0.0043116,-0.10222,0.050339,0,-0.16139,0,-0.072033,-0.22403,-0.0067109,0.064984,-0.23636,-0.011496,-0.061998,-0.64544,-0.050047,0.0046978,-0.64848,-0.096261,-0.05972,-1.049,0.039157,0.017744,-1.0332,0.0021233
0.015242,0.4058,0.053645,0.027044,0.2187,0.047752,-0.14395,0.10914,0.06365,0.17136,0.12093,0.058432,-0.23002,-0.1479,0.053144,0.22277,-0.15377,0.045403,-0.40467,-0.22753,-0.064229,0.43114,-0.20184,-0.087236,0.005876,-0.12095,0.052082,0,-0.18082,0,-0.077161,-0.2511,-0.012888,0.066119,-0.25272,-0.010215,-0.039622,-0.66954,-0.071393,0.0056025,-0.66375,-0.10048,-0.037344,-1.0732,0.017819,0.039105,-1.0302,0.010217
0.012858,0.40353,0.057509,0.02284,0.21444,0.052974,-0.14688,0.10865,0.065837,0.1673,0.11576,0.059174,-0.22904,-0.14786,0.055866,0.27144,-0.16045,0.049812,-0.40503,-0.2285,-0.058471,0.44703,-0.21484,-0.081324,0.0049266,-0.1261,0.053101,0,-0.18566,0,-0.075819,-0.25485,-0.013097,0.067265,-0.25707,-0.011413,-0.048525,-0.67337,-0.077458,0.0017599,-0.67001,-0.10033,-0.028873,-1.0741,0.020119,0.041633,-1.0317,0.015497
0.014552,0.42773,0.063717,0.01982,0.23455,0.058684,-0.14329,0.13758,0.071454,0.16526,0.13085,0.065852,-0.22271,-0.10738,0.074684,0.2556,-0.094981,0.072817,-0.39216,-0.2155,-0.023998,0.4184,-0.1991,-0.055092,0.0039825,-0.11287,0.05371,0,-0.17216,0,-0.073766,-0.23874,-0.012633,0.067244,-0.24051,-0.012596,-0.033067,-0.65384,-0.09301,0.0022483,-0.66853,-0.090821,-0.025971,-1.0523,0.013116,0.030492,-1.0365,0.02194
0.0044538,0.49481,0.071353,0.030017,0.30577,0.059941,-0.15458,0.20215,0.082741,0.17058,0.20355,0.078628,-0.21636,-0.03256,0.083022,0.24736,-0.028611,0.10353,-0.37748,-0.16049,-0.0035667,0.41819,-0.15107,-0.031303,0.0056279,-0.042769,0.053903,0,-0.10244,0,-0.0767,-0.17544,-0.0092332,0.066122,-0.17328,-0.01647,-0.040986,-0.59354,-0.071285,0.0051881,-0.677,-0.047863,-0.032814,-1.0001,0.0069807,0.02513,-1.0388,0.0074998
-0.00014523,0.55032,0.077042,0.018678,0.36118,0.058532,-0.16066,0.25743,0.085633,0.16752,0.25783,0.083894,-0.22875,0.00026209,0.076183,0.25088,0.0069529,0.11362,-0.40325,-0.11209,-0.0051637,0.41915,-0.10409,-0.0016174,0.0033703,0.012633,0.053787,0,-0.047254,0,-0.073414,-0.12315,-0.0090032,0.066759,-0.11688,-0.016481,-0.039128,-0.55378,-0.059198,-0.0064891,-0.66827,-0.02011,-0.027192,-0.96643,-0.0087894,0.022953,-1.0296,-0.0010474
-0.003308,0.57826,0.077654,0.014183,0.41038,0.066942,-0.16028,0.28696,0.085231,0.15691,0.28115,0.073291,-0.23984,0.029205,0.061453,0.2565,0.035489,0.11046,-0.41295,-0.094042,-0.0024521,0.43144,-0.067447,0.016548,0.0041307,0.036371,0.054922,0,-0.027154,0,-0.070313,-0.094051,-0.009391,0.064844,-0.095987,-0.01469,-0.039318,-0.51402,-0.05616,-0.0066537,-0.65428,-0.030126,-0.024758,-0.92766,-0.011555,0.032014,-1.0209,-0.00075018
-0.00050122,0.57647,0.061821,0.0056799,0.34615,0.045461,-0.15868,0.31379,0.076753,0.15209,0.29855,0.053405,-0.23368,0.065258,0.057193,0.26249,0.062078,0.095365,-0.40963,-0.052461,-0.009959,0.42821,-0.052687,-0.0019788,0.0055771,0.044729,0.047038,0,-0.0037544,0,-0.065536,-0.067183,-0.0036827,0.06289,-0.076245,-0.01735,-0.023002,-0.51645,-0.095399,-0.014881,-0.61064,-0.053534,-0.0040896,-0.9138,0.013309,0.03763,-0.96231,0.024716
-0.013322,0.62969,0.062307,0.005655,0.44303,0.063229,-0.16077,0.32461,0.073746,0.15547,0.32708,0.053791,-0.23989,0.072003,0.05761,0.25646,0.085375,0.095856,-0.41951,-0.038587,-0.012462,0.42254,-0.026438,-0.004726,0.0046108,0.096484,0.055664,0,0.030589,0,-0.067944,-0.040416,-0.0055465,0.065857,-0.042311,-0.020278,-0.023685,-0.5076,-0.10755,-0.01119,-0.60847,-0.047086,0.016507,-0.89121,0.032771,0.042989,-0.92808,0.03752
-0.0073861,0.63211,0.059962,0.014308,0.45123,0.061125,-0.15491,0.33501,0.081945,0.15742,0.33321,0.049038,-0.23273,0.085649,0.066553,0.25987,0.090945,0.094923,-0.41345,-0.011502,-0.02167,0.43042,-0.01622,-0.0028165,0.0088182,0.097597,0.054307,0,0.033099,0,-0.072454,-0.03608,0.0023992,0.062871,-0.038292,-0.023815,-0.014831,-0.50738,-0.079338,-0.00088085,-0.60622,-0.045388,-0.059361,-0.91578,-0.018206,0.050493,-0.92403,0.036177
-0.0078163,0.63241,0.060147,0.014655,0.45115,0.062271,-0.15675,0.33761,0.086508,0.15519,0.33517,0.049795,-0.2324,0.088807,0.066942,0.25891,0.091023,0.094808,-0.41736,-0.00030839,-0.020911,0.43088,-0.0069874,-0.010804,0.0093155,0.097128,0.054373,0,0.033068,0,-0.071737,-0.036204,0.0019625,0.063073,-0.038141,-0.023963,-0.0020544,-0.51399,-0.079887,0.0047515,-0.60673,-0.033743,-0.062401,-0.9187,-0.011303,0.057407,-0.92863,0.025016
-0.0034003,0.62197,0.060792,0.015005,0.39458,0.061448,-0.15298,0.33634,0.085388,0.15762,0.3302,0.052631,-0.22753,0.087829,0.063916,0.26249,0.085826,0.093241,-0.4114,-0.0018678,-0.025924,0.43573,-0.0058309,-0.016431,0.0067828,0.080585,0.054567,0,0.025963,0,-0.070046,-0.042286,5.5984e-05,0.062218,-0.044234,-0.023727,-0.0027591,-0.55463,-0.074067,0.0082222,-0.61326,-0.033437,-0.077164,-0.95513,0.002279,0.037014,-1.0164,0.018605
0.0058619,0.61052,0.064632,0.022634,0.40563,0.060293,-0.14642,0.31723,0.076602,0.16646,0.30339,0.058868,-0.20671,0.054824,0.033658,0.26373,0.059699,0.082123,-0.39949,-0.020859,-0.049129,0.44049,-0.022682,-0.048768,0.0071269,0.06421,0.053954,0,-0.00087057,0,-0.07172,-0.067927,-0.0063516,0.063275,-0.074714,-0.017084,0.011303,-0.55826,-0.075248,0.015516,-0.64002,-0.040188,-0.063682,-0.9587,0.0010403,0.046483,-1.0169,0.012232
0.0040228,0.56295,0.056565,0.020284,0.3926,0.055763,-0.15239,0.26453,0.067901,0.16241,0.26371,0.064553,-0.22167,0.023774,0.053292,0.25497,0.023742,0.077716,-0.39232,-0.056613,-0.070057,0.42524,-0.060251,-0.087189,0.0049655,0.014553,0.05345,0,-0.049284,0,-0.072494,-0.11864,-0.008423,0.063823,-0.11927,-0.013238,-0.0091678,-0.64916,-0.048287,0.0091324,-0.64347,-0.052011,-0.077911,-1.0457,-0.016214,0.040456,-1.0199,0.0094439
-0.025243,0.50469,0.051336,0.0082518,0.31492,0.042272,-0.18178,0.19918,0.07017,0.14083,0.20535,0.057419,-0.23664,-0.035298,0.032149,0.22279,-0.0065755,0.069117,-0.41116,-0.10777,-0.090625,0.39514,-0.10853,-0.11096,0.0033693,-0.038102,0.051783,0,-0.1011,0,-0.071172,-0.17532,-0.0061144,0.068313,-0.17103,-0.013033,-0.033793,-0.68125,-0.040753,-0.0050782,-0.6468,-0.083902,-0.097155,-1.0463,-0.023286,0.024677,-1.0326,0.01249
-0.0066731,0.4438,0.058284,0.0067928,0.26472,0.034836,-0.17766,0.13937,0.051249,0.13733,0.15327,0.051372,-0.23589,-0.070994,0.036011,0.23133,-0.048232,0.055996,-0.39204,-0.15708,-0.10331,0.39742,-0.15779,-0.12367,0.0013531,-0.090036,0.050696,0,-0.15447,0,-0.070662,-0.22466,-0.013803,0.068387,-0.22556,-0.0023096,-0.016461,-0.72328,-0.04086,0.0099038,-0.65009,-0.086929,-0.09397,-1.0476,-0.026182,0.041013,-1.0409,0.01735
-0.017424,0.41094,0.05134,0.0049675,0.23087,0.040965,-0.16867,0.11578,0.050614,0.14826,0.11786,0.0592,-0.22946,-0.1263,0.035965,0.2405,-0.1039,0.042683,-0.40005,-0.18301,-0.10125,0.40777,-0.17239,-0.13405,-0.00037512,-0.1147,0.051458,0,-0.17661,0,-0.072,-0.24834,-0.010355,0.069749,-0.24694,-0.007966,-0.0093245,-0.74194,-0.042022,0.019972,-0.66055,-0.090976,1.0647e-05,-1.0343,0.062999,0.042329,-1.0393,0.035972
-0.017242,0.41046,0.054994,0.0040252,0.22952,0.043942,-0.16625,0.11131,0.047001,0.14938,0.1159,0.0616,-0.19674,-0.14179,0.028925,0.23859,-0.10746,0.040871,-0.38564,-0.19123,-0.082133,0.40615,-0.19078,-0.11574,-0.0014523,-0.1187,0.05221,0,-0.18094,0,-0.072695,-0.25292,-0.011516,0.071015,-0.25135,-0.0084281,-0.0073166,-0.74637,-0.05266,0.018754,-0.66476,-0.090681,-0.049421,-1.0535,0.10729,0.038104,-1.0382,0.058456
-0.0097723,0.42975,0.061161,9.4643e-05,0.25261,0.041055,-0.16906,0.13376,0.041705,0.15161,0.15381,0.067594,-0.19549,-0.096741,0.021435,0.2449,-0.085887,0.04932,-0.37926,-0.18833,-0.066258,0.39748,-0.17829,-0.095002,-0.0034361,-0.098836,0.051638,0,-0.16146,0,-0.073212,-0.23442,-0.011827,0.073065,-0.23189,-0.0070153,-0.030869,-0.65364,-0.054465,0.022679,-0.65875,-0.085961,-0.04756,-1.0278,0.11013,0.036917,-1.0355,0.049886
-0.021207,0.49844,0.073115,0.0012512,0.32201,0.062971,-0.17334,0.20435,0.055042,0.14028,0.20776,0.065315,-0.21648,-0.04278,0.040979,0.23901,-0.025525,0.079073,-0.38542,-0.16438,-0.038442,0.40351,-0.14985,-0.050006,-0.0012455,-0.041149,0.05503,0,-0.10368,0,-0.071263,-0.17469,-0.013267,0.070855,-0.17162,-0.011531,-0.029581,-0.66586,-0.011335,0.017598,-0.62446,-0.05767,-0.028614,-1.0109,0.053093,0.033838,-1.0202,0.046121
-0.00094714,0.55181,0.074598,0.0065886,0.37504,0.064615,-0.15221,0.26767,0.062467,0.15368,0.26736,0.078406,-0.23029,-0.0063314,0.04892,0.26192,0.017271,0.092761,-0.39055,-0.12759,-0.049872,0.42162,-0.10714,-0.0024989,-0.0013672,0.0092408,0.055268,0,-0.053723,0,-0.069432,-0.1219,-0.0084026,0.067348,-0.12122,-0.016158,-0.0076692,-0.66432,-0.0034272,0.028251,-0.59969,-0.045334,-0.0080042,-1.0061,0.055981,0.047667,-1.0033,0.04404
-0.014781,0.58689,0.071777,0.0056422,0.42068,0.068195,-0.1592,0.29568,0.061649,0.14331,0.29953,0.062294,-0.22962,0.0099288,0.030822,0.26415,0.042976,0.10239,-0.41515,-0.096012,-0.028131,0.4383,-0.070712,0.022273,0.00096167,0.033969,0.055863,0,-0.03245,0,-0.068329,-0.10069,-0.0080657,0.066276,-0.098267,-0.016111,0.00038455,-0.66157,-0.0073552,0.023053,-0.57067,-0.043026,-0.0015726,-1.0101,0.061817,0.045957,-0.9766,0.037109
-0.016906,0.60215,0.067566,0.0010756,0.42683,0.06093,-0.16531,0.30877,0.059718,0.1422,0.31672,0.056092,-0.23003,0.076508,0.040143,0.26223,0.073449,0.1024,-0.39557,-0.055391,-0.027205,0.43731,-0.047455,0.039568,0.00060791,0.05855,0.054158,0,-0.0040413,0,-0.069171,-0.077008,-0.006087,0.068492,-0.071436,-0.017374,0.0050891,-0.6165,-0.036853,0.016439,-0.53893,-0.062215,0.00094048,-0.98826,0.053168,0.043203,-0.93824,0.040023
-0.020763,0.63992,0.082346,0.00013841,0.44189,0.058038,-0.16788,0.3244,0.061083,0.14213,0.33208,0.052871,-0.23471,0.079316,0.035067,0.25773,0.085952,0.10005,-0.41324,-0.036016,-0.02879,0.44404,-0.016589,0.036714,0.0014462,0.07786,0.054167,0,0.014206,0,-0.068602,-0.057478,-0.0042487,0.068483,-0.053323,-0.01847,-0.016897,-0.5575,-0.047267,0.010025,-0.55035,-0.060519,0.0061845,-0.92028,0.061575,0.044029,-0.91931,0.049915
-0.021365,0.64162,0.078001,0.0011752,0.4455,0.057826,-0.16727,0.33645,0.058529,0.14281,0.33745,0.052341,-0.23537,0.08374,0.037273,0.25998,0.095223,0.10591,-0.41719,-0.020607,-0.037502,0.45672,0.010042,0.050509,0.0011954,0.083103,0.054211,0,0.020027,0,-0.067995,-0.050741,-0.0056197,0.067299,-0.046797,-0.017025,-0.015357,-0.55706,-0.046997,0.011453,-0.55119,-0.060785,-0.012509,-0.89044,0.053466,0.044831,-0.91495,0.039502
-0.020533,0.64082,0.075104,0.0015032,0.44648,0.05527,-0.16781,0.33536,0.057808,0.14266,0.33899,0.053426,-0.23546,0.084872,0.036425,0.25951,0.093938,0.10732,-0.42005,-0.0067642,-0.049344,0.45684,0.013255,0.046217,0.0010094,0.084016,0.054048,0,0.02062,0,-0.068117,-0.050509,-0.0053154,0.067456,-0.046253,-0.016937,-0.022146,-0.55486,-0.042945,0.0089534,-0.5587,-0.056122,-0.0097087,-0.89003,0.045565,0.042176,-0.92474,0.0081767
-0.018346,0.62545,0.061189,0.0037105,0.44222,0.05259,-0.16681,0.33285,0.057254,0.14343,0.33296,0.05437,-0.23546,0.083724,0.02441,0.26292,0.081626,0.10712,-0.42275,-0.0089468,-0.052625,0.46161,0.011269,0.036319,0.0011606,0.077395,0.053546,0,0.012859,0,-0.067918,-0.057454,-0.007341,0.066132,-0.056413,-0.012839,-0.024405,-0.57653,-0.037896,0.016076,-0.62527,-0.049545,-0.014308,-0.96579,0.023809,0.046238,-0.99512,-0.017811
-0.014852,0.60527,0.057737,0.0065132,0.42537,0.043859,-0.16823,0.30068,0.037137,0.1461,0.30877,0.061326,-0.22959,0.054312,0.00044176,0.25938,0.058596,0.096189,-0.42429,-0.019542,-0.078972,0.45356,-0.0054389,0.0059791,-0.0023578,0.058451,0.052139,0,-0.0078596,0,-0.069008,-0.080092,-0.0072423,0.066569,-0.077155,-0.010694,-0.024486,-0.58563,-0.035873,0.013636,-0.64179,-0.053374,-0.010622,-0.96864,0.017332,0.043592,-1.0007,-0.029016
