-0.07853436,0.6000084,3.260731,-0.06085784,0.4194803,3.253473,-0.2155334,0.2991406,3.269855,0.08553679,0.3127581,3.247936,-0.2681433,0.03302545,3.298819,0.1856101,0.06472968,3.308644,-0.4018209,-0.1336409,3.272141,0.3416945,-0.07953219,3.27006,-0.0601628,0.06621996,3.27432,-0.06520946,0.001976674,3.225219,-0.1359766,-0.06352108,3.223124,0.002505301,-0.06564506,3.205997,-0.0869106,-0.4879448,3.134409,-0.03553437,-0.5562969,3.188007,-0.04895439,-0.8804567,3.223717,-0.006683612,-0.9162226,3.28966
-0.08308654,0.5719754,3.246613,-0.06809771,0.3457129,3.232915,-0.2257189,0.2766236,3.254367,0.08249609,0.2971454,3.232848,-0.2726372,0.01894449,3.296209,0.1846845,0.05377965,3.305022,-0.4182021,-0.1370612,3.265542,0.3494239,-0.08132649,3.270938,-0.06414854,0.03698955,3.263064,-0.06725129,-0.01931384,3.220311,-0.1372106,-0.08726309,3.218169,0.001467512,-0.09248618,3.208403,-0.07991313,-0.5408251,3.142267,-0.03130361,-0.631336,3.186449,-0.08151005,-0.9480883,3.169764,-0.02023658,-1.010693,3.26915
-0.08393031,0.5386212,3.246698,-0.07342037,0.3452046,3.22043,-0.2301912,0.2527944,3.242902,0.08555919,0.259498,3.226459,-0.2787687,-0.01101029,3.284184,0.1947948,0.005886048,3.289136,-0.4455134,-0.1451215,3.263133,0.3940182,-0.07152633,3.263125,-0.06561068,0.006485063,3.24859,-0.06588227,-0.06529654,3.206752,-0.1347445,-0.1415101,3.208193,0.00656024,-0.1284421,3.200672,-0.05301613,-0.6130444,3.127591,-0.03927202,-0.6456421,3.146927,-0.07145366,-1.017014,3.174129,-0.02778236,-1.027266,3.170792
-0.09073408,0.4849458,3.224424,-0.07033721,0.2973308,3.206935,-0.2427471,0.1930822,3.233567,0.07924532,0.1960408,3.216089,-0.2718829,-0.04067121,3.265528,0.1944257,-0.02047281,3.27611,-0.4602818,-0.1359556,3.216935,0.4018336,-0.06172035,3.229617,-0.06112721,-0.04579511,3.23835,-0.06205454,-0.1100096,3.201019,-0.1335508,-0.1894434,3.201627,0.01281379,-0.1793259,3.19323,-0.04774172,-0.6321489,3.122622,-0.06357462,-0.7326567,3.143814,-0.07050817,-1.02813,3.16994,-0.03111325,-1.036151,3.183666
-0.09365547,0.4219536,3.225586,-0.07415573,0.2337058,3.205276,-0.2349264,0.1218206,3.218548,0.08152828,0.1383074,3.223379,-0.2822358,-0.1117432,3.262116,0.1892062,-0.07459676,3.249514,-0.4791816,-0.1402417,3.17027,0.3934659,-0.06003119,3.174139,-0.06152207,-0.1006717,3.234895,-0.05842421,-0.1654335,3.199314,-0.1272706,-0.2417515,3.195811,0.01603198,-0.2314467,3.196146,-0.04539988,-0.6439068,3.114756,-0.06721973,-0.756345,3.140666,-0.07068671,-1.029957,3.155863,-0.04239126,-1.046439,3.201459
-0.09872133,0.3726765,3.209313,-0.06964306,0.1977062,3.198451,-0.2387816,0.06797381,3.216507,0.08021107,0.101706,3.223562,-0.2899389,-0.1372155,3.252968,0.2079676,-0.1109921,3.231155,-0.4806044,-0.1503229,3.143646,0.3911166,-0.07453424,3.113627,-0.05991649,-0.1376501,3.219666,-0.0573452,-0.2018564,3.183481,-0.1292108,-0.2759567,3.177583,0.01912781,-0.2737521,3.17846,-0.04113218,-0.6746333,3.084914,-0.0784064,-0.8152893,3.113191,-0.07208302,-1.037658,3.129485,-0.04296272,-1.038937,3.199391
-0.099221,0.3600003,3.213551,-0.07365844,0.167569,3.204918,-0.2346335,0.05331951,3.213287,0.08629237,0.07687695,3.225446,-0.3282227,-0.1641097,3.202932,0.2162789,-0.1280485,3.214189,-0.5227965,-0.1522363,3.101592,0.3904576,-0.07537279,3.06473,-0.06000654,-0.1590496,3.216807,-0.05614031,-0.2206057,3.179064,-0.128885,-0.2989807,3.170226,0.02227994,-0.286985,3.173916,-0.0390239,-0.6965625,3.074253,-0.07203151,-0.8161264,3.108309,-0.07913685,-1.041186,3.122279,-0.04222525,-1.039557,3.198875
-0.09848478,0.3582693,3.21442,-0.07376252,0.1689728,3.210874,-0.2339791,0.05059978,3.214623,0.08653566,0.07566033,3.227353,-0.3408184,-0.1560878,3.19029,0.1963055,-0.1464312,3.207257,-0.5284944,-0.1491082,3.07471,0.3585699,-0.08702365,3.063433,-0.05998413,-0.1606836,3.219503,-0.05602174,-0.2219641,3.180638,-0.128971,-0.2993928,3.170644,0.022974,-0.2889432,3.175922,-0.0542419,-0.6437265,3.082287,-0.07250579,-0.8144658,3.101591,-0.07768915,-1.048021,3.208206,-0.04222491,-1.039551,3.19887
-0.09787668,0.3747138,3.226599,-0.07267588,0.1936651,3.228787,-0.2304315,0.07520579,3.233728,0.08979312,0.09735002,3.241653,-0.3363612,-0.1344083,3.192104,0.1939653,-0.1388094,3.206916,-0.5207788,-0.1479228,3.071414,0.3597766,-0.08795886,3.068611,-0.06015484,-0.1432598,3.2293,-0.05693876,-0.2043817,3.187727,-0.1301438,-0.2765985,3.177519,0.02195484,-0.2755657,3.180158,-0.05018831,-0.6749094,3.075237,-0.07652073,-0.8083129,3.095586,-0.07002282,-1.05825,3.196056,-0.03782146,-1.071929,3.215909
-0.09370188,0.4317759,3.248087,-0.07411618,0.2547189,3.265725,-0.2328192,0.1368959,3.24746,0.08808938,0.1531776,3.261962,-0.2906251,-0.0702398,3.235298,0.1803913,-0.06502546,3.237233,-0.4637412,-0.1287595,3.110999,0.3814648,-0.09031231,3.07189,-0.06761511,-0.08606696,3.242321,-0.06473164,-0.1445918,3.194905,-0.1367915,-0.2182004,3.179895,0.01065355,-0.2124764,3.180304,-0.06767982,-0.6436108,3.104273,-0.06997729,-0.7376142,3.134382,-0.07334062,-1.026476,3.22758,-0.04106661,-1.04011,3.195285
-0.09764023,0.488468,3.255926,-0.07441617,0.3172124,3.282049,-0.2348399,0.2007355,3.270613,0.08105629,0.2141861,3.266992,-0.2271751,-0.03911642,3.17424,0.2062507,0.002752433,3.271293,-0.437924,-0.08956183,3.150925,0.3655253,-0.0835155,3.144414,-0.06364913,-0.03986092,3.251647,-0.06261595,-0.1034414,3.20159,-0.1340008,-0.1810128,3.18395,0.01273674,-0.1627483,3.189013,-0.06651656,-0.6383638,3.128505,-0.08488221,-0.717077,3.171273,-0.06851569,-1.02329,3.24648,-0.03508399,-1.013537,3.188094
-0.09440663,0.5371245,3.274932,-0.07377692,0.3182409,3.281834,-0.2297393,0.2542946,3.27971,0.08413737,0.2646941,3.273175,-0.294277,0.009412553,3.256889,0.2042984,0.02017452,3.278174,-0.4609565,-0.08599241,3.149506,0.3771402,-0.07774392,3.185565,-0.0668885,-0.006608519,3.258216,-0.06842762,-0.05361272,3.210783,-0.1378862,-0.1270716,3.197257,0.002580842,-0.1216694,3.193679,-0.08624993,-0.6103089,3.155062,-0.08221743,-0.67818,3.17958,-0.06447551,-1.002412,3.250086,-0.02682935,-0.9750827,3.184646
-0.09329764,0.5702338,3.284252,-0.06967226,0.3474211,3.288775,-0.2313931,0.2714807,3.285236,0.07663505,0.2832783,3.26916,-0.2928854,0.02099085,3.258603,0.1985107,0.05114277,3.295873,-0.4584671,-0.09058753,3.168551,0.3614905,-0.07228771,3.21952,-0.06809724,0.02174272,3.26582,-0.07055458,-0.0352177,3.215408,-0.1387575,-0.1066315,3.204055,-0.003560289,-0.095259,3.197461,-0.08620026,-0.6078305,3.154141,-0.06826216,-0.6544178,3.19021,-0.06194026,-0.987474,3.20806,-0.01241076,-0.9509665,3.197709
-0.09113012,0.5880388,3.282207,-0.06379088,0.4273802,3.3017,-0.2309471,0.3068839,3.296571,0.07605831,0.3037129,3.266542,-0.2896634,0.0376147,3.270232,0.1889803,0.06737516,3.316761,-0.4510097,-0.1018528,3.238356,0.343758,-0.07016275,3.249456,-0.07358178,0.06724833,3.276458,-0.07952779,0.003372455,3.224994,-0.1525577,-0.05688297,3.218617,-0.01055776,-0.073658,3.202531,-0.08375254,-0.5986489,3.162826,-0.01933852,-0.4855207,3.131434,-0.07212305,-0.9096451,3.25985,0.03130358,-0.783344,3.135411
-0.09165016,0.6117039,3.293132,-0.06231343,0.43177,3.301729,-0.2283191,0.3120362,3.298162,0.07934313,0.321919,3.274341,-0.2876641,0.05358343,3.291707,0.1851439,0.07504915,3.329608,-0.4360804,-0.09906596,3.256015,0.337659,-0.06769527,3.269757,-0.07363327,0.07304598,3.278774,-0.0796901,0.01126247,3.227671,-0.1526372,-0.05296284,3.221007,-0.0124322,-0.05764076,3.206737,-0.108621,-0.51566,3.143144,-0.01480042,-0.4697296,3.136764,-0.07228829,-0.8980628,3.263267,-0.01526635,-0.8691726,3.206944
-0.08786662,0.61676,3.296531,-0.06228275,0.4129004,3.297638,-0.2279491,0.3197691,3.305786,0.07942411,0.3257492,3.281715,-0.2874365,0.0552294,3.311498,0.1815728,0.07972825,3.340017,-0.4317559,-0.1008335,3.272704,0.3415382,-0.06264523,3.325484,-0.07388159,0.07576981,3.281529,-0.08028506,0.01900847,3.232658,-0.1528154,-0.04633816,3.227058,-0.01390167,-0.05072832,3.211391,-0.1096794,-0.4980229,3.152293,-0.01862523,-0.4627021,3.140914,-0.07159995,-0.863423,3.289293,-0.02065255,-0.8623995,3.210127
-0.08725308,0.6150584,3.301056,-0.06281838,0.4235389,3.307596,-0.2249603,0.3209366,3.309719,0.07914314,0.3253005,3.291366,-0.2855745,0.05015788,3.330419,0.1803175,0.07894379,3.345339,-0.4283352,-0.106713,3.288008,0.3409761,-0.06259149,3.327518,-0.07415695,0.07582334,3.284333,-0.07984319,0.01893112,3.233909,-0.1515512,-0.04638717,3.228514,-0.01381844,-0.05035425,3.212342,-0.1100804,-0.5009544,3.156556,-0.01980255,-0.4657338,3.144997,-0.08028215,-0.8832944,3.278517,-0.02199272,-0.8658365,3.212646
-0.08819185,0.5885812,3.31024,-0.06550593,0.3655385,3.314135,-0.2260912,0.3036141,3.323681,0.08344361,0.3116205,3.308568,-0.2880556,0.03832799,3.346886,0.185753,0.05737886,3.359225,-0.4353018,-0.1139465,3.302395,0.3580298,-0.06840688,3.327104,-0.07509812,0.06104895,3.291738,-0.08010198,0.01006221,3.239768,-0.1516777,-0.05655817,3.234503,-0.01419975,-0.06033365,3.216881,-0.09094632,-0.6136711,3.203494,-0.02060432,-0.5194559,3.153204,-0.08708664,-0.9802509,3.289748,-0.0225208,-0.9199365,3.219352
-0.08815836,0.5697246,3.330256,-0.0652111,0.3441005,3.316533,-0.2259097,0.2729302,3.326488,0.07105727,0.2759146,3.301418,-0.289081,0.007705904,3.350293,0.1872201,0.03711729,3.361175,-0.4533125,-0.126076,3.305702,0.3667175,-0.07193455,3.306334,-0.07651048,0.01699462,3.300905,-0.08329452,-0.03588797,3.249269,-0.1523214,-0.1018738,3.250454,-0.02043126,-0.101092,3.218981,-0.08723509,-0.6256516,3.204371,-0.01859897,-0.5389895,3.157043,-0.09476458,-1.022526,3.28504,-0.02051565,-0.9395131,3.223201
-0.09731092,0.5199213,3.337106,-0.06267743,0.3440762,3.3271,-0.2316252,0.2191609,3.332111,0.07672592,0.2288469,3.311529,-0.2877682,-0.02351806,3.348145,0.1890634,-0.001175521,3.344447,-0.4603308,-0.1448857,3.29829,0.3665852,-0.09720015,3.259936,-0.07422615,-0.006935789,3.305811,-0.08003172,-0.07218627,3.252171,-0.1521733,-0.1466387,3.246228,-0.0140011,-0.1388117,3.226333,-0.08516371,-0.6294233,3.200892,-0.01147677,-0.573257,3.164922,-0.09358721,-1.022923,3.293616,-0.01339367,-0.9738287,3.231089
-0.08921064,0.4614468,3.338174,-0.07214655,0.2732623,3.330065,-0.238787,0.1605719,3.343246,0.0860719,0.1748358,3.319279,-0.2913408,-0.08477264,3.367082,0.1823352,-0.05212124,3.342107,-0.4670108,-0.1704407,3.266665,0.3690766,-0.1117608,3.243012,-0.07012239,-0.06872971,3.311481,-0.07405658,-0.1260951,3.258634,-0.1469785,-0.2038027,3.252529,-0.001824784,-0.1926911,3.234323,-0.08372873,-0.630556,3.195727,0.002334063,-0.6057396,3.172762,-0.1045914,-1.01141,3.323463,0.0004169332,-1.006361,3.238941
-0.09182082,0.4065182,3.335381,-0.0661566,0.2339561,3.333633,-0.2346555,0.1023986,3.336184,0.08565245,0.1214249,3.328077,-0.295851,-0.1462837,3.345878,0.1912984,-0.1014063,3.330201,-0.4839849,-0.2120366,3.254596,0.3610933,-0.1448525,3.194298,-0.06888613,-0.1136575,3.3149,-0.07146465,-0.1722286,3.261558,-0.1435295,-0.2468117,3.251351,-0.001551656,-0.2371408,3.241812,-0.08099271,-0.6552886,3.191758,0.01174335,-0.6498488,3.179526,-0.1066118,-1.023446,3.347484,-0.05923151,-1.041577,3.256369
-0.09263334,0.3673045,3.338067,-0.06387949,0.177524,3.329304,-0.230538,0.07062568,3.334934,0.08482353,0.09443974,3.323725,-0.2969646,-0.1520727,3.348539,0.2137989,-0.1487966,3.292254,-0.4776557,-0.2275074,3.24892,0.3967593,-0.1660529,3.169444,-0.0646327,-0.1527003,3.315037,-0.06767625,-0.2069556,3.262206,-0.1414471,-0.278158,3.253431,0.0050477,-0.2752297,3.242269,-0.1026069,-0.6883492,3.184563,0.006456501,-0.6870496,3.171926,-0.1087794,-1.052253,3.350313,0.01160142,-0.9768883,3.237548
-0.09231928,0.3670975,3.338247,-0.06265036,0.1793517,3.330691,-0.2270823,0.06594826,3.331949,0.08786531,0.08829032,3.325866,-0.2978351,-0.1563094,3.350211,0.1639004,-0.1598421,3.31371,-0.4767653,-0.2338124,3.248793,0.3629775,-0.1663785,3.187898,-0.0642354,-0.1545374,3.317217,-0.06618522,-0.210812,3.264747,-0.1405566,-0.2815752,3.255787,0.007154378,-0.2796657,3.245822,-0.1050685,-0.6915204,3.183397,0.005185645,-0.6906032,3.169842,-0.1084,-1.056955,3.346245,0.009722635,-0.9790705,3.239744
-0.08911884,0.3774809,3.343908,-0.05778994,0.2013534,3.332923,-0.221686,0.0780773,3.328734,0.09089998,0.09804824,3.33021,-0.2938433,-0.1430203,3.365837,0.155745,-0.1285175,3.348811,-0.4624977,-0.2278638,3.2519,0.354793,-0.1656243,3.211676,-0.05943482,-0.1450326,3.324117,-0.05994132,-0.2036663,3.271891,-0.1335459,-0.2758428,3.263358,0.01475709,-0.2687119,3.256863,-0.09921452,-0.6854275,3.18818,0.01358755,-0.678346,3.173163,-0.1061301,-1.052832,3.347034,0.0003512586,-0.9635709,3.251647
-0.07907897,0.4414561,3.369844,-0.0615062,0.2627602,3.357127,-0.2198097,0.1405348,3.355893,0.0928003,0.1535006,3.345385,-0.2833714,-0.1021784,3.366434,0.1685057,-0.07067677,3.37031,-0.4568122,-0.1991077,3.273662,0.3543013,-0.1505664,3.2401,-0.05233917,-0.08615638,3.335881,-0.05278705,-0.1443284,3.281209,-0.1233937,-0.2185831,3.269483,0.02076897,-0.2077756,3.262945,-0.08737005,-0.6498393,3.221496,0.01501395,-0.6192988,3.191654,-0.105471,-1.030595,3.34996,0.001342665,-0.9393654,3.304233
-0.06965639,0.4906364,3.37355,-0.04424175,0.3271113,3.375695,-0.2102834,0.2084765,3.372641,0.1014536,0.2100269,3.349501,-0.264536,-0.03401493,3.373623,0.2271236,-0.01961627,3.369791,-0.429653,-0.1642992,3.320313,0.3895029,-0.1352067,3.278204,-0.04298614,-0.03808287,3.344073,-0.04716114,-0.1015159,3.287064,-0.1205432,-0.1771043,3.275647,0.0257176,-0.1626011,3.266137,-0.08530731,-0.6603441,3.27941,0.01156835,-0.5881063,3.209448,-0.09977604,-1.043853,3.334035,0.002251253,-0.9356478,3.306919
-0.06314956,0.5514951,3.398252,-0.04096784,0.3783995,3.375713,-0.2044007,0.2536613,3.37659,0.1068094,0.2673993,3.359317,-0.2676482,-0.02110705,3.372586,0.227375,0.01109214,3.38236,-0.4462041,-0.1392126,3.367692,0.3934932,-0.1111689,3.311738,-0.04083842,0.009729775,3.350215,-0.04423818,-0.05075967,3.294624,-0.113868,-0.1267102,3.284333,0.02434683,-0.1119165,3.274936,-0.06512395,-0.6544563,3.287535,0.001422226,-0.5629414,3.222361,-0.08928542,-1.034832,3.322776,0.002917256,-0.9309747,3.317456
-0.0582277,0.5713588,3.399329,-0.03983226,0.3953117,3.377576,-0.1983914,0.2764469,3.379796,0.1075687,0.2883973,3.355171,-0.2665155,0.03132169,3.393502,0.2371754,0.04063959,3.397599,-0.4223656,-0.1151002,3.367733,0.4119714,-0.08199645,3.367389,-0.04055126,0.03045164,3.355251,-0.04545248,-0.03133032,3.299903,-0.1153055,-0.1084254,3.291427,0.02241121,-0.08740291,3.280162,-0.05335603,-0.6147745,3.279593,0.003458606,-0.5009134,3.229123,-0.07787442,-0.988485,3.325147,0.02049118,-0.8877219,3.341932
-0.05280262,0.5990098,3.390605,-0.02654023,0.4298674,3.377833,-0.1920761,0.302394,3.380816,0.1122788,0.3124654,3.351204,-0.2625766,0.04819237,3.394225,0.2325308,0.05971646,3.401593,-0.4213388,-0.1056854,3.374419,0.4026821,-0.06901385,3.369277,-0.03519627,0.06494527,3.361773,-0.0424265,0.003240748,3.307634,-0.1145794,-0.05795162,3.302352,0.02424654,-0.06853817,3.286355,-0.07352111,-0.6027246,3.281893,-0.008393897,-0.4856057,3.219824,-0.07268461,-0.9048547,3.33492,-0.02062872,-0.8674814,3.34627
-0.04178835,0.6128454,3.387934,-0.02397067,0.4367169,3.376946,-0.1857427,0.321485,3.387567,0.1204583,0.333188,3.361723,-0.2608106,0.05423532,3.397139,0.2317541,0.07486192,3.404785,-0.4283248,-0.07936616,3.386632,0.4011778,-0.05508245,3.374,-0.03373837,0.07711383,3.365829,-0.04069436,0.01573495,3.312608,-0.1131564,-0.05034547,3.305923,0.02571295,-0.0527665,3.29473,-0.08002836,-0.5921723,3.283666,-0.03795152,-0.5181392,3.244487,-0.06336343,-0.8909726,3.337055,0.0002467369,-0.8887895,3.371843
-0.03822109,0.6159998,3.388974,-0.01986336,0.4437111,3.383166,-0.1806479,0.3317824,3.391012,0.1204282,0.3331576,3.36171,-0.2586091,0.06369507,3.405403,0.2322083,0.07503116,3.404803,-0.4229638,-0.0738257,3.392583,0.4079632,-0.04672582,3.377569,-0.03309762,0.0808791,3.369363,-0.04086432,0.01919767,3.31558,-0.1126607,-0.04441352,3.309203,0.0242886,-0.04931609,3.298035,-0.08421136,-0.5849329,3.287147,-0.03671819,-0.5189703,3.244692,-0.05239891,-0.8679783,3.374131,0.004685342,-0.8869283,3.371398
-0.03495723,0.6178263,3.391304,-0.01467919,0.4443733,3.385021,-0.1731244,0.3290095,3.389736,0.1311452,0.3338989,3.372971,-0.2528235,0.06883643,3.408761,0.2339338,0.0734079,3.40594,-0.4178408,-0.06782556,3.391047,0.4130609,-0.04289401,3.375327,-0.03168201,0.08109251,3.371324,-0.03810503,0.01923655,3.317173,-0.1101517,-0.04465728,3.309711,0.02680168,-0.04925688,3.300544,-0.07547628,-0.5903701,3.29754,-0.03483579,-0.523632,3.247828,-0.05734849,-0.857844,3.415367,0.01384828,-0.8956885,3.3715
-0.01525529,0.6001608,3.39778,0.0007626871,0.4289919,3.385034,-0.1664637,0.3157233,3.391607,0.1374585,0.315393,3.373172,-0.2510342,0.06279315,3.414117,0.2436519,0.05930253,3.406706,-0.4203773,-0.06799746,3.3889,0.4307153,-0.04233694,3.36915,-0.02380385,0.06897534,3.373737,-0.0315915,0.00727206,3.319797,-0.1048141,-0.05590921,3.311952,0.0324435,-0.06242441,3.303681,-0.06513923,-0.6169456,3.309023,-0.0266395,-0.5414816,3.253687,-0.05447777,-0.8858734,3.424854,0.0242965,-0.9325472,3.344331
-0.001343439,0.5609328,3.393583,0.006437176,0.3818839,3.386058,-0.1537428,0.2762883,3.388013,0.1470743,0.2770541,3.375358,-0.2515569,0.008872428,3.404658,0.255325,0.01783058,3.394565,-0.4504124,-0.07090264,3.385561,0.457994,-0.04685303,3.355565,-0.0153287,0.02518938,3.37689,-0.02204408,-0.03594489,3.323178,-0.09516002,-0.09151193,3.313438,0.04176682,-0.1128189,3.309159,-0.05919354,-0.6330537,3.309006,-0.02709057,-0.6175843,3.25788,-0.024565,-0.9229789,3.380702,0.02364263,-1.007633,3.348148
0.004428188,0.5332167,3.393437,0.01486428,0.3479075,3.381065,-0.1528323,0.2333957,3.402203,0.1560154,0.2365704,3.384105,-0.2344766,-0.01696562,3.39953,0.2560081,-0.006126014,3.391622,-0.421522,-0.1143521,3.348299,0.4396338,-0.0748741,3.292235,-0.002104972,-0.01060264,3.376826,-0.008724192,-0.07316799,3.324014,-0.08021086,-0.1443003,3.316043,0.05489307,-0.1411762,3.309559,-0.01383747,-0.7027119,3.286763,-0.01808598,-0.6328624,3.261234,0.0006758481,-1.027986,3.373198,0.02842533,-1.012258,3.352314
0.006445867,0.460214,3.397552,0.02294466,0.2752343,3.376366,-0.1519155,0.1769701,3.400568,0.1650545,0.1773335,3.377241,-0.2371416,-0.06940585,3.40742,0.2517411,-0.06795426,3.379145,-0.421833,-0.1445527,3.31596,0.4287831,-0.1313468,3.263484,0.005225094,-0.06526087,3.378338,-0.002392782,-0.1244692,3.326629,-0.0773983,-0.1889463,3.319129,0.06352806,-0.1983232,3.31194,-0.04065047,-0.7368211,3.298702,-0.01060023,-0.6525003,3.256408,6.266983E-05,-1.027871,3.377886,0.0302811,-1.01621,3.350894
0.009584608,0.4019905,3.397988,0.02278073,0.2161501,3.377247,-0.1476684,0.1100163,3.399614,0.1675441,0.1152118,3.385162,-0.2235934,-0.1176651,3.400694,0.2446296,-0.1219387,3.378976,-0.4077085,-0.1937517,3.308797,0.4212614,-0.156936,3.249916,0.007673187,-0.1125437,3.379907,0.001781134,-0.167649,3.328157,-0.07219288,-0.2383735,3.316877,0.0683746,-0.2388638,3.316848,-0.06312992,-0.6518664,3.261531,8.322485E-05,-0.6541473,3.245513,-0.003456902,-1.035715,3.370777,0.03612843,-1.016147,3.331306
0.008102383,0.365583,3.382058,0.03306504,0.181024,3.389528,-0.1384669,0.07248935,3.39463,0.1730465,0.07844111,3.393638,-0.2254196,-0.1650866,3.403287,0.2554284,-0.1648845,3.37338,-0.4056942,-0.2259956,3.291827,0.4230636,-0.2117977,3.23553,0.01321511,-0.1526742,3.3821,0.009154742,-0.2106716,3.32849,-0.06810641,-0.2716948,3.316023,0.0773836,-0.2833931,3.31474,-0.05854066,-0.6838614,3.249815,0.001229004,-0.6600071,3.232524,-0.001075101,-1.028903,3.380822,0.0369619,-1.055099,3.334555
0.008006709,0.3582121,3.374573,0.03201884,0.1723187,3.392595,-0.1354694,0.06530183,3.395081,0.1743276,0.07013385,3.396827,-0.2243237,-0.1686527,3.402915,0.243061,-0.1737908,3.377826,-0.4014522,-0.2425719,3.294697,0.4231541,-0.2236936,3.240433,0.01626649,-0.1631355,3.387607,0.01338886,-0.2206292,3.334195,-0.06145016,-0.2856258,3.323131,0.08248679,-0.292642,3.321219,-0.06868952,-0.6964743,3.247625,0.005578536,-0.6605181,3.223558,-0.000508122,-1.027108,3.380093,0.03869078,-1.055716,3.332873
0.008185331,0.3582373,3.375306,0.03266322,0.1719878,3.393378,-0.1327117,0.06704986,3.398052,0.1762894,0.07033444,3.399756,-0.2211389,-0.169171,3.40665,0.2426756,-0.1739319,3.378419,-0.3990484,-0.2462016,3.302425,0.4277217,-0.2240025,3.251873,0.01924678,-0.1608626,3.392152,0.01715985,-0.2178575,3.339936,-0.05850098,-0.2840834,3.327903,0.08819107,-0.2877974,3.329758,-0.04005491,-0.7462107,3.256104,0.00288178,-0.6819454,3.216304,-0.0004003073,-1.027067,3.380038,0.03660867,-1.069087,3.325336
0.01967242,0.3949056,3.408498,0.02162233,0.2120435,3.409007,-0.127738,0.1032459,3.419233,0.1789109,0.1051192,3.413238,-0.2114184,-0.1394577,3.422767,0.2496203,-0.1210513,3.410609,-0.3823196,-0.2319336,3.319502,0.4488919,-0.1928635,3.312839,0.02461653,-0.1336223,3.402843,0.02356585,-0.1922032,3.349643,-0.04850937,-0.2607408,3.337794,0.09597556,-0.2583681,3.33838,-0.04189305,-0.6710349,3.259019,0.0115543,-0.6615812,3.227557,-0.0002839641,-1.027138,3.380172,0.05171622,-1.026475,3.331491
0.01846173,0.4468647,3.427052,0.03852784,0.2757869,3.422123,-0.1257534,0.151559,3.433038,0.183382,0.1712102,3.426353,-0.2154658,-0.08325397,3.44259,0.2461653,-0.04847892,3.444987,-0.3874007,-0.1999465,3.377198,0.459747,-0.1721802,3.333765,0.0315376,-0.07471085,3.412931,0.02828702,-0.1345042,3.358841,-0.04349099,-0.2038487,3.350916,0.09663906,-0.2024187,3.341331,-0.03830235,-0.619471,3.263803,0.02947649,-0.6625124,3.282548,-0.001783047,-1.006025,3.373954,0.05435297,-1.01999,3.350315
0.03017388,0.5145397,3.444634,0.04289377,0.3274796,3.430628,-0.1232868,0.2224097,3.450226,0.1927969,0.2281499,3.442466,-0.1990348,-0.0220783,3.460271,0.2988228,-0.004863664,3.484695,-0.3582293,-0.1632628,3.391067,0.4601202,-0.1178823,3.387315,0.03142992,-0.01577303,3.418229,0.02757957,-0.07336624,3.363603,-0.04365651,-0.1394294,3.356527,0.09346554,-0.1473408,3.342809,-0.0231779,-0.5603652,3.261622,0.03357658,-0.6580645,3.310874,0.005991086,-0.9389393,3.394256,0.05177113,-1.023488,3.357053
0.03088885,0.5455211,3.444433,0.04786764,0.3665437,3.435293,-0.1217959,0.2524609,3.452264,0.1933295,0.264132,3.452127,-0.2032686,-0.01362987,3.465659,0.3005934,0.02220345,3.495885,-0.3717068,-0.1389809,3.409606,0.4679379,-0.09636693,3.420715,0.03188957,0.008302059,3.423365,0.0284481,-0.05230903,3.3686,-0.04280793,-0.1222181,3.360615,0.09342554,-0.1209873,3.350223,-0.01744482,-0.5596032,3.296403,0.03388382,-0.6521862,3.323,0.0209544,-0.9433769,3.413728,0.0573445,-1.015977,3.368487
0.03303682,0.5824198,3.457749,0.04997304,0.4008936,3.444609,-0.1196218,0.2801624,3.456857,0.1880204,0.2867322,3.441554,-0.18986,0.03305882,3.478089,0.2959772,0.04070419,3.495663,-0.3475957,-0.1065606,3.42546,0.4808254,-0.06215452,3.448047,0.03386747,0.04059692,3.439512,0.0277122,-0.02196463,3.385978,-0.04450516,-0.0817266,3.380521,0.09261335,-0.09342049,3.370687,-0.04197378,-0.5446805,3.318735,0.02811367,-0.5974738,3.323561,0.03374429,-0.9178144,3.448977,0.08267429,-0.957951,3.417068
0.03432557,0.5894448,3.460755,0.05259153,0.4086192,3.443794,-0.1142926,0.3042337,3.478198,0.1933812,0.3029165,3.445722,-0.1832196,0.04702459,3.484575,0.2927505,0.06613591,3.49869,-0.3386001,-0.0965417,3.436981,0.4722038,-0.04914077,3.464117,0.03970229,0.06477877,3.450387,0.03124395,0.005487135,3.400783,-0.04101687,-0.05853127,3.400392,0.09504215,-0.07145661,3.381492,-0.03926376,-0.4697022,3.315739,0.03791523,-0.5222732,3.306806,0.0356546,-0.8399801,3.453017,0.09958184,-0.8842376,3.466821
0.03451122,0.5933959,3.460206,0.05431199,0.410881,3.444036,-0.1117739,0.306473,3.479836,0.2010261,0.3096243,3.457357,-0.175342,0.06943762,3.511154,0.2953254,0.06982991,3.503937,-0.3256487,-0.07397787,3.445394,0.4842748,-0.02979422,3.472654,0.0440282,0.07272568,3.456613,0.03774869,0.01280052,3.407364,-0.03418047,-0.05250467,3.40691,0.1041922,-0.0608234,3.392,-0.0330388,-0.4654902,3.326861,0.03980433,-0.5162313,3.308812,0.04148451,-0.8359983,3.46377,0.09942222,-0.8802639,3.465387
0.03691053,0.6000031,3.470761,0.05668522,0.4131591,3.448262,-0.107158,0.3140526,3.495486,0.2050065,0.3128238,3.460711,-0.1749081,0.06945815,3.512053,0.2993258,0.0739184,3.512935,-0.345696,-0.05409374,3.460069,0.4914375,-0.01486392,3.46578,0.04991636,0.07583731,3.464526,0.0422067,0.0151241,3.415708,-0.02906563,-0.05177961,3.416153,0.1082912,-0.05856117,3.399647,0.005262459,-0.6065511,3.377604,0.04781214,-0.532904,3.326476,0.06858858,-0.956991,3.524276,0.1031254,-0.892674,3.47245
0.0460351,0.5980341,3.47308,0.06910688,0.4116091,3.459325,-0.1039515,0.312603,3.495869,0.2118241,0.3100582,3.466759,-0.174784,0.0691992,3.514302,0.3012591,0.07332954,3.513545,-0.3477381,-0.05088294,3.461028,0.4936045,-0.009030037,3.453943,0.05754611,0.07045665,3.472395,0.05026131,0.009428252,3.422847,-0.02131913,-0.05905549,3.422783,0.1154213,-0.06304997,3.406031,0.05205758,-0.6162406,3.393768,0.05783441,-0.5465472,3.337691,0.0752919,-0.9685129,3.465295,0.1077732,-0.9301432,3.452146
0.05705381,0.5720632,3.473087,0.08540388,0.3499353,3.476754,-0.09676357,0.2986906,3.500418,0.2224837,0.2876062,3.479113,-0.1713245,0.05758698,3.513801,0.3057908,0.06336759,3.514313,-0.3489947,-0.04868683,3.44525,0.491316,-0.006107196,3.419537,0.06435329,0.03858866,3.486995,0.05649426,-0.01420117,3.435593,-0.01725135,-0.07766936,3.433003,0.1209789,-0.09288484,3.419719,0.0545232,-0.6347139,3.394031,0.05772665,-0.6161351,3.356179,0.07366883,-0.9823667,3.457454,0.1210186,-1.003207,3.454765
0.06845515,0.5374747,3.482473,0.08513134,0.3517639,3.476965,-0.08015955,0.2408481,3.494333,0.2294725,0.2568671,3.494934,-0.1621592,0.010816,3.520126,0.3168955,0.007029629,3.526208,-0.3465084,-0.06401839,3.427427,0.4914215,-0.03664901,3.396798,0.07096982,0.009478032,3.489478,0.07090232,-0.0629053,3.43961,-0.0008239808,-0.1302146,3.435422,0.1368919,-0.1313112,3.4264,-0.02703639,-0.5699541,3.399829,0.0822922,-0.6467209,3.389441,0.0649087,-0.963567,3.450653,0.1207584,-1.026289,3.473801
0.07762126,0.4834869,3.478718,0.09141278,0.3015492,3.490921,-0.08101298,0.2083909,3.511169,0.23201,0.1965045,3.49514,-0.1581794,-0.02542606,3.521889,0.3171335,-0.02355726,3.519153,-0.3285301,-0.1203557,3.420012,0.4866198,-0.08482828,3.382326,0.08301069,-0.0437804,3.496855,0.07765057,-0.09850483,3.44459,0.005251373,-0.1654661,3.435005,0.1463683,-0.1742573,3.435434,-0.02080931,-0.5955787,3.399727,0.08547556,-0.6478761,3.388119,0.06507771,-0.9807077,3.450542,0.12101,-1.032537,3.492753
0.06749925,0.4244668,3.47878,0.09751461,0.2464399,3.497746,-0.08279688,0.1442249,3.513078,0.2418206,0.145184,3.51123,-0.1579114,-0.09853756,3.520272,0.3158897,-0.08921189,3.513149,-0.3350083,-0.1650855,3.406613,0.4973043,-0.131185,3.365994,0.08721933,-0.08945645,3.498362,0.0851678,-0.1501916,3.445997,0.01131141,-0.2206932,3.431345,0.1545348,-0.2239083,3.437197,-0.01929786,-0.6355744,3.406862,0.08900691,-0.6538621,3.382432,0.06201408,-0.9794916,3.444515,0.1225415,-1.031682,3.516471
0.0756776,0.3863051,3.494678,0.09295084,0.2157314,3.501812,-0.07903045,0.08997428,3.52511,0.2438427,0.1179728,3.520402,-0.1528577,-0.1565412,3.536304,0.2918481,-0.1648973,3.517316,-0.326555,-0.1967361,3.404416,0.4810242,-0.160698,3.37799,0.09085405,-0.1116652,3.500932,0.08837115,-0.1672967,3.448175,0.01585817,-0.2391659,3.434794,0.1588641,-0.2397181,3.437619,-0.0151104,-0.6532202,3.407108,0.09235439,-0.66581,3.376479,0.06284796,-0.982168,3.440476,0.1259433,-1.037899,3.519301
0.07704917,0.3838012,3.497354,0.09559275,0.2118369,3.504948,-0.0716769,0.08197255,3.519241,0.2434195,0.1073463,3.5217,-0.1534941,-0.156669,3.5348,0.3012136,-0.1621354,3.518564,-0.3264834,-0.213245,3.40866,0.4856709,-0.1672299,3.374513,0.09188993,-0.1356677,3.50167,0.09036642,-0.1985231,3.447705,0.01731288,-0.2633778,3.434422,0.160087,-0.2658402,3.436166,-0.01463838,-0.6768603,3.3973,0.1153918,-0.6750365,3.36735,0.06346609,-0.9825091,3.43879,0.1260999,-1.037602,3.519217
0.07872756,0.3927387,3.504445,0.09616061,0.2218866,3.522342,-0.06616966,0.1025202,3.527495,0.2463921,0.1213019,3.529424,-0.1455781,-0.1026466,3.541085,0.3027081,-0.1367514,3.532501,-0.3015487,-0.2067866,3.424366,0.4889634,-0.1716599,3.377428,0.094236,-0.1205697,3.515444,0.09374044,-0.1781492,3.462638,0.02263757,-0.2482281,3.444764,0.1626864,-0.247311,3.452594,0.0473189,-0.660929,3.39181,0.126495,-0.6631466,3.374104,0.06114868,-0.9787971,3.438071,0.125951,-1.035669,3.519983
0.0728963,0.4519075,3.529253,0.1017842,0.2788285,3.531738,-0.0729808,0.1679805,3.546027,0.252397,0.1856676,3.544404,-0.1236252,-0.08414659,3.543382,0.2821093,-0.09236997,3.517653,-0.2941267,-0.181957,3.444909,0.4782819,-0.1453806,3.425421,0.09825855,-0.05886175,3.52883,0.09674886,-0.1167084,3.475699,0.02098291,-0.1899483,3.459404,0.170673,-0.1881488,3.466832,0.06830149,-0.6582536,3.422259,0.1367784,-0.6279805,3.398767,0.06485711,-0.9833807,3.468227,0.126718,-1.015811,3.510487
0.0723374,0.5129142,3.536597,0.1005136,0.3405059,3.543529,-0.07659829,0.2253762,3.564341,0.2464028,0.2551712,3.555536,-0.1458743,-0.01265535,3.554601,0.3070842,0.004846901,3.564539,-0.2945484,-0.1472856,3.465975,0.4824219,-0.1162737,3.454198,0.09942824,-0.001681311,3.540769,0.09681352,-0.06057502,3.487671,0.02698549,-0.1367936,3.470519,0.1653101,-0.1286788,3.480134,0.08297658,-0.6698885,3.474975,0.1313772,-0.5850518,3.423591,0.07118056,-0.9995604,3.488495,0.1259309,-0.9852216,3.493795
0.07608451,0.561411,3.547574,0.09979204,0.3812551,3.548455,-0.0794943,0.2784632,3.572025,0.2427579,0.2664629,3.55041,-0.1482008,0.006511896,3.555802,0.3378755,0.04670347,3.584841,-0.3175584,-0.1137081,3.489622,0.4942166,-0.07292604,3.487026,0.09775297,0.02365354,3.543148,0.09408911,-0.03786185,3.489673,0.0240438,-0.1037032,3.477376,0.161958,-0.1105199,3.478866,0.08256416,-0.6153033,3.490596,0.1209605,-0.5808015,3.433135,0.07811937,-1.003417,3.493711,0.1262209,-0.985473,3.48215
0.07520659,0.5885555,3.552527,0.09977344,0.408439,3.552462,-0.07430726,0.3081089,3.571467,0.2401413,0.3038986,3.551167,-0.1420172,0.05719355,3.548885,0.3372875,0.07239449,3.601202,-0.3123953,-0.06964253,3.506539,0.4922775,-0.05233948,3.498283,0.09617455,0.05905937,3.552614,0.09196007,-0.002064498,3.500086,0.02216715,-0.07298946,3.489181,0.1590445,-0.06959586,3.488882,0.08974583,-0.6152729,3.475673,0.10646,-0.5235176,3.44728,0.08938813,-0.9948144,3.499659,0.1350284,-0.9272397,3.496398
0.07616652,0.6086757,3.558504,0.0978617,0.438001,3.562789,-0.07541552,0.3219742,3.577846,0.2378477,0.3250408,3.551396,-0.1412882,0.06631421,3.55453,0.3442212,0.1006165,3.604318,-0.3148217,-0.05657233,3.51386,0.4976625,-0.02320516,3.507196,0.09705891,0.07790415,3.56091,0.09203145,0.01514472,3.508069,0.02176868,-0.05389993,3.499711,0.1600553,-0.05483747,3.494783,0.07604694,-0.6132696,3.481468,0.1104337,-0.5139238,3.447032,0.104815,-0.9480516,3.528022,0.1542985,-0.8995948,3.532448
0.07515563,0.6164001,3.564021,0.0971202,0.4419593,3.565286,-0.07550931,0.3388683,3.590884,0.2423975,0.3483871,3.569592,-0.1489824,0.0768366,3.566161,0.340715,0.1140413,3.608502,-0.3348733,-0.02755687,3.53007,0.4983616,-0.007571086,3.516025,0.08989991,0.0989306,3.569087,0.08385862,0.04035274,3.51747,0.01005222,-0.02793153,3.511981,0.1534934,-0.03399648,3.500721,0.07286225,-0.5863835,3.488401,0.1097652,-0.5144919,3.447014,0.09737152,-0.9162261,3.534497,0.1499716,-0.8959272,3.53793
0.07425614,0.6204821,3.570457,0.09493121,0.4440619,3.568538,-0.07705845,0.3457682,3.604135,0.2417041,0.3480994,3.572868,-0.149622,0.07988735,3.570195,0.3395953,0.1108133,3.61228,-0.3341948,-0.02577464,3.52967,0.5006614,-0.004113339,3.516748,0.09051673,0.100533,3.571903,0.08363333,0.04148126,3.520085,0.01068388,-0.02738084,3.515062,0.152789,-0.03192775,3.503565,0.07188563,-0.5860417,3.491142,0.1089607,-0.5160645,3.447491,0.09660767,-0.91635,3.53933,0.1446176,-0.8888249,3.564728
0.07404795,0.6205033,3.571181,0.09701128,0.4410816,3.585502,-0.07368626,0.3430823,3.607807,0.2470049,0.340854,3.590968,-0.148746,0.07946998,3.577913,0.33761,0.1068607,3.619349,-0.3328355,-0.02406555,3.527775,0.4992622,-0.001688488,3.516642,0.0893501,0.09680542,3.580293,0.08473828,0.0384642,3.527272,0.01233909,-0.03038597,3.519906,0.1529359,-0.03379213,3.510832,0.0701702,-0.5894749,3.49744,0.1027596,-0.5487151,3.469945,0.1007406,-0.9176571,3.563523,0.1444508,-0.8927539,3.565588
0.07740951,0.592115,3.586334,0.101923,0.3744458,3.610396,-0.0657669,0.3167028,3.622037,0.2353755,0.317241,3.596831,-0.1407241,0.0580086,3.585839,0.3408441,0.08570431,3.62324,-0.3307124,-0.02766349,3.522354,0.508209,-0.009857364,3.516329,0.09510906,0.04903922,3.596649,0.08877352,-0.0005432013,3.540832,0.0206105,-0.06392958,3.529436,0.1521227,-0.05993199,3.521805,0.09100397,-0.6216994,3.516347,0.09849648,-0.5672406,3.477975,0.09729328,-0.9960899,3.579223,0.1408735,-0.923924,3.571633
0.07481023,0.5744722,3.598066,0.1015955,0.3796198,3.612792,-0.07573813,0.2736296,3.636472,0.2272106,0.2827027,3.612767,-0.1325636,0.01652169,3.580002,0.3358586,0.05082909,3.631902,-0.316986,-0.07283984,3.503891,0.4862034,-0.03833068,3.494818,0.09589197,0.04371644,3.596119,0.09047139,-0.01410779,3.539628,0.0229399,-0.08211384,3.524141,0.1552289,-0.08157969,3.525198,0.09291071,-0.6398943,3.519715,0.10787,-0.5524406,3.478501,0.08016662,-0.9695723,3.619385,0.1392764,-0.927134,3.568366
0.06897742,0.518674,3.608244,0.09877457,0.3510334,3.619693,-0.08218998,0.231255,3.654145,0.2380089,0.2363772,3.629952,-0.1277077,-0.02248401,3.598014,0.3285031,0.003357435,3.627033,-0.2957757,-0.1271448,3.49218,0.4771382,-0.08511784,3.46946,0.09574519,-0.006056784,3.603362,0.09094961,-0.06436768,3.54751,0.01813569,-0.1342266,3.529934,0.1613435,-0.1356302,3.534902,0.08442344,-0.6922928,3.53325,0.1142031,-0.5521781,3.475495,0.1021604,-1.01387,3.597968,0.1349496,-0.9475649,3.559256
0.07604285,0.467326,3.617372,0.09893511,0.2852588,3.621701,-0.07522062,0.1665434,3.626116,0.2355341,0.1705967,3.628403,-0.1293825,-0.07078937,3.604165,0.3313203,-0.01926315,3.631379,-0.2845723,-0.1656215,3.477706,0.4711758,-0.1454408,3.448076,0.09670149,-0.06288739,3.605252,0.09651184,-0.1209473,3.549653,0.02450001,-0.1898906,3.525239,0.1676987,-0.1902916,3.545198,0.06627649,-0.7199022,3.499793,0.1247561,-0.6484984,3.460067,0.08660378,-1.015014,3.64648,0.1317774,-0.9516914,3.547487
0.0661543,0.407874,3.610584,0.09713414,0.2275848,3.623548,-0.08593556,0.1081939,3.639011,0.2431012,0.125492,3.640491,-0.1364273,-0.1370522,3.598001,0.3318681,-0.07647976,3.602785,-0.2907405,-0.2298605,3.46873,0.4718072,-0.1812121,3.422755,0.09551125,-0.1041872,3.607337,0.09485941,-0.1573733,3.551813,0.02186462,-0.2400296,3.533536,0.1665515,-0.2258228,3.540465,0.06334243,-0.7602327,3.500431,0.124403,-0.6484975,3.460023,0.08517641,-1.028254,3.646373,0.129762,-0.9707308,3.548068
0.06907713,0.39071,3.607364,0.09588841,0.2069114,3.612108,-0.08441718,0.08807917,3.63129,0.24622,0.1041248,3.639021,-0.1362103,-0.1566506,3.603119,0.3237474,-0.1289978,3.590235,-0.2931742,-0.2498552,3.477776,0.4738414,-0.2015265,3.4264,0.09511808,-0.1261717,3.601382,0.09577128,-0.182173,3.546627,0.02166603,-0.2568795,3.526614,0.1700155,-0.2551839,3.538991,0.05953276,-0.7741994,3.497493,0.1228628,-0.6621684,3.456914,0.08302178,-1.027936,3.639002,0.1254901,-0.9710765,3.53992
0.07010047,0.3906672,3.607315,0.0953714,0.2070988,3.612222,-0.08228649,0.08854554,3.627335,0.2444424,0.1049863,3.638498,-0.1398516,-0.152533,3.613062,0.3245073,-0.1259189,3.59536,-0.2910584,-0.2554336,3.488292,0.4751622,-0.2069514,3.43608,0.09369609,-0.1272174,3.603917,0.09475084,-0.1841959,3.550076,0.02118061,-0.2584565,3.530491,0.1684222,-0.2556322,3.543494,0.03322092,-0.7021298,3.505426,0.1225228,-0.6622372,3.458583,0.08083729,-1.020555,3.636852,0.125303,-0.9683174,3.53839
0.07033637,0.418032,3.612467,0.09666088,0.2573771,3.629419,-0.08061093,0.1207889,3.625226,0.2425827,0.1347044,3.641515,-0.1423234,-0.1054261,3.63763,0.3284827,-0.07719944,3.62369,-0.2827075,-0.2360449,3.528824,0.4759758,-0.186666,3.485726,0.09685022,-0.09771285,3.618079,0.09908318,-0.1576701,3.563407,0.02648279,-0.2288682,3.542057,0.1729486,-0.229526,3.558925,0.02907297,-0.6828035,3.516088,0.118304,-0.6477057,3.486204,0.08010633,-1.018987,3.64078,0.1271057,-0.9629394,3.559107
0.08649263,0.4915795,3.64195,0.09899081,0.3136625,3.637628,-0.0717707,0.1957663,3.63876,0.248363,0.2106955,3.650517,-0.1410912,-0.03235784,3.656911,0.3209706,-0.03966907,3.624859,-0.2735357,-0.1823049,3.552725,0.4943607,-0.1499251,3.522391,0.09160075,-0.03674447,3.62091,0.09162185,-0.09531122,3.565242,0.01653271,-0.1644018,3.543799,0.1641547,-0.1680915,3.557152,0.028903,-0.6247251,3.535825,0.1018368,-0.6594701,3.548135,0.09468663,-0.988866,3.627872,0.1267815,-0.9687001,3.593992
0.07525685,0.535719,3.63717,0.09480397,0.3750254,3.645044,-0.07325503,0.2583999,3.65037,0.2332366,0.2522336,3.638289,-0.1532859,-0.01909244,3.648638,0.3328405,0.0138222,3.667147,-0.2911622,-0.1565317,3.545875,0.5046051,-0.1049255,3.544868,0.08898139,0.0045997,3.624114,0.08620021,-0.05957817,3.567572,0.01440575,-0.1256732,3.550405,0.1536553,-0.1219479,3.556476,0.02589154,-0.6010548,3.549248,0.1004296,-0.5568047,3.544405,0.08786546,-0.9870603,3.62662,0.1232736,-0.9597844,3.599149
0.07374923,0.571067,3.63921,0.1005927,0.4090981,3.647721,-0.07561934,0.2844552,3.644916,0.2169822,0.2874531,3.62408,-0.1637147,0.03243658,3.643517,0.3393787,0.04417066,3.673193,-0.3072309,-0.1151344,3.570493,0.5097261,-0.06516187,3.589483,0.08682477,0.03430647,3.629339,0.07992048,-0.02813852,3.573656,0.01001966,-0.08981427,3.562387,0.1434798,-0.09353872,3.559795,0.02689764,-0.5681882,3.550802,0.08512656,-0.6149735,3.541087,0.08865318,-0.9621199,3.627285,0.1195886,-0.976582,3.62714
0.07320489,0.5868328,3.634523,0.0954897,0.4155532,3.644623,-0.06300113,0.3058932,3.634384,0.2275031,0.3061465,3.629351,-0.1589265,0.03864082,3.630353,0.3353025,0.09065697,3.670732,-0.3229884,-0.09281659,3.575023,0.5069006,-0.04548004,3.608606,0.08213746,0.0484187,3.631439,0.07867022,-0.01375028,3.576632,0.01004609,-0.07640946,3.56641,0.1426434,-0.08006616,3.562995,0.02200291,-0.5491424,3.550379,0.07869489,-0.5760826,3.529135,0.08889757,-0.9415596,3.629568,0.114489,-0.9416558,3.64706
0.07874388,0.6163267,3.647471,0.08822706,0.4308571,3.641384,-0.08293394,0.3243698,3.648586,0.2230898,0.3186896,3.62683,-0.1589636,0.05453853,3.626608,0.3367702,0.09828205,3.677372,-0.3214582,-0.07977525,3.574239,0.5068093,-0.02819363,3.616314,0.07851095,0.07338662,3.636814,0.07296575,0.01174479,3.583758,0.002635622,-0.05417331,3.574238,0.1398975,-0.06084526,3.569927,0.0111159,-0.5062235,3.557318,0.06643109,-0.5254078,3.514631,0.08303197,-0.89843,3.634113,0.1088519,-0.9056839,3.641114
0.07462296,0.6206791,3.646555,0.08673458,0.4381577,3.6395,-0.08362213,0.3280772,3.652006,0.2214326,0.3272672,3.626893,-0.1566679,0.06406093,3.622364,0.3303692,0.101066,3.674427,-0.323793,-0.06546693,3.573425,0.511927,-0.008794546,3.630287,0.07862547,0.08102051,3.639357,0.07253869,0.01875058,3.58699,0.002806912,-0.04682426,3.579603,0.1384082,-0.05112314,3.573918,0.01107339,-0.5062532,3.557971,0.0660065,-0.5240546,3.516706,0.07866608,-0.8977751,3.640372,0.1092402,-0.9047509,3.642009
0.06988753,0.6222211,3.640421,0.0867382,0.4399943,3.638793,-0.08385345,0.3294292,3.652736,0.2197821,0.3273661,3.626413,-0.1623092,0.07623709,3.639095,0.3273322,0.09813377,3.682186,-0.3243085,-0.05275858,3.570332,0.5099914,-0.006376542,3.627793,0.07857993,0.08128168,3.639342,0.07226733,0.01878222,3.586996,0.00264384,-0.04675679,3.579653,0.1375394,-0.05076231,3.574016,0.03987263,-0.5275969,3.541957,0.06884229,-0.5260577,3.51912,0.06308877,-0.8726074,3.637535,0.1053255,-0.9103914,3.636817
0.06828476,0.6102524,3.637345,0.08199841,0.4307755,3.631589,-0.0836497,0.3228405,3.653064,0.219047,0.3180018,3.626936,-0.1647144,0.07034648,3.64207,0.3221758,0.09184388,3.677209,-0.3331517,-0.04733974,3.567657,0.5081306,-0.006267451,3.621818,0.077331,0.07469527,3.637767,0.0715367,0.01123277,3.586001,0.00298884,-0.05602589,3.580109,0.1367099,-0.05664189,3.573083,0.05392163,-0.6158233,3.56145,0.06867216,-0.5464313,3.53028,0.04452087,-0.9365861,3.621717,0.09609601,-0.929078,3.623032
0.06513523,0.5874506,3.633441,0.08697154,0.4184915,3.632315,-0.08288559,0.2995279,3.644466,0.2186075,0.2929329,3.631701,-0.1715553,0.02331412,3.629285,0.3230529,0.05861203,3.668257,-0.359213,-0.05002936,3.542811,0.4962832,-0.02965444,3.564785,0.07756791,0.05646339,3.638372,0.07329651,-0.008422539,3.586521,0.004501631,-0.07680508,3.57688,0.1374436,-0.07466753,3.577295,0.05472009,-0.6307796,3.564371,0.06811721,-0.5471976,3.531017,0.03240375,-0.9968747,3.605328,0.07920516,-0.9502579,3.588826
0.06933612,0.5347977,3.634162,0.08050167,0.3582208,3.622101,-0.08845475,0.2554439,3.641392,0.2153689,0.2555579,3.637647,-0.1712649,0.01002164,3.63171,0.3088095,0.01240627,3.660074,-0.3465696,-0.07138646,3.525829,0.4795717,-0.06130947,3.505972,0.07681007,0.005198495,3.635618,0.07537568,-0.05869144,3.585171,0.006113501,-0.1308326,3.578844,0.1427473,-0.1203932,3.575399,0.05110639,-0.6800525,3.564532,0.06212401,-0.5457678,3.530288,0.03166322,-0.9977063,3.609952,0.07896414,-0.9504248,3.578941
0.06773667,0.4817446,3.630386,0.08639255,0.2948315,3.619431,-0.09635186,0.1933281,3.63107,0.2178348,0.1911092,3.637336,-0.1661357,-0.04011683,3.641575,0.2971339,-0.03747755,3.63406,-0.3307956,-0.1040346,3.507036,0.469748,-0.1161066,3.492113,0.07198959,-0.04823661,3.639743,0.07025751,-0.1112961,3.591301,-0.003412948,-0.1828284,3.579588,0.1383324,-0.180607,3.588835,0.0325275,-0.6301567,3.520721,0.08203209,-0.5935887,3.529151,0.02113893,-1.010655,3.627754,0.1084435,-0.9987722,3.572169
0.06708379,0.4273067,3.626316,0.07219304,0.2301743,3.616032,-0.0939,0.1341038,3.626881,0.2201293,0.140096,3.640271,-0.1701661,-0.061694,3.645104,0.3053633,-0.1032882,3.611552,-0.3146878,-0.1557776,3.504728,0.4553694,-0.1591052,3.45594,0.0585878,-0.09761205,3.637911,0.05854123,-0.1561714,3.590849,-0.01484902,-0.2252158,3.580053,0.1268524,-0.2278146,3.587825,0.02986944,-0.637352,3.520313,0.06649029,-0.6357589,3.524794,0.01466149,-1.017783,3.644545,0.08047597,-1.012281,3.634209
0.05927629,0.4024381,3.616475,0.06976894,0.2194962,3.620114,-0.09435418,0.1086523,3.617687,0.2183922,0.1051219,3.637701,-0.1588518,-0.1092282,3.617692,0.2738166,-0.150559,3.602881,-0.3252668,-0.1835136,3.491747,0.4513848,-0.1877792,3.434376,0.05626779,-0.1153405,3.636347,0.05727179,-0.1772501,3.587917,-0.01617071,-0.2479056,3.575786,0.1264873,-0.2464218,3.583626,0.03146971,-0.657827,3.515679,0.0651132,-0.6543776,3.522366,0.01397454,-1.016538,3.644773,0.07730527,-0.999534,3.62748
0.05923669,0.4024641,3.616919,0.06864215,0.2171209,3.616542,-0.09429311,0.1080601,3.615495,0.2183233,0.1051668,3.637631,-0.1463564,-0.1185515,3.615143,0.2762195,-0.1474685,3.599385,-0.3189887,-0.1848292,3.493631,0.4528535,-0.189191,3.435151,0.05832894,-0.1187457,3.632642,0.0603341,-0.1805446,3.584498,-0.01177865,-0.2519755,3.571313,0.130099,-0.2492499,3.581229,0.0323116,-0.6625147,3.513581,0.0770085,-0.6595155,3.497528,0.01374009,-1.016919,3.645037,0.07834219,-1.000586,3.628402
0.06299692,0.4446041,3.628186,0.06691532,0.2550423,3.612071,-0.09317514,0.1536847,3.613785,0.2120124,0.1593937,3.639834,-0.1589243,-0.09643279,3.625427,0.2881389,-0.1001232,3.635058,-0.3141156,-0.1872989,3.495689,0.4578187,-0.1738726,3.470613,0.05848113,-0.09234487,3.626838,0.06128206,-0.155263,3.578581,-0.009760096,-0.2216328,3.565408,0.1306223,-0.2239061,3.575028,0.0270539,-0.6409956,3.5248,0.07768486,-0.6557555,3.508447,0.01397604,-1.015993,3.649117,0.0812173,-0.9960611,3.648366
0.04508981,0.5001923,3.628371,0.0772827,0.3276177,3.622933,-0.1017753,0.2041623,3.628464,0.2112418,0.2079179,3.630177,-0.1616628,-0.03170118,3.631893,0.3145999,-0.01582994,3.636505,-0.2950641,-0.1666034,3.518987,0.4702434,-0.1435522,3.521739,0.06764968,-0.03177799,3.62348,0.06592298,-0.09552838,3.572359,-0.007627239,-0.1687982,3.564092,0.1357326,-0.1615955,3.559773,0.03218296,-0.6551256,3.57005,0.06964446,-0.5959843,3.528783,0.02171646,-1.006359,3.64481,0.08234337,-0.9853882,3.637151
0.05266859,0.5507464,3.622152,0.07076048,0.3693891,3.623779,-0.100932,0.2585315,3.625106,0.2097272,0.2601429,3.638656,-0.1684928,0.002125545,3.641815,0.3118073,0.0340385,3.655883,-0.3143111,-0.1224882,3.532961,0.4804396,-0.08109125,3.57729,0.06082515,0.011197,3.622629,0.06117237,-0.05201988,3.571077,-0.0100134,-0.1200729,3.560012,0.1293051,-0.1206415,3.560468,0.0367491,-0.6544758,3.574826,0.07044375,-0.5757602,3.539996,0.02302595,-1.005113,3.640441,0.07888065,-0.9754598,3.613882
0.04833418,0.573436,3.623746,0.06921162,0.3696145,3.622873,-0.1028906,0.2961361,3.630455,0.2098814,0.2900473,3.624344,-0.1785048,0.0422425,3.617496,0.3236819,0.07326914,3.672223,-0.3380672,-0.08350293,3.535778,0.4947999,-0.04917448,3.617585,0.06070297,0.0365217,3.623265,0.05855706,-0.01543965,3.572669,-0.01034504,-0.087337,3.560635,0.1256445,-0.08450689,3.56307,0.03834039,-0.6465423,3.573977,0.08119429,-0.5592639,3.539033,0.02812022,-1.007001,3.635606,0.08677509,-0.9611703,3.603899
0.05133031,0.5973665,3.621421,0.06379037,0.4336925,3.620321,-0.1056923,0.3164374,3.63126,0.209653,0.3169047,3.612941,-0.1821287,0.06933353,3.623554,0.3217,0.09084614,3.67429,-0.3397607,-0.05765442,3.539688,0.4959116,-0.02803945,3.622204,0.06359755,0.07059705,3.62178,0.05982301,0.003084543,3.571025,-0.01013391,-0.06977181,3.562493,0.1285658,-0.06469894,3.557813,0.04272582,-0.6284326,3.561975,0.06855457,-0.5863428,3.536632,0.04637465,-0.9838126,3.637743,0.08314217,-0.9447153,3.62056
0.0378486,0.6243086,3.622941,0.06364501,0.442825,3.615101,-0.1051531,0.3268237,3.630369,0.2079987,0.3325205,3.612586,-0.1791037,0.08202471,3.62208,0.3228618,0.1036846,3.674757,-0.3440196,-0.03391409,3.53588,0.5093723,0.001129866,3.634995,0.06268705,0.08032283,3.622116,0.05879814,0.01508335,3.572054,-0.01108497,-0.05502925,3.568513,0.1270843,-0.05379297,3.557484,0.03902352,-0.6032153,3.560161,0.05899426,-0.5566664,3.525531,0.05928952,-0.9047775,3.622231,0.08760986,-0.9187968,3.615513
0.03738092,0.6259245,3.620785,0.06743543,0.4519123,3.608158,-0.1043378,0.3338669,3.624727,0.2046387,0.3396578,3.611008,-0.1784604,0.09340601,3.620577,0.3236799,0.1141483,3.678498,-0.3439414,-0.02028168,3.532147,0.505942,0.006753348,3.629935,0.06398933,0.08671243,3.619806,0.06055029,0.02045502,3.570034,-0.0086044,-0.04889477,3.56541,0.1281517,-0.04691695,3.557342,0.0410744,-0.5991833,3.558859,0.06139015,-0.5476491,3.519646,0.05887317,-0.8993629,3.614004,0.09463266,-0.8984775,3.607013
0.0367035,0.6266052,3.618992,0.06437191,0.4490701,3.599344,-0.1048048,0.334835,3.615099,0.204574,0.3413958,3.609888,-0.1777067,0.09581846,3.616491,0.3214652,0.1148507,3.681226,-0.3433208,-0.01319392,3.521723,0.5043993,0.01192132,3.623993,0.06168865,0.08897168,3.616971,0.05973916,0.02255945,3.567835,-0.009535152,-0.04739958,3.563361,0.1277749,-0.04535324,3.556456,0.04331681,-0.5989941,3.557343,0.06081824,-0.552547,3.518183,0.05240019,-0.9227094,3.563938,0.09462066,-0.9067566,3.554976
0.03797197,0.6222534,3.613788,0.06254786,0.4464771,3.595177,-0.1066394,0.33243,3.611959,0.2044725,0.337481,3.60839,-0.176597,0.08955528,3.597399,0.3066941,0.08103073,3.658818,-0.3486966,-0.01954894,3.517413,0.5033034,0.006580673,3.603124,0.06174847,0.08678637,3.61379,0.06051908,0.02023717,3.565418,-0.008271736,-0.05143028,3.560286,0.1288526,-0.04738304,3.554934,0.04646056,-0.6089613,3.555954,0.0712311,-0.5433341,3.508336,0.05215953,-0.9327214,3.564821,0.08239582,-0.9526572,3.527641
0.04468688,0.5890782,3.603822,0.05234564,0.4062689,3.572014,-0.1105666,0.3002276,3.587841,0.2069659,0.306199,3.612293,-0.1802724,0.05674944,3.567397,0.3053953,0.06660463,3.656421,-0.3528812,-0.04774218,3.481622,0.487396,-0.02356382,3.57446,0.05952566,0.06310583,3.600158,0.06416741,-0.002272403,3.555556,-0.00119138,-0.07937083,3.542128,0.1337253,-0.07163619,3.553767,0.06100509,-0.6378187,3.512989,0.09324652,-0.5851842,3.49885,0.05385676,-1.006598,3.505076,0.09345605,-0.9830133,3.508765
0.04645634,0.5449186,3.58854,0.06534434,0.3672283,3.575048,-0.1118904,0.2599049,3.584383,0.2094329,0.2612656,3.609228,-0.1782991,0.005470497,3.566468,0.3061189,0.01209392,3.63771,-0.3506446,-0.08333478,3.461742,0.4872416,-0.07075331,3.545089,0.05897867,0.0192239,3.594333,0.06156627,-0.04564207,3.549282,-0.009972524,-0.1165748,3.540911,0.1322092,-0.118178,3.543495,0.06138016,-0.6672067,3.499126,0.09218688,-0.5903478,3.496371,0.0502044,-1.020113,3.510382,0.09311247,-1.000661,3.507396
0.04686287,0.4895688,3.590364,0.06024067,0.3001232,3.56728,-0.1153338,0.1951163,3.580197,0.1986628,0.1956628,3.584206,-0.1753561,-0.03795377,3.562092,0.296266,-0.03411824,3.644393,-0.3167112,-0.1463729,3.429703,0.4708387,-0.1213081,3.530632,0.06551106,-0.03924045,3.587156,0.06721195,-0.1023733,3.542943,-0.002069716,-0.1792507,3.533533,0.1387629,-0.1650686,3.539483,0.05664049,-0.6301098,3.453605,0.1121592,-0.6114348,3.494857,0.04901194,-1.016363,3.502161,0.09647985,-1.010038,3.513787
0.06032801,0.4281189,3.582066,0.06606438,0.2463622,3.562654,-0.1081994,0.1312084,3.555939,0.2017527,0.1578714,3.590873,-0.1642611,-0.09812373,3.552047,0.2992826,-0.1008991,3.618839,-0.3198218,-0.1926493,3.425646,0.4762946,-0.1595774,3.499909,0.06941655,-0.08623198,3.581933,0.07518935,-0.1471882,3.538702,0.007426388,-0.2232215,3.519999,0.1467758,-0.2153275,3.544247,0.05844917,-0.6350781,3.448599,0.1184819,-0.6615354,3.487261,0.04965445,-1.005901,3.469051,0.09706948,-1.00966,3.527043
0.04223691,0.3899794,3.572857,0.05846421,0.2121866,3.55886,-0.1080407,0.1086214,3.554436,0.2122945,0.1066902,3.596288,-0.1301678,-0.164114,3.536058,0.2958352,-0.1251121,3.619249,-0.3163224,-0.2255756,3.436006,0.4637829,-0.1964749,3.486872,0.06578098,-0.113515,3.575974,0.07355563,-0.1739224,3.532803,0.005464295,-0.249041,3.515392,0.1470907,-0.243913,3.535475,0.05970775,-0.6543238,3.429265,0.116767,-0.6859767,3.477383,0.04815049,-1.007081,3.460875,0.09745987,-1.012566,3.529724
0.04268233,0.3876891,3.571551,0.05795528,0.2105276,3.55888,-0.1057381,0.1001333,3.553212,0.2126911,0.1064575,3.595876,-0.1285775,-0.1632485,3.537584,0.300039,-0.1405376,3.616402,-0.3131202,-0.2277996,3.436331,0.4681903,-0.1984836,3.483554,0.06625777,-0.1203045,3.573434,0.07450777,-0.1814729,3.529518,0.006028273,-0.2568784,3.511748,0.1491596,-0.2505481,3.531616,0.0577662,-0.6620546,3.423472,0.1202288,-0.6897672,3.463352,0.04528299,-1.0021,3.445448,0.0979847,-1.009891,3.528973
0.04863745,0.4022844,3.57549,0.06124796,0.2251831,3.562705,-0.1029898,0.110302,3.554009,0.2101053,0.117732,3.593813,-0.1677805,-0.1184105,3.56073,0.3084803,-0.1224947,3.621754,-0.3092996,-0.2358435,3.437355,0.4696165,-0.1919268,3.48543,0.06740069,-0.1138684,3.573218,0.07509462,-0.1752516,3.528311,0.006721049,-0.2473962,3.508196,0.1491017,-0.2433008,3.531077,0.05643922,-0.6538625,3.42585,0.1207618,-0.6790961,3.443523,0.04496639,-1.002705,3.454025,0.09787042,-1.009927,3.529768
0.04405829,0.4654497,3.583381,0.05875526,0.2877922,3.57344,-0.1002828,0.166471,3.566531,0.2026797,0.1903027,3.587773,-0.1634935,-0.0522824,3.58031,0.302745,-0.04200756,3.638734,-0.3084545,-0.1847869,3.481054,0.4715166,-0.1499435,3.535106,0.05492444,-0.06219482,3.561699,0.05699015,-0.1230275,3.511799,-0.01268907,-0.1943115,3.497064,0.1260906,-0.1864407,3.50214,0.05544312,-0.6481608,3.470445,0.1051756,-0.6443793,3.464363,0.0414548,-1.005259,3.530358,0.0989308,-1.010013,3.529423
0.03966615,0.5292785,3.597935,0.0567237,0.3531293,3.575003,-0.1057029,0.2389206,3.583068,0.2140341,0.2439097,3.606311,-0.1685612,0.001628278,3.578821,0.311756,0.0125089,3.647812,-0.3243131,-0.1328503,3.505154,0.4790469,-0.104545,3.568985,0.05679925,-0.002453166,3.56373,0.06039038,-0.06443339,3.513441,-0.009217327,-0.1339874,3.498528,0.1312427,-0.1366117,3.503127,0.06307847,-0.5544564,3.506291,0.0917662,-0.643761,3.472782,0.04460576,-0.9632431,3.528672,0.09664804,-1.012545,3.519865
0.0371308,0.5697061,3.593003,0.0518092,0.3947164,3.579765,-0.1088704,0.2819869,3.589379,0.2062254,0.2883495,3.596317,-0.1807118,0.03536538,3.580843,0.3109953,0.051957,3.650822,-0.3485745,-0.08561775,3.511153,0.4858215,-0.06397675,3.592776,0.05428234,0.03315742,3.568361,0.05573408,-0.02994499,3.517467,-0.01107848,-0.08862951,3.504621,0.1241035,-0.1080451,3.506011,0.06112589,-0.5526037,3.504395,0.08746977,-0.6516365,3.473171,0.04667838,-0.9609525,3.53193,0.09722726,-1.007657,3.520158
0.03788229,0.5935029,3.5943,0.05259841,0.3912829,3.580546,-0.1079842,0.3051312,3.591864,0.1960784,0.3206829,3.580552,-0.1842492,0.06358162,3.581901,0.3133691,0.079013,3.660127,-0.3522118,-0.06066719,3.520039,0.4862719,-0.04220079,3.604218,0.05342604,0.04429046,3.571931,0.04967078,-0.01094983,3.522168,-0.01619517,-0.06752894,3.512787,0.1128581,-0.08597732,3.507612,0.03957707,-0.5363458,3.467072,0.07798094,-0.6451998,3.451643,0.05284977,-0.9366502,3.538623,0.09176745,-0.9926261,3.496134
0.04314963,0.6133701,3.588856,0.06165041,0.4431159,3.568618,-0.1068525,0.3237246,3.596224,0.1988479,0.3284147,3.580328,-0.1842631,0.08014297,3.583762,0.3141282,0.1011569,3.656412,-0.3531282,-0.04637201,3.531734,0.4994418,0.0002876744,3.604311,0.05805674,0.08423715,3.57232,0.05381174,0.01684576,3.523082,-0.01265774,-0.04168719,3.517242,0.1172939,-0.06468505,3.508315,0.06776786,-0.5070236,3.451816,0.07455051,-0.625055,3.496774,0.07198365,-0.9034443,3.538953,0.1024522,-0.9175132,3.551899
0.03985179,0.6321322,3.590506,0.06213656,0.4508053,3.574116,-0.1076173,0.3412582,3.599568,0.2010962,0.3453672,3.58981,-0.1805908,0.09119419,3.589821,0.3142229,0.1144023,3.654063,-0.3549858,-0.02020296,3.520106,0.4973466,0.01128724,3.597716,0.05427533,0.1032113,3.57523,0.0500861,0.04397481,3.525226,-0.01658994,-0.02728351,3.518571,0.1127591,-0.01690561,3.509178,0.0182768,-0.4365529,3.444081,0.07079309,-0.5043757,3.524514,0.02051358,-0.832896,3.531678,0.09647327,-0.90672,3.54449
0.04148903,0.6426303,3.586739,0.06338224,0.4547547,3.575728,-0.1062436,0.3482603,3.6006,0.2022949,0.3488851,3.591172,-0.1814622,0.09833477,3.593093,0.3102367,0.1200691,3.645506,-0.3545755,-0.01533623,3.523938,0.4912149,0.01970758,3.575789,0.05383197,0.1066514,3.575951,0.04975498,0.04649828,3.525539,-0.01755708,-0.02328959,3.520089,0.1126427,-0.01672844,3.509045,0.01794479,-0.4324254,3.445163,0.04538342,-0.5535076,3.479481,0.0201817,-0.8287924,3.532767,0.09468653,-0.9038821,3.536778
0.04080302,0.6418527,3.586728,0.06373975,0.4542234,3.57581,-0.1066002,0.3483986,3.601201,0.2020163,0.3474574,3.589247,-0.1823267,0.09729273,3.591777,0.3088515,0.1202229,3.644307,-0.3576555,-0.01260395,3.521966,0.4866658,0.02413435,3.559288,0.0539544,0.1061403,3.575907,0.04942383,0.04584273,3.525183,-0.01803875,-0.02402553,3.519853,0.1117542,-0.01917351,3.507999,0.0203156,-0.4496351,3.44686,0.05107582,-0.5776138,3.479899,0.02255261,-0.8460205,3.534468,0.07215419,-0.9228318,3.507474
0.03929837,0.6291579,3.58841,0.06241006,0.4470562,3.576051,-0.1066729,0.3381206,3.598732,0.2038939,0.3386495,3.585582,-0.1800854,0.09376797,3.589955,0.3002843,0.09926516,3.627049,-0.3551591,-0.01208735,3.512247,0.4813396,0.009309722,3.529757,0.05665208,0.09481843,3.576645,0.05336698,0.03220537,3.525954,-0.0128179,-0.0404104,3.522549,0.1178333,-0.03698142,3.507787,0.02050406,-0.4627929,3.448762,0.04835436,-0.5944932,3.484066,0.02274115,-0.859191,3.536372,0.08254815,-0.9587115,3.493617
0.04904567,0.5862306,3.584159,0.06768815,0.4010209,3.571045,-0.1035719,0.2966084,3.593837,0.2141124,0.2962213,3.591828,-0.1754072,0.05774268,3.576859,0.2971955,0.06747971,3.61797,-0.3439403,-0.03864531,3.472558,0.4747957,-0.0312729,3.49626,0.05405143,0.0571181,3.576417,0.0511696,-0.00393366,3.526314,-0.01743677,-0.07145728,3.518721,0.1145352,-0.07949995,3.514698,0.009076012,-0.4895468,3.456887,0.04223137,-0.6360942,3.47496,0.01131318,-0.8859581,3.544499,0.07413879,-0.9799924,3.489071
0.04964391,0.5371795,3.571647,0.0670605,0.3516366,3.560181,-0.1043839,0.2443195,3.584885,0.2125432,0.241525,3.587193,-0.1805357,0.007773811,3.569824,0.2935437,0.005596497,3.609025,-0.3484693,-0.0856072,3.461398,0.4697055,-0.05214879,3.484763,0.04949471,0.01194364,3.570916,0.04647869,-0.04905649,3.521651,-0.02750373,-0.1230743,3.52293,0.1128394,-0.1176852,3.503038,0.01046938,-0.5330514,3.455785,0.04511613,-0.6438855,3.45912,0.01270672,-0.9294934,3.543405,0.05687262,-1.02029,3.513195
0.04758457,0.477823,3.570421,0.06980473,0.2885835,3.561514,-0.1036927,0.1792476,3.582741,0.2159912,0.1905019,3.578602,-0.1596233,-0.04597084,3.57246,0.2926278,-0.04213981,3.591966,-0.3232403,-0.1425444,3.459831,0.4559681,-0.1353987,3.456059,0.05436859,-0.05251196,3.573417,0.05033261,-0.1138883,3.524245,-0.02075221,-0.1839658,3.517152,0.1145114,-0.1865516,3.513593,-0.02008699,-0.5976847,3.468657,0.05296405,-0.6355634,3.428308,-0.01784947,-0.9941604,3.556285,0.06105246,-1.015901,3.517315
0.05886072,0.4234022,3.573118,0.06655318,0.2325325,3.558061,-0.1031519,0.1251791,3.572594,0.2072937,0.1312475,3.567316,-0.1890706,-0.1354574,3.566324,0.2914346,-0.1062961,3.566977,-0.3693778,-0.1994711,3.456275,0.4623199,-0.1764862,3.419814,0.05014766,-0.1004207,3.568297,0.04591181,-0.1585585,3.518843,-0.02485548,-0.2200929,3.51225,0.1097535,-0.2322088,3.507549,-0.01499645,-0.634103,3.469675,0.05052705,-0.6370822,3.424273,-0.01275874,-1.030611,3.557312,0.06334428,-1.015056,3.520929
0.0528038,0.39867,3.563963,0.06439836,0.2148555,3.558174,-0.103595,0.1072183,3.573793,0.2061762,0.1188004,3.568666,-0.18815,-0.1452997,3.563471,0.2566841,-0.1510658,3.555866,-0.3597324,-0.2235352,3.448161,0.4613942,-0.198295,3.425558,0.04360258,-0.1188269,3.562428,0.03782982,-0.177645,3.511261,-0.03797551,-0.2466863,3.498599,0.1027872,-0.2482793,3.501225,-0.001095787,-0.6577756,3.441122,0.0433339,-0.6520826,3.412551,0.001142073,-1.054312,3.528767,0.0762475,-1.012144,3.521298
0.05382844,0.3964423,3.564916,0.06363484,0.2106743,3.560461,-0.1031075,0.1067411,3.573098,0.2055568,0.1137257,3.566552,-0.1838161,-0.1452651,3.563302,0.3078694,-0.1576284,3.557355,-0.3567179,-0.2244823,3.450974,0.4803689,-0.2110652,3.428523,0.04603628,-0.1238845,3.560586,0.04119625,-0.1823989,3.508418,-0.03329054,-0.250373,3.495551,0.1072791,-0.2525541,3.497206,-0.006476415,-0.6615337,3.432321,0.04292518,-0.6582366,3.409851,0.01283057,-1.055201,3.528183,0.08209816,-1.01356,3.523643
0.05760723,0.4202099,3.569604,0.06278256,0.2304261,3.56466,-0.09746089,0.135162,3.577205,0.2056694,0.128552,3.571702,-0.1754813,-0.1054918,3.580379,0.2944202,-0.09331249,3.578545,-0.3419537,-0.2117085,3.483431,0.4543554,-0.1956039,3.452883,0.04722373,-0.1108826,3.559773,0.04331122,-0.169138,3.507007,-0.02915908,-0.2345425,3.494596,0.1093734,-0.2362818,3.494632,0.01082515,-0.6423496,3.415631,0.04551997,-0.6567796,3.417782,0.01779691,-1.033788,3.519893,0.07326761,-1.018262,3.528561
0.05245097,0.4861161,3.585409,0.07756466,0.3003936,3.574198,-0.1037848,0.1985974,3.596597,0.2156543,0.1999743,3.592556,-0.1644802,-0.03198782,3.596873,0.2910874,-0.02810805,3.617024,-0.322772,-0.1576685,3.511806,0.458917,-0.1484171,3.484557,0.0536045,-0.04201712,3.568266,0.04807546,-0.1006374,3.51531,-0.02727654,-0.1723593,3.506239,0.1130357,-0.1702363,3.499129,0.00780944,-0.5831084,3.445278,0.05317241,-0.6651016,3.468288,0.01583827,-0.9825653,3.522168,0.07276434,-1.020582,3.522678
0.0526687,0.5406491,3.592635,0.071161,0.3548362,3.574451,-0.105021,0.2529042,3.601075,0.2173845,0.2532966,3.599367,-0.1719176,0.0002574846,3.591791,0.2992853,0.006830718,3.628569,-0.3433516,-0.1101199,3.511874,0.4645974,-0.1022651,3.515358,0.05612246,0.01241069,3.569789,0.05281138,-0.04642335,3.516947,-0.01931225,-0.1209816,3.508102,0.1183974,-0.1148253,3.500756,0.01437061,-0.5440456,3.458789,0.04643632,-0.6565319,3.49719,0.02609765,-0.9494517,3.508312,0.0753611,-1.011521,3.515918
0.0478123,0.568098,3.598706,0.06499583,0.4031724,3.588182,-0.1064003,0.2819152,3.606149,0.2052156,0.2762065,3.594419,-0.1845622,0.02869186,3.582789,0.303052,0.03486567,3.630931,-0.3546304,-0.0923899,3.520007,0.4749239,-0.06626172,3.538673,0.05512032,0.03573215,3.576373,0.05106217,-0.02667707,3.522416,-0.01801532,-0.09239879,3.51319,0.1147664,-0.0943004,3.507984,0.01243482,-0.5049831,3.467243,0.04452542,-0.6427875,3.492819,0.02673964,-0.9113553,3.511064,0.08251351,-1.002925,3.521679
0.04890511,0.5663366,3.599151,0.05497757,0.340064,3.583078,-0.1064977,0.3082752,3.61382,0.1988143,0.2933059,3.590883,-0.1801737,0.06411087,3.594604,0.3072725,0.06098766,3.632105,-0.3530361,-0.05153947,3.528632,0.4700856,-0.05176088,3.536472,0.05487665,0.04394277,3.584627,0.04939752,-0.003688462,3.538416,-0.01498685,-0.06600288,3.534798,0.111182,-0.07490549,3.521371,0.02679955,-0.5073801,3.444693,0.03477814,-0.5999144,3.485823,0.04537979,-0.8977473,3.551491,0.08636676,-0.9454026,3.562698
0.04009781,0.618625,3.605855,0.05874085,0.4352498,3.606761,-0.104755,0.3189093,3.617093,0.2059266,0.3213353,3.597489,-0.1824881,0.070738,3.601241,0.3051431,0.08387516,3.638815,-0.3589566,-0.0379094,3.5324,0.4682959,-0.02597304,3.54,0.05771499,0.09478839,3.599329,0.05318525,0.03005164,3.544643,-0.01356494,-0.03970553,3.539194,0.1178852,-0.04156795,3.524721,0.02991651,-0.4986814,3.438987,0.04219207,-0.5977775,3.498384,0.06940188,-0.8755454,3.576838,0.0954186,-0.9117705,3.581504
0.0395679,0.6209998,3.606613,0.06088049,0.4433061,3.607756,-0.1053652,0.3291197,3.62821,0.2014771,0.3273531,3.595881,-0.1818173,0.08414441,3.613089,0.3021235,0.08934738,3.64096,-0.3593567,-0.0113,3.526416,0.4696828,-0.01593452,3.544938,0.05548743,0.09588209,3.601058,0.04682422,0.03251696,3.547705,-0.02435698,-0.03544578,3.550062,0.1085904,-0.03761899,3.524308,0.03225333,-0.4984676,3.469761,0.04595885,-0.5955706,3.503115,-0.01149405,-0.8996854,3.529819,0.09643023,-0.9077943,3.583246
0.03932005,0.6213003,3.606842,0.06139649,0.4432231,3.608929,-0.1069933,0.3316823,3.63274,0.1994655,0.3292778,3.596672,-0.1813143,0.08724663,3.613518,0.3013628,0.08942314,3.640894,-0.3630305,-0.0003029704,3.527208,0.4703127,-0.006864659,3.537138,0.05615083,0.09542157,3.60117,0.04699902,0.03248657,3.547752,-0.02347775,-0.03556795,3.54968,0.1089641,-0.03747071,3.52421,0.04498069,-0.5049564,3.469269,0.05166702,-0.5960672,3.514602,-0.01430512,-0.9025527,3.536648,0.103397,-0.9123127,3.572328
0.04012186,0.6110414,3.608737,0.05820334,0.3876492,3.609381,-0.1068296,0.3304339,3.632901,0.1983082,0.3243967,3.600719,-0.1800711,0.08628564,3.611806,0.301337,0.08431754,3.640616,-0.3607135,-0.001834951,3.523545,0.4715351,-0.005728453,3.532871,0.05012602,0.07916903,3.602621,0.04346244,0.02550717,3.549013,-0.02535304,-0.04154296,3.549068,0.1045868,-0.04345645,3.525703,0.04075187,-0.54488,3.476247,0.05154018,-0.602488,3.516164,-0.0323457,-0.9383459,3.551252,0.07982582,-0.9985729,3.567291
0.0415885,0.5997916,3.616852,0.05806575,0.3985002,3.61259,-0.1080176,0.311659,3.628612,0.1993618,0.2980574,3.61119,-0.1672525,0.05386079,3.586423,0.2949236,0.05864969,3.634036,-0.3566438,-0.02049268,3.50509,0.4685765,-0.02228296,3.505445,0.04283131,0.06308214,3.606362,0.03582959,-0.0008552698,3.553356,-0.03463047,-0.06673382,3.547116,0.09799273,-0.07340163,3.536572,0.04693442,-0.5484519,3.47943,0.05107302,-0.6287774,3.513874,-0.02673382,-0.9418592,3.554378,0.08149546,-0.9990315,3.565373
0.04903056,0.5530553,3.610171,0.06500614,0.3856995,3.609383,-0.1046302,0.2598774,3.621308,0.2046368,0.2590746,3.618019,-0.1726954,0.0233566,3.606956,0.295572,0.02332528,3.63095,-0.3403499,-0.05561806,3.485774,0.4628471,-0.05919245,3.468943,0.04995668,0.01429687,3.607111,0.04507842,-0.04841823,3.5546,-0.02614166,-0.1165575,3.546325,0.10778,-0.1171752,3.541595,0.03607175,-0.6377516,3.507161,0.05405032,-0.6321588,3.503503,-0.03146395,-1.02728,3.538671,0.08482318,-1.001933,3.563878
0.03815228,0.4958241,3.610738,0.0710589,0.3093826,3.601833,-0.1156356,0.1956784,3.629241,0.2013038,0.2017383,3.616714,-0.1695317,-0.03467805,3.591888,0.2818303,-0.006459948,3.628207,-0.3409791,-0.1058723,3.471271,0.451149,-0.1066261,3.451289,0.06626218,-0.03743295,3.611177,0.06295212,-0.09932785,3.560304,-0.006969067,-0.1722363,3.554297,0.1300646,-0.1680236,3.5475,0.02975257,-0.6692844,3.520267,0.05796316,-0.635434,3.477876,-0.03249529,-1.027955,3.537427,0.08719584,-1.014467,3.572575
0.04945986,0.4359975,3.615939,0.0626892,0.2600698,3.592903,-0.1185263,0.1369213,3.609027,0.1909321,0.1505752,3.609148,-0.1757284,-0.06974666,3.594057,0.2832798,-0.04738476,3.613691,-0.3291308,-0.1543239,3.457189,0.4464539,-0.1550215,3.437186,0.05734504,-0.08845436,3.608484,0.05601571,-0.1517598,3.558679,-0.01340494,-0.2207128,3.545119,0.1232011,-0.2216005,3.55641,0.03984405,-0.7105672,3.518537,0.06574545,-0.6386658,3.473277,-0.03630266,-1.029191,3.532957,0.0963078,-1.022568,3.575724
0.03510033,0.4037203,3.605908,0.05709833,0.2268104,3.595715,-0.1134836,0.1137442,3.605195,0.1978703,0.1157842,3.61363,-0.1732141,-0.1240796,3.590803,0.2884948,-0.1020705,3.597403,-0.3408071,-0.1797901,3.455999,0.4528273,-0.1693612,3.423779,0.05184957,-0.1126805,3.606024,0.0522181,-0.1735072,3.55547,-0.01851719,-0.2439757,3.545297,0.1207419,-0.2425991,3.547644,0.04305748,-0.7289007,3.514186,0.07183929,-0.648948,3.466093,0.05222856,-1.016168,3.617362,0.09380332,-1.021084,3.59081
0.03678256,0.4032503,3.607094,0.05767572,0.2254867,3.596236,-0.1096101,0.1093501,3.599241,0.2004767,0.1138678,3.613584,-0.1395589,-0.1393024,3.581483,0.2881234,-0.1055747,3.593219,-0.325144,-0.1878711,3.472376,0.4527327,-0.1874325,3.439358,0.05229448,-0.1166169,3.604359,0.05372126,-0.1777599,3.553066,-0.01769628,-0.2484803,3.541752,0.1234885,-0.2469327,3.544786,0.04653318,-0.7332592,3.501331,0.07214543,-0.6530837,3.463978,0.005168824,-1.034971,3.65847,0.09115533,-1.019978,3.610495
0.0473412,0.4222001,3.615816,0.05703475,0.2481758,3.596064,-0.1091474,0.1314062,3.596702,0.2058888,0.1511105,3.622136,-0.1351102,-0.09504116,3.576788,0.2975351,-0.08437753,3.604183,-0.3156571,-0.1850227,3.490636,0.4474411,-0.175154,3.462397,0.05356602,-0.09709915,3.606461,0.05694177,-0.1586203,3.55573,-0.01498369,-0.2302982,3.544111,0.1287229,-0.227815,3.548838,0.02661469,-0.6421546,3.502222,0.07922246,-0.6471773,3.471279,0.01021734,-1.00974,3.663927,0.09320986,-1.017332,3.604739
0.04210678,0.4896798,3.628492,0.06417042,0.3163541,3.618527,-0.1073559,0.2007616,3.610737,0.2007555,0.2041085,3.620829,-0.1497345,-0.04202825,3.596921,0.2977473,-0.0250766,3.634346,-0.3157104,-0.1614924,3.518895,0.459359,-0.1472195,3.507535,0.06171761,-0.04042567,3.610725,0.06294121,-0.1018596,3.556662,-0.007069858,-0.1716223,3.543628,0.1325511,-0.1686035,3.545334,0.03387985,-0.654164,3.545526,0.08023038,-0.6134912,3.500005,0.03483038,-0.9931759,3.608822,0.0961843,-1.0023,3.601973
0.04671748,0.5421102,3.626651,0.05412078,0.3684503,3.616844,-0.1018895,0.2629672,3.614733,0.1986276,0.2626628,3.630392,-0.1785969,-0.006220149,3.601424,0.3049648,0.01696718,3.644495,-0.3360399,-0.1253469,3.504368,0.4618555,-0.1052532,3.550909,0.04630483,0.00907842,3.607661,0.04764798,-0.0527791,3.553364,-0.02056426,-0.1197549,3.545109,0.1138121,-0.1190925,3.53749,0.04011358,-0.6526494,3.549997,0.07540258,-0.5891528,3.508827,0.03978439,-0.9884169,3.608361,0.09447782,-0.9856256,3.59663
0.03179899,0.5765766,3.62715,0.05186338,0.4132848,3.623631,-0.1100843,0.2904832,3.6172,0.1871082,0.2942675,3.617833,-0.1792697,0.009754367,3.586914,0.3058326,0.04222112,3.657221,-0.3615353,-0.09432492,3.528997,0.4769154,-0.06946948,3.578516,0.04726514,0.03337204,3.611515,0.04632037,-0.03187946,3.556634,-0.02080789,-0.0989247,3.54871,0.1114314,-0.09654075,3.540806,0.04669816,-0.6499454,3.549408,0.06896821,-0.5606472,3.514364,0.04477537,-0.9923905,3.617365,0.09146941,-0.9594361,3.593091
0.03382354,0.5915663,3.628711,0.0514893,0.4193302,3.622191,-0.111977,0.3033411,3.621001,0.1901325,0.311152,3.617438,-0.1755546,0.07516355,3.60177,0.3080531,0.07215862,3.662928,-0.3381896,-0.05441783,3.535605,0.4800633,-0.04662092,3.601205,0.05102982,0.05752166,3.615538,0.05043259,-0.003970295,3.562332,-0.01752324,-0.07565524,3.556352,0.1177209,-0.07018057,3.545263,0.0554323,-0.6056683,3.526127,0.06658234,-0.529462,3.50121,0.05135654,-0.9708929,3.614566,0.09287643,-0.9217554,3.601652
0.03307962,0.6286735,3.645877,0.05361351,0.4341208,3.621996,-0.1114481,0.3186976,3.624988,0.1931135,0.3262401,3.61692,-0.177111,0.0779224,3.599429,0.3066794,0.0844413,3.663267,-0.3524967,-0.03538289,3.536694,0.4897127,-0.01629714,3.601047,0.05489834,0.07649219,3.618193,0.05347753,0.013956,3.564978,-0.01391885,-0.05646852,3.560804,0.1207573,-0.05238579,3.546833,0.0368776,-0.5477052,3.518542,0.0633259,-0.5406825,3.505522,0.05955334,-0.9041076,3.625471,0.09673274,-0.9031572,3.614016
0.03090744,0.6303493,3.642158,0.05305201,0.4376737,3.622338,-0.1124317,0.3305345,3.623029,0.1921964,0.3315169,3.616949,-0.1793387,0.08226838,3.602146,0.3073108,0.09355003,3.669575,-0.3579602,-0.02024444,3.528685,0.5005966,0.009865232,3.615149,0.0530719,0.08164283,3.618786,0.0518975,0.0196755,3.565528,-0.01490273,-0.04984903,3.560007,0.1180138,-0.04597504,3.548802,0.03681045,-0.5472735,3.519357,0.06314971,-0.541503,3.505811,0.03960786,-0.8747929,3.618055,0.09594041,-0.8988687,3.604336
0.03173352,0.6295553,3.638771,0.05338253,0.4386309,3.619286,-0.1129558,0.3294665,3.621779,0.1920606,0.3330372,3.617474,-0.1794203,0.08338064,3.600772,0.3068517,0.092287,3.670425,-0.3607634,-0.006645352,3.51651,0.5007182,0.01302233,3.610392,0.05289741,0.0825399,3.618085,0.05190575,0.02025725,3.564987,-0.01501387,-0.04962131,3.559765,0.1181763,-0.04544012,3.548348,0.03014914,-0.5451086,3.522797,0.06070182,-0.5488846,3.509851,0.04236769,-0.8743916,3.609751,0.09334068,-0.9084879,3.57302
0.03238464,0.6144623,3.625769,0.0540531,0.4344525,3.617321,-0.113471,0.3270041,3.621903,0.1913219,0.3271094,3.61907,-0.1809114,0.08225246,3.589636,0.3087114,0.08019136,3.670888,-0.3649175,-0.008789614,3.513955,0.503911,0.01107122,3.601336,0.05154806,0.07603467,3.61826,0.05040783,0.01263326,3.565655,-0.01631723,-0.056444,3.558443,0.1153781,-0.0554215,3.553042,0.02643128,-0.5663975,3.528425,0.06620111,-0.6142846,3.516981,0.03635101,-0.9488191,3.589046,0.0958337,-0.9776321,3.548157
0.03493565,0.5946316,3.62219,0.05592506,0.4178919,3.608556,-0.1157439,0.2953982,3.601952,0.1930574,0.3033462,3.625716,-0.1760299,0.05335762,3.565902,0.3043444,0.05756674,3.659967,-0.3673035,-0.01919834,3.487884,0.4951211,-0.005343299,3.571342,0.04720993,0.05742395,3.616691,0.04952626,-0.007721488,3.565468,-0.01826887,-0.07868482,3.558353,0.1149252,-0.07579914,3.554962,0.02547048,-0.5753432,3.530225,0.06292245,-0.6305157,3.513032,0.0390912,-0.9516239,3.582495,0.09235255,-0.9831339,3.536962
