-0.028974,0.69745,-0.078264,-0.006655,0.51224,0.016366,-0.19906,0.42798,0.046692,0.18353,0.43545,0.021578,-0.3744,0.24509,0.086485,0.38345,0.20045,0.050528,-0.5371,0.067021,0.006761,0.52964,0.0036872,-0.01247,0.00066527,0.14548,0.026293,0,0.074323,0,-0.084934,-0.013566,-0.006199,0.087544,-0.0095356,-0.005846,-0.10544,-0.60061,0.025089,0.10401,-0.58616,-0.000594,-0.080717,-1.0108,0.065646,0.087351,-1.0037,0.033476
-0.025949,0.74475,-0.079405,0.0018695,0.54739,0.018336,-0.19875,0.47249,0.049168,0.18675,0.45215,0.014589,-0.34791,0.24485,0.10367,0.37709,0.22149,0.091704,-0.48486,0.043883,0.028595,0.50725,0.014572,0.025361,0.0025803,0.17787,0.02714,0,0.10656,0,-0.086436,0.020803,-0.002738,0.085927,0.018818,-0.009728,-0.10362,-0.58557,0.020126,0.1046,-0.57775,-0.004331,-0.073146,-0.98182,0.059,0.090896,-0.99345,0.02252
-0.02667,0.76399,-0.081908,-0.0015883,0.56854,0.015218,-0.20024,0.47874,0.048349,0.18106,0.47957,0.012345,-0.3237,0.24408,0.11864,0.36871,0.22818,0.099977,-0.44806,0.033307,0.053498,0.5089,0.02126,0.087502,0.0023125,0.19825,0.026891,0,0.1264,0,-0.085577,0.038071,-0.001921,0.086135,0.042781,-0.009533,-0.093116,-0.54727,-0.001778,0.089271,-0.55101,-0.020708,-0.053453,-0.96146,0.065567,0.052352,-0.97247,0.066077
-0.026775,0.77639,-0.078934,-0.0027827,0.58878,0.023105,-0.19925,0.48665,0.051313,0.18114,0.49505,0.021414,-0.30128,0.24501,0.13122,0.36316,0.2437,0.12494,-0.42587,0.016934,0.13525,0.5065,0.038931,0.11408,0.0018328,0.21481,0.029025,0,0.14305,0,-0.085707,0.054985,-0.002136,0.086721,0.061036,-0.011778,-0.09467,-0.49403,-0.022232,0.087163,-0.49336,-0.042584,-0.059002,-0.87919,0.07933,0.061941,-0.90016,0.10025
-0.029415,0.78883,-0.070065,-0.0027063,0.59559,0.028821,-0.1968,0.49485,0.058262,0.18077,0.49976,0.028393,-0.26963,0.23602,0.15387,0.34928,0.26088,0.13625,-0.41434,0.021132,0.15202,0.50207,0.064819,0.14879,0.0019434,0.22412,0.031474,0,0.1537,0,-0.084538,0.065835,-0.001951,0.085483,0.073434,-0.014628,-0.095442,-0.49289,-0.02368,0.089091,-0.48118,-0.048061,-0.059142,-0.87814,0.079441,0.061965,-0.88319,0.10431
-0.030307,0.79381,-0.061656,-0.0034598,0.59839,0.033475,-0.19559,0.49875,0.065956,0.18352,0.506,0.04324,-0.26926,0.23586,0.15619,0.34052,0.26867,0.14329,-0.40999,0.02402,0.16771,0.50547,0.084381,0.16562,0.0014137,0.22608,0.033795,0,0.15609,0,-0.084304,0.067915,-0.002729,0.085455,0.075555,-0.014974,-0.093047,-0.53275,-0.007483,0.094815,-0.50016,-0.039274,-0.053061,-0.87048,0.093827,0.074881,-0.90987,0.10334
-0.031773,0.79061,-0.052251,-0.0066459,0.59405,0.039757,-0.19669,0.49392,0.073943,0.18154,0.50071,0.050357,-0.27109,0.22725,0.16428,0.35052,0.26241,0.15701,-0.42812,0.032232,0.19448,0.52645,0.085934,0.16349,0.0010925,0.2215,0.036656,0,0.15173,0,-0.082901,0.064093,-0.005179,0.08549,0.070117,-0.014282,-0.093152,-0.54829,-0.001151,0.09861,-0.56469,-0.012614,-0.096276,-0.96407,0.060969,0.089759,-0.94303,0.09499
-0.02875,0.76525,-0.029148,-0.0087005,0.5569,0.052574,-0.19872,0.45967,0.086309,0.18617,0.47156,0.063185,-0.28914,0.20843,0.17138,0.35928,0.24733,0.15926,-0.4781,0.051685,0.20457,0.56046,0.098967,0.15213,0.00088806,0.19046,0.040726,0,0.12336,0,-0.082963,0.03332,-0.011597,0.086522,0.039483,-0.013753,-0.09495,-0.56751,0.000136,0.099997,-0.57626,-0.0157,-0.088375,-0.98235,0.081533,0.10531,-0.98899,0.080423
-0.031529,0.71653,-0.014306,-0.011808,0.53432,0.055611,-0.2034,0.41298,0.094821,0.19121,0.41838,0.082707,-0.35094,0.16406,0.17606,0.39079,0.20958,0.15638,-0.57318,0.054966,0.19715,0.61735,0.10454,0.12839,-0.00082994,0.14977,0.043568,0,0.079231,0,-0.085949,-0.010989,-0.012201,0.090678,-0.0074387,-0.015916,-0.10442,-0.58506,-0.006685,0.10092,-0.59379,-0.02869,-0.092563,-0.9879,0.093895,0.10135,-0.99434,0.080715
-0.031538,0.67486,-0.006131,-0.016054,0.46169,0.063533,-0.21063,0.3545,0.089443,0.18619,0.3667,0.084179,-0.40147,0.14424,0.16197,0.403,0.19179,0.14299,-0.64439,0.084815,0.15111,0.64041,0.11644,0.092482,-0.001954,0.093502,0.046124,0,0.028122,0,-0.085441,-0.062944,-0.019035,0.091952,-0.056638,-0.012549,-0.10966,-0.59788,-0.026198,0.10521,-0.59793,-0.050233,-0.096436,-0.98786,0.090299,0.097734,-1.0026,0.084341
-0.026415,0.62176,0.003153,-0.013517,0.43213,0.063581,-0.20837,0.31108,0.077609,0.18858,0.32212,0.087912,-0.45293,0.14678,0.14333,0.41163,0.16988,0.11746,-0.69774,0.11527,0.088651,0.65066,0.099679,0.024954,-0.003075,0.061452,0.047508,0,-0.0041439,0,-0.086231,-0.092981,-0.023118,0.091694,-0.092691,-0.007951,-0.11311,-0.6071,-0.053854,0.10624,-0.59946,-0.064509,-0.10352,-0.9765,0.069403,0.096197,-1.0032,0.078208
-0.028971,0.60693,-0.000882,-0.014257,0.40438,0.059255,-0.21099,0.29849,0.072707,0.18617,0.3102,0.081812,-0.45912,0.1473,0.12792,0.41666,0.15946,0.10005,-0.68829,0.14452,0.013471,0.63484,0.085203,-0.034292,-0.0031041,0.03772,0.048119,0,-0.027274,0,-0.086059,-0.12005,-0.019409,0.091861,-0.11173,-0.009937,-0.11577,-0.63219,-0.064985,0.10631,-0.60183,-0.075108,-0.10896,-0.98591,0.063397,0.090019,-1.0081,0.069764
-0.028213,0.60499,-0.002026,-0.013584,0.40338,0.05646,-0.20919,0.29836,0.06911,0.18732,0.30825,0.076741,-0.45487,0.16475,0.10618,0.41466,0.1663,0.092474,-0.66668,0.14152,-0.039042,0.61053,0.071973,-0.045439,-0.0028934,0.035874,0.048714,0,-0.029411,0,-0.086219,-0.12084,-0.018672,0.09179,-0.11475,-0.009522,-0.11408,-0.62747,-0.062449,0.10834,-0.61079,-0.078277,-0.10005,-1.0198,0.099949,0.08903,-1.011,0.067551
-0.026771,0.61679,-0.008059,-0.015178,0.42963,0.054595,-0.20616,0.31976,0.062905,0.18694,0.33274,0.064905,-0.4457,0.19411,0.076376,0.40215,0.19249,0.081095,-0.65181,0.12336,-0.06053,0.58103,0.055749,-0.05473,-0.0024912,0.055869,0.049541,0,-0.010573,0,-0.085101,-0.10087,-0.017248,0.090887,-0.093633,-0.008824,-0.11298,-0.61033,-0.02845,0.1169,-0.59175,-0.055466,-0.10006,-1.0106,0.082855,0.091601,-1.0078,0.06388
-0.027311,0.68325,-0.015402,-0.0042755,0.49282,0.045462,-0.19383,0.39399,0.066132,0.18775,0.39588,0.037043,-0.41458,0.22638,0.084566,0.39993,0.20594,0.067502,-0.59224,0.093708,-0.04525,0.55493,0.036242,-0.045214,0.0026941,0.11502,0.048961,0,0.046549,0,-0.084462,-0.039344,-0.00946,0.086093,-0.037792,-0.013354,-0.11007,-0.60017,0.015236,0.11828,-0.59078,-0.017713,-0.094229,-1.0061,0.079134,0.10191,-1.0098,0.07105
-0.021225,0.73699,-0.01674,-0.0066099,0.54971,0.037089,-0.19198,0.45167,0.057786,0.18473,0.45125,0.026924,-0.37024,0.2676,0.10463,0.38875,0.22806,0.072518,-0.52475,0.09414,-0.002106,0.51929,0.012445,-0.015991,0.0026121,0.16244,0.048449,0,0.089839,0,-0.082575,0.0035796,-0.005427,0.084959,0.0093676,-0.013607,-0.11225,-0.58877,0.023377,0.11484,-0.58218,-0.002725,-0.096115,-0.99447,0.075271,0.10413,-0.98553,0.058375
-0.021451,0.78988,-0.025216,0.0037459,0.58888,0.026535,-0.18897,0.48277,0.043069,0.18882,0.48057,0.023094,-0.35494,0.26971,0.10908,0.37437,0.24749,0.089304,-0.48389,0.063578,0.036584,0.50096,0.033925,0.045488,0.0030362,0.20581,0.046144,0,0.13553,0,-0.085887,0.052898,-0.004072,0.084272,0.046964,-0.01139,-0.11128,-0.53681,0.02417,0.11182,-0.57685,-0.005576,-0.088593,-0.93273,0.093895,0.099586,-0.98495,0.065712
-0.018303,0.81188,-0.029024,0.0023743,0.61424,0.017474,-0.18908,0.50997,0.044219,0.18467,0.51462,0.020214,-0.31954,0.27557,0.13156,0.35858,0.25695,0.11255,-0.44037,0.060575,0.076013,0.48847,0.043716,0.11164,0.0033058,0.22694,0.043687,0,0.15311,0,-0.085481,0.068045,-0.002459,0.084556,0.072358,-0.009596,-0.11096,-0.50267,0.02281,0.099021,-0.49263,-0.0308,-0.089191,-0.88943,0.11902,0.070134,-0.88972,0.09885
-0.0094378,0.83695,-0.037817,0.0055057,0.63917,0.01885,-0.18552,0.52721,0.042892,0.18689,0.52597,0.020222,-0.28145,0.2933,0.14755,0.34131,0.27126,0.13338,-0.41152,0.046237,0.12699,0.48343,0.069351,0.15862,0.0034789,0.2481,0.042733,0,0.17363,0,-0.086729,0.088978,-0.00198,0.084798,0.091139,-0.010097,-0.11096,-0.47956,0.023414,0.095597,-0.4647,-0.028446,-0.081724,-0.86246,0.12539,0.073131,-0.86304,0.10379
-0.0050911,0.84856,-0.042688,0.0070955,0.64361,0.01766,-0.184,0.53928,0.04558,0.1874,0.5319,0.021647,-0.27478,0.29352,0.15008,0.33471,0.28301,0.13611,-0.39709,0.071046,0.16178,0.48648,0.094649,0.18529,0.0038306,0.25474,0.041423,0,0.18059,0,-0.086912,0.096421,0.00032,0.084233,0.098146,-0.011781,-0.10618,-0.48166,0.034192,0.090956,-0.46891,-0.009714,-0.081775,-0.8603,0.12693,0.06896,-0.86023,0.10105
-0.0047303,0.85255,-0.043765,0.0097005,0.64848,0.017502,-0.18321,0.54366,0.048251,0.18858,0.53767,0.023199,-0.26905,0.29153,0.15786,0.3336,0.29594,0.13973,-0.39569,0.087666,0.21396,0.49152,0.10799,0.18863,0.0042157,0.25781,0.040427,0,0.18328,0,-0.08681,0.099031,0.001431,0.083474,0.10061,-0.012684,-0.098529,-0.52859,0.076076,0.084144,-0.50564,0.025723,-0.077459,-0.88241,0.12529,0.072797,-0.88202,0.073707
-0.0032745,0.85203,-0.042909,0.010077,0.64775,0.017086,-0.18257,0.54327,0.048266,0.18953,0.5376,0.023439,-0.27016,0.29031,0.15892,0.33406,0.29759,0.14009,-0.43119,0.107,0.21076,0.51077,0.12587,0.18449,0.0042019,0.25739,0.039435,0,0.18273,0,-0.086641,0.098656,0.001463,0.082899,0.099315,-0.012459,-0.099222,-0.53642,0.075613,0.078481,-0.54232,0.039958,-0.083849,-0.93847,0.11807,0.074748,-0.95668,0.052722
0.0038865,0.83269,-0.040191,0.0094455,0.62435,0.015779,-0.18025,0.52369,0.048727,0.19422,0.5173,0.026358,-0.28968,0.27922,0.1577,0.3644,0.27752,0.14062,-0.48032,0.12717,0.20664,0.55891,0.12058,0.13747,0.0038161,0.23734,0.038301,0,0.16294,0,-0.085097,0.081408,-0.001409,0.081318,0.074569,-0.008609,-0.10189,-0.55582,0.074067,0.079694,-0.55715,0.038106,-0.094933,-0.97292,0.11796,0.078847,-0.97263,0.062621
0.011597,0.78718,-0.040116,0.014209,0.5881,0.011648,-0.18224,0.46994,0.044515,0.20821,0.47342,0.031366,-0.34168,0.24556,0.16344,0.37607,0.25343,0.11766,-0.56678,0.13671,0.15811,0.58874,0.12084,0.085517,0.0036299,0.20243,0.03641,0,0.12784,0,-0.088492,0.038572,-0.00179,0.082926,0.03704,-0.007368,-0.10535,-0.56027,0.068446,0.083145,-0.56714,0.025483,-0.090822,-0.97621,0.12656,0.076054,-0.99087,0.095515
0.014016,0.73576,-0.043866,0.013252,0.52587,0.005612,-0.18075,0.42828,0.046862,0.2105,0.42206,0.029212,-0.37476,0.24023,0.14498,0.40682,0.2081,0.096385,-0.61499,0.16649,0.11274,0.62927,0.10022,0.04348,0.0037909,0.14723,0.033656,0,0.073443,0,-0.090207,-0.0098445,-0.003083,0.085049,-0.018163,-0.00469,-0.11479,-0.5742,0.058607,0.087723,-0.59489,0.007896,-0.092878,-1.0105,0.17334,0.077129,-0.99856,0.099525
0.010252,0.68237,-0.026115,0.022068,0.47503,0.010603,-0.1801,0.37966,0.041375,0.20749,0.37535,0.034493,-0.41314,0.23163,0.12518,0.41454,0.18907,0.080311,-0.65137,0.19377,0.044347,0.62837,0.091593,-0.019953,0.0041456,0.10713,0.033369,0,0.036156,0,-0.092203,-0.048468,-0.006253,0.084114,-0.052535,-0.003259,-0.1268,-0.58918,0.037105,0.088176,-0.60721,-0.005519,-0.096883,-1.0073,0.16615,0.089341,-1.0099,0.11687
0.0061187,0.65299,-0.024829,0.012518,0.45142,0.015827,-0.18512,0.3621,0.049133,0.20937,0.34863,0.040205,-0.42772,0.23239,0.11594,0.42392,0.17249,0.060179,-0.66632,0.21592,-0.012313,0.63409,0.074966,-0.048601,0.0029442,0.087029,0.03365,0,0.016627,0,-0.092342,-0.071061,-0.008285,0.087288,-0.076132,-0.003135,-0.12935,-0.60287,0.022396,0.090619,-0.61316,-0.014232,-0.10135,-1.0034,0.15735,0.072781,-1.015,0.11545
0.0074054,0.64783,-0.025011,0.011974,0.44746,0.016107,-0.18421,0.35981,0.049992,0.20893,0.34368,0.036975,-0.42615,0.23309,0.11476,0.41884,0.18083,0.054658,-0.63658,0.21006,-0.032907,0.61174,0.050419,-0.078681,0.0030638,0.080375,0.033416,0,0.0096128,0,-0.091053,-0.076049,-0.009161,0.086686,-0.082049,-0.002971,-0.12734,-0.60739,0.024663,0.092633,-0.61426,-0.01473,-0.098344,-1.0046,0.15468,0.077063,-1.0187,0.12264
0.0058711,0.65545,-0.019032,0.01439,0.45393,0.015738,-0.18287,0.37155,0.050929,0.20688,0.35133,0.029892,-0.42268,0.25038,0.09458,0.4097,0.19421,0.040191,-0.62224,0.19353,-0.059447,0.58719,0.046369,-0.082435,0.0040292,0.084357,0.032983,0,0.013299,0,-0.09144,-0.070867,-0.008172,0.085823,-0.077261,-0.003555,-0.12512,-0.5994,0.030626,0.094552,-0.61265,0.013529,-0.096999,-1.0023,0.15294,0.079757,-1.0208,0.12973
0.0021637,0.70844,-0.018069,0.0116,0.51829,0.017738,-0.1758,0.42086,0.044825,0.20217,0.40913,0.013184,-0.3976,0.27305,0.087923,0.40727,0.20659,0.038575,-0.57718,0.15318,-0.052685,0.56062,0.03009,-0.064576,0.0046303,0.13833,0.033147,0,0.065231,0,-0.087187,-0.015718,-0.001671,0.082836,-0.023741,-0.010364,-0.11602,-0.58653,0.05616,0.10049,-0.59887,0.04481,-0.1019,-0.98238,0.12,0.083445,-1.006,0.10824
0.0023996,0.76996,-0.012022,0.013659,0.57161,0.020653,-0.17571,0.47684,0.048341,0.20191,0.46511,0.003241,-0.36916,0.29657,0.096974,0.3976,0.22755,0.046801,-0.5189,0.11463,-0.010772,0.53809,0.033921,-0.040532,0.0061528,0.18904,0.033667,0,0.11572,0,-0.085754,0.034326,0.001032,0.080656,0.026953,-0.014095,-0.11113,-0.57348,0.057979,0.10066,-0.57851,0.049428,-0.097814,-0.97066,0.11651,0.090572,-0.99769,0.10522
0.013021,0.81299,-0.015564,0.012388,0.5998,0.020137,-0.17126,0.49725,0.037234,0.20153,0.48631,0.00666,-0.35323,0.29766,0.10487,0.37464,0.26008,0.06075,-0.46954,0.081692,0.041697,0.50966,0.051204,0.020016,0.0047416,0.21044,0.033814,0,0.13574,0,-0.085512,0.056066,-0.000261,0.080374,0.049947,-0.012612,-0.11322,-0.5444,0.039698,0.098102,-0.53862,0.016298,-0.094189,-0.94796,0.10635,0.085478,-0.96042,0.096593
0.013844,0.83615,-0.023525,0.016874,0.63509,0.015733,-0.17174,0.52214,0.038045,0.19777,0.50876,0.010984,-0.32132,0.29118,0.11819,0.36792,0.26254,0.076993,-0.43331,0.069224,0.076314,0.50395,0.052749,0.055506,0.0050862,0.24038,0.032833,0,0.16414,0,-0.087764,0.085104,-0.000983,0.081709,0.07784,-0.010212,-0.12158,-0.47938,0.012757,0.090358,-0.47969,-0.026649,-0.087634,-0.8668,0.11045,0.075604,-0.89816,0.10054
0.013253,0.85392,-0.019605,0.019482,0.64111,0.018978,-0.17272,0.53174,0.045201,0.20055,0.52056,0.017547,-0.27307,0.29204,0.14027,0.35175,0.27119,0.10576,-0.40361,0.051985,0.12653,0.49845,0.068716,0.10978,0.005744,0.25403,0.03342,0,0.18002,0,-0.088577,0.096988,0.000956,0.081762,0.093374,-0.012282,-0.11802,-0.4619,0.014096,0.09062,-0.44517,-0.052277,-0.080994,-0.84442,0.10364,0.071413,-0.84899,0.11608
0.012555,0.86566,-0.010091,0.017651,0.65023,0.021722,-0.17234,0.53838,0.050659,0.20102,0.53593,0.024688,-0.26818,0.28866,0.14644,0.34628,0.28082,0.12415,-0.39359,0.062157,0.15237,0.49913,0.093048,0.17272,0.0053067,0.26218,0.034056,0,0.18796,0,-0.08795,0.10457,0.000924,0.081522,0.10341,-0.01442,-0.11585,-0.46255,0.019628,0.090653,-0.44671,-0.052775,-0.086284,-0.84453,0.096754,0.068046,-0.84549,0.09305
0.011883,0.86732,-0.005917,0.018853,0.65377,0.02628,-0.17173,0.5389,0.054623,0.20082,0.53644,0.028171,-0.26228,0.28518,0.15818,0.34339,0.28715,0.12797,-0.40035,0.080009,0.19807,0.50929,0.10892,0.18044,0.005697,0.2621,0.036107,0,0.1876,0,-0.087996,0.10506,-0.001084,0.080945,0.10302,-0.01531,-0.10976,-0.4801,0.023736,0.086567,-0.47349,-0.049156,-0.080904,-0.8707,0.0598,0.06427,-0.86056,0.053656
0.0092584,0.86215,0.007651,0.018345,0.65093,0.036434,-0.17141,0.53597,0.065419,0.20055,0.53231,0.037391,-0.26616,0.28111,0.173,0.34455,0.28849,0.13674,-0.42805,0.097924,0.21195,0.52966,0.13126,0.19452,0.0057405,0.25485,0.040121,0,0.17985,0,-0.086743,0.096895,-0.003159,0.080403,0.095055,-0.017899,-0.10683,-0.54694,0.027747,0.084129,-0.54936,-0.035188,-0.10636,-0.94428,0.047968,0.075241,-0.95284,-0.006782
0.0019114,0.82211,0.022075,0.015449,0.61972,0.046468,-0.17545,0.50601,0.077121,0.20465,0.51081,0.053717,-0.2888,0.26528,0.17859,0.38121,0.27947,0.14749,-0.4969,0.1097,0.22132,0.58371,0.13494,0.15996,0.0049575,0.23162,0.0421,0,0.15992,0,-0.087453,0.074437,-0.008818,0.081148,0.07326,-0.016094,-0.10641,-0.56152,0.030022,0.087359,-0.56129,-0.031973,-0.10453,-0.9554,0.051111,0.082904,-0.9885,-0.018313
-0.0041157,0.76899,0.037948,0.0064552,0.56169,0.05817,-0.18292,0.45472,0.088375,0.20371,0.45382,0.063797,-0.35169,0.22986,0.19402,0.40368,0.24213,0.13276,-0.58268,0.13492,0.19566,0.63158,0.13895,0.12476,0.0035163,0.17353,0.045383,0,0.10326,0,-0.08608,0.019072,-0.00989,0.083658,0.01549,-0.017317,-0.1136,-0.58048,0.000494,0.088441,-0.57869,-0.054364,-0.10172,-0.97699,0.066871,0.079896,-0.98905,-0.010372
0.00038323,0.71723,0.036514,0.014681,0.50947,0.058319,-0.18106,0.40969,0.094765,0.20707,0.40183,0.064195,-0.40106,0.20633,0.17709,0.42752,0.21829,0.12481,-0.64715,0.16371,0.14651,0.65964,0.12615,0.083711,0.0053253,0.13134,0.046676,0,0.063893,0,-0.089378,-0.022937,-0.011227,0.083894,-0.022382,-0.016802,-0.12182,-0.58485,-0.024135,0.09489,-0.58855,-0.073004,-0.1019,-0.98098,0.070626,0.093932,-1.0018,0.008332
-0.0035138,0.66586,0.044195,0.0080318,0.45958,0.065621,-0.19064,0.34668,0.087605,0.19685,0.34205,0.06186,-0.4308,0.19979,0.15982,0.44024,0.19159,0.099911,-0.67101,0.17796,0.078675,0.65939,0.099587,0.007113,0.0039803,0.07995,0.049103,0,0.01291,0,-0.088251,-0.071893,-0.016572,0.085132,-0.073519,-0.014141,-0.12634,-0.60222,-0.050543,0.09526,-0.59407,-0.095124,-0.10424,-0.98209,0.066743,0.089672,-1.0265,0.036859
-0.0055289,0.63761,0.04587,0.0085599,0.43925,0.067085,-0.19167,0.33302,0.087251,0.20271,0.31773,0.065975,-0.43525,0.19763,0.14322,0.43492,0.18188,0.085255,-0.65706,0.16557,0.017481,0.64364,0.076571,-0.018427,0.0033953,0.062006,0.050452,0,-0.0041203,0,-0.089937,-0.090781,-0.018661,0.086666,-0.094835,-0.012653,-0.12753,-0.60476,-0.056969,0.095821,-0.5978,-0.1023,-0.097428,-0.99346,0.067469,0.086935,-1.031,0.0401
-0.0051209,0.63364,0.049708,0.0074504,0.43354,0.065366,-0.19129,0.32807,0.084704,0.20261,0.31693,0.064773,-0.42203,0.19814,0.13765,0.43621,0.172,0.072099,-0.64199,0.14457,-0.011218,0.62592,0.040669,-0.039765,0.0032275,0.057704,0.051234,0,-0.0081626,0,-0.089942,-0.094466,-0.019385,0.086992,-0.098198,-0.011654,-0.12849,-0.60502,-0.056648,0.096848,-0.60157,-0.10015,-0.097602,-0.99328,0.065566,0.083706,-1.0299,0.039186
-0.0069024,0.63978,0.051072,0.0039856,0.44117,0.063653,-0.1916,0.33445,0.080064,0.19981,0.32888,0.060749,-0.42372,0.19993,0.11849,0.41616,0.18381,0.073035,-0.62588,0.10461,-0.018674,0.60097,0.029555,-0.039585,0.0028414,0.06277,0.051921,0,-0.0033911,0,-0.089005,-0.08958,-0.019912,0.087638,-0.090624,-0.009912,-0.12181,-0.59569,-0.033133,0.096921,-0.60208,-0.08479,-0.099507,-0.99328,0.066245,0.083792,-1.024,0.032979
-0.012389,0.70601,0.049366,0.0083223,0.50972,0.060576,-0.18533,0.39955,0.076424,0.19562,0.39966,0.043657,-0.38626,0.22709,0.11919,0.405,0.2009,0.084136,-0.5685,0.082397,0.012934,0.56937,0.0097417,-0.010267,0.0052566,0.1221,0.052133,0,0.05352,0,-0.085857,-0.029954,-0.010682,0.08277,-0.032256,-0.017119,-0.11275,-0.58629,0.021417,0.10346,-0.59339,-0.032911,-0.094916,-0.99198,0.07236,0.086484,-1.0094,0.020574
-0.01107,0.76682,0.047154,0.0018129,0.56311,0.058272,-0.18001,0.4515,0.063201,0.19651,0.45549,0.041199,-0.36836,0.23868,0.12636,0.38923,0.2281,0.095264,-0.51944,0.048557,0.051781,0.53958,0.031727,0.043101,0.0031898,0.16244,0.052716,0,0.090441,0,-0.083915,0.0077012,-0.010892,0.083065,0.0072483,-0.015204,-0.11514,-0.58371,0.034192,0.10104,-0.58497,-0.01559,-0.097326,-0.98713,0.07072,0.08719,-0.99198,-0.002769
-0.010837,0.82109,0.035833,0.00192,0.6064,0.045532,-0.17743,0.5001,0.052894,0.19711,0.49354,0.037314,-0.31716,0.26421,0.14405,0.37955,0.25606,0.11472,-0.46223,0.054,0.091445,0.52941,0.055725,0.096609,0.0021146,0.21571,0.051304,0,0.14431,0,-0.083835,0.061315,-0.011827,0.083237,0.060321,-0.009502,-0.11146,-0.58091,0.032487,0.099696,-0.56663,-0.017645,-0.088716,-0.95319,0.088749,0.091823,-0.97317,0.005467
-0.009167,0.84132,0.036359,0.0057765,0.63499,0.038428,-0.17809,0.51049,0.054372,0.19221,0.51593,0.033485,-0.3079,0.26744,0.14633,0.37187,0.27272,0.12654,-0.4309,0.049603,0.12511,0.52192,0.072532,0.11811,0.0035992,0.23839,0.050928,0,0.16593,0,-0.084993,0.084134,-0.005718,0.083213,0.084377,-0.013046,-0.11975,-0.49694,0.016727,0.094264,-0.49656,-0.044565,-0.069727,-0.87389,0.12011,0.075031,-0.91425,0.068004
-0.0084705,0.859,0.02841,0.010479,0.65513,0.037455,-0.17787,0.53481,0.059239,0.19075,0.53957,0.042798,-0.27059,0.28625,0.15664,0.35038,0.29807,0.14226,-0.41247,0.066669,0.14666,0.51302,0.10961,0.15372,0.0038346,0.25529,0.051171,0,0.1817,0,-0.085592,0.098182,-0.00402,0.082272,0.10012,-0.014371,-0.11584,-0.47261,0.014743,0.088552,-0.46605,-0.054482,-0.071639,-0.82665,0.13004,0.064302,-0.84959,0.10693
-0.010073,0.87236,0.023057,0.0088834,0.66544,0.0393,-0.17854,0.5407,0.05875,0.19014,0.55087,0.046434,-0.26827,0.29121,0.1592,0.34746,0.30302,0.14519,-0.40755,0.084557,0.1681,0.51648,0.121,0.16162,0.0032058,0.26357,0.051928,0,0.18984,0,-0.085379,0.10665,-0.004658,0.082503,0.10824,-0.014095,-0.10883,-0.47042,0.036503,0.087805,-0.46034,-0.053023,-0.078117,-0.82976,0.12549,0.062916,-0.84929,0.10602
-0.010278,0.87575,0.023346,0.0068864,0.67234,0.043052,-0.17973,0.54336,0.059671,0.18914,0.55255,0.046133,-0.26826,0.29367,0.16129,0.34551,0.30675,0.1465,-0.42354,0.10037,0.18129,0.5198,0.12891,0.15763,0.0032179,0.26549,0.052674,0,0.19157,0,-0.085023,0.10851,-0.004764,0.082526,0.10994,-0.014509,-0.10545,-0.48462,0.053776,0.09111,-0.49379,-0.012762,-0.076914,-0.85284,0.11906,0.084361,-0.87909,0.059571
-0.010656,0.87477,0.022394,0.0071206,0.66983,0.042218,-0.18008,0.54346,0.060166,0.19078,0.54601,0.047214,-0.2745,0.29187,0.16033,0.3451,0.30623,0.14531,-0.46859,0.12042,0.19615,0.53059,0.13653,0.12936,0.0030441,0.26489,0.053057,0,0.19108,0,-0.085235,0.10791,-0.004787,0.082839,0.10859,-0.014174,-0.10244,-0.53104,0.076592,0.090487,-0.53614,0.016065,-0.08651,-0.88943,0.12059,0.081135,-0.93747,0.025198
-0.0098312,0.85313,0.017738,0.00048056,0.6417,0.03631,-0.18565,0.51878,0.055582,0.19322,0.52493,0.044012,-0.32888,0.26037,0.16083,0.36433,0.28039,0.12254,-0.54649,0.11784,0.16123,0.55811,0.12203,0.10016,0.0019086,0.24596,0.052509,0,0.17279,0,-0.084119,0.085786,-0.007347,0.083453,0.086477,-0.009275,-0.10468,-0.5534,0.072936,0.091344,-0.55408,0.014049,-0.10251,-0.96529,0.11094,0.085456,-0.95,0.01304
-0.020535,0.81034,0.016196,-0.0017526,0.5976,0.035682,-0.19394,0.47738,0.053642,0.19098,0.49064,0.041788,-0.35167,0.25493,0.15058,0.37011,0.25003,0.10679,-0.58817,0.14342,0.11271,0.56517,0.10083,0.043541,0.0014548,0.19964,0.052415,0,0.12666,0,-0.083567,0.037559,-0.010129,0.084071,0.043145,-0.008395,-0.11305,-0.58568,0.069245,0.088323,-0.57016,0.005798,-0.10669,-0.9982,0.13177,0.096046,-0.9887,0.031301
-0.012966,0.74892,0.016536,-0.00085551,0.54339,0.034879,-0.19718,0.42544,0.053292,0.19525,0.42856,0.047533,-0.3971,0.23183,0.11859,0.39214,0.19514,0.089095,-0.63023,0.14241,0.085191,0.58723,0.065844,-0.014335,0.00062573,0.15489,0.05226,0,0.083953,0,-0.086663,-0.0045095,-0.011855,0.087341,-0.0064448,-0.00642,-0.11625,-0.59653,0.054475,0.097244,-0.59001,-0.013772,-0.10819,-1,0.13122,0.09879,-1.0011,0.065128
-0.015888,0.69704,0.014698,-0.0027464,0.49192,0.031041,-0.19252,0.38273,0.048127,0.19421,0.37417,0.038275,-0.44547,0.20975,0.10045,0.40165,0.17111,0.069531,-0.67197,0.15803,-0.007416,0.59002,0.040009,-0.045076,0.00068264,0.10324,0.051202,0,0.031291,0,-0.085712,-0.05721,-0.011489,0.086892,-0.051504,-0.005951,-0.11793,-0.61911,0.024681,0.10466,-0.5927,-0.038106,-0.10097,-1.011,0.13048,0.1017,-1.0045,0.067216
-0.016792,0.6568,0.015655,-0.00056028,0.45992,0.034193,-0.1963,0.34647,0.055541,0.19284,0.34425,0.039135,-0.44379,0.20809,0.089708,0.39543,0.16343,0.061703,-0.65641,0.14682,-0.041905,0.57729,0.018386,-0.069071,0.0018864,0.0801,0.051512,0,0.010255,0,-0.086822,-0.077529,-0.012415,0.087621,-0.077523,-0.005752,-0.11964,-0.61932,0.018187,0.1038,-0.59945,-0.045736,-0.10242,-1.0117,0.12777,0.094139,-1.0124,0.068658
-0.017563,0.65475,0.014998,-0.0019127,0.45683,0.033289,-0.19782,0.34403,0.055731,0.19172,0.34273,0.038158,-0.43181,0.20617,0.086505,0.39275,0.15887,0.054902,-0.63464,0.13041,-0.053621,0.56155,0.0029075,-0.072732,0.0017956,0.076121,0.051238,0,0.0060088,0,-0.08693,-0.082874,-0.011361,0.087996,-0.080453,-0.006595,-0.12013,-0.62127,0.017101,0.10194,-0.6033,-0.04359,-0.10311,-1.0128,0.1253,0.088552,-1.0159,0.06766
-0.019393,0.66243,0.015697,-0.00067595,0.46304,0.033311,-0.19637,0.34915,0.055264,0.19132,0.35086,0.034754,-0.42016,0.21116,0.077739,0.39235,0.15878,0.052687,-0.60242,0.086255,-0.055,0.55077,-0.0063415,-0.065545,0.0024119,0.080503,0.051095,0,0.010124,0,-0.087302,-0.076675,-0.008473,0.087539,-0.076109,-0.008207,-0.11794,-0.61712,0.034913,0.10392,-0.60746,-0.022758,-0.1021,-1.0127,0.12331,0.089211,-1.0155,0.065604
-0.021789,0.72383,-0.005891,0.011707,0.53232,0.023579,-0.18717,0.41559,0.049579,0.19399,0.41441,0.013786,-0.37287,0.23575,0.08427,0.38101,0.18516,0.05037,-0.55272,0.061853,-0.023191,0.52606,-0.0057955,-0.035887,0.0063904,0.13794,0.048405,0,0.063801,0,-0.087315,-0.0212,-0.002,0.083037,-0.022386,-0.01187,-0.1171,-0.59914,0.060707,0.10329,-0.60447,-0.001412,-0.10048,-1.0114,0.11265,0.092314,-1.0144,0.058259
-0.021707,0.78075,-0.001663,0.0056597,0.56389,0.017761,-0.18375,0.46644,0.048977,0.19555,0.46732,0.005638,-0.34867,0.24033,0.095004,0.3706,0.22341,0.064195,-0.50289,0.042697,0.003013,0.52155,0.025751,0.017211,0.005998,0.18419,0.045653,0,0.11279,0,-0.084864,0.025015,0.000981,0.083476,0.028879,-0.012854,-0.11356,-0.58758,0.060028,0.099624,-0.58394,0.016089,-0.10177,-0.96063,0.094186,0.099317,-0.99648,0.042569
-0.01723,0.8101,-0.010485,0.0013165,0.61568,0.009765,-0.18187,0.50098,0.036629,0.19506,0.49283,0.005945,-0.31182,0.24922,0.10823,0.36776,0.25,0.0779,-0.4511,0.044907,0.054549,0.52275,0.054074,0.046858,0.003796,0.21515,0.042857,0,0.13798,0,-0.083923,0.056697,-0.000481,0.082954,0.052283,-0.008908,-0.11385,-0.55891,0.053737,0.10012,-0.55503,0.009622,-0.095221,-0.94799,0.10453,0.090162,-0.95964,0.048421
-0.0085113,0.83834,-0.006464,0.0058763,0.62503,0.010422,-0.17648,0.51534,0.040196,0.19606,0.51625,0.008709,-0.2854,0.2561,0.12165,0.37149,0.26109,0.088282,-0.41873,0.044492,0.095147,0.53457,0.071113,0.069603,0.0048332,0.23626,0.040853,0,0.16185,0,-0.085421,0.081377,-0.000154,0.082647,0.076634,-0.009061,-0.11204,-0.49516,0.033182,0.099867,-0.53696,0.002344,-0.079604,-0.88657,0.12037,0.087589,-0.9461,0.062613
-0.0083192,0.85224,-0.011157,0.0073711,0.6479,0.013386,-0.17434,0.53521,0.045523,0.19937,0.52754,0.015753,-0.26754,0.26477,0.1295,0.35886,0.2961,0.10145,-0.40673,0.05664,0.11942,0.52661,0.11038,0.078199,0.0044875,0.25574,0.0398,0,0.18018,0,-0.086474,0.096287,0.000362,0.083746,0.094673,-0.010519,-0.1093,-0.48011,0.034358,0.091773,-0.46955,-0.02824,-0.083489,-0.8561,0.12591,0.068983,-0.85412,0.10788
-0.0071858,0.86633,-0.004013,0.009268,0.65962,0.016739,-0.17226,0.54449,0.051658,0.19658,0.5411,0.021313,-0.25905,0.27244,0.13973,0.35862,0.30008,0.10232,-0.40204,0.074557,0.18122,0.53678,0.12406,0.090081,0.0046962,0.26026,0.039152,0,0.18402,0,-0.086146,0.10153,0.001151,0.082391,0.10058,-0.012476,-0.10496,-0.48276,0.047598,0.093038,-0.47024,-0.026176,-0.08471,-0.85674,0.12392,0.078333,-0.87315,0.09014
-0.0085004,0.86969,-0.001127,0.0088371,0.65892,0.018329,-0.17268,0.545,0.05453,0.19675,0.54121,0.022025,-0.26405,0.27265,0.15279,0.3581,0.3094,0.1055,-0.42201,0.084485,0.1872,0.5436,0.14132,0.082412,0.0047911,0.26039,0.038652,0,0.18446,0,-0.086038,0.1018,0.001286,0.082452,0.10107,-0.013365,-0.10548,-0.51554,0.069317,0.093562,-0.51864,0.000998,-0.088779,-0.88695,0.099605,0.082524,-0.90408,0.074228
-0.0067286,0.86239,0.00534,0.0057292,0.64759,0.024724,-0.17579,0.53442,0.063837,0.19607,0.53805,0.024183,-0.27442,0.27381,0.15875,0.361,0.30966,0.10625,-0.46644,0.11698,0.20085,0.5648,0.15792,0.073607,0.005314,0.25654,0.03915,0,0.18174,0,-0.085506,0.098229,0.000878,0.082795,0.097749,-0.014553,-0.10563,-0.5369,0.072068,0.090039,-0.54761,0.020552,-0.10161,-0.93615,0.097019,0.094372,-0.95872,0.046173
-0.010585,0.82869,0.021816,0.012351,0.61835,0.028342,-0.18135,0.50868,0.073906,0.19873,0.51223,0.034729,-0.332,0.25866,0.18218,0.40265,0.27588,0.093225,-0.55281,0.13935,0.18878,0.61974,0.15446,0.048936,0.0061451,0.22727,0.040607,0,0.1536,0,-0.084999,0.067448,-0.003334,0.080463,0.065496,-0.012338,-0.11032,-0.57364,0.06886,0.089954,-0.55915,0.018973,-0.10558,-0.96069,0.096154,0.090374,-0.96417,0.04239
-0.0042281,0.78043,0.02187,0.0081877,0.56736,0.038861,-0.18951,0.45372,0.077555,0.20129,0.4656,0.038723,-0.34515,0.25218,0.17326,0.41797,0.24788,0.073902,-0.59397,0.16199,0.14835,0.64491,0.14576,0.030531,0.0055405,0.17947,0.043778,0,0.1078,0,-0.087164,0.017222,-0.006988,0.083835,0.022854,-0.013068,-0.11537,-0.58872,0.060155,0.091159,-0.57233,0.008256,-0.11321,-0.99566,0.11482,0.099793,-0.99732,0.068775
-0.0067261,0.7238,0.032004,0.013469,0.52225,0.045886,-0.18618,0.41029,0.071571,0.20365,0.40143,0.035627,-0.39206,0.23536,0.13862,0.42647,0.22,0.060938,-0.63197,0.17159,0.09048,0.64874,0.11427,-0.029528,0.0059682,0.12974,0.046239,0,0.057671,0,-0.089933,-0.023859,-0.009811,0.084973,-0.030348,-0.012971,-0.11942,-0.6052,0.035149,0.096915,-0.5916,-0.015773,-0.11188,-0.99811,0.11593,0.098335,-0.99725,0.062658
-0.00071675,0.67214,0.031084,0.01143,0.46258,0.039154,-0.18673,0.3526,0.066845,0.20474,0.35262,0.044055,-0.44474,0.21155,0.11502,0.43765,0.18771,0.048872,-0.6855,0.17279,0.04317,0.64892,0.090506,-0.065688,0.0044609,0.087521,0.046572,0,0.020256,0,-0.090655,-0.071188,-0.0112,0.086224,-0.068069,-0.009514,-0.12028,-0.61363,0.020239,0.097398,-0.59671,-0.030051,-0.10743,-1.0238,0.13357,0.091458,-1.0091,0.06819
-0.0017806,0.66506,0.030249,0.0090172,0.45449,0.039879,-0.18916,0.34985,0.06459,0.2028,0.34418,0.04294,-0.44509,0.21,0.10503,0.42145,0.18734,0.049595,-0.67798,0.16984,0.007526,0.61992,0.070437,-0.063305,0.0038168,0.080085,0.047367,0,0.011978,0,-0.091079,-0.07627,-0.013279,0.087438,-0.077143,-0.008133,-0.12161,-0.61561,0.015764,0.098104,-0.60044,-0.036613,-0.10428,-1.0228,0.12509,0.090259,-1.0104,0.064301
-0.0025519,0.66515,0.027351,0.0083142,0.45871,0.040229,-0.19008,0.35423,0.066004,0.20185,0.34667,0.040193,-0.44261,0.2118,0.098899,0.42,0.18289,0.040685,-0.64882,0.15138,-0.044256,0.60305,0.040021,-0.085158,0.004224,0.082115,0.048353,0,0.013694,0,-0.090558,-0.07423,-0.013104,0.087317,-0.07478,-0.007614,-0.12274,-0.61629,0.01844,0.10096,-0.60256,-0.034816,-0.10477,-1.0238,0.12224,0.090041,-1.0135,0.060872
-0.0054909,0.71808,0.023789,0.009682,0.52386,0.032415,-0.18205,0.40822,0.053335,0.19419,0.4077,0.012682,-0.39056,0.24658,0.071926,0.40218,0.20029,0.030524,-0.59055,0.12672,-0.034006,0.57184,0.034475,-0.064245,0.0065562,0.12832,0.048026,0,0.052205,0,-0.086291,-0.029605,-0.004544,0.083329,-0.026279,-0.008971,-0.12557,-0.60405,0.038434,0.10953,-0.58935,-0.006936,-0.10905,-1.0134,0.097072,0.088434,-1.008,0.042272
-0.00649,0.76883,0.011703,0.010329,0.56628,0.037639,-0.17871,0.46492,0.0581,0.19703,0.45969,0.012515,-0.36531,0.26059,0.073954,0.3895,0.22017,0.033711,-0.54992,0.10765,-0.013021,0.54538,0.039512,-0.056875,0.0073051,0.17195,0.048656,0,0.10172,0,-0.085244,0.018683,-0.002422,0.082374,0.0096534,-0.015658,-0.12146,-0.60002,0.044762,0.10923,-0.58414,0.01143,-0.11277,-0.99744,0.079323,0.089023,-0.99611,0.029013
-0.0016706,0.80871,0.014371,0.014555,0.59647,0.029155,-0.17312,0.49097,0.04607,0.19683,0.48455,0.006736,-0.33199,0.27404,0.10173,0.38212,0.23424,0.043845,-0.49694,0.090284,0.045241,0.53398,0.037078,0.000928,0.0071647,0.20183,0.04726,0,0.12722,0,-0.085716,0.049412,-0.00269,0.080575,0.045483,-0.012148,-0.11705,-0.5563,0.056076,0.10745,-0.57618,0.0205,-0.10928,-0.95801,0.086943,0.088426,-0.99027,0.029625
-0.00018939,0.82875,0.013964,0.014381,0.63027,0.023943,-0.1744,0.50947,0.047647,0.19505,0.50383,0.009767,-0.3228,0.27252,0.10493,0.36186,0.25911,0.067871,-0.47118,0.071949,0.068034,0.51554,0.061002,0.030248,0.0069052,0.2279,0.045761,0,0.15244,0,-0.086746,0.069396,-0.002613,0.081684,0.067655,-0.011116,-0.11963,-0.54145,0.04782,0.095407,-0.53616,0.009625,-0.094597,-0.91167,0.079964,0.07585,-0.95279,0.062045
0.0081857,0.85451,0.022744,0.019191,0.64339,0.026833,-0.17054,0.52749,0.04984,0.19841,0.52039,0.015632,-0.2912,0.26879,0.1301,0.36557,0.26206,0.085803,-0.43858,0.067238,0.095046,0.52339,0.068282,0.089088,0.007325,0.24579,0.045876,0,0.17127,0,-0.088373,0.093075,-0.001869,0.08117,0.08511,-0.012735,-0.1164,-0.48388,0.035726,0.083449,-0.49367,-0.009985,-0.097426,-0.88884,0.094999,0.071458,-0.89062,0.11096
0.013259,0.8599,0.018753,0.02089,0.64851,0.027458,-0.17045,0.53533,0.052491,0.2019,0.52785,0.020603,-0.27999,0.26804,0.14246,0.36361,0.27511,0.10918,-0.42004,0.060735,0.14215,0.52539,0.085732,0.12215,0.0072419,0.25168,0.045692,0,0.17732,0,-0.088692,0.097408,-0.001593,0.080942,0.08982,-0.013478,-0.11454,-0.48585,0.038276,0.089678,-0.51069,0.000772,-0.097948,-0.88551,0.092472,0.072355,-0.89155,0.10902
0.016861,0.86179,0.019549,0.021045,0.65001,0.029036,-0.16888,0.53799,0.053853,0.20219,0.52873,0.024023,-0.27254,0.26231,0.15466,0.36563,0.27436,0.11316,-0.41873,0.062241,0.17785,0.53478,0.091373,0.12547,0.0069831,0.25209,0.045748,0,0.17777,0,-0.088515,0.098103,-0.001723,0.080871,0.090687,-0.013834,-0.1113,-0.533,0.060789,0.086142,-0.53293,0.024128,-0.10345,-0.91265,0.075635,0.08137,-0.91442,0.079056
0.0199,0.85717,0.021693,0.02569,0.64667,0.036472,-0.16914,0.53346,0.056678,0.20332,0.52325,0.028586,-0.27241,0.26198,0.15472,0.36722,0.27246,0.12077,-0.42428,0.065215,0.17274,0.54113,0.09305,0.12635,0.0071581,0.24798,0.047146,0,0.17394,0,-0.088346,0.094335,-0.003505,0.079885,0.086246,-0.013752,-0.11268,-0.54607,0.061154,0.085157,-0.55837,0.040327,-0.11297,-0.93611,0.073223,0.08705,-0.97524,0.051046
0.022457,0.83221,0.025818,0.029048,0.61889,0.041655,-0.1663,0.48647,0.055304,0.20625,0.50024,0.033852,-0.3014,0.21715,0.15088,0.3783,0.24758,0.12927,-0.48783,0.051389,0.16151,0.5618,0.076895,0.12205,0.0076396,0.21447,0.049293,0,0.14018,0,-0.088853,0.056715,-0.006046,0.078639,0.056263,-0.013754,-0.11728,-0.5777,0.055262,0.084905,-0.57337,0.037059,-0.12629,-0.9847,0.096279,0.087723,-0.97972,0.054355
0.025423,0.7776,0.022891,0.027075,0.56573,0.04669,-0.17064,0.44816,0.050731,0.21312,0.43998,0.047691,-0.32212,0.20355,0.13443,0.37926,0.22001,0.11824,-0.52561,0.057754,0.13418,0.56788,0.054858,0.10739,0.0048163,0.16813,0.050954,0,0.096441,0,-0.09019,0.016391,-0.011334,0.080712,0.0042229,-0.010072,-0.1258,-0.57916,0.039424,0.083812,-0.58429,0.019759,-0.12164,-0.98454,0.12324,0.091417,-1.0148,0.11021
0.020817,0.72469,0.026688,0.027884,0.51394,0.04178,-0.1782,0.39935,0.049225,0.21428,0.40997,0.048984,-0.37455,0.15792,0.11841,0.40771,0.15096,0.12318,-0.59369,0.040977,0.069445,0.59952,-0.00098613,0.053893,0.0048203,0.13074,0.050949,0,0.06071,0,-0.092284,-0.025203,-0.013021,0.08237,-0.032113,-0.008225,-0.13764,-0.58342,0.024233,0.085521,-0.60493,-0.008928,-0.13274,-0.97467,0.10452,0.085335,-1.0098,0.10494
0.01987,0.66993,0.026573,0.022049,0.46593,0.050329,-0.17419,0.3542,0.050183,0.21272,0.34943,0.053264,-0.37686,0.15473,0.10365,0.40337,0.13015,0.099052,-0.60945,0.061345,0.040291,0.60204,-0.015616,0.038013,0.0032156,0.078452,0.052775,0,0.0089745,0,-0.09223,-0.070841,-0.014806,0.083974,-0.080651,-0.009726,-0.13879,-0.59809,-9.6e-05,0.088726,-0.61104,-0.026276,-0.13149,-0.9768,0.10073,0.085272,-1.0233,0.11064
0.01908,0.65684,0.023901,0.023953,0.45233,0.048743,-0.17219,0.34269,0.052813,0.20761,0.3345,0.050672,-0.38622,0.15636,0.083159,0.40289,0.12679,0.094359,-0.62258,0.060452,-0.02931,0.59075,-0.029142,0.022632,0.0041096,0.065533,0.053086,0,-0.0039028,0,-0.090853,-0.084125,-0.014519,0.082254,-0.090711,-0.009126,-0.13555,-0.61138,-0.004097,0.090945,-0.61559,-0.03335,-0.12728,-0.99345,0.10677,0.080907,-1.0196,0.1038
0.01909,0.65628,0.023801,0.025462,0.4518,0.049632,-0.17199,0.34399,0.054053,0.2074,0.33444,0.050263,-0.3888,0.16459,0.080505,0.40227,0.12542,0.09432,-0.60856,0.061657,-0.02609,0.57999,-0.039817,0.01666,0.004426,0.065484,0.053628,0,-0.0036951,0,-0.090825,-0.083755,-0.014583,0.081916,-0.090688,-0.009055,-0.13534,-0.60777,0.003104,0.095774,-0.62153,-0.019029,-0.12075,-0.99522,0.11904,0.0809,-1.0197,0.10313
0.021357,0.68805,0.03071,0.027964,0.48838,0.053928,-0.16949,0.38921,0.049145,0.2035,0.3682,0.049175,-0.37389,0.19972,0.081585,0.39287,0.13845,0.093925,-0.58396,0.044476,-0.019285,0.55924,-0.03856,0.017247,0.004142,0.09024,0.054694,0,0.019447,0,-0.089778,-0.059056,-0.014784,0.079911,-0.06682,-0.009375,-0.13087,-0.59246,0.044961,0.099517,-0.61272,0.015443,-0.11911,-0.99498,0.12008,0.081808,-1.018,0.1003
0.026123,0.74043,0.024825,0.019186,0.54875,0.05353,-0.16504,0.43693,0.039362,0.21104,0.42579,0.047289,-0.35337,0.22458,0.084301,0.37577,0.17899,0.11873,-0.52894,0.048745,0.035966,0.53559,-0.012874,0.081083,0.0019517,0.15039,0.05517,0,0.07919,0,-0.087058,0.00043245,-0.01557,0.080211,-0.0096278,-0.008674,-0.13232,-0.58709,0.055521,0.09668,-0.5926,0.03748,-0.11588,-0.98152,0.11159,0.080862,-1.0062,0.085101
0.021155,0.80177,0.029433,0.028097,0.59688,0.046156,-0.1667,0.48898,0.036942,0.205,0.47373,0.029425,-0.33162,0.24987,0.091016,0.36926,0.20327,0.12371,-0.50177,0.060611,0.050097,0.53093,0.011538,0.10502,0.0053825,0.19744,0.054431,0,0.12549,0,-0.086991,0.046766,-0.01225,0.077046,0.040383,-0.009059,-0.1324,-0.5783,0.056606,0.089255,-0.55905,0.031436,-0.11685,-0.97788,0.11103,0.084168,-0.95515,0.088051
0.035225,0.82944,0.026608,0.032652,0.62085,0.042785,-0.15951,0.51677,0.038525,0.20998,0.50247,0.036372,-0.3133,0.26449,0.10695,0.36291,0.23466,0.12999,-0.46509,0.068093,0.056117,0.52174,0.04047,0.11526,0.005578,0.23048,0.054117,0,0.15997,0,-0.090258,0.085423,-0.012307,0.078506,0.07011,-0.007756,-0.13003,-0.51127,0.027579,0.08598,-0.50792,-0.014368,-0.096147,-0.88766,0.12535,0.080813,-0.92518,0.11433
0.044056,0.85957,0.035112,0.031089,0.64891,0.042192,-0.15883,0.5336,0.038943,0.21278,0.51278,0.040604,-0.30496,0.27649,0.12189,0.35721,0.27161,0.14453,-0.45261,0.074695,0.086707,0.52911,0.092265,0.16531,0.004678,0.24925,0.05442,0,0.17673,0,-0.09037,0.10014,-0.013011,0.079138,0.08606,-0.00703,-0.13039,-0.46829,0.008526,0.081705,-0.45887,-0.042777,-0.086685,-0.84985,0.1355,0.071945,-0.86784,0.15598
0.042731,0.86642,0.032033,0.027907,0.65458,0.043361,-0.15994,0.53887,0.039729,0.21343,0.53337,0.047314,-0.28775,0.29799,0.13205,0.35301,0.28988,0.13998,-0.44313,0.098975,0.10566,0.53715,0.12052,0.14482,0.0034334,0.25903,0.054904,0,0.18769,0,-0.089877,0.10952,-0.012971,0.080151,0.09862,-0.007802,-0.13065,-0.4657,0.009579,0.080272,-0.45027,-0.045847,-0.093238,-0.84952,0.11769,0.05674,-0.85213,0.14724
0.04459,0.87774,0.038516,0.029162,0.66368,0.04512,-0.16024,0.5449,0.042661,0.21328,0.53542,0.04883,-0.29033,0.29932,0.1381,0.35399,0.30302,0.13996,-0.45041,0.1061,0.12178,0.54085,0.13247,0.15017,0.0037354,0.26366,0.055299,0,0.19164,0,-0.089786,0.1139,-0.012651,0.079729,0.10283,-0.00864,-0.12844,-0.46934,0.019998,0.079246,-0.4638,-0.033244,-0.10765,-0.86498,0.081377,0.04991,-0.87773,0.094366
0.044822,0.87771,0.039592,0.029212,0.66392,0.046297,-0.16036,0.54606,0.04408,0.21272,0.53619,0.049518,-0.30314,0.29342,0.14091,0.35966,0.3044,0.14186,-0.48104,0.11723,0.14334,0.56053,0.15473,0.15037,0.0038602,0.26342,0.05591,0,0.19134,0,-0.089503,0.11375,-0.012574,0.079329,0.10255,-0.009429,-0.12427,-0.52698,0.048103,0.071104,-0.52378,0.009733,-0.11098,-0.88386,0.067621,0.056406,-0.91369,0.034363
0.041556,0.86233,0.043054,0.032248,0.6552,0.049068,-0.15964,0.54306,0.047711,0.21371,0.53202,0.051507,-0.32822,0.28336,0.14417,0.38474,0.28692,0.13978,-0.54062,0.13048,0.14425,0.59266,0.14701,0.13917,0.0046464,0.25368,0.056542,0,0.18144,0,-0.089086,0.10289,-0.012838,0.077713,0.093102,-0.009968,-0.11903,-0.54001,0.055716,0.066979,-0.55381,0.025585,-0.12329,-0.99072,0.051895,0.068005,-0.95695,0.012904
0.035627,0.81773,0.039161,0.029935,0.60975,0.058288,-0.16621,0.49543,0.051737,0.21493,0.49551,0.054822,-0.35445,0.26949,0.14234,0.39582,0.26948,0.1391,-0.57261,0.14537,0.13084,0.61054,0.13989,0.13521,0.0045676,0.20499,0.058019,0,0.13331,0,-0.087183,0.052348,-0.013484,0.076569,0.043141,-0.012674,-0.12163,-0.59049,0.054757,0.06413,-0.5826,0.022598,-0.12287,-1.0003,0.059507,0.063572,-0.97615,0.019041
0.037915,0.77724,0.05073,0.028244,0.56016,0.063552,-0.16633,0.44759,0.057382,0.2182,0.43616,0.065287,-0.37615,0.25191,0.13475,0.42192,0.22093,0.13613,-0.61198,0.15527,0.10067,0.64358,0.10357,0.11095,0.0034254,0.16595,0.058773,0,0.097179,0,-0.089158,0.016217,-0.016392,0.078697,0.0076129,-0.011774,-0.12343,-0.60473,0.034528,0.067881,-0.61026,-0.012666,-0.11353,-1.011,0.08342,0.064797,-0.98301,0.030844
0.037325,0.72148,0.047872,0.034903,0.50898,0.066728,-0.17147,0.40574,0.062708,0.21442,0.39689,0.065497,-0.43575,0.21637,0.11199,0.42783,0.1919,0.12515,-0.67128,0.14316,0.050593,0.64074,0.066998,0.064787,0.0052212,0.11712,0.059489,0,0.05002,0,-0.091577,-0.029096,-0.018953,0.078744,-0.042106,-0.011013,-0.13423,-0.61216,-0.006251,0.070158,-0.61973,-0.035268,-0.11311,-1.0133,0.086477,0.059499,-1.0257,0.072472
0.03089,0.66828,0.042139,0.022098,0.45819,0.066858,-0.17962,0.35687,0.07019,0.21473,0.34843,0.072829,-0.43797,0.21113,0.10609,0.42394,0.155,0.1122,-0.66921,0.14368,0.020802,0.63119,0.023207,0.045618,0.003593,0.086214,0.059557,0,0.022658,0,-0.091245,-0.061513,-0.02113,0.081432,-0.070128,-0.010206,-0.13246,-0.61218,-0.017723,0.079404,-0.61417,-0.056804,-0.10992,-1.0042,0.082712,0.060237,-1.0258,0.07188
0.029457,0.66511,0.041875,0.021694,0.45708,0.06577,-0.17907,0.35523,0.069382,0.21476,0.34523,0.072856,-0.43701,0.20661,0.10181,0.40647,0.13914,0.099316,-0.65871,0.12279,-0.026116,0.59748,-0.012444,0.025042,0.0031581,0.080848,0.059446,0,0.016183,0,-0.091159,-0.066693,-0.021893,0.082088,-0.076249,-0.009115,-0.13243,-0.61227,-0.018504,0.080994,-0.61343,-0.057554,-0.10624,-1.0168,0.09742,0.059799,-1.0268,0.070898
0.026879,0.66661,0.041122,0.021456,0.46261,0.066375,-0.17933,0.3573,0.067992,0.21301,0.34761,0.072213,-0.43445,0.2054,0.09897,0.39943,0.1366,0.094844,-0.63437,0.11166,-0.036325,0.58249,-0.024132,0.019622,0.003026,0.081478,0.059625,0,0.016512,0,-0.091005,-0.066038,-0.021772,0.082237,-0.075646,-0.008831,-0.12402,-0.61077,0.018374,0.08564,-0.61567,-0.021358,-0.10818,-1.012,0.093995,0.060173,-1.0267,0.070844
0.021849,0.72637,0.036889,0.012276,0.52577,0.063628,-0.17245,0.4158,0.056159,0.20327,0.40857,0.061858,-0.3985,0.22402,0.082839,0.37741,0.15049,0.092534,-0.59068,0.092271,-0.025187,0.54618,-0.025853,0.019212,0.00096142,0.13221,0.05967,0,0.061891,0,-0.085958,-0.014037,-0.017284,0.081152,-0.024937,-0.010386,-0.12207,-0.57647,0.053088,0.094651,-0.59701,0.027947,-0.10388,-0.98889,0.078382,0.066975,-1.0248,0.063639
0.017466,0.7809,0.041648,0.015989,0.58098,0.068419,-0.16761,0.47017,0.051629,0.20928,0.45109,0.056422,-0.35216,0.25625,0.080346,0.35982,0.17554,0.10384,-0.52452,0.084943,0.002648,0.51071,-0.017062,0.032858,0.0015557,0.1751,0.060185,0,0.10548,0,-0.085258,0.028234,-0.017759,0.080052,0.011739,-0.011867,-0.11693,-0.5792,0.055635,0.096064,-0.59373,0.027354,-0.10475,-0.98584,0.070626,0.083207,-0.99753,0.040415
0.01805,0.82239,0.032191,0.020404,0.61774,0.05928,-0.16322,0.49551,0.041369,0.20186,0.49391,0.042148,-0.33741,0.25925,0.088306,0.34651,0.21176,0.11121,-0.50252,0.079036,0.016099,0.48629,0.0058409,0.038428,0.0031904,0.20762,0.059197,0,0.13501,0,-0.084475,0.058319,-0.015599,0.077031,0.057532,-0.008026,-0.11678,-0.57013,0.049332,0.086319,-0.54478,0.014627,-0.096605,-0.97013,0.079627,0.082045,-0.96842,0.049391
0.027153,0.84828,0.039038,0.021235,0.64009,0.054224,-0.16281,0.53879,0.046605,0.20602,0.51957,0.049231,-0.31856,0.27089,0.090982,0.33773,0.23926,0.11284,-0.4721,0.077745,0.029464,0.47647,0.031399,0.073014,0.0027866,0.25113,0.058031,0,0.18375,0,-0.087061,0.10635,-0.017482,0.079388,0.087846,-0.007373,-0.12059,-0.49094,0.016784,0.089156,-0.49678,-0.01137,-0.082819,-0.87828,0.1119,0.074059,-0.89758,0.11392
0.025617,0.86494,0.040206,0.015492,0.65946,0.060032,-0.16512,0.54241,0.04989,0.20095,0.53362,0.052186,-0.30827,0.27512,0.093585,0.32953,0.26157,0.11461,-0.45828,0.077971,0.037451,0.49478,0.052561,0.083745,0.0024301,0.25778,0.058677,0,0.18853,0,-0.086428,0.11028,-0.017226,0.079665,0.10264,-0.009163,-0.12054,-0.48762,0.023754,0.088908,-0.48025,-0.01438,-0.092828,-0.86538,0.11796,0.072972,-0.88614,0.11454
0.026216,0.8754,0.043947,0.014752,0.66921,0.064459,-0.16628,0.54923,0.055472,0.20204,0.53714,0.057128,-0.29681,0.278,0.1141,0.32867,0.26996,0.12011,-0.45143,0.084543,0.057346,0.50613,0.076094,0.098194,0.002181,0.26394,0.059437,0,0.19385,0,-0.086169,0.11445,-0.017363,0.08002,0.1088,-0.010014,-0.11379,-0.50151,0.064127,0.088109,-0.47971,-0.005781,-0.10128,-0.87779,0.094396,0.072929,-0.88456,0.11305
0.023145,0.87997,0.0501,0.012433,0.67332,0.068068,-0.1731,0.55065,0.063875,0.20146,0.53959,0.058839,-0.29664,0.27839,0.11373,0.33173,0.2753,0.12315,-0.47063,0.08681,0.089911,0.51747,0.09376,0.0983,0.0027909,0.2654,0.059891,0,0.19519,0,-0.085899,0.11503,-0.017122,0.080356,0.11028,-0.011133,-0.11311,-0.52364,0.084223,0.083097,-0.53689,0.030961,-0.10713,-0.8712,0.082929,0.086819,-0.93871,0.075219
0.010734,0.87513,0.064937,0.011143,0.6673,0.069903,-0.17632,0.54465,0.067351,0.20095,0.53741,0.061051,-0.30697,0.27351,0.11802,0.33551,0.27824,0.12344,-0.51675,0.093817,0.075106,0.52749,0.10095,0.091626,0.0028147,0.26275,0.060264,0,0.19321,0,-0.085912,0.11234,-0.017595,0.080585,0.10791,-0.011191,-0.11233,-0.52661,0.083401,0.086541,-0.53954,0.029601,-0.1255,-0.96045,0.06043,0.068861,-0.96857,0.048657
0.0060807,0.8526,0.065749,0.009666,0.64352,0.070687,-0.1815,0.51989,0.064578,0.19992,0.51384,0.056818,-0.32812,0.26461,0.11144,0.34837,0.27175,0.1167,-0.54148,0.11595,0.054579,0.55488,0.10728,0.055489,0.0025167,0.22835,0.061028,0,0.15595,0,-0.085329,0.076484,-0.022086,0.081991,0.061363,-0.007353,-0.11186,-0.56362,0.073128,0.091439,-0.58178,0.029143,-0.12228,-0.96799,0.074047,0.089778,-0.99782,0.049458
-0.0068696,0.79577,0.071308,0.0038664,0.58649,0.070702,-0.18328,0.45909,0.05982,0.20207,0.46196,0.067668,-0.36023,0.24425,0.10123,0.3943,0.21855,0.10455,-0.61094,0.1201,0.029076,0.59026,0.080569,0.01451,-0.00011441,0.19371,0.061177,0,0.12734,0,-0.083785,0.043404,-0.022096,0.081996,0.040532,-0.00849,-0.1153,-0.5825,0.06027,0.090774,-0.58235,0.023271,-0.11538,-0.99593,0.11565,0.090398,-0.99772,0.048635
-0.0046738,0.74678,0.054834,0.0067916,0.55446,0.065714,-0.19107,0.41989,0.059122,0.19305,0.42253,0.058441,-0.43175,0.19831,0.075084,0.40796,0.18805,0.080382,-0.66296,0.11498,0.008008,0.61082,0.060232,-0.019827,0.0013356,0.14034,0.060266,0,0.069482,0,-0.08605,-0.013815,-0.020473,0.083506,-0.018281,-0.007892,-0.11731,-0.59328,0.036091,0.098036,-0.59978,0.003546,-0.11431,-0.99687,0.11566,0.099063,-1.0123,0.065329
-0.0060072,0.70603,0.056317,0.0025723,0.48966,0.060485,-0.19233,0.3659,0.059453,0.2028,0.36421,0.058796,-0.43369,0.1978,0.061823,0.4094,0.17419,0.068018,-0.66257,0.12463,-0.02628,0.6155,0.047319,-0.031377,0.00052712,0.10449,0.059885,0,0.038434,0,-0.088403,-0.050721,-0.017717,0.086617,-0.051334,-0.009656,-0.11689,-0.59814,0.011212,0.10003,-0.60431,-0.017669,-0.11107,-0.99596,0.10791,0.098154,-1.012,0.065246
-0.0048771,0.69076,0.057771,0.00029248,0.4807,0.055131,-0.19405,0.36139,0.05579,0.19863,0.36094,0.056214,-0.43631,0.19709,0.053879,0.40605,0.1636,0.05732,-0.6632,0.1261,-0.042077,0.60993,0.033549,-0.040054,-0.00012471,0.090414,0.058669,0,0.021465,0,-0.086632,-0.06527,-0.018585,0.085985,-0.064992,-0.007918,-0.11854,-0.5981,0.00648,0.09832,-0.6083,-0.021548,-0.11245,-0.99715,0.10271,0.091613,-1.0224,0.074083
-0.0061703,0.69126,0.055025,0.0027105,0.48489,0.054921,-0.19465,0.36286,0.055669,0.19816,0.3623,0.053595,-0.41595,0.20593,0.054584,0.40367,0.16388,0.05226,-0.63815,0.12483,-0.048672,0.59629,0.017642,-0.049641,0.00056789,0.091907,0.058597,0,0.02266,0,-0.087101,-0.062967,-0.017848,0.085657,-0.064935,-0.00762,-0.12098,-0.59753,0.020656,0.10064,-0.61572,-0.001694,-0.11174,-0.99751,0.10057,0.088844,-1.0214,0.077132
-0.0077366,0.72195,0.040482,0.00016626,0.53126,0.051032,-0.18962,0.40836,0.041977,0.1935,0.41548,0.032894,-0.41011,0.22932,0.058319,0.3928,0.1846,0.047471,-0.61212,0.11155,-0.048209,0.56601,0.020827,-0.046555,0.0014387,0.12883,0.058332,0,0.057337,0,-0.085197,-0.025462,-0.012893,0.084902,-0.028256,-0.009704,-0.12165,-0.59042,0.040015,0.10307,-0.60152,0.017944,-0.1097,-0.99205,0.085577,0.091262,-1.0219,0.066479
-0.0084324,0.78791,0.045213,0.0085297,0.57628,0.043508,-0.18387,0.46213,0.036791,0.19207,0.45328,0.019771,-0.38148,0.27082,0.074113,0.37611,0.23895,0.052325,-0.57056,0.10477,-0.016623,0.54324,0.04322,-0.036641,0.0036971,0.17681,0.057114,0,0.10475,0,-0.08426,0.024407,-0.009451,0.0812,0.017979,-0.010933,-0.11381,-0.58129,0.048692,0.10538,-0.58857,0.022155,-0.10458,-0.99007,0.073494,0.097619,-1.0109,0.042151
-0.0038346,0.8305,0.041086,0.011534,0.61737,0.038201,-0.17733,0.49368,0.032732,0.19689,0.50112,0.01563,-0.35597,0.28338,0.086166,0.3746,0.25117,0.056443,-0.52174,0.10533,0.008677,0.53709,0.058377,-0.017743,0.0044125,0.2108,0.056341,0,0.1367,0,-0.085219,0.05416,-0.010052,0.081178,0.052841,-0.008264,-0.11078,-0.57922,0.045844,0.10844,-0.57051,0.021135,-0.099464,-0.98838,0.072836,0.11089,-0.96453,0.036107
-0.0019811,0.8467,0.029825,0.0085005,0.6419,0.03265,-0.18141,0.51416,0.031886,0.19544,0.51854,0.007535,-0.34371,0.28983,0.092644,0.36026,0.28518,0.067928,-0.4997,0.096613,0.039654,0.5274,0.090511,0.025983,0.0047505,0.24551,0.054613,0,0.17277,0,-0.085502,0.089419,-0.008215,0.082731,0.085383,-0.008943,-0.11129,-0.523,0.031812,0.1061,-0.54877,0.005983,-0.080549,-0.91016,0.091384,0.1028,-0.95072,0.04851
-0.0020998,0.87096,0.036606,0.0080112,0.65529,0.033755,-0.1853,0.53688,0.045026,0.19801,0.53044,0.014216,-0.32885,0.29681,0.10241,0.36124,0.29076,0.073312,-0.47924,0.096076,0.072302,0.53308,0.10581,0.042075,0.0053453,0.25981,0.054361,0,0.1872,0,-0.086155,0.10214,-0.007181,0.083545,0.099449,-0.010496,-0.10751,-0.51181,0.03489,0.097799,-0.49003,-0.014237,-0.081134,-0.87641,0.098327,0.095693,-0.88843,0.078793
-0.0019014,0.88081,0.039972,0.0079703,0.66387,0.037164,-0.18517,0.54412,0.050635,0.19823,0.54201,0.024816,-0.31605,0.29233,0.11694,0.36228,0.29922,0.085244,-0.46603,0.090709,0.10629,0.53439,0.11263,0.051593,0.0047421,0.26747,0.054881,0,0.1952,0,-0.086157,0.1097,-0.006879,0.083429,0.10934,-0.012281,-0.10672,-0.50421,0.037626,0.096567,-0.48875,-0.011385,-0.081078,-0.86808,0.097411,0.08712,-0.87984,0.074947
-0.0023448,0.88136,0.040165,0.0074653,0.66611,0.039252,-0.18652,0.54397,0.054791,0.19792,0.54268,0.025732,-0.31166,0.28393,0.12922,0.36393,0.30048,0.090687,-0.46677,0.08622,0.11041,0.54065,0.1224,0.061324,0.0051785,0.26824,0.055228,0,0.19608,0,-0.086166,0.11053,-0.00672,0.08326,0.11041,-0.013219,-0.1057,-0.50581,0.043137,0.091667,-0.53861,0.016926,-0.093202,-0.88049,0.074001,0.10645,-0.91471,0.029675
-0.0065915,0.87275,0.046386,0.0044756,0.66237,0.050408,-0.19017,0.53097,0.066017,0.19613,0.54133,0.029643,-0.30742,0.27236,0.13588,0.36365,0.29952,0.095708,-0.47389,0.08389,0.12449,0.54409,0.12556,0.062477,0.0061589,0.26477,0.055983,0,0.1937,0,-0.085671,0.10741,-0.007032,0.083106,0.1084,-0.014709,-0.10133,-0.53816,0.059129,0.093048,-0.54068,0.016823,-0.099247,-0.96772,0.066671,0.10748,-0.91583,0.030067
-0.012334,0.83942,0.059906,0.003534,0.63748,0.064105,-0.19038,0.50784,0.073237,0.19179,0.52085,0.038772,-0.31338,0.25439,0.13972,0.3655,0.28939,0.095258,-0.50559,0.072484,0.14247,0.55043,0.12061,0.058647,0.0055742,0.23027,0.059264,0,0.15849,0,-0.084429,0.072688,-0.012635,0.082966,0.07715,-0.015473,-0.10356,-0.57249,0.057052,0.09977,-0.57215,0.007375,-0.10209,-0.98199,0.093881,0.1069,-0.98077,0.024566
-0.015862,0.79849,0.061264,0.0039071,0.5869,0.077665,-0.19125,0.46544,0.078426,0.19001,0.4661,0.043185,-0.34468,0.20883,0.13634,0.37727,0.2365,0.088666,-0.55318,0.068446,0.12473,0.59364,0.086741,0.026223,0.0054292,0.17904,0.061482,0,0.11019,0,-0.083835,0.02496,-0.014066,0.08245,0.026471,-0.01836,-0.10775,-0.59681,0.035104,0.10403,-0.58213,-0.007168,-0.10031,-0.98916,0.099285,0.11366,-0.99473,0.032284
-0.020887,0.73315,0.047485,-0.0022913,0.52999,0.073767,-0.19459,0.40544,0.076604,0.18658,0.41268,0.049385,-0.38228,0.17265,0.13129,0.4083,0.18181,0.0745,-0.60946,0.065022,0.11461,0.61132,0.050975,-0.009732,0.0035258,0.13046,0.06101,0,0.062808,0,-0.084191,-0.022944,-0.012689,0.08496,-0.020137,-0.019086,-0.11221,-0.60402,0.016708,0.10791,-0.61032,-0.039245,-0.095369,-1.0128,0.14465,0.11834,-1.0158,0.057154
-0.022655,0.69196,0.056309,0.00060712,0.49126,0.071258,-0.20125,0.35381,0.087383,0.18787,0.37387,0.057024,-0.40745,0.16016,0.12415,0.40352,0.17177,0.069566,-0.64014,0.067182,0.089395,0.60164,0.034659,-0.03776,0.0045635,0.10113,0.060645,0,0.034277,0,-0.086269,-0.055938,-0.014683,0.086327,-0.050316,-0.016827,-0.11424,-0.60904,0.006399,0.10807,-0.61047,-0.051142,-0.098773,-1.0136,0.14212,0.11802,-1.0143,0.063478
-0.02504,0.67304,0.054865,-0.0021925,0.45738,0.075784,-0.20165,0.35025,0.083847,0.18594,0.35407,0.054964,-0.41964,0.15968,0.11233,0.40203,0.15083,0.056012,-0.64759,0.076588,0.031993,0.60031,0.021446,-0.052877,0.0036213,0.073195,0.061354,0,0.0088909,0,-0.087042,-0.076629,-0.016423,0.087876,-0.075145,-0.017382,-0.11398,-0.61477,0.002744,0.10832,-0.61144,-0.056707,-0.097489,-1.0153,0.13756,0.11755,-1.0145,0.058122
-0.025565,0.6732,0.054197,-0.0001227,0.46235,0.075456,-0.20125,0.35033,0.08307,0.18576,0.35426,0.054965,-0.42093,0.16346,0.1106,0.38224,0.16327,0.05873,-0.64302,0.07388,0.019672,0.5931,0.0163,-0.052121,0.0036926,0.074169,0.061478,0,0.009377,0,-0.087134,-0.076296,-0.016428,0.087718,-0.074263,-0.016973,-0.1152,-0.61268,0.01337,0.10645,-0.61287,-0.044781,-0.096412,-1.0108,0.13659,0.1125,-1.0181,0.063108
-0.024164,0.71716,0.045468,0.0021305,0.52044,0.070438,-0.1895,0.40042,0.069241,0.18466,0.40796,0.04457,-0.41227,0.18635,0.099715,0.38128,0.17799,0.051817,-0.61504,0.065639,-0.001463,0.5623,0.015493,-0.038333,0.003943,0.11895,0.061226,0,0.048326,0,-0.083276,-0.034079,-0.013703,0.082541,-0.03103,-0.015268,-0.11698,-0.61556,0.046379,0.10565,-0.60833,-0.01351,-0.10014,-1.003,0.12001,0.11252,-1.0168,0.056662
-0.024476,0.77133,0.040483,0.0012825,0.5725,0.069013,-0.19187,0.45937,0.06394,0.18649,0.45026,0.025999,-0.35582,0.25726,0.095132,0.37709,0.22787,0.0561,-0.5786,0.04657,0.023355,0.54746,0.044014,0.002048,0.0052072,0.17003,0.060565,0,0.10059,0,-0.083387,0.013265,-0.013307,0.082986,0.019437,-0.01651,-0.11066,-0.60924,0.058856,0.10934,-0.59471,0.012411,-0.099061,-0.99699,0.10229,0.11011,-1.0017,0.02227
-0.018153,0.82877,0.045311,0.0039652,0.62152,0.057315,-0.18501,0.49595,0.044423,0.1881,0.5069,0.024545,-0.35181,0.26068,0.096997,0.36797,0.26278,0.066998,-0.52224,0.077596,0.057317,0.54712,0.072165,0.03171,0.0036207,0.20857,0.059324,0,0.13567,0,-0.084516,0.053371,-0.010544,0.083108,0.05426,-0.014861,-0.10844,-0.59121,0.064167,0.10885,-0.56602,0.019223,-0.10252,-0.98529,0.090114,0.1115,-0.96623,0.03263
-0.016828,0.85432,0.042075,-0.00022966,0.64671,0.040122,-0.18492,0.52287,0.043144,0.18915,0.525,0.020761,-0.3212,0.29127,0.11314,0.36699,0.2836,0.075731,-0.49073,0.10753,0.072128,0.547,0.10811,0.063178,0.0029887,0.2559,0.055794,0,0.18621,0,-0.083389,0.098357,-0.007145,0.083858,0.10397,-0.010966,-0.10823,-0.52231,0.045085,0.10678,-0.52376,0.001085,-0.083803,-0.91237,0.10239,0.090454,-0.92838,0.069394
-0.011783,0.87534,0.03893,0.0038497,0.66456,0.039276,-0.18532,0.54443,0.044427,0.18771,0.54627,0.019021,-0.32139,0.29119,0.11201,0.36319,0.31536,0.085777,-0.49001,0.10574,0.077882,0.54954,0.12464,0.07176,0.0039123,0.26368,0.056093,0,0.1916,0,-0.084358,0.10745,-0.006498,0.083665,0.10845,-0.011315,-0.1089,-0.48508,0.040613,0.10457,-0.50608,-0.006209,-0.087019,-0.85592,0.11082,0.078144,-0.89461,0.1016
-0.012566,0.89061,0.037291,0.0030338,0.67548,0.040846,-0.18808,0.55734,0.049968,0.1914,0.55933,0.023723,-0.31894,0.29234,0.1126,0.36935,0.32649,0.09469,-0.48998,0.10817,0.091044,0.55943,0.16329,0.10169,0.0039712,0.27793,0.056551,0,0.20593,0,-0.085654,0.12016,-0.00691,0.085106,0.11968,-0.012583,-0.1061,-0.48151,0.040738,0.094337,-0.45677,-0.01085,-0.08316,-0.85509,0.10737,0.088007,-0.86198,0.10199
-0.011974,0.89434,0.035571,0.0020929,0.67956,0.041775,-0.18757,0.5637,0.05637,0.19147,0.56258,0.026931,-0.30872,0.31897,0.10722,0.37653,0.33279,0.10609,-0.48007,0.12333,0.093127,0.56791,0.17126,0.11418,0.0042919,0.28068,0.056688,0,0.20857,0,-0.085347,0.12307,-0.007051,0.084806,0.12363,-0.012964,-0.1004,-0.48308,0.048109,0.093651,-0.46142,-0.003383,-0.082019,-0.85794,0.1037,0.089604,-0.86433,0.094857
-0.01146,0.89387,0.036475,0.0034853,0.67866,0.043301,-0.18789,0.56315,0.057828,0.19335,0.56419,0.033663,-0.31632,0.31146,0.10851,0.37659,0.33559,0.1092,-0.51313,0.12627,0.10165,0.56988,0.17622,0.11648,0.003694,0.28046,0.056846,0,0.2086,0,-0.085398,0.12298,-0.007294,0.084762,0.12367,-0.013027,-0.094313,-0.51592,0.063878,0.093045,-0.48485,0.009677,-0.08412,-0.8747,0.10083,0.094897,-0.8709,0.088405
