0.0055261,0.85481,0.01354,0.006158,0.64465,0.022229,-0.17148,0.53933,0.04429,0.18247,0.51387,0.004235,-0.30219,0.28831,0.047206,0.31651,0.26127,0.01644,-0.47592,0.059574,-0.026209,0.49868,0.059388,-0.078473,0.0058008,0.26845,0.045645,0,0.19774,0,-0.080709,0.11902,-0.002608,0.078485,0.11732,-0.010554,-0.04465,-0.51269,-0.005401,0.070947,-0.50026,-0.021814,-0.042127,-0.87883,0.040889,0.034935,-0.87378,0.032913
0.0035675,0.8734,0.014399,0.0054805,0.65328,0.02163,-0.1728,0.55225,0.052283,0.18653,0.53938,0.018638,-0.30341,0.29164,0.046271,0.31514,0.27576,0.009806,-0.47444,0.089275,-0.045686,0.50446,0.072517,-0.089747,0.0048694,0.28003,0.044669,0,0.20975,0,-0.080729,0.12829,-0.001691,0.078688,0.12898,-0.011982,-0.047194,-0.5086,-0.00433,0.072587,-0.50005,-0.023061,-0.042197,-0.87247,0.04771,0.037844,-0.86588,0.035887
-0.00017145,0.87823,0.013099,0.0027794,0.65839,0.026963,-0.17655,0.55392,0.059965,0.18435,0.5404,0.016178,-0.30287,0.2955,0.047241,0.31398,0.28099,0.006003,-0.47199,0.10351,-0.050134,0.51229,0.099069,-0.12601,0.0056997,0.2822,0.044856,0,0.21194,0,-0.080207,0.13013,-0.001401,0.07865,0.1319,-0.012819,-0.046581,-0.52223,0.007066,0.074931,-0.50576,-0.018535,-0.043696,-0.87751,0.058169,0.038118,-0.87185,0.035539
-0.0016596,0.87054,0.017578,0.0031587,0.6547,0.032476,-0.17857,0.54803,0.067381,0.18245,0.53632,0.016552,-0.30147,0.29578,0.044041,0.31499,0.28133,0.002082,-0.48299,0.098542,-0.070205,0.51256,0.10165,-0.13475,0.0065317,0.27953,0.045788,0,0.21009,0,-0.080455,0.12687,-0.000665,0.079053,0.1314,-0.014827,-0.036827,-0.54907,0.021844,0.080813,-0.54609,0.00475,-0.050054,-0.90557,0.058525,0.024176,-0.92388,0.045831
-0.0063465,0.84886,0.002945,0.011561,0.63452,0.041005,-0.18271,0.52485,0.06755,0.17972,0.51638,0.005351,-0.30847,0.27519,0.028856,0.31703,0.26712,-0.017196,-0.48385,0.090394,-0.093702,0.50958,0.093176,-0.16534,0.0092057,0.25931,0.047692,0,0.19098,0,-0.081403,0.10727,-0.002092,0.077577,0.11325,-0.017008,-0.036324,-0.56912,0.009786,0.092425,-0.52075,-0.013868,-0.05363,-0.96967,0.052195,-0.0011829,-0.94252,0.026093
-0.017934,0.80281,0.006032,0.00079247,0.5972,0.049909,-0.19031,0.47348,0.066502,0.17016,0.46589,0.003967,-0.31201,0.2448,0.015065,0.31472,0.2297,-0.038199,-0.49147,0.048398,-0.13665,0.50492,0.053391,-0.20361,0.0076075,0.20772,0.050366,0,0.13792,0,-0.079621,0.047906,-0.004407,0.079537,0.069086,-0.019157,-0.041514,-0.59428,-0.002218,0.06475,-0.5707,-0.028907,-0.056787,-0.97866,0.048394,0.001124,-0.98982,0.049731
-0.023263,0.75448,0.008286,-0.0029606,0.55446,0.04848,-0.18786,0.43102,0.06785,0.16849,0.41553,0.004133,-0.32194,0.18674,0.019779,0.3164,0.16095,-0.039959,-0.50398,0.011747,-0.14107,0.50122,0.0030474,-0.21618,0.0073957,0.17795,0.050579,0,0.1096,0,-0.079963,0.024251,-0.002168,0.081131,0.032825,-0.020365,-0.051929,-0.58956,-0.017543,0.06993,-0.56368,-0.036212,-0.060718,-0.97905,0.0566,0.0039367,-0.97983,0.043145
-0.013114,0.69568,0.003186,0.005199,0.50025,0.057488,-0.1839,0.3774,0.073404,0.17411,0.37041,0.01597,-0.32998,0.1271,0.010089,0.32317,0.12693,-0.030206,-0.49981,-0.03303,-0.11711,0.50401,-0.055744,-0.21027,0.0080806,0.11886,0.052569,0,0.051463,0,-0.083422,-0.032037,-0.005868,0.081571,-0.024804,-0.019635,-0.067485,-0.60703,-0.028205,0.077756,-0.56851,-0.041479,-0.058165,-0.98731,0.06311,0.010422,-0.98148,0.03925
-0.010926,0.67625,0.008126,0.00045631,0.4667,0.054843,-0.1815,0.3543,0.071604,0.17454,0.35202,0.018176,-0.32806,0.11041,0.014853,0.32292,0.10153,-0.026356,-0.50829,-0.076865,-0.11022,0.50456,-0.10278,-0.19471,0.0073227,0.10668,0.052999,0,0.042315,0,-0.083135,-0.039957,-0.005589,0.082224,-0.034525,-0.019454,-0.07509,-0.59519,-0.035941,0.077698,-0.57171,-0.045631,-0.061598,-0.98495,0.063088,0.0064251,-0.97534,0.079474
-0.010472,0.67621,0.007044,0.0010406,0.46946,0.053635,-0.17822,0.35465,0.067666,0.17464,0.35245,0.01761,-0.32341,0.11201,0.01922,0.32349,0.097228,-0.01547,-0.50602,-0.089596,-0.073823,0.49244,-0.10325,-0.14758,0.0069817,0.10691,0.05307,0,0.042367,0,-0.082513,-0.039236,-0.004425,0.081831,-0.034192,-0.019205,-0.079053,-0.58995,-0.035183,0.076774,-0.57349,-0.047398,-0.061443,-0.98458,0.061915,0.0044275,-0.9764,0.07926
-0.0095167,0.71293,-0.002782,0.011943,0.52532,0.044452,-0.1671,0.40867,0.056979,0.18402,0.40377,0.022124,-0.31465,0.13452,0.028377,0.32007,0.11258,-0.002197,-0.46724,-0.037777,-0.044694,0.49394,-0.096593,-0.11395,0.0064841,0.14549,0.052604,0,0.077207,0,-0.081694,-0.0032928,-0.00443,0.078343,0.0017752,-0.016228,-0.079686,-0.57537,-0.026427,0.066026,-0.55845,-0.04495,-0.065001,-0.98351,0.055262,-0.012502,-0.95056,0.090324
-0.0025017,0.78128,0.008814,0.010012,0.57718,0.045689,-0.17261,0.46501,0.052177,0.18185,0.45762,0.027495,-0.31699,0.19567,0.048337,0.31597,0.16609,0.018737,-0.4614,-0.0079653,-0.024881,0.48873,-0.038008,-0.035058,0.0049656,0.19305,0.053078,0,0.12351,0,-0.0813,0.035428,-0.006799,0.077377,0.051461,-0.013912,-0.045884,-0.61599,0.01817,0.068613,-0.53221,-0.00263,-0.070424,-0.98213,0.047985,-0.0081203,-0.93029,0.12705
0.011186,0.81126,0.002053,0.015083,0.60096,0.039707,-0.16829,0.50806,0.053117,0.19031,0.48568,0.025501,-0.30995,0.2306,0.052566,0.31674,0.225,0.023715,-0.45313,0.02558,-0.018542,0.49363,-0.0061692,-0.019063,0.0060571,0.22728,0.052332,0,0.16062,0,-0.084513,0.091033,-0.00387,0.078598,0.068328,-0.013746,-0.041518,-0.58454,0.026988,0.059274,-0.53179,0.006491,-0.064823,-0.97768,0.044271,-0.00057451,-0.94589,0.10692
0.024037,0.83672,0.002076,0.014319,0.62697,0.032613,-0.16635,0.52115,0.053028,0.18831,0.50712,0.020027,-0.28973,0.29022,0.061096,0.32031,0.23905,0.024006,-0.45963,0.063009,-0.014072,0.51832,0.035968,-0.025758,0.0067717,0.25115,0.05111,0,0.18219,0,-0.082455,0.10166,-0.003074,0.07527,0.11275,-0.013613,-0.050523,-0.55013,0.04263,0.050106,-0.5432,0.016699,-0.058726,-0.90238,0.056959,0.013658,-0.89876,0.063718
0.028937,0.85414,-0.002334,0.015647,0.64375,0.031294,-0.16449,0.54297,0.047391,0.19021,0.51841,0.01837,-0.30048,0.2865,0.050171,0.3179,0.26879,0.03577,-0.47138,0.068813,-0.021049,0.52272,0.070354,-0.031099,0.0062342,0.26846,0.050567,0,0.19951,0,-0.081611,0.12046,-0.002725,0.07484,0.11938,-0.01458,-0.051411,-0.54582,0.040249,0.053364,-0.53862,0.022341,-0.054738,-0.89856,0.054386,0.037284,-0.8548,0.060616
0.028556,0.86329,-0.004405,0.016271,0.64866,0.027786,-0.16332,0.55363,0.048781,0.1904,0.52673,0.019147,-0.30771,0.29453,0.040324,0.31563,0.27532,0.03556,-0.48276,0.088479,-0.037379,0.53024,0.088536,-0.06297,0.0063092,0.27402,0.049314,0,0.20482,0,-0.080451,0.12725,-0.000683,0.074189,0.12357,-0.014642,-0.052999,-0.53941,0.042242,0.060678,-0.51869,0.031532,-0.053161,-0.87346,0.078897,0.03556,-0.85461,0.058681
0.027942,0.86305,-0.006654,0.015914,0.64842,0.02749,-0.1635,0.55382,0.047666,0.19119,0.52774,0.019412,-0.30872,0.29755,0.030549,0.3148,0.27496,0.033947,-0.48917,0.10799,-0.059761,0.53317,0.10763,-0.078972,0.006028,0.27418,0.048659,0,0.20493,0,-0.080481,0.12713,-0.001194,0.074495,0.12374,-0.013764,-0.045384,-0.54745,0.050658,0.063686,-0.52178,0.035717,-0.051536,-0.88477,0.082357,0.0096928,-0.88272,0.052993
0.031079,0.85314,-0.013086,0.014901,0.63419,0.023395,-0.16614,0.54157,0.04338,0.19412,0.51964,0.02489,-0.29657,0.33758,0.013587,0.31126,0.2692,0.030011,-0.49831,0.11022,-0.10535,0.53728,0.10465,-0.10935,0.0045183,0.26583,0.04714,0,0.19672,0,-0.080337,0.11588,0.000404,0.076354,0.11373,-0.012797,-0.042603,-0.55888,0.04969,0.069996,-0.56176,0.039519,-0.04998,-0.90598,0.065163,0.031163,-0.95543,0.042059
0.027799,0.82093,-0.026927,0.0015031,0.609,0.017222,-0.18448,0.49963,0.028592,0.19203,0.47983,0.032025,-0.30707,0.27965,-0.007971,0.29994,0.25891,0.013993,-0.51362,0.096785,-0.13514,0.52479,0.095912,-0.13586,-0.00064179,0.22272,0.044894,0,0.14956,0,-0.081965,0.063889,-0.004799,0.081525,0.065684,-0.008262,-0.055254,-0.5722,0.034856,0.056186,-0.56857,0.025625,-0.07559,-0.97158,0.086904,0.001957,-0.95609,0.057953
0.024403,0.77957,-0.01845,0.012614,0.57562,0.022148,-0.17642,0.45341,0.024704,0.19366,0.45252,0.030477,-0.32708,0.22333,-0.031406,0.3123,0.18563,0.019417,-0.51744,0.049825,-0.19212,0.50882,0.079822,-0.12972,0.00084527,0.20194,0.04449,0,0.1308,0,-0.084845,0.048014,-0.005533,0.081586,0.047764,-0.007867,-0.056534,-0.57523,0.02932,0.059795,-0.57117,0.023119,-0.044717,-0.98806,0.079456,0.019695,-0.98256,0.082291
0.026378,0.72618,-0.023415,0.013122,0.51911,0.018405,-0.17048,0.401,0.017348,0.19619,0.39055,0.032832,-0.32893,0.18497,-0.039484,0.31058,0.14823,0.008435,-0.51756,0.0050224,-0.2116,0.50486,0.00387,-0.13392,0.00029664,0.14501,0.04288,0,0.073867,0,-0.084727,-0.0064323,-0.005961,0.079877,-0.010392,-0.006071,-0.061671,-0.57882,0.02032,0.066334,-0.57779,0.015418,-0.083828,-0.92116,0.054847,0.020954,-0.98133,0.081207
0.020063,0.673,-0.027322,0.0082892,0.47016,0.012441,-0.16628,0.36782,0.01993,0.18959,0.33886,0.039613,-0.30723,0.14934,-0.037274,0.32327,0.10157,0.029466,-0.49811,-0.028588,-0.18308,0.52124,-0.059841,-0.15935,-0.00099666,0.10766,0.040381,0,0.037835,0,-0.083953,-0.041496,-0.006965,0.080471,-0.03999,-0.003519,-0.077951,-0.59395,0.007242,0.07026,-0.58365,0.003748,-0.064769,-1.0006,0.10391,0.014987,-0.98173,0.079815
0.017929,0.66968,-0.025651,0.0091504,0.4656,0.012397,-0.16469,0.35931,0.018619,0.18899,0.33871,0.039987,-0.30678,0.12911,-0.030547,0.32584,0.094726,0.032789,-0.49181,-0.072045,-0.15465,0.51976,-0.10023,-0.12157,-0.00094346,0.10316,0.038877,0,0.033385,0,-0.083578,-0.04378,-0.007495,0.079676,-0.046849,-0.002452,-0.076501,-0.59164,-0.00122,0.080584,-0.59325,-0.010203,-0.064171,-0.99978,0.10159,0.013458,-0.98196,0.081637
0.018252,0.67607,-0.028627,0.012019,0.47846,0.010619,-0.15819,0.37957,0.021106,0.1875,0.35872,0.031705,-0.30019,0.13218,-0.024875,0.32416,0.096843,0.046433,-0.45867,-0.059058,-0.10772,0.49522,-0.10197,-0.07393,0.0006329,0.11069,0.03718,0,0.039939,0,-0.082702,-0.034474,-0.006039,0.078014,-0.039633,-0.002399,-0.068895,-0.59166,-0.00271,0.08294,-0.58971,-0.010491,-0.059259,-0.99988,0.099678,0.016356,-0.98202,0.077726
0.019595,0.73773,-0.026493,0.019183,0.54336,0.011337,-0.15869,0.43778,0.017924,0.19406,0.42103,0.033237,-0.28968,0.1612,-0.00241,0.31776,0.13313,0.059184,-0.44011,-0.033849,-0.087254,0.4846,-0.049068,-0.013465,0.0015,0.16785,0.03589,0,0.095175,0,-0.082552,0.018538,-0.0057,0.075766,0.013278,-0.003314,-0.059314,-0.5873,0.008626,0.075134,-0.58836,-0.001284,-0.05404,-0.98802,0.073782,0.019916,-0.97781,0.067893
0.023166,0.78706,-0.03125,0.020049,0.57573,0.00995,-0.16316,0.47382,0.021695,0.19505,0.45823,0.025813,-0.2747,0.21294,0.015013,0.31712,0.16844,0.065219,-0.43795,-0.0015463,-0.041936,0.48327,-0.025365,0.00929,0.0028552,0.20342,0.0344,0,0.13127,0,-0.083757,0.045054,-0.004708,0.076606,0.055061,-0.003898,-0.056493,-0.58473,0.019564,0.0502,-0.5786,0.019932,-0.052567,-0.96951,0.069427,0.015765,-0.96696,0.059202
0.029287,0.82366,-0.014598,0.017405,0.61179,0.006556,-0.15879,0.50635,0.023208,0.19971,0.48069,0.024004,-0.27764,0.24859,0.027385,0.31267,0.24068,0.076726,-0.44737,0.024099,-0.026531,0.49414,0.0051814,0.016098,0.0027458,0.23495,0.032402,0,0.16151,0,-0.083095,0.097341,-0.001044,0.077072,0.06897,-0.004669,-0.047234,-0.57887,0.033014,0.050837,-0.56908,0.034664,-0.060579,-0.9715,0.052578,0.010298,-0.94423,0.055141
0.031055,0.8337,-0.017696,0.019307,0.62718,0.00215,-0.15905,0.51923,0.023296,0.20001,0.50682,0.01658,-0.28055,0.26861,0.023533,0.31765,0.25751,0.070818,-0.47222,0.064328,-0.036013,0.52877,0.029438,-0.024175,0.0037817,0.24956,0.0299,0,0.17559,0,-0.08249,0.10321,0.000288,0.075151,0.088355,-0.006744,-0.046749,-0.57307,0.03473,0.049714,-0.56041,0.036037,-0.064052,-0.96302,0.052124,0.0016221,-0.92578,0.056481
0.028659,0.84582,-0.017918,0.021305,0.63414,0.00403,-0.15735,0.53169,0.028448,0.19982,0.51797,0.019687,-0.28406,0.28423,0.020815,0.30922,0.28726,0.046792,-0.47591,0.10156,-0.023183,0.53091,0.078712,-0.039927,0.0043241,0.26101,0.028837,0,0.18812,0,-0.081436,0.10975,0.001435,0.073212,0.10859,-0.009209,-0.044583,-0.5625,0.041594,0.05895,-0.51474,0.034462,-0.065759,-0.87112,0.10848,0.0024604,-0.90847,0.057933
0.029169,0.84745,-0.018462,0.022285,0.6383,0.004852,-0.15734,0.53178,0.027554,0.20022,0.51943,0.019431,-0.30949,0.28644,0.014614,0.31059,0.28724,0.045262,-0.5183,0.099806,-0.067815,0.53843,0.088197,-0.05959,0.0043423,0.26312,0.027736,0,0.18986,0,-0.081624,0.1112,0.001713,0.073312,0.10929,-0.009568,-0.042097,-0.56448,0.04291,0.051964,-0.56228,0.03947,-0.061342,-0.93845,0.043479,0.0057545,-0.91258,0.055523
0.029767,0.84693,-0.017064,0.019197,0.6344,0.005605,-0.15701,0.5306,0.026971,0.20044,0.51759,0.017155,-0.30935,0.28604,0.011398,0.31323,0.28403,0.042251,-0.5048,0.1232,-0.073151,0.54333,0.095024,-0.07875,0.0041023,0.26187,0.026817,0,0.18892,0,-0.081918,0.11032,0.001836,0.073978,0.10776,-0.0093,-0.043794,-0.56564,0.041727,0.053711,-0.56201,0.037705,-0.060048,-0.93974,0.042668,0.009134,-0.91514,0.049898
0.029235,0.82249,-0.022893,0.022532,0.61689,5e-05,-0.15887,0.50206,0.019818,0.2019,0.48703,0.006687,-0.29094,0.2865,-0.001972,0.31936,0.26079,0.011497,-0.52223,0.099175,-0.11521,0.54854,0.083207,-0.12269,0.0048261,0.22936,0.024279,0,0.15236,0,-0.082608,0.079335,0.000337,0.074792,0.05944,-0.005121,-0.042148,-0.58364,0.032263,0.05714,-0.5899,0.026288,-0.056159,-0.98144,0.048037,0.018144,-0.93491,0.033099
0.029659,0.78132,-0.020614,0.020643,0.58527,0.002648,-0.16311,0.4526,0.015536,0.19912,0.45568,0.001398,-0.31392,0.23311,-0.013081,0.32599,0.21669,0.001039,-0.51653,0.089214,-0.11715,0.52685,0.076187,-0.11621,0.0045547,0.20741,0.023726,0,0.13299,0,-0.085209,0.056659,0.000549,0.077096,0.046593,-0.006153,-0.065364,-0.5828,0.021935,0.057692,-0.59016,0.022471,-0.061917,-0.99033,0.074319,0.018621,-0.93491,0.030385
0.028359,0.73851,-0.027581,0.022368,0.52892,0.00858,-0.16,0.40952,0.015984,0.20164,0.39206,0.005448,-0.32342,0.19221,-0.016041,0.32109,0.15571,0.008078,-0.53833,0.029385,-0.1462,0.52305,-0.00020446,-0.14906,0.0044172,0.15146,0.024417,0,0.077577,0,-0.085211,-0.0010477,-0.00097,0.077162,-0.0062019,-0.007209,-0.076809,-0.58481,0.012634,0.058554,-0.5862,0.002744,-0.062928,-0.99098,0.07561,0.018565,-0.94674,0.027377
0.021215,0.68371,-0.011307,0.018939,0.48399,0.012394,-0.15415,0.37212,0.018085,0.20103,0.35088,0.014521,-0.33111,0.13741,-0.019103,0.33525,0.11168,0.008474,-0.53644,-0.015755,-0.13431,0.52416,-0.040946,-0.14523,0.0033806,0.11491,0.025047,0,0.042829,0,-0.085216,-0.038143,-0.001247,0.078218,-0.033968,-0.008064,-0.085931,-0.59925,0.001431,0.066324,-0.58868,-0.018549,-0.063237,-0.99508,0.085703,0.0045029,-0.98862,0.079929
0.021634,0.67871,-0.006625,0.018719,0.4793,0.011988,-0.15688,0.35689,0.022928,0.19794,0.34521,0.015948,-0.32884,0.13207,-0.018326,0.33195,0.10853,0.013745,-0.5245,-0.027779,-0.12226,0.53541,-0.095797,-0.14133,0.0035949,0.10739,0.025015,0,0.034756,0,-0.085362,-0.045535,-0.001813,0.078681,-0.042788,-0.007374,-0.086386,-0.59751,-0.003716,0.066445,-0.59047,-0.029313,-0.063607,-0.99703,0.09085,0.0061409,-0.98871,0.079216
0.022999,0.67902,-0.00586,0.018224,0.48228,0.011864,-0.15654,0.3625,0.022241,0.19764,0.35164,0.016745,-0.31935,0.13283,-0.010788,0.33239,0.10486,0.020224,-0.50579,-0.029452,-0.089308,0.50281,-0.05898,-0.076108,0.0033943,0.11214,0.025012,0,0.040002,0,-0.0853,-0.038209,-0.002172,0.079009,-0.039749,-0.006992,-0.084564,-0.59504,-0.003159,0.066382,-0.58914,-0.028186,-0.061254,-0.99624,0.088061,0.0086559,-0.98706,0.075404
0.025672,0.73852,-0.007293,0.027852,0.54456,0.020258,-0.15068,0.42279,0.02028,0.19326,0.4047,0.012303,-0.31889,0.16927,0.003146,0.33049,0.11691,0.026137,-0.49548,-0.01776,-0.082046,0.50714,-0.05192,-0.067825,0.0049955,0.16003,0.026942,0,0.083529,0,-0.083141,0.014763,-0.004194,0.074166,-0.00083493,-0.00759,-0.075852,-0.59047,0.009859,0.056328,-0.58177,-0.007642,-0.055142,-0.99389,0.088007,0.012014,-0.98641,0.082757
0.040513,0.78672,0.01232,0.026331,0.58677,0.023179,-0.15052,0.46951,0.02042,0.20109,0.45924,0.02811,-0.30701,0.22741,0.006599,0.32609,0.17713,0.042317,-0.48325,0.042575,-0.052818,0.5168,-0.0029879,-0.049286,0.0039321,0.20148,0.02887,0,0.12889,0,-0.084724,0.044005,-0.003992,0.077472,0.051861,-0.008204,-0.060413,-0.58759,0.020909,0.055337,-0.57754,0.013061,-0.048226,-0.9786,0.070182,0.01442,-0.96148,0.08495
0.034185,0.82022,0.018354,0.027613,0.60401,0.022406,-0.15599,0.50614,0.024564,0.20612,0.47858,0.022538,-0.27902,0.28579,0.028409,0.32096,0.25616,0.038237,-0.49943,0.062805,-0.057031,0.53776,0.030327,-0.049251,0.0046026,0.22642,0.029437,0,0.15309,0,-0.087322,0.089147,-0.005639,0.077868,0.060173,-0.007381,-0.056601,-0.58611,0.025552,0.058152,-0.57458,0.023445,-0.048836,-0.93942,0.040924,0.017734,-0.94825,0.09478
0.035165,0.84491,0.023312,0.027652,0.64509,0.019106,-0.15384,0.51488,0.024569,0.20241,0.49987,0.023128,-0.3177,0.28398,0.009262,0.32256,0.26968,0.044412,-0.49906,0.09989,-0.061979,0.54536,0.081274,-0.032651,0.0046294,0.24791,0.029541,0,0.17185,0,-0.084221,0.099675,-0.003589,0.073029,0.087033,-0.009122,-0.052388,-0.57719,0.03181,0.054954,-0.56376,0.031727,-0.056241,-0.94699,0.029184,0.014657,-0.9467,0.103
0.035346,0.84989,0.01722,0.028055,0.6484,0.020467,-0.15432,0.52461,0.025026,0.19738,0.51322,0.022452,-0.32336,0.29289,0.006036,0.32882,0.28315,0.035888,-0.54439,0.10484,-0.082654,0.56045,0.1101,-0.061268,0.0047183,0.25667,0.030318,0,0.18146,0,-0.082848,0.10703,-0.004358,0.072463,0.099701,-0.007965,-0.049791,-0.56957,0.033228,0.04935,-0.54971,0.032666,-0.053666,-0.93403,0.033809,0.010524,-0.94337,0.10816
0.02993,0.85703,0.006045,0.026366,0.64791,0.01857,-0.15529,0.5321,0.022327,0.1979,0.51724,0.019957,-0.32518,0.2939,0.001389,0.32691,0.29201,0.032655,-0.53575,0.11332,-0.083752,0.56142,0.11759,-0.074615,0.0045169,0.26205,0.030051,0,0.18867,0,-0.081963,0.1118,-0.005439,0.073149,0.10763,-0.006263,-0.050303,-0.56503,0.030943,0.047246,-0.53317,0.026489,-0.055147,-0.91337,0.026156,0.0077786,-0.92568,0.093062
0.027526,0.85528,0.007048,0.02226,0.64518,0.014504,-0.15639,0.52965,0.019359,0.19673,0.51721,0.019005,-0.32793,0.29154,-0.002282,0.32748,0.29198,0.031909,-0.5508,0.10313,-0.10106,0.56245,0.11956,-0.079129,0.00415,0.26187,0.029548,0,0.18817,0,-0.082185,0.10935,-0.005099,0.07305,0.10875,-0.004505,-0.049721,-0.56766,0.029056,0.045289,-0.53704,0.024518,-0.063236,-0.92581,0.017331,0.0029662,-0.92484,0.084372
0.025585,0.82908,-0.001322,0.011666,0.61248,0.016457,-0.16195,0.5148,0.010902,0.1938,0.48702,0.014704,-0.32696,0.27135,-0.015975,0.33375,0.27127,0.032598,-0.5313,0.097783,-0.11409,0.5591,0.10971,-0.090393,0.0020743,0.24278,0.029737,0,0.1708,0,-0.084185,0.091162,-0.007616,0.077634,0.08713,-0.00165,-0.054284,-0.58682,0.014038,0.047033,-0.54736,0.016418,-0.07503,-0.97588,0.006372,-0.0069121,-0.9738,0.071904
0.020456,0.78903,-0.012274,0.015574,0.59683,0.015642,-0.16997,0.46527,0.003383,0.19654,0.46162,0.016487,-0.32803,0.22696,-0.023164,0.32378,0.22769,0.033393,-0.53922,0.041417,-0.12926,0.53938,0.062022,-0.095937,0.0018001,0.21842,0.029634,0,0.14502,0,-0.088866,0.06258,-0.00906,0.081956,0.061486,-0.001497,-0.060317,-0.59506,0.003107,0.046613,-0.5555,0.005742,-0.072293,-0.979,0.019124,-0.0054753,-0.97779,0.068247
0.011068,0.73128,-0.018116,0.014739,0.54385,0.008225,-0.16675,0.41508,0.004366,0.1962,0.40056,0.019609,-0.32885,0.17197,-0.025478,0.34372,0.15004,0.033208,-0.51835,0.0025388,-0.13796,0.54507,0.0081872,-0.095163,0.0011774,0.16207,0.027623,0,0.08738,0,-0.085155,0.006463,-0.008605,0.079878,0.0048594,0.000593,-0.076267,-0.58629,-0.015996,0.058635,-0.57023,-0.010995,-0.075436,-0.98666,0.036656,-0.0050813,-0.98152,0.051089
0.018507,0.68043,0.000669,0.0080307,0.48183,0.019959,-0.16636,0.35886,0.009318,0.18878,0.34803,0.031771,-0.33121,0.12896,-0.023751,0.33564,0.12788,0.039442,-0.52387,-0.068663,-0.13744,0.53862,-0.04416,-0.083656,-0.00059226,0.10961,0.02997,0,0.03827,0,-0.084304,-0.04045,-0.012014,0.081263,-0.039773,-6e-06,-0.087876,-0.58751,-0.042508,0.062386,-0.57831,-0.029439,-0.076617,-0.98634,0.042039,-0.0052762,-0.97407,0.029088
0.015999,0.66092,0.001797,0.0096957,0.46167,0.028992,-0.16467,0.33515,0.008718,0.18406,0.33007,0.042108,-0.3314,0.10377,-0.026846,0.34051,0.079286,0.060977,-0.51764,-0.099267,-0.14363,0.53463,-0.10655,-0.089366,-0.0013105,0.088925,0.032705,0,0.017441,0,-0.084192,-0.062093,-0.015185,0.080818,-0.058384,5.8e-05,-0.090906,-0.59252,-0.046952,0.064407,-0.58696,-0.047105,-0.077438,-0.98849,0.049776,-0.0035752,-0.9815,0.043669
0.016134,0.6608,0.006107,0.010063,0.46185,0.029706,-0.16434,0.33594,0.010194,0.18489,0.33097,0.043089,-0.32999,0.10199,-0.019251,0.33914,0.078629,0.063361,-0.50473,-0.10306,-0.11056,0.52965,-0.11171,-0.046713,-0.0013073,0.089646,0.034144,0,0.018654,0,-0.084258,-0.060527,-0.01541,0.080822,-0.058048,0.000115,-0.090642,-0.59057,-0.048344,0.064388,-0.58682,-0.046623,-0.077626,-0.98808,0.050447,-0.0050067,-0.98541,0.04825
0.027457,0.69031,0.012489,0.012403,0.51101,0.036311,-0.16647,0.4003,0.026535,0.18797,0.38584,0.039594,-0.3236,0.12446,0.00344,0.32776,0.10003,0.058742,-0.47061,-0.04971,-0.078217,0.53219,-0.10673,-0.036315,0.00066863,0.13232,0.037043,0,0.061453,0,-0.083174,-0.017728,-0.012897,0.078945,-0.019355,-0.004606,-0.086514,-0.58957,-0.03768,0.065118,-0.58375,-0.035293,-0.06897,-0.98606,0.051545,-0.0066397,-0.99115,0.081049
0.029563,0.75649,0.010147,0.021604,0.5691,0.030795,-0.15775,0.45264,0.027625,0.1968,0.43097,0.035637,-0.31336,0.19991,0.014924,0.33259,0.14699,0.074023,-0.46466,-0.0009807,-0.064645,0.52315,-0.034891,-0.022967,0.0025987,0.18986,0.037278,0,0.11815,0,-0.088133,0.045975,-0.012664,0.080507,0.031126,-0.003203,-0.070701,-0.58082,-0.001252,0.0549,-0.56233,0.000235,-0.067319,-0.98264,0.050344,-0.0085343,-0.98016,0.087943
0.039315,0.79769,0.024329,0.026042,0.5876,0.034253,-0.15431,0.49195,0.027581,0.20299,0.45882,0.033829,-0.30861,0.24414,0.019258,0.30945,0.22843,0.058036,-0.48186,0.051137,-0.068098,0.52906,0.0026783,-0.021416,0.0034473,0.21471,0.039211,0,0.14513,0,-0.088212,0.066475,-0.010791,0.078412,0.063632,-0.007648,-0.060324,-0.57736,0.005691,0.054509,-0.56351,0.005485,-0.058859,-0.97558,0.035678,-0.011201,-0.98088,0.093818
0.036101,0.83062,0.022597,0.027739,0.61907,0.035774,-0.15531,0.50982,0.027167,0.20184,0.48305,0.028746,-0.32232,0.26159,0.01655,0.31849,0.24935,0.056192,-0.49955,0.075643,-0.070325,0.53784,0.06125,-0.037607,0.0040875,0.23168,0.040685,0,0.15959,0,-0.087125,0.082099,-0.010316,0.077201,0.077094,-0.007739,-0.046556,-0.57459,0.009365,0.052312,-0.55613,0.007638,-0.053056,-0.96702,0.024492,-0.012743,-0.96759,0.11587
0.040767,0.8418,0.022271,0.029691,0.63691,0.032312,-0.15605,0.53071,0.03032,0.20279,0.50793,0.026151,-0.32582,0.29049,0.016107,0.32291,0.28396,0.037892,-0.51025,0.10763,-0.070001,0.54613,0.066847,-0.044368,0.005197,0.26506,0.040818,0,0.19587,0,-0.085125,0.11743,-0.008435,0.074422,0.11271,-0.007943,-0.043978,-0.5507,0.012808,0.054511,-0.54259,0.011206,-0.037209,-0.90096,0.039675,-0.0080832,-0.95625,0.11392
0.040562,0.85503,0.019304,0.030647,0.65039,0.034348,-0.15732,0.54026,0.032078,0.20283,0.51463,0.026104,-0.32514,0.30067,0.012955,0.32989,0.2801,0.036394,-0.51955,0.11699,-0.079107,0.55528,0.1035,-0.082723,0.0053842,0.269,0.042052,0,0.19865,0,-0.084982,0.11996,-0.008565,0.074057,0.11569,-0.008125,-0.043944,-0.55066,0.013439,0.055304,-0.54023,0.013448,-0.037741,-0.90618,0.027801,-0.0078267,-0.95484,0.11292
0.039759,0.85693,0.020526,0.030056,0.65107,0.032808,-0.15887,0.5399,0.031416,0.20144,0.51732,0.026543,-0.32611,0.30057,0.012786,0.33068,0.28112,0.031677,-0.52069,0.11964,-0.085855,0.55398,0.1036,-0.086345,0.0052013,0.27086,0.042508,0,0.20059,0,-0.085114,0.12008,-0.008807,0.074404,0.12155,-0.007125,-0.043313,-0.55739,0.016131,0.055334,-0.54122,0.015023,-0.04976,-0.92289,0.021559,-0.0085341,-0.95674,0.11122
0.033711,0.85227,0.018077,0.025529,0.64548,0.025825,-0.16208,0.53395,0.023132,0.19841,0.51411,0.022148,-0.32944,0.292,0.005304,0.32886,0.27739,0.024977,-0.51844,0.11232,-0.10063,0.55162,0.096199,-0.10767,0.0038118,0.26,0.040921,0,0.18638,0,-0.084553,0.1055,-0.008634,0.076558,0.10448,-0.003789,-0.040441,-0.57207,0.013012,0.045712,-0.56211,0.012114,-0.049133,-0.95904,0.010837,-0.012007,-0.97879,0.10753
0.025878,0.82787,0.015717,0.01988,0.6128,0.032349,-0.16846,0.50374,0.016147,0.19157,0.49341,0.016359,-0.33201,0.25915,-0.006977,0.32357,0.24549,0.012442,-0.50591,0.060241,-0.099862,0.54183,0.063013,-0.12665,0.0031929,0.23008,0.043185,0,0.15893,0,-0.085432,0.071126,-0.007535,0.077908,0.086328,-0.007764,-0.042274,-0.5829,0.004157,0.046386,-0.56542,0.003811,-0.049761,-0.96299,0.005561,-0.0092593,-0.98279,0.097943
0.018256,0.77566,0.011573,0.017158,0.58906,0.036348,-0.17045,0.45314,0.017913,0.19245,0.44074,0.021697,-0.32255,0.21767,-0.006848,0.33638,0.17092,0.009235,-0.51346,-0.0022664,-0.12025,0.53799,0.020503,-0.12791,0.0022455,0.20204,0.044877,0,0.12978,0,-0.085936,0.047818,-0.010551,0.08021,0.047173,-0.00671,-0.051102,-0.58,-0.008892,0.052499,-0.5673,-0.00658,-0.052303,-0.9714,0.016574,-0.0070636,-0.98504,0.084549
0.011081,0.73204,0.014796,0.017731,0.52804,0.027986,-0.17479,0.39867,0.017704,0.19219,0.38903,0.023514,-0.32205,0.14803,-0.006727,0.33361,0.14054,0.019047,-0.49837,-0.050846,-0.099181,0.5331,-0.036341,-0.12985,0.0021916,0.15016,0.043559,0,0.079251,0,-0.089837,-0.0010283,-0.008106,0.083384,-0.004397,-0.007348,-0.070253,-0.58116,-0.02716,0.060532,-0.57327,-0.021395,-0.053666,-0.97557,0.025974,-0.0019333,-0.98801,0.078662
0.013822,0.67974,0.027013,0.015257,0.48965,0.033129,-0.16939,0.3483,0.02423,0.18821,0.33697,0.029604,-0.32727,0.12262,-0.001058,0.32852,0.091271,0.023171,-0.48313,-0.10688,-0.085849,0.53067,-0.10646,-0.10369,0.0017438,0.10643,0.044958,0,0.034923,0,-0.085804,-0.043815,-0.010294,0.08054,-0.043674,-0.006295,-0.077646,-0.58181,-0.039122,0.065263,-0.58199,-0.038076,-0.059611,-0.97795,0.031401,0.0032718,-0.99195,0.053482
0.011617,0.66859,0.027007,0.011715,0.46433,0.034403,-0.16872,0.33695,0.024386,0.18456,0.32464,0.027906,-0.32201,0.078542,0.003167,0.32469,0.075677,0.032216,-0.47706,-0.12253,-0.080602,0.52796,-0.13447,-0.084028,0.0014745,0.090384,0.045682,0,0.020911,0,-0.085233,-0.057733,-0.01172,0.080811,-0.056905,-0.005176,-0.08136,-0.58445,-0.047006,0.064858,-0.58803,-0.05152,-0.059943,-0.98037,0.032364,0.0020831,-0.98609,0.044024
0.010648,0.66965,0.028306,0.011875,0.46787,0.031612,-0.16673,0.34205,0.022816,0.1848,0.33188,0.030934,-0.32186,0.079316,0.00442,0.32811,0.066781,0.047702,-0.46279,-0.11042,-0.036019,0.52821,-0.14499,-0.058983,0.00094118,0.093268,0.045637,0,0.023564,0,-0.08467,-0.054096,-0.011888,0.080404,-0.054974,-0.004498,-0.082287,-0.58528,-0.044868,0.064092,-0.58637,-0.050107,-0.059585,-0.98295,0.040416,-0.0034282,-0.98411,0.040655
0.023314,0.72995,0.014866,0.01873,0.5324,0.020483,-0.16267,0.41153,0.025493,0.18786,0.3977,0.027819,-0.30728,0.14328,0.025906,0.31088,0.1061,0.058178,-0.44409,-0.050217,-0.008548,0.5178,-0.13142,-0.021606,0.0027146,0.14836,0.042903,0,0.075385,0,-0.082464,-0.0015957,-0.008151,0.076016,-0.0049784,-0.003774,-0.077961,-0.58395,-0.01259,0.046946,-0.57274,-0.010922,-0.058911,-0.98245,0.045876,-0.0058065,-0.98407,0.037075
0.033625,0.77568,0.014164,0.022115,0.583,0.028101,-0.15788,0.46468,0.020154,0.19623,0.44599,0.021226,-0.30017,0.20358,0.022476,0.32954,0.16468,0.065099,-0.44624,0.00017227,-0.012945,0.51503,-0.030136,-0.030558,0.0033248,0.19315,0.044039,0,0.11968,0,-0.087628,0.044901,-0.008226,0.079743,0.035098,-0.006071,-0.06751,-0.5825,0.005326,0.040566,-0.57036,0.003126,-0.055633,-0.98144,0.052869,0.00046568,-0.97954,0.033773
0.040663,0.81209,0.017026,0.021522,0.59876,0.023525,-0.15503,0.49848,0.016457,0.19503,0.47684,0.020376,-0.30665,0.22612,0.012396,0.32839,0.18995,0.051784,-0.47704,0.027508,-0.048773,0.53355,0.0085246,-0.026297,0.0028768,0.2158,0.042722,0,0.14357,0,-0.085333,0.061461,-0.006877,0.077004,0.072803,-0.006086,-0.060216,-0.5842,0.012443,0.04737,-0.56545,0.012905,-0.061022,-0.97903,0.042087,0.0042488,-0.9482,0.044202
0.036297,0.83679,0.017791,0.020698,0.6357,0.018715,-0.15722,0.51467,0.019465,0.19565,0.49453,0.017721,-0.31582,0.26964,0.008408,0.32194,0.26073,0.056647,-0.47934,0.07022,-0.054865,0.53559,0.062664,-0.036392,0.0034751,0.25658,0.041163,0,0.18419,0,-0.083291,0.098283,-0.003958,0.075878,0.10625,-0.007812,-0.052624,-0.57986,0.021503,0.046208,-0.56866,0.021296,-0.064264,-0.91831,0.037416,-0.0076644,-0.93218,0.053814
0.034747,0.85648,0.009989,0.020858,0.64833,0.017838,-0.16203,0.53399,0.023416,0.19128,0.51568,0.020621,-0.30959,0.29063,-0.001195,0.31915,0.27568,0.052029,-0.48818,0.088388,-0.083694,0.54734,0.073665,-0.051127,0.00364,0.26567,0.040154,0,0.19259,0,-0.082468,0.11394,-0.002455,0.075291,0.11274,-0.008069,-0.048096,-0.52985,0.035081,0.056832,-0.52188,0.037621,-0.069925,-0.8607,0.026175,-0.024122,-0.86424,0.067042
0.032781,0.86916,0.01297,0.022142,0.65099,0.016568,-0.16124,0.54221,0.023987,0.19056,0.52249,0.022401,-0.30703,0.29712,-0.004484,0.31986,0.28501,0.041012,-0.48417,0.10411,-0.11148,0.54503,0.10333,-0.081098,0.0037761,0.27061,0.038964,0,0.19787,0,-0.082013,0.11987,-0.002835,0.074135,0.1185,-0.007305,-0.047679,-0.53525,0.035679,0.057464,-0.52324,0.037512,-0.073458,-0.86427,0.068337,0.0004925,-0.86644,0.089224
0.035547,0.86675,0.00925,0.023065,0.65098,0.014567,-0.1611,0.54221,0.02179,0.19111,0.5226,0.020532,-0.30704,0.29651,-0.008222,0.32183,0.28049,0.032649,-0.48189,0.10232,-0.11573,0.54744,0.10419,-0.10799,0.0040327,0.2719,0.037278,0,0.19944,0,-0.082102,0.12014,-0.002697,0.073464,0.12172,-0.00622,-0.048944,-0.55643,0.044782,0.05475,-0.53917,0.04124,-0.075381,-0.87452,0.073426,-0.010446,-0.932,0.048037
0.035592,0.85787,0.00297,0.025231,0.64029,0.011132,-0.1615,0.53183,0.010887,0.19904,0.51118,0.026893,-0.30423,0.28973,-0.018789,0.32307,0.27217,0.025761,-0.47137,0.084714,-0.12883,0.54358,0.09119,-0.12227,0.0025124,0.26657,0.03549,0,0.1941,0,-0.08475,0.10954,-0.000299,0.074831,0.11566,-0.005658,-0.048921,-0.56744,0.041602,0.055029,-0.5403,0.037037,-0.074725,-0.88566,0.069734,-0.0045741,-0.92651,0.064494
0.040729,0.80885,-0.021275,0.024705,0.61337,0.009219,-0.16361,0.48781,0.00332,0.20359,0.47364,0.02737,-0.29859,0.27018,-0.036014,0.33375,0.19826,0.004274,-0.46486,0.038249,-0.15075,0.53229,0.052793,-0.13455,0.0017708,0.2469,0.034064,0,0.17561,0,-0.087189,0.095948,-0.002027,0.078855,0.088414,-0.004596,-0.053811,-0.58188,0.031193,0.052419,-0.5641,0.031309,-0.077893,-0.91615,0.065025,0.0027206,-0.93805,0.082035
0.046921,0.77283,-0.016993,0.020337,0.57602,0.005472,-0.16657,0.45012,-0.010233,0.19234,0.43097,0.018044,-0.29304,0.21306,-0.052642,0.31535,0.18344,0.017947,-0.45247,0.00059348,-0.1675,0.52372,-0.012422,-0.14388,0.00058297,0.19039,0.031936,0,0.11598,0,-0.085742,0.02611,-0.005529,0.078551,0.048909,-0.002698,-0.068698,-0.59311,0.017675,0.053213,-0.58148,0.021645,-0.070063,-1.0018,0.10143,0.00032928,-1.0026,0.10405
0.028953,0.71761,-0.028018,0.021318,0.51409,0.005995,-0.16423,0.3923,-0.012394,0.19878,0.38514,0.04166,-0.30499,0.13975,-0.050155,0.31818,0.11783,0.02267,-0.44679,-0.028343,-0.15777,0.50443,-0.065333,-0.11989,-0.001288,0.15486,0.030242,0,0.085001,0,-0.082906,-0.0067338,-0.006195,0.074843,0.0090042,-0.00176,-0.074116,-0.59675,0.013767,0.057546,-0.58877,0.014639,-0.071284,-1.003,0.10227,-0.001133,-1.0018,0.10347
0.028019,0.68544,-0.013169,0.019121,0.48195,0.012887,-0.16485,0.36306,0.000925,0.1848,0.35018,0.043918,-0.30666,0.11931,-0.043241,0.31763,0.10709,0.036647,-0.45116,-0.10281,-0.1345,0.5128,-0.12265,-0.085554,-0.00090567,0.10415,0.031154,0,0.032213,0,-0.083033,-0.03506,-0.007981,0.076917,-0.047854,-0.00057,-0.078712,-0.5979,0.006674,0.062261,-0.58985,0.007367,-0.080768,-0.97046,0.086701,-0.0023723,-0.98865,0.10149
0.02749,0.68248,-0.011269,0.017259,0.47965,0.013752,-0.16418,0.36227,0.002489,0.18535,0.34927,0.04654,-0.30698,0.11127,-0.037102,0.31354,0.098597,0.04939,-0.45336,-0.10637,-0.11748,0.5088,-0.14532,-0.042096,-0.0010055,0.10409,0.030743,0,0.032213,0,-0.082996,-0.037516,-0.008802,0.07693,-0.047818,-0.000537,-0.080049,-0.60244,0.001691,0.062987,-0.58887,-0.007053,-0.075788,-1.0033,0.10029,-0.0032097,-0.99079,0.10004
0.024217,0.69384,-0.013758,0.017225,0.4982,0.015713,-0.16232,0.3878,0.003334,0.19191,0.37413,0.052254,-0.30853,0.11507,-0.028264,0.3075,0.11226,0.055059,-0.45209,-0.092274,-0.084621,0.4785,-0.10211,-0.000581,-0.0014449,0.12609,0.030857,0,0.053671,0,-0.083353,-0.02592,-0.0101,0.077228,-0.028534,-0.000268,-0.079282,-0.60123,0.00233,0.062418,-0.58834,-0.006961,-0.076059,-1.0024,0.10048,-0.0035426,-0.99037,0.096893
0.02978,0.76355,0.002362,0.014521,0.57548,0.030002,-0.15616,0.44551,0.005427,0.19161,0.42971,0.037041,-0.29376,0.16611,0.005429,0.31109,0.15259,0.066024,-0.43561,-0.019204,-0.055113,0.48012,-0.038252,0.036242,-0.0006609,0.18117,0.034536,0,0.10585,0,-0.082517,0.034154,-0.012882,0.077686,0.021284,-0.001809,-0.063319,-0.60058,0.022087,0.056834,-0.58458,0.020456,-0.063689,-1.0019,0.1184,-0.00055955,-0.98343,0.090583
0.022596,0.81352,0.017523,0.018748,0.60203,0.022325,-0.16047,0.48147,0.012202,0.1971,0.48091,0.028282,-0.29968,0.2151,-0.003741,0.30701,0.2264,0.066495,-0.44894,-0.0042671,-0.050561,0.46173,0.029078,0.047525,0.0016561,0.21333,0.033747,0,0.13895,0,-0.08486,0.063593,-0.007548,0.07817,0.051626,-0.004628,-0.046149,-0.61167,0.050703,0.051373,-0.58511,0.036333,-0.065612,-1.002,0.12236,-0.0033303,-0.98428,0.093588
0.027125,0.83363,0.018446,0.023769,0.61481,0.025519,-0.1543,0.51319,0.017753,0.20178,0.48543,0.036168,-0.29963,0.24779,0.005597,0.31075,0.24937,0.073791,-0.44761,0.039197,-0.058021,0.51531,0.0096641,-0.006285,0.0023812,0.24627,0.035093,0,0.17714,0,-0.085648,0.098086,-0.009358,0.076227,0.097467,-0.004957,-0.048492,-0.54936,0.028652,0.056521,-0.54135,0.033435,-0.066819,-0.91475,0.1018,-0.0012491,-0.91469,0.12098
0.028569,0.84828,0.024237,0.025835,0.63715,0.024808,-0.15341,0.52777,0.022394,0.19352,0.52331,0.03714,-0.29518,0.27548,0.005762,0.31456,0.28474,0.081229,-0.45051,0.048739,-0.055303,0.52153,0.046487,0.003476,0.0029175,0.26014,0.035328,0,0.18848,0,-0.083319,0.11103,-0.007518,0.073718,0.1119,-0.007317,-0.048309,-0.53607,0.034068,0.061586,-0.52817,0.037059,-0.065682,-0.86594,0.12132,0.0023961,-0.90536,0.13304
0.028161,0.85795,0.02244,0.025282,0.64441,0.02632,-0.15959,0.53995,0.027073,0.19184,0.52828,0.043227,-0.29665,0.27543,0.006288,0.31513,0.28384,0.080058,-0.45696,0.062205,-0.077176,0.53619,0.073759,-0.037314,0.0025601,0.27027,0.036221,0,0.19922,0,-0.082545,0.12077,-0.007702,0.07325,0.11964,-0.006981,-0.049724,-0.53188,0.038889,0.064066,-0.51686,0.042033,-0.066952,-0.86462,0.12222,0.00058858,-0.85735,0.12659
0.027281,0.85948,0.020604,0.025727,0.64649,0.02675,-0.16028,0.54038,0.026286,0.19417,0.52574,0.044482,-0.29935,0.27422,0.001939,0.31807,0.27389,0.067691,-0.46115,0.067107,-0.082352,0.5379,0.077416,-0.052976,0.0023762,0.27204,0.03687,0,0.20098,0,-0.08275,0.12099,-0.007848,0.073514,0.12183,-0.006854,-0.053401,-0.5546,0.052943,0.051575,-0.5531,0.061983,-0.064051,-0.91853,0.066174,0.02152,-0.8626,0.12605
0.027742,0.85729,0.018716,0.026917,0.64323,0.025172,-0.16098,0.53347,0.018671,0.19875,0.51552,0.045565,-0.30013,0.27057,-0.005751,0.31498,0.26662,0.065819,-0.47441,0.061573,-0.10658,0.53404,0.081056,-0.071626,0.0016937,0.26909,0.036897,0,0.1978,0,-0.083364,0.11823,-0.007787,0.073709,0.11504,-0.005545,-0.055843,-0.55787,0.049687,0.052686,-0.55021,0.057192,-0.066464,-0.93858,0.059366,0.0029,-0.93018,0.064888
0.029161,0.83106,0.005841,0.02342,0.62466,0.019456,-0.16651,0.50135,0.00493,0.19959,0.49706,0.036157,-0.30047,0.2631,-0.019174,0.30795,0.25709,0.053646,-0.47934,0.052148,-0.12182,0.52487,0.062442,-0.097325,0.00084035,0.25194,0.035714,0,0.18023,0,-0.085934,0.087421,-0.004366,0.076524,0.10331,-0.006239,-0.061773,-0.57598,0.03841,0.052352,-0.55696,0.045348,-0.069672,-0.9684,0.032825,0.0012655,-0.92881,0.05782
0.032035,0.7771,-0.014162,0.019145,0.58176,0.004368,-0.16719,0.4511,-0.011011,0.19907,0.45,0.031505,-0.30148,0.21385,-0.046094,0.3054,0.18084,0.033987,-0.48681,0.00036071,-0.15987,0.48573,0.023291,-0.10245,-0.00074116,0.19565,0.03145,0,0.12049,0,-0.087208,0.049845,-0.00851,0.080143,0.031893,0.001293,-0.073457,-0.58275,0.018975,0.04989,-0.56543,0.028293,-0.070263,-0.97699,0.027912,-0.0046979,-0.94197,0.040485
0.019293,0.73537,-0.018892,0.019971,0.54317,-0.003424,-0.16884,0.40525,-0.013937,0.19022,0.40496,0.029301,-0.3127,0.15493,-0.047087,0.31281,0.12706,0.030987,-0.47585,-0.017869,-0.16291,0.52357,-0.041307,-0.12317,-0.00042951,0.15982,0.027979,0,0.083247,0,-0.08493,-0.001729,-0.00593,0.078498,0.0044484,0.002213,-0.081293,-0.59456,0.003746,0.056186,-0.57886,0.006923,-0.063298,-0.9875,0.043611,0.0061164,-0.95004,0.036743
0.022645,0.6855,-0.001499,0.011839,0.47881,0.009986,-0.16557,0.35459,-0.006193,0.18477,0.35779,0.036266,-0.31626,0.12782,-0.044201,0.30832,0.11969,0.036271,-0.46764,-0.069584,-0.16398,0.50728,-0.093898,-0.11376,-0.0016417,0.11124,0.029141,0,0.042541,0,-0.083984,-0.032154,-0.007912,0.079325,-0.036677,0.000358,-0.085754,-0.59622,-0.006004,0.058324,-0.58114,-0.007577,-0.07274,-0.99277,0.0646,-0.002552,-0.97569,0.057408
0.02086,0.68247,-0.002818,0.012362,0.47843,0.010541,-0.16422,0.35458,-0.004742,0.18782,0.35461,0.038775,-0.31484,0.12244,-0.040185,0.32277,0.079558,0.044014,-0.47755,-0.09227,-0.15549,0.48155,-0.10369,-0.057095,-0.0013962,0.11078,0.028753,0,0.041385,0,-0.084299,-0.034614,-0.008997,0.07903,-0.038646,0.000455,-0.083727,-0.59631,-0.014037,0.062054,-0.58555,-0.014451,-0.071368,-0.99282,0.065195,0.00084215,-0.98333,0.060391
0.019882,0.69102,-0.005065,0.014672,0.49229,0.01498,-0.16342,0.38125,-0.002374,0.19003,0.372,0.043847,-0.31234,0.12704,-0.030379,0.31408,0.099585,0.053717,-0.45633,-0.066238,-0.095683,0.49832,-0.10879,-0.056818,-0.0013931,0.12113,0.029166,0,0.049635,0,-0.084122,-0.027582,-0.010784,0.078566,-0.031639,0.000959,-0.08177,-0.59528,-0.012553,0.061864,-0.58532,-0.014074,-0.070139,-0.99161,0.066975,-0.0025777,-0.98558,0.05494
0.030739,0.74978,5e-06,0.025207,0.56403,0.026776,-0.15341,0.44364,0.012221,0.19665,0.42292,0.05181,-0.29554,0.16873,0.008809,0.30694,0.14114,0.065218,-0.44661,-0.019046,-0.053261,0.47678,-0.041089,0.016495,0.00055621,0.17895,0.032473,0,0.105,0,-0.085058,0.03321,-0.01205,0.076423,0.019544,-0.00197,-0.075168,-0.59223,-0.000597,0.059399,-0.57734,-0.001781,-0.063204,-0.98821,0.068151,-0.00052992,-0.98472,0.046209
0.02913,0.80373,0.017114,0.020185,0.58579,0.02396,-0.15845,0.46774,0.006334,0.19699,0.47144,0.039096,-0.29812,0.21558,0.005279,0.30545,0.22018,0.066964,-0.45209,0.011476,-0.048493,0.48474,-0.0099276,0.015893,0.00052928,0.19856,0.032814,0,0.12423,0,-0.085452,0.046395,-0.010997,0.07861,0.041665,-0.002563,-0.062156,-0.59164,0.01131,0.052001,-0.57381,0.009007,-0.057393,-0.98092,0.063444,-0.0053352,-0.96767,0.021108
0.031254,0.82796,0.021567,0.021737,0.62766,0.01988,-0.15443,0.49877,0.007628,0.19946,0.48519,0.039855,-0.30631,0.2481,0.015325,0.31468,0.21677,0.068694,-0.47611,0.050642,-0.034087,0.51983,0.025261,0.002707,0.00063758,0.24153,0.032326,0,0.16689,0,-0.082876,0.099049,-0.009112,0.075939,0.075536,-0.002469,-0.059797,-0.58013,0.014384,0.042118,-0.57245,0.018291,-0.055048,-0.96949,0.061185,0.0029155,-0.9484,0.024878
0.034738,0.83819,0.017012,0.022808,0.63034,0.020016,-0.15271,0.52376,0.011279,0.20329,0.49487,0.042953,-0.31177,0.27352,0.011522,0.31547,0.27503,0.080512,-0.48574,0.069387,-0.053874,0.53323,0.050132,-0.001159,0.00083557,0.24855,0.032589,0,0.17517,0,-0.082904,0.10591,-0.008351,0.075303,0.083858,-0.003881,-0.057178,-0.57321,0.015747,0.044658,-0.55338,0.016954,-0.058388,-0.93217,0.027144,-0.004214,-0.92269,0.029919
0.038212,0.84867,0.014917,0.026435,0.63871,0.01897,-0.1537,0.53285,0.012951,0.19583,0.5124,0.040677,-0.31511,0.28329,0.003723,0.32332,0.27015,0.072855,-0.50452,0.093222,-0.09433,0.54679,0.071123,-0.052106,0.0016583,0.25447,0.032552,0,0.18051,0,-0.082722,0.11172,-0.00749,0.073286,0.092636,-0.004282,-0.054586,-0.56724,0.017106,0.046204,-0.55097,0.018278,-0.060959,-0.91698,0.042736,-0.006713,-0.91077,0.021466
0.037342,0.84976,0.013952,0.026843,0.6393,0.020737,-0.15465,0.53287,0.012956,0.19803,0.51263,0.044736,-0.31644,0.28447,0.002976,0.32302,0.2688,0.071728,-0.49921,0.10742,-0.10679,0.49593,0.11494,-0.039037,0.001353,0.25587,0.03298,0,0.18227,0,-0.082959,0.11239,-0.007841,0.073417,0.093607,-0.00454,-0.054581,-0.56661,0.017166,0.050774,-0.54452,0.016506,-0.062485,-0.91231,0.035916,-0.0021498,-0.91333,0.023201
0.035249,0.8448,0.016485,0.029597,0.62698,0.042033,-0.15476,0.52398,0.012784,0.19892,0.50545,0.051583,-0.31701,0.28345,-0.000869,0.32069,0.26402,0.06882,-0.50457,0.097649,-0.12229,0.54282,0.080236,-0.088891,0.00070062,0.25155,0.03656,0,0.18068,0,-0.083319,0.10914,-0.010013,0.073482,0.093224,-0.00449,-0.055665,-0.56997,0.014701,0.051386,-0.54884,0.013097,-0.066022,-0.91442,0.031519,0.0018686,-0.92757,0.02821
0.039407,0.80832,0.020099,0.028722,0.60644,0.041935,-0.15917,0.48832,0.013504,0.20352,0.48762,0.056486,-0.31366,0.24735,-0.017095,0.30708,0.23382,0.047902,-0.5056,0.070455,-0.13647,0.49248,0.078267,-0.068199,0.00044679,0.22844,0.039626,0,0.15845,0,-0.087191,0.083813,-0.014742,0.077158,0.067504,-0.003372,-0.05966,-0.57565,0.004186,0.052664,-0.54703,0.002735,-0.070562,-0.93706,0.013853,-0.0062496,-0.95658,0.017938
0.037995,0.76504,0.021521,0.025876,0.57816,0.045113,-0.15581,0.44801,0.007686,0.20075,0.43825,0.06545,-0.30739,0.21246,-0.023265,0.27242,0.16926,0.045613,-0.49741,0.014057,-0.15405,0.51323,0.012657,-0.11421,-0.0019301,0.18635,0.041934,0,0.11237,0,-0.085526,0.041393,-0.016374,0.077253,0.029747,-0.005134,-0.070751,-0.58769,-0.016454,0.056115,-0.56221,-0.012177,-0.074911,-0.94789,0.007031,-0.0012235,-0.9872,0.039371
0.023638,0.71558,0.013956,0.021909,0.51133,0.039261,-0.16607,0.39111,0.008206,0.19894,0.38562,0.060168,-0.3067,0.15637,-0.027346,0.30712,0.12154,0.0432,-0.48336,-0.033595,-0.14172,0.50593,-0.040428,-0.10021,-0.0017158,0.13898,0.042661,0,0.073395,0,-0.085068,-0.011011,-0.017416,0.077546,-0.012665,-0.002051,-0.076714,-0.59203,-0.031355,0.056812,-0.56501,-0.021104,-0.084348,-0.95394,-0.001115,-0.0037401,-0.98653,0.038329
0.032351,0.66944,0.026267,0.011618,0.46118,0.042489,-0.15558,0.34044,0.0117,0.18903,0.33599,0.060963,-0.31284,0.11261,-0.020498,0.30844,0.097123,0.045194,-0.46961,-0.052101,-0.12136,0.51798,-0.10231,-0.11054,-0.0038493,0.087579,0.044221,0,0.018826,0,-0.082314,-0.051378,-0.01839,0.078265,-0.059822,-0.001108,-0.082954,-0.59618,-0.040719,0.063404,-0.59172,-0.046449,-0.082299,-0.95767,-0.000934,-0.0019585,-0.9898,0.042164
0.030466,0.66806,0.025344,0.012889,0.46001,0.041996,-0.1554,0.33866,0.011298,0.18864,0.33419,0.061087,-0.31243,0.0972,-0.011742,0.31264,0.08254,0.053282,-0.47191,-0.10706,-0.088944,0.49228,-0.11288,-0.054744,-0.0039372,0.086761,0.045278,0,0.018093,0,-0.082555,-0.053413,-0.01809,0.078057,-0.06076,-0.000885,-0.083002,-0.59434,-0.048589,0.063064,-0.59195,-0.048423,-0.075484,-1.0016,0.050482,-0.0019297,-0.99032,0.042255
0.028247,0.67516,0.025435,0.012371,0.46763,0.040597,-0.15506,0.34519,0.010629,0.19107,0.34217,0.058747,-0.31215,0.10185,-0.008057,0.31399,0.087882,0.057285,-0.47209,-0.1055,-0.084113,0.52853,-0.13837,-0.037598,-0.0038954,0.095059,0.046107,0,0.026648,0,-0.082509,-0.048015,-0.018087,0.078219,-0.053735,-0.001354,-0.079182,-0.59728,-0.044472,0.062999,-0.58341,-0.047585,-0.073089,-1.0016,0.055449,-0.0019468,-0.99033,0.040741
0.031057,0.73913,0.01573,0.022176,0.54076,0.041032,-0.15914,0.4177,0.019209,0.19932,0.40594,0.058168,-0.30579,0.15507,0.033258,0.3117,0.12205,0.070622,-0.45397,-0.024183,-0.031943,0.49392,-0.045989,0.024036,-0.0011802,0.15903,0.047297,0,0.088748,0,-0.08668,0.012323,-0.01688,0.0788,0.0045385,-0.002731,-0.07726,-0.59347,-0.020901,0.056489,-0.57657,-0.024445,-0.073061,-0.99862,0.060686,-0.0033697,-0.98894,0.039634
0.053711,0.78176,0.018891,0.028727,0.59089,0.051154,-0.14981,0.47384,0.010803,0.19723,0.45774,0.056543,-0.31321,0.20418,0.014713,0.29758,0.18556,0.061771,-0.47275,0.00058191,-0.038956,0.48995,0.006313,0.004303,-0.0014384,0.18933,0.049317,0,0.11612,0,-0.085875,0.045106,-0.018157,0.077366,0.034438,-0.002722,-0.069031,-0.58755,-0.00086,0.047808,-0.5745,0.009812,-0.071946,-0.97724,0.044572,0.013341,-0.92533,0.040751
0.042769,0.82007,0.01484,0.026436,0.61085,0.044167,-0.15099,0.49411,0.012218,0.19616,0.48026,0.047734,-0.3145,0.25776,0.029555,0.30292,0.24703,0.061495,-0.49303,0.061205,-0.047402,0.51867,0.051066,-8.8e-05,-0.0005494,0.22515,0.049029,0,0.15514,0,-0.082309,0.086717,-0.015493,0.0742,0.06669,-0.003334,-0.067353,-0.58698,0.007078,0.04952,-0.56793,0.013451,-0.07123,-0.96349,0.047947,0.0064213,-0.93518,0.047523
0.047883,0.84308,0.016625,0.027114,0.6197,0.039302,-0.14977,0.50995,0.012957,0.19746,0.49574,0.050692,-0.31831,0.28114,0.018267,0.3044,0.25113,0.058573,-0.50963,0.094289,-0.076933,0.53302,0.089778,-0.040478,-0.00068276,0.24035,0.04895,0,0.17091,0,-0.082033,0.096016,-0.014622,0.072576,0.093231,-0.003379,-0.064936,-0.57191,0.013954,0.04859,-0.53436,0.019219,-0.076762,-0.92377,0.049673,0.00093975,-0.8822,0.067818
0.047504,0.84849,0.014774,0.027526,0.64096,0.03599,-0.15216,0.52731,0.014043,0.19561,0.50808,0.042663,-0.32168,0.28611,0.012221,0.30849,0.27121,0.047857,-0.52125,0.10079,-0.099293,0.5439,0.11154,-0.062943,0.00050982,0.25729,0.049231,0,0.18643,0,-0.081528,0.11243,-0.010042,0.072107,0.10552,-0.006509,-0.062399,-0.51811,0.021707,0.059183,-0.51711,0.027889,-0.071825,-0.86427,0.071233,0.0047455,-0.86752,0.077155
0.046091,0.85369,0.010434,0.024227,0.64242,0.033851,-0.1539,0.53169,0.013564,0.19837,0.51203,0.041754,-0.32188,0.29063,0.00736,0.31098,0.27379,0.043407,-0.52643,0.10591,-0.10838,0.55398,0.12068,-0.11658,-0.00011262,0.26454,0.048859,0,0.19569,0,-0.081381,0.11501,-0.011155,0.074062,0.11741,-0.005756,-0.060426,-0.52031,0.023022,0.059981,-0.51678,0.031515,-0.06984,-0.87266,0.071768,0.0067459,-0.86674,0.079329
0.044058,0.85468,0.012928,0.024431,0.64148,0.032458,-0.15228,0.52757,0.010833,0.20076,0.5092,0.047635,-0.31694,0.29564,-0.000112,0.31091,0.27286,0.041043,-0.51135,0.11495,-0.11729,0.55425,0.12016,-0.1188,-0.0011633,0.26377,0.048454,0,0.19441,0,-0.081516,0.11316,-0.011544,0.073894,0.11664,-0.004376,-0.055973,-0.56344,0.047474,0.055445,-0.54528,0.045567,-0.076217,-0.93607,0.063661,0.0043133,-0.86806,0.079042
0.043545,0.83883,0.004123,0.020627,0.62636,0.03162,-0.15414,0.51729,0.004405,0.19878,0.50468,0.042212,-0.31553,0.28879,-0.0117,0.32523,0.21103,0.018258,-0.49426,0.093968,-0.12711,0.54788,0.10038,-0.13565,-0.0016861,0.2567,0.048232,0,0.18806,0,-0.082484,0.11013,-0.014337,0.076154,0.10527,0.000122,-0.056825,-0.56692,0.041032,0.052438,-0.56251,0.039892,-0.061288,-0.98589,0.068317,0.0058745,-0.87729,0.074839
0.040625,0.80679,0.007198,0.013718,0.59749,0.029326,-0.1572,0.46172,-0.004406,0.19222,0.46292,0.04607,-0.31337,0.25304,-0.028847,0.30804,0.20478,0.011457,-0.49064,0.035155,-0.13968,0.5274,0.049982,-0.15619,-0.0044662,0.21609,0.047666,0,0.14472,0,-0.083161,0.057869,-0.013736,0.077092,0.078868,-0.003494,-0.059986,-0.58768,0.029685,0.049871,-0.56792,0.02972,-0.065473,-0.97496,0.073358,-0.012588,-0.96404,0.08353
0.043627,0.74767,-0.011669,0.023882,0.54776,0.014095,-0.15596,0.43549,-0.001051,0.1895,0.40699,0.04197,-0.29594,0.19964,-0.014629,0.31054,0.14767,0.02206,-0.45923,-0.0052378,-0.11324,0.5248,-0.0064025,-0.14382,-0.0017912,0.17163,0.043631,0,0.099528,0,-0.080243,0.012123,-0.012688,0.071641,0.028265,0.002716,-0.066751,-0.58278,0.014708,0.057872,-0.57252,0.023781,-0.070329,-0.95184,0.079249,-0.010187,-0.97014,0.091744
0.030464,0.69769,-0.00021,0.015035,0.48416,0.037516,-0.15876,0.3612,0.002704,0.18644,0.38221,0.046045,-0.30105,0.14349,-0.025626,0.31751,0.1057,0.029507,-0.45509,-0.054711,-0.095586,0.53123,-0.076824,-0.13381,-0.0027739,0.12515,0.047707,0,0.061842,0,-0.078322,-0.025598,-0.015818,0.072492,-0.0023763,-0.001224,-0.07812,-0.56684,0.002363,0.065272,-0.57279,0.010641,-0.075735,-0.94778,0.083278,-0.0056219,-0.97702,0.09956
0.026112,0.68363,-0.000661,0.012638,0.47814,0.036102,-0.16033,0.35327,0.006792,0.18307,0.35306,0.04993,-0.30348,0.11656,-0.012279,0.32539,0.071546,0.042468,-0.46565,-0.10217,-0.090355,0.5296,-0.098893,-0.11804,-0.003814,0.10764,0.047974,0,0.037834,0,-0.079679,-0.037141,-0.015483,0.078193,-0.049594,-0.001926,-0.079992,-0.57032,0.001012,0.069036,-0.57544,0.000655,-0.076936,-0.94602,0.082637,-0.0043927,-0.98116,0.10567
0.023336,0.68535,-0.000783,0.012738,0.48067,0.03385,-0.16219,0.35525,0.007583,0.18402,0.3639,0.046176,-0.30298,0.12145,-0.004702,0.31316,0.11351,0.050487,-0.46384,-0.096542,-0.076874,0.52086,-0.095903,-0.093219,-0.0031875,0.10949,0.048037,0,0.040024,0,-0.08066,-0.036486,-0.015626,0.07925,-0.042347,-0.000699,-0.078675,-0.57518,-0.000481,0.068279,-0.57711,-0.003757,-0.078248,-0.94775,0.08495,-0.0059842,-0.98196,0.10451
0.021384,0.73744,-0.006401,0.017825,0.54058,0.022611,-0.15921,0.42205,0.017868,0.18864,0.40657,0.043056,-0.30351,0.16201,0.036718,0.31474,0.12962,0.0546,-0.44962,-0.021649,-0.046195,0.52593,-0.040038,-0.044606,-0.00049342,0.15105,0.045799,0,0.076462,0,-0.081447,-0.0011316,-0.013309,0.076037,-0.0012125,4.4e-05,-0.067761,-0.5821,0.013547,0.063891,-0.57109,0.004948,-0.078511,-0.94759,0.0874,-0.012507,-0.98141,0.097423
0.024062,0.78788,0.006551,0.013363,0.58406,0.038813,-0.1605,0.46768,0.024348,0.19417,0.46409,0.046879,-0.30285,0.22565,0.030006,0.30903,0.19277,0.046253,-0.4783,0.019247,-0.057049,0.51841,0.012403,-0.027749,-0.0007065,0.19924,0.049076,0,0.12802,0,-0.084869,0.050637,-0.010849,0.080247,0.046974,-0.007672,-0.063199,-0.58804,0.032102,0.043879,-0.59947,0.046748,-0.07429,-0.95702,0.091959,-0.016065,-0.97297,0.10241
0.014713,0.8208,-0.001082,0.013338,0.60984,0.043913,-0.16069,0.50767,0.024904,0.18762,0.48634,0.040623,-0.27146,0.29898,0.026692,0.31444,0.24853,0.043095,-0.49259,0.071111,-0.041863,0.5192,0.078838,-0.027269,-0.00021127,0.21738,0.050361,0,0.14601,0,-0.080527,0.071523,-0.012165,0.076283,0.067801,-0.007214,-0.051708,-0.5973,0.044947,0.075148,-0.5371,0.03816,-0.073436,-0.95415,0.091266,-0.011275,-0.95737,0.10302
0.018929,0.84488,0.00499,0.012829,0.63336,0.035049,-0.16146,0.52271,0.028751,0.18341,0.51329,0.036799,-0.31522,0.29582,0.022873,0.32016,0.2769,0.044213,-0.50772,0.083295,-0.061723,0.54527,0.10146,-0.064421,0.00091558,0.24558,0.049321,0,0.17414,0,-0.077705,0.10524,-0.008309,0.074074,0.089089,-0.007557,-0.04824,-0.572,0.044357,0.060181,-0.54687,0.038299,-0.074211,-0.93499,0.086259,0.016437,-0.88745,0.10133
0.020514,0.85398,0.00962,0.013835,0.63573,0.034357,-0.16122,0.52521,0.025891,0.18392,0.51685,0.036378,-0.3172,0.30098,0.020283,0.3227,0.28225,0.040405,-0.51392,0.11204,-0.083305,0.54848,0.1111,-0.079029,0.00089483,0.25503,0.04929,0,0.18571,0,-0.078682,0.10994,-0.00689,0.074143,0.10931,-0.009591,-0.045766,-0.53157,0.034629,0.061191,-0.52655,0.035826,-0.071367,-0.87663,0.075198,0.010303,-0.88432,0.099997
0.02349,0.86253,0.007407,0.015229,0.64456,0.024183,-0.16341,0.5307,0.024029,0.18684,0.51998,0.037195,-0.3136,0.30949,0.008004,0.32264,0.28475,0.039201,-0.51709,0.11283,-0.090298,0.5496,0.1156,-0.10514,0.00070679,0.26446,0.047287,0,0.19363,0,-0.079679,0.11494,-0.006377,0.073939,0.11345,-0.007911,-0.047933,-0.53122,0.035975,0.059515,-0.50679,0.027605,-0.06794,-0.87286,0.07314,0.023685,-0.8571,0.069201
0.026219,0.85847,0.000617,0.013154,0.64284,0.023653,-0.16625,0.52907,0.022837,0.18789,0.52004,0.036698,-0.31139,0.29547,0.000231,0.32384,0.27657,0.032095,-0.50787,0.097459,-0.13212,0.54611,0.10542,-0.10465,0.0002501,0.26503,0.04632,0,0.19466,0,-0.079755,0.11409,-0.006305,0.07589,0.11719,-0.007659,-0.03946,-0.5636,0.036824,0.066971,-0.51779,0.027924,-0.046439,-0.92804,0.038368,0.049948,-0.87393,0.028229
0.026878,0.84676,-0.001815,0.0091748,0.6313,0.020769,-0.16896,0.5162,0.01732,0.19177,0.50062,0.029604,-0.28182,0.30681,-0.000101,0.34218,0.2169,0.027288,-0.46991,0.082748,-0.097639,0.52586,0.062905,-0.10976,-0.00016625,0.25789,0.044841,0,0.18723,0,-0.080305,0.099609,-0.00643,0.078244,0.11064,-0.006698,-0.042801,-0.57853,0.034031,0.051022,-0.56929,0.013942,-0.049689,-0.92965,0.038276,0.047778,-0.93728,-0.001167
0.025192,0.79866,-0.005501,0.0052457,0.59166,0.021096,-0.1693,0.46529,0.007821,0.19311,0.46333,0.032775,-0.3024,0.23363,-0.014542,0.3104,0.19313,0.023713,-0.4835,0.015013,-0.1153,0.51241,-0.0016019,-0.10753,-0.0021347,0.21488,0.043711,0,0.14359,0,-0.084818,0.047947,-0.006812,0.081947,0.077292,-0.006115,-0.048899,-0.59023,0.011812,0.05716,-0.57199,0.008089,-0.051008,-0.96502,0.048471,0.044505,-0.95065,-0.006754
0.017684,0.74895,-0.01987,0.0068228,0.54543,0.002819,-0.171,0.4185,0.007562,0.19158,0.40916,0.036319,-0.29477,0.21599,-0.001392,0.2872,0.13816,0.034499,-0.45421,-0.0268,-0.084529,0.49887,-0.072494,-0.1004,-0.002113,0.16359,0.038092,0,0.088972,0,-0.082116,0.012341,-0.004019,0.078874,0.0089488,-0.002024,-0.052538,-0.59724,-0.002536,0.065884,-0.58113,-0.011568,-0.052184,-0.98593,0.054808,0.049133,-0.95648,-0.019331
0.010763,0.69589,-0.005133,0.0067914,0.48577,0.020779,-0.16753,0.36319,0.011029,0.18666,0.38433,0.04035,-0.28016,0.14995,0.000186,0.29893,0.098721,0.041388,-0.45893,-0.10177,-0.086796,0.49398,-0.12811,-0.092176,-0.001956,0.12226,0.040072,0,0.054631,0,-0.081302,-0.030782,-0.008011,0.078847,-0.020177,-0.003809,-0.069925,-0.59601,-0.01968,0.07367,-0.58643,-0.02885,-0.056257,-0.99423,0.061201,0.015771,-0.99726,0.049773
0.0076363,0.68302,-0.003123,0.0069356,0.4785,0.026468,-0.16721,0.34959,0.022943,0.18084,0.34275,0.046417,-0.29784,0.09261,-0.00072,0.30485,0.089086,0.042686,-0.45853,-0.1169,-0.077951,0.4606,-0.11468,-0.035093,-0.0015713,0.10851,0.041607,0,0.038183,0,-0.081082,-0.0405,-0.008328,0.078667,-0.039559,-0.005922,-0.072471,-0.59244,-0.024176,0.076022,-0.58806,-0.044675,-0.05562,-0.99437,0.063345,0.021666,-0.99622,0.052181
0.0076618,0.68385,0.000559,0.0074052,0.48063,0.025716,-0.16614,0.3513,0.022883,0.18211,0.35029,0.047091,-0.29913,0.095466,0.001928,0.30531,0.09074,0.046876,-0.46265,-0.10846,-0.053772,0.46542,-0.093256,-0.012988,-0.0015384,0.10963,0.041473,0,0.039202,0,-0.081184,-0.039206,-0.009572,0.078626,-0.038533,-0.005125,-0.071538,-0.59094,-0.025042,0.075697,-0.58748,-0.044534,-0.055818,-0.99274,0.059658,0.023786,-0.99563,0.056222
0.012157,0.70163,0.005924,0.011125,0.52062,0.025533,-0.15881,0.41393,0.03016,0.19256,0.40251,0.045552,-0.30659,0.16059,0.034483,0.32095,0.1438,0.063628,-0.45078,-0.020831,-0.036773,0.51747,-0.04081,-0.021414,-8.3e-06,0.14759,0.041334,0,0.077567,0,-0.081206,-0.0036213,-0.008329,0.07731,0.00025785,-0.005741,-0.06467,-0.5914,-0.0134,0.069817,-0.58407,-0.029684,-0.054242,-0.99238,0.066378,0.02604,-0.99426,0.073178
0.016765,0.77887,0.011863,0.0067225,0.58179,0.040149,-0.16262,0.46074,0.02215,0.19319,0.45916,0.052204,-0.27847,0.24757,0.025228,0.31662,0.20306,0.066015,-0.48262,0.028805,-0.039985,0.53086,0.016551,-0.006873,-0.0023537,0.19845,0.044684,0,0.12759,0,-0.084713,0.046053,-0.010997,0.08236,0.050106,-0.008015,-0.059823,-0.58544,0.001025,0.053661,-0.5814,-0.0001,-0.039571,-0.97486,0.052718,0.025612,-0.96224,0.089355
0.0055265,0.82167,0.020972,0.0069759,0.61178,0.026014,-0.17313,0.49312,0.02969,0.19338,0.47922,0.056451,-0.32242,0.2575,0.022187,0.32151,0.26007,0.070402,-0.51846,0.067251,-0.067411,0.53804,0.073236,-0.032068,-0.0019708,0.22271,0.042807,0,0.14951,0,-0.083534,0.066907,-0.01044,0.081112,0.064701,-0.005025,-0.055914,-0.58841,0.011002,0.054842,-0.58809,0.015049,-0.049552,-0.96332,0.061733,0.01964,-0.8998,0.082941
