0.0050665,0.78371,0.012414,0.0056458,0.59104,0.02038,-0.15722,0.49447,0.040606,0.16729,0.47113,0.0038828,-0.27706,0.26433,0.04328,0.29018,0.23954,0.015073,-0.43634,0.054619,-0.024029,0.45721,0.054449,-0.071946,0.0053183,0.24612,0.041849,0,0.18129,0,-0.073997,0.10912,-0.0023911,0.071957,0.10756,-0.0096762,-0.040937,-0.47005,-0.0049518,0.065046,-0.45865,-0.02,-0.038623,-0.80574,0.037488,0.032029,-0.80111,0.030176
0.0032708,0.80075,0.013201,0.0050247,0.59895,0.019831,-0.15843,0.50632,0.047935,0.17101,0.49452,0.017088,-0.27818,0.26738,0.042423,0.28893,0.25282,0.0089904,-0.43498,0.08185,-0.041886,0.4625,0.066486,-0.082283,0.0044644,0.25674,0.040954,0,0.19231,0,-0.074015,0.11762,-0.0015504,0.072143,0.11825,-0.010985,-0.043269,-0.4663,-0.0039699,0.06655,-0.45846,-0.021143,-0.038687,-0.79991,0.043742,0.034697,-0.79386,0.032902
-0.00015719,0.80518,0.01201,0.0025482,0.60363,0.02472,-0.16186,0.50785,0.054978,0.16902,0.49545,0.014832,-0.27768,0.27092,0.043312,0.28787,0.25762,0.0055037,-0.43273,0.094902,-0.045964,0.46968,0.09083,-0.11553,0.0052256,0.25873,0.041125,0,0.19432,0,-0.073536,0.11931,-0.0012845,0.072108,0.12093,-0.011753,-0.042707,-0.4788,0.0064783,0.068699,-0.4637,-0.016993,-0.040061,-0.80453,0.053331,0.034947,-0.79934,0.032583
-0.0015216,0.79814,0.016116,0.002896,0.60025,0.029775,-0.16372,0.50245,0.061777,0.16727,0.49171,0.015175,-0.2764,0.27118,0.040378,0.28879,0.25793,0.0019088,-0.44282,0.090346,-0.064366,0.46993,0.093192,-0.12354,0.0059884,0.25628,0.04198,0,0.19261,0,-0.073764,0.11632,-0.00060969,0.072478,0.12047,-0.013594,-0.033764,-0.5034,0.020027,0.074091,-0.50067,0.0043549,-0.045891,-0.83025,0.053657,0.022165,-0.84704,0.042019
-0.0058187,0.77826,0.0027001,0.0106,0.58174,0.037595,-0.16752,0.4812,0.061932,0.16478,0.47343,0.004906,-0.28281,0.2523,0.026456,0.29067,0.2449,-0.015766,-0.44361,0.082875,-0.085909,0.4672,0.085427,-0.15159,0.00844,0.23775,0.043725,0,0.1751,0,-0.074632,0.098348,-0.001918,0.071125,0.10383,-0.015593,-0.033303,-0.52179,0.0089721,0.084738,-0.47744,-0.012715,-0.049169,-0.88903,0.047854,-0.0010845,-0.86413,0.023923
-0.016442,0.73604,0.0055303,0.00072656,0.54753,0.045758,-0.17448,0.4341,0.060971,0.15601,0.42714,0.0036371,-0.28606,0.22444,0.013812,0.28854,0.21059,-0.035022,-0.45059,0.044372,-0.12528,0.46292,0.04895,-0.18668,0.0069748,0.19044,0.046177,0,0.12645,0,-0.072999,0.043921,-0.0040405,0.072922,0.06334,-0.017564,-0.038061,-0.54486,-0.0020335,0.059365,-0.52324,-0.026503,-0.052064,-0.89726,0.044369,0.0010305,-0.90749,0.045595
-0.021329,0.69173,0.0075968,-0.0027144,0.50834,0.044448,-0.17224,0.39517,0.062207,0.15448,0.38097,0.0037893,-0.29516,0.17121,0.018134,0.29008,0.14756,-0.036636,-0.46206,0.01077,-0.12934,0.45953,0.002794,-0.1982,0.0067806,0.16315,0.046372,0,0.10048,0,-0.073312,0.022234,-0.0019877,0.074384,0.030095,-0.018671,-0.04761,-0.54053,-0.016084,0.064114,-0.5168,-0.0332,-0.055668,-0.89762,0.051893,0.0036093,-0.89833,0.039557
-0.012023,0.63782,0.002921,0.0047666,0.45864,0.052707,-0.1686,0.34601,0.067299,0.15963,0.3396,0.014642,-0.30253,0.11653,0.0092499,0.2963,0.11637,-0.027694,-0.45824,-0.030282,-0.10737,0.46209,-0.051108,-0.19278,0.0074086,0.10897,0.048197,0,0.047183,0,-0.076484,-0.029372,-0.00538,0.074787,-0.022741,-0.018002,-0.061872,-0.55654,-0.025859,0.071289,-0.52122,-0.038029,-0.053327,-0.90519,0.057861,0.0095548,-0.89985,0.035986
-0.010017,0.62001,0.0074502,0.00041836,0.42789,0.050282,-0.1664,0.32483,0.065649,0.16003,0.32274,0.016664,-0.30077,0.10122,0.013618,0.29606,0.093089,-0.024164,-0.46602,-0.070472,-0.10105,0.46259,-0.094227,-0.17852,0.0067136,0.097806,0.048591,0,0.038795,0,-0.076221,-0.036634,-0.0051242,0.075385,-0.031654,-0.017836,-0.068845,-0.54569,-0.032952,0.071236,-0.52416,-0.041836,-0.056475,-0.90303,0.057841,0.0058907,-0.89422,0.072864
-0.0096007,0.61997,0.0064581,0.00095406,0.43041,0.049174,-0.1634,0.32515,0.062038,0.16011,0.32314,0.016145,-0.29652,0.10269,0.017621,0.29658,0.089142,-0.014183,-0.46393,-0.082145,-0.067683,0.45148,-0.094662,-0.1353,0.0064011,0.098014,0.048656,0,0.038843,0,-0.075651,-0.035973,-0.004057,0.075025,-0.031348,-0.017608,-0.072478,-0.54089,-0.032257,0.070389,-0.5258,-0.043456,-0.056333,-0.90269,0.056765,0.0040593,-0.89519,0.072668
-0.0087252,0.65363,-0.0025506,0.01095,0.48163,0.040755,-0.1532,0.37468,0.05224,0.16871,0.37019,0.020284,-0.28848,0.12333,0.026017,0.29345,0.10322,-0.0020143,-0.42838,-0.034635,-0.040977,0.45286,-0.088559,-0.10447,0.0059448,0.13339,0.048229,0,0.070785,0,-0.0749,-0.0030189,-0.0040616,0.071827,0.0016276,-0.014878,-0.073059,-0.52752,-0.024229,0.060534,-0.51201,-0.041211,-0.059595,-0.90171,0.050666,-0.011463,-0.87151,0.082812
-0.0022936,0.7163,0.0080809,0.0091796,0.52918,0.041889,-0.15825,0.42634,0.047837,0.16672,0.41956,0.025208,-0.29062,0.1794,0.044317,0.28969,0.15227,0.017179,-0.42302,-0.0073028,-0.022812,0.44808,-0.034847,-0.032142,0.0045526,0.17699,0.048663,0,0.11324,0,-0.074538,0.032482,-0.0062335,0.070941,0.047181,-0.012755,-0.042068,-0.56476,0.016659,0.062907,-0.48795,-0.0024113,-0.064567,-0.90044,0.043994,-0.007445,-0.85292,0.11649
0.010256,0.74378,0.0018823,0.013829,0.55098,0.036405,-0.15429,0.4658,0.048699,0.17448,0.44528,0.02338,-0.28417,0.21142,0.048194,0.2904,0.20629,0.021743,-0.41545,0.023452,-0.017,0.45257,-0.0056561,-0.017478,0.0055533,0.20838,0.04798,0,0.14726,0,-0.077484,0.083462,-0.0035481,0.072061,0.062645,-0.012603,-0.038065,-0.53592,0.024743,0.054344,-0.48756,0.0059511,-0.059431,-0.89637,0.040589,-0.00052673,-0.86722,0.098027
0.022037,0.76713,0.0019033,0.013128,0.57483,0.029901,-0.15251,0.4778,0.048618,0.17265,0.46494,0.018361,-0.26564,0.26608,0.056015,0.29367,0.21917,0.022009,-0.4214,0.057768,-0.012902,0.47521,0.032977,-0.023616,0.0062085,0.23026,0.046859,0,0.16704,0,-0.075597,0.093205,-0.0028183,0.06901,0.10338,-0.012481,-0.046321,-0.50437,0.039084,0.045939,-0.49802,0.01531,-0.053842,-0.82733,0.052222,0.012522,-0.82401,0.058419
0.02653,0.7831,-0.0021399,0.014346,0.59021,0.028691,-0.15081,0.49781,0.043449,0.17439,0.4753,0.016842,-0.27548,0.26267,0.045998,0.29146,0.24644,0.032795,-0.43218,0.063089,-0.019298,0.47924,0.064503,-0.028512,0.0057157,0.24613,0.046361,0,0.18291,0,-0.074824,0.11044,-0.0024984,0.068616,0.10945,-0.013367,-0.047135,-0.50043,0.036901,0.048926,-0.49382,0.020483,-0.050186,-0.82383,0.049863,0.034183,-0.78371,0.055575
0.026181,0.79149,-0.0040386,0.014918,0.59471,0.025475,-0.14973,0.50758,0.044724,0.17456,0.48292,0.017555,-0.28212,0.27004,0.03697,0.28938,0.25242,0.032602,-0.44261,0.08112,-0.03427,0.48614,0.081172,-0.057733,0.0057845,0.25123,0.045213,0,0.18779,0,-0.073759,0.11667,-0.00062619,0.068019,0.11329,-0.013424,-0.048591,-0.49455,0.038729,0.055632,-0.47555,0.028909,-0.04874,-0.80082,0.072335,0.032603,-0.78353,0.0538
0.025618,0.79127,-0.0061006,0.01459,0.59449,0.025204,-0.1499,0.50776,0.043702,0.17528,0.48385,0.017797,-0.28305,0.2728,0.028008,0.28861,0.25209,0.031124,-0.44849,0.099009,-0.054791,0.48882,0.098681,-0.072404,0.0055266,0.25138,0.044612,0,0.18788,0,-0.073787,0.11656,-0.0010947,0.068299,0.11344,-0.012619,-0.041609,-0.50192,0.046445,0.058389,-0.47838,0.032746,-0.04725,-0.81119,0.075507,0.0088866,-0.8093,0.048586
0.028494,0.78218,-0.011998,0.013662,0.58144,0.021449,-0.15232,0.49652,0.039772,0.17798,0.47642,0.02282,-0.2719,0.3095,0.012457,0.28537,0.24681,0.027515,-0.45686,0.10106,-0.096593,0.49259,0.095947,-0.10026,0.0041425,0.24372,0.043219,0,0.18036,0,-0.073655,0.10624,0.0003704,0.070004,0.10427,-0.011733,-0.03906,-0.5124,0.045557,0.064174,-0.51504,0.036232,-0.045823,-0.83063,0.059743,0.028571,-0.87596,0.038561
0.025486,0.75265,-0.024687,0.0013781,0.55835,0.01579,-0.16913,0.45808,0.026214,0.17606,0.43993,0.029361,-0.28154,0.25639,-0.007308,0.275,0.23737,0.012829,-0.47091,0.088735,-0.1239,0.48114,0.087935,-0.12456,-0.00058841,0.2042,0.04116,0,0.13712,0,-0.075148,0.058576,-0.0043999,0.074744,0.060221,-0.0075748,-0.050658,-0.52461,0.031957,0.051513,-0.52128,0.023494,-0.069303,-0.89077,0.079676,0.0017943,-0.87657,0.053133
0.022373,0.71473,-0.016915,0.011565,0.52775,0.020306,-0.16174,0.4157,0.022649,0.17756,0.41488,0.027942,-0.29988,0.20475,-0.028794,0.28632,0.17019,0.017802,-0.4744,0.045681,-0.17614,0.4665,0.073184,-0.11893,0.00077497,0.18515,0.04079,0,0.11992,0,-0.077788,0.044021,-0.0050728,0.0748,0.043791,-0.0072127,-0.051832,-0.52739,0.026881,0.054822,-0.52366,0.021196,-0.040998,-0.90588,0.072848,0.018057,-0.90084,0.075447
0.024184,0.66579,-0.021468,0.01203,0.47594,0.016874,-0.1563,0.36765,0.015905,0.17987,0.35807,0.030101,-0.30158,0.16958,-0.0362,0.28475,0.1359,0.0077335,-0.47452,0.0046047,-0.194,0.46287,0.0035481,-0.12278,0.00027197,0.13295,0.039314,0,0.067724,0,-0.07768,-0.0058973,-0.0054652,0.073234,-0.0095277,-0.0055661,-0.056542,-0.53068,0.01863,0.060817,-0.52973,0.014136,-0.076856,-0.84455,0.050285,0.019211,-0.89971,0.074453
0.018394,0.61702,-0.02505,0.0075998,0.43105,0.011406,-0.15245,0.33723,0.018272,0.17382,0.31068,0.036318,-0.28168,0.13692,-0.034174,0.29638,0.093124,0.027015,-0.45668,-0.026211,-0.16785,0.47789,-0.054864,-0.1461,-0.00091377,0.098704,0.037022,0,0.034689,0,-0.076971,-0.038045,-0.0063857,0.073778,-0.036664,-0.0032263,-0.071468,-0.54455,0.0066397,0.064417,-0.53511,0.0034363,-0.059382,-0.91734,0.095265,0.01374,-0.90008,0.073177
0.016437,0.61398,-0.023518,0.0083893,0.42688,0.011366,-0.15099,0.32942,0.01707,0.17327,0.31054,0.036661,-0.28127,0.11837,-0.028006,0.29874,0.086848,0.030062,-0.45091,-0.066053,-0.14179,0.47653,-0.091898,-0.11146,-0.00086499,0.09458,0.035644,0,0.030608,0,-0.076626,-0.040139,-0.0068716,0.073049,-0.042953,-0.0022481,-0.070138,-0.54243,-0.0011185,0.073882,-0.54391,-0.0093544,-0.058834,-0.91663,0.093142,0.012338,-0.90029,0.074847
0.016734,0.61984,-0.026246,0.011019,0.43867,0.0097358,-0.14503,0.348,0.019351,0.17191,0.32888,0.029068,-0.27522,0.12119,-0.022806,0.2972,0.088788,0.042571,-0.42052,-0.054146,-0.098759,0.45403,-0.093488,-0.067781,0.00058026,0.10148,0.034088,0,0.036618,0,-0.075824,-0.031607,-0.0055367,0.071525,-0.036336,-0.0021995,-0.063165,-0.54245,-0.0024846,0.076042,-0.54067,-0.0096185,-0.05433,-0.91672,0.091388,0.014995,-0.90034,0.071261
0.017965,0.67637,-0.02429,0.017588,0.49816,0.010394,-0.14549,0.40137,0.016433,0.17792,0.38601,0.030473,-0.26559,0.14779,-0.0022096,0.29134,0.12206,0.054262,-0.4035,-0.031033,-0.079997,0.44429,-0.044987,-0.012345,0.0013752,0.15389,0.032905,0,0.087259,0,-0.075686,0.016996,-0.0052259,0.069465,0.012174,-0.0030384,-0.054381,-0.53846,0.0079086,0.068885,-0.53943,-0.0011772,-0.049545,-0.90584,0.067645,0.01826,-0.89648,0.062246
0.02124,0.7216,-0.028651,0.018382,0.52785,0.0091225,-0.14959,0.43442,0.019891,0.17882,0.42012,0.023666,-0.25185,0.19523,0.013764,0.29074,0.15443,0.059795,-0.40152,-0.0014177,-0.038448,0.44308,-0.023256,0.0085173,0.0026177,0.1865,0.031539,0,0.12035,0,-0.076791,0.041307,-0.0043164,0.070235,0.050481,-0.0035738,-0.051794,-0.5361,0.017937,0.046025,-0.53048,0.018274,-0.048195,-0.88888,0.063653,0.014454,-0.88654,0.054278
0.026851,0.75515,-0.013384,0.015957,0.56091,0.0060107,-0.14558,0.46423,0.021278,0.1831,0.44071,0.022008,-0.25455,0.22792,0.025107,0.28666,0.22067,0.070345,-0.41016,0.022095,-0.024324,0.45304,0.0047505,0.014759,0.0025175,0.21541,0.029707,0,0.14808,0,-0.076184,0.089245,-0.00095717,0.070661,0.063233,-0.0042807,-0.043305,-0.53072,0.030268,0.046609,-0.52175,0.031781,-0.055541,-0.8907,0.048205,0.0094418,-0.8657,0.050555
0.028473,0.76436,-0.016224,0.017701,0.57502,0.0019712,-0.14582,0.47604,0.021358,0.18338,0.46467,0.015201,-0.25722,0.24627,0.021576,0.29123,0.2361,0.064928,-0.43294,0.058978,-0.033018,0.48479,0.026989,-0.022164,0.0034672,0.22881,0.027413,0,0.16099,0,-0.075629,0.094622,0.00026405,0.068901,0.081006,-0.0061831,-0.042861,-0.52541,0.031841,0.045579,-0.5138,0.03304,-0.058725,-0.88292,0.047789,0.0014872,-0.84879,0.051783
0.026275,0.77547,-0.016428,0.019533,0.5814,0.0036948,-0.14426,0.48747,0.026082,0.1832,0.47489,0.01805,-0.26043,0.26059,0.019084,0.28351,0.26337,0.0429,-0.43633,0.09311,-0.021255,0.48676,0.072165,-0.036606,0.0039645,0.2393,0.026439,0,0.17248,0,-0.074663,0.10062,0.0013156,0.067123,0.099563,-0.0084431,-0.040875,-0.51572,0.038135,0.054047,-0.47193,0.031596,-0.060289,-0.79867,0.099459,0.0022557,-0.83291,0.053115
0.026743,0.77696,-0.016927,0.020431,0.58521,0.0044485,-0.14425,0.48755,0.025262,0.18356,0.47623,0.017815,-0.28375,0.26262,0.013399,0.28476,0.26335,0.041498,-0.47519,0.091505,-0.062175,0.49365,0.080862,-0.054634,0.0039812,0.24124,0.025429,0,0.17407,0,-0.074835,0.10196,0.0015705,0.067215,0.1002,-0.0087722,-0.038596,-0.51753,0.039341,0.047642,-0.51551,0.036187,-0.05624,-0.8604,0.039863,0.0052759,-0.83668,0.050905
0.027291,0.77649,-0.015645,0.0176,0.58164,0.0051388,-0.14395,0.48647,0.024728,0.18377,0.47454,0.015728,-0.28362,0.26225,0.01045,0.28718,0.2604,0.038737,-0.46282,0.11295,-0.067067,0.49814,0.087121,-0.0722,0.0037611,0.24009,0.024587,0,0.1732,0,-0.075105,0.10115,0.0016833,0.067825,0.098794,-0.0085265,-0.040151,-0.51859,0.038257,0.049244,-0.51527,0.034569,-0.055054,-0.86158,0.039119,0.0083743,-0.83903,0.045748
0.026804,0.75408,-0.020989,0.020658,0.56558,4.5841e-05,-0.14566,0.4603,0.01817,0.1851,0.44653,0.0061308,-0.26674,0.26268,-0.001808,0.2928,0.2391,0.010541,-0.47879,0.090927,-0.10563,0.50291,0.076287,-0.11249,0.0044247,0.21028,0.02226,0,0.13969,0,-0.075737,0.072736,0.00030897,0.068572,0.054496,-0.0046951,-0.038643,-0.53509,0.02958,0.052387,-0.54084,0.024102,-0.051488,-0.89981,0.044042,0.016635,-0.85715,0.030346
0.027192,0.71634,-0.0189,0.018926,0.53659,0.0024278,-0.14955,0.41496,0.014244,0.18256,0.41778,0.0012817,-0.28781,0.21373,-0.011993,0.29888,0.19866,0.00095259,-0.47357,0.081794,-0.10741,0.48303,0.06985,-0.10655,0.0041758,0.19016,0.021753,0,0.12193,0,-0.078122,0.051947,0.00050334,0.070684,0.042718,-0.0056413,-0.059928,-0.53433,0.020111,0.052894,-0.54107,0.020602,-0.056768,-0.90796,0.068138,0.017072,-0.85715,0.027858
0.026,0.67708,-0.025287,0.020508,0.48493,0.0078664,-0.14669,0.37546,0.014655,0.18487,0.35945,0.0049949,-0.29652,0.17623,-0.014707,0.29439,0.14276,0.0074061,-0.49356,0.026941,-0.13404,0.47954,-0.00018745,-0.13666,0.0040499,0.13887,0.022386,0,0.071125,0,-0.078124,-0.00096054,-0.00088932,0.070745,-0.0056861,-0.0066094,-0.070421,-0.53617,0.011583,0.053684,-0.53745,0.0025158,-0.057695,-0.90856,0.069321,0.017021,-0.868,0.0251
0.019451,0.62684,-0.010367,0.017364,0.44374,0.011363,-0.14133,0.34117,0.016581,0.18431,0.32169,0.013313,-0.30357,0.12598,-0.017514,0.30737,0.10239,0.0077692,-0.49183,-0.014444,-0.12314,0.48056,-0.037541,-0.13315,0.0030994,0.10535,0.022964,0,0.039267,0,-0.078129,-0.03497,-0.0011433,0.071713,-0.031143,-0.0073933,-0.078784,-0.54941,0.001312,0.060808,-0.53972,-0.017006,-0.057977,-0.91232,0.078575,0.0041284,-0.90639,0.073281
0.019835,0.62226,-0.006074,0.017162,0.43944,0.010991,-0.14384,0.32721,0.021021,0.18148,0.3165,0.014622,-0.30149,0.12109,-0.016802,0.30434,0.099502,0.012602,-0.48088,-0.025468,-0.11209,0.49088,-0.087829,-0.12957,0.0032959,0.09846,0.022934,0,0.031865,0,-0.078262,-0.041748,-0.0016622,0.072137,-0.039229,-0.0067607,-0.079201,-0.54781,-0.0034069,0.060918,-0.54136,-0.026875,-0.058317,-0.91411,0.083294,0.0056302,-0.90648,0.072628
0.021086,0.62255,-0.0053726,0.016708,0.44217,0.010877,-0.14352,0.33235,0.020391,0.18121,0.3224,0.015352,-0.29279,0.12178,-0.0098908,0.30475,0.096136,0.018542,-0.46373,-0.027002,-0.08188,0.46099,-0.054075,-0.069778,0.003112,0.10281,0.022932,0,0.036675,0,-0.078205,-0.035031,-0.0019914,0.072438,-0.036443,-0.0064105,-0.07753,-0.54555,-0.0028963,0.060861,-0.54014,-0.025842,-0.056159,-0.91338,0.080737,0.007936,-0.90497,0.069133
0.023536,0.6771,-0.0066864,0.025536,0.49927,0.018573,-0.13814,0.38763,0.018593,0.17719,0.37104,0.01128,-0.29236,0.15519,0.0028843,0.303,0.10719,0.023963,-0.45427,-0.016283,-0.075222,0.46496,-0.047602,-0.062184,0.00458,0.14672,0.024701,0,0.076582,0,-0.076226,0.013535,-0.0038452,0.067997,-0.00076549,-0.0069587,-0.069543,-0.54136,0.009039,0.051643,-0.53339,-0.0070064,-0.050556,-0.91122,0.080687,0.011015,-0.90437,0.075874
0.037144,0.72129,0.011295,0.024141,0.53796,0.021251,-0.138,0.43046,0.018722,0.18436,0.42104,0.025772,-0.28148,0.20849,0.0060502,0.29897,0.1624,0.038797,-0.44306,0.039034,-0.048425,0.47382,-0.0027394,-0.045187,0.003605,0.18472,0.026469,0,0.11817,0,-0.077677,0.040345,-0.00366,0.071028,0.047548,-0.0075217,-0.055388,-0.53872,0.01917,0.050735,-0.52951,0.011975,-0.044215,-0.89721,0.064345,0.01322,-0.88151,0.077885
0.031341,0.752,0.016827,0.025316,0.55378,0.020542,-0.14302,0.46404,0.022521,0.18898,0.43878,0.020663,-0.25582,0.26202,0.026046,0.29426,0.23485,0.035057,-0.45789,0.057582,-0.052288,0.49304,0.027805,-0.045155,0.0042198,0.20759,0.026989,0,0.14036,0,-0.080059,0.081733,-0.00517,0.071391,0.055168,-0.0067671,-0.051893,-0.53736,0.023427,0.053316,-0.52679,0.021495,-0.044775,-0.86129,0.03752,0.016259,-0.86938,0.086897
0.03224,0.77463,0.021373,0.025352,0.59144,0.017517,-0.14104,0.47206,0.022526,0.18557,0.45829,0.021204,-0.29127,0.26036,0.0084917,0.29574,0.24725,0.040718,-0.45756,0.091582,-0.056824,0.5,0.074514,-0.029935,0.0042444,0.22729,0.027084,0,0.15756,0,-0.077216,0.091385,-0.0032905,0.066955,0.079795,-0.0083633,-0.048031,-0.52918,0.029164,0.050383,-0.51687,0.029088,-0.051563,-0.86823,0.026757,0.013438,-0.86796,0.094437
0.032406,0.77921,0.015788,0.025722,0.59447,0.018765,-0.14149,0.48098,0.022945,0.18097,0.47053,0.020585,-0.29647,0.26853,0.005534,0.30147,0.2596,0.032903,-0.49911,0.096118,-0.07578,0.51384,0.10094,-0.056172,0.0043259,0.23532,0.027796,0,0.16636,0,-0.075958,0.098129,-0.0039955,0.066436,0.091409,-0.0073025,-0.04565,-0.5222,0.030464,0.045245,-0.50399,0.029949,-0.049202,-0.85634,0.030997,0.0096486,-0.86491,0.099168
0.027441,0.78575,0.0055422,0.024173,0.59402,0.017026,-0.14238,0.48785,0.02047,0.18144,0.47422,0.018297,-0.29813,0.26946,0.0012735,0.29972,0.26773,0.029939,-0.49119,0.10389,-0.076786,0.51473,0.10781,-0.068409,0.0041412,0.24026,0.027552,0,0.17298,0,-0.075146,0.1025,-0.0049866,0.067065,0.098677,-0.0057421,-0.046119,-0.51804,0.028369,0.043317,-0.48883,0.024286,-0.05056,-0.83741,0.023981,0.0071316,-0.84869,0.085322
0.025237,0.78415,0.0064618,0.020409,0.59152,0.013298,-0.14338,0.4856,0.017749,0.18037,0.47419,0.017424,-0.30065,0.2673,-0.0020922,0.30024,0.2677,0.029255,-0.50499,0.094556,-0.092656,0.51567,0.10962,-0.072548,0.0038048,0.24009,0.02709,0,0.17252,0,-0.07535,0.10026,-0.0046749,0.066974,0.099709,-0.0041303,-0.045586,-0.52045,0.026639,0.041523,-0.49237,0.022479,-0.057976,-0.84881,0.01589,0.0027195,-0.84792,0.077355
0.023457,0.76012,-0.001212,0.010696,0.56154,0.015088,-0.14848,0.47198,0.0099953,0.17768,0.44651,0.013481,-0.29977,0.24878,-0.014646,0.30599,0.24871,0.029887,-0.48711,0.08965,-0.1046,0.5126,0.10059,-0.082875,0.0019017,0.22259,0.027264,0,0.15659,0,-0.077183,0.08358,-0.0069826,0.071177,0.079883,-0.0015128,-0.049769,-0.53802,0.01287,0.043122,-0.50183,0.015053,-0.068789,-0.89472,0.005842,-0.0063372,-0.89281,0.065924
0.018755,0.7234,-0.011253,0.014279,0.5472,0.014341,-0.15583,0.42658,0.0031016,0.18019,0.42322,0.015116,-0.30075,0.20808,-0.021237,0.29685,0.20875,0.030616,-0.49438,0.037972,-0.11851,0.49452,0.056864,-0.087958,0.0016504,0.20025,0.027169,0,0.13295,0,-0.081475,0.057375,-0.0083065,0.075139,0.056372,-0.0013725,-0.0553,-0.54557,0.0028486,0.042737,-0.5093,0.0052644,-0.066281,-0.89757,0.017533,-0.0050199,-0.89647,0.062571
0.010147,0.67046,-0.016609,0.013513,0.49862,0.0075409,-0.15288,0.38056,0.0040029,0.17988,0.36725,0.017978,-0.3015,0.15767,-0.023359,0.31514,0.13756,0.030446,-0.47524,0.0023276,-0.12648,0.49973,0.0075062,-0.087248,0.0010794,0.14859,0.025326,0,0.080113,0,-0.078073,0.0059255,-0.0078893,0.073234,0.0044552,0.00054368,-0.069924,-0.53753,-0.014666,0.053758,-0.5228,-0.010081,-0.069162,-0.9046,0.033607,-0.0046587,-0.89988,0.04684
0.016967,0.62384,0.00061336,0.0073628,0.44176,0.018299,-0.15252,0.32902,0.008543,0.17308,0.31909,0.029129,-0.30366,0.11824,-0.021776,0.30773,0.11724,0.036162,-0.4803,-0.062952,-0.12601,0.49382,-0.040487,-0.076698,-0.000543,0.10049,0.027477,0,0.035087,0,-0.077292,-0.037086,-0.011015,0.074504,-0.036465,-5.501e-06,-0.080567,-0.53865,-0.038973,0.057197,-0.53021,-0.026991,-0.070245,-0.9043,0.038543,-0.0048374,-0.89306,0.026669
0.014668,0.60595,0.0016475,0.0088893,0.42327,0.026581,-0.15097,0.30727,0.0079929,0.16876,0.30262,0.038606,-0.30383,0.09514,-0.024613,0.31219,0.072692,0.055905,-0.47458,-0.091011,-0.13169,0.49016,-0.097693,-0.081933,-0.0012015,0.081529,0.029985,0,0.01599,0,-0.077189,-0.056929,-0.013922,0.074097,-0.053528,5.3176e-05,-0.083346,-0.54324,-0.043047,0.05905,-0.53814,-0.043187,-0.070997,-0.90628,0.045636,-0.0032779,-0.89987,0.040037
0.014792,0.60584,0.0055991,0.0092262,0.42344,0.027235,-0.15068,0.308,0.0093462,0.16951,0.30344,0.039505,-0.30255,0.093511,-0.01765,0.31093,0.072089,0.058091,-0.46275,-0.09449,-0.10137,0.4856,-0.10242,-0.042828,-0.0011985,0.08219,0.031304,0,0.017102,0,-0.07725,-0.055493,-0.014128,0.0741,-0.05322,0.00010544,-0.083103,-0.54145,-0.044323,0.059032,-0.53801,-0.042745,-0.071169,-0.9059,0.046251,-0.0045903,-0.90345,0.044237
0.025173,0.6329,0.01145,0.011371,0.46851,0.033291,-0.15263,0.36701,0.024328,0.17233,0.35375,0.036301,-0.29668,0.11411,0.0031539,0.3005,0.091707,0.053856,-0.43147,-0.045575,-0.071712,0.48792,-0.097856,-0.033295,0.00061302,0.12131,0.033962,0,0.056342,0,-0.076256,-0.016253,-0.011824,0.072379,-0.017746,-0.0042229,-0.079318,-0.54053,-0.034546,0.059702,-0.5352,-0.032358,-0.063234,-0.90405,0.047258,-0.0060875,-0.90871,0.074308
0.027104,0.69357,0.0093031,0.019807,0.52176,0.028234,-0.14463,0.41499,0.025327,0.18043,0.39512,0.032673,-0.2873,0.18328,0.013683,0.30493,0.13476,0.067866,-0.42601,-0.00089913,-0.059268,0.47964,-0.031989,-0.021057,0.0023826,0.17407,0.034178,0,0.10832,0,-0.080803,0.042151,-0.011611,0.073811,0.028537,-0.0029366,-0.064821,-0.53251,-0.0011479,0.050334,-0.51556,0.00021545,-0.06172,-0.90091,0.046157,-0.0078245,-0.89864,0.080629
0.036045,0.73135,0.022306,0.023876,0.53873,0.031404,-0.14148,0.45103,0.025287,0.18611,0.42066,0.031015,-0.28295,0.22383,0.017656,0.28371,0.20944,0.053209,-0.44179,0.046884,-0.062434,0.48506,0.0024555,-0.019635,0.0031606,0.19685,0.03595,0,0.13306,0,-0.080875,0.060946,-0.0098935,0.07189,0.058339,-0.0070119,-0.055307,-0.52934,0.0052177,0.049975,-0.51664,0.0050288,-0.053963,-0.89444,0.032711,-0.01027,-0.8993,0.086015
0.033098,0.76153,0.020718,0.025432,0.56758,0.032799,-0.14239,0.46742,0.024907,0.18505,0.44288,0.026355,-0.29551,0.23983,0.015174,0.292,0.22861,0.051518,-0.458,0.069352,-0.064476,0.49311,0.056156,-0.034479,0.0037475,0.21241,0.037301,0,0.14632,0,-0.079879,0.075271,-0.009458,0.07078,0.070682,-0.0070953,-0.042684,-0.5268,0.0085861,0.047961,-0.50987,0.0070027,-0.048643,-0.8866,0.022455,-0.011683,-0.88711,0.10624
0.037376,0.77178,0.020419,0.027222,0.58393,0.029625,-0.14307,0.48657,0.027798,0.18593,0.46568,0.023976,-0.29872,0.26633,0.014767,0.29605,0.26034,0.03474,-0.46782,0.098677,-0.064179,0.5007,0.061288,-0.040678,0.0047648,0.24301,0.037423,0,0.17958,0,-0.078045,0.10766,-0.0077335,0.068233,0.10334,-0.0072824,-0.04032,-0.5049,0.011743,0.049978,-0.49747,0.010274,-0.034115,-0.82603,0.036375,-0.0074109,-0.87672,0.10445
0.037189,0.78392,0.017698,0.028098,0.5963,0.031491,-0.14423,0.49533,0.02941,0.18596,0.47183,0.023933,-0.2981,0.27566,0.011878,0.30246,0.2568,0.033367,-0.47634,0.10726,-0.072528,0.5091,0.094893,-0.075843,0.0049364,0.24663,0.038555,0,0.18212,0,-0.077914,0.10999,-0.0078526,0.067898,0.10607,-0.0074492,-0.040289,-0.50486,0.012321,0.050704,-0.4953,0.01233,-0.034602,-0.83082,0.025489,-0.0071757,-0.87543,0.10353
0.036453,0.78566,0.018819,0.027557,0.59692,0.030079,-0.14566,0.495,0.028803,0.18469,0.4743,0.024335,-0.29899,0.27558,0.011723,0.30318,0.25774,0.029042,-0.47738,0.10969,-0.078714,0.50791,0.094981,-0.079164,0.0047687,0.24833,0.038973,0,0.18391,0,-0.078035,0.11009,-0.0080745,0.068215,0.11144,-0.0065324,-0.03971,-0.51103,0.014789,0.050732,-0.49621,0.013774,-0.045621,-0.84614,0.019766,-0.0078243,-0.87717,0.10197
0.030907,0.78139,0.016574,0.023406,0.59179,0.023677,-0.1486,0.48954,0.021208,0.1819,0.47135,0.020306,-0.30204,0.26771,0.0048629,0.30151,0.25432,0.0229,-0.47532,0.10298,-0.092256,0.50574,0.088198,-0.098715,0.0034947,0.23838,0.037518,0,0.17088,0,-0.077521,0.096726,-0.0079159,0.07019,0.095791,-0.0034739,-0.037078,-0.52449,0.01193,0.04191,-0.51536,0.011106,-0.045047,-0.87928,0.0099357,-0.011008,-0.89738,0.098586
0.023726,0.75902,0.01441,0.018227,0.56183,0.029659,-0.15445,0.46185,0.014804,0.17564,0.45237,0.014998,-0.30439,0.23759,-0.0063967,0.29666,0.22507,0.011407,-0.46384,0.055231,-0.091556,0.49676,0.057773,-0.11612,0.0029274,0.21094,0.039593,0,0.14571,0,-0.078327,0.065211,-0.0069083,0.071429,0.079148,-0.0071183,-0.038758,-0.53442,0.0038113,0.042528,-0.51839,0.003494,-0.045622,-0.8829,0.0050985,-0.0084892,-0.90105,0.089797
0.016737,0.71115,0.01061,0.015731,0.54007,0.033325,-0.15627,0.41545,0.016423,0.17644,0.40409,0.019892,-0.29572,0.19956,-0.0062784,0.30841,0.15671,0.0084669,-0.47075,-0.0020779,-0.11025,0.49325,0.018798,-0.11727,0.0020588,0.18523,0.041145,0,0.11899,0,-0.078789,0.043841,-0.0096735,0.073539,0.04325,-0.0061519,-0.046852,-0.53176,-0.0081524,0.048132,-0.52011,-0.0060327,-0.047953,-0.8906,0.015196,-0.0064762,-0.90312,0.077517
0.010159,0.67116,0.013565,0.016257,0.48412,0.025658,-0.16025,0.36552,0.016232,0.1762,0.35668,0.021558,-0.29526,0.13572,-0.0061675,0.30586,0.12885,0.017463,-0.45692,-0.046617,-0.090932,0.48876,-0.033319,-0.11905,0.0020093,0.13767,0.039936,0,0.07266,0,-0.082365,-0.00094274,-0.0074318,0.076449,-0.0040313,-0.0067369,-0.06441,-0.53282,-0.024901,0.055498,-0.52559,-0.019616,-0.049203,-0.89443,0.023814,-0.0017725,-0.90583,0.07212
0.012673,0.6232,0.024766,0.013988,0.44893,0.030374,-0.15531,0.31933,0.022215,0.17256,0.30894,0.027142,-0.30005,0.11242,-0.00097001,0.30119,0.08368,0.021244,-0.44294,-0.09799,-0.078709,0.48654,-0.097604,-0.095068,0.0015988,0.097574,0.041219,0,0.032018,0,-0.078667,-0.040171,-0.0094378,0.073841,-0.040041,-0.0057714,-0.071188,-0.53342,-0.035868,0.059835,-0.53358,-0.034909,-0.054653,-0.89661,0.028789,0.0029997,-0.90944,0.049034
0.010651,0.61299,0.024761,0.010741,0.42571,0.031542,-0.15468,0.30892,0.022358,0.16921,0.29763,0.025585,-0.29523,0.07201,0.0029036,0.29769,0.069383,0.029537,-0.43739,-0.11234,-0.073898,0.48405,-0.12329,-0.077039,0.0013518,0.082867,0.041883,0,0.019172,0,-0.078144,-0.052931,-0.010745,0.07409,-0.052172,-0.0047455,-0.074593,-0.53584,-0.043096,0.059463,-0.53912,-0.047235,-0.054958,-0.89883,0.029672,0.0019098,-0.90407,0.040362
0.0097627,0.61395,0.025952,0.010887,0.42896,0.028983,-0.15286,0.3136,0.020918,0.16943,0.30427,0.028361,-0.29509,0.072719,0.0040524,0.30082,0.061227,0.043735,-0.4243,-0.10123,-0.033023,0.48428,-0.13293,-0.054077,0.0008629,0.085511,0.041841,0,0.021604,0,-0.077628,-0.049597,-0.010899,0.073716,-0.050401,-0.0041239,-0.075443,-0.5366,-0.041136,0.058762,-0.5376,-0.04594,-0.054629,-0.9012,0.037055,-0.003143,-0.90226,0.037274
0.021375,0.66924,0.01363,0.017172,0.48812,0.018779,-0.14914,0.3773,0.023373,0.17224,0.36463,0.025505,-0.28172,0.13136,0.023751,0.28502,0.09728,0.053339,-0.40715,-0.04604,-0.0078371,0.47473,-0.12049,-0.019809,0.0024888,0.13602,0.039335,0,0.069115,0,-0.075606,-0.001463,-0.0074731,0.069693,-0.0045643,-0.0034601,-0.071477,-0.53538,-0.011543,0.043042,-0.5251,-0.010014,-0.054011,-0.90074,0.04206,-0.0053236,-0.90223,0.033991
0.030828,0.71117,0.012986,0.020276,0.53451,0.025764,-0.14475,0.42603,0.018478,0.17991,0.4089,0.019461,-0.2752,0.18665,0.020607,0.30213,0.15098,0.059685,-0.40913,0.00015794,-0.011868,0.47219,-0.02763,-0.028016,0.0030483,0.17709,0.040376,0,0.10973,0,-0.08034,0.041166,-0.0075418,0.07311,0.032179,-0.0055661,-0.061895,-0.53405,0.004883,0.037192,-0.52292,0.002866,-0.051006,-0.89981,0.048472,0.00042695,-0.89807,0.030964
0.037281,0.74455,0.01561,0.019732,0.54896,0.021568,-0.14214,0.45702,0.015088,0.17881,0.43718,0.018681,-0.28115,0.20731,0.011365,0.30108,0.17416,0.047477,-0.43736,0.02522,-0.044717,0.48917,0.0078156,-0.02411,0.0026375,0.19785,0.039169,0,0.13163,0,-0.078236,0.05635,-0.006305,0.0706,0.066748,-0.0055798,-0.055208,-0.53561,0.011408,0.04343,-0.51842,0.011832,-0.055947,-0.8976,0.038587,0.0038954,-0.86934,0.040526
0.033278,0.76719,0.016311,0.018977,0.58283,0.017158,-0.14415,0.47187,0.017846,0.17938,0.4534,0.016247,-0.28955,0.24721,0.0077087,0.29516,0.23904,0.051936,-0.43948,0.064379,-0.050302,0.49105,0.057452,-0.033365,0.003186,0.23524,0.037739,0,0.16887,0,-0.076364,0.090109,-0.0036288,0.069567,0.097409,-0.0071623,-0.048247,-0.53164,0.019715,0.042365,-0.52136,0.019525,-0.05892,-0.84193,0.034304,-0.0070269,-0.85465,0.049338
0.031857,0.78524,0.0091582,0.019123,0.59441,0.016354,-0.14856,0.48958,0.021468,0.17537,0.47279,0.018906,-0.28385,0.26645,-0.0010956,0.2926,0.25275,0.047702,-0.44757,0.081037,-0.076733,0.50181,0.067539,-0.046875,0.0033373,0.24357,0.036814,0,0.17657,0,-0.075609,0.10446,-0.0022508,0.069029,0.10337,-0.0073979,-0.044095,-0.48578,0.032163,0.052105,-0.47847,0.034492,-0.064109,-0.78911,0.023998,-0.022116,-0.79236,0.061466
0.030054,0.79687,0.011891,0.0203,0.59685,0.01519,-0.14783,0.49712,0.021992,0.17471,0.47903,0.020538,-0.28149,0.27241,-0.0041111,0.29325,0.26131,0.037601,-0.4439,0.09545,-0.1022,0.4997,0.094736,-0.074353,0.003462,0.2481,0.035723,0,0.18141,0,-0.075192,0.1099,-0.0025992,0.06797,0.10864,-0.0066974,-0.043714,-0.49074,0.032712,0.052685,-0.47972,0.034392,-0.067348,-0.79239,0.062653,0.00045154,-0.79437,0.081803
0.03259,0.79466,0.0084807,0.021147,0.59684,0.013355,-0.1477,0.49711,0.019978,0.17521,0.47914,0.018824,-0.2815,0.27185,-0.0075382,0.29506,0.25716,0.029934,-0.44181,0.093809,-0.10611,0.50191,0.095521,-0.09901,0.0036973,0.24929,0.034178,0,0.18285,0,-0.075274,0.11014,-0.0024727,0.067354,0.1116,-0.0057027,-0.044873,-0.51015,0.041057,0.050196,-0.49432,0.03781,-0.069112,-0.80178,0.067319,-0.0095768,-0.85448,0.044042
0.032631,0.78652,0.002723,0.023133,0.58704,0.010206,-0.14807,0.4876,0.0099815,0.18248,0.46867,0.024656,-0.27892,0.26563,-0.017226,0.2962,0.24953,0.023618,-0.43217,0.077668,-0.11812,0.49837,0.083606,-0.1121,0.0023035,0.2444,0.032538,0,0.17796,0,-0.077701,0.10043,-0.00027413,0.068608,0.10604,-0.0051874,-0.044852,-0.52025,0.038142,0.050453,-0.49536,0.033957,-0.06851,-0.81199,0.063934,-0.0041937,-0.84945,0.05913
0.037342,0.74158,-0.019506,0.02265,0.56236,0.0084522,-0.15,0.44724,0.0030439,0.18666,0.43425,0.025094,-0.27376,0.24771,-0.033019,0.30599,0.18177,0.0039185,-0.4262,0.035068,-0.13822,0.48802,0.048402,-0.12336,0.0016235,0.22636,0.031231,0,0.161,0,-0.079938,0.087968,-0.0018584,0.072296,0.081061,-0.0042137,-0.049336,-0.53349,0.028599,0.048059,-0.51718,0.028705,-0.071414,-0.83996,0.059617,0.0024943,-0.86003,0.075212
0.043018,0.70855,-0.01558,0.018646,0.52811,0.0050169,-0.15272,0.41269,-0.0093819,0.17634,0.39512,0.016543,-0.26867,0.19534,-0.048264,0.28912,0.16819,0.016454,-0.41484,0.00054412,-0.15357,0.48016,-0.011389,-0.13192,0.00053448,0.17455,0.02928,0,0.10634,0,-0.078611,0.023938,-0.0050691,0.072018,0.044841,-0.0024736,-0.062984,-0.54378,0.016205,0.048787,-0.53312,0.019845,-0.064235,-0.91846,0.092997,0.00030189,-0.91925,0.095397
0.026545,0.65793,-0.025688,0.019545,0.47133,0.0054964,-0.15057,0.35967,-0.011363,0.18225,0.3531,0.038195,-0.27963,0.12813,-0.045984,0.29172,0.10803,0.020785,-0.40963,-0.025985,-0.14464,0.46247,-0.059899,-0.10992,-0.0011809,0.14198,0.027727,0,0.077932,0,-0.076011,-0.0061737,-0.0056798,0.068619,0.0082553,-0.0016136,-0.067951,-0.54712,0.012622,0.05276,-0.53981,0.013421,-0.065355,-0.91954,0.093769,-0.0010388,-0.91844,0.094866
0.025688,0.62843,-0.012074,0.017531,0.44187,0.011815,-0.15114,0.33287,0.00084807,0.16943,0.32106,0.040265,-0.28115,0.10938,-0.039645,0.29121,0.098182,0.033599,-0.41364,-0.094257,-0.12331,0.47015,-0.11245,-0.078438,-0.00083034,0.095492,0.028563,0,0.029534,0,-0.076127,-0.032144,-0.0073172,0.070519,-0.043874,-0.00052259,-0.072166,-0.54817,0.0061189,0.057082,-0.54079,0.0067543,-0.07405,-0.88974,0.07949,-0.002175,-0.90642,0.093053
0.025203,0.62571,-0.010332,0.015823,0.43976,0.012608,-0.15053,0.33214,0.002282,0.16994,0.32022,0.042669,-0.28144,0.10201,-0.034016,0.28746,0.090397,0.045282,-0.41565,-0.097522,-0.10771,0.46648,-0.13323,-0.038595,-0.00092185,0.095428,0.028186,0,0.029534,0,-0.076093,-0.034396,-0.0080699,0.070531,-0.043841,-0.00049234,-0.073391,-0.55233,0.0015504,0.057749,-0.5399,-0.0064664,-0.069485,-0.91982,0.091951,-0.0029428,-0.90838,0.091723
0.022203,0.63613,-0.012614,0.015793,0.45677,0.014406,-0.14882,0.35554,0.0030567,0.17595,0.34301,0.047908,-0.28287,0.1055,-0.025913,0.28192,0.10293,0.05048,-0.41449,-0.0846,-0.077583,0.4387,-0.09362,-0.00053268,-0.0013247,0.1156,0.028291,0,0.049207,0,-0.076421,-0.023764,-0.00926,0.070805,-0.026161,-0.00024571,-0.072688,-0.55123,0.0021362,0.057227,-0.53941,-0.006382,-0.069733,-0.91903,0.092119,-0.003248,-0.908,0.088834
0.027304,0.70005,0.0021656,0.013313,0.52761,0.027507,-0.14317,0.40845,0.0049756,0.17567,0.39397,0.03396,-0.26933,0.1523,0.0049775,0.28521,0.1399,0.060533,-0.39938,-0.017607,-0.050529,0.44019,-0.035071,0.033228,-0.00060593,0.1661,0.031664,0,0.097045,0,-0.075654,0.031314,-0.011811,0.071224,0.019514,-0.0016585,-0.058053,-0.55063,0.02025,0.052107,-0.53596,0.018755,-0.058392,-0.91854,0.10856,-0.00051301,-0.90164,0.083049
0.020717,0.74586,0.016066,0.017188,0.55196,0.020468,-0.14713,0.44143,0.011187,0.18071,0.44091,0.02593,-0.27475,0.19721,-0.0034299,0.28148,0.20757,0.060965,-0.4116,-0.0039122,-0.046356,0.42333,0.026659,0.043572,0.0015183,0.19559,0.03094,0,0.1274,0,-0.077802,0.058304,-0.0069202,0.071669,0.047332,-0.0042431,-0.042311,-0.5608,0.046486,0.0471,-0.53644,0.033311,-0.060155,-0.91863,0.11218,-0.0030533,-0.90241,0.085804
0.024869,0.7643,0.016912,0.021792,0.56367,0.023397,-0.14147,0.47051,0.016276,0.18499,0.44506,0.03316,-0.27471,0.22719,0.0051315,0.28491,0.22863,0.067654,-0.41038,0.035937,-0.053195,0.47245,0.0088603,-0.0057623,0.0021831,0.22579,0.032174,0,0.16241,0,-0.078525,0.089929,-0.0085797,0.069887,0.089361,-0.0045447,-0.044459,-0.50367,0.026269,0.05182,-0.49633,0.030654,-0.061261,-0.83867,0.093337,-0.0011452,-0.83862,0.11091
0.026193,0.77772,0.022221,0.023686,0.58415,0.022745,-0.14065,0.48387,0.020531,0.17742,0.47979,0.034051,-0.27063,0.25257,0.0052828,0.2884,0.26106,0.074473,-0.41304,0.044685,-0.050703,0.47816,0.042621,0.0031869,0.0026749,0.23851,0.03239,0,0.1728,0,-0.076389,0.10179,-0.0068927,0.067587,0.10259,-0.0067084,-0.044291,-0.49148,0.031235,0.056464,-0.48425,0.033977,-0.060219,-0.79392,0.11123,0.0021968,-0.83006,0.12197
0.025819,0.7866,0.020574,0.02318,0.59081,0.024131,-0.14632,0.49505,0.024821,0.17588,0.48434,0.039632,-0.27197,0.25253,0.005765,0.28892,0.26023,0.0734,-0.41896,0.057032,-0.070757,0.49159,0.067624,-0.034211,0.0023471,0.24779,0.033208,0,0.18265,0,-0.07568,0.11073,-0.0070614,0.067158,0.10969,-0.0064004,-0.045589,-0.48764,0.035655,0.058738,-0.47388,0.038537,-0.061384,-0.79271,0.11205,0.00053963,-0.78604,0.11606
0.025012,0.788,0.01889,0.023588,0.59272,0.024525,-0.14695,0.49543,0.0241,0.17802,0.48201,0.040782,-0.27445,0.25141,0.0017777,0.29162,0.25111,0.062061,-0.4228,0.061526,-0.075503,0.49317,0.070977,-0.04857,0.0021786,0.24941,0.033803,0,0.18427,0,-0.075867,0.11093,-0.0071953,0.0674,0.1117,-0.0062839,-0.048959,-0.50848,0.04854,0.047286,-0.5071,0.056828,-0.058724,-0.84213,0.06067,0.01973,-0.79086,0.11557
0.025435,0.78599,0.017159,0.024678,0.58973,0.023078,-0.14759,0.4891,0.017118,0.18222,0.47264,0.041775,-0.27517,0.24806,-0.0052727,0.28878,0.24444,0.060345,-0.43495,0.056452,-0.097712,0.48962,0.074315,-0.065669,0.0015528,0.24671,0.033828,0,0.18135,0,-0.076431,0.10839,-0.0071393,0.067579,0.10547,-0.0050838,-0.051199,-0.51147,0.045554,0.048304,-0.50444,0.052435,-0.060936,-0.86052,0.054428,0.0026588,-0.85282,0.059491
0.026736,0.76194,0.0053552,0.021472,0.57271,0.017838,-0.15266,0.45965,0.00452,0.18299,0.45572,0.03315,-0.27548,0.24121,-0.017579,0.28234,0.23571,0.049184,-0.43947,0.047811,-0.11169,0.48121,0.057249,-0.08923,0.00077046,0.23098,0.032744,0,0.16524,0,-0.078786,0.08015,-0.0040029,0.07016,0.094718,-0.0057201,-0.056635,-0.52807,0.035215,0.047998,-0.51064,0.041576,-0.063878,-0.88786,0.030095,0.0011602,-0.85156,0.053011
0.029371,0.71246,-0.012984,0.017553,0.53337,0.0040047,-0.15329,0.41358,-0.010095,0.18251,0.41257,0.028885,-0.27641,0.19606,-0.04226,0.28,0.1658,0.03116,-0.44632,0.00033071,-0.14657,0.44533,0.021354,-0.09393,-0.00067952,0.17938,0.028834,0,0.11047,0,-0.079955,0.045699,-0.0078022,0.073477,0.029241,0.0011855,-0.067347,-0.53428,0.017397,0.045741,-0.5184,0.02594,-0.064419,-0.89574,0.025591,-0.0043072,-0.86362,0.037118
0.017688,0.67421,-0.017321,0.01831,0.498,-0.0031392,-0.15479,0.37154,-0.012778,0.1744,0.37128,0.026864,-0.28669,0.14205,-0.043171,0.28679,0.11649,0.02841,-0.43627,-0.016382,-0.14936,0.48002,-0.037871,-0.11293,-0.00039379,0.14653,0.025652,0,0.076323,0,-0.077866,-0.0015852,-0.0054368,0.071969,0.0040784,0.0020289,-0.074531,-0.54511,0.0034344,0.051513,-0.53072,0.0063472,-0.058034,-0.90537,0.039984,0.0056077,-0.87103,0.033687
0.020761,0.62849,-0.0013743,0.010854,0.43899,0.0091555,-0.1518,0.3251,-0.0056779,0.16941,0.32803,0.03325,-0.28995,0.11719,-0.040525,0.28268,0.10974,0.033254,-0.42875,-0.063796,-0.15034,0.46509,-0.086088,-0.1043,-0.0015052,0.10199,0.026717,0,0.039002,0,-0.076999,-0.02948,-0.007254,0.072727,-0.033627,0.00032822,-0.078622,-0.54664,-0.0055046,0.053473,-0.5328,-0.0069468,-0.06669,-0.9102,0.059227,-0.0023398,-0.89454,0.052633
0.019125,0.62571,-0.0025836,0.011334,0.43864,0.0096643,-0.15056,0.32509,-0.0043476,0.1722,0.32512,0.03555,-0.28865,0.11226,-0.036843,0.29592,0.072941,0.040353,-0.43783,-0.084596,-0.14256,0.4415,-0.095064,-0.052346,-0.0012801,0.10156,0.026362,0,0.037943,0,-0.077288,-0.031735,-0.0082487,0.072457,-0.035431,0.00041716,-0.076763,-0.54671,-0.01287,0.056893,-0.53685,-0.013249,-0.065432,-0.91025,0.059773,0.00077211,-0.90154,0.055368
0.018228,0.63355,-0.0046437,0.013452,0.45135,0.013734,-0.14983,0.34954,-0.0021766,0.17422,0.34106,0.0402,-0.28636,0.11648,-0.027852,0.28796,0.091303,0.049249,-0.41837,-0.060729,-0.087725,0.45687,-0.099743,-0.052092,-0.0012772,0.11105,0.02674,0,0.045507,0,-0.077125,-0.025288,-0.0098871,0.072031,-0.029008,0.00087924,-0.074969,-0.54577,-0.011509,0.056718,-0.53664,-0.012903,-0.064305,-0.90913,0.061405,-0.0023633,-0.9036,0.050371
0.028183,0.68742,4.5841e-06,0.02311,0.51712,0.024549,-0.14065,0.40674,0.011205,0.1803,0.38774,0.047501,-0.27096,0.1547,0.0080763,0.28141,0.1294,0.059794,-0.40947,-0.017462,-0.048831,0.43712,-0.037672,0.015123,0.00050995,0.16407,0.029772,0,0.09627,0,-0.077984,0.030448,-0.011048,0.070067,0.017918,-0.0018062,-0.068917,-0.54297,-0.00054735,0.054459,-0.52932,-0.0016329,-0.057948,-0.90602,0.062483,-0.00048585,-0.90282,0.042366
0.026707,0.73689,0.015691,0.018506,0.53707,0.021967,-0.14528,0.42883,0.0058072,0.18061,0.43223,0.035844,-0.27332,0.19765,0.0048399,0.28005,0.20187,0.061395,-0.41449,0.010521,-0.04446,0.44442,-0.0091019,0.014571,0.00048526,0.18205,0.030085,0,0.1139,0,-0.078345,0.042536,-0.010082,0.072072,0.0382,-0.0023498,-0.056987,-0.54243,0.010369,0.047676,-0.52609,0.0082579,-0.052619,-0.89933,0.058167,-0.0048914,-0.88718,0.019352
0.028654,0.7591,0.019773,0.019929,0.57546,0.018227,-0.14158,0.45729,0.0069936,0.18287,0.44483,0.03654,-0.28084,0.22746,0.01405,0.28851,0.19874,0.062981,-0.43651,0.04643,-0.031252,0.47659,0.02316,0.0024819,0.00058455,0.22144,0.029637,0,0.15301,0,-0.075983,0.090811,-0.0083541,0.069623,0.069253,-0.0022637,-0.054823,-0.53188,0.013188,0.038615,-0.52484,0.01677,-0.05047,-0.88886,0.056096,0.002673,-0.86952,0.022809
0.031849,0.76848,0.015597,0.020911,0.57791,0.018351,-0.14001,0.4802,0.010341,0.18639,0.45371,0.039381,-0.28584,0.25077,0.010564,0.28923,0.25216,0.073816,-0.44534,0.063616,-0.049393,0.48888,0.045962,-0.0010626,0.00076607,0.22788,0.029879,0,0.1606,0,-0.076008,0.097106,-0.0076564,0.06904,0.076884,-0.0035582,-0.052423,-0.52554,0.014437,0.040944,-0.50735,0.015544,-0.053532,-0.85464,0.024886,-0.0038635,-0.84595,0.027431
0.035034,0.77809,0.013676,0.024237,0.58559,0.017392,-0.14092,0.48853,0.011874,0.17954,0.46978,0.037294,-0.2889,0.25973,0.0034134,0.29643,0.24768,0.066796,-0.46256,0.085469,-0.086484,0.50132,0.065207,-0.047772,0.0015204,0.2333,0.029845,0,0.1655,0,-0.075842,0.10243,-0.0068671,0.067191,0.084932,-0.0039259,-0.050046,-0.52006,0.015683,0.042361,-0.50515,0.016758,-0.055889,-0.84072,0.039182,-0.0061547,-0.83502,0.019681
0.034236,0.77909,0.012792,0.02461,0.58613,0.019012,-0.14179,0.48855,0.011878,0.18156,0.46999,0.041015,-0.29012,0.26081,0.0027285,0.29616,0.24644,0.065762,-0.45769,0.098484,-0.097905,0.45468,0.10538,-0.03579,0.0012405,0.23459,0.030237,0,0.16711,0,-0.076059,0.10304,-0.0071889,0.067311,0.085822,-0.0041624,-0.050042,-0.51949,0.015738,0.046551,-0.49923,0.015133,-0.057288,-0.83643,0.032929,-0.001971,-0.83737,0.021271
0.032317,0.77454,0.015114,0.027136,0.57484,0.038537,-0.14189,0.4804,0.011721,0.18238,0.46342,0.047293,-0.29064,0.25987,-0.00079672,0.29402,0.24206,0.063096,-0.4626,0.089528,-0.11212,0.49768,0.073563,-0.081498,0.00064235,0.23063,0.033519,0,0.16565,0,-0.07639,0.10006,-0.0091802,0.06737,0.08547,-0.0041166,-0.051035,-0.52256,0.013478,0.047112,-0.50319,0.012008,-0.060531,-0.83836,0.028898,0.0017132,-0.85042,0.025864
0.03613,0.7411,0.018427,0.026333,0.556,0.038447,-0.14593,0.44771,0.012381,0.18659,0.44707,0.051788,-0.28758,0.22678,-0.015673,0.28154,0.21438,0.043918,-0.46355,0.064596,-0.12512,0.45152,0.071757,-0.062527,0.00040963,0.20944,0.03633,0,0.14527,0,-0.079939,0.076842,-0.013516,0.070741,0.06189,-0.0030915,-0.054698,-0.52777,0.0038378,0.048284,-0.50153,0.0025075,-0.064693,-0.85912,0.012701,-0.0057298,-0.87702,0.016446
0.034835,0.70141,0.019731,0.023724,0.53007,0.041361,-0.14285,0.41075,0.0070467,0.18405,0.4018,0.060006,-0.28183,0.19479,-0.02133,0.24977,0.15518,0.041819,-0.45604,0.012888,-0.14124,0.47054,0.011605,-0.10471,-0.0017696,0.17085,0.038446,0,0.10303,0,-0.078413,0.03795,-0.015012,0.070828,0.027273,-0.004707,-0.064866,-0.53881,-0.015086,0.051448,-0.51545,-0.011164,-0.06868,-0.86905,0.0064462,-0.0011218,-0.90509,0.036096
0.021672,0.65606,0.012795,0.020086,0.4688,0.035996,-0.15226,0.35858,0.0075235,0.18239,0.35355,0.055164,-0.28119,0.14336,-0.025072,0.28158,0.11143,0.039607,-0.44316,-0.030801,-0.12993,0.46385,-0.037065,-0.091879,-0.0015731,0.12742,0.039113,0,0.067291,0,-0.077993,-0.010095,-0.015967,0.071096,-0.011611,-0.0018804,-0.070334,-0.54279,-0.028747,0.052087,-0.51801,-0.019349,-0.077333,-0.8746,-0.0010223,-0.0034291,-0.90448,0.035141
0.02966,0.61376,0.024082,0.010652,0.42282,0.038955,-0.14264,0.31213,0.010727,0.17331,0.30804,0.055893,-0.28682,0.10324,-0.018793,0.28278,0.089045,0.041435,-0.43055,-0.047768,-0.11127,0.47489,-0.093803,-0.10134,-0.0035292,0.080295,0.040543,0,0.01726,0,-0.075468,-0.047105,-0.01686,0.071755,-0.054847,-0.0010158,-0.076055,-0.54659,-0.037332,0.058131,-0.54251,-0.042586,-0.075454,-0.87802,-0.00085632,-0.0017956,-0.90748,0.038657
0.027932,0.6125,0.023236,0.011817,0.42175,0.038503,-0.14248,0.3105,0.010358,0.17295,0.3064,0.056006,-0.28645,0.089116,-0.010765,0.28664,0.075675,0.04885,-0.43266,-0.098154,-0.081546,0.45134,-0.10349,-0.050191,-0.0036097,0.079545,0.041512,0,0.016588,0,-0.075689,-0.048971,-0.016585,0.071565,-0.055707,-0.00081139,-0.076099,-0.54491,-0.044548,0.057819,-0.54272,-0.044396,-0.069206,-0.91828,0.046283,-0.0017692,-0.90796,0.038741
0.025898,0.61901,0.02332,0.011342,0.42874,0.037221,-0.14216,0.31648,0.009745,0.17518,0.31371,0.053861,-0.28618,0.093383,-0.0073869,0.28787,0.080573,0.052521,-0.43283,-0.096725,-0.077117,0.48457,-0.12686,-0.034471,-0.0035714,0.087153,0.042272,0,0.024431,0,-0.075647,-0.044021,-0.016583,0.071713,-0.049266,-0.0012414,-0.072596,-0.5476,-0.040773,0.057759,-0.53489,-0.043627,-0.06701,-0.91828,0.050837,-0.0017849,-0.90796,0.037353
0.028474,0.67766,0.014422,0.020332,0.49579,0.037619,-0.1459,0.38296,0.017611,0.18275,0.37218,0.05333,-0.28035,0.14217,0.030492,0.28578,0.1119,0.064748,-0.41622,-0.022171,-0.029286,0.45284,-0.042164,0.022037,-0.0010821,0.1458,0.043363,0,0.081366,0,-0.079471,0.011298,-0.015476,0.072246,0.004161,-0.0025039,-0.070834,-0.54411,-0.019163,0.05179,-0.52862,-0.022412,-0.066984,-0.91556,0.055639,-0.0030894,-0.90669,0.036338
0.049243,0.71674,0.01732,0.026337,0.54175,0.046899,-0.13735,0.43443,0.0099045,0.18082,0.41966,0.05184,-0.28716,0.1872,0.013489,0.27283,0.17013,0.056633,-0.43343,0.00053351,-0.035716,0.4492,0.005788,0.0039451,-0.0013188,0.17359,0.045215,0,0.10646,0,-0.078733,0.041354,-0.016647,0.070932,0.031574,-0.0024956,-0.06329,-0.53869,-0.00078847,0.043832,-0.52672,0.0089959,-0.065962,-0.89596,0.040865,0.012231,-0.84837,0.037362
0.039212,0.75186,0.013606,0.024237,0.56004,0.040494,-0.13843,0.45301,0.011202,0.17984,0.44032,0.043764,-0.28834,0.23632,0.027097,0.27773,0.22648,0.05638,-0.45203,0.056115,-0.04346,0.47553,0.046819,-8.0681e-05,-0.00050371,0.20642,0.044951,0,0.14224,0,-0.075463,0.079505,-0.014204,0.068029,0.061143,-0.0030567,-0.061751,-0.53816,0.0064893,0.045401,-0.52069,0.012332,-0.065306,-0.88335,0.043959,0.0058873,-0.8574,0.04357
0.043901,0.77296,0.015242,0.024859,0.56816,0.036033,-0.13732,0.46753,0.011879,0.18103,0.45451,0.046476,-0.29183,0.25776,0.016748,0.27908,0.23024,0.053701,-0.46724,0.086447,-0.070534,0.48869,0.082311,-0.037111,-0.00062597,0.22036,0.044879,0,0.1567,0,-0.07521,0.088031,-0.013406,0.06654,0.085477,-0.003098,-0.059536,-0.52434,0.012793,0.044549,-0.48991,0.017621,-0.070377,-0.84694,0.045542,0.00086159,-0.80883,0.062178
0.043553,0.77792,0.013545,0.025236,0.58765,0.032997,-0.13951,0.48346,0.012875,0.17934,0.46582,0.039115,-0.29493,0.26231,0.011205,0.28283,0.24866,0.043877,-0.4779,0.092407,-0.091035,0.49867,0.10226,-0.057708,0.00046742,0.23589,0.045136,0,0.17093,0,-0.074747,0.10308,-0.0092068,0.06611,0.096747,-0.0059676,-0.057209,-0.47502,0.019902,0.054261,-0.4741,0.025569,-0.065851,-0.79238,0.065308,0.0043508,-0.79537,0.070738
0.042257,0.78269,0.0095662,0.022212,0.58899,0.031036,-0.1411,0.48747,0.012436,0.18187,0.46944,0.038281,-0.29511,0.26645,0.0067479,0.28512,0.25102,0.039797,-0.48264,0.097102,-0.099362,0.50791,0.11064,-0.10689,-0.00010325,0.24254,0.044795,0,0.17942,0,-0.074612,0.10545,-0.010227,0.067902,0.10765,-0.0052773,-0.055401,-0.47704,0.021107,0.054993,-0.4738,0.028894,-0.064031,-0.80008,0.065799,0.0061848,-0.79465,0.072731
0.040394,0.7836,0.011853,0.022399,0.58813,0.029758,-0.13961,0.48369,0.009932,0.18407,0.46685,0.043673,-0.29058,0.27105,-0.00010268,0.28505,0.25017,0.037629,-0.46882,0.10539,-0.10754,0.50815,0.11016,-0.10892,-0.0010665,0.24184,0.044424,0,0.17824,0,-0.074736,0.10375,-0.010584,0.067748,0.10694,-0.004012,-0.051318,-0.51658,0.043526,0.050834,-0.49993,0.041777,-0.069878,-0.85822,0.058366,0.0039545,-0.79586,0.072468
0.039923,0.76906,0.0037801,0.018911,0.57426,0.02899,-0.14132,0.47426,0.0040386,0.18224,0.46271,0.038701,-0.28929,0.26477,-0.010727,0.29818,0.19348,0.016739,-0.45315,0.086153,-0.11654,0.50231,0.092034,-0.12437,-0.0015458,0.23535,0.044221,0,0.17242,0,-0.075624,0.10097,-0.013145,0.06982,0.096513,0.00011185,-0.052099,-0.51977,0.037619,0.048077,-0.51572,0.036574,-0.056191,-0.90389,0.062635,0.0053859,-0.80433,0.068615
0.037246,0.73969,0.0065993,0.012577,0.5478,0.026887,-0.14413,0.42332,-0.0040395,0.17623,0.42442,0.042238,-0.2873,0.232,-0.026448,0.28242,0.18775,0.010504,-0.44984,0.032231,-0.12806,0.48353,0.045825,-0.1432,-0.0040948,0.19811,0.043702,0,0.13269,0,-0.076244,0.053056,-0.012594,0.070681,0.072309,-0.0032034,-0.054997,-0.5388,0.027216,0.045724,-0.52069,0.027248,-0.060027,-0.89387,0.067257,-0.011541,-0.88386,0.076583
0.039999,0.68548,-0.010698,0.021896,0.5022,0.012923,-0.14299,0.39927,-0.00096359,0.17374,0.37314,0.038479,-0.27133,0.18304,-0.013412,0.28472,0.13539,0.020225,-0.42103,-0.0048021,-0.10382,0.48115,-0.00587,-0.13185,-0.0016422,0.15735,0.040002,0,0.09125,0,-0.073569,0.011115,-0.011633,0.065683,0.025914,0.0024901,-0.061199,-0.53431,0.013485,0.053059,-0.5249,0.021803,-0.06448,-0.87267,0.072658,-0.0093397,-0.88945,0.084114
0.02793,0.63967,-0.00019253,0.013784,0.4439,0.034396,-0.14556,0.33116,0.0024791,0.17094,0.35042,0.042215,-0.27602,0.13155,-0.023495,0.2911,0.096913,0.027053,-0.41724,-0.050161,-0.087636,0.48705,-0.070435,-0.12268,-0.0025432,0.11475,0.043739,0,0.056698,0,-0.071808,-0.023469,-0.014502,0.066463,-0.0021787,-0.0011222,-0.071623,-0.51969,0.0021665,0.059843,-0.52515,0.009756,-0.069436,-0.86895,0.076352,-0.0051543,-0.89576,0.09128
0.023941,0.62677,-0.00060602,0.011586,0.43837,0.033099,-0.14699,0.32389,0.0062271,0.16784,0.3237,0.045777,-0.27824,0.10686,-0.011258,0.29832,0.065596,0.038936,-0.42692,-0.093676,-0.08284,0.48555,-0.090668,-0.10822,-0.0034968,0.098684,0.043984,0,0.034688,0,-0.073052,-0.034052,-0.014195,0.07169,-0.04547,-0.0017658,-0.073339,-0.52289,0.00092783,0.063294,-0.52758,0.00060052,-0.070537,-0.86734,0.075764,-0.0040274,-0.89956,0.096885
0.021395,0.62835,-0.00071788,0.011679,0.4407,0.031035,-0.1487,0.3257,0.0069523,0.16871,0.33364,0.042336,-0.27778,0.11134,-0.0043109,0.28711,0.10407,0.046288,-0.42527,-0.088513,-0.07048,0.47754,-0.087927,-0.085466,-0.0029224,0.10038,0.044042,0,0.036695,0,-0.073951,-0.033451,-0.014326,0.072659,-0.038825,-0.00064086,-0.072132,-0.52734,-0.00044099,0.0626,-0.52911,-0.0034445,-0.07174,-0.86892,0.077885,-0.0054865,-0.90029,0.095818
0.019605,0.67611,-0.0058686,0.016342,0.49562,0.02073,-0.14597,0.38695,0.016382,0.17295,0.37276,0.039475,-0.27827,0.14854,0.033664,0.28856,0.11884,0.050059,-0.41222,-0.019849,-0.042353,0.48219,-0.036708,-0.040896,-0.00045238,0.13848,0.04199,0,0.070103,0,-0.074673,-0.0010375,-0.012202,0.069713,-0.0011116,4.034e-05,-0.062125,-0.53369,0.01242,0.058577,-0.52359,0.0045365,-0.071981,-0.86878,0.080131,-0.011467,-0.89979,0.08932
0.022061,0.72235,0.0060061,0.012252,0.53548,0.035585,-0.14715,0.42878,0.022323,0.17802,0.42549,0.04298,-0.27767,0.20689,0.02751,0.28333,0.17673,0.042406,-0.43852,0.017647,-0.052304,0.47529,0.011372,-0.025441,-0.00064774,0.18267,0.044994,0,0.11738,0,-0.077811,0.046425,-0.0099467,0.073572,0.043067,-0.0070339,-0.057942,-0.53913,0.029432,0.04023,-0.54961,0.04286,-0.068111,-0.87742,0.084311,-0.014729,-0.89204,0.093896
0.01349,0.75253,-0.00099201,0.012229,0.55912,0.040261,-0.14732,0.46544,0.022833,0.17201,0.44589,0.037244,-0.24889,0.27411,0.024472,0.28829,0.22786,0.039511,-0.45162,0.065197,-0.038381,0.47602,0.072281,-0.025001,-0.0001937,0.1993,0.046172,0,0.13387,0,-0.073829,0.065575,-0.011153,0.069939,0.062162,-0.006614,-0.047408,-0.54763,0.041209,0.068897,-0.49243,0.034986,-0.067329,-0.87479,0.083675,-0.010337,-0.87774,0.09445
0.017355,0.77461,0.004575,0.011762,0.58069,0.032134,-0.14803,0.47923,0.02636,0.16815,0.4706,0.033738,-0.28901,0.27122,0.020971,0.29353,0.25387,0.040536,-0.46549,0.076367,-0.056589,0.49992,0.093023,-0.059063,0.00083943,0.22515,0.045219,0,0.15966,0,-0.071242,0.096487,-0.0076179,0.067913,0.081679,-0.0069285,-0.044228,-0.52443,0.040668,0.055176,-0.50139,0.035114,-0.068039,-0.85723,0.079085,0.01507,-0.81364,0.092901
0.018808,0.78295,0.0088199,0.012685,0.58285,0.0315,-0.14781,0.48153,0.023738,0.16862,0.47386,0.033352,-0.29082,0.27594,0.018596,0.29587,0.25878,0.037044,-0.47118,0.10272,-0.076376,0.50286,0.10186,-0.072456,0.00082041,0.23382,0.045191,0,0.17026,0,-0.072138,0.10079,-0.006317,0.067977,0.10022,-0.0087933,-0.04196,-0.48736,0.031749,0.056102,-0.48276,0.032846,-0.065431,-0.80372,0.068944,0.0094459,-0.81077,0.09168
0.021537,0.7908,0.006791,0.013962,0.59096,0.022172,-0.14982,0.48656,0.02203,0.1713,0.47673,0.034101,-0.28752,0.28375,0.0073383,0.29581,0.26106,0.035941,-0.47408,0.10345,-0.082788,0.50389,0.10599,-0.096397,0.00064801,0.24247,0.043354,0,0.17752,0,-0.073052,0.10538,-0.0058466,0.067789,0.10402,-0.007253,-0.043946,-0.48704,0.032983,0.054566,-0.46464,0.025309,-0.062289,-0.80026,0.067057,0.021715,-0.78581,0.063445
0.024039,0.78707,0.00056568,0.01206,0.58937,0.021686,-0.15242,0.48507,0.020938,0.17227,0.47679,0.033646,-0.28549,0.27089,0.00021179,0.29691,0.25357,0.029426,-0.46563,0.089353,-0.12113,0.50069,0.096648,-0.095944,0.0002293,0.24299,0.042468,0,0.17847,0,-0.073122,0.1046,-0.0057806,0.069578,0.10744,-0.007022,-0.036178,-0.51673,0.033761,0.061401,-0.47473,0.025602,-0.042577,-0.85085,0.035177,0.045794,-0.80125,0.025881
0.024643,0.77633,-0.001664,0.0084118,0.57879,0.019042,-0.15491,0.47327,0.015879,0.17582,0.45898,0.027142,-0.25838,0.28129,-9.26e-05,0.31372,0.19886,0.025018,-0.43083,0.075866,-0.089518,0.48212,0.057673,-0.10063,-0.00015242,0.23644,0.041112,0,0.17165,0,-0.073626,0.091324,-0.0058952,0.071737,0.10144,-0.0061409,-0.039241,-0.53042,0.031201,0.046778,-0.52195,0.012782,-0.045557,-0.85233,0.035093,0.043805,-0.85933,-0.0010699
0.023097,0.73224,-0.0050435,0.0048094,0.54245,0.019341,-0.15522,0.42659,0.0071705,0.17705,0.42479,0.030049,-0.27725,0.2142,-0.013333,0.28458,0.17707,0.021741,-0.44329,0.013764,-0.10571,0.4698,-0.0014687,-0.098587,-0.0019571,0.19701,0.040076,0,0.13165,0,-0.077763,0.04396,-0.0062454,0.075131,0.070863,-0.0056064,-0.044832,-0.54114,0.01083,0.052406,-0.52441,0.0074162,-0.046766,-0.88476,0.04444,0.040804,-0.87159,-0.0061923
0.016213,0.68666,-0.018217,0.0062553,0.50006,0.0025845,-0.15677,0.38369,0.0069331,0.17564,0.37513,0.033298,-0.27026,0.19803,-0.0012762,0.26332,0.12667,0.03163,-0.41643,-0.024571,-0.077499,0.45738,-0.066464,-0.092051,-0.0019373,0.14998,0.034924,0,0.081572,0,-0.075286,0.011314,-0.0036847,0.072314,0.0082046,-0.0018557,-0.048168,-0.54757,-0.0023251,0.060405,-0.5328,-0.010606,-0.047844,-0.90393,0.05025,0.045047,-0.87693,-0.017723
0.0098682,0.63802,-0.0047061,0.0062266,0.44537,0.019051,-0.1536,0.33299,0.010112,0.17113,0.35237,0.036994,-0.25686,0.13748,0.00017053,0.27407,0.09051,0.037946,-0.42076,-0.093305,-0.079577,0.45289,-0.11745,-0.08451,-0.0017933,0.11209,0.036739,0,0.050088,0,-0.07454,-0.028222,-0.0073447,0.072289,-0.018498,-0.0034922,-0.064109,-0.54644,-0.018043,0.067543,-0.53766,-0.026451,-0.051578,-0.91154,0.056111,0.014459,-0.91432,0.045633
0.0070012,0.62621,-0.0028633,0.0063588,0.4387,0.024267,-0.15331,0.32052,0.021035,0.1658,0.31424,0.042556,-0.27307,0.084908,-0.00066012,0.2795,0.081677,0.039136,-0.42039,-0.10717,-0.071468,0.42229,-0.10514,-0.032174,-0.0014406,0.099481,0.038147,0,0.035008,0,-0.074339,-0.037131,-0.0076354,0.072124,-0.036269,-0.0054295,-0.066444,-0.54316,-0.022165,0.069699,-0.53915,-0.040959,-0.050994,-0.91166,0.058077,0.019864,-0.91336,0.047841
0.0070246,0.62697,0.00051251,0.0067893,0.44066,0.023577,-0.15232,0.32208,0.02098,0.16697,0.32115,0.043174,-0.27425,0.087526,0.0017676,0.27992,0.083193,0.042977,-0.42417,-0.099436,-0.0493,0.42671,-0.0855,-0.011908,-0.0014104,0.10051,0.038024,0,0.035942,0,-0.074432,-0.035946,-0.0087759,0.072087,-0.035328,-0.0046987,-0.065588,-0.54179,-0.022959,0.069401,-0.53862,-0.04083,-0.051176,-0.91017,0.054696,0.021808,-0.91282,0.051546
0.011146,0.64327,0.0054313,0.0102,0.47732,0.023409,-0.1456,0.3795,0.027652,0.17655,0.36904,0.041763,-0.28109,0.14724,0.031615,0.29425,0.13184,0.058336,-0.41329,-0.019098,-0.033715,0.47443,-0.037416,-0.019633,-7.6097e-06,0.13532,0.037896,0,0.071116,0,-0.074452,-0.0033202,-0.0076363,0.07088,0.0002364,-0.0052635,-0.059292,-0.54221,-0.012286,0.06401,-0.53549,-0.027215,-0.049731,-0.90985,0.060857,0.023874,-0.91157,0.067092
0.015371,0.71409,0.010876,0.0061634,0.53341,0.03681,-0.1491,0.42242,0.020308,0.17712,0.42097,0.047862,-0.25531,0.22698,0.02313,0.29028,0.18617,0.060524,-0.44248,0.026409,-0.036659,0.48671,0.015175,-0.0063014,-0.0021579,0.18195,0.040968,0,0.11698,0,-0.077668,0.042223,-0.010082,0.07551,0.045938,-0.0073484,-0.054847,-0.53675,0.00093975,0.049198,-0.53304,-9.1683e-05,-0.036279,-0.89378,0.048333,0.023481,-0.88221,0.081923
0.0050668,0.75333,0.019228,0.0063957,0.5609,0.02385,-0.15873,0.45211,0.027221,0.1773,0.43937,0.051756,-0.2956,0.23609,0.020342,0.29477,0.23844,0.064547,-0.47534,0.061658,-0.061804,0.49329,0.067145,-0.029401,-0.0018069,0.20419,0.039247,0,0.13708,0,-0.076587,0.061342,-0.0095717,0.074366,0.05932,-0.0046071,-0.051264,-0.53947,0.010087,0.050281,-0.53917,0.013797,-0.04543,-0.8832,0.056599,0.018007,-0.82496,0.076043
