0.014883,0.6811,-0.0070753,0.013187,0.50058,0.012967,-0.16682,0.39348,0.019933,0.17726,0.37928,0.0026919,-0.33706,0.17519,0.024646,0.3003,0.12983,-0.0090296,-0.47628,0.054177,-0.079712,0.4538,0.0084337,-0.13545,0.0035261,0.15376,0.027498,0,0.086554,0,-0.073869,0.010965,-0.0094192,0.068936,0.0072495,-0.00030907,-0.081422,-0.51244,0.025459,0.05922,-0.51453,0.0082431,-0.066284,-0.90607,0.040877,-0.001307,-0.90217,0.036698
0.010163,0.73291,0.0032452,0.0081014,0.541,0.02107,-0.16502,0.44627,0.021701,0.17317,0.42682,-0.0017221,-0.30372,0.21636,0.033639,0.29331,0.17588,-0.014486,-0.46208,0.066383,-0.060958,0.44875,0.006826,-0.085955,0.0032167,0.1916,0.029329,0,0.12475,0,-0.071646,0.050742,-0.0081246,0.068747,0.049659,-0.0043954,-0.06793,-0.485,0.028212,0.0508,-0.48659,0.022345,-0.067454,-0.89957,0.033884,0.0024348,-0.8786,0.026108
0.014193,0.76894,-0.0031823,0.0092544,0.58235,0.016236,-0.16485,0.47908,0.021544,0.17114,0.45926,-0.0057011,-0.32509,0.26505,0.038335,0.29048,0.21001,0.0034997,-0.45151,0.076432,-0.015178,0.4458,0.014183,-0.038231,0.0037337,0.2272,0.0287,0,0.15858,0,-0.070919,0.084196,-0.0074945,0.067667,0.080868,-0.0032878,-0.052267,-0.45135,0.028138,0.042027,-0.45485,0.027026,-0.060862,-0.88759,0.028486,0.006968,-0.88504,0.02798
0.0089221,0.79505,-0.0077267,0.0084596,0.59821,0.013358,-0.16369,0.49878,0.028034,0.17439,0.47999,0.0028186,-0.2973,0.26231,0.064251,0.28855,0.22819,0.011266,-0.44319,0.087041,-0.00015824,0.44722,0.021243,-0.032462,0.003345,0.25585,0.027824,0,0.19015,0,-0.071109,0.11447,-0.005132,0.068502,0.11322,-0.0045056,-0.045381,-0.42131,0.024937,0.022285,-0.4221,0.011967,-0.05949,-0.82244,0.05816,0.016342,-0.82116,0.05762
0.012072,0.80536,-0.0071289,0.0080011,0.6061,0.013671,-0.16269,0.52214,0.031483,0.17788,0.4979,0.010402,-0.2876,0.28027,0.065059,0.27653,0.25612,0.041802,-0.44278,0.088915,0.0014001,0.45071,0.056057,-0.031403,0.0028697,0.26925,0.02781,0,0.20429,0,-0.071313,0.12746,-0.0050367,0.068699,0.12714,-0.0050821,-0.045682,-0.40903,0.015748,0.031947,-0.40919,0.0068976,-0.051544,-0.77878,0.083736,0.013436,-0.79506,0.064733
0.011751,0.81296,-0.012836,0.0091844,0.61545,0.012738,-0.16281,0.5224,0.030337,0.17681,0.50042,0.009979,-0.2867,0.28098,0.067897,0.27665,0.25603,0.04065,-0.44324,0.090138,0.0091323,0.45282,0.07089,-0.031053,0.002967,0.27278,0.027526,0,0.20687,0,-0.0713,0.13061,-0.0046906,0.068374,0.13056,-0.0046305,-0.046406,-0.40604,0.014966,0.047119,-0.40691,0.0010531,-0.052225,-0.77866,0.082249,0.012195,-0.78654,0.062909
0.010578,0.81453,-0.01233,0.0049869,0.61788,0.013877,-0.16345,0.52201,0.028156,0.17592,0.50334,0.011114,-0.28671,0.28073,0.067525,0.27677,0.25441,0.037042,-0.44503,0.090869,0.0038134,0.46362,0.083779,-0.04779,0.0022726,0.27379,0.027432,0,0.20771,0,-0.070891,0.13093,-0.0054901,0.068922,0.13216,-0.0033766,-0.044529,-0.40571,0.013692,0.048534,-0.40545,9.9013e-05,-0.056192,-0.77985,0.06235,0.012428,-0.78758,0.060768
0.010508,0.81188,-0.01671,0.0042392,0.60887,0.012082,-0.16442,0.5183,0.024591,0.17414,0.49839,0.0090676,-0.28359,0.27317,0.056859,0.27543,0.24892,0.024996,-0.44535,0.091147,-0.0035441,0.46626,0.093008,-0.070685,0.001961,0.26807,0.026813,0,0.20204,0,-0.070407,0.12595,-0.0071771,0.068656,0.12554,-0.00076712,-0.031431,-0.40998,0.01178,0.044513,-0.41198,0.0019247,-0.062214,-0.83903,0.033886,-0.0022085,-0.82392,0.020052
0.0049984,0.7734,-0.023491,0.002021,0.58708,0.0072021,-0.16913,0.49755,0.02552,0.17679,0.45888,0.01269,-0.27622,0.2434,0.039824,0.27838,0.21856,0.0087807,-0.45424,0.078722,-0.03472,0.46493,0.093995,-0.087056,0.0012135,0.24689,0.025354,0,0.18037,0,-0.071763,0.10208,-0.0074695,0.071018,0.098741,0.0012622,-0.030253,-0.43399,0.0064007,0.042635,-0.43868,0.0020395,-0.05619,-0.88681,0.01102,0.022687,-0.83021,0.02458
0.0060396,0.7343,-0.025024,0.0035745,0.53461,0.011425,-0.16965,0.44229,0.016847,0.17491,0.43423,0.0059343,-0.28412,0.18959,0.01777,0.27812,0.17583,-0.0040383,-0.45749,0.05518,-0.085649,0.48187,0.063817,-0.14799,0.0014009,0.19781,0.02587,0,0.13241,0,-0.072741,0.05258,-0.010399,0.071451,0.061251,0.00037569,-0.033063,-0.48396,-0.0032619,0.039501,-0.47618,-0.012217,-0.05601,-0.87664,0.018026,0.030988,-0.86572,0.018186
0.018299,0.68296,-0.021474,0.0011634,0.49764,0.0067098,-0.17058,0.39231,0.020967,0.17805,0.38054,0.02261,-0.27709,0.15057,0.01188,0.28108,0.15181,0.00055984,-0.45706,0.026797,-0.11151,0.48339,0.032205,-0.16225,3.8967e-05,0.16155,0.02443,0,0.095797,0,-0.072887,0.021078,-0.0097607,0.072398,0.010889,0.0020932,-0.049321,-0.51149,-0.019464,0.041924,-0.50677,-0.020805,-0.047235,-0.90044,0.03013,0.037852,-0.86521,0.013057
0.015427,0.624,-0.02586,0.0016284,0.43721,0.011569,-0.16434,0.33135,0.0084781,0.18116,0.31367,0.020844,-0.28336,0.09929,-0.0023634,0.28873,0.094576,-0.0084633,-0.45606,-0.011486,-0.11166,0.47625,-0.016295,-0.17325,-0.00073243,0.10242,0.025056,0,0.037365,0,-0.073316,-0.036391,-0.012564,0.07268,-0.0451,0.0029491,-0.061667,-0.51618,-0.045017,0.040217,-0.52254,-0.054053,-0.049196,-0.89858,0.032151,0.042946,-0.86479,-0.010531
0.012852,0.59195,-0.010445,0.012046,0.38661,0.0043122,-0.17116,0.27807,0.0061731,0.17946,0.27775,0.01558,-0.28347,0.051874,-0.011114,0.29868,0.049068,-0.010859,-0.44867,-0.035006,-0.11782,0.48704,-0.065038,-0.19471,0.0013367,0.056153,0.023032,0,-0.0086465,0,-0.077363,-0.086813,-0.010137,0.072677,-0.086149,0.0028538,-0.068831,-0.53745,-0.069041,0.051834,-0.52998,-0.076371,-0.046457,-0.913,0.029529,0.044641,-0.86361,-0.034176
0.010863,0.58899,-0.011439,0.011831,0.3858,0.0048433,-0.17075,0.27755,0.0075167,0.17884,0.26667,0.013308,-0.28439,0.049648,-0.007885,0.31228,0.032615,-0.0050774,-0.47258,-0.084331,-0.1405,0.48083,-0.088253,-0.16221,0.0015163,0.05355,0.022462,0,-0.011747,0,-0.0772,-0.089135,-0.010206,0.072589,-0.09063,0.0027668,-0.076376,-0.54055,-0.072763,0.055028,-0.53275,-0.079098,-0.047004,-0.914,0.030583,0.044964,-0.86255,-0.037386
0.0091968,0.59146,-0.0068541,0.006943,0.40032,0.011307,-0.16826,0.28667,0.010329,0.17786,0.27882,0.018337,-0.28016,0.063108,0.0032304,0.30595,0.049971,0.0066672,-0.44442,-0.04525,-0.070773,0.47817,-0.091797,-0.1269,0.00080731,0.060674,0.023189,0,-0.0049834,0,-0.076018,-0.080805,-0.011103,0.07283,-0.083223,0.0016693,-0.080192,-0.53541,-0.062391,0.058152,-0.53114,-0.070256,-0.047114,-0.9117,0.031519,0.047315,-0.86082,-0.029596
0.011547,0.65559,0.013418,0.0021338,0.46274,0.017903,-0.17082,0.35305,0.023925,0.18149,0.3436,0.028678,-0.28412,0.11372,0.036944,0.29657,0.095913,0.042234,-0.44011,-0.023349,-0.038291,0.46293,-0.062129,-0.072461,-3.1203e-05,0.12478,0.025212,0,0.05948,0,-0.074211,-0.018777,-0.01323,0.07337,-0.021081,0.0010429,-0.072988,-0.51432,-0.0079923,0.061799,-0.51917,-0.027063,-0.049885,-0.90368,0.035995,0.044458,-0.85827,0.0024716
0.016161,0.7157,0.027548,0.0040261,0.51939,0.028911,-0.16442,0.41039,0.028536,0.18053,0.39759,0.022678,-0.28227,0.16288,0.045609,0.28709,0.14332,0.038276,-0.44114,0.0082419,-0.032761,0.45438,-0.021207,-0.054742,0.0010213,0.17261,0.028682,0,0.10649,0,-0.073036,0.030535,-0.013972,0.071524,0.027362,-0.001785,-0.040431,-0.50507,0.017004,0.041906,-0.50299,0.0051441,-0.047644,-0.9125,0.03321,0.039683,-0.85441,0.018192
0.0026291,0.75838,0.024931,0.0081017,0.5514,0.032465,-0.16161,0.46239,0.038085,0.17669,0.44336,0.025882,-0.27583,0.21185,0.056121,0.28467,0.1893,0.039305,-0.43823,0.065668,0.010581,0.4578,-0.0013895,-0.045178,0.0022508,0.21023,0.031155,0,0.14598,0,-0.070066,0.075447,-0.010566,0.06685,0.068901,-0.0063017,-0.038166,-0.46059,0.01603,0.042275,-0.46818,0.010067,-0.048296,-0.90786,0.045187,0.04309,-0.82895,0.046339
0.0071706,0.77904,0.017128,0.011322,0.58638,0.028145,-0.16128,0.49284,0.045121,0.17929,0.46264,0.021937,-0.27581,0.24212,0.061406,0.29703,0.21815,0.042786,-0.43242,0.08755,0.008355,0.47025,0.049378,-0.035259,0.0036578,0.25071,0.031586,0,0.18727,0,-0.071488,0.10997,-0.01008,0.067905,0.10799,-0.005913,-0.027429,-0.4254,0.014261,0.058085,-0.42655,0.010743,-0.054915,-0.81256,0.068381,0.019567,-0.81099,0.073074
0.016749,0.80361,0.016539,0.0069726,0.60091,0.036632,-0.15958,0.50544,0.046765,0.17946,0.48483,0.023359,-0.27597,0.26909,0.066515,0.29348,0.24536,0.040045,-0.44336,0.11725,-0.00843,0.46985,0.074826,-0.049597,0.0033266,0.25812,0.034445,0,0.19446,0,-0.071051,0.12056,-0.0098347,0.068362,0.11575,-0.0066931,-0.044815,-0.41613,0.012761,0.053175,-0.42194,0.0058436,-0.048817,-0.77052,0.1073,0.018526,-0.77486,0.08412
0.015723,0.81061,0.014873,0.0045873,0.61674,0.039698,-0.1609,0.51263,0.044141,0.17784,0.49265,0.023984,-0.28163,0.27303,0.06412,0.29246,0.24907,0.035473,-0.45206,0.12126,-0.016466,0.47969,0.095531,-0.087321,0.0026975,0.26785,0.036757,0,0.2033,0,-0.071112,0.12836,-0.011156,0.069278,0.12641,-0.0065256,-0.042881,-0.40836,0.010053,0.05014,-0.41118,0.0061101,-0.051212,-0.76984,0.10216,0.018654,-0.77234,0.084415
0.017908,0.81692,0.015423,0.0058813,0.6174,0.038161,-0.16053,0.51903,0.044067,0.17861,0.49581,0.022077,-0.28399,0.27402,0.059684,0.29384,0.25649,0.023617,-0.46259,0.11951,-0.028103,0.48474,0.10023,-0.10207,0.0031168,0.27208,0.03805,0,0.20867,0,-0.071923,0.1344,-0.010536,0.069745,0.13121,-0.0077175,-0.040988,-0.40231,0.0092092,0.049733,-0.40637,0.0056428,-0.051165,-0.76904,0.098255,0.015193,-0.7771,0.082635
0.017074,0.81697,0.015678,0.0058902,0.61733,0.037288,-0.16085,0.51898,0.043171,0.17774,0.49966,0.024282,-0.28435,0.27292,0.057708,0.29164,0.25908,0.021059,-0.46279,0.11726,-0.030105,0.48072,0.10341,-0.10779,0.0029098,0.27203,0.039208,0,0.20871,0,-0.071986,0.1343,-0.011012,0.06982,0.13138,-0.0066126,-0.036714,-0.40173,0.015448,0.046823,-0.40594,0.010101,-0.045233,-0.79152,0.09816,-0.014026,-0.78634,0.077345
0.017593,0.79803,0.0015759,0.012373,0.59988,0.035622,-0.16285,0.51349,0.040956,0.18057,0.48729,0.025202,-0.27766,0.2616,0.049319,0.29433,0.24086,0.0097542,-0.45244,0.10757,-0.034835,0.47799,0.092601,-0.1232,0.0033125,0.26234,0.040183,0,0.19989,0,-0.07446,0.12412,-0.011591,0.069455,0.11875,-0.0043742,-0.035268,-0.41148,0.017589,0.045572,-0.41859,0.012278,-0.050872,-0.84373,0.074237,-0.014216,-0.8239,0.076025
0.0079988,0.75731,-0.0093257,0.0087913,0.55704,0.038527,-0.16403,0.46814,0.033968,0.18151,0.44973,0.017703,-0.27502,0.22041,0.033093,0.28931,0.2076,-0.0044519,-0.44022,0.062229,-0.045595,0.46679,0.059172,-0.14388,0.0030057,0.22525,0.041943,0,0.16521,0,-0.075203,0.077869,-0.01355,0.071291,0.098181,-0.0071252,-0.039893,-0.45863,0.0074852,0.033153,-0.43873,0.0024013,-0.062955,-0.84491,0.067388,-0.00644,-0.82406,0.060544
0.011869,0.7132,-0.012332,0.01192,0.52943,0.038613,-0.1643,0.42834,0.035903,0.18149,0.4064,0.023789,-0.2678,0.16972,0.024591,0.28444,0.15853,0.0035839,-0.43464,0.0087848,-0.062991,0.46569,0.0006743,-0.15099,0.0030797,0.19426,0.042877,0,0.13316,0,-0.075153,0.052892,-0.017011,0.070244,0.056244,-0.0024217,-0.043014,-0.48426,-0.0036505,0.03571,-0.47955,-0.003868,-0.056897,-0.86736,0.071373,-0.003021,-0.86534,0.052677
0.016611,0.66645,-0.01647,0.0096278,0.46416,0.021937,-0.16204,0.37113,0.024517,0.17969,0.35839,0.029674,-0.27777,0.11859,0.024242,0.27961,0.10716,0.0034479,-0.42643,-0.029136,-0.050056,0.42435,-0.029798,-0.11268,0.00089067,0.13163,0.039851,0,0.069231,0,-0.075937,-0.0064529,-0.016482,0.07217,-0.0095913,0.0027964,-0.05928,-0.51469,-0.017168,0.049203,-0.49119,-0.013028,-0.06014,-0.89137,0.08055,0.010672,-0.87776,0.03997
0.012767,0.61727,-0.0086401,0.00617,0.41403,0.024744,-0.16654,0.31009,0.021639,0.1801,0.30583,0.025185,-0.2797,0.069759,0.024635,0.29012,0.051374,0.0036265,-0.42216,-0.081925,-0.050776,0.46415,-0.11043,-0.15048,0.00058653,0.084313,0.040173,0,0.022848,0,-0.076239,-0.055911,-0.015319,0.073848,-0.053184,0.00016564,-0.077022,-0.52216,-0.033175,0.059269,-0.50547,-0.029124,-0.059867,-0.89419,0.076915,0.022339,-0.83905,0.051628
0.0098055,0.6058,-0.010083,0.0050113,0.40568,0.024129,-0.16674,0.2918,0.01513,0.178,0.29516,0.02207,-0.29203,0.048513,0.03524,0.29297,0.042265,0.0025086,-0.42976,-0.099797,-0.056364,0.46536,-0.13854,-0.13472,5.1302e-05,0.071912,0.039884,0,0.0093583,0,-0.075861,-0.070657,-0.01567,0.074063,-0.065191,0.00097255,-0.08201,-0.52879,-0.03667,0.058122,-0.51784,-0.036879,-0.06063,-0.89863,0.078714,0.024304,-0.84103,0.052379
0.0093361,0.60585,-0.0096024,0.0052476,0.40594,0.022719,-0.16623,0.29494,0.016073,0.17789,0.29632,0.022482,-0.2894,0.051451,0.033406,0.29312,0.042551,0.0061166,-0.42782,-0.092738,-0.035903,0.46626,-0.14671,-0.09742,0.00011121,0.07272,0.039463,0,0.010115,0,-0.075942,-0.069795,-0.015558,0.074018,-0.064692,0.0012502,-0.082288,-0.53069,-0.035119,0.057792,-0.51754,-0.03634,-0.062318,-0.9,0.081877,0.025935,-0.84663,0.063211
0.010034,0.65226,-0.010641,0.013077,0.45169,0.018424,-0.16299,0.3472,0.023054,0.18218,0.34208,0.022809,-0.2843,0.10624,0.046636,0.28752,0.084686,0.019742,-0.41843,-0.037428,-0.02888,0.4591,-0.10287,-0.068232,0.0021343,0.11687,0.038016,0,0.053356,0,-0.077371,-0.021832,-0.014457,0.07258,-0.029815,0.0026289,-0.065271,-0.51738,-0.0092138,0.057309,-0.49628,-0.01895,-0.057182,-0.89496,0.085651,0.022745,-0.85865,0.11242
0.0066873,0.70155,-0.0066987,0.013067,0.50813,0.026609,-0.16027,0.40847,0.027181,0.18704,0.39673,0.025691,-0.27512,0.15775,0.044227,0.28621,0.13751,0.029049,-0.413,0.0043788,-0.0309,0.4482,-0.044191,-0.049842,0.002214,0.16915,0.039513,0,0.10582,0,-0.07586,0.031223,-0.013227,0.070794,0.024421,-0.0021468,-0.054934,-0.50599,0.0089454,0.039175,-0.49161,0.004798,-0.056723,-0.88901,0.085558,0.017852,-0.86131,0.1207
0.0087091,0.73647,-0.017759,0.014034,0.53718,0.030389,-0.15691,0.44751,0.020206,0.18392,0.42269,0.022691,-0.27701,0.2046,0.040133,0.2888,0.16609,0.029276,-0.42188,0.050441,-0.031708,0.44782,0.0065988,-0.057248,0.0017507,0.19242,0.040595,0,0.12843,0,-0.074809,0.057846,-0.015742,0.069856,0.04733,-0.00093554,-0.042857,-0.47849,0.011744,0.031871,-0.48647,0.01233,-0.059558,-0.86234,0.083891,0.014405,-0.85718,0.12618
0.014188,0.76204,-0.017311,0.021413,0.57034,0.021698,-0.15773,0.46545,0.02567,0.18064,0.45533,0.020501,-0.27713,0.21968,0.044618,0.28597,0.2106,0.026582,-0.42526,0.063859,-0.044979,0.46904,0.024594,-0.064607,0.0039697,0.22396,0.039007,0,0.15878,0,-0.076103,0.08264,-0.012433,0.068414,0.083233,-0.0011909,-0.039146,-0.45394,0.0074214,0.030308,-0.45394,0.0048683,-0.056164,-0.83917,0.083894,-0.017164,-0.81576,0.11734
0.017505,0.77649,-0.018393,0.016882,0.57827,0.015239,-0.15735,0.49016,0.025483,0.17988,0.46567,0.021189,-0.274,0.23992,0.0407,0.2861,0.21977,0.027589,-0.42013,0.084735,-0.051513,0.47267,0.05842,-0.08443,0.0030247,0.23841,0.036891,0,0.1743,0,-0.074883,0.10166,-0.011967,0.068999,0.095446,0.0012011,-0.048766,-0.43216,-0.0063109,0.042789,-0.42154,-0.0041271,-0.058773,-0.79317,0.073161,-0.0040315,-0.78873,0.11231
0.020447,0.79366,-0.017701,0.01552,0.58818,0.011146,-0.15758,0.50094,0.022281,0.17799,0.47829,0.017502,-0.27041,0.24928,0.039627,0.28548,0.22533,0.024959,-0.41846,0.09027,-0.05723,0.4558,0.077864,-0.093933,0.002913,0.25109,0.034896,0,0.18644,0,-0.07459,0.11329,-0.011699,0.068968,0.10821,0.0026197,-0.044079,-0.42409,0.0022033,0.041226,-0.42344,0.00024244,-0.057906,-0.79646,0.07269,-0.003156,-0.79166,0.11484
0.021978,0.7968,-0.022149,0.014568,0.5963,0.0029001,-0.1592,0.50457,0.018371,0.17769,0.47999,0.017079,-0.26883,0.25111,0.023548,0.27865,0.23577,0.018822,-0.41095,0.092362,-0.07129,0.44744,0.085715,-0.10573,0.0025044,0.25593,0.032142,0,0.18988,0,-0.074319,0.1151,-0.011241,0.068664,0.11216,0.0038014,-0.037426,-0.42175,0.0056326,0.070529,-0.36187,-0.013461,-0.06422,-0.82919,0.038624,0.012231,-0.74636,0.038347
0.01796,0.78959,-0.029516,0.013575,0.59221,-0.00083467,-0.15974,0.50433,0.012788,0.17758,0.47812,0.014944,-0.2631,0.24579,0.0071364,0.27375,0.21987,0.010086,-0.39791,0.078144,-0.089401,0.44287,0.079848,-0.12827,0.0021195,0.25523,0.02956,0,0.18909,0,-0.073801,0.11127,-0.011629,0.068587,0.11216,0.0042603,-0.032163,-0.42488,0.011422,0.061399,-0.37334,0.0058973,-0.068046,-0.89317,0.026395,0.010897,-0.76542,0.011413
0.019883,0.7601,-0.053123,0.014669,0.56716,-0.0036996,-0.157,0.48276,0.0022051,0.17643,0.45864,0.005864,-0.26122,0.22624,-0.0061508,0.26928,0.19584,-0.0037727,-0.3751,0.058222,-0.10799,0.43203,0.053853,-0.14672,0.0020905,0.23934,0.026512,0,0.17442,0,-0.073545,0.091777,-0.010096,0.06823,0.10547,0.005306,-0.03318,-0.44464,0.010742,0.049662,-0.34228,-0.03948,-0.062404,-0.88878,0.026165,0.0014848,-0.73509,-0.039688
0.014929,0.71357,-0.057428,0.010017,0.52415,-0.015793,-0.15492,0.43355,-0.0074954,0.17969,0.41586,0.018553,-0.25529,0.17568,-0.0097061,0.26602,0.17617,0.0047267,-0.38068,0.00012844,-0.11462,0.4202,0.018991,-0.14762,-0.00030565,0.20214,0.021321,0,0.13738,0,-0.073735,0.052112,-0.012466,0.069814,0.068242,0.012551,-0.03524,-0.4849,0.0010753,0.039253,-0.46991,-0.0060842,-0.057616,-0.91312,0.040122,-0.0089285,-0.86275,-0.0062897
0.017484,0.67618,-0.054929,0.0092067,0.49124,-0.012361,-0.15602,0.40784,-0.0033553,0.18566,0.36427,0.020146,-0.24707,0.14393,-0.024518,0.26464,0.11839,0.0062045,-0.36937,-0.021291,-0.10619,0.41302,-0.027295,-0.13852,-0.00010507,0.16756,0.019176,0,0.10286,0,-0.073728,0.016998,-0.012009,0.069831,0.029804,0.011418,-0.045061,-0.5213,-0.021576,0.043035,-0.50851,-0.011308,-0.048884,-0.9068,0.046087,-0.0064074,-0.90203,-0.041779
0.017724,0.62252,-0.041928,0.0056672,0.43572,-0.0076666,-0.15878,0.33821,-0.0078803,0.18166,0.31434,0.027316,-0.25419,0.075982,-0.023291,0.27156,0.054665,0.004835,-0.37567,-0.082938,-0.11194,0.41103,-0.076706,-0.13316,-0.0013421,0.10284,0.018005,0,0.036579,0,-0.074876,-0.039774,-0.01506,0.072658,-0.043264,0.012957,-0.060135,-0.52755,-0.036999,0.06893,-0.54186,-0.035704,-0.051999,-0.90835,0.048174,-0.0037,-0.93181,-0.057144
0.016043,0.61003,-0.036155,0.0057609,0.409,-0.004947,-0.15909,0.29944,-0.0069679,0.18098,0.29859,0.030975,-0.2621,0.048728,-0.024914,0.27345,0.047996,0.0064322,-0.39794,-0.13837,-0.1215,0.42875,-0.13653,-0.1425,-0.0013321,0.077713,0.01704,0,0.011886,0,-0.074631,-0.063646,-0.01412,0.072386,-0.066975,0.011071,-0.067723,-0.5309,-0.048734,0.068646,-0.53794,-0.040327,-0.054393,-0.90718,0.050576,-0.001715,-0.92825,-0.074626
0.014243,0.60701,-0.035128,0.0061696,0.40871,-0.0020682,-0.15923,0.2994,-0.0045204,0.18039,0.2949,0.030503,-0.26195,0.048697,-0.021579,0.28098,0.040929,0.01735,-0.40096,-0.13826,-0.11857,0.42936,-0.1387,-0.12252,-0.0009265,0.075874,0.016976,0,0.0095689,0,-0.074894,-0.065762,-0.013752,0.072249,-0.070041,0.0081783,-0.071544,-0.53238,-0.048388,0.058605,-0.55885,-0.044375,-0.05451,-0.90816,0.052073,-0.0069599,-0.95011,-0.071681
0.014401,0.61767,-0.028079,0.0072721,0.43081,0.0015074,-0.16121,0.32278,-0.00024522,0.17757,0.3234,0.027442,-0.2772,0.089344,0.011682,0.27758,0.064235,0.030577,-0.41471,-0.088134,-0.065739,0.43006,-0.10295,-0.073602,-0.0003254,0.096701,0.016867,0,0.030727,0,-0.074377,-0.047423,-0.012714,0.071371,-0.044027,0.0062508,-0.063109,-0.52795,-0.033356,0.055439,-0.52082,-0.024437,-0.054951,-0.90638,0.059989,-0.0028048,-0.91326,-0.045456
0.012316,0.67748,-0.028968,0.0083985,0.49626,0.012026,-0.1602,0.38799,0.0049173,0.18248,0.37468,0.025486,-0.27298,0.14444,0.048652,0.27738,0.11529,0.041305,-0.40027,-0.0045229,-0.029375,0.4347,-0.06859,-0.048323,0.00017166,0.15398,0.019043,0,0.086946,0,-0.073626,0.0096697,-0.012877,0.070446,0.0092489,0.003385,-0.038432,-0.52751,0.00279,0.052306,-0.50651,-0.015233,-0.051694,-0.9129,0.071953,-0.0086887,-0.89842,-0.0294
0.010739,0.72563,-0.019663,0.010472,0.5257,0.014458,-0.15824,0.42645,0.0040808,0.18242,0.40777,0.024155,-0.27517,0.17998,0.038491,0.28299,0.15288,0.052736,-0.41624,0.026222,-0.033073,0.43549,-0.0098752,-0.040648,0.00045664,0.18173,0.020205,0,0.11457,0,-0.07421,0.040382,-0.014027,0.070323,0.035298,0.0034923,-0.039163,-0.49653,0.0070225,0.039082,-0.49438,-0.0098569,-0.058147,-0.90072,0.067335,-0.014711,-0.88736,-0.023434
0.017977,0.75091,-0.027519,0.016746,0.54305,0.009546,-0.15692,0.4632,0.0055762,0.18718,0.43827,0.017945,-0.28009,0.22083,0.044117,0.28325,0.19186,0.058291,-0.42569,0.067766,-0.041059,0.44396,0.004102,-0.041851,0.0023096,0.21598,0.019335,0,0.15293,0,-0.076436,0.08122,-0.010761,0.06938,0.067786,0.0028945,-0.035217,-0.45581,0.0012002,0.026578,-0.46969,-0.0063424,-0.046855,-0.84995,0.059548,0.0057873,-0.85041,0.062296
0.025023,0.76932,-0.031146,0.011771,0.57827,0.001326,-0.1553,0.48242,0.0088233,0.18836,0.44965,0.020236,-0.27738,0.23791,0.041107,0.28593,0.19714,0.05637,-0.44073,0.06743,-0.047599,0.46868,0.040373,-0.063745,0.0014157,0.24134,0.017709,0,0.17473,0,-0.074902,0.09903,-0.011305,0.069369,0.094952,0.0051811,-0.044682,-0.43913,-0.0091601,0.02111,-0.43472,-0.015758,-0.04186,-0.78983,0.071283,0.0045047,-0.79357,0.06338
0.025436,0.77616,-0.034666,0.013639,0.58386,0.00176,-0.15702,0.49761,0.010258,0.18816,0.46422,0.014852,-0.28029,0.25015,0.024882,0.27476,0.22069,0.043233,-0.44294,0.09161,-0.055022,0.44866,0.071289,-0.064519,0.0021661,0.25417,0.017209,0,0.18958,0,-0.074984,0.11342,-0.012912,0.068804,0.10731,0.0074103,-0.045387,-0.42471,-0.0079211,0.022328,-0.42989,-0.012869,-0.051746,-0.78658,0.068158,0.0052051,-0.78511,0.052807
0.023019,0.77956,-0.03416,0.01428,0.58625,0.0014463,-0.15829,0.49915,0.0092712,0.18672,0.46687,0.012945,-0.28091,0.2508,0.020389,0.27182,0.22609,0.030138,-0.45217,0.085023,-0.075668,0.44253,0.078516,-0.075218,0.002272,0.25547,0.016627,0,0.19054,0,-0.074959,0.11421,-0.013928,0.068784,0.10858,0.0079081,-0.044036,-0.42384,-0.0075046,0.025761,-0.42895,-0.011009,-0.057539,-0.79738,0.05538,0.00060145,-0.81111,0.0049303
0.023154,0.77942,-0.036812,0.012925,0.58554,0.0012002,-0.15835,0.49937,0.0078257,0.18725,0.46704,0.013733,-0.27883,0.24995,0.018908,0.27547,0.22087,0.023453,-0.44986,0.080275,-0.077583,0.43004,0.081442,-0.079409,0.0019813,0.25585,0.01612,0,0.19098,0,-0.074973,0.11649,-0.014474,0.068877,0.10805,0.0080395,-0.052418,-0.40912,-0.0088001,0.023482,-0.42931,-0.01146,-0.075927,-0.76365,0.049345,-0.0065324,-0.82479,-0.022581
0.023802,0.76503,-0.046315,0.017674,0.56816,-0.0035608,-0.15886,0.4926,0.0072826,0.18541,0.45347,0.0093452,-0.26543,0.23496,0.00037384,0.27352,0.20085,0.0070503,-0.43449,0.046997,-0.10099,0.42365,0.067578,-0.085351,0.0027591,0.2434,0.014597,0,0.17876,0,-0.076991,0.091937,-0.015991,0.069285,0.10376,0.010505,-0.035384,-0.44565,-0.015135,0.019277,-0.4331,-0.016854,-0.046915,-0.87457,-0.013978,0.0029936,-0.8289,-0.01813
0.024859,0.72364,-0.052006,0.017689,0.52461,0.0012205,-0.15167,0.44731,-0.0007042,0.18606,0.41469,0.017358,-0.2705,0.19546,-0.0029611,0.27185,0.16351,0.0085855,-0.42666,0.014566,-0.10344,0.43115,0.0070668,-0.11399,0.0019666,0.19101,0.014835,0,0.12525,0,-0.075236,0.053436,-0.016297,0.068194,0.044944,0.011355,-0.032858,-0.48412,-0.014665,0.034472,-0.49284,-0.026603,-0.057905,-0.90559,0.0049016,-0.0026334,-0.90106,-0.0068449
0.025671,0.69009,-0.047524,0.011212,0.4971,0.0042196,-0.15891,0.41994,0.0060898,0.18743,0.37428,0.018645,-0.26314,0.16153,0.0021404,0.26738,0.12569,0.017218,-0.40776,-0.01038,-0.083528,0.41295,-0.01939,-0.095346,0.0013239,0.17146,0.015291,0,0.10684,0,-0.075038,0.025426,-0.018413,0.070087,0.024424,0.010111,-0.040369,-0.51288,-0.037165,0.039382,-0.5134,-0.031281,-0.057814,-0.90692,0.0094868,0.00063941,-0.90371,0.0039411
0.021816,0.62801,-0.040627,0.0082177,0.43889,0.0070864,-0.16285,0.35031,0.0075407,0.18255,0.32028,0.030898,-0.27095,0.094113,0.010229,0.27957,0.061826,0.012502,-0.41448,-0.077384,-0.079282,0.43469,-0.089711,-0.11444,0.00010742,0.11111,0.016065,0,0.046602,0,-0.074735,-0.032214,-0.017899,0.071419,-0.032846,0.0097773,-0.057927,-0.53112,-0.061806,0.055619,-0.52592,-0.04799,-0.062481,-0.90914,0.011829,0.002471,-0.90968,0.012763
0.021094,0.60208,-0.02855,0.0051602,0.39289,0.014064,-0.16075,0.29394,0.0012936,0.18399,0.28221,0.026871,-0.27952,0.04372,0.01333,0.27884,0.033186,0.012589,-0.4339,-0.14185,-0.09821,0.4409,-0.14762,-0.11092,-0.00055226,0.062705,0.01815,0,-0.0018322,0,-0.075427,-0.07787,-0.019606,0.073372,-0.083269,0.0087974,-0.070723,-0.53223,-0.071755,0.059748,-0.56796,-0.078678,-0.067247,-0.89728,-0.0128,0.0023056,-0.91664,0.017808
0.018002,0.58965,-0.027955,0.0082846,0.38637,0.018786,-0.16061,0.28303,0.00040623,0.18166,0.27131,0.025233,-0.28154,0.033756,0.01198,0.28677,0.012473,0.0096774,-0.43573,-0.14402,-0.082992,0.43833,-0.15296,-0.10444,-0.00015776,0.055906,0.020251,0,-0.0086469,0,-0.076101,-0.084267,-0.019526,0.072948,-0.088668,0.0072816,-0.067713,-0.53834,-0.078903,0.05707,-0.56841,-0.079323,-0.068822,-0.89959,-0.011507,0.0012251,-0.91721,0.018115
0.017532,0.5908,-0.025715,0.0069389,0.39293,0.019532,-0.16168,0.28444,0.0029371,0.1807,0.27444,0.025251,-0.28825,0.038871,0.020127,0.28662,0.017096,0.01545,-0.42822,-0.11933,-0.067807,0.43857,-0.14767,-0.073078,-0.00026772,0.059258,0.021689,0,-0.0054392,0,-0.076252,-0.081939,-0.018649,0.073731,-0.08411,0.0053208,-0.068212,-0.5384,-0.076013,0.054787,-0.53518,-0.06841,-0.071332,-0.90292,-0.004302,0.00070969,-0.91214,0.018066
0.0091557,0.64534,-0.01839,0.017714,0.4536,0.0214,-0.16596,0.34838,0.019303,0.17672,0.33373,0.028949,-0.27885,0.099806,0.03539,0.2773,0.074492,0.032438,-0.41842,-0.039143,-0.040254,0.4319,-0.10053,-0.04237,0.0022417,0.11497,0.023303,0,0.049496,0,-0.076707,-0.028497,-0.015813,0.069924,-0.027271,0.0026225,-0.061158,-0.53107,-0.049765,0.044156,-0.53428,-0.041286,-0.070557,-0.90694,0.020648,-0.003011,-0.91701,0.027419
0.012287,0.6877,-0.015707,0.010185,0.48952,0.028925,-0.16119,0.3884,0.01855,0.17861,0.38908,0.020608,-0.27933,0.13962,0.041231,0.27262,0.12993,0.041771,-0.41427,-0.0069517,-0.03774,0.42561,-0.046874,-0.033485,0.0015735,0.15157,0.02647,0,0.087271,0,-0.073831,0.014731,-0.016197,0.070042,0.0088092,0.00017767,-0.040421,-0.49758,-0.026286,0.028694,-0.52905,-0.0072983,-0.061659,-0.88562,0.029276,-0.0025876,-0.91865,0.026777
0.0078751,0.7369,-0.00040438,0.011591,0.52886,0.027769,-0.15901,0.43872,0.01459,0.18028,0.42158,0.020762,-0.2724,0.18887,0.042956,0.27315,0.16041,0.032066,-0.41842,0.026164,-0.049144,0.43103,-0.00047541,-0.059031,0.0013177,0.18683,0.02792,0,0.12137,0,-0.073708,0.047065,-0.015352,0.069395,0.04155,-0.0001277,-0.031476,-0.47346,-0.023837,0.022356,-0.49576,-0.00015361,-0.05379,-0.86298,0.02405,0.00020955,-0.87483,0.025095
0.0094826,0.75002,-0.008703,0.011111,0.55386,0.022275,-0.16588,0.47495,0.024583,0.17776,0.44483,0.015701,-0.26588,0.21641,0.035977,0.26558,0.18144,0.023662,-0.42226,0.03749,-0.058311,0.43914,0.018863,-0.07943,0.0023352,0.21547,0.027884,0,0.15086,0,-0.074205,0.076797,-0.013545,0.070002,0.069842,0.00016379,-0.027674,-0.46068,-0.017057,0.027876,-0.46773,0.0067153,-0.059804,-0.8186,0.036148,0.016613,-0.75672,0.030763
0.012748,0.77064,-0.016693,0.009568,0.56971,0.021854,-0.162,0.47705,0.024182,0.17938,0.45559,0.016086,-0.26482,0.21951,0.034925,0.27308,0.20207,0.017993,-0.42081,0.064129,-0.054792,0.43633,0.052585,-0.094372,0.0020709,0.2328,0.028638,0,0.1683,0,-0.07306,0.09378,-0.012862,0.069083,0.091987,-0.0003868,-0.02969,-0.44394,-0.013525,0.035182,-0.43272,-0.010592,-0.052738,-0.81623,0.039707,0.016462,-0.8124,0.03763
0.010557,0.77199,-0.015806,0.0086617,0.57717,0.02254,-0.16308,0.4845,0.027243,0.17739,0.47446,0.022559,-0.26445,0.22574,0.033262,0.26945,0.21108,0.016711,-0.42192,0.065702,-0.061969,0.43012,0.070509,-0.10916,0.0017336,0.24118,0.029546,0,0.17704,0,-0.073074,0.1006,-0.013056,0.069552,0.10068,-0.0004016,-0.030961,-0.4371,-0.0082218,0.035435,-0.43344,-0.0070161,-0.053099,-0.81408,0.042785,0.015648,-0.80817,0.041717
0.010727,0.77612,-0.016088,0.007792,0.57915,0.020709,-0.16347,0.48637,0.026804,0.17772,0.47411,0.022129,-0.26405,0.22721,0.032329,0.26829,0.21005,0.014374,-0.42206,0.056414,-0.077581,0.42023,0.079467,-0.11496,0.0016563,0.24181,0.029922,0,0.17749,0,-0.073067,0.10086,-0.01306,0.069767,0.10094,-1.388e-05,-0.02972,-0.43655,-0.0023939,0.03871,-0.43743,0.0080987,-0.053181,-0.81672,0.043802,0.010184,-0.81674,0.038963
0.010577,0.77499,-0.01663,0.0072552,0.57881,0.020663,-0.164,0.4858,0.026617,0.17887,0.46982,0.021565,-0.26234,0.22551,0.030018,0.26073,0.20711,0.0097181,-0.41181,0.051809,-0.07574,0.41286,0.078953,-0.11961,0.0016094,0.24176,0.030374,0,0.1775,0,-0.073429,0.099309,-0.013023,0.069823,0.10132,6.1999e-05,-0.03282,-0.4376,0.011164,0.030312,-0.43642,0.011026,-0.056196,-0.87721,0.039973,-0.00019216,-0.82913,0.03552
0.0070932,0.759,-0.019708,0.0093979,0.55963,0.021135,-0.16728,0.46318,0.015595,0.17768,0.44316,0.015534,-0.25739,0.19971,0.01717,0.26261,0.18406,0.00055244,-0.40044,0.018389,-0.081395,0.40993,0.040683,-0.15095,0.0014434,0.22271,0.030798,0,0.15828,0,-0.073722,0.065757,-0.013354,0.069695,0.090768,-0.00017582,-0.029861,-0.47102,0.0096108,0.037669,-0.44781,0.0029454,-0.061626,-0.90445,0.038865,-0.0032573,-0.83819,0.037323
0.0068235,0.70785,-0.021755,0.010515,0.50747,0.022786,-0.16217,0.4169,0.016324,0.17899,0.40817,0.016264,-0.25746,0.15584,0.023105,0.26113,0.14406,-2.7761e-06,-0.38637,-0.009431,-0.073905,0.40732,-0.0042885,-0.15097,0.0016479,0.1817,0.03154,0,0.12093,0,-0.072626,0.039686,-0.01347,0.068415,0.052368,-0.00029611,-0.034807,-0.4977,0.0076083,0.036354,-0.48615,0.005182,-0.06089,-0.90485,0.040223,0.00036854,-0.8756,0.048309
0.0057844,0.66676,-0.023184,0.0087686,0.47939,0.023069,-0.16728,0.39014,0.02556,0.18048,0.35709,0.020392,-0.25379,0.1246,0.017369,0.26126,0.096135,0.0049359,-0.38557,-0.072639,-0.062909,0.41511,-0.067861,-0.14924,0.001595,0.13774,0.032201,0,0.072983,0,-0.074608,-0.0021944,-0.016105,0.071355,-0.007793,0.0020154,-0.045347,-0.52485,-0.003633,0.042366,-0.50921,-0.0038661,-0.06402,-0.90808,0.039225,0.0031019,-0.89389,0.060987
0.0068017,0.61883,-0.012382,0.012794,0.42327,0.016601,-0.16784,0.32373,0.023208,0.17933,0.30575,0.020856,-0.26464,0.062106,0.019862,0.27264,0.041947,-0.00091518,-0.4057,-0.14379,-0.070893,0.4171,-0.12218,-0.13879,0.0022237,0.085815,0.03102,0,0.021061,0,-0.076455,-0.055712,-0.01442,0.071462,-0.059127,0.0028492,-0.068734,-0.53444,-0.024327,0.05802,-0.53178,-0.020697,-0.058238,-0.90687,0.087563,0.0033533,-0.90843,0.067143
0.00096232,0.5972,-0.012289,0.0018624,0.38696,0.014361,-0.16749,0.29007,0.010206,0.17845,0.29418,0.022169,-0.27329,0.034116,0.024853,0.27712,0.032368,0.0032813,-0.40779,-0.15019,-0.063412,0.41575,-0.15401,-0.12155,-0.00028956,0.063909,0.030368,0,0.0012985,0,-0.074795,-0.076389,-0.013792,0.072784,-0.076353,0.0027733,-0.070171,-0.54207,-0.033684,0.053595,-0.5607,-0.040013,-0.059177,-0.91121,0.086825,0.0029666,-0.91643,0.066281
0.0022288,0.59732,-0.012116,0.003122,0.39173,0.018045,-0.16734,0.29005,0.011004,0.17871,0.29231,0.021057,-0.27503,0.035231,0.027959,0.27864,0.031097,0.0064248,-0.41029,-0.14923,-0.040069,0.41754,-0.16144,-0.071406,-0.00016192,0.06367,0.030921,0,0.0010478,0,-0.07497,-0.076654,-0.014157,0.073117,-0.076639,0.0014676,-0.071919,-0.54233,-0.033066,0.055381,-0.52825,-0.037105,-0.060769,-0.91115,0.088287,0.0034041,-0.90185,0.06168
0.0024351,0.61613,-0.017614,0.014673,0.44504,0.024106,-0.16345,0.3294,0.028563,0.17863,0.3203,0.027148,-0.2793,0.079346,0.051974,0.27708,0.059138,0.022872,-0.41451,-0.093769,0.028206,0.41264,-0.12977,-0.031847,0.0023845,0.098767,0.032219,0,0.032031,0,-0.075543,-0.046363,-0.013219,0.070759,-0.04199,-0.0014574,-0.067122,-0.53459,-0.019199,0.051961,-0.52273,-0.026891,-0.06287,-0.90541,0.09748,0.0011912,-0.89824,0.066617
0.0013824,0.6833,0.0082394,0.001177,0.48795,0.036377,-0.16707,0.38425,0.034223,0.17491,0.38107,0.020201,-0.28178,0.135,0.064142,0.26753,0.12031,0.036904,-0.41968,-0.024578,0.032267,0.41828,-0.083459,-0.0073649,0.0014684,0.14945,0.036182,0,0.086408,0,-0.072919,0.0094567,-0.01409,0.072547,0.010303,-0.0047545,-0.041342,-0.52742,0.019419,0.0431,-0.51275,0.006099,-0.061769,-0.90558,0.11364,-0.0061094,-0.89672,0.069519
-0.0017149,0.72956,0.011705,0.0043103,0.51545,0.036318,-0.17003,0.41689,0.033726,0.17453,0.41371,0.018505,-0.28545,0.17624,0.058797,0.27478,0.15461,0.027476,-0.43251,0.0041536,0.027179,0.43218,-0.039431,-0.015614,0.0021299,0.17309,0.037675,0,0.10976,0,-0.073506,0.031373,-0.015485,0.071931,0.032659,-0.003385,-0.038487,-0.50515,0.020066,0.037247,-0.50534,0.011836,-0.052779,-0.8819,0.11957,-0.0092,-0.89106,0.069074
0.0027446,0.74944,0.0078054,0.0090251,0.54377,0.031101,-0.16923,0.45702,0.033664,0.17608,0.43058,0.015733,-0.283,0.20784,0.065996,0.28966,0.17731,0.026835,-0.44309,0.041863,0.0026548,0.45174,0.0054991,-0.042558,0.0030886,0.20734,0.037721,0,0.14491,0,-0.076364,0.06921,-0.011194,0.072609,0.067088,-0.0054087,-0.034747,-0.46807,0.0088057,0.030542,-0.4704,0.010446,-0.063246,-0.85319,0.076421,-0.00020833,-0.85717,0.070206
0.0081641,0.77106,0.0071946,0.012156,0.56721,0.028228,-0.16769,0.47703,0.038655,0.17431,0.45328,0.0079081,-0.28547,0.22795,0.062988,0.29019,0.20535,0.015857,-0.44787,0.046508,-0.0063924,0.46502,0.02681,-0.085766,0.0050236,0.23452,0.037771,0,0.17263,0,-0.074811,0.099458,-0.011595,0.070076,0.093422,-0.0042344,-0.045549,-0.43887,-0.020576,0.014093,-0.44346,-0.0050182,-0.074023,-0.82399,0.047151,-0.002331,-0.8135,0.085614
0.0064813,0.77616,0.0041354,0.010749,0.57604,0.029302,-0.16704,0.4798,0.036369,0.17144,0.4662,0.010981,-0.28587,0.23027,0.055888,0.28951,0.21361,0.011375,-0.44686,0.060336,-0.021335,0.46612,0.046532,-0.10639,0.0044837,0.23882,0.038565,0,0.17633,0,-0.073877,0.10286,-0.012573,0.069793,0.099701,-0.0030185,-0.046607,-0.43638,-0.020198,0.038527,-0.42497,-0.024629,-0.059936,-0.81861,0.061787,-0.00064187,-0.80054,0.073313
0.0054415,0.77905,0.0017017,0.0085447,0.57695,0.029429,-0.16765,0.4805,0.036271,0.17334,0.46871,0.013312,-0.28331,0.22908,0.050758,0.29069,0.22336,-0.00035164,-0.4446,0.06381,-0.028222,0.46033,0.064069,-0.12369,0.0037418,0.24078,0.039249,0,0.17873,0,-0.073749,0.10414,-0.012132,0.070469,0.10192,-0.0036394,-0.045288,-0.43501,-0.015,0.041203,-0.42738,-0.020633,-0.06469,-0.81827,0.062361,0.015467,-0.8042,0.060543
0.0089122,0.77989,-0.0014852,0.0079099,0.5757,0.029022,-0.16702,0.48113,0.034534,0.17227,0.46836,0.014213,-0.27259,0.22513,0.039586,0.28517,0.22211,-0.0023078,-0.43043,0.060409,-0.052428,0.44842,0.069673,-0.14845,0.0033291,0.23847,0.039695,0,0.17596,0,-0.073273,0.10045,-0.012579,0.070247,0.099748,-0.0030999,-0.03953,-0.43793,-0.00032387,0.038813,-0.43932,-0.0089473,-0.056755,-0.82727,0.051497,0.010119,-0.80662,0.042554
0.0020314,0.76272,-0.0083439,0.0080047,0.55746,0.022092,-0.17257,0.47601,0.033386,0.17237,0.45099,0.012759,-0.27457,0.21649,0.034169,0.27303,0.20594,-0.010089,-0.43118,0.03749,-0.067631,0.44339,0.05527,-0.16545,0.0032142,0.21853,0.038329,0,0.15446,0,-0.072764,0.074035,-0.010908,0.070367,0.078326,-0.0023004,-0.031664,-0.46398,-0.00069587,0.030532,-0.46016,-0.0037681,-0.048778,-0.89153,0.024786,-0.0016903,-0.84539,0.036758
0.0056308,0.72697,-0.019792,0.0022215,0.52222,0.022162,-0.16963,0.43196,0.027551,0.17432,0.41638,0.012591,-0.26643,0.16985,0.021564,0.2751,0.15807,-0.017682,-0.42353,0.0095208,-0.071959,0.43607,0.016187,-0.19467,0.0018572,0.18547,0.038136,0,0.12211,0,-0.072577,0.046935,-0.011647,0.07173,0.04276,-0.0017647,-0.030485,-0.49127,-0.007512,0.032606,-0.49583,-0.0037801,-0.049822,-0.89994,0.029487,0.016297,-0.90959,0.022719
0.010928,0.67939,-0.020183,0.0096522,0.4905,0.025774,-0.16282,0.39392,0.028495,0.17347,0.3733,0.019553,-0.26474,0.13379,0.023271,0.27385,0.13226,-0.014432,-0.40717,-0.020683,-0.071054,0.43281,-0.018357,-0.18223,0.0024564,0.149,0.038943,0,0.084727,0,-0.073778,0.010596,-0.01273,0.070153,0.010348,-0.0015009,-0.036446,-0.52826,-0.027009,0.034868,-0.52853,-0.02582,-0.049031,-0.90225,0.03045,0.01601,-0.91373,0.026584
0.0092699,0.63145,-0.020734,0.0052285,0.42909,0.016117,-0.16896,0.33056,0.030796,0.17692,0.31468,0.025321,-0.26094,0.073821,0.021304,0.28057,0.075044,-0.016571,-0.41244,-0.083814,-0.070767,0.43168,-0.084412,-0.19819,0.0013254,0.096766,0.036531,0,0.033539,0,-0.075296,-0.043157,-0.012549,0.073234,-0.045743,0.0010475,-0.052923,-0.53193,-0.043523,0.044669,-0.549,-0.050127,-0.04887,-0.90938,0.036874,0.01452,-0.91225,0.026437
0.0078318,0.60006,-0.014222,0.0052934,0.40448,0.021282,-0.1725,0.27901,0.023872,0.17517,0.29473,0.027104,-0.27366,0.033682,0.021931,0.28346,0.040422,-0.012281,-0.41667,-0.11384,-0.070427,0.43017,-0.12862,-0.19382,0.00068539,0.064388,0.037252,0,-0.00013943,0,-0.076232,-0.078956,-0.011131,0.074138,-0.077083,-0.0022347,-0.048153,-0.55524,-0.055122,0.050941,-0.56083,-0.059985,-0.046841,-0.91882,0.040785,0.01689,-0.91899,0.029664
0.0080837,0.59921,-0.013309,0.0062277,0.40182,0.019657,-0.1708,0.27913,0.024786,0.17611,0.29051,0.026944,-0.27169,0.033922,0.022804,0.28675,0.033254,-0.0071021,-0.41501,-0.1165,-0.067986,0.43569,-0.14416,-0.17636,0.00084685,0.063271,0.036656,0,-0.001161,0,-0.076124,-0.07927,-0.010631,0.073859,-0.078365,-0.0023208,-0.063679,-0.55091,-0.054626,0.047833,-0.5623,-0.062128,-0.04577,-0.92003,0.041849,0.017203,-0.91934,0.031317
0.0056446,0.60838,-0.006533,0.0044385,0.40858,0.022108,-0.16589,0.30202,0.022817,0.17607,0.30321,0.025514,-0.26498,0.058575,0.032808,0.28773,0.046231,0.00062091,-0.4089,-0.096674,-0.039733,0.43038,-0.12337,-0.11708,0.0003418,0.078934,0.036973,0,0.017361,0,-0.075675,-0.060183,-0.012363,0.074131,-0.057564,-0.0014102,-0.069666,-0.54166,-0.044867,0.043393,-0.56087,-0.054651,-0.047353,-0.91894,0.044251,0.015575,-0.912,0.041309
0.0036967,0.66568,-0.01037,0.0048403,0.47037,0.020192,-0.16819,0.36673,0.038005,0.17501,0.36712,0.023946,-0.27256,0.10809,0.039494,0.27802,0.10728,0.018108,-0.40763,-0.041843,-0.020187,0.42002,-0.081193,-0.093034,0.0022645,0.13372,0.036211,0,0.069946,0,-0.073996,-0.0081992,-0.011806,0.072131,-0.0062128,-0.0010031,-0.03856,-0.5343,-0.02172,0.034612,-0.52675,-0.030326,-0.048259,-0.92071,0.045117,0.012121,-0.87008,0.066464
-0.0020978,0.70703,-0.0055873,0.0013347,0.50567,0.02565,-0.16449,0.40656,0.033902,0.17303,0.39582,0.018884,-0.27372,0.15607,0.051627,0.27476,0.13578,0.017043,-0.40445,-0.0053985,-0.022746,0.42972,-0.065018,-0.090015,0.0018032,0.15865,0.037247,0,0.093554,0,-0.072494,0.018738,-0.010037,0.07196,0.019186,-0.0039207,-0.035403,-0.5202,-0.01816,0.032549,-0.51951,-0.027226,-0.043164,-0.89627,0.03894,0.0094437,-0.88404,0.035637
-0.00042945,0.74281,-0.010984,0.0018263,0.53128,0.022245,-0.17003,0.44335,0.038652,0.16495,0.42551,0.0089658,-0.2739,0.18525,0.046939,0.26751,0.16641,0.013279,-0.41819,0.0084647,-0.037768,0.42245,-0.0095746,-0.074136,0.0033555,0.19282,0.036586,0,0.1289,0,-0.072353,0.053283,-0.0070383,0.071266,0.053915,-0.0058214,-0.032103,-0.48544,-0.012009,0.028072,-0.48464,-0.019353,-0.040745,-0.86851,0.042904,0.012276,-0.87012,0.037735
0.0040803,0.75767,-0.011796,0.0026449,0.55032,0.023725,-0.16655,0.45476,0.03711,0.1654,0.4357,0.0070142,-0.27392,0.20933,0.046545,0.27505,0.18031,0.0092887,-0.41593,0.044374,-0.039153,0.42935,0.00012505,-0.084843,0.0034839,0.20483,0.036929,0,0.13978,0,-0.071903,0.06671,-0.0075666,0.07062,0.065245,-0.0052838,-0.035324,-0.46489,-0.021543,0.032891,-0.45776,-0.033392,-0.047766,-0.82263,0.03133,0.019126,-0.8412,0.044719
0.0056851,0.76698,-0.0078526,0.0050741,0.55734,0.023245,-0.16708,0.47469,0.03763,0.16706,0.44906,0.010257,-0.27421,0.21761,0.043722,0.27105,0.18978,0.0076712,-0.41896,0.052681,-0.047192,0.43119,0.015706,-0.099443,0.0036862,0.21958,0.036934,0,0.15636,0,-0.072794,0.08113,-0.0093267,0.070418,0.080191,-0.0040429,-0.036017,-0.45796,-0.021942,0.03724,-0.45415,-0.034406,-0.044572,-0.82285,0.042845,0.0254,-0.83733,0.044971
0.0057477,0.76871,-0.007289,0.003891,0.56067,0.023623,-0.16805,0.47727,0.037467,0.1677,0.45057,0.012134,-0.27358,0.2191,0.040071,0.26837,0.19204,0.0050182,-0.42155,0.055438,-0.060778,0.4246,0.029394,-0.12053,0.0032355,0.22241,0.037077,0,0.15898,0,-0.072645,0.083852,-0.0098171,0.070693,0.081992,-0.003818,-0.034524,-0.45517,-0.019057,0.038529,-0.4567,-0.032182,-0.042541,-0.84068,0.052329,0.023668,-0.84126,0.04165
0.0014773,0.76817,-0.0083541,0.0036715,0.56102,0.022973,-0.16849,0.47769,0.036956,0.16712,0.45097,0.011541,-0.27347,0.21915,0.038264,0.26236,0.19266,0.0030167,-0.41879,0.049082,-0.076214,0.42731,0.029386,-0.13843,0.0032142,0.22234,0.036878,0,0.15866,0,-0.072571,0.083399,-0.0093054,0.070788,0.081884,-0.0038726,-0.033194,-0.45554,-0.014483,0.036931,-0.45747,-0.020169,-0.037239,-0.86601,0.050376,0.023828,-0.85223,0.029464
-0.002002,0.75331,-0.012071,0.0016688,0.54249,0.020725,-0.1698,0.46859,0.034895,0.16762,0.44146,0.014561,-0.26936,0.20672,0.020213,0.26039,0.17709,-0.00046823,-0.41124,0.027875,-0.088357,0.42666,0.020865,-0.15264,0.0022834,0.20878,0.036427,0,0.14554,0,-0.071538,0.066915,-0.0084781,0.070823,0.070937,-0.003967,-0.029264,-0.47185,-0.013852,0.038237,-0.46851,-0.02398,-0.034823,-0.88664,0.04015,0.02984,-0.86455,0.025854
-0.00089433,0.70232,-0.021626,-0.0047951,0.5156,0.019924,-0.17876,0.41227,0.023547,0.16506,0.39408,0.020451,-0.27849,0.15072,0.014019,0.25867,0.14833,-0.0059204,-0.40606,-0.0062378,-0.094484,0.41457,-0.011969,-0.16882,-0.00076181,0.17354,0.036094,0,0.10843,0,-0.072085,0.029214,-0.011424,0.074443,0.031102,-0.0010817,-0.028169,-0.5095,-0.020119,0.039773,-0.50801,-0.031827,-0.02231,-0.89648,0.045029,0.027068,-0.88214,0.02008
-0.0056679,0.66867,-0.023945,-0.0093893,0.46468,0.018397,-0.178,0.37449,0.020518,0.16545,0.35384,0.020339,-0.26691,0.12714,0.0070087,0.26445,0.092745,-0.013102,-0.40583,-0.063836,-0.086679,0.41316,-0.068986,-0.20038,-0.0016078,0.13347,0.03554,0,0.071376,0,-0.072877,-0.0082135,-0.015751,0.076511,-0.0045047,0.0035293,-0.032577,-0.53135,-0.036047,0.050259,-0.52136,-0.049325,-0.026776,-0.91482,0.042993,0.028015,-0.88247,0.0089778
0.00012534,0.61243,-0.015788,-0.00874,0.41225,0.018403,-0.18063,0.31436,0.019345,0.16197,0.30091,0.014983,-0.26666,0.056351,0.0028621,0.26168,0.044706,-0.012707,-0.40678,-0.11825,-0.087457,0.4115,-0.11943,-0.19678,-0.0011234,0.079903,0.035075,0,0.016734,0,-0.072397,-0.060998,-0.013353,0.07581,-0.059965,0.0010716,-0.057835,-0.53483,-0.054081,0.066923,-0.55855,-0.069426,-0.032979,-0.9111,0.046193,0.026505,-0.90573,0.029149
-0.0018643,0.58805,-0.015395,3.1545e-05,0.37471,0.006917,-0.17734,0.26837,0.015072,0.16706,0.27665,0.019462,-0.27649,0.011366,0.012491,0.27235,0.017998,-0.0080774,-0.41386,-0.15634,-0.083112,0.42512,-0.15582,-0.17824,-0.00060381,0.053518,0.032077,0,-0.0091931,0,-0.075203,-0.089313,-0.010783,0.075237,-0.085408,0.0018433,-0.066876,-0.5594,-0.06157,0.073296,-0.55932,-0.069643,-0.034019,-0.91133,0.041982,0.031018,-0.90484,0.028153
-0.0017216,0.5846,-0.014821,0.00030809,0.37489,0.0081228,-0.17681,0.26807,0.016658,0.16696,0.27139,0.018104,-0.27634,0.011207,0.013922,0.27216,0.015687,-0.003434,-0.41553,-0.15961,-0.069785,0.40893,-0.15665,-0.12566,-0.00020625,0.049887,0.031073,0,-0.014308,0,-0.074767,-0.09292,-0.010044,0.074701,-0.090369,0.0013973,-0.066764,-0.55946,-0.060369,0.072233,-0.5615,-0.068402,-0.03456,-0.91281,0.045099,0.031182,-0.90502,0.029552
-0.00344,0.59553,-0.012327,-0.0037499,0.40928,0.0073418,-0.17316,0.27673,0.014393,0.16632,0.28951,0.009459,-0.26896,0.045544,0.023725,0.27351,0.030862,0.00043307,-0.41606,-0.1341,-0.048394,0.42287,-0.15447,-0.113,8.2412e-05,0.059303,0.029695,0,-0.0072685,0,-0.074167,-0.084951,-0.0093146,0.074273,-0.081412,0.0012131,-0.065782,-0.54403,-0.050681,0.066904,-0.56307,-0.060762,-0.033956,-0.91311,0.048103,0.031941,-0.90499,0.030086
-0.0036549,0.6514,-0.0040549,0.011511,0.45742,0.0051191,-0.16838,0.3455,0.026563,0.17455,0.34256,0.0066311,-0.26888,0.10197,0.032973,0.28322,0.085691,0.01077,-0.42007,-0.065754,-0.024473,0.43756,-0.10877,-0.081324,0.0036247,0.11761,0.027753,0,0.051297,0,-0.076081,-0.027231,-0.0069115,0.071709,-0.024438,1.1104e-05,-0.026514,-0.53576,-0.018702,0.039781,-0.53155,-0.018331,-0.028566,-0.9104,0.062699,0.03487,-0.90865,0.037176
-0.0031712,0.69948,-0.0063794,0.012824,0.5061,0.0041882,-0.16502,0.40015,0.026871,0.17849,0.39063,-0.0019988,-0.26796,0.15616,0.041173,0.28132,0.13293,0.013668,-0.41554,0.0018107,-0.034519,0.44802,-0.058654,-0.077501,0.0044199,0.16129,0.026312,0,0.093371,0,-0.075476,0.019262,-0.005169,0.070762,0.012769,-0.0011845,-0.020587,-0.51838,-0.0055827,0.030479,-0.5258,-0.016093,-0.023669,-0.91275,0.058841,0.03564,-0.90713,0.038373
-0.0021029,0.74331,-0.009248,0.011435,0.52742,-0.00084393,-0.16748,0.43223,0.026032,0.17207,0.42911,-0.0049738,-0.27956,0.19845,0.032798,0.27509,0.17084,0.0065238,-0.44463,0.043713,-0.036827,0.45509,-0.0035601,-0.093645,0.0042926,0.1868,0.023772,0,0.1201,0,-0.074963,0.040784,-0.0044001,0.070696,0.048888,0.00015639,-0.022049,-0.49699,-0.00082079,0.022468,-0.48958,-0.011745,-0.028184,-0.90646,0.053815,0.032169,-0.88012,0.036766
2.8057e-05,0.75624,-0.014122,0.0073517,0.54806,-0.0030333,-0.1657,0.46409,0.022599,0.17247,0.439,-0.0084115,-0.28465,0.2187,0.035921,0.28077,0.19706,0.0035635,-0.45422,0.089151,-0.067026,0.45424,0.029915,-0.10492,0.0034098,0.21063,0.021806,0,0.14388,0,-0.074408,0.069449,-0.002988,0.071741,0.066468,-0.00064775,-0.036915,-0.46964,0.0013797,0.031704,-0.47235,-0.012256,-0.046159,-0.85994,0.051218,0.022325,-0.82166,0.045958
0.0011927,0.76632,-0.012965,0.0083815,0.56032,0.0030851,-0.1634,0.47088,0.023835,0.17236,0.45472,-0.0038874,-0.28759,0.23366,0.03305,0.28127,0.2143,-0.0025632,-0.47124,0.097016,-0.097967,0.45063,0.0672,-0.12345,0.003358,0.2257,0.022021,0,0.16031,0,-0.073831,0.084953,-0.0057437,0.070503,0.085941,-0.00043214,-0.037477,-0.45422,-0.00043307,0.033619,-0.4535,-0.0099476,-0.045652,-0.82145,0.061475,0.015493,-0.81302,0.050223
-0.0021427,0.7753,-0.014204,0.010186,0.56823,0.005951,-0.16533,0.47832,0.027726,0.17487,0.45646,-0.0050358,-0.28639,0.2411,0.024949,0.28197,0.21921,-0.017481,-0.46835,0.099978,-0.10315,0.46151,0.075594,-0.16061,0.0038901,0.23372,0.021913,0,0.16839,0,-0.073897,0.091796,-0.0059843,0.070623,0.091204,-0.0015509,-0.03499,-0.44728,-0.001859,0.033005,-0.44823,-0.011874,-0.043156,-0.82144,0.059167,0.014362,-0.81789,0.0487
-0.00088397,0.77793,-0.0093257,0.0099186,0.56836,0.0060546,-0.1655,0.47902,0.026972,0.17567,0.45789,-0.0037893,-0.285,0.24093,0.017057,0.28316,0.21935,-0.019433,-0.46162,0.098711,-0.12126,0.45714,0.080378,-0.16747,0.0036667,0.23396,0.021482,0,0.16861,0,-0.073996,0.091828,-0.0062397,0.070635,0.091374,-0.0013112,-0.030778,-0.4467,0.0047906,0.025286,-0.44743,-0.0046638,-0.055563,-0.86795,0.041135,0.011508,-0.81693,0.045853
0.0019467,0.77412,-0.0098449,0.0092221,0.56236,0.0095303,-0.165,0.47554,0.024063,0.17819,0.45318,0.00038587,-0.27786,0.23202,0.0099874,0.2832,0.21329,-0.026082,-0.45002,0.088293,-0.13362,0.4524,0.074255,-0.18932,0.0031127,0.2276,0.021949,0,0.16221,0,-0.0747,0.086299,-0.0074019,0.070924,0.081798,-0.0011188,-0.029047,-0.45205,0.0042779,0.02609,-0.4571,-0.0046444,-0.06109,-0.8789,0.04349,0.012784,-0.81691,0.042862
0.0057325,0.75028,-0.013401,0.0095131,0.53462,0.020852,-0.16604,0.4603,0.024292,0.18079,0.42672,0.0055281,-0.26818,0.19897,-0.004785,0.27467,0.17337,-0.02947,-0.42083,0.043607,-0.13871,0.44661,0.046037,-0.20917,0.0027268,0.20228,0.024716,0,0.13807,0,-0.07579,0.059824,-0.01025,0.071645,0.058276,-0.0024217,-0.03271,-0.47895,-0.0027344,0.02531,-0.48058,-0.0089639,-0.072426,-0.91474,0.046442,0.012291,-0.82908,0.034113
0.0069932,0.69648,-0.014401,0.0085353,0.50571,0.027259,-0.16215,0.41093,0.026172,0.17887,0.39165,0.011925,-0.26552,0.15004,-0.0013149,0.27244,0.14525,-0.032482,-0.42261,-0.008605,-0.14884,0.43987,0.0056246,-0.22223,0.0023282,0.16569,0.027666,0,0.10076,0,-0.073862,0.027229,-0.014388,0.070868,0.023931,-0.00099106,-0.03319,-0.51181,-0.0082199,0.03082,-0.49636,-0.012061,-0.068932,-0.91263,0.048204,-0.00032121,-0.8555,0.026707
-0.0025041,0.64916,-0.016206,0.008205,0.45626,0.023304,-0.1691,0.35596,0.025366,0.17427,0.33559,0.012478,-0.26903,0.093824,-0.0079368,0.2766,0.095128,-0.027725,-0.4179,-0.058605,-0.13303,0.4159,-0.026237,-0.18669,0.0022285,0.11691,0.027997,0,0.051955,0,-0.07505,-0.027893,-0.013003,0.071912,-0.02279,-0.0008976,-0.042407,-0.5395,-0.024391,0.071466,-0.46763,-0.028711,-0.068334,-0.91534,0.052943,0.0060002,-0.85245,0.021804
0.0035412,0.61191,-0.0057789,0.013013,0.41442,0.027133,-0.16641,0.30671,0.024605,0.17647,0.29448,0.023398,-0.27748,0.049033,-0.0071845,0.28361,0.047082,-0.021067,-0.429,-0.10995,-0.11961,0.41076,-0.075661,-0.16487,0.0021995,0.071766,0.029975,0,0.0064722,0,-0.0768,-0.067007,-0.013645,0.072138,-0.071546,-0.0014454,-0.07216,-0.55876,-0.042976,0.060087,-0.56438,-0.033558,-0.073277,-0.9156,0.065254,-0.0084305,-0.91243,0.085527
0.0026722,0.60219,-5.7372e-05,0.0094418,0.39947,0.029336,-0.16679,0.27957,0.019644,0.17456,0.2885,0.023484,-0.27782,0.040919,-0.0025743,0.28661,0.041385,-0.01915,-0.42508,-0.11206,-0.11201,0.4509,-0.12131,-0.17501,0.0013861,0.058595,0.031695,0,-0.0059836,0,-0.075569,-0.082605,-0.014161,0.072121,-0.080965,-0.0016564,-0.062285,-0.5642,-0.04145,0.058007,-0.56483,-0.032867,-0.072169,-0.9165,0.069394,-0.0082864,-0.91358,0.084408
0.0030052,0.60262,0.00037292,0.010997,0.4048,0.030268,-0.16535,0.28855,0.023539,0.17456,0.29106,0.022087,-0.28416,0.048775,0.010497,0.28755,0.043007,-0.013486,-0.42795,-0.09819,-0.088927,0.4538,-0.1179,-0.15855,0.0019719,0.061473,0.033171,0,-0.0031866,0,-0.07571,-0.079133,-0.014147,0.0718,-0.078568,-0.0019053,-0.060972,-0.55821,-0.03812,0.05442,-0.56155,-0.029879,-0.07211,-0.91654,0.069882,-0.0076828,-0.91282,0.085462
0.0014513,0.65002,0.0017998,0.010607,0.46216,0.039475,-0.16088,0.34774,0.031465,0.18185,0.34334,0.028331,-0.27659,0.10679,0.034975,0.27859,0.080181,-0.011055,-0.41338,-0.035917,-0.054015,0.44026,-0.068591,-0.10335,0.0020112,0.11603,0.036394,0,0.051803,0,-0.075344,-0.026371,-0.014581,0.071383,-0.023286,-0.0050358,-0.052574,-0.54165,-0.011898,0.037124,-0.54019,-0.0082348,-0.071728,-0.91652,0.076485,-0.0057458,-0.91058,0.10466
0.0039483,0.70009,0.013184,0.016348,0.50818,0.045546,-0.15879,0.39254,0.033516,0.17809,0.39396,0.030857,-0.28069,0.1565,0.033958,0.28946,0.13633,0.010532,-0.43103,-0.0034949,-0.051378,0.43811,-0.019205,-0.089598,0.0029296,0.15379,0.038809,0,0.08876,0,-0.07351,0.017241,-0.015089,0.068128,0.012988,-0.0063785,-0.042101,-0.52148,0.0096348,0.026811,-0.47578,0.0075953,-0.071142,-0.91774,0.076201,-0.010513,-0.84436,0.12683
0.0049783,0.73279,0.014456,0.014271,0.52244,0.048943,-0.15554,0.43577,0.033823,0.18166,0.41797,0.031487,-0.2836,0.18841,0.036339,0.28774,0.15813,0.013021,-0.43971,0.050667,-0.056799,0.44998,0.0035041,-0.083137,0.0022172,0.18124,0.040913,0,0.12003,0,-0.074762,0.047489,-0.015022,0.069438,0.039811,-0.0075111,-0.038881,-0.49055,0.015471,0.022176,-0.4727,0.0098939,-0.070302,-0.90759,0.075753,-0.0096136,-0.86241,0.057436
0.0083395,0.75848,0.014238,0.019679,0.5681,0.048446,-0.15806,0.46099,0.038114,0.18222,0.43839,0.036119,-0.28987,0.22457,0.036034,0.28207,0.20574,0.01392,-0.44719,0.092441,-0.088117,0.4678,0.043022,-0.10043,0.0029687,0.21172,0.042031,0,0.14697,0,-0.075651,0.075608,-0.013034,0.068937,0.066603,-0.0095765,-0.038408,-0.46262,0.014454,0.019333,-0.45902,0.0050895,-0.076484,-0.84977,0.072034,-0.0090032,-0.84881,0.053751
0.0071286,0.77365,0.01872,0.016981,0.5699,0.050296,-0.15976,0.46643,0.039363,0.18042,0.46029,0.03786,-0.29425,0.23323,0.036923,0.28327,0.21263,0.012226,-0.45464,0.1017,-0.094906,0.46433,0.050672,-0.10324,0.0024079,0.2301,0.043688,0,0.17161,0,-0.07479,0.095032,-0.015191,0.069031,0.098937,-0.0089186,-0.053134,-0.44306,0.024294,0.020025,-0.43948,-2.591e-05,-0.095501,-0.82962,0.082575,-0.01276,-0.80909,0.083612
0.0082488,0.77891,0.019537,0.016929,0.57313,0.050922,-0.15904,0.46909,0.03531,0.17969,0.46364,0.038432,-0.29526,0.2438,0.02838,0.29112,0.21942,0.0078637,-0.45793,0.10544,-0.097252,0.46387,0.057001,-0.10851,0.0021408,0.23307,0.04465,0,0.17366,0,-0.07425,0.098236,-0.016333,0.068626,0.10012,-0.0083217,-0.053537,-0.43983,0.024306,0.019838,-0.43851,-0.0033618,-0.095881,-0.82641,0.082596,-0.012353,-0.80545,0.077099
0.010184,0.78231,0.020028,0.017369,0.57435,0.050115,-0.15981,0.47454,0.0348,0.17989,0.46507,0.036372,-0.29466,0.24422,0.026038,0.28872,0.22142,0.0091194,-0.45814,0.09655,-0.10454,0.44015,0.064667,-0.12126,0.0023878,0.23532,0.045318,0,0.17576,0,-0.074474,0.10021,-0.016411,0.068462,0.10103,-0.0077748,-0.053919,-0.43784,0.025046,0.025123,-0.43672,-0.0046481,-0.096269,-0.82444,0.083313,-0.010436,-0.8116,0.062571
0.012293,0.78092,0.017847,0.017424,0.57456,0.045912,-0.15975,0.4742,0.032614,0.18032,0.46349,0.034283,-0.29215,0.23492,0.018084,0.2826,0.21801,0.0095904,-0.43169,0.083803,-0.10114,0.43451,0.050983,-0.12522,0.0023837,0.23556,0.046034,0,0.17567,0,-0.074401,0.098877,-0.015968,0.06851,0.10115,-0.0076148,-0.053126,-0.43911,0.026362,0.019781,-0.43767,-0.0049229,-0.070364,-0.88612,0.044936,-0.0065224,-0.81411,0.045844
0.022466,0.75427,-0.0049099,0.021614,0.54745,0.032119,-0.16198,0.46616,0.026532,0.18297,0.4473,0.032469,-0.26527,0.2051,-0.0054494,0.26939,0.18359,0.0020858,-0.41342,0.027865,-0.12804,0.41344,0.00098383,-0.1358,0.0023042,0.22439,0.044823,0,0.1646,0,-0.077481,0.079632,-0.014455,0.069765,0.091515,-0.0054069,-0.041296,-0.4601,-0.0082412,0.019764,-0.44737,-0.0090666,-0.067364,-0.88303,0.040629,-0.0008272,-0.81509,0.033403
0.019593,0.70663,-0.011277,0.020831,0.52125,0.023978,-0.16217,0.41661,0.015822,0.18434,0.40035,0.027599,-0.26769,0.15637,-0.014344,0.27007,0.13304,-0.006409,-0.39146,-0.013943,-0.11987,0.40351,-0.058902,-0.14309,0.0018942,0.18536,0.041808,0,0.12293,0,-0.079034,0.034458,-0.01405,0.070556,0.056727,-0.00042474,-0.039619,-0.50532,-0.016664,0.027078,-0.45848,-0.037182,-0.065321,-0.90809,0.039545,0.0096727,-0.81487,0.0008976
0.019124,0.6663,-0.0049951,0.014975,0.46664,0.019272,-0.15627,0.37144,0.012623,0.18808,0.35295,0.03344,-0.26823,0.11997,-0.018088,0.25823,0.095643,-0.0054281,-0.3808,-0.074914,-0.13141,0.3803,-0.11229,-0.15335,-7.909e-05,0.13089,0.040371,0,0.06749,0,-0.076124,-0.0088627,-0.015693,0.070098,-0.011044,0.0031693,-0.049759,-0.53355,-0.031284,0.029836,-0.52404,-0.03794,-0.064521,-0.91842,0.04298,-0.03072,-0.9106,-0.0023828
0.023577,0.61431,-0.0074454,0.015462,0.41786,0.01596,-0.16219,0.31389,0.0073168,0.1844,0.30351,0.041771,-0.25349,0.067068,-0.017807,0.25272,0.044889,-0.0037949,-0.36399,-0.11683,-0.11984,0.35359,-0.14632,-0.13848,-0.0013433,0.084461,0.038632,0,0.020987,0,-0.07667,-0.058793,-0.013744,0.070622,-0.054,0.0024189,-0.074792,-0.5455,-0.0482,0.012981,-0.54823,-0.048891,-0.063243,-0.92117,0.045837,-0.028521,-0.91098,-0.0029778
0.030912,0.59184,-0.0075111,0.019505,0.39911,0.0099828,-0.15448,0.27836,0.0008356,0.18213,0.26898,0.021808,-0.25257,0.021755,-0.0364,0.25392,-0.0023828,-0.014378,-0.34939,-0.15938,-0.14253,0.35215,-0.17695,-0.14028,0.0010558,0.053227,0.035938,0,-0.014255,0,-0.076284,-0.083516,-0.011024,0.068745,-0.095047,0.0023828,-0.083965,-0.544,-0.068389,0.025106,-0.55911,-0.070562,-0.062667,-0.91772,0.040961,-0.0232,-0.91269,-0.013548
0.027763,0.58324,-0.013142,0.019747,0.39028,0.0058297,-0.15673,0.26951,-0.0035404,0.1806,0.26181,0.020777,-0.2531,0.021168,-0.036148,0.25106,-0.0091657,-0.013787,-0.34651,-0.16259,-0.14234,0.33951,-0.19225,-0.14965,0.00084058,0.048136,0.03367,0,-0.018939,0,-0.076819,-0.092048,-0.0098051,0.069267,-0.098301,0.0025956,-0.088191,-0.54145,-0.084663,0.040471,-0.55967,-0.079337,-0.064906,-0.91109,0.035196,-0.023165,-0.89782,-0.039214
0.027589,0.58083,-0.0173,0.018994,0.39068,0.0054689,-0.1569,0.27237,-0.004389,0.18051,0.26265,0.021204,-0.2515,0.022162,-0.033529,0.24068,-0.0024786,-0.012108,-0.34241,-0.16261,-0.14169,0.31975,-0.18113,-0.14107,0.00059694,0.048826,0.031915,0,-0.018156,0,-0.077068,-0.091617,-0.0098449,0.070091,-0.097102,0.0029482,-0.073594,-0.53744,-0.088611,0.049951,-0.53625,-0.079735,-0.065414,-0.90766,0.031451,-0.02442,-0.89686,-0.038963
0.023655,0.59229,-0.023413,0.016662,0.39751,0.0042974,-0.15955,0.29632,-0.0023495,0.18119,0.28633,0.026932,-0.24412,0.045124,-0.029712,0.23329,0.022944,-0.0044861,-0.32412,-0.13896,-0.15119,0.30913,-0.1691,-0.14154,-0.00016458,0.065268,0.029945,0,0.001004,0,-0.07709,-0.077144,-0.0099661,0.070801,-0.075329,0.0038254,-0.071912,-0.53089,-0.082674,0.044081,-0.54516,-0.06956,-0.065801,-0.90403,0.02992,-0.032857,-0.8966,-0.027602
