-0.04049786,0.8548101,3.474635,-0.03986601,0.6446543,3.483324,-0.2175063,0.5393305,3.505385,0.1364425,0.513867,3.46533,-0.3482157,0.288308,3.508301,0.2704852,0.2612667,3.477535,-0.521947,0.05957408,3.434886,0.452658,0.05938814,3.382622,-0.04022318,0.2684516,3.50674,-0.04602396,0.1977371,3.461095,-0.1267333,0.1190182,3.458487,0.03246119,0.1173226,3.450541,-0.09067421,-0.5126907,3.455694,0.02492295,-0.500257,3.439281,-0.08815104,-0.8788325,3.501984,-0.01108889,-0.87378,3.494008
-0.04201692,0.8733951,3.478553,-0.04010393,0.6532797,3.485784,-0.2183845,0.5522538,3.516437,0.140942,0.5393839,3.482792,-0.3489958,0.2916372,3.510425,0.269552,0.2757586,3.47396,-0.520028,0.08927493,3.418468,0.4588732,0.07251748,3.374407,-0.04071499,0.2800322,3.508823,-0.04558443,0.2097532,3.464154,-0.1263133,0.1282877,3.462463,0.0331036,0.1289806,3.452172,-0.09277824,-0.5086037,3.459824,0.02700294,-0.5000546,3.441093,-0.08778135,-0.8724694,3.511864,-0.007740097,-0.8658794,3.500041
-0.0463604,0.8782268,3.479654,-0.04340956,0.6583923,3.493518,-0.2227352,0.553915,3.52652,0.1381622,0.5403966,3.482733,-0.3490571,0.2954993,3.513796,0.2677955,0.2809854,3.472558,-0.5181772,0.1035106,3.416421,0.4660986,0.09906948,3.340542,-0.04048927,0.2821955,3.511411,-0.04618895,0.2119436,3.466555,-0.1263962,0.1301346,3.465154,0.0324608,0.1319019,3.453736,-0.09276965,-0.5222318,3.473621,0.02874166,-0.5057601,3.44802,-0.08988449,-0.877513,3.524724,-0.008071342,-0.8718525,3.502094
-0.04910114,0.8705392,3.487617,-0.04428282,0.6547019,3.502515,-0.2260084,0.5480273,3.53742,0.1350062,0.5363204,3.486591,-0.348915,0.2957813,3.51408,0.2675493,0.2813276,3.472121,-0.5304331,0.09854224,3.399834,0.4651188,0.1016461,3.335287,-0.0409099,0.2795268,3.515827,-0.04744156,0.210088,3.470039,-0.1278968,0.1268738,3.469374,0.03161109,0.1314039,3.455212,-0.08426882,-0.5490672,3.491883,0.03337108,-0.5460934,3.474789,-0.09749554,-0.9055673,3.528564,-0.02326537,-0.9238777,3.51587
-0.05477217,0.8488643,3.485323,-0.03686431,0.6345153,3.523383,-0.2311373,0.5248484,3.549928,0.1312985,0.5163794,3.487729,-0.3568931,0.2751882,3.511234,0.2686093,0.2671177,3.465182,-0.53228,0.0903935,3.388676,0.4611568,0.0931761,3.317039,-0.03921993,0.2593133,3.53007,-0.04842562,0.1909801,3.482378,-0.1298283,0.1072695,3.480286,0.02915126,0.113251,3.46537,-0.08474962,-0.569123,3.492164,0.04399908,-0.520749,3.46851,-0.1020552,-0.9696737,3.534573,-0.04960854,-0.9425158,3.508471
-0.06635485,0.8028135,3.497468,-0.04762857,0.5972005,3.541345,-0.238734,0.4734802,3.557938,0.1217387,0.4658866,3.495403,-0.360436,0.2447982,3.506501,0.2662973,0.2296951,3.453237,-0.5398901,0.04839766,3.354786,0.4564967,0.05339086,3.287826,-0.04081355,0.2077213,3.541802,-0.04842104,0.1379246,3.491436,-0.128042,0.04790559,3.487029,0.03111582,0.06908575,3.472279,-0.08993512,-0.594285,3.489218,0.01632908,-0.5707026,3.462529,-0.1052079,-0.9786589,3.53983,-0.04729703,-0.9898172,3.541167
-0.07063553,0.7544822,3.503339,-0.05033277,0.5544556,3.543533,-0.2352346,0.4310189,3.562903,0.1211198,0.4155297,3.499186,-0.3693109,0.1867373,3.514832,0.2690248,0.1609494,3.455094,-0.5513533,0.01174676,3.353984,0.4538468,0.003047416,3.278874,-0.03997645,0.1779511,3.545632,-0.04737215,0.1095995,3.495053,-0.1273348,0.024251,3.492885,0.03375921,0.03282548,3.474688,-0.09930077,-0.5895648,3.47751,0.02255771,-0.5636812,3.458841,-0.1080898,-0.9790528,3.551653,-0.04343545,-0.9798263,3.538198
-0.06578764,0.6956781,3.501803,-0.04747508,0.500246,3.556105,-0.2365715,0.3773955,3.572021,0.1214381,0.3704053,3.514587,-0.3826513,0.1271014,3.508706,0.2704998,0.1269279,3.468411,-0.5524814,-0.03302951,3.381505,0.4513395,-0.05574402,3.288348,-0.04459348,0.118855,3.551186,-0.05267412,0.05146317,3.498617,-0.136096,-0.03203663,3.492749,0.0288969,-0.02480434,3.478982,-0.1201588,-0.6070302,3.470412,0.02508191,-0.5685056,3.457138,-0.1108392,-0.9873087,3.561727,-0.0422526,-0.9814829,3.537867
-0.06334635,0.6762543,3.509403,-0.05196393,0.4667045,3.55612,-0.2339185,0.3542962,3.572881,0.122123,0.3520207,3.519453,-0.38048,0.1104067,3.51613,0.2704976,0.1015339,3.474921,-0.560711,-0.07686487,3.391055,0.4521354,-0.1027752,3.306567,-0.04509758,0.1066785,3.554276,-0.05242024,0.04231476,3.501277,-0.1355552,-0.03995688,3.495688,0.0298033,-0.03452541,3.481823,-0.1275102,-0.5951943,3.465336,0.02527823,-0.5717085,3.455646,-0.1140183,-0.9849467,3.564365,-0.04599511,-0.9753418,3.580751
-0.06262769,0.6762133,3.5099,-0.05111549,0.4694552,3.556491,-0.2303809,0.3546516,3.570522,0.1224795,0.3524505,3.520466,-0.375571,0.1120065,3.522076,0.2713301,0.09722821,3.487386,-0.558175,-0.08959635,3.429033,0.4402826,-0.1032492,3.355277,-0.04517437,0.1069053,3.555926,-0.0521561,0.04236677,3.502856,-0.1346694,-0.03923649,3.498431,0.02967529,-0.03419184,3.483651,-0.1312086,-0.5899547,3.467673,0.02461834,-0.5734933,3.455458,-0.113599,-0.9845825,3.564771,-0.04772861,-0.9763969,3.582116
-0.05734892,0.7129289,3.506141,-0.0358889,0.5253196,3.553375,-0.214933,0.408667,3.565902,0.1361836,0.4037744,3.531047,-0.3624845,0.1345229,3.5373,0.272241,0.112582,3.506726,-0.5150741,-0.03777739,3.464229,0.4461087,-0.09659316,3.394974,-0.04134819,0.1454923,3.561527,-0.04783225,0.07720678,3.508923,-0.1295265,-0.003292804,3.504493,0.03051036,0.001775209,3.492695,-0.1275187,-0.5753734,3.482496,0.0181933,-0.5584537,3.463973,-0.1128333,-0.9835075,3.564185,-0.06033465,-0.950565,3.599247
-0.04277801,0.7812799,3.51899,-0.03026403,0.5771797,3.555865,-0.2128875,0.4650103,3.562353,0.1415727,0.4576248,3.537671,-0.3572654,0.1956748,3.558513,0.2756906,0.166086,3.528913,-0.5016736,-0.007965252,3.485295,0.4484495,-0.03800816,3.475118,-0.0353107,0.1930453,3.563254,-0.04027634,0.1235117,3.510176,-0.1215765,0.03542831,3.503377,0.03710032,0.05146075,3.496264,-0.08616033,-0.6159944,3.528346,0.02833689,-0.532212,3.507546,-0.1107002,-0.9821284,3.558161,-0.04839669,-0.9302911,3.63723
-0.03154396,0.8112558,3.509697,-0.02764689,0.6009588,3.547351,-0.2110213,0.5080586,3.560761,0.1475804,0.4856782,3.533145,-0.352682,0.2306009,3.56021,0.2740103,0.2249992,3.531359,-0.4958639,0.02557975,3.489102,0.4508983,-0.006169215,3.488581,-0.03667288,0.2272789,3.559976,-0.04273,0.1606189,3.507644,-0.1272428,0.09103316,3.503774,0.03586787,0.06832796,3.493898,-0.08424844,-0.5845363,3.534632,0.01654426,-0.5317888,3.514135,-0.1075525,-0.9776812,3.551915,-0.04330451,-0.9458884,3.614564
-0.01768879,0.836723,3.51035,-0.02740676,0.6269745,3.540887,-0.2080709,0.5211458,3.561302,0.1465845,0.5071203,3.528301,-0.3314599,0.2902204,3.56937,0.2785837,0.2390545,3.53228,-0.5013561,0.06300883,3.494202,0.4765939,0.03596843,3.482516,-0.03495366,0.2511526,3.559384,-0.04172536,0.1821938,3.508274,-0.12418,0.1016605,3.5052,0.03354512,0.1127533,3.494661,-0.0922484,-0.5501295,3.550904,0.00838076,-0.5431971,3.524973,-0.1004513,-0.9023796,3.565233,-0.0280677,-0.8987577,3.571992
-0.01173234,0.8541393,3.508786,-0.02502215,0.6437467,3.542414,-0.2051554,0.5429688,3.558511,0.1495441,0.5184143,3.52949,-0.3411447,0.2864993,3.561291,0.2772311,0.2687927,3.54689,-0.512052,0.06881265,3.490071,0.4820487,0.07035408,3.480021,-0.03443482,0.2684551,3.561687,-0.04066902,0.1995074,3.51112,-0.1222802,0.1204578,3.508395,0.03417142,0.1193758,3.49654,-0.09207968,-0.5458236,3.551369,0.01269522,-0.5386177,3.533461,-0.09540752,-0.8985639,3.565506,-0.003385404,-0.8548016,3.571736
-0.009746071,0.8632907,3.508476,-0.02203123,0.6486639,3.540667,-0.2016189,0.5536261,3.561662,0.1520965,0.5267321,3.532028,-0.3460131,0.294533,3.553205,0.2773236,0.2753202,3.548441,-0.5210651,0.0884792,3.475502,0.4919408,0.08853562,3.449911,-0.03199335,0.274019,3.562195,-0.03830255,0.2048214,3.512881,-0.1187531,0.1272521,3.512198,0.03588643,0.1235685,3.498239,-0.09130119,-0.5394085,3.555123,0.02237573,-0.5186949,3.544413,-0.09146386,-0.8734646,3.591778,-0.002742113,-0.8546068,3.571562
-0.009303298,0.863053,3.507899,-0.02133152,0.6484156,3.542043,-0.2007432,0.5538203,3.562219,0.1539402,0.5277418,3.533965,-0.3459699,0.2975504,3.545102,0.2775508,0.2749595,3.5485,-0.5264201,0.1079908,3.454792,0.4959222,0.1076329,3.435581,-0.03121729,0.2741837,3.563212,-0.03724525,0.2049257,3.514553,-0.1177258,0.1271334,3.513359,0.03724988,0.1237362,3.500789,-0.08262897,-0.5474482,3.565211,0.02644036,-0.5217818,3.55027,-0.08878113,-0.8847724,3.59691,-0.0275525,-0.8827198,3.567546
-0.0009736991,0.8531401,3.506061,-0.01715158,0.634188,3.542542,-0.1981929,0.5415674,3.562527,0.1620699,0.5196387,3.544037,-0.3286193,0.3375785,3.532734,0.2792032,0.2692042,3.549158,-0.5303585,0.1102237,3.413792,0.5052282,0.1046509,3.409792,-0.02753435,0.2658276,3.566287,-0.03205265,0.1967215,3.519147,-0.1123895,0.1158793,3.519551,0.04430158,0.1137337,3.50635,-0.07465587,-0.5588847,3.568837,0.03794346,-0.5617633,3.558666,-0.08203237,-0.905982,3.58431,-0.0008894923,-0.9554254,3.561206
0.008230633,0.8209298,3.507432,-0.01806474,0.6090047,3.551581,-0.2040435,0.4996339,3.562951,0.172465,0.4798335,3.566384,-0.3266426,0.2796535,3.526388,0.2803742,0.2589052,3.548352,-0.5331923,0.09678488,3.399219,0.5052223,0.09591164,3.398496,-0.02020966,0.2227208,3.579253,-0.01956787,0.1495582,3.534359,-0.1015328,0.06388929,3.52956,0.06195712,0.06568418,3.526097,-0.07482172,-0.5722036,3.569215,0.03661789,-0.5685668,3.559984,-0.09515757,-0.9715822,3.621263,-0.01761083,-0.9560859,3.592312
0.004858363,0.7795724,3.519715,-0.006930172,0.5756247,3.560313,-0.1959598,0.4534074,3.562869,0.1741191,0.4525194,3.568642,-0.3466258,0.223327,3.506759,0.2927547,0.1856285,3.557582,-0.5369813,0.04982537,3.346042,0.4892797,0.07982241,3.408447,-0.018699,0.2019415,3.582655,-0.01954427,0.1307955,3.538165,-0.104389,0.04801434,3.532632,0.06204125,0.04776396,3.530298,-0.07607793,-0.5752316,3.567485,0.04025093,-0.5711666,3.561284,-0.06426094,-0.9880562,3.617621,0.000150322,-0.9825563,3.620456
0.005501508,0.726184,3.519677,-0.007754799,0.5191125,3.561497,-0.1913608,0.4009964,3.56044,0.1753113,0.3905498,3.575924,-0.34981,0.184966,3.503608,0.2897054,0.1482252,3.551527,-0.5384377,0.005022441,3.331491,0.4839803,0.003869977,3.409173,-0.02057992,0.1450092,3.585972,-0.02087656,0.07386739,3.543092,-0.1056032,-0.006432289,3.537131,0.05900042,-0.01039197,3.537021,-0.08254731,-0.5788196,3.563412,0.04545789,-0.5777891,3.55851,-0.104705,-0.9211612,3.597939,7.721224E-05,-0.9813263,3.624299
0.001853293,0.672995,3.520473,-0.009920246,0.470156,3.560236,-0.1844934,0.3678235,3.567725,0.1713818,0.3388632,3.587408,-0.325444,0.1493361,3.510521,0.3050606,0.1015723,3.577261,-0.5163147,-0.02858827,3.364718,0.5030285,-0.05984053,3.388442,-0.01920615,0.1076577,3.588176,-0.01820949,0.03783536,3.547795,-0.1021629,-0.04149624,3.54083,0.06226143,-0.03998996,3.544276,-0.09616067,-0.5939499,3.555037,0.05205078,-0.5836527,3.551543,-0.08297891,-1.000561,3.651702,-0.003222962,-0.9817288,3.62761
-0.0005792212,0.6696752,3.523045,-0.009357488,0.4656043,3.561093,-0.1831936,0.3593065,3.567315,0.1704803,0.338714,3.588683,-0.3252928,0.1291068,3.518149,0.3073289,0.09472602,3.581485,-0.5103217,-0.07204475,3.394044,0.5012488,-0.1002344,3.42713,-0.0194513,0.1031595,3.587573,-0.01850784,0.03338477,3.548696,-0.1020855,-0.04377978,3.541201,0.06116807,-0.04684921,3.546244,-0.09500885,-0.5916362,3.547476,0.06207599,-0.5932476,3.538493,-0.08267931,-0.9997849,3.650287,-0.00505034,-0.9819649,3.630333
-0.001315198,0.6760725,3.521781,-0.007548289,0.4784611,3.561027,-0.177755,0.3795703,3.571514,0.1679334,0.3587158,3.582113,-0.3197555,0.1321816,3.525533,0.3045964,0.09684284,3.596841,-0.4782374,-0.05905794,3.44269,0.4756528,-0.1019691,3.476478,-0.01893391,0.1106874,3.587588,-0.01956681,0.03993946,3.550408,-0.102269,-0.03447419,3.544369,0.05844674,-0.03963277,3.548009,-0.08846138,-0.5916556,3.547698,0.06337359,-0.5897148,3.539917,-0.07882549,-0.9998835,3.650086,-0.003211194,-0.9820191,3.628134
-0.002208215,0.737731,3.525041,-0.002619769,0.5433559,3.562871,-0.180493,0.4377799,3.569458,0.1722585,0.421026,3.584771,-0.3114831,0.1611998,3.549124,0.2959613,0.1331325,3.610718,-0.4619102,-0.03384854,3.46428,0.4627941,-0.04906786,3.538069,-0.02030324,0.1678476,3.587424,-0.02180324,0.09517521,3.551534,-0.1043554,0.01853754,3.545834,0.05396321,0.01327836,3.54822,-0.08111727,-0.5873047,3.56016,0.05333055,-0.5883622,3.55025,-0.07584305,-0.9880166,3.625316,-0.00188721,-0.9778084,3.619427
0.002768027,0.7870611,3.517989,-0.0003491848,0.5757289,3.559189,-0.183556,0.4738239,3.570934,0.1746481,0.4582274,3.575052,-0.2950971,0.2129441,3.564252,0.2967172,0.1684392,3.614458,-0.4583474,-0.001546314,3.507303,0.4628765,-0.02536529,3.558529,-0.01754325,0.2034153,3.583639,-0.02039844,0.1312706,3.549239,-0.1041557,0.04505438,3.544531,0.05620772,0.05506088,3.545341,-0.07689098,-0.5847285,3.568803,0.02980169,-0.5785993,3.569171,-0.07296581,-0.9695136,3.618666,-0.004633749,-0.9669623,3.608441
0.006769069,0.8236579,3.530768,-0.00511281,0.611793,3.551922,-0.1813077,0.5063483,3.568574,0.1771906,0.4806898,3.56937,-0.3001576,0.2485937,3.572751,0.2901522,0.2406831,3.622092,-0.4698903,0.02409898,3.518835,0.4716245,0.005181405,3.561464,-0.01977169,0.2349501,3.577768,-0.02251752,0.1615088,3.545366,-0.1056128,0.09734064,3.544322,0.05455402,0.06896966,3.540697,-0.06975108,-0.578868,3.57838,0.02831919,-0.5690774,3.58003,-0.08309662,-0.9714972,3.597944,-0.01221924,-0.94423,3.600507
0.008416896,0.8337044,3.528788,-0.003331474,0.6271833,3.548634,-0.1816846,0.5192281,3.56978,0.1773724,0.506818,3.563064,-0.3031934,0.2686105,3.570017,0.2950135,0.257515,3.617302,-0.4948556,0.06432821,3.510471,0.5061268,0.02943756,3.522309,-0.01885679,0.2495622,3.576384,-0.02263853,0.1755918,3.546484,-0.1051286,0.1032052,3.546772,0.05251295,0.08835483,3.53974,-0.06938721,-0.5730695,3.581214,0.02707531,-0.5604125,3.582521,-0.08669089,-0.9630175,3.598608,-0.02101641,-0.9257841,3.602965
0.003572832,0.8458183,3.527646,-0.00378093,0.6341433,3.549594,-0.1824336,0.5316901,3.574012,0.174737,0.51797,3.565251,-0.3091449,0.2842284,3.566379,0.2841378,0.2872581,3.592356,-0.5009961,0.1015567,3.522381,0.5058253,0.07871191,3.505637,-0.02076197,0.2610099,3.574401,-0.02508612,0.1881235,3.545564,-0.1065223,0.1097465,3.546999,0.04812621,0.1085944,3.536355,-0.06966919,-0.5625034,3.587158,0.03386407,-0.5147429,3.580026,-0.09084466,-0.8711239,3.654045,-0.02262574,-0.9084684,3.603497
0.003889252,0.8474455,3.527818,-0.002994578,0.6383023,3.551132,-0.1826158,0.5317754,3.573834,0.1749363,0.51943,3.565711,-0.3347655,0.2864446,3.560894,0.2853092,0.2872433,3.591542,-0.5435785,0.09980597,3.478465,0.5131473,0.08819749,3.48669,-0.02093712,0.2631194,3.574016,-0.02527944,0.1898584,3.54628,-0.1069035,0.1112048,3.547993,0.04803286,0.1092924,3.536712,-0.06737667,-0.5644813,3.58919,0.02668428,-0.5622788,3.58575,-0.08662126,-0.9384549,3.589759,-0.01952496,-0.9125803,3.601803
0.003125409,0.8469285,3.530586,-0.007444865,0.6343986,3.553255,-0.1836475,0.5306025,3.574621,0.1737985,0.517589,3.564805,-0.3359895,0.2860427,3.559048,0.2865869,0.2840255,3.589901,-0.5314416,0.1231963,3.474499,0.5166874,0.09502388,3.4689,-0.02253937,0.2618741,3.574467,-0.02664164,0.1889158,3.54765,-0.1085597,0.1103225,3.549486,0.04733617,0.1077558,3.53835,-0.07043542,-0.5656363,3.589377,0.02706908,-0.5620149,3.585355,-0.08668947,-0.9397366,3.590318,-0.01750761,-0.9151386,3.597548
-0.003428692,0.822489,3.535034,-0.01013194,0.6168905,3.557977,-0.1915378,0.502058,3.577745,0.1692309,0.4870342,3.564614,-0.3236032,0.2865039,3.555955,0.286692,0.2607878,3.569424,-0.5548927,0.09917502,3.442713,0.5158728,0.08320697,3.435234,-0.02783803,0.2293582,3.582206,-0.03266412,0.1523593,3.557927,-0.115272,0.07933463,3.558264,0.04212796,0.05943951,3.552806,-0.07481249,-0.583636,3.59019,0.02447562,-0.5899003,3.584215,-0.08882321,-0.9814413,3.605964,-0.01451971,-0.9349114,3.591026
-0.003462242,0.7813207,3.53995,-0.01247831,0.5852679,3.563212,-0.1962332,0.452603,3.5761,0.1659986,0.455677,3.561962,-0.3470449,0.2331147,3.547483,0.2928724,0.216687,3.561603,-0.549655,0.08921374,3.443414,0.4937315,0.07618657,3.444353,-0.02856629,0.2074103,3.58429,-0.03312095,0.1329934,3.560564,-0.11833,0.05665916,3.561113,0.04397476,0.04659314,3.554411,-0.09848509,-0.5828023,3.582499,0.02457132,-0.5901576,3.583035,-0.09503825,-0.9903273,3.634883,-0.01449996,-0.9349087,3.590949
-0.002660368,0.7385066,3.535281,-0.008650915,0.5289195,3.571442,-0.1910181,0.4095227,3.578846,0.1706192,0.3920615,3.56831,-0.3544374,0.192212,3.546821,0.2900731,0.1557095,3.57094,-0.569351,0.02938488,3.416665,0.4920265,-0.0002044589,3.413806,-0.02660201,0.1514638,3.587279,-0.03101925,0.07757683,3.562862,-0.1162304,-0.001047677,3.561892,0.04614324,-0.006201911,3.555653,-0.1078287,-0.5848133,3.575496,0.02753482,-0.5862004,3.565606,-0.09394764,-0.99098,3.638472,-0.01245423,-0.9467366,3.590239
-0.01124794,0.6837088,3.553373,-0.01352363,0.4839889,3.577074,-0.1866179,0.3721219,3.582765,0.168563,0.3508754,3.579201,-0.3635743,0.1374106,3.545577,0.3027912,0.1116827,3.573154,-0.5689074,-0.01575459,3.430367,0.4916963,-0.04094603,3.419453,-0.02908236,0.1149056,3.589727,-0.03246292,0.04282914,3.56468,-0.1176794,-0.03814282,3.563433,0.04575557,-0.03396844,3.556616,-0.1183943,-0.5992462,3.566111,0.03386154,-0.5886806,3.546131,-0.09569955,-0.9950801,3.650383,-0.02796006,-0.9886165,3.644609
-0.01144751,0.6787137,3.558901,-0.01436271,0.4792995,3.577514,-0.1899661,0.3568946,3.588454,0.16486,0.3452106,3.581474,-0.3619167,0.1320727,3.5472,0.2988711,0.1085284,3.579271,-0.5575838,-0.02777856,3.443269,0.5023249,-0.09579695,3.424197,-0.02948643,0.1073922,3.590541,-0.03308137,0.03475609,3.565526,-0.1184432,-0.04553541,3.563713,0.04559949,-0.04278785,3.558152,-0.1194673,-0.5975071,3.56181,0.03336335,-0.5904673,3.536213,-0.09668868,-0.9970318,3.656376,-0.02694044,-0.9887128,3.644742
-0.01125851,0.6790248,3.55877,-0.01603303,0.4822793,3.576494,-0.1907978,0.3624955,3.586871,0.1633866,0.3516449,3.581375,-0.3536122,0.13283,3.553842,0.2981335,0.1048574,3.584854,-0.540051,-0.02945195,3.475322,0.4685508,-0.05897996,3.488522,-0.03086293,0.1121401,3.589642,-0.03425724,0.04000218,3.56463,-0.119557,-0.03820855,3.562458,0.04475213,-0.03974925,3.557638,-0.1188208,-0.5950413,3.561471,0.03212494,-0.5891412,3.536444,-0.09551116,-0.9962374,3.652691,-0.02560136,-0.9870597,3.640034
-0.01214562,0.7385219,3.550059,-0.009964898,0.5445625,3.57761,-0.1884938,0.4227929,3.577632,0.1554429,0.4047034,3.569655,-0.3567039,0.1692683,3.560498,0.292674,0.1169147,3.583489,-0.5332975,-0.0177604,3.475306,0.4693189,-0.05192015,3.489527,-0.0328217,0.1600299,3.584294,-0.03781721,0.08352935,3.557352,-0.1209581,0.01476295,3.553158,0.03634868,-0.0008349295,3.549762,-0.1136689,-0.5904658,3.567211,0.01851095,-0.5817727,3.54971,-0.09295938,-0.9938868,3.645359,-0.02580351,-0.9864148,3.640109
-0.003588215,0.7867177,3.566039,-0.01777039,0.5867658,3.576898,-0.1946171,0.4695064,3.574139,0.1569838,0.4592387,3.581829,-0.3511122,0.2274062,3.560318,0.2819878,0.1771299,3.596036,-0.5273544,0.04257526,3.500901,0.472698,-0.002987884,3.504433,-0.04016943,0.201482,3.582589,-0.04410151,0.1288948,3.553719,-0.1288255,0.04400536,3.549727,0.03337031,0.05186088,3.545515,-0.1045141,-0.58759,3.574628,0.01123556,-0.5775413,3.56678,-0.09232753,-0.9786016,3.623901,-0.02968191,-0.961481,3.638669
-0.01176906,0.8202154,3.570486,-0.01834054,0.6040124,3.574538,-0.2019445,0.5061393,3.576696,0.1601704,0.478585,3.57467,-0.3249778,0.2857866,3.580541,0.2750015,0.2561564,3.590369,-0.5453863,0.06280518,3.495101,0.4918091,0.03032704,3.502881,-0.04135095,0.2264172,3.581569,-0.04595356,0.1530894,3.552132,-0.1332754,0.08914741,3.546493,0.03191401,0.0601726,3.544751,-0.1025541,-0.5861077,3.577684,0.01219861,-0.5745819,3.575577,-0.09478982,-0.9394224,3.593056,-0.02821943,-0.9482468,3.646912
-0.01362004,0.8449063,3.571926,-0.02113272,0.6450908,3.56772,-0.202623,0.5148786,3.573183,0.1536215,0.4998667,3.571742,-0.3664819,0.283984,3.557876,0.2737793,0.2696756,3.593026,-0.5478486,0.09988972,3.486635,0.496572,0.08127353,3.515963,-0.04415559,0.2479114,3.578155,-0.04878497,0.1718542,3.548614,-0.133006,0.09967473,3.545025,0.02424365,0.08703341,3.539492,-0.1011726,-0.5771877,3.580424,0.006168701,-0.5637582,3.580341,-0.1050256,-0.9469945,3.577798,-0.03412788,-0.9467009,3.651618
-0.01550067,0.8498935,3.564875,-0.02279169,0.6483996,3.568122,-0.2051714,0.5246074,3.572681,0.1465376,0.5132191,3.570107,-0.3742076,0.2928901,3.553691,0.2779764,0.2831521,3.583543,-0.595235,0.1048371,3.465001,0.5096079,0.1100975,3.486387,-0.0461286,0.2566655,3.577973,-0.05084689,0.1814553,3.547655,-0.1336952,0.1070304,3.543297,0.02161636,0.09970105,3.53969,-0.1006376,-0.5695705,3.580883,-0.001497129,-0.5497094,3.580321,-0.1045126,-0.9340254,3.581464,-0.04032301,-0.9433743,3.655819
-0.02320005,0.8570317,3.555875,-0.02676415,0.6479099,3.5684,-0.2084229,0.5321035,3.572157,0.1447679,0.5172351,3.569787,-0.378308,0.2939031,3.551219,0.2737761,0.2920137,3.582485,-0.5888764,0.1133192,3.466078,0.5082944,0.117586,3.475215,-0.04861305,0.2620536,3.579881,-0.05312991,0.1886696,3.54983,-0.1350925,0.111798,3.544391,0.0200186,0.1076285,3.543567,-0.103433,-0.5650346,3.580773,-0.005883545,-0.53317,3.576319,-0.1082769,-0.9133742,3.575986,-0.04535136,-0.9256789,3.642892
-0.02665582,0.8552819,3.557784,-0.03192135,0.6451768,3.56524,-0.2105669,0.5296544,3.570095,0.1425452,0.5172072,3.569741,-0.3821097,0.2915439,3.548454,0.2732984,0.2919831,3.582645,-0.6049778,0.1031339,3.449675,0.5082642,0.119563,3.471607,-0.05003181,0.2618744,3.580284,-0.0541818,0.1881719,3.550736,-0.1363668,0.1093546,3.545637,0.01886782,0.1087543,3.546231,-0.103903,-0.5676607,3.579792,-0.0088924,-0.5370394,3.575254,-0.1174173,-0.92581,3.568067,-0.05121556,-0.9248379,3.635108
-0.03398232,0.8290775,3.554491,-0.04790134,0.6124849,3.57227,-0.2215202,0.514801,3.566715,0.1342306,0.4870195,3.570517,-0.3865263,0.2713456,3.539838,0.2741858,0.2712669,3.588411,-0.5908655,0.09778305,3.441724,0.4995362,0.1097122,3.46542,-0.05749333,0.2427771,3.58555,-0.05956759,0.170795,3.555813,-0.1437526,0.09116172,3.548197,0.01806669,0.08713008,3.554163,-0.1138518,-0.5868232,3.569851,-0.01253409,-0.5473591,3.572231,-0.1345971,-0.9758801,3.562185,-0.06647964,-0.973799,3.627717
-0.04154561,0.7890256,3.547392,-0.04642776,0.5968347,3.575308,-0.2319697,0.4652736,3.563049,0.1345347,0.4616175,3.576153,-0.3900295,0.2269603,3.536502,0.2617752,0.227692,3.593059,-0.6012248,0.04141695,3.430405,0.4773791,0.06202225,3.463729,-0.06020143,0.2184153,3.5893,-0.06200157,0.1450156,3.559666,-0.1508675,0.06258004,3.550606,0.01995417,0.06148598,3.558169,-0.1223183,-0.5950581,3.562773,-0.01538815,-0.5554981,3.565408,-0.134295,-0.9789953,3.57879,-0.06747685,-0.9777911,3.627913
-0.05733373,0.7312768,3.54002,-0.05366258,0.5438496,3.566361,-0.2351519,0.4150794,3.562502,0.1277952,0.4005607,3.577745,-0.3972492,0.1719692,3.532658,0.2753217,0.1500353,3.591344,-0.5867481,0.002538802,3.420177,0.4766641,0.008187179,3.462973,-0.06722405,0.1620717,3.585759,-0.06840141,0.08738019,3.558136,-0.1535566,0.006463033,3.549531,0.01147659,0.004859364,3.558729,-0.1446685,-0.5862933,3.54214,-0.009766711,-0.5702283,3.547141,-0.1438378,-0.9866593,3.594792,-0.07348274,-0.9815183,3.609225
-0.04918082,0.6804279,3.556889,-0.05965668,0.4818331,3.576179,-0.2340456,0.3588635,3.565538,0.1210886,0.3480341,3.587991,-0.3988936,0.1289647,3.532469,0.267954,0.1278806,3.595662,-0.5915595,-0.06866326,3.418784,0.4709307,-0.04415999,3.472564,-0.06827965,0.1096097,3.58619,-0.06768739,0.03827025,3.55622,-0.1519914,-0.04045006,3.544206,0.0135756,-0.03977337,3.556214,-0.1555633,-0.5875112,3.513712,-0.005301239,-0.5783072,3.526781,-0.1443044,-0.9863386,3.598259,-0.07296364,-0.9740742,3.585308
-0.05445515,0.6609221,3.555845,-0.06075841,0.46167,3.58304,-0.2351234,0.3351478,3.562766,0.1136099,0.3300681,3.596156,-0.4018491,0.1037708,3.527202,0.2700548,0.07928611,3.615025,-0.5880901,-0.09926698,3.410416,0.4641747,-0.1065548,3.464682,-0.0717646,0.08892478,3.586753,-0.07045406,0.01744104,3.554048,-0.1546458,-0.06209314,3.538863,0.01036434,-0.05838408,3.554106,-0.1613605,-0.5925215,3.507096,-0.006047157,-0.5869573,3.506943,-0.1478916,-0.9884923,3.603824,-0.07402928,-0.9814988,3.597717
-0.05504343,0.6608041,3.558721,-0.06111448,0.4618481,3.58232,-0.2355214,0.3359371,3.562808,0.1137095,0.3309662,3.595703,-0.4011687,0.1019941,3.533363,0.2679585,0.07862899,3.615975,-0.5759031,-0.1030613,3.44205,0.4584702,-0.1117063,3.505901,-0.07248486,0.08964583,3.586758,-0.07117759,0.01865395,3.552614,-0.1554359,-0.0605269,3.537204,0.009644695,-0.05804834,3.552729,-0.1618195,-0.5905695,3.50427,-0.006790004,-0.5868186,3.505991,-0.1488031,-0.9880813,3.603061,-0.07618432,-0.9854088,3.600864
-0.04727939,0.6903101,3.558322,-0.0623335,0.5110091,3.582144,-0.2412092,0.4003025,3.572368,0.1132292,0.3858441,3.585427,-0.3983332,0.1244645,3.549273,0.2530194,0.100026,3.604575,-0.5453496,-0.0497098,3.467616,0.4574496,-0.1067335,3.509518,-0.07406738,0.1323182,3.582876,-0.07473601,0.06145341,3.545833,-0.1579101,-0.01772751,3.532936,0.004208682,-0.01935541,3.541227,-0.1612497,-0.5895655,3.508153,-0.009617606,-0.5837519,3.51054,-0.143706,-0.9860634,3.597378,-0.08137572,-0.9911494,3.626882
-0.04584393,0.7564852,3.551409,-0.05380289,0.5690961,3.572057,-0.2331594,0.4526388,3.568887,0.1213905,0.4309683,3.576899,-0.3887661,0.1999103,3.556186,0.257184,0.1469882,3.615285,-0.5400622,-0.0009806966,3.476617,0.4477443,-0.03489051,3.518295,-0.07280806,0.1898642,3.57854,-0.07540675,0.1181494,3.541262,-0.1635402,0.04597507,3.528598,0.005099957,0.03112625,3.538059,-0.146108,-0.5808192,3.54001,-0.02050695,-0.5623284,3.541497,-0.1427262,-0.9826357,3.591606,-0.08394104,-0.9801626,3.629205
-0.03642763,0.79769,3.566786,-0.0497,0.5876011,3.57671,-0.230056,0.4919467,3.570038,0.1272478,0.4588158,3.576286,-0.3843561,0.2441354,3.561715,0.2337083,0.2284346,3.600493,-0.5576064,0.05113729,3.474359,0.453318,0.002678305,3.521041,-0.07229499,0.2147086,3.581668,-0.07574229,0.1451263,3.542457,-0.1639543,0.06647482,3.531666,0.002669634,0.06363177,3.534809,-0.1360661,-0.5773628,3.548148,-0.02123367,-0.5635087,3.547942,-0.1346011,-0.9755756,3.578135,-0.08694343,-0.9808781,3.636275
-0.04081443,0.8306172,3.564767,-0.04917632,0.619071,3.577944,-0.2322256,0.5098217,3.569337,0.1249248,0.4830524,3.570916,-0.3992379,0.2615852,3.55872,0.2415765,0.2493518,3.598362,-0.5764612,0.07564294,3.471845,0.4609275,0.0612503,3.504563,-0.07282796,0.2316835,3.582855,-0.07691547,0.1595929,3.54217,-0.1640405,0.08209906,3.531854,0.0002851298,0.07709387,3.534431,-0.1234713,-0.574592,3.551535,-0.02460311,-0.5561272,3.549808,-0.1299715,-0.9670247,3.566662,-0.0896587,-0.9675893,3.658044
-0.03791874,0.8417959,3.565092,-0.04899444,0.6369051,3.575133,-0.2347376,0.5307115,3.573141,0.124106,0.5079252,3.568972,-0.4045063,0.2904927,3.558928,0.2442241,0.2839594,3.580713,-0.5889397,0.1076284,3.47282,0.46744,0.06684728,3.498453,-0.07348851,0.2650595,3.583639,-0.07868551,0.195868,3.542821,-0.1638107,0.1174285,3.534386,-0.004263225,0.1127104,3.534878,-0.1226631,-0.5506993,3.555629,-0.0241741,-0.5425948,3.554027,-0.115895,-0.9009647,3.582496,-0.08676869,-0.9562472,3.656744
-0.03855487,0.8550345,3.562395,-0.04847018,0.6503924,3.577439,-0.2364339,0.5402603,3.575169,0.1237126,0.51463,3.569195,-0.4042596,0.3006662,3.556046,0.2507764,0.2800975,3.579485,-0.5986646,0.116987,3.463984,0.4761659,0.1035014,3.460368,-0.07373279,0.269001,3.585143,-0.07911702,0.1986456,3.543091,-0.1640995,0.1199642,3.534526,-0.005059874,0.1156929,3.534966,-0.1230614,-0.5506564,3.55653,-0.02381286,-0.5402318,3.556539,-0.1168581,-0.9061837,3.570892,-0.0869437,-0.9548409,3.65601
-0.03891293,0.8569307,3.564299,-0.04861588,0.6510713,3.576581,-0.2375416,0.539901,3.575189,0.1227702,0.5173216,3.570316,-0.4047868,0.3005745,3.556559,0.2520081,0.2811159,3.57545,-0.5993579,0.1196384,3.457918,0.4753093,0.1035978,3.457428,-0.07347105,0.2708627,3.586281,-0.07867234,0.2005892,3.543773,-0.1637868,0.1200768,3.534966,-0.004268828,0.1215527,3.536648,-0.121985,-0.5573872,3.559904,-0.02333839,-0.5412216,3.558796,-0.128432,-0.9228942,3.565332,-0.08720639,-0.9567379,3.654996
-0.04365456,0.8522741,3.567762,-0.05183642,0.6454796,3.57551,-0.2394491,0.5339478,3.572817,0.1210406,0.5141138,3.571833,-0.4068063,0.2919966,3.554989,0.2514968,0.2773884,3.574662,-0.5958062,0.1123206,3.44906,0.4742539,0.09619933,3.442015,-0.07355347,0.2600023,3.590606,-0.07736522,0.186379,3.549685,-0.1619181,0.1055008,3.541051,-0.0008076435,0.1044805,3.545896,-0.1178066,-0.5720735,3.562697,-0.03165295,-0.5621105,3.561799,-0.1264986,-0.9590429,3.560522,-0.08937193,-0.9787899,3.657214
-0.0497517,0.8278716,3.572429,-0.0557497,0.6127966,3.589061,-0.2440857,0.5037445,3.572859,0.1159429,0.4934061,3.573071,-0.4076363,0.2591475,3.549735,0.2479447,0.2454866,3.569154,-0.5815442,0.06024111,3.45685,0.4661982,0.06301344,3.430061,-0.07243689,0.2300775,3.599897,-0.0756298,0.1589258,3.556712,-0.1610622,0.0711263,3.549177,0.00227868,0.08632752,3.548948,-0.1179033,-0.5829002,3.560869,-0.02924379,-0.565421,3.560523,-0.1253903,-0.9629934,3.562273,-0.08488908,-0.9827934,3.654655
-0.05740434,0.7756593,3.569061,-0.05850177,0.5890589,3.593836,-0.2461088,0.4531354,3.575401,0.1167862,0.4407436,3.579185,-0.3982064,0.2176652,3.55064,0.2607239,0.1709224,3.566723,-0.5891178,-0.002266421,3.437239,0.4623324,0.02050339,3.429579,-0.07341443,0.2020357,3.602365,-0.07565995,0.1297828,3.557488,-0.1615963,0.04781805,3.546937,0.004550426,0.04717316,3.550778,-0.1267622,-0.579999,3.548596,-0.02316134,-0.5672973,3.550908,-0.1279626,-0.9713953,3.574062,-0.0827236,-0.985045,3.642037
-0.06541339,0.7320445,3.572618,-0.05876265,0.5280367,3.585808,-0.2512814,0.3986746,3.575526,0.1156945,0.3890328,3.581336,-0.3985428,0.148028,3.551095,0.2571141,0.1405394,3.576869,-0.5748633,-0.05084626,3.458641,0.4566094,-0.03634106,3.427972,-0.07430239,0.1501568,3.601381,-0.07649396,0.07925131,3.557822,-0.1663305,-0.001028263,3.549716,0.00688988,-0.004397041,3.550474,-0.1467473,-0.5811605,3.530662,-0.01596178,-0.5732746,3.536427,-0.1301602,-0.9755712,3.583796,-0.07842726,-0.988006,3.636484
-0.06223769,0.6797352,3.581285,-0.06080336,0.4896504,3.587401,-0.2454547,0.3483005,3.578502,0.1121488,0.3369673,3.583876,-0.4033252,0.1226212,3.553214,0.2524562,0.09127109,3.577443,-0.5591862,-0.1068791,3.468423,0.4546147,-0.1064579,3.45058,-0.07431638,0.1064257,3.59923,-0.07606018,0.0349228,3.554272,-0.161864,-0.04381539,3.543978,0.004479861,-0.04367378,3.547977,-0.1537065,-0.5818051,3.51515,-0.0107968,-0.581988,3.516196,-0.1356712,-0.9779505,3.585673,-0.0727884,-0.9919455,3.607754
-0.06477661,0.6685925,3.581972,-0.06467894,0.4643265,3.589368,-0.2451106,0.3369451,3.579351,0.1081657,0.324635,3.582871,-0.3984016,0.07854222,3.558132,0.2483002,0.07567719,3.587181,-0.5534582,-0.1225269,3.474363,0.4515661,-0.1344703,3.470937,-0.07491949,0.09038385,3.600647,-0.07639396,0.02091122,3.554965,-0.1616267,-0.05773275,3.543245,0.004416662,-0.0569051,3.549789,-0.1577536,-0.5844535,3.507959,-0.01153633,-0.5880286,3.503445,-0.136337,-0.9803734,3.587329,-0.0743109,-0.9860877,3.598989
-0.0659526,0.669649,3.582724,-0.06472598,0.4678736,3.58603,-0.2433308,0.3420506,3.577234,0.1082024,0.3318771,3.585352,-0.3984604,0.07931624,3.558838,0.2515101,0.06678082,3.60212,-0.5393881,-0.1104167,3.518399,0.4516133,-0.1449904,3.495435,-0.0756598,0.09326829,3.600055,-0.07660098,0.02356365,3.554418,-0.1612712,-0.05409576,3.54253,0.003802546,-0.05497358,3.54992,-0.1588875,-0.5852795,3.50955,-0.01250868,-0.5863715,3.504311,-0.1361859,-0.9829526,3.594834,-0.08002914,-0.984108,3.595073
-0.05240612,0.7299472,3.571453,-0.05699018,0.5323963,3.57707,-0.2383951,0.4115303,3.58208,0.1121406,0.3977049,3.584406,-0.3830012,0.1432752,3.582493,0.2351561,0.1061046,3.614765,-0.5198066,-0.05021651,3.548039,0.4420756,-0.1314232,3.534981,-0.07300588,0.1483593,3.59949,-0.07572049,0.07538503,3.556587,-0.1581848,-0.00159567,3.548436,0.0002951514,-0.004978377,3.552813,-0.1536812,-0.5839497,3.543997,-0.02877414,-0.5727363,3.545665,-0.1346315,-0.9824513,3.602463,-0.08152703,-0.9840747,3.593662
-0.04341812,0.7756822,3.571511,-0.05492823,0.5829979,3.585448,-0.2349229,0.4646797,3.577501,0.119188,0.4459924,3.578573,-0.3772087,0.2035776,3.579823,0.2524935,0.1646769,3.622446,-0.5232868,0.0001722681,3.544402,0.4379829,-0.030136,3.526789,-0.07371832,0.193154,3.601386,-0.07704311,0.1196814,3.557347,-0.1646716,0.04490069,3.549121,0.002699476,0.03509841,3.551276,-0.1445533,-0.5824969,3.562673,-0.0364776,-0.570361,3.560473,-0.1326761,-0.9814357,3.610216,-0.07657743,-0.9795423,3.59112
-0.03750174,0.8120909,3.578159,-0.05664318,0.5987595,3.584658,-0.2331958,0.4984837,3.57759,0.1168616,0.4768391,3.581509,-0.3848165,0.2261155,3.573529,0.2502246,0.1899545,3.612917,-0.5552055,0.02750791,3.51236,0.455386,0.008524563,3.534836,-0.07528796,0.2158012,3.603855,-0.07816476,0.1435747,3.561133,-0.1634979,0.0614614,3.554256,-0.001160429,0.07280301,3.555047,-0.1383806,-0.5842016,3.573576,-0.03079501,-0.5654535,3.574038,-0.1391868,-0.9790293,3.60322,-0.073916,-0.9481995,3.605335
-0.04129106,0.8367878,3.581137,-0.05688984,0.6357008,3.582061,-0.234811,0.5146711,3.582811,0.1180641,0.494528,3.581067,-0.3934033,0.2696353,3.571754,0.2443525,0.2607287,3.619993,-0.556932,0.07021964,3.508481,0.4580042,0.06266418,3.526954,-0.07411277,0.2565758,3.604509,-0.07758784,0.1841941,3.563346,-0.160879,0.09828331,3.559388,-0.001709754,0.1062455,3.555534,-0.1302121,-0.5798633,3.584849,-0.0313799,-0.5686569,3.584642,-0.1418523,-0.9183105,3.600762,-0.0852522,-0.9321752,3.61716
-0.04331153,0.8564765,3.575464,-0.05720057,0.648329,3.583313,-0.2400918,0.5339888,3.588891,0.1132184,0.5156819,3.586096,-0.3876532,0.2906257,3.56428,0.2410871,0.2756807,3.617504,-0.5662345,0.08838812,3.481781,0.4692778,0.0736654,3.514348,-0.0744183,0.2656694,3.605629,-0.07805832,0.192586,3.565475,-0.1605262,0.1139387,3.56302,-0.002766945,0.1127431,3.557406,-0.1261539,-0.5298491,3.600556,-0.02122667,-0.5218777,3.603096,-0.1479833,-0.8606979,3.59165,-0.1021802,-0.8642411,3.632517
-0.04544524,0.8691559,3.580799,-0.05608407,0.6509896,3.584397,-0.2394652,0.5422142,3.591816,0.1123316,0.5224878,3.59023,-0.3852542,0.2971211,3.563345,0.2416302,0.2850124,3.608841,-0.5623931,0.1041083,3.456353,0.4668056,0.1033299,3.486731,-0.07445001,0.2706101,3.606793,-0.07822612,0.1978692,3.567829,-0.1602393,0.1198737,3.564994,-0.004090637,0.1184967,3.560524,-0.1259052,-0.5352548,3.603508,-0.0207623,-0.5232354,3.605341,-0.151684,-0.8642679,3.636166,-0.07773362,-0.8664371,3.657053
-0.04323537,0.8667467,3.578748,-0.05571645,0.6509801,3.584065,-0.2398846,0.5422079,3.591288,0.1123252,0.5226027,3.59003,-0.3858196,0.2965118,3.561276,0.2430492,0.2804883,3.602147,-0.5606707,0.1023188,3.453764,0.4686583,0.1041865,3.461506,-0.07474917,0.2719036,3.606776,-0.07878187,0.1994402,3.569498,-0.1608841,0.1201359,3.566801,-0.005318048,0.1217199,3.563278,-0.1277259,-0.5564315,3.61428,-0.02403228,-0.5391672,3.610738,-0.154163,-0.8745191,3.642924,-0.08922748,-0.9319954,3.617535
-0.04333386,0.8578655,3.577542,-0.05369447,0.6402919,3.585704,-0.2404228,0.5318304,3.585459,0.12011,0.5111836,3.601465,-0.3831509,0.2897282,3.555783,0.2441447,0.2721695,3.600333,-0.5502981,0.08471408,3.445742,0.4646554,0.09118993,3.452303,-0.07641304,0.2665738,3.610062,-0.07892549,0.1941016,3.574572,-0.1636756,0.1095417,3.574273,-0.004094184,0.1156649,3.568914,-0.1278461,-0.56744,3.616174,-0.02389615,-0.5402973,3.611609,-0.1536505,-0.8856555,3.644306,-0.08349962,-0.9265091,3.639066
-0.03558515,0.8088495,3.564302,-0.05160979,0.6133747,3.594796,-0.2399227,0.4878113,3.588897,0.127277,0.4736416,3.612947,-0.374905,0.2701829,3.549563,0.2574316,0.1982631,3.589851,-0.5411768,0.0382487,3.434823,0.4559769,0.05279272,3.451031,-0.07454358,0.2468969,3.619641,-0.07631433,0.1756106,3.585577,-0.1635036,0.09594835,3.58355,0.002540572,0.08841438,3.580981,-0.1301258,-0.5818812,3.61677,-0.02389572,-0.5641001,3.616886,-0.1542072,-0.9161541,3.650602,-0.07359374,-0.9380463,3.667612
-0.02789976,0.7728251,3.576348,-0.05448311,0.5760173,3.598813,-0.2413905,0.4501231,3.583108,0.117521,0.4309652,3.611385,-0.3678627,0.2130574,3.540699,0.2405303,0.1834443,3.611288,-0.5272935,0.000593483,3.425837,0.4488955,-0.01242189,3.449458,-0.07423731,0.1903882,3.625277,-0.07482028,0.1159825,3.593341,-0.1605625,0.02610988,3.587812,0.00373075,0.04890916,3.590643,-0.1435179,-0.5931112,3.611016,-0.02160777,-0.5814779,3.614986,-0.1448829,-1.001784,3.694774,-0.074491,-1.002645,3.697392
-0.04549646,0.7176102,3.563687,-0.05313118,0.5140904,3.5977,-0.2386759,0.3923008,3.579311,0.1243284,0.3851352,3.633365,-0.3794431,0.1397484,3.54155,0.2437358,0.117833,3.614375,-0.5212392,-0.02834269,3.433939,0.4299782,-0.0653331,3.471818,-0.0757371,0.1548601,3.621947,-0.07444909,0.08500111,3.591705,-0.1573554,-0.006733753,3.58551,0.000394375,0.009004157,3.589945,-0.1485647,-0.5967473,3.605472,-0.01690265,-0.588774,3.606344,-0.1457328,-1.002954,3.69398,-0.07558208,-1.001754,3.695177
-0.04747668,0.6854387,3.576007,-0.0563738,0.4819534,3.602063,-0.2403433,0.3630643,3.590101,0.1093084,0.3501806,3.633094,-0.3821527,0.1193062,3.545935,0.2421373,0.1070885,3.625823,-0.5266573,-0.1028077,3.454675,0.4373059,-0.1226478,3.503622,-0.07640091,0.1041541,3.62033,-0.07549524,0.03221336,3.589176,-0.1585281,-0.03505957,3.581195,0.001421387,-0.04785356,3.588606,-0.1542077,-0.5979028,3.59585,-0.01323471,-0.5898474,3.596543,-0.1562628,-0.9704556,3.675877,-0.07786757,-0.9886486,3.69067
-0.04801812,0.6824753,3.577906,-0.05824908,0.4796504,3.602927,-0.2396913,0.3622678,3.591664,0.1098457,0.349272,3.635715,-0.3824832,0.1112669,3.552073,0.2380301,0.09859749,3.638565,-0.5288665,-0.1063687,3.47169,0.4332891,-0.1453157,3.547079,-0.0765134,0.1040852,3.619918,-0.07550792,0.03221305,3.589175,-0.1585036,-0.03751637,3.580373,0.001421844,-0.04781808,3.588638,-0.1555566,-0.6024356,3.590866,-0.01252061,-0.5888731,3.582122,-0.1512961,-1.00326,3.689467,-0.07871763,-0.9907873,3.689219
-0.05108947,0.6938418,3.57602,-0.05808173,0.4982039,3.605491,-0.237628,0.3877983,3.593112,0.1165993,0.3741271,3.642032,-0.3838384,0.1150725,3.561514,0.232189,0.112263,3.644837,-0.5273988,-0.0922745,3.505157,0.403192,-0.102113,3.589197,-0.07675176,0.1260913,3.620635,-0.0753069,0.05367118,3.589778,-0.1586601,-0.02591962,3.579678,0.00192157,-0.02853407,3.58951,-0.1545887,-0.6012305,3.592108,-0.01288842,-0.5883447,3.582817,-0.1513663,-1.002405,3.690254,-0.07884954,-0.990368,3.686671
-0.04929744,0.7635541,3.587855,-0.06455716,0.5754768,3.615495,-0.2352386,0.4455072,3.59092,0.1125293,0.429714,3.622534,-0.3728394,0.1661108,3.590922,0.2320103,0.1525881,3.651517,-0.5146923,-0.01920404,3.53038,0.401045,-0.03825229,3.621735,-0.07973877,0.1811675,3.620029,-0.07907787,0.1058487,3.585493,-0.161595,0.03415429,3.572611,-0.001392251,0.02128372,3.583684,-0.1423967,-0.6005759,3.60758,-0.02224431,-0.5845805,3.605949,-0.1427666,-1.001869,3.703897,-0.07963742,-0.9834332,3.676076
-0.05422331,0.8135235,3.599608,-0.05807187,0.6020318,3.60441,-0.237292,0.4814741,3.594287,0.1202811,0.4809083,3.610367,-0.3764978,0.2150973,3.578344,0.2301939,0.2263979,3.64858,-0.5257546,-0.004267108,3.531524,0.3849154,0.02907788,3.62961,-0.07516339,0.2133293,3.615832,-0.07681946,0.1389522,3.582085,-0.1616793,0.06359342,3.574537,0.001350971,0.05162554,3.577457,-0.1229682,-0.6116724,3.632788,-0.02544655,-0.5851082,3.618418,-0.1424315,-1.001968,3.704442,-0.08014977,-0.9842763,3.675673
-0.05248799,0.8336323,3.597368,-0.05584452,0.6148055,3.604441,-0.2339118,0.5131878,3.596675,0.1221637,0.4854348,3.61509,-0.3792404,0.2477944,3.584519,0.2311419,0.2493665,3.652713,-0.5272233,0.03919674,3.520901,0.4356948,0.009664074,3.572637,-0.07723187,0.2462724,3.614015,-0.07961304,0.1771435,3.578922,-0.1652614,0.09808649,3.569564,-0.00338636,0.09746727,3.573965,-0.1281047,-0.5493633,3.607574,-0.02309249,-0.5413516,3.612357,-0.1464318,-0.9147523,3.680726,-0.08086213,-0.9146921,3.699898
-0.05122479,0.8482767,3.60046,-0.05395944,0.6371451,3.601031,-0.2332062,0.5277682,3.598617,0.1137211,0.5233143,3.613363,-0.374975,0.2754784,3.581985,0.2347669,0.2847415,3.657452,-0.5303012,0.04873862,3.52092,0.4417383,0.04648721,3.579699,-0.0768766,0.2601421,3.611551,-0.07979412,0.1884765,3.576223,-0.163113,0.1110266,3.568705,-0.006076164,0.111899,3.568906,-0.1281031,-0.536067,3.610291,-0.01820776,-0.528175,3.613282,-0.1454764,-0.8659391,3.697546,-0.07739802,-0.9053562,3.709262
-0.05109844,0.8579518,3.597232,-0.05397717,0.6444098,3.601112,-0.2388485,0.5399536,3.601865,0.1125763,0.5282782,3.618019,-0.3759064,0.2754347,3.58108,0.235873,0.2838389,3.65485,-0.5362213,0.0622053,3.497616,0.4569287,0.07375884,3.537478,-0.07669946,0.2702701,3.611013,-0.07925952,0.1992177,3.574792,-0.1618048,0.1207725,3.56709,-0.006009103,0.1196411,3.567811,-0.1289837,-0.531876,3.613681,-0.01519339,-0.5168636,3.616825,-0.1462115,-0.8646218,3.697011,-0.07867094,-0.8573484,3.701383
-0.05186708,0.8594848,3.595468,-0.05342035,0.6464885,3.601614,-0.2394314,0.5403775,3.60115,0.1150253,0.5257396,3.619346,-0.3784989,0.2742213,3.576803,0.2389241,0.2738905,3.642555,-0.5402988,0.06710691,3.492512,0.4587553,0.07741615,3.521888,-0.07677145,0.2720399,3.611734,-0.07914768,0.200984,3.574864,-0.1618973,0.1209894,3.567016,-0.005633547,0.12183,3.56801,-0.1325483,-0.5546045,3.627807,-0.02757249,-0.5531045,3.636847,-0.1431987,-0.9185266,3.641038,-0.05762796,-0.862601,3.700915
-0.05133211,0.8572935,3.59557,-0.05215791,0.6432323,3.602026,-0.2400509,0.5334738,3.595525,0.1196742,0.5155162,3.622419,-0.3792022,0.2705675,3.571103,0.2359047,0.2666173,3.642673,-0.553486,0.06157314,3.470278,0.4549661,0.08105609,3.505228,-0.07738081,0.2690932,3.613751,-0.07907446,0.1978014,3.576854,-0.1624389,0.1182251,3.569067,-0.005365125,0.1150419,3.571309,-0.1349179,-0.5578706,3.626541,-0.02638852,-0.5502058,3.634046,-0.1455385,-0.9385819,3.63622,-0.07617449,-0.9301832,3.641742
-0.04716888,0.8310629,3.588933,-0.05291048,0.6246594,3.602548,-0.2428386,0.5013512,3.588022,0.123261,0.4970593,3.619249,-0.3768006,0.263096,3.563918,0.2316186,0.25709,3.636738,-0.55567,0.05214811,3.461271,0.4485373,0.06244238,3.485767,-0.0754898,0.2519352,3.618806,-0.07633015,0.1802322,3.583092,-0.1622638,0.08742066,3.578726,0.000194188,0.1033099,3.576853,-0.1381027,-0.5759757,3.621502,-0.02397822,-0.5569641,3.62844,-0.1460024,-0.9684035,3.615917,-0.0750647,-0.9288087,3.640912
-0.04154963,0.7770957,3.577894,-0.0544397,0.5817598,3.596424,-0.240776,0.4511026,3.581045,0.125482,0.449998,3.623561,-0.3750668,0.213847,3.545962,0.2318129,0.1808397,3.626043,-0.560396,0.0003607062,3.432188,0.4121489,0.02329142,3.489605,-0.07432605,0.1956498,3.623506,-0.07358489,0.120489,3.592056,-0.1607932,0.04984481,3.583546,0.006557802,0.03189331,3.593349,-0.1470414,-0.5827452,3.611031,-0.02369494,-0.5654253,3.620349,-0.143848,-0.976993,3.619968,-0.07828281,-0.9419668,3.632541
-0.05622767,0.7353741,3.572057,-0.05554928,0.5431715,3.587525,-0.2443569,0.4052487,3.577012,0.1147015,0.4049581,3.62025,-0.3882224,0.1549324,3.543862,0.2372877,0.1270571,3.621936,-0.5513675,-0.01786864,3.428044,0.4480496,-0.0413069,3.467779,-0.07594976,0.1598209,3.618928,-0.07552025,0.08324712,3.590949,-0.16045,-0.001728994,3.585019,0.00297747,0.004448358,3.593162,-0.1568129,-0.5945605,3.594695,-0.01933446,-0.5788625,3.597872,-0.1388183,-0.9875039,3.63456,-0.06940387,-0.9500437,3.627692
-0.05215434,0.685501,3.586484,-0.06295996,0.4788141,3.597969,-0.2403707,0.3545938,3.58179,0.1099751,0.3577929,3.624249,-0.3910572,0.1278205,3.543782,0.2335245,0.1196934,3.624254,-0.5424406,-0.0695838,3.424001,0.432481,-0.09389763,3.474226,-0.07644087,0.1112374,3.617124,-0.07479912,0.0425405,3.587983,-0.1587834,-0.03215376,3.580071,0.004525861,-0.03667707,3.588341,-0.160553,-0.5962238,3.581979,-0.01647532,-0.5811381,3.580406,-0.1475392,-0.9927689,3.652583,-0.07735115,-0.9756938,3.645391
-0.05469773,0.6824674,3.584725,-0.06319509,0.4784317,3.598084,-0.2397744,0.3545816,3.582801,0.1122673,0.3546122,3.626318,-0.3903927,0.1224427,3.547358,0.2472088,0.07955769,3.631557,-0.5531071,-0.09226967,3.432054,0.4059969,-0.1036875,3.530448,-0.07695363,0.1107762,3.616296,-0.07555743,0.04138497,3.587543,-0.1598569,-0.0346138,3.578546,0.003472399,-0.03864555,3.587998,-0.1592844,-0.5963096,3.573506,-0.01350321,-0.5855488,3.573092,-0.1469252,-0.9928237,3.652738,-0.07471528,-0.983325,3.647934
-0.05531924,0.6910243,3.581174,-0.06052899,0.4922927,3.601219,-0.2386242,0.3812531,3.583865,0.114828,0.3719981,3.630086,-0.3875424,0.1270445,3.55586,0.2388758,0.09958538,3.639956,-0.5315269,-0.06623809,3.490556,0.4231148,-0.1087916,3.529421,-0.07659434,0.1211288,3.615405,-0.07520127,0.04963513,3.586239,-0.1593229,-0.02758181,3.575455,0.003364318,-0.03163924,3.587198,-0.1569712,-0.5952847,3.573686,-0.01333776,-0.5853212,3.572165,-0.1453402,-0.9916055,3.653214,-0.077779,-0.9855752,3.641179
-0.04870886,0.7497761,3.580533,-0.05424151,0.5640264,3.607304,-0.2328606,0.4436389,3.592749,0.1172043,0.4229155,3.632338,-0.3749928,0.1687311,3.589337,0.2274926,0.1411404,3.645746,-0.5260605,-0.01904601,3.527267,0.3973268,-0.04108918,3.597023,-0.07889204,0.178953,3.613001,-0.07944825,0.1050034,3.580528,-0.1645064,0.03320987,3.568478,-0.003025519,0.01954362,3.578558,-0.1546166,-0.5922291,3.579931,-0.02004927,-0.5773382,3.578747,-0.1426525,-0.9882124,3.648679,-0.07997817,-0.9847235,3.626737
-0.05067657,0.8037333,3.59802,-0.05962143,0.5857893,3.604866,-0.2382605,0.4677367,3.58724,0.1171867,0.4714374,3.620002,-0.3779237,0.2155824,3.586185,0.2256434,0.2201798,3.64787,-0.5318998,0.01147596,3.532413,0.4049328,-0.009927576,3.596799,-0.07927711,0.1985644,3.61372,-0.07980639,0.1242318,3.580906,-0.1652587,0.04639516,3.569909,-0.001196113,0.04166502,3.578343,-0.1419628,-0.5916389,3.592216,-0.02780576,-0.5738099,3.589913,-0.1371991,-0.9809165,3.64435,-0.08514157,-0.9676662,3.602014
-0.04952493,0.8279623,3.601313,-0.05904138,0.6276622,3.599626,-0.2352056,0.4987735,3.587374,0.1186841,0.4851861,3.619601,-0.3870921,0.2480986,3.595071,0.2339061,0.2167652,3.64844,-0.5568895,0.0506419,3.545659,0.4390478,0.0252609,3.582453,-0.08014096,0.2415303,3.612072,-0.08077854,0.1668912,3.579746,-0.1636544,0.09904923,3.570634,-0.004839339,0.07553568,3.577277,-0.1405752,-0.5801268,3.59413,-0.0386609,-0.5724484,3.598037,-0.1358266,-0.9694933,3.640931,-0.07786301,-0.9483968,3.604624
-0.04703405,0.8381943,3.59753,-0.05896422,0.6303395,3.600534,-0.2344777,0.5237601,3.591797,0.1215224,0.4948699,3.623471,-0.3935413,0.2735172,3.59204,0.2336947,0.2750295,3.66103,-0.5675136,0.06938682,3.526644,0.4514571,0.05013194,3.579359,-0.0809364,0.2485531,3.613107,-0.08177197,0.175173,3.580518,-0.1646756,0.1059149,3.572167,-0.006468742,0.08385814,3.576637,-0.1389503,-0.5732127,3.596265,-0.03711384,-0.5533774,3.597472,-0.1401601,-0.9321747,3.607662,-0.08598596,-0.9226925,3.610437
-0.04457006,0.8486737,3.595512,-0.05634682,0.6387078,3.599565,-0.2364823,0.5328478,3.593546,0.1130478,0.5123974,3.621272,-0.3978906,0.2832888,3.584318,0.2405403,0.2701538,3.65345,-0.5873057,0.09322208,3.486265,0.4640116,0.07112268,3.528489,-0.0811239,0.2544664,3.613147,-0.08278222,0.1805089,3.580595,-0.1655039,0.1117236,3.573105,-0.009496056,0.09263644,3.576313,-0.1373687,-0.5672421,3.597701,-0.03657806,-0.5509723,3.598873,-0.1437416,-0.9169849,3.623331,-0.08949526,-0.9107748,3.602061
-0.0453763,0.8497611,3.594888,-0.05587519,0.6392969,3.601673,-0.2373661,0.5328696,3.593892,0.1153093,0.512627,3.625672,-0.399159,0.284466,3.583912,0.2403034,0.2687968,3.652664,-0.5819255,0.1074176,3.474149,0.4132126,0.1149354,3.541899,-0.08136507,0.2558704,3.613916,-0.0827181,0.1822723,3.580936,-0.165677,0.1123903,3.573095,-0.009301044,0.0936069,3.576396,-0.1372995,-0.5666142,3.598102,-0.03194395,-0.5445169,3.597442,-0.1452032,-0.9123116,3.616852,-0.08486789,-0.913331,3.604137
-0.04725825,0.8448007,3.599257,-0.05290965,0.6269831,3.624805,-0.2372697,0.5239775,3.595556,0.1164154,0.5054545,3.634355,-0.399518,0.2834488,3.581903,0.2381798,0.2640174,3.651592,-0.5870762,0.09764931,3.460479,0.4603179,0.08023581,3.493881,-0.08180645,0.2515526,3.619332,-0.08250707,0.1806754,3.582772,-0.1658263,0.1091408,3.572759,-0.009025132,0.09322353,3.578282,-0.1381717,-0.5699684,3.597473,-0.03112107,-0.5488389,3.595869,-0.1485288,-0.9144154,3.614291,-0.08063844,-0.927567,3.610982
-0.04251693,0.808324,3.608063,-0.05320179,0.6064352,3.629899,-0.2410944,0.4883216,3.601468,0.1215965,0.4876239,3.64445,-0.395587,0.2473473,3.570869,0.2251548,0.2338227,3.635866,-0.5875247,0.07045534,3.45149,0.4105608,0.0782669,3.519765,-0.08147733,0.2284416,3.62759,-0.08192412,0.1584508,3.587964,-0.1691147,0.08381268,3.573222,-0.004765941,0.0675043,3.584592,-0.1415837,-0.5756451,3.59215,-0.02926018,-0.547032,3.590699,-0.1524861,-0.9370574,3.601817,-0.08817371,-0.9565834,3.605902
-0.04621371,0.7650402,3.613673,-0.0583327,0.5781608,3.637265,-0.2400138,0.4480149,3.599838,0.116538,0.4382511,3.657602,-0.3915994,0.212461,3.568887,0.1882143,0.1692596,3.637765,-0.5816162,0.01405716,3.438104,0.4290168,0.01265737,3.477942,-0.08613855,0.1863502,3.634086,-0.08420844,0.1123722,3.592152,-0.1697349,0.04139287,3.575778,-0.006955102,0.02974682,3.587018,-0.154959,-0.5876895,3.575698,-0.02809351,-0.562212,3.579975,-0.1591192,-0.9478862,3.599183,-0.08543196,-0.9871964,3.631523
-0.05795988,0.7155802,3.608377,-0.05968907,0.5113264,3.633682,-0.247672,0.3911051,3.602627,0.1173379,0.3856203,3.654589,-0.3882966,0.1563677,3.567075,0.225524,0.1215374,3.637621,-0.5649604,-0.0335953,3.452699,0.4243337,-0.04042759,3.494207,-0.08331347,0.1389825,3.637082,-0.08159766,0.07339507,3.594421,-0.1666658,-0.01101081,3.577005,-0.0040517,-0.01266461,3.59237,-0.1583119,-0.5920262,3.563066,-0.02478572,-0.5650067,3.573317,-0.1659455,-0.9539419,3.593306,-0.08533781,-0.9865305,3.63275
-0.05168017,0.6694365,3.61902,-0.07241312,0.4611804,3.635242,-0.239608,0.3404409,3.604453,0.1050033,0.3359884,3.653716,-0.396873,0.1126103,3.572255,0.2244047,0.09712263,3.637947,-0.5536438,-0.05210087,3.471389,0.4339443,-0.102312,3.482218,-0.08788024,0.08757891,3.636974,-0.08403094,0.01882589,3.592753,-0.1663453,-0.05137832,3.574363,-0.005766367,-0.05982246,3.591645,-0.1669849,-0.5961778,3.552034,-0.02062666,-0.5917189,3.546304,-0.1663297,-0.9576664,3.591819,-0.08598939,-0.9898034,3.634917
-0.05359096,0.6680588,3.618554,-0.07116788,0.4600103,3.635206,-0.2394584,0.3386635,3.604508,0.1045861,0.3341937,3.654297,-0.3964889,0.09720035,3.581468,0.228582,0.08254026,3.646492,-0.5559651,-0.1070576,3.504266,0.4082275,-0.1128835,3.538466,-0.08799399,0.08676142,3.638488,-0.08405681,0.01809298,3.59321,-0.1666118,-0.05341317,3.57512,-0.005999893,-0.0607602,3.592325,-0.1670588,-0.5943417,3.544621,-0.02099319,-0.5919513,3.544787,-0.159541,-1.001586,3.643692,-0.08598654,-0.9903238,3.635465
-0.05600917,0.6751621,3.620362,-0.07188513,0.4676329,3.635524,-0.2393137,0.3451858,3.605556,0.1068177,0.3421696,3.653674,-0.3964027,0.101854,3.58687,0.2297329,0.08788221,3.652212,-0.5563482,-0.1054991,3.510814,0.44427,-0.1383668,3.557329,-0.08815192,0.09505898,3.641034,-0.0842565,0.02664765,3.594927,-0.1667654,-0.04801451,3.57684,-0.006037887,-0.05373473,3.593573,-0.1634381,-0.5972813,3.550455,-0.02125798,-0.5834075,3.547342,-0.1573459,-1.001579,3.650376,-0.08620327,-0.9903303,3.635668
-0.05136955,0.7391335,3.611125,-0.06025042,0.5407618,3.636427,-0.2415647,0.4177026,3.614604,0.1168978,0.4059389,3.653563,-0.3882118,0.1550723,3.628653,0.2292775,0.1220525,3.666017,-0.536401,-0.02418255,3.563452,0.4114947,-0.04598857,3.619431,-0.08360665,0.1590313,3.642692,-0.08242642,0.08874755,3.595395,-0.1691069,0.01232294,3.578515,-0.003626658,0.004538495,3.592664,-0.1596866,-0.5934714,3.574494,-0.02593783,-0.5765731,3.57095,-0.1554874,-0.998618,3.656081,-0.08579611,-0.9889435,3.635029
-0.02572846,0.7817634,3.616496,-0.05071241,0.5908934,3.648759,-0.2292515,0.4738435,3.608408,0.1177865,0.4577351,3.654148,-0.3926457,0.2041777,3.612318,0.2181366,0.1855641,3.659376,-0.5521852,0.0005819085,3.558649,0.4105088,0.006313035,3.601908,-0.08087749,0.1893338,3.646922,-0.07943907,0.1161182,3.597605,-0.1653142,0.04510586,3.579448,-0.00207266,0.03443794,3.594883,-0.1484702,-0.5875548,3.596745,-0.03163068,-0.5744967,3.607417,-0.1513853,-0.9772412,3.642177,-0.06609821,-0.9253328,3.638356
-0.03632167,0.8200656,3.614273,-0.05265466,0.6108463,3.6436,-0.2300832,0.4941093,3.611651,0.1170656,0.4802596,3.647167,-0.3935911,0.2577584,3.628988,0.2238288,0.2470277,3.660928,-0.5721229,0.06120525,3.552031,0.43958,0.05106576,3.599345,-0.07964013,0.225146,3.648462,-0.07909073,0.1551398,3.599433,-0.1613999,0.08671687,3.58394,-0.004890807,0.06669005,3.596099,-0.1464434,-0.5869811,3.606511,-0.02957063,-0.5679287,3.612884,-0.1503211,-0.9634855,3.64738,-0.07266941,-0.9351788,3.646956
-0.03121577,0.8430823,3.618325,-0.05198464,0.619697,3.641002,-0.2288728,0.5099456,3.614657,0.1183562,0.4957449,3.652392,-0.3974049,0.2811439,3.619967,0.2253018,0.2511281,3.660273,-0.5887279,0.09428895,3.524767,0.4539242,0.08977773,3.561222,-0.07978188,0.240353,3.65065,-0.07909912,0.1709143,3.6017,-0.1611323,0.09601636,3.587078,-0.006523386,0.09323145,3.598321,-0.1440356,-0.5719055,3.615654,-0.0305089,-0.5343551,3.620919,-0.1558608,-0.9237661,3.651373,-0.07815937,-0.8822047,3.669518
-0.03044628,0.8484855,3.619503,-0.05042495,0.6409618,3.640719,-0.2301152,0.5273123,3.618772,0.1176616,0.5080802,3.647392,-0.3996334,0.2861067,3.61695,0.2305391,0.271215,3.652586,-0.5992036,0.1007896,3.505436,0.4659539,0.1115369,3.541786,-0.07744073,0.2572916,3.65396,-0.07795055,0.1864332,3.604729,-0.1594782,0.1124349,3.594687,-0.005843385,0.1055233,3.59822,-0.1403494,-0.518115,3.626436,-0.01876777,-0.5171058,3.632618,-0.1497755,-0.8642661,3.675962,-0.07320504,-0.8675182,3.681884
-0.03235702,0.8536928,3.617018,-0.05422066,0.6424206,3.640435,-0.2323451,0.5316895,3.620148,0.1199196,0.5120295,3.648338,-0.4003275,0.290626,3.613944,0.2325358,0.273793,3.649991,-0.6048735,0.1059106,3.498208,0.4755356,0.1206799,3.489999,-0.07856051,0.2645429,3.655443,-0.07844789,0.1956929,3.606584,-0.1598287,0.1150134,3.595429,-0.004385981,0.1174104,3.600828,-0.1388743,-0.5203142,3.629606,-0.01846652,-0.5167757,3.638099,-0.148288,-0.8726624,3.678352,-0.07170202,-0.8667419,3.685913
-0.03371649,0.8546836,3.620969,-0.05334423,0.6414828,3.640499,-0.2300532,0.5275691,3.618874,0.1229877,0.5092005,3.655676,-0.3947129,0.2956405,3.607929,0.2331349,0.2728614,3.649084,-0.5891294,0.1149547,3.490748,0.4764733,0.1201554,3.489243,-0.07893821,0.2637742,3.656495,-0.07777492,0.1944114,3.608041,-0.1592909,0.1131573,3.596497,-0.003880902,0.116642,3.603665,-0.133748,-0.5634401,3.655515,-0.02232963,-0.5452832,3.653608,-0.1539921,-0.9360731,3.671702,-0.07346165,-0.8680598,3.687083
-0.03153179,0.8388304,3.617707,-0.05444942,0.6263591,3.645204,-0.2292135,0.5172852,3.617989,0.1236994,0.5046843,3.655796,-0.3906053,0.2887909,3.601884,0.2501513,0.211027,3.631842,-0.5693362,0.09396802,3.486476,0.4728013,0.1003833,3.477936,-0.07676238,0.2567029,3.661816,-0.07507633,0.1880637,3.613584,-0.1575601,0.1101276,3.599247,0.001077702,0.1052678,3.613706,-0.1319012,-0.566918,3.654616,-0.02263784,-0.5625079,3.653476,-0.1363643,-0.9858872,3.681901,-0.0692018,-0.8772911,3.688423
-0.0291406,0.8067901,3.631832,-0.05604697,0.5974948,3.65396,-0.2269657,0.4617234,3.620228,0.1224557,0.4629185,3.670704,-0.3831316,0.2530446,3.595787,0.2382704,0.2047767,3.636091,-0.5604095,0.03515529,3.484955,0.4576325,0.04998237,3.46844,-0.07423157,0.2160859,3.6723,-0.06976534,0.1447233,3.624634,-0.1529259,0.05786885,3.610898,0.007327042,0.07886834,3.62114,-0.1297516,-0.5876812,3.654319,-0.01989396,-0.5679239,3.654354,-0.1352379,-0.9749573,3.697992,-0.08235296,-0.9640379,3.708164
-0.02872975,0.7476665,3.611155,-0.04847462,0.547758,3.636919,-0.2283157,0.4354867,3.621773,0.1171403,0.4069858,3.664794,-0.3683011,0.199641,3.608195,0.2381877,0.1476736,3.644884,-0.5315858,-0.005237775,3.509581,0.452444,-0.006402509,3.479008,-0.07414819,0.1716265,3.666455,-0.07235704,0.09952758,3.622824,-0.1525997,0.01212322,3.610136,-0.0007155407,0.02826512,3.62554,-0.1391078,-0.5827822,3.637532,-0.01448483,-0.5725198,3.646605,-0.1426864,-0.9518399,3.702073,-0.08254397,-0.9701375,3.714568
-0.04349517,0.6976932,3.622058,-0.0589243,0.4841643,3.659784,-0.2327189,0.361203,3.624972,0.1124828,0.3822107,3.668313,-0.3750135,0.1434887,3.596642,0.2435517,0.1057043,3.651775,-0.5290454,-0.05471105,3.526682,0.4572701,-0.07682441,3.488461,-0.07673309,0.1251542,3.669975,-0.07395923,0.0618418,3.622268,-0.1522816,-0.02559826,3.60645,-0.001467417,-0.002376288,3.621044,-0.1520791,-0.5668377,3.624631,-0.00868755,-0.5727928,3.632909,-0.1496939,-0.9477758,3.705546,-0.07958111,-0.9770225,3.721828
-0.04812568,0.6836326,3.622035,-0.06160061,0.4781401,3.658798,-0.2345635,0.3532681,3.629488,0.1088286,0.3530613,3.672626,-0.3777199,0.116555,3.610417,0.2511476,0.07154641,3.665164,-0.5398914,-0.1021741,3.532341,0.4553576,-0.09889276,3.504654,-0.07805219,0.1076363,3.67067,-0.07423817,0.03783436,3.622696,-0.1539171,-0.03714133,3.607213,0.00395524,-0.0495943,3.62077,-0.1542303,-0.5703217,3.623708,-0.005202473,-0.5754354,3.623351,-0.151174,-0.9460176,3.705333,-0.07863091,-0.9811604,3.72837
-0.0496012,0.6853489,3.622203,-0.0601991,0.4806749,3.656836,-0.2351247,0.3552472,3.630569,0.1110796,0.3639034,3.669162,-0.3759188,0.1214456,3.618284,0.2402232,0.1135123,3.673473,-0.536781,-0.09654236,3.546112,0.4479181,-0.09590343,3.529767,-0.07612481,0.1094913,3.671023,-0.07293732,0.04002405,3.622986,-0.1535973,-0.03648552,3.60736,0.006312501,-0.04234737,3.622287,-0.1516124,-0.575177,3.622505,-0.004658515,-0.5771093,3.619229,-0.1511849,-0.9477471,3.707936,-0.07892154,-0.9819638,3.727496
-0.04954093,0.7374443,3.615071,-0.05309999,0.5405756,3.644083,-0.2301326,0.4220472,3.63934,0.117718,0.4065702,3.664528,-0.3744348,0.1620134,3.65819,0.2438156,0.1296168,3.676072,-0.5205423,-0.02164947,3.575277,0.4550064,-0.04003802,3.576866,-0.07141793,0.1510459,3.667271,-0.07092451,0.0764622,3.621472,-0.1523716,-0.001131648,3.608163,0.005112621,-0.001212468,3.621516,-0.1386854,-0.5820991,3.635019,-0.007033254,-0.5710851,3.62642,-0.1494353,-0.9475902,3.708872,-0.08343184,-0.9814137,3.718895
-0.04216483,0.7878803,3.6232,-0.05286369,0.5840618,3.655462,-0.2267236,0.4676778,3.640997,0.1279472,0.4640886,3.663528,-0.3690818,0.2256539,3.646655,0.2428006,0.1927672,3.662902,-0.5445312,0.01924735,3.5596,0.4521843,0.01240338,3.5889,-0.06693335,0.19924,3.665725,-0.06622685,0.1280228,3.616649,-0.1510963,0.05063665,3.6058,0.01401967,0.04697352,3.608977,-0.1294256,-0.5880402,3.648751,-0.02234758,-0.599471,3.663397,-0.1405168,-0.9570153,3.708608,-0.08229227,-0.9729673,3.719063
-0.05055941,0.8207998,3.616261,-0.05193455,0.6098373,3.661256,-0.2259589,0.5076654,3.642247,0.1223423,0.4863384,3.657966,-0.3367362,0.2989767,3.644035,0.2491676,0.2485296,3.660438,-0.5578668,0.07111138,3.57548,0.4539288,0.07883773,3.590074,-0.06548409,0.2173833,3.667704,-0.06527282,0.1460132,3.617343,-0.1457995,0.0715232,3.605178,0.01101057,0.06780121,3.610129,-0.1169811,-0.5973045,3.66229,0.009874758,-0.5370976,3.655503,-0.1387091,-0.9541492,3.708609,-0.07654788,-0.957366,3.720361
-0.04699277,0.8448762,3.620879,-0.05309335,0.6333629,3.650938,-0.2273774,0.5227081,3.64464,0.1174873,0.5132859,3.652688,-0.3811457,0.295824,3.638762,0.2542362,0.2768997,3.660102,-0.5736403,0.08329464,3.554166,0.4793496,0.1014612,3.551468,-0.06500629,0.2455798,3.66521,-0.06592187,0.1741395,3.615889,-0.1436269,0.1052404,3.60758,0.008151641,0.0890888,3.608332,-0.1141616,-0.5720004,3.660246,-0.005740902,-0.5468705,3.654188,-0.1401333,-0.9349891,3.702148,-0.04948479,-0.887455,3.717218
-0.04466169,0.8539788,3.624022,-0.05133995,0.6357267,3.648759,-0.2263948,0.5252131,3.640293,0.1187465,0.5168505,3.65078,-0.3823738,0.3009758,3.634685,0.2575293,0.2822539,3.654807,-0.5790982,0.1120402,3.531097,0.483303,0.1111011,3.535373,-0.06428055,0.2550347,3.663692,-0.06517538,0.1857087,3.614402,-0.1438577,0.1099373,3.607512,0.008967876,0.1093101,3.604811,-0.1109416,-0.5315726,3.649031,-0.00398408,-0.5265492,3.650228,-0.1365419,-0.8766263,3.6896,-0.05487258,-0.8843158,3.714399
-0.03984686,0.8625343,3.620651,-0.04810819,0.6445647,3.637427,-0.2267506,0.5307016,3.637273,0.1235077,0.5199785,3.650439,-0.3769359,0.3094933,3.621248,0.2593075,0.2847471,3.652445,-0.5804223,0.1128339,3.522946,0.486261,0.1156002,3.508102,-0.06263031,0.2644604,3.660531,-0.0633371,0.1936282,3.613244,-0.143016,0.114939,3.606867,0.01060176,0.1134545,3.605333,-0.11127,-0.5312175,3.649219,-0.003821647,-0.5067882,3.640849,-0.1312768,-0.8728591,3.686384,-0.0396524,-0.8571001,3.682445
-0.03639339,0.8584721,3.61406,-0.04945849,0.642838,3.637096,-0.2288591,0.5290749,3.63628,0.1252801,0.5200384,3.650141,-0.3740037,0.2954663,3.613674,0.2612307,0.2765703,3.645538,-0.5704855,0.09745905,3.481324,0.4834967,0.1054152,3.508795,-0.06236252,0.2650295,3.659763,-0.06261262,0.1946643,3.613443,-0.1423675,0.1140882,3.607138,0.0132776,0.1171879,3.605784,-0.1020729,-0.5636011,3.650267,0.004358287,-0.5177922,3.641367,-0.1090516,-0.9280381,3.651811,-0.01266447,-0.8739349,3.641672
-0.03272241,0.8467597,3.611526,-0.05042607,0.6313,3.63411,-0.2285635,0.516203,3.630661,0.1321702,0.5006158,3.642945,-0.3414252,0.3068123,3.61324,0.2825762,0.2168958,3.640629,-0.5295144,0.08274846,3.515702,0.466259,0.06290482,3.503577,-0.05976715,0.2578892,3.658182,-0.0596009,0.1872259,3.613341,-0.139906,0.09960852,3.606911,0.01864332,0.1106419,3.606643,-0.1024014,-0.5785334,3.647372,-0.008578891,-0.5692949,3.627283,-0.1092904,-0.9296474,3.651617,-0.01182245,-0.93728,3.612174
-0.03055181,0.7986649,3.606929,-0.05049831,0.5916627,3.633526,-0.2250399,0.4652938,3.620251,0.1373707,0.4633261,3.645205,-0.3581463,0.2336264,3.597888,0.2546534,0.1931345,3.636143,-0.5392462,0.01501264,3.497133,0.4566697,-0.001601934,3.5049,-0.05787862,0.2148768,3.656141,-0.05574397,0.1435893,3.61243,-0.1405618,0.04794741,3.605618,0.02620258,0.07729182,3.606315,-0.1046425,-0.5902338,3.624242,0.00141583,-0.5719873,3.620519,-0.1067522,-0.9650171,3.660901,-0.01123878,-0.9506527,3.605676
-0.03630358,0.7489479,3.589651,-0.04716434,0.5454252,3.61234,-0.2249822,0.4184988,3.617083,0.1375915,0.4091606,3.64584,-0.3487616,0.2159944,3.608129,0.2332168,0.1381606,3.64402,-0.5081992,-0.02679961,3.524992,0.4448832,-0.07249367,3.50912,-0.05610011,0.1635897,3.647613,-0.05398712,0.08897171,3.609521,-0.1361031,0.01234072,3.605502,0.02488698,0.008948839,3.607497,-0.1065249,-0.5972402,3.606985,0.01189714,-0.581131,3.597953,-0.1061708,-0.9859324,3.664329,-0.00485395,-0.9564844,3.59019
-0.0427675,0.6958939,3.603881,-0.04673954,0.4857668,3.629793,-0.2210645,0.3631945,3.620043,0.1331252,0.3843311,3.649364,-0.3336951,0.1499522,3.6092,0.2453981,0.09872078,3.650402,-0.5124602,-0.1017694,3.522218,0.4404483,-0.1281066,3.516838,-0.05548695,0.1222554,3.649086,-0.05353095,0.05463145,3.609014,-0.1348326,-0.03078228,3.601003,0.02531592,-0.02017655,3.605205,-0.1234561,-0.5960053,3.589334,0.02013934,-0.5864317,3.580164,-0.109788,-0.9942311,3.670215,-0.03775999,-0.9972609,3.658787
-0.04633219,0.6830208,3.603543,-0.04703286,0.4784994,3.633134,-0.2211824,0.3495942,3.629609,0.1268707,0.3427513,3.653083,-0.3518087,0.09261011,3.605946,0.2508845,0.08908606,3.649352,-0.5124978,-0.1168959,3.528715,0.4066295,-0.1146793,3.571573,-0.0555398,0.1085059,3.648273,-0.05396851,0.0381834,3.606666,-0.1350507,-0.04049957,3.598338,0.02469843,-0.03955893,3.600744,-0.1264397,-0.5924351,3.58249,0.02205326,-0.5880612,3.561991,-0.1095886,-0.9943656,3.670011,-0.03230274,-0.9962152,3.658847
-0.04631875,0.6838475,3.606085,-0.04657533,0.4806334,3.631242,-0.220121,0.3512956,3.628409,0.1281324,0.3502851,3.652617,-0.3531123,0.09546557,3.607454,0.2513286,0.09073982,3.652402,-0.5166277,-0.1084563,3.551754,0.4114349,-0.09325566,3.592538,-0.05551891,0.1096286,3.646999,-0.05398054,0.03920248,3.605526,-0.1351643,-0.03920648,3.595954,0.02464541,-0.03853329,3.600401,-0.1255186,-0.5909355,3.580484,0.02171632,-0.5874831,3.560992,-0.109799,-0.9927374,3.665184,-0.03019447,-0.9956322,3.661748
-0.04338657,0.7016281,3.604338,-0.04441854,0.5206172,3.623947,-0.2143568,0.4139262,3.628574,0.1370211,0.4025126,3.643966,-0.3621364,0.1605921,3.632897,0.2654035,0.143798,3.662042,-0.5063238,-0.02083071,3.561641,0.4619274,-0.04081022,3.577,-0.05555173,0.1475922,3.639748,-0.05554343,0.07756732,3.598414,-0.1367494,-0.003621341,3.590085,0.02176683,0.0002578483,3.592673,-0.1202139,-0.5913988,3.585014,0.01427351,-0.5840701,3.56873,-0.1097856,-0.9923849,3.664792,-0.02950329,-0.9942586,3.671592
-0.03661051,0.7788653,3.606302,-0.0466534,0.5817947,3.634588,-0.2160002,0.4607368,3.616589,0.1398154,0.4591622,3.646643,-0.3318448,0.2475741,3.619667,0.2632407,0.203062,3.660454,-0.5359993,0.02880523,3.554454,0.4774828,0.01655138,3.587566,-0.05572956,0.1984523,3.639123,-0.0533759,0.1275865,3.594439,-0.1380893,0.04605287,3.583442,0.02898405,0.05010566,3.586424,-0.1131988,-0.5854409,3.595464,0.0002854818,-0.5813978,3.594339,-0.0929464,-0.9748615,3.647157,-0.02776434,-0.9622356,3.683794
-0.046757,0.8216706,3.612128,-0.04530759,0.6117773,3.61717,-0.2254176,0.4931232,3.620846,0.1410997,0.4792225,3.647607,-0.3747044,0.2575046,3.613343,0.2692291,0.2600701,3.661558,-0.5707389,0.06725141,3.523745,0.4857585,0.07323597,3.559088,-0.05425425,0.2227117,3.633963,-0.05228347,0.1495103,3.591156,-0.1358179,0.06690714,3.580716,0.02882878,0.06470122,3.586131,-0.1081975,-0.5884123,3.602158,0.002558354,-0.5880862,3.606205,-0.1018351,-0.9633191,3.652889,-0.03264339,-0.8998017,3.674097
