-0.0033575,0.73965,-0.013163,0.0071099,0.55562,0.023768,-0.17866,0.43888,0.044051,0.18717,0.44115,0.014181,-0.26437,0.1318,0.11057,0.26192,0.1537,0.016158,-0.38305,-0.070181,0.023448,0.31706,-0.060535,-0.10876,0.0034384,0.17839,0.028689,0,0.10564,0,-0.083469,0.026133,-0.012191,0.080872,0.020715,-0.001321,-0.11126,-0.5828,0.005296,0.092535,-0.58843,0.002249,-0.10363,-0.9961,0.092825,0.062118,-0.99905,0.076686
-0.0016746,0.7804,-0.017221,0.021782,0.61048,0.019055,-0.1782,0.48251,0.042051,0.18757,0.48744,0.001516,-0.26483,0.1917,0.11708,0.26024,0.20817,0.016015,-0.38298,-0.020026,0.064207,0.32332,-0.010701,-0.099336,0.0065673,0.22018,0.028433,0,0.14385,0,-0.087442,0.063458,-0.010158,0.08044,0.060449,-0.001478,-0.11143,-0.57701,0.012278,0.091671,-0.58089,0.006355,-0.11879,-0.95375,0.055452,0.066097,-0.98904,0.067896
-0.0054625,0.8189,-0.012879,0.015072,0.62461,0.020217,-0.17971,0.5036,0.04366,0.18232,0.50999,0.002073,-0.26999,0.21843,0.1313,0.26066,0.22788,0.019041,-0.3941,0.012446,0.067663,0.33471,0.014723,-0.095416,0.0054602,0.24285,0.029121,0,0.16997,0,-0.086689,0.089372,-0.010049,0.082329,0.089926,-0.001963,-0.11027,-0.55492,0.019359,0.092168,-0.55568,0.008927,-0.11011,-0.95044,0.073797,0.068163,-0.9485,0.050294
-0.005682,0.83472,-0.016371,7.51e-05,0.65309,0.013032,-0.18136,0.52007,0.04233,0.1878,0.52441,0.000443,-0.26863,0.24434,0.14207,0.26389,0.25073,0.0184,-0.41675,0.055635,0.075639,0.36277,0.049623,-0.095647,0.0034047,0.26899,0.02779,0,0.19446,0,-0.086677,0.11115,-0.008975,0.085691,0.10745,-0.001518,-0.10758,-0.49763,0.007256,0.092294,-0.53852,0.006033,-0.08643,-0.87899,0.088283,0.061554,-0.90288,0.059815
-0.0058735,0.84013,-0.019113,-0.0004833,0.65812,0.01276,-0.18622,0.53273,0.048295,0.18475,0.54564,0.001294,-0.27109,0.26104,0.14167,0.26877,0.26705,0.019054,-0.43957,0.091069,0.072617,0.36483,0.060529,-0.096842,0.0035337,0.28031,0.027433,0,0.20703,0,-0.086284,0.12162,-0.009098,0.086244,0.12496,-0.001128,-0.10601,-0.50647,0.007585,0.090204,-0.48277,-0.011908,-0.08511,-0.88415,0.08422,0.056259,-0.87335,0.071834
-0.0056876,0.8422,-0.020477,6.76e-05,0.66017,0.012465,-0.18664,0.53827,0.048239,0.18478,0.5484,0.001192,-0.272,0.27166,0.14414,0.27031,0.27498,0.016799,-0.45219,0.11424,0.074762,0.37262,0.077032,-0.10318,0.0035782,0.28286,0.027123,0,0.20952,0,-0.08622,0.12439,-0.008861,0.086005,0.12735,-0.001095,-0.10305,-0.51422,0.010252,0.092365,-0.49561,-0.009451,-0.076955,-0.90584,0.077742,0.058046,-0.8818,0.06985
-0.0055738,0.84246,-0.020729,0.000704,0.65965,0.012714,-0.18556,0.5376,0.047864,0.18563,0.54579,0.0001,-0.27889,0.26904,0.14219,0.27217,0.27403,0.014975,-0.47493,0.12702,0.062216,0.3927,0.083375,-0.12361,0.0037573,0.28116,0.026954,0,0.20734,0,-0.086284,0.12264,-0.008248,0.085852,0.12521,-0.00185,-0.098466,-0.52305,0.017888,0.087028,-0.5216,0.000457,-0.080022,-0.95191,0.068126,0.064894,-0.92164,0.065177
-0.0065244,0.8344,-0.022855,0.0059023,0.64637,0.017273,-0.18241,0.52744,0.046103,0.18618,0.52724,3e-05,-0.28461,0.26488,0.13488,0.27464,0.26409,0.0103,-0.49217,0.12926,0.033046,0.3905,0.080853,-0.13025,0.0045057,0.26406,0.027926,0,0.18952,0,-0.085319,0.10829,-0.006401,0.082835,0.10663,-0.005411,-0.098445,-0.53764,0.019344,0.089007,-0.54003,0.008165,-0.080932,-0.95701,0.064101,0.064684,-0.98254,0.075362
-0.0075295,0.78367,-0.019625,0.011621,0.61265,0.02038,-0.18051,0.48046,0.04386,0.18877,0.47819,-0.002406,-0.29595,0.22665,0.12049,0.27512,0.22206,0.005283,-0.49453,0.12034,0.008193,0.38994,0.059852,-0.15257,0.0055114,0.22631,0.028989,0,0.15175,0,-0.086116,0.064631,-0.005675,0.081791,0.071878,-0.006458,-0.09977,-0.57312,0.018997,0.089089,-0.57506,0.004976,-0.052963,-0.98937,0.097443,0.064933,-0.98467,0.073349
-0.0041155,0.74274,-0.019864,0.0067048,0.55303,0.026373,-0.17997,0.44054,0.049838,0.18595,0.44141,-0.000346,-0.29525,0.16634,0.11123,0.28165,0.17808,-0.001003,-0.49119,0.085246,-0.031425,0.38986,0.0092471,-0.18346,0.0049777,0.17719,0.030939,0,0.10704,0,-0.083285,0.022216,-0.007896,0.080954,0.030951,-0.006371,-0.096226,-0.58167,0.012087,0.089951,-0.57304,-0.011418,-0.04663,-0.99331,0.10083,0.06923,-0.98362,0.075207
-0.0075865,0.67357,-0.023291,0.019016,0.50309,0.022546,-0.17941,0.38847,0.053188,0.19042,0.37638,0.003802,-0.2918,0.14044,0.097009,0.2729,0.11772,-0.011098,-0.49816,0.036763,-0.064239,0.37974,-0.02036,-0.19732,0.0070424,0.12837,0.030947,0,0.056082,0,-0.087688,-0.026041,-0.005693,0.080652,-0.026963,-0.007669,-0.10661,-0.59854,-0.014944,0.086391,-0.57323,-0.034316,-0.054204,-0.99872,0.10535,0.0712,-0.98061,0.070614
-0.0067522,0.62013,-0.013452,0.0064363,0.43278,0.02262,-0.18263,0.32675,0.063779,0.186,0.313,0.007883,-0.29552,0.079296,0.088987,0.27247,0.072036,-0.007014,-0.47591,0.001008,-0.071622,0.3663,-0.07995,-0.21484,0.0055841,0.070778,0.031461,0,0.0014908,0,-0.087428,-0.080665,-0.010286,0.084958,-0.081873,-0.00348,-0.10944,-0.6057,-0.025797,0.095158,-0.58687,-0.065072,-0.054049,-0.99939,0.10413,0.061455,-0.99253,0.078716
-0.010442,0.58203,-0.016098,0.0092594,0.38636,0.022005,-0.18301,0.27768,0.054962,0.17756,0.27593,0.006487,-0.29532,0.028287,0.082673,0.26628,0.040093,-0.011843,-0.46531,-0.039602,-0.094475,0.35725,-0.13421,-0.23364,0.0056412,0.032567,0.031869,0,-0.035092,0,-0.085827,-0.11871,-0.008211,0.082661,-0.11044,-0.005194,-0.11364,-0.64175,-0.055366,0.095892,-0.59054,-0.088832,-0.055641,-1.0042,0.087944,0.057085,-0.98846,0.061174
-0.013277,0.54718,-0.009996,0.0050429,0.36985,0.02905,-0.18484,0.26421,0.057336,0.1764,0.26698,0.010967,-0.29616,0.021107,0.084416,0.26823,0.024491,-0.010303,-0.44817,-0.072179,-0.098326,0.34562,-0.14905,-0.22041,0.0050815,0.019915,0.033863,0,-0.046404,0,-0.08547,-0.13056,-0.009479,0.083538,-0.12392,-0.005975,-0.1112,-0.64049,-0.059183,0.093937,-0.59623,-0.094603,-0.045179,-0.99868,0.058408,0.057536,-0.98547,0.049143
-0.014804,0.55473,-0.00833,0.0051253,0.37124,0.029848,-0.18535,0.26428,0.058198,0.17604,0.26669,0.011925,-0.29338,0.019082,0.088253,0.26761,0.017691,-0.007077,-0.43205,-0.098855,-0.098481,0.33017,-0.16188,-0.18742,0.0052026,0.019794,0.034965,0,-0.046404,0,-0.085568,-0.13047,-0.009653,0.083612,-0.12403,-0.005894,-0.10205,-0.60708,-0.059736,0.084709,-0.60182,-0.092069,-0.0439,-0.99742,0.059111,0.05542,-0.9842,0.048393
-0.0051457,0.6038,-0.009575,0.0084051,0.41483,0.034409,-0.18243,0.30681,0.061538,0.18214,0.2985,0.022532,-0.28651,0.024621,0.092628,0.26475,0.038367,0.005591,-0.4233,-0.1114,-0.072691,0.32162,-0.14936,-0.1639,0.0049146,0.048392,0.037292,0,-0.019856,0,-0.086352,-0.10084,-0.012075,0.083372,-0.10276,-0.005662,-0.097437,-0.61176,-0.050898,0.091195,-0.59454,-0.071087,-0.044584,-1.0025,0.075902,0.057788,-0.98859,0.059199
-0.0098889,0.65583,-0.008804,0.0092528,0.48019,0.038332,-0.17931,0.35477,0.058596,0.17483,0.36104,0.025623,-0.27215,0.072138,0.10703,0.25718,0.077714,0.014693,-0.407,-0.097438,-0.052748,0.32221,-0.12093,-0.12761,0.0049579,0.10401,0.039572,0,0.033839,0,-0.084841,-0.046194,-0.011475,0.081558,-0.044486,-0.006827,-0.094275,-0.61135,-0.008813,0.095965,-0.58465,-0.035269,-0.040178,-1.004,0.096734,0.070506,-0.99336,0.079407
-0.0048826,0.71212,-0.014902,0.0050382,0.53496,0.036896,-0.17744,0.4144,0.047395,0.18316,0.4174,0.021283,-0.26668,0.10957,0.10469,0.25837,0.13386,0.022404,-0.39092,-0.078282,-0.006761,0.32066,-0.073718,-0.10659,0.0035713,0.15236,0.040778,0,0.079876,0,-0.083327,-0.0040872,-0.012736,0.081439,-0.00030055,-0.00536,-0.095883,-0.59946,0.014203,0.097827,-0.57839,-0.015448,-0.050098,-0.99289,0.089067,0.067094,-0.98626,0.078523
-0.0015138,0.76035,-0.020083,0.0049227,0.5871,0.018988,-0.17906,0.45807,0.036139,0.18873,0.46314,0.017146,-0.26636,0.16524,0.099802,0.25265,0.18617,0.022495,-0.39061,-0.039168,0.030399,0.32288,-0.02918,-0.085994,0.0027553,0.20224,0.037388,0,0.12894,0,-0.082751,0.046699,-0.013108,0.080967,0.043591,0.000972,-0.097866,-0.58658,0.018158,0.098437,-0.57536,-0.006646,-0.081992,-0.97314,0.066502,0.078681,-0.98193,0.063658
-0.0069212,0.81054,-0.017681,0.011772,0.6128,0.016246,-0.17543,0.51016,0.037009,0.18669,0.50063,0.016793,-0.26449,0.21893,0.11967,0.25923,0.21477,0.032847,-0.39746,0.00014086,0.045289,0.33055,0.00020869,-0.076672,0.0041267,0.24062,0.036059,0,0.16921,0,-0.084953,0.091302,-0.011089,0.079897,0.088628,0.000645,-0.097802,-0.5261,0.023542,0.096717,-0.54762,-0.000547,-0.082771,-0.91674,0.078038,0.078891,-0.94969,0.066146
-0.0053792,0.82208,-0.022025,0.0061549,0.63324,0.014008,-0.1788,0.51653,0.034996,0.18494,0.51927,0.009986,-0.26463,0.23756,0.12522,0.25849,0.23654,0.026798,-0.41791,0.049125,0.048821,0.34088,0.026657,-0.084249,0.003671,0.25694,0.034868,0,0.18446,0,-0.085434,0.10183,-0.011101,0.082511,0.10153,0.000406,-0.095941,-0.52144,0.017775,0.098703,-0.48979,-0.009905,-0.077231,-0.9106,0.075037,0.054516,-0.88546,0.071631
-0.0027969,0.82749,-0.028913,0.0041381,0.64741,0.009873,-0.18365,0.52755,0.036426,0.18631,0.52347,0.00745,-0.26874,0.25822,0.12355,0.26139,0.25589,0.024395,-0.43988,0.073563,0.048026,0.3584,0.050343,-0.08238,0.003458,0.26989,0.032997,0,0.19664,0,-0.086199,0.11247,-0.010655,0.084338,0.11217,0.001322,-0.093549,-0.49794,0.002305,0.10148,-0.48384,-0.012058,-0.070363,-0.87753,0.094457,0.047386,-0.86751,0.092983
-0.0056805,0.83816,-0.035691,0.0037041,0.65153,0.00713,-0.1849,0.53218,0.03464,0.18606,0.52661,0.005544,-0.27049,0.26889,0.1237,0.26295,0.26192,0.023697,-0.45327,0.096329,0.048663,0.37364,0.061582,-0.095254,0.0032494,0.27452,0.031147,0,0.2011,0,-0.08609,0.11704,-0.01055,0.084472,0.1171,0.002684,-0.092167,-0.51122,0.004098,0.099202,-0.48921,-0.006228,-0.075677,-0.89448,0.086013,0.045123,-0.87481,0.08606
-0.0065349,0.83533,-0.040635,0.0029833,0.65131,0.005321,-0.18622,0.53172,0.033939,0.18473,0.52761,0.004779,-0.28125,0.2678,0.12152,0.26299,0.2599,0.020097,-0.49069,0.11763,0.033435,0.37937,0.066807,-0.10077,0.0030453,0.2744,0.029555,0,0.20061,0,-0.085984,0.11665,-0.010275,0.084697,0.11631,0.00303,-0.0933,-0.51925,0.007284,0.08863,-0.53101,0.02211,-0.087596,-0.92438,0.070926,0.045127,-0.93233,0.059571
-0.012175,0.82286,-0.050243,0.0001574,0.64456,0.005516,-0.19048,0.52379,0.031242,0.18016,0.52246,0.004491,-0.2945,0.25929,0.11102,0.26246,0.25021,0.017288,-0.49687,0.12066,0.013086,0.37692,0.06823,-0.11512,0.0021221,0.26302,0.028299,0,0.18799,0,-0.085452,0.10378,-0.011004,0.085178,0.10515,0.003797,-0.095009,-0.54263,0.021854,0.086226,-0.54112,0.039363,-0.10522,-0.96911,0.066603,0.04789,-0.98002,0.044809
-0.0086461,0.77664,-0.048307,-0.0058967,0.59368,-0.010085,-0.18648,0.49352,0.022255,0.18099,0.48316,0.007175,-0.29869,0.24037,0.1002,0.26687,0.23007,0.008711,-0.49693,0.11357,-0.020265,0.38208,0.054623,-0.13242,0.0001476,0.22389,0.023246,0,0.15062,0,-0.082963,0.070837,-0.010792,0.084494,0.064249,0.009017,-0.09153,-0.57567,0.02374,0.090049,-0.58225,0.044127,-0.10073,-0.97284,0.070294,0.053233,-0.98339,0.04895
-0.010603,0.73873,-0.051903,-0.010508,0.54403,-0.015656,-0.1919,0.43898,0.022128,0.1776,0.43396,0.00276,-0.30111,0.1922,0.083057,0.25649,0.17678,-0.006844,-0.49666,0.088423,-0.048535,0.3788,0.01245,-0.17944,-0.000462,0.17648,0.019318,0,0.10222,0,-0.080075,0.018237,-0.009828,0.084037,0.019803,0.010577,-0.098995,-0.57401,0.004227,0.086318,-0.57858,0.034342,-0.10683,-0.98219,0.093918,0.045795,-0.97576,0.066002
-0.011866,0.67238,-0.059217,-0.012585,0.49095,-0.010272,-0.19993,0.38667,0.03177,0.1688,0.38431,0.001244,-0.30387,0.12694,0.069365,0.25846,0.12717,-0.015607,-0.48299,0.050997,-0.094042,0.36806,-0.01351,-0.19796,-0.0002972,0.12954,0.018033,0,0.058528,0,-0.080801,-0.029226,-0.00733,0.0854,-0.020394,0.006635,-0.097747,-0.59309,-0.024376,0.09283,-0.57616,0.005914,-0.10282,-1.015,0.11972,0.020821,-0.98478,0.088032
-0.013578,0.61898,-0.052486,-0.0071588,0.43555,-0.005841,-0.1938,0.33875,0.032267,0.1739,0.32485,0.00371,-0.30046,0.088298,0.053985,0.26176,0.087575,-0.021465,-0.47285,0.0012042,-0.11117,0.35367,-0.065578,-0.21562,0.0003641,0.084966,0.017215,0,0.015217,0,-0.082614,-0.065998,-0.007263,0.085709,-0.069163,0.004372,-0.10677,-0.60536,-0.048708,0.093907,-0.58762,-0.03043,-0.095845,-1.0131,0.095929,0.025316,-0.98931,0.083244
-0.011828,0.58715,-0.048216,-0.0069281,0.39444,0.002471,-0.19235,0.28916,0.028188,0.17521,0.28619,0.008987,-0.30183,0.050102,0.043224,0.26195,0.047611,-0.032832,-0.46155,-0.033392,-0.137,0.35308,-0.11498,-0.23315,-9.46e-05,0.041283,0.018132,0,-0.028561,0,-0.083545,-0.11604,-0.008146,0.086211,-0.10655,0.001953,-0.10906,-0.61053,-0.062838,0.097741,-0.6039,-0.072398,-0.093659,-1.0132,0.084872,0.023373,-0.99765,0.065771
-0.011498,0.54055,-0.045896,-0.0082612,0.37306,0.009249,-0.19226,0.27087,0.029354,0.17803,0.27623,0.012777,-0.29952,0.027755,0.044633,0.26434,0.031544,-0.029103,-0.44085,-0.078496,-0.13915,0.34045,-0.14133,-0.23218,-0.0004207,0.030216,0.019151,0,-0.037524,0,-0.084282,-0.12418,-0.012731,0.08685,-0.12161,0.00627,-0.10987,-0.62197,-0.074767,0.10172,-0.59958,-0.078208,-0.091083,-1.0143,0.07818,0.02779,-0.98544,0.04475
-0.0098826,0.55632,-0.041184,-0.0057886,0.37544,0.010922,-0.19153,0.27239,0.032463,0.17711,0.27765,0.016891,-0.2962,0.027463,0.047054,0.26579,0.030237,-0.025016,-0.42825,-0.095823,-0.1326,0.32002,-0.15235,-0.19334,-3.94e-05,0.030252,0.019631,0,-0.03747,0,-0.084948,-0.12355,-0.013372,0.085864,-0.12099,0.005974,-0.10913,-0.6217,-0.074804,0.10203,-0.59878,-0.078632,-0.090381,-1.0142,0.077893,0.028781,-0.98567,0.044737
-0.0070067,0.60878,-0.023286,-0.0060408,0.42527,0.02452,-0.1847,0.30605,0.045258,0.17408,0.29949,0.029149,-0.28783,0.039196,0.065549,0.25978,0.044845,-0.001814,-0.41708,-0.1038,-0.11104,0.30911,-0.14671,-0.16065,5.1e-06,0.049337,0.022949,0,-0.021332,0,-0.08259,-0.098942,-0.016903,0.085176,-0.10012,0.001181,-0.11504,-0.60114,-0.055603,0.097897,-0.59642,-0.062182,-0.090508,-1.0082,0.08203,0.023688,-0.98851,0.058514
-0.0038856,0.65359,-0.020822,0.0024059,0.48299,0.033854,-0.18714,0.36938,0.051396,0.18025,0.36885,0.043404,-0.26817,0.082791,0.088837,0.24951,0.098121,0.02374,-0.40052,-0.094222,-0.069547,0.31027,-0.10785,-0.1159,0.0009408,0.11529,0.027933,0,0.044981,0,-0.084938,-0.036865,-0.019169,0.084029,-0.038771,0.001353,-0.11595,-0.59146,-0.022993,0.093173,-0.58081,-0.028711,-0.087569,-1.016,0.12666,0.036221,-0.98384,0.071757
-0.0014173,0.72124,-0.02161,0.0025486,0.53629,0.02808,-0.17946,0.42017,0.042032,0.18134,0.42539,0.034918,-0.2629,0.12843,0.10869,0.2554,0.14103,0.03685,-0.37763,-0.058971,-0.014336,0.30973,-0.07421,-0.08155,0.0009789,0.16244,0.028669,0,0.090064,0,-0.082313,0.014037,-0.013608,0.08147,0.0064167,-0.001248,-0.10862,-0.58686,0.009558,0.093122,-0.58833,0.007388,-0.1002,-0.97799,0.074725,0.03702,-0.98384,0.069356
-0.0029427,0.76352,-0.02205,0.0046233,0.59071,0.019882,-0.17696,0.46312,0.034666,0.18304,0.48315,0.038098,-0.26464,0.17647,0.1115,0.25344,0.1949,0.036996,-0.38948,-0.021372,0.023274,0.3195,-0.027924,-0.055833,0.0006292,0.21187,0.027954,0,0.13815,0,-0.08337,0.052577,-0.018838,0.081672,0.056497,0.007498,-0.10819,-0.584,0.016365,0.090362,-0.57592,0.015599,-0.10625,-0.97374,0.068928,0.058576,-0.96551,0.057897
-0.0056096,0.82033,-0.022387,0.0024087,0.62399,0.017033,-0.18154,0.50454,0.033711,0.18324,0.50497,0.029,-0.26776,0.22989,0.12398,0.25396,0.22047,0.039454,-0.39929,0.0052693,0.030782,0.32849,0.00013097,-0.052868,0.0007255,0.24803,0.027716,0,0.17537,0,-0.084785,0.097308,-0.013943,0.083773,0.090202,0.003715,-0.10209,-0.53065,0.012054,0.085826,-0.55443,0.010691,-0.10648,-0.90363,0.075817,0.053783,-0.95576,0.059402
-0.0044646,0.8299,-0.025463,-0.0014035,0.64018,0.015516,-0.18037,0.51855,0.031115,0.18441,0.52624,0.026921,-0.26748,0.24862,0.12841,0.25409,0.25194,0.043801,-0.42043,0.062909,0.044561,0.3391,0.033707,-0.043698,0.0001338,0.26326,0.027624,0,0.19006,0,-0.0842,0.10783,-0.01513,0.084591,0.10733,0.005146,-0.10894,-0.48631,0.001668,0.092101,-0.47312,-0.014045,-0.087656,-0.86099,0.10358,0.051295,-0.85381,0.07766
-0.0036053,0.83585,-0.030175,-0.0025912,0.6527,0.011291,-0.18741,0.53581,0.032456,0.1868,0.53985,0.022718,-0.27506,0.26818,0.13109,0.25627,0.26366,0.040573,-0.44232,0.1013,0.05042,0.34482,0.047465,-0.048753,0.0002604,0.28287,0.026457,0,0.21097,0,-0.085718,0.12444,-0.015438,0.086468,0.12371,0.005596,-0.10983,-0.47955,-0.000219,0.091224,-0.46622,-0.018494,-0.088281,-0.8599,0.10371,0.04303,-0.84186,0.090322
-0.0029999,0.83728,-0.032975,-0.0041683,0.65676,0.011751,-0.18842,0.53805,0.033018,0.18503,0.55202,0.025091,-0.27887,0.27236,0.13184,0.25925,0.27688,0.040945,-0.45632,0.11805,0.047346,0.36948,0.075405,-0.07378,-8.02e-05,0.28698,0.026331,0,0.21501,0,-0.08491,0.12882,-0.016173,0.086423,0.12971,0.00643,-0.10653,-0.48769,0.005445,0.091381,-0.4706,-0.014144,-0.089489,-0.86578,0.099757,0.044692,-0.84655,0.087864
-0.0029379,0.83843,-0.033156,-0.0032719,0.6579,0.01208,-0.18845,0.53872,0.032577,0.18521,0.55259,0.024697,-0.28375,0.27709,0.12898,0.26025,0.2777,0.039697,-0.46768,0.12649,0.042369,0.37207,0.084408,-0.076108,-6.68e-05,0.28687,0.026163,0,0.21477,0,-0.084996,0.12878,-0.015924,0.086452,0.12936,0.006108,-0.099821,-0.51785,0.023376,0.089466,-0.51907,0.018213,-0.089027,-0.90031,0.093029,0.046127,-0.86057,0.088453
-0.0060037,0.83611,-0.032942,-0.0070606,0.65481,0.013885,-0.19041,0.53565,0.032412,0.18279,0.54481,0.023239,-0.28956,0.27505,0.12717,0.2591,0.27157,0.035583,-0.49618,0.13057,0.01835,0.38092,0.080389,-0.10308,-0.0008886,0.27803,0.026704,0,0.2041,0,-0.084341,0.11944,-0.015459,0.086921,0.12017,0.004964,-0.10362,-0.52679,0.030021,0.083791,-0.52825,0.022851,-0.10474,-0.96464,0.066811,0.050822,-0.94768,0.050036
-0.0084449,0.8124,-0.034478,-0.0027454,0.6253,0.015668,-0.18764,0.51921,0.037417,0.18337,0.50305,0.023349,-0.29526,0.25889,0.11856,0.26643,0.24426,0.027137,-0.49573,0.12346,0.002305,0.37805,0.070328,-0.11907,0.0003538,0.24984,0.027075,0,0.17701,0,-0.083184,0.096628,-0.012432,0.084032,0.090545,0.001146,-0.10184,-0.54998,0.031043,0.088936,-0.55741,0.030352,-0.099352,-0.96149,0.082112,0.052898,-0.96768,0.064439
0.0003092,0.75649,-0.038473,-0.0058177,0.56944,0.012118,-0.18552,0.46163,0.03148,0.17747,0.46152,0.016843,-0.29858,0.20606,0.099197,0.26651,0.2093,0.01159,-0.49617,0.090125,-0.045074,0.37601,0.035054,-0.1543,0.0001186,0.19476,0.026312,0,0.12165,0,-0.079325,0.036672,-0.012062,0.081495,0.045075,0.002584,-0.10501,-0.57419,0.016738,0.088165,-0.56003,0.024174,-0.088656,-0.98792,0.1374,0.051422,-0.96732,0.062976
0.001785,0.69777,-0.033379,-0.0071025,0.52066,0.019065,-0.18976,0.40882,0.038863,0.17979,0.39695,0.014584,-0.30055,0.14227,0.091024,0.26167,0.14915,0.004544,-0.48929,0.047853,-0.066437,0.36883,0.0018892,-0.17366,0.0005694,0.1503,0.027876,0,0.078492,0,-0.082181,-0.0039618,-0.011486,0.085068,-0.0075232,-0.000785,-0.104,-0.588,-0.003368,0.092274,-0.5727,0.003341,-0.079923,-0.99414,0.13927,0.04943,-0.97297,0.083644
-0.0054625,0.6414,-0.024452,0.0013344,0.45545,0.01513,-0.18549,0.3582,0.050541,0.17294,0.33877,0.013065,-0.29488,0.10078,0.080026,0.26347,0.090338,-0.010011,-0.4759,0.0068052,-0.078832,0.3526,-0.058408,-0.19734,0.0029972,0.091284,0.02729,0,0.020614,0,-0.083189,-0.060039,-0.008073,0.082694,-0.059999,-0.002464,-0.1101,-0.60154,-0.020172,0.096104,-0.59268,-0.026085,-0.081111,-0.99857,0.13593,0.046889,-0.97357,0.086515
-0.0056927,0.59609,-0.023288,0.0031247,0.40569,0.025034,-0.18533,0.3024,0.052424,0.17441,0.29959,0.014353,-0.29752,0.049006,0.069436,0.26838,0.058846,-0.012565,-0.46073,-0.039988,-0.10444,0.34426,-0.099772,-0.20609,0.0034659,0.054657,0.029704,0,-0.012534,0,-0.084702,-0.093315,-0.010519,0.083634,-0.093315,-0.003075,-0.11153,-0.60479,-0.040166,0.094494,-0.59578,-0.048942,-0.08316,-0.99504,0.11234,0.040944,-0.97781,0.078539
-0.0065773,0.54465,-0.029022,0.0033222,0.37734,0.025799,-0.18551,0.2767,0.047802,0.17754,0.28191,0.018965,-0.26612,0.010487,0.11012,0.26904,0.037458,-0.015394,-0.43916,-0.070636,-0.10293,0.33451,-0.1429,-0.21675,0.0029264,0.029453,0.031078,0,-0.036704,0,-0.085175,-0.12085,-0.012303,0.083915,-0.1174,-0.002492,-0.11292,-0.60788,-0.053743,0.10028,-0.59918,-0.072574,-0.081845,-0.98674,0.093436,0.055877,-0.96852,0.037753
-0.0069341,0.54631,-0.025934,0.0032346,0.37661,0.026955,-0.18553,0.27438,0.048337,0.17737,0.28001,0.0195,-0.2763,0.012415,0.094925,0.26814,0.034015,-0.01405,-0.42563,-0.093963,-0.1001,0.31531,-0.15308,-0.19354,0.0030002,0.027402,0.032351,0,-0.03902,0,-0.085048,-0.12257,-0.012736,0.083813,-0.11944,-0.002632,-0.11338,-0.60952,-0.053973,0.099856,-0.59917,-0.073051,-0.081455,-0.98672,0.092703,0.055729,-0.96781,0.037117
-0.0065774,0.60081,-0.016053,0.0031464,0.40521,0.030527,-0.18302,0.29568,0.051355,0.17712,0.28824,0.021153,-0.27775,0.022739,0.099096,0.26591,0.035051,-0.008483,-0.42077,-0.10384,-0.097051,0.3065,-0.15936,-0.16627,0.0031614,0.038172,0.033982,0,-0.030375,0,-0.084224,-0.11086,-0.013848,0.083384,-0.11127,-0.002389,-0.11479,-0.61077,-0.047727,0.096247,-0.59834,-0.067136,-0.081662,-0.9951,0.10001,0.050756,-0.98006,0.056858
-0.0050565,0.63994,-0.015963,0.0053627,0.46598,0.030589,-0.17957,0.35826,0.056698,0.17601,0.35071,0.023158,-0.27055,0.076872,0.11681,0.25717,0.0839,0.018234,-0.40191,-0.10123,-0.052674,0.30654,-0.12392,-0.13328,0.0039346,0.09612,0.035379,0,0.026141,0,-0.083987,-0.053067,-0.013994,0.08204,-0.054316,-0.001933,-0.10924,-0.60179,-0.013066,0.092312,-0.58789,-0.030128,-0.072817,-1.0015,0.11852,0.056298,-0.9783,0.070345
0.0019275,0.69992,-0.020595,0.0011718,0.52017,0.02895,-0.17876,0.40855,0.04744,0.17951,0.40856,0.021794,-0.26181,0.12993,0.13157,0.25364,0.11925,0.017349,-0.37757,-0.055019,0.001937,0.31214,-0.09253,-0.10579,0.0026669,0.14405,0.036117,0,0.071922,0,-0.082516,-0.01142,-0.013026,0.081944,-0.0064195,-0.002307,-0.10278,-0.58941,0.01799,0.08891,-0.57839,-0.004722,-0.074027,-0.97565,0.11088,0.053014,-0.97794,0.07127
0.0064542,0.75561,-0.034253,0.0026417,0.57408,0.02248,-0.18236,0.462,0.046321,0.18076,0.46723,0.023064,-0.26535,0.16102,0.13431,0.25548,0.17958,0.020543,-0.38357,-0.029195,0.020017,0.31492,-0.040479,-0.084402,0.0026681,0.20123,0.035202,0,0.12998,0,-0.084825,0.047445,-0.016105,0.083849,0.048444,0.002891,-0.10629,-0.58039,0.026433,0.086924,-0.56425,0.003493,-0.0992,-0.95721,0.10861,0.058339,-0.96526,0.056127
-0.0030783,0.78538,-0.034029,0.0010465,0.60987,0.017707,-0.1815,0.50215,0.037344,0.17913,0.49753,0.016258,-0.27286,0.20915,0.13846,0.25741,0.21249,0.023155,-0.40246,0.0036142,0.031332,0.32784,-0.0049343,-0.080375,0.002137,0.23356,0.034156,0,0.16121,0,-0.083974,0.080993,-0.011119,0.083741,0.081141,0.000248,-0.10636,-0.56003,0.026022,0.089518,-0.55072,-0.002482,-0.094859,-0.94562,0.10864,0.058173,-0.9567,0.050151
-0.006593,0.81171,-0.040326,0.0020815,0.62676,0.01799,-0.18258,0.51233,0.034776,0.1825,0.51407,0.009088,-0.27092,0.24456,0.14557,0.26457,0.23776,0.024277,-0.41873,0.055939,0.051382,0.34238,0.024976,-0.084184,0.0027516,0.25582,0.033892,0,0.18457,0,-0.085029,0.10131,-0.01088,0.084146,0.10055,-0.001062,-0.10498,-0.49509,0.005458,0.095163,-0.48705,-0.018482,-0.072044,-0.89072,0.11246,0.041515,-0.88187,0.080598
-0.0040335,0.81981,-0.042221,-0.0012667,0.64155,0.010059,-0.18473,0.52458,0.033508,0.18353,0.52526,0.005558,-0.274,0.25455,0.14596,0.26576,0.25471,0.022808,-0.44071,0.074697,0.056713,0.36949,0.05245,-0.083915,0.0023599,0.26864,0.031699,0,0.19649,0,-0.084816,0.11264,-0.00876,0.085097,0.11377,-0.000343,-0.10412,-0.49438,0.00454,0.093215,-0.47909,-0.022361,-0.064642,-0.88746,0.11236,0.03995,-0.8777,0.080712
-0.003737,0.82497,-0.045269,-0.002859,0.64598,0.006669,-0.1856,0.53177,0.033476,0.18377,0.53564,0.005324,-0.27878,0.26064,0.14663,0.26582,0.26646,0.01989,-0.45822,0.10224,0.057082,0.37451,0.061513,-0.092721,0.0020372,0.27279,0.029913,0,0.2002,0,-0.084649,0.11562,-0.008495,0.085504,0.11819,0.000647,-0.097623,-0.52013,0.015129,0.088728,-0.49229,-0.014561,-0.075815,-0.90709,0.091887,0.039665,-0.87371,0.079459
-0.0039307,0.82506,-0.045782,-0.0024891,0.64681,0.006302,-0.18625,0.5327,0.033382,0.18401,0.53624,0.004905,-0.28876,0.26422,0.14543,0.26813,0.26584,0.016087,-0.47829,0.12047,0.058759,0.38533,0.071828,-0.10443,0.0020039,0.27321,0.028684,0,0.20043,0,-0.084724,0.11577,-0.008354,0.085506,0.11828,0.000601,-0.097143,-0.52251,0.01667,0.091465,-0.53133,0.007683,-0.077234,-0.92266,0.081707,0.041393,-0.87315,0.072613
-0.0068114,0.82423,-0.047188,-0.0013894,0.64097,0.003579,-0.18824,0.53125,0.034291,0.18397,0.53396,0.002847,-0.29139,0.26402,0.14404,0.26823,0.26152,0.009683,-0.4874,0.12528,0.051748,0.38656,0.074589,-0.11076,0.0022156,0.27124,0.027014,0,0.19861,0,-0.085062,0.11337,-0.007506,0.085963,0.11539,0.000144,-0.097003,-0.53534,0.0212,0.092778,-0.53429,0.011507,-0.084772,-0.94673,0.068418,0.060064,-0.96744,0.034621
-0.010145,0.78958,-0.052721,-0.0016178,0.60956,-0.00435,-0.18657,0.51315,0.036425,0.18243,0.50285,-0.004498,-0.29782,0.24772,0.13675,0.27177,0.24962,0.00619,-0.50178,0.12325,0.026998,0.3989,0.059517,-0.15648,0.0026884,0.24029,0.023409,0,0.16694,0,-0.082951,0.085071,-0.003563,0.083613,0.084453,-0.000164,-0.097966,-0.5598,0.023257,0.098477,-0.56392,0.019017,-0.076365,-0.95406,0.072145,0.063057,-0.98967,0.051122
-0.0073818,0.73337,-0.058967,-0.0052064,0.54946,0.00208,-0.19314,0.45108,0.037441,0.18141,0.4439,-0.004042,-0.28802,0.21158,0.12816,0.27814,0.20395,-0.004918,-0.50137,0.10195,-0.009555,0.39131,0.046378,-0.16914,0.0019549,0.18878,0.023244,0,0.11841,0,-0.081871,0.031148,-0.007855,0.08391,0.036301,0.001839,-0.10024,-0.56433,0.015524,0.099007,-0.56495,0.012478,-0.073056,-0.97129,0.10897,0.066439,-0.97701,0.048156
-0.0093466,0.68154,-0.054511,-0.0094953,0.51795,0.01249,-0.19043,0.41239,0.042351,0.18225,0.39367,-0.004521,-0.29099,0.14905,0.11531,0.26654,0.14185,-0.016791,-0.48031,0.069061,-0.039374,0.37417,0.001738,-0.20095,0.0015333,0.15118,0.025033,0,0.078607,0,-0.082374,-0.0035288,-0.007917,0.086356,-0.0057264,-0.002368,-0.1007,-0.57471,-0.002319,0.10073,-0.56728,-0.009899,-0.072339,-0.9737,0.11266,0.071948,-0.97476,0.055041
-0.017673,0.62751,-0.046179,-0.0014851,0.44668,0.011921,-0.19073,0.34917,0.050873,0.17113,0.33733,-0.008485,-0.29529,0.10055,0.089627,0.23944,0.058842,-0.034951,-0.47788,0.022981,-0.074917,0.37024,-0.044026,-0.22912,0.0038594,0.086808,0.024609,0,0.016598,0,-0.082021,-0.0663,-0.005504,0.082583,-0.063156,-0.004032,-0.11645,-0.6005,-0.038475,0.10362,-0.58212,-0.050598,-0.071479,-0.99093,0.11935,0.070572,-0.97403,0.05373
-0.016061,0.58431,-0.04844,-0.0096756,0.39709,0.014562,-0.1937,0.2912,0.045826,0.17101,0.28788,-0.005601,-0.29162,0.051193,0.085104,0.24056,0.038092,-0.050643,-0.4582,-0.026476,-0.091314,0.34368,-0.10266,-0.23698,0.0020928,0.044346,0.025304,0,-0.024357,0,-0.081642,-0.10896,-0.005367,0.085096,-0.10443,-0.005091,-0.1175,-0.60678,-0.050783,0.10305,-0.59008,-0.069608,-0.073525,-1.0018,0.10516,0.067186,-0.97871,0.050701
-0.016573,0.5352,-0.03502,-0.005773,0.37537,0.020958,-0.19305,0.27119,0.048683,0.1745,0.27761,0.001927,-0.29182,0.027139,0.0864,0.24374,0.018971,-0.054395,-0.44488,-0.061042,-0.097703,0.32054,-0.14553,-0.23327,0.0023855,0.028143,0.027054,0,-0.039062,0,-0.083601,-0.12658,-0.008827,0.08563,-0.1186,-0.004782,-0.11738,-0.63099,-0.061685,0.10249,-0.59662,-0.078042,-0.054008,-1.009,0.096923,0.064981,-0.98127,0.049615
-0.016549,0.54807,-0.032334,-0.0046922,0.37538,0.02385,-0.19142,0.27077,0.050507,0.17459,0.27619,0.005395,-0.28939,0.024445,0.090299,0.23946,0.013797,-0.052196,-0.42726,-0.088873,-0.091863,0.31708,-0.15404,-0.22727,0.0028052,0.026915,0.028798,0,-0.040482,0,-0.083525,-0.12686,-0.009303,0.084914,-0.12005,-0.005679,-0.11556,-0.62693,-0.060732,0.10138,-0.59778,-0.077854,-0.04086,-1.0028,0.084471,0.064721,-0.98274,0.050937
-0.010944,0.59546,-0.010282,-0.0002266,0.40649,0.02901,-0.18805,0.29199,0.056731,0.17613,0.29486,0.015077,-0.28076,0.034562,0.10371,0.26267,0.050555,-0.01664,-0.41201,-0.095573,-0.071426,0.29811,-0.14848,-0.18486,0.0031744,0.043414,0.03086,0,-0.025081,0,-0.084567,-0.1051,-0.011459,0.084573,-0.10648,-0.005368,-0.11191,-0.61457,-0.04348,0.095684,-0.60098,-0.066168,-0.043215,-1.0024,0.089948,0.064024,-0.99182,0.06313
-0.0032362,0.65395,-0.007253,0.0071547,0.47475,0.034488,-0.17819,0.36004,0.066088,0.1764,0.35821,0.019193,-0.26372,0.080815,0.12847,0.26463,0.10022,0.014978,-0.38481,-0.096128,-0.025469,0.30066,-0.1119,-0.12729,0.0052287,0.10088,0.03369,0,0.030139,0,-0.083578,-0.048128,-0.012463,0.081022,-0.050424,-0.004607,-0.10158,-0.59013,-0.0072,0.10123,-0.59217,-0.027883,-0.045842,-0.98424,0.1292,0.076033,-0.99017,0.071243
-0.0027719,0.71091,-0.014309,0.0014123,0.53542,0.036221,-0.17583,0.42178,0.057585,0.17643,0.4224,0.023146,-0.25787,0.13127,0.13506,0.26225,0.13221,0.01464,-0.36588,-0.062598,0.015946,0.30577,-0.08103,-0.11269,0.0034252,0.15552,0.03589,0,0.083834,0,-0.08084,0.004058,-0.01045,0.080347,0.0059712,-0.006835,-0.10323,-0.58829,0.013171,0.10068,-0.57674,-0.01234,-0.054181,-0.97799,0.12693,0.083098,-0.97177,0.064543
6.69e-05,0.7692,-0.013965,0.0045802,0.59329,0.024406,-0.17729,0.46462,0.049635,0.18476,0.4774,0.015618,-0.25787,0.16176,0.1345,0.26232,0.20408,0.014682,-0.36851,-0.038779,0.032145,0.31514,-0.016886,-0.092277,0.0039728,0.20836,0.034482,0,0.13468,0,-0.08058,0.050423,-0.012039,0.07907,0.0544,-0.001564,-0.10082,-0.56495,0.02187,0.1055,-0.57149,-0.009882,-0.072006,-0.95594,0.094545,0.094778,-0.97172,0.044092
-0.0002267,0.8066,-0.018311,0.011351,0.62316,0.023636,-0.17496,0.51532,0.047488,0.18419,0.51325,0.016658,-0.25941,0.21914,0.14013,0.26136,0.22488,0.012845,-0.37234,0.0010867,0.050446,0.32872,0.0075374,-0.093343,0.0048332,0.24353,0.034726,0,0.17117,0,-0.084941,0.093473,-0.012083,0.080342,0.090065,-0.001015,-0.10044,-0.5548,0.022515,0.10061,-0.53138,-0.009828,-0.075256,-0.93765,0.07989,0.095305,-0.9623,0.040174
0.001024,0.81699,-0.016284,0.0087976,0.63956,0.024044,-0.17532,0.52305,0.047347,0.18192,0.52632,0.013213,-0.26054,0.25054,0.14536,0.26531,0.25235,0.016658,-0.39313,0.049354,0.083512,0.34579,0.042617,-0.09637,0.0047625,0.25946,0.035126,0,0.18686,0,-0.08431,0.10661,-0.011745,0.080959,0.1067,-0.001585,-0.097072,-0.53204,0.020801,0.096331,-0.49094,-0.023362,-0.071128,-0.90016,0.088182,0.080771,-0.88492,0.046647
-0.0002705,0.84458,-0.022593,0.0063539,0.66168,0.022864,-0.18123,0.53453,0.050101,0.18083,0.54312,0.010891,-0.26408,0.26573,0.14775,0.26941,0.26485,0.012927,-0.41416,0.077335,0.085442,0.3637,0.060713,-0.099661,0.0048322,0.28062,0.0351,0,0.20775,0,-0.084582,0.12463,-0.010128,0.082345,0.12544,-0.003211,-0.10468,-0.48385,0.00291,0.092602,-0.48387,-0.026368,-0.069282,-0.87934,0.095281,0.064365,-0.86788,0.066568
-0.0007249,0.84712,-0.024896,0.0043886,0.66716,0.022254,-0.18334,0.54444,0.051236,0.18108,0.55033,0.014158,-0.26498,0.27358,0.15266,0.27475,0.27789,0.013835,-0.43747,0.10921,0.066726,0.3688,0.075506,-0.10254,0.0043022,0.28521,0.035164,0,0.21209,0,-0.084012,0.12856,-0.010119,0.082176,0.13047,-0.002965,-0.13946,-0.45313,0.025487,0.086056,-0.49838,-0.018105,-0.067564,-0.87781,0.091764,0.029992,-0.9108,0.039664
-0.0021701,0.84602,-0.024791,0.0047323,0.66753,0.022468,-0.18479,0.54593,0.052067,0.18093,0.55156,0.015216,-0.27427,0.28179,0.15067,0.27502,0.28276,0.012228,-0.46888,0.12114,0.061006,0.3733,0.088487,-0.11523,0.0043702,0.2852,0.035327,0,0.21204,0,-0.084095,0.12863,-0.009943,0.081976,0.13021,-0.0032,-0.13824,-0.45508,0.026698,0.077149,-0.52014,0.005315,-0.080486,-0.92919,0.056014,0.025015,-0.96255,0.039552
-0.0042103,0.83808,-0.02677,0.0013239,0.66034,0.023981,-0.18534,0.54263,0.055635,0.18119,0.54507,0.013979,-0.27572,0.2781,0.14983,0.27781,0.27806,0.008743,-0.46728,0.12822,0.048958,0.38376,0.08465,-0.14367,0.0043178,0.28062,0.035726,0,0.20803,0,-0.083586,0.12481,-0.009591,0.082302,0.12613,-0.003976,-0.13627,-0.46027,0.028351,0.078529,-0.52432,0.004724,-0.080057,-0.93765,0.052705,0.026629,-0.95889,0.039225
-0.004109,0.81159,-0.020074,0.002235,0.63482,0.031585,-0.18205,0.51569,0.061363,0.18351,0.51117,0.019405,-0.2851,0.25087,0.13852,0.28256,0.26833,0.001366,-0.4849,0.11849,0.009333,0.38375,0.081555,-0.14506,0.0044498,0.24812,0.038115,0,0.17476,0,-0.083228,0.087833,-0.009423,0.082787,0.098245,-0.006705,-0.13122,-0.46348,0.027788,0.083882,-0.55225,0.003045,-0.083236,-0.93935,0.071671,0.033806,-0.95844,0.040699
-0.013819,0.75377,-0.014593,0.0031909,0.57244,0.030673,-0.18393,0.47484,0.06568,0.18308,0.45885,0.022764,-0.28072,0.22968,0.12888,0.27808,0.21712,-0.011409,-0.47693,0.097905,-0.014922,0.36554,0.040073,-0.18104,0.004441,0.20684,0.038788,0,0.13999,0,-0.080856,0.05512,-0.008867,0.079224,0.058976,-0.007428,-0.10525,-0.56646,0.000202,0.084224,-0.5662,-0.015126,-0.080592,-0.97906,0.098215,0.029752,-0.98351,0.071042
-0.012898,0.70791,-0.00274,-0.0010505,0.52822,0.029842,-0.18887,0.40825,0.077481,0.17766,0.40802,0.024493,-0.27121,0.15678,0.1195,0.26581,0.15057,-0.013354,-0.46503,0.054487,-0.041736,0.36219,0.0012924,-0.19648,0.0050668,0.15229,0.038994,0,0.081829,0,-0.082163,-0.001942,-0.006233,0.082708,0.0013994,-0.009664,-0.1056,-0.57619,-0.006041,0.089814,-0.58462,-0.034631,-0.082341,-0.98852,0.12193,0.035905,-0.99028,0.084869
-0.012337,0.65315,-0.018204,0.0012102,0.47111,0.034599,-0.18471,0.35209,0.077691,0.17645,0.34326,0.016718,-0.27617,0.10192,0.102,0.26518,0.10295,-0.01607,-0.44915,0.0088334,-0.067099,0.34011,-0.053845,-0.20314,0.0064554,0.099055,0.04069,0,0.029565,0,-0.083243,-0.052682,-0.00454,0.082799,-0.050048,-0.013025,-0.10908,-0.5935,-0.025369,0.093905,-0.58597,-0.052723,-0.082383,-0.99964,0.12409,0.050501,-0.97734,0.074444
-0.010155,0.60152,-0.008357,0.0094191,0.41717,0.032309,-0.18883,0.30174,0.083741,0.17975,0.30364,0.016942,-0.2796,0.049721,0.097702,0.26807,0.053397,-0.016713,-0.43614,-0.039779,-0.086583,0.33658,-0.11215,-0.21985,0.0083312,0.057542,0.040982,0,-0.0089139,0,-0.086848,-0.095437,-0.003231,0.08275,-0.090696,-0.013857,-0.11171,-0.60596,-0.046801,0.096166,-0.59623,-0.074392,-0.071972,-0.9921,0.089891,0.045599,-0.98205,0.070895
-0.013473,0.56164,-0.00499,0.012347,0.39294,0.034141,-0.18358,0.28259,0.077988,0.18283,0.28108,0.023662,-0.2824,0.032656,0.099695,0.27141,0.035505,-0.020256,-0.42415,-0.071749,-0.084994,0.32851,-0.13664,-0.22,0.0078207,0.031357,0.042244,0,-0.035766,0,-0.087328,-0.11759,-0.005197,0.082523,-0.11507,-0.012902,-0.11163,-0.6118,-0.053209,0.094118,-0.59681,-0.080911,-0.073358,-0.99024,0.083959,0.041018,-0.983,0.062083
-0.013897,0.56408,-0.007362,0.012202,0.39267,0.034577,-0.18295,0.28119,0.077912,0.18212,0.28084,0.025305,-0.28189,0.028649,0.10317,0.27207,0.031247,-0.019824,-0.41034,-0.096545,-0.078011,0.31725,-0.14875,-0.19936,0.0077674,0.030783,0.043133,0,-0.036244,0,-0.087066,-0.11811,-0.005544,0.082388,-0.11547,-0.012772,-0.11094,-0.6115,-0.052731,0.090326,-0.59709,-0.082593,-0.073438,-0.99146,0.084333,0.040138,-0.98465,0.063169
-0.0069457,0.60322,-0.007279,0.011791,0.41746,0.03129,-0.18194,0.30693,0.080772,0.17574,0.31278,0.024042,-0.27303,0.036806,0.11482,0.26934,0.041023,-0.011346,-0.4051,-0.10121,-0.057267,0.31985,-0.14882,-0.19531,0.0084426,0.050915,0.04296,0,-0.017083,0,-0.085156,-0.097349,-0.006845,0.080539,-0.095715,-0.010341,-0.10393,-0.61041,-0.036753,0.088178,-0.59485,-0.066271,-0.073714,-0.99313,0.10417,0.042886,-0.9847,0.07027
0.0026462,0.6587,-0.027515,0.0079627,0.48399,0.023608,-0.17988,0.37123,0.072393,0.18622,0.37057,0.022044,-0.26323,0.088452,0.10941,0.26092,0.098971,-0.00045,-0.3945,-0.094774,-0.032511,0.32531,-0.11297,-0.15688,0.0068454,0.11545,0.041393,0,0.045926,0,-0.084925,-0.035416,-0.006173,0.081941,-0.036874,-0.007663,-0.10331,-0.58963,0.00473,0.085578,-0.58916,-0.041491,-0.066467,-0.98925,0.11028,0.04934,-0.98443,0.077373
-0.0019449,0.721,-0.020632,0.022655,0.54067,0.021004,-0.17009,0.42281,0.058902,0.18405,0.42716,0.015373,-0.26411,0.11946,0.1171,0.26169,0.13445,-0.000919,-0.39973,-0.062809,0.010215,0.32683,-0.067145,-0.13869,0.0084167,0.1557,0.0405,0,0.081692,0,-0.084386,0.0019191,-0.005249,0.076585,0.0073408,-0.00672,-0.10479,-0.58588,0.013938,0.090047,-0.57998,-0.005263,-0.073978,-0.98793,0.11809,0.055099,-0.97976,0.07373
0.0056454,0.76959,-0.033269,0.0090544,0.5895,0.019253,-0.1707,0.47987,0.056623,0.19164,0.4841,0.021823,-0.25672,0.19293,0.13298,0.26597,0.20045,0.000587,-0.39462,-0.012304,0.043794,0.33065,-0.011208,-0.12594,0.0052911,0.22044,0.039512,0,0.15019,0,-0.082984,0.071931,-0.006899,0.079632,0.065848,-0.005159,-0.10411,-0.57121,0.016221,0.093542,-0.57235,-0.005184,-0.076545,-0.93917,0.09598,0.075964,-0.96505,0.063771
0.002962,0.79791,-0.036323,0.009274,0.61267,0.016335,-0.1727,0.50156,0.057012,0.18921,0.50031,0.020797,-0.26057,0.21036,0.13724,0.26445,0.22458,-0.001514,-0.42004,0.034491,0.060443,0.34641,0.004584,-0.12459,0.0053437,0.2407,0.038113,0,0.16952,0,-0.083684,0.087209,-0.005366,0.080491,0.09004,-0.005953,-0.10853,-0.54333,0.014629,0.079902,-0.50832,-0.0168,-0.073755,-0.92864,0.099163,0.057704,-0.90661,0.085552
0.0046083,0.80141,-0.037606,0.011257,0.63087,0.014848,-0.16788,0.52585,0.047574,0.19028,0.52341,0.018501,-0.26599,0.25999,0.14523,0.27194,0.24364,-0.00491,-0.42312,0.071094,0.056791,0.36653,0.042061,-0.13119,0.00487,0.25862,0.036907,0,0.18711,0,-0.083836,0.10795,-0.006231,0.079712,0.1069,-0.004061,-0.10881,-0.48632,-0.002299,0.082286,-0.48055,-0.030649,-0.042391,-0.8871,0.10796,0.038935,-0.88335,0.10269
0.0096247,0.81523,-0.03983,0.011144,0.64156,0.013034,-0.16896,0.53672,0.048365,0.19262,0.52723,0.017486,-0.265,0.26653,0.14245,0.27702,0.25367,-0.006279,-0.44169,0.11113,0.058182,0.38267,0.056799,-0.13731,0.0048772,0.26831,0.035525,0,0.19635,0,-0.084382,0.11598,-0.005173,0.0806,0.11357,-0.004544,-0.10456,-0.49082,0.001901,0.079148,-0.48609,-0.025931,-0.047286,-0.88072,0.10786,0.04064,-0.88259,0.10289
0.0095646,0.81608,-0.041078,0.011078,0.64421,0.012807,-0.17101,0.53917,0.048672,0.19314,0.53172,0.016363,-0.26886,0.27482,0.14199,0.27974,0.25957,-0.009045,-0.45212,0.12426,0.058369,0.38967,0.064869,-0.1413,0.0049126,0.27048,0.034469,0,0.19832,0,-0.084597,0.11763,-0.005128,0.080682,0.11459,-0.004472,-0.098383,-0.53199,0.026487,0.064166,-0.53586,0.011345,-0.062456,-0.92076,0.07713,0.023168,-0.94668,0.074073
0.0087026,0.8165,-0.042071,0.010649,0.6443,0.013899,-0.17195,0.53929,0.049905,0.19251,0.53214,0.017286,-0.27189,0.27627,0.14215,0.27842,0.26052,-0.008873,-0.46287,0.13333,0.051109,0.39053,0.070504,-0.14718,0.0047679,0.2703,0.033919,0,0.19807,0,-0.084454,0.11737,-0.00545,0.080755,0.11418,-0.004777,-0.099105,-0.53232,0.027542,0.063912,-0.53637,0.012729,-0.058858,-0.93459,0.072193,0.019532,-0.94512,0.046794
0.00342,0.80916,-0.048335,0.01028,0.63698,0.015897,-0.17328,0.53303,0.050935,0.19102,0.5236,0.01618,-0.27585,0.27204,0.13961,0.27716,0.25827,-0.013526,-0.47047,0.13726,0.029339,0.38776,0.072273,-0.15051,0.0048417,0.2598,0.03372,0,0.187,0,-0.082987,0.10754,-0.005386,0.079219,0.10234,-0.0054,-0.092953,-0.54163,0.037656,0.065374,-0.54827,0.016074,-0.068659,-0.95871,0.089852,0.025977,-0.95856,0.031089
0.0049533,0.78474,-0.051618,0.011171,0.58269,0.008682,-0.17972,0.49581,0.053435,0.18853,0.48365,0.011593,-0.28337,0.23256,0.12886,0.27157,0.22964,-0.018471,-0.4744,0.125,0.004424,0.3786,0.037311,-0.19942,0.0054797,0.22215,0.031355,0,0.15262,0,-0.08077,0.067473,-0.003144,0.076903,0.070359,-0.005472,-0.10051,-0.5817,0.03842,0.063712,-0.57574,0.015131,-0.074881,-0.99728,0.12122,0.026551,-0.96978,0.049105
0.0022659,0.71898,-0.05279,0.012119,0.54186,0.005533,-0.18156,0.43652,0.058035,0.18736,0.42842,0.009061,-0.27915,0.20215,0.11853,0.2704,0.17038,-0.034967,-0.46461,0.089603,-0.042147,0.37596,0.018533,-0.21014,0.0060574,0.16806,0.029208,0,0.095859,0,-0.083353,0.010251,0.000879,0.078909,0.015397,-0.007913,-0.10468,-0.59566,0.026095,0.0683,-0.58717,-0.007961,-0.070711,-1.0052,0.11968,0.020842,-0.9949,0.082094
0.0042412,0.66648,-0.054496,0.011705,0.48356,0.010831,-0.17664,0.38507,0.06193,0.18847,0.37516,0.0115,-0.27256,0.13043,0.096911,0.28034,0.11893,-0.031417,-0.4496,0.039983,-0.060875,0.36477,-0.037257,-0.21465,0.0059881,0.1254,0.029244,0,0.056517,0,-0.084405,-0.023959,0.002132,0.079992,-0.027071,-0.01137,-0.11025,-0.59731,-0.005064,0.081394,-0.59168,-0.036915,-0.06563,-1.0073,0.12228,0.02656,-0.9963,0.085494
-0.0022845,0.61724,-0.038583,0.010384,0.44994,0.015497,-0.17444,0.34198,0.063664,0.18433,0.3257,0.009344,-0.27229,0.07933,0.089084,0.25052,0.066286,-0.043641,-0.43594,-0.010576,-0.083991,0.34996,-0.090003,-0.23056,0.0061313,0.083898,0.02995,0,0.012557,0,-0.083712,-0.07079,0.000127,0.079683,-0.063495,-0.011387,-0.11074,-0.61034,-0.021379,0.082499,-0.59672,-0.072372,-0.068464,-1.0079,0.11907,0.024945,-0.99662,0.082815
-0.004888,0.57615,-0.043521,0.011462,0.39635,0.019066,-0.18092,0.29105,0.068146,0.19001,0.30417,0.019525,-0.27219,0.050138,0.092997,0.24143,0.033471,-0.037555,-0.42356,-0.041247,-0.090933,0.36017,-0.14131,-0.25087,0.0058346,0.053611,0.03045,0,-0.012024,0,-0.087086,-0.099419,-0.003357,0.082115,-0.096415,-0.010329,-0.10961,-0.61559,-0.035559,0.083535,-0.59887,-0.076856,-0.077825,-0.95952,0.071384,0.02476,-1.0017,0.082969
-0.0059822,0.57391,-0.043207,0.011505,0.39646,0.020863,-0.18071,0.29115,0.070054,0.18936,0.30126,0.021445,-0.27161,0.04472,0.096714,0.24142,0.034087,-0.035451,-0.40959,-0.070953,-0.083767,0.33964,-0.14548,-0.21494,0.0059062,0.05053,0.031506,0,-0.016464,0,-0.086882,-0.10229,-0.003753,0.082127,-0.098818,-0.009879,-0.10685,-0.61672,-0.034334,0.083006,-0.59922,-0.075266,-0.061033,-1.019,0.10585,0.027049,-0.9998,0.076257
-0.0076755,0.60868,-0.036965,0.016298,0.44488,0.027565,-0.17921,0.31458,0.076192,0.18354,0.31623,0.02513,-0.26877,0.049363,0.10457,0.26949,0.060962,-0.008331,-0.39781,-0.087965,-0.066377,0.33556,-0.13249,-0.16624,0.0067637,0.062945,0.032799,0,-0.0069779,0,-0.085801,-0.088506,-0.004905,0.080908,-0.085724,-0.011896,-0.10328,-0.61392,-0.024501,0.071893,-0.60721,-0.054523,-0.060989,-1.0212,0.11982,0.027762,-1.0019,0.084988
-0.0061252,0.65974,-0.035995,0.015503,0.48146,0.030826,-0.17666,0.37924,0.076798,0.18991,0.37958,0.036291,-0.25492,0.085973,0.11906,0.26767,0.09078,0.00381,-0.3759,-0.092348,-0.012281,0.34034,-0.11996,-0.14831,0.006178,0.11979,0.035138,0,0.050434,0,-0.085866,-0.03326,-0.002502,0.080114,-0.030264,-0.013892,-0.096077,-0.6163,0.03329,0.074612,-0.59423,-0.019334,-0.061298,-1.0193,0.12822,0.027813,-1.0003,0.093447
-0.004967,0.71901,-0.029252,0.020636,0.54036,0.02685,-0.17025,0.43228,0.067731,0.18655,0.4335,0.028643,-0.2508,0.14549,0.13757,0.26302,0.14129,0.011152,-0.3637,-0.055361,0.038902,0.34045,-0.063274,-0.11412,0.0070615,0.16099,0.035351,0,0.088524,0,-0.083788,0.0065016,-0.0024,0.076592,0.014268,-0.012202,-0.099188,-0.60666,0.039583,0.079108,-0.59118,-0.000136,-0.063058,-1.0086,0.1353,0.032681,-0.99061,0.090868
-0.0006752,0.75911,-0.034539,0.0084316,0.58564,0.024437,-0.17387,0.46507,0.06783,0.18991,0.485,0.036032,-0.24812,0.18494,0.14491,0.26661,0.20165,0.011733,-0.36552,-0.021934,0.051689,0.34834,-0.012322,-0.090565,0.0044825,0.22134,0.035335,0,0.15183,0,-0.082413,0.069953,-0.005205,0.079383,0.070195,-0.008929,-0.10067,-0.56477,0.037646,0.088405,-0.56469,0.007154,-0.076819,-0.9355,0.12221,0.064633,-0.94241,0.065869
-0.0038531,0.79022,-0.039897,0.0072478,0.60589,0.023514,-0.17713,0.49794,0.068063,0.18589,0.50212,0.032121,-0.25081,0.21867,0.15235,0.26445,0.21824,0.014472,-0.38454,0.020672,0.081552,0.36114,0.0061462,-0.093461,0.0046211,0.23581,0.035465,0,0.16544,0,-0.083051,0.083603,-0.004393,0.080715,0.084836,-0.009537,-0.10357,-0.55914,0.035332,0.085351,-0.55641,0.002437,-0.07028,-0.92668,0.11461,0.060619,-0.9503,0.077354
-0.0042279,0.79508,-0.039699,0.0047135,0.61795,0.019845,-0.17526,0.52145,0.064547,0.18741,0.52192,0.029097,-0.25092,0.25515,0.15619,0.27062,0.23652,0.014991,-0.38705,0.058497,0.086388,0.37515,0.034954,-0.096846,0.0040112,0.25683,0.034564,0,0.18823,0,-0.082989,0.10641,-0.002784,0.08156,0.10692,-0.009278,-0.10531,-0.50246,0.002125,0.090076,-0.4906,-0.03003,-0.058721,-0.88842,0.11658,0.038334,-0.89654,0.10809
-0.0026495,0.81792,-0.040081,0.0031774,0.63525,0.019609,-0.17616,0.52314,0.063458,0.18791,0.52604,0.026844,-0.25327,0.26163,0.15643,0.27614,0.25,0.012278,-0.42197,0.097075,0.073372,0.38583,0.049333,-0.11175,0.0039877,0.26224,0.034473,0,0.19172,0,-0.08325,0.10909,-0.002776,0.081995,0.10997,-0.009316,-0.1008,-0.51163,0.003012,0.089792,-0.49176,-0.029578,-0.059821,-0.88773,0.11333,0.04536,-0.88624,0.099728
-0.0029483,0.8177,-0.039629,0.0021823,0.63882,0.017585,-0.17406,0.52913,0.057271,0.18812,0.53142,0.024512,-0.25674,0.26383,0.15565,0.27857,0.26358,0.00553,-0.45047,0.11569,0.071333,0.39499,0.059067,-0.11695,0.0035274,0.26402,0.033889,0,0.19274,0,-0.08307,0.11127,-0.002858,0.08211,0.1107,-0.009079,-0.099049,-0.513,0.00313,0.09076,-0.53671,-0.004669,-0.061749,-0.91536,0.073271,0.056428,-0.94138,0.052085
-0.0048204,0.81172,-0.038769,0.0006647,0.63609,0.018674,-0.17703,0.5277,0.058908,0.18599,0.53133,0.026563,-0.26562,0.26301,0.1515,0.27651,0.26459,0.00594,-0.45865,0.12504,0.06501,0.3929,0.065396,-0.13284,0.0030814,0.26215,0.034021,0,0.1908,0,-0.082899,0.10925,-0.002874,0.082894,0.10816,-0.009701,-0.092107,-0.54264,0.012212,0.092041,-0.54352,0.009915,-0.067674,-0.94023,0.05043,0.058034,-0.95436,0.048506
-0.0067238,0.79937,-0.039179,-0.0034732,0.61377,0.011479,-0.18699,0.50972,0.068139,0.1821,0.51024,0.022261,-0.27257,0.25755,0.14866,0.28069,0.24595,-0.007549,-0.47165,0.12815,0.041174,0.38959,0.053884,-0.16122,0.0035743,0.24713,0.032066,0,0.17573,0,-0.081545,0.091239,-0.003488,0.08291,0.092693,-0.007557,-0.094776,-0.56068,0.012818,0.093123,-0.55895,0.015282,-0.068393,-0.97232,0.057226,0.057544,-0.98355,0.03673
-0.011457,0.75736,-0.033332,-0.0011272,0.56345,0.011284,-0.1882,0.46316,0.063413,0.17968,0.46079,0.017493,-0.28138,0.22328,0.13314,0.27338,0.20991,-0.01138,-0.47494,0.11817,0.010818,0.37968,0.031488,-0.18535,0.0037608,0.19441,0.03089,0,0.12272,0,-0.080073,0.038486,-0.00533,0.080496,0.041686,-0.003903,-0.099501,-0.57331,0.008866,0.091203,-0.59482,0.010437,-0.063877,-0.99302,0.099829,0.058882,-0.98931,0.040456
-0.0098769,0.70672,-0.031283,0.0064523,0.52055,0.017631,-0.1921,0.41022,0.066372,0.18206,0.40695,0.008601,-0.28097,0.15614,0.10921,0.27437,0.15634,-0.028949,-0.47638,0.08105,-0.032801,0.36479,-0.013919,-0.2164,0.0057802,0.15861,0.031571,0,0.088768,0,-0.084375,0.002982,-0.003112,0.082264,0.0038757,-0.008806,-0.099623,-0.57338,-0.006187,0.099044,-0.57682,-0.023671,-0.063941,-0.99414,0.10136,0.050737,-0.98584,0.049618
-0.011224,0.65038,-0.025648,-0.0017173,0.46853,0.028057,-0.1888,0.35726,0.061966,0.17974,0.36098,0.016022,-0.27951,0.11248,0.091656,0.27083,0.10543,-0.033444,-0.46662,0.032071,-0.059138,0.34954,-0.061066,-0.22973,0.003792,0.10579,0.03442,0,0.036957,0,-0.082654,-0.047463,-0.004651,0.083222,-0.041972,-0.010989,-0.11129,-0.59988,-0.038823,0.10371,-0.58609,-0.04993,-0.061015,-0.99916,0.096505,0.058034,-0.99522,0.056872
-0.010859,0.60331,-0.021248,0.0008799,0.42265,0.024447,-0.18387,0.32225,0.064763,0.17765,0.3058,0.012497,-0.2818,0.058679,0.078604,0.26747,0.069945,-0.034201,-0.45549,-0.020074,-0.089599,0.33306,-0.10613,-0.2318,0.0047642,0.061482,0.034271,0,-0.0073081,0,-0.083703,-0.085314,-0.003393,0.083445,-0.090258,-0.011003,-0.1133,-0.60444,-0.05577,0.10259,-0.59311,-0.082407,-0.0656,-0.99792,0.073217,0.051519,-0.99656,0.047631
-0.015796,0.57792,-0.022426,0.0011703,0.39629,0.027482,-0.18455,0.29556,0.066249,0.17897,0.2937,0.014973,-0.28009,0.041586,0.07818,0.27003,0.046422,-0.030212,-0.4287,-0.060019,-0.1023,0.32967,-0.13989,-0.23743,0.0048927,0.045375,0.035362,0,-0.021196,0,-0.084123,-0.10463,-0.003444,0.083521,-0.10202,-0.011903,-0.11062,-0.61077,-0.063129,0.1023,-0.59486,-0.084437,-0.062603,-1.0019,0.067048,0.049762,-0.99905,0.044281
-0.014795,0.57873,-0.021901,0.0018121,0.3967,0.028411,-0.18435,0.29477,0.066132,0.1785,0.29347,0.016472,-0.27885,0.037318,0.08201,0.26794,0.042493,-0.029017,-0.41404,-0.08647,-0.094823,0.3162,-0.14859,-0.2207,0.004886,0.044758,0.036273,0,-0.021856,0,-0.084003,-0.10527,-0.005244,0.083439,-0.1025,-0.011203,-0.11039,-0.60948,-0.063063,0.099865,-0.59369,-0.083247,-0.062325,-0.9985,0.062523,0.045957,-0.99174,0.039537
-0.0070602,0.62337,-0.022347,0.011727,0.44755,0.042858,-0.17981,0.31961,0.070895,0.17554,0.31819,0.026051,-0.27377,0.044632,0.094309,0.26557,0.0485,-0.019279,-0.39965,-0.098843,-0.073633,0.31493,-0.14945,-0.20148,0.0057713,0.061557,0.039051,0,-0.0081167,0,-0.083729,-0.085682,-0.007908,0.081391,-0.08632,-0.01205,-0.10767,-0.59717,-0.041756,0.094472,-0.59227,-0.064705,-0.057881,-1.0001,0.066991,0.043631,-0.99632,0.047934
-0.0020026,0.67565,-0.011711,0.0045511,0.4957,0.044712,-0.17701,0.38069,0.074248,0.18096,0.37948,0.0392,-0.25472,0.093302,0.11547,0.25934,0.10973,0.009809,-0.37828,-0.083629,-0.034431,0.31642,-0.1051,-0.14162,0.004363,0.12125,0.041869,0,0.052145,0,-0.082707,-0.027779,-0.010905,0.081102,-0.027659,-0.009972,-0.10198,-0.5848,-0.008601,0.10048,-0.5896,-0.022714,-0.057478,-0.99571,0.089606,0.050549,-0.99625,0.057435
-0.0030294,0.72487,-0.010893,0.016487,0.54852,0.045144,-0.1756,0.4359,0.071581,0.17853,0.44103,0.031481,-0.25861,0.12503,0.12876,0.25636,0.13478,0.010205,-0.38324,-0.079476,-0.016908,0.3237,-0.073735,-0.11424,0.006999,0.16199,0.043101,0,0.09029,0,-0.082258,0.011481,-0.009592,0.077095,0.012533,-0.010486,-0.10093,-0.57813,0.000713,0.097627,-0.5881,-0.006883,-0.061213,-0.98535,0.087378,0.062335,-0.9913,0.047233
-0.0056304,0.77286,-0.017854,0.015344,0.58612,0.040484,-0.17675,0.49238,0.076653,0.18284,0.48193,0.032683,-0.25636,0.19029,0.15063,0.25499,0.19525,0.018859,-0.37564,-0.0029462,0.04171,0.32755,-0.03605,-0.10336,0.0071668,0.22041,0.043265,0,0.15218,0,-0.082488,0.073566,-0.008381,0.076982,0.070042,-0.0112,-0.098584,-0.57471,0.002764,0.097974,-0.58202,-0.006162,-0.067772,-0.98418,0.071486,0.073413,-0.97263,0.038265
-0.0071903,0.78946,-0.021035,0.0077094,0.61789,0.036315,-0.17796,0.50273,0.071379,0.18351,0.50275,0.032013,-0.25906,0.21856,0.16088,0.26064,0.22229,0.019259,-0.40154,0.033953,0.070068,0.34721,0.015762,-0.095234,0.0059212,0.23904,0.043824,0,0.16955,0,-0.083067,0.088309,-0.007366,0.079957,0.089282,-0.011193,-0.099103,-0.55348,0.007251,0.092226,-0.5408,-0.010071,-0.070402,-0.92292,0.062582,0.063033,-0.92263,0.053879
-0.0023703,0.81455,-0.021429,0.0058516,0.63367,0.032443,-0.17739,0.51823,0.066611,0.18654,0.51858,0.028916,-0.26281,0.26927,0.16689,0.26467,0.24302,0.019586,-0.41079,0.083179,0.091465,0.3599,0.040365,-0.098973,0.0052626,0.25886,0.043616,0,0.18895,0,-0.083816,0.10668,-0.007104,0.081641,0.10721,-0.01001,-0.094306,-0.50074,-0.003311,0.083707,-0.48925,-0.027731,-0.061205,-0.89511,0.0819,0.047528,-0.91596,0.063031
-3.4e-06,0.81571,-0.022066,0.0064501,0.64085,0.031622,-0.17367,0.53195,0.063453,0.19104,0.53097,0.031238,-0.26228,0.27085,0.16523,0.2781,0.26343,0.015239,-0.43919,0.11578,0.080904,0.38001,0.057093,-0.10701,0.004748,0.26575,0.04389,0,0.19579,0,-0.084194,0.11356,-0.006811,0.081759,0.11436,-0.009837,-0.091586,-0.51061,-0.000512,0.084837,-0.48934,-0.029006,-0.051982,-0.8796,0.087633,0.034866,-0.89838,0.075517
0.0015237,0.82202,-0.021966,0.0066856,0.64684,0.032272,-0.17403,0.53296,0.063374,0.19101,0.5332,0.031195,-0.26828,0.27306,0.16447,0.2783,0.26407,0.015054,-0.45936,0.12583,0.080942,0.38201,0.066696,-0.10689,0.0047853,0.26738,0.044352,0,0.19694,0,-0.084315,0.11498,-0.006448,0.081813,0.1151,-0.010111,-0.078439,-0.53403,0.007249,0.070912,-0.53753,0.000974,-0.041242,-0.9324,0.076284,0.028411,-0.95798,0.082462
0.0019184,0.82209,-0.02232,0.006999,0.64598,0.032348,-0.17534,0.53246,0.065097,0.19064,0.53218,0.030402,-0.27888,0.2709,0.16076,0.27893,0.26356,0.014323,-0.47013,0.13389,0.076409,0.38508,0.06908,-0.11256,0.0051504,0.26662,0.044681,0,0.19618,0,-0.084441,0.11385,-0.006441,0.081779,0.11445,-0.01012,-0.077946,-0.53829,0.020043,0.073871,-0.53839,0.002081,-0.046581,-0.94143,0.077683,0.030087,-0.95087,0.073485
-0.0002806,0.80107,-0.023078,0.0070089,0.62543,0.03729,-0.18014,0.51706,0.067287,0.18669,0.5105,0.03046,-0.28587,0.25825,0.15239,0.28078,0.24334,0.00502,-0.48165,0.13108,0.062299,0.38724,0.05492,-0.14749,0.0053459,0.24848,0.046049,0,0.17885,0,-0.083839,0.097378,-0.008427,0.081299,0.095932,-0.009703,-0.080228,-0.55491,0.018766,0.071294,-0.55702,0.003045,-0.058981,-0.97402,0.093639,0.035403,-0.96323,0.065458
0.0033964,0.75968,-0.022434,0.0065535,0.58565,0.041439,-0.17944,0.47626,0.06715,0.18917,0.46232,0.026176,-0.29007,0.23135,0.13583,0.27953,0.19323,-0.011068,-0.4782,0.11896,0.00922,0.38387,0.032057,-0.17781,0.0056938,0.20053,0.047477,0,0.12981,0,-0.082866,0.046483,-0.013777,0.080457,0.048739,-0.006725,-0.081987,-0.58687,0.013183,0.070222,-0.57917,-0.005628,-0.063319,-1.002,0.13617,0.044096,-0.99742,0.10045
0.0079566,0.70515,-0.021636,0.011182,0.52667,0.040511,-0.17581,0.41354,0.065737,0.18483,0.41512,0.033705,-0.29472,0.15243,0.12222,0.27034,0.14454,-0.021529,-0.48421,0.071979,-0.025342,0.36864,-0.013182,-0.19566,0.0057821,0.14773,0.047881,0,0.078378,0,-0.082707,-0.0008859,-0.007402,0.078687,-0.0022453,-0.012061,-0.087993,-0.59326,0.006831,0.070653,-0.58917,-0.022182,-0.062685,-1.0074,0.14082,0.042034,-1.0059,0.11252
-0.0043404,0.65217,-0.024872,0.0080432,0.47062,0.031433,-0.18042,0.37001,0.079181,0.18446,0.35974,0.030441,-0.28606,0.11562,0.10715,0.2738,0.11458,-0.016969,-0.47754,0.018441,-0.055242,0.36091,-0.062314,-0.20942,0.0070372,0.10654,0.046469,0,0.040174,0,-0.084123,-0.044555,-0.005643,0.08059,-0.041743,-0.011114,-0.094486,-0.60562,-0.006864,0.076437,-0.60396,-0.03581,-0.063251,-1.0186,0.14372,0.044071,-1.0113,0.11963
-0.0065767,0.59833,-0.013252,0.0076537,0.41942,0.033373,-0.18571,0.30991,0.080756,0.17397,0.30946,0.016876,-0.29063,0.057868,0.094536,0.2708,0.058555,-0.021767,-0.46005,-0.026118,-0.075699,0.34073,-0.10671,-0.21504,0.0090276,0.052154,0.046524,0,-0.015503,0,-0.083964,-0.098198,-0.006791,0.081132,-0.093755,-0.010503,-0.10202,-0.61314,-0.0192,0.079755,-0.60515,-0.050007,-0.065519,-1.0095,0.11624,0.042388,-1.0097,0.11273
-0.0088126,0.58687,-0.014504,0.0073536,0.40857,0.035424,-0.18395,0.2966,0.078397,0.17481,0.29208,0.018681,-0.28772,0.042729,0.095477,0.23904,0.021239,-0.048031,-0.43886,-0.063052,-0.080152,0.33384,-0.15003,-0.22194,0.0085159,0.042563,0.04731,0,-0.024562,0,-0.084119,-0.10699,-0.00673,0.081389,-0.10232,-0.01122,-0.10001,-0.61442,-0.030734,0.077022,-0.61209,-0.055606,-0.064676,-1.0115,0.11504,0.038342,-1.0113,0.10904
-0.011619,0.57722,-0.025868,0.0074942,0.40749,0.035361,-0.18424,0.29689,0.078404,0.175,0.29233,0.018729,-0.28273,0.039511,0.099056,0.26813,0.033724,-0.021508,-0.41403,-0.096299,-0.071375,0.32742,-0.15277,-0.21087,0.0085707,0.042475,0.04767,0,-0.024556,0,-0.084303,-0.10697,-0.006839,0.081391,-0.10247,-0.011146,-0.098927,-0.61593,-0.031489,0.074492,-0.61666,-0.052261,-0.063557,-1.0149,0.11718,0.036925,-1.0125,0.11014
-0.014866,0.60306,-0.021456,0.0098181,0.42471,0.033005,-0.18091,0.31542,0.076082,0.17794,0.32166,0.02434,-0.26892,0.05529,0.11391,0.26503,0.048421,-0.017226,-0.40105,-0.09294,-0.05154,0.32132,-0.15264,-0.18385,0.0081337,0.057332,0.047586,0,-0.010167,0,-0.085035,-0.090236,-0.00889,0.081398,-0.089826,-0.008753,-0.097532,-0.61284,-0.021133,0.074618,-0.61921,-0.030354,-0.061428,-1.0192,0.12811,0.037733,-1.0175,0.12182
-0.011099,0.65925,-0.043018,0.01264,0.49037,0.026562,-0.18229,0.38807,0.076558,0.18275,0.38443,0.018982,-0.2549,0.10531,0.12574,0.26228,0.095913,-0.011175,-0.37146,-0.077224,-0.003621,0.32023,-0.11492,-0.13657,0.0090364,0.12406,0.045911,0,0.055914,0,-0.084684,-0.026937,-0.001003,0.079911,-0.025288,-0.01407,-0.096514,-0.60415,0.005829,0.08267,-0.60509,0.005809,-0.062025,-1.0189,0.14037,0.039949,-1.0166,0.1221
-0.0086564,0.7117,-0.052486,0.018987,0.54125,0.02424,-0.1727,0.43948,0.062346,0.18371,0.44128,0.015384,-0.25578,0.13266,0.13353,0.25924,0.14226,0.000169,-0.37203,-0.060232,0.021894,0.32132,-0.071439,-0.11867,0.0088295,0.16237,0.045038,0,0.091243,0,-0.083468,0.01134,-0.006338,0.077291,0.015605,-0.00696,-0.099336,-0.58751,0.017643,0.084782,-0.59426,0.015181,-0.061942,-0.99433,0.12472,0.0532,-0.99744,0.10537
-0.0082377,0.73103,-0.061044,0.013868,0.57146,0.022804,-0.1736,0.47379,0.056121,0.18344,0.47808,0.013803,-0.25783,0.18604,0.14386,0.26519,0.1968,0.002908,-0.37599,-0.015618,0.043332,0.34174,-0.021735,-0.092774,0.0072487,0.20963,0.043974,0,0.14179,0,-0.084392,0.063065,-0.009754,0.079429,0.055772,-0.003862,-0.099215,-0.56956,0.02012,0.086325,-0.58635,0.016736,-0.072158,-0.95304,0.11057,0.07694,-0.95306,0.07898
-0.0077435,0.7752,-0.070078,0.0065129,0.60105,0.015461,-0.17829,0.50627,0.056761,0.179,0.51072,0.011793,-0.25257,0.24355,0.15417,0.26967,0.21754,0.002813,-0.39834,0.030422,0.076877,0.35524,-0.0054972,-0.096564,0.0063829,0.23802,0.041466,0,0.16911,0,-0.08307,0.088357,-0.00791,0.080564,0.091845,-0.00334,-0.095237,-0.56414,0.018124,0.085333,-0.56122,0.011527,-0.06791,-0.94322,0.099962,0.074609,-0.95166,0.084
-0.00768,0.77994,-0.078167,0.0037297,0.61266,0.014716,-0.17801,0.51793,0.056645,0.18251,0.51825,0.010998,-0.25343,0.24859,0.15544,0.28013,0.24124,0.008398,-0.41481,0.05988,0.081222,0.37965,0.0223,-0.096469,0.0056859,0.25214,0.039924,0,0.18332,0,-0.082954,0.10161,-0.00344,0.081739,0.10201,-0.006976,-0.089581,-0.51513,-0.00622,0.085573,-0.49947,-0.009674,-0.048786,-0.89084,0.092681,0.045703,-0.89139,0.095367
-0.0080974,0.78122,-0.079573,0.0042647,0.61656,0.01436,-0.18013,0.5233,0.059119,0.18499,0.52474,0.011927,-0.25964,0.26282,0.1589,0.28799,0.24841,0.004897,-0.43007,0.096727,0.077908,0.40337,0.033303,-0.10485,0.0057359,0.25684,0.038563,0,0.18802,0,-0.083507,0.10469,-0.002657,0.082054,0.1058,-0.007685,-0.075682,-0.54883,0.000859,0.082808,-0.50582,-0.007359,-0.053156,-0.91571,0.082157,0.051346,-0.91676,0.087267
-0.0081418,0.78121,-0.080304,0.0046439,0.61789,0.013892,-0.18097,0.52472,0.060012,0.18627,0.52629,0.012602,-0.26664,0.2672,0.15778,0.28939,0.25104,0.004286,-0.48049,0.10546,0.072217,0.4097,0.040952,-0.10976,0.0056401,0.25845,0.037299,0,0.18955,0,-0.08383,0.10559,-0.002133,0.082295,0.10698,-0.008095,-0.075734,-0.54838,0.000978,0.082286,-0.51592,-0.003848,-0.054275,-0.91876,0.078501,0.055338,-0.91475,0.07359
-0.0088263,0.77681,-0.08486,0.0040252,0.61478,0.013206,-0.18335,0.52228,0.062985,0.1865,0.52439,0.012761,-0.27253,0.2676,0.15553,0.29126,0.25456,0.003726,-0.47532,0.12151,0.062303,0.41015,0.044809,-0.11445,0.0056481,0.25627,0.036029,0,0.18736,0,-0.084212,0.10279,-0.001959,0.083132,0.10385,-0.008785,-0.077644,-0.55138,0.000501,0.091189,-0.54975,0.009108,-0.085956,-0.98166,0.048862,0.080689,-0.95832,0.028688
-0.011106,0.74061,-0.08654,-0.0019093,0.57471,0.018008,-0.18849,0.49269,0.067388,0.18384,0.50267,0.015051,-0.28056,0.25627,0.15516,0.2933,0.23873,-0.001656,-0.47664,0.1228,0.05408,0.42248,0.020462,-0.15444,0.0048169,0.21765,0.036193,0,0.14926,0,-0.083265,0.058799,-0.008642,0.084025,0.071493,-0.004608,-0.081219,-0.58229,0.006764,0.090286,-0.57818,0.01083,-0.085528,-0.97982,0.055756,0.078267,-0.95951,0.034076
-0.019313,0.69674,-0.094194,0.0027423,0.54456,0.014818,-0.18981,0.45194,0.06538,0.18466,0.45033,0.01331,-0.28968,0.20651,0.14168,0.29142,0.20039,-0.016541,-0.47909,0.10678,0.007536,0.41203,0.013755,-0.15999,0.0052795,0.19176,0.034926,0,0.12401,0,-0.083631,0.041331,-0.006952,0.082545,0.037067,-0.005,-0.087162,-0.57878,0.001866,0.091035,-0.58238,-0.01179,-0.076614,-0.95017,0.07133,0.078195,-0.96601,0.033442
-0.023473,0.64897,-0.079958,-0.000636,0.48549,0.020193,-0.19494,0.39441,0.071379,0.17797,0.3952,0.01085,-0.29149,0.14846,0.13262,0.29078,0.13239,-0.019372,-0.48019,0.069982,-0.01726,0.38526,-0.033395,-0.18764,0.0055459,0.13589,0.035428,0,0.069329,0,-0.085313,-0.015691,-0.003366,0.085568,-0.013061,-0.010131,-0.098079,-0.58244,-0.016036,0.093043,-0.58816,-0.045442,-0.079012,-0.96598,0.090528,0.073561,-0.973,0.043763
-0.021641,0.59121,-0.082897,-0.0016832,0.42975,0.019711,-0.19481,0.34038,0.068168,0.18001,0.33831,0.010022,-0.28733,0.10171,0.1001,0.28533,0.094838,-0.032645,-0.47346,0.013995,-0.055431,0.38033,-0.08146,-0.20886,0.0050569,0.08634,0.035244,0,0.02213,0,-0.085389,-0.062863,-0.004615,0.086057,-0.061826,-0.008855,-0.10768,-0.59711,-0.040169,0.09688,-0.5855,-0.067846,-0.078211,-1.0127,0.11909,0.067381,-0.97748,0.045637
-0.023215,0.55917,-0.084233,0.0042775,0.3775,0.016626,-0.1886,0.28919,0.064879,0.17888,0.28946,0.01279,-0.2917,0.04541,0.094743,0.28574,0.048152,-0.035179,-0.46121,-0.032734,-0.078433,0.37309,-0.14753,-0.24024,0.0055346,0.038078,0.034229,0,-0.02734,0,-0.085623,-0.10905,-0.006238,0.08394,-0.10683,-0.006059,-0.1111,-0.60343,-0.048914,0.10213,-0.58856,-0.10394,-0.073191,-1.0078,0.093361,0.068809,-0.97695,0.039894
-0.017621,0.51718,-0.067505,0.0078484,0.35709,0.022226,-0.18599,0.26087,0.061937,0.18412,0.27298,0.017076,-0.29069,0.024393,0.086811,0.28254,0.023016,-0.031477,-0.44179,-0.080002,-0.089757,0.35984,-0.1609,-0.21544,0.0055048,0.020019,0.035192,0,-0.043731,0,-0.087636,-0.12966,-0.007687,0.084433,-0.12632,-0.007232,-0.11098,-0.61141,-0.056973,0.10203,-0.60088,-0.11221,-0.071737,-1.0057,0.087641,0.045863,-0.99086,0.041514
-0.018925,0.51102,-0.069655,0.0058618,0.35345,0.025832,-0.18785,0.25659,0.063687,0.1819,0.26944,0.021514,-0.28859,0.018436,0.092551,0.27767,0.016796,-0.019447,-0.42649,-0.10737,-0.081772,0.35071,-0.17673,-0.20351,0.0048973,0.014923,0.036433,0,-0.048899,0,-0.086732,-0.13439,-0.009207,0.084341,-0.13075,-0.007318,-0.11224,-0.61601,-0.057235,0.099271,-0.60568,-0.11026,-0.072783,-1.005,0.086629,0.040277,-0.99537,0.046323
-0.020885,0.52213,-0.066639,0.004886,0.36059,0.028586,-0.18798,0.26592,0.068284,0.17966,0.27555,0.027574,-0.28261,0.023588,0.10187,0.27298,0.020819,-0.006785,-0.41865,-0.11484,-0.062066,0.34171,-0.16861,-0.16063,0.0047162,0.022016,0.037577,0,-0.041304,0,-0.085227,-0.12216,-0.01706,0.083859,-0.12445,-0.003475,-0.11341,-0.60794,-0.05108,0.092693,-0.60168,-0.093702,-0.074499,-1.0073,0.099695,0.05933,-0.97996,0.044663
-0.017147,0.57362,-0.074488,0.0026319,0.42222,0.028029,-0.19058,0.32566,0.078012,0.17584,0.33786,0.03266,-0.26617,0.051246,0.11938,0.26335,0.07745,0.019536,-0.41092,-0.10858,-0.037325,0.33142,-0.12925,-0.12324,0.0050057,0.076827,0.037867,0,0.012133,0,-0.086164,-0.072189,-0.016364,0.085106,-0.068423,-0.000275,-0.10879,-0.60498,-0.037827,0.088888,-0.59067,-0.059727,-0.07273,-1.0096,0.12447,0.066255,-0.97057,0.047392
-0.01161,0.64424,-0.075929,-0.0009655,0.48636,0.02939,-0.18712,0.38524,0.064227,0.17904,0.39755,0.030568,-0.26174,0.10941,0.13579,0.26533,0.13017,0.025126,-0.39634,-0.068775,0.02009,0.33032,-0.086525,-0.094138,0.0033352,0.13248,0.038849,0,0.066171,0,-0.085616,-0.015611,-0.016713,0.085995,-0.016902,-5.9e-05,-0.10609,-0.57796,-0.010511,0.093061,-0.57249,-0.041338,-0.086909,-0.95921,0.097332,0.062347,-0.96861,0.051147
