-0.0032679,0.71991,-0.012812,0.0069202,0.54079,0.023134,-0.17389,0.42716,0.042875,0.18218,0.42938,0.013803,-0.25731,0.12829,0.10762,0.25493,0.1496,0.015727,-0.37283,-0.068308,0.022822,0.3086,-0.058919,-0.10586,0.0033466,0.17363,0.027923,0,0.10282,0,-0.081241,0.025436,-0.011866,0.078714,0.020162,-0.0012857,-0.10829,-0.56724,0.0051547,0.090065,-0.57273,0.002189,-0.10087,-0.96952,0.090348,0.06046,-0.97239,0.074639
-0.0016299,0.75957,-0.016761,0.0212,0.59419,0.018546,-0.17344,0.46964,0.040929,0.18256,0.47443,0.0014755,-0.25777,0.18658,0.11396,0.25329,0.20261,0.015588,-0.37276,-0.019492,0.062493,0.31469,-0.010415,-0.096685,0.006392,0.2143,0.027674,0,0.14001,0,-0.085108,0.061765,-0.0098869,0.078293,0.058835,-0.0014386,-0.10846,-0.56162,0.01195,0.089224,-0.56539,0.0061854,-0.11562,-0.9283,0.053972,0.064333,-0.96264,0.066084
-0.0053167,0.79704,-0.012535,0.01467,0.60794,0.019677,-0.17492,0.49016,0.042495,0.17746,0.49638,0.0020177,-0.26279,0.2126,0.1278,0.2537,0.2218,0.018533,-0.38358,0.012114,0.065857,0.32578,0.01433,-0.09287,0.0053145,0.23637,0.028344,0,0.16543,0,-0.084376,0.086987,-0.0097808,0.080132,0.087526,-0.0019106,-0.10733,-0.54011,0.018842,0.089708,-0.54085,0.0086888,-0.10717,-0.92507,0.071828,0.066344,-0.92319,0.048952
-0.0055304,0.81244,-0.015934,7.3096e-05,0.63566,0.012684,-0.17652,0.50619,0.0412,0.18278,0.51042,0.00043118,-0.26146,0.23782,0.13828,0.25685,0.24404,0.017909,-0.40563,0.05415,0.07362,0.35308,0.048298,-0.093094,0.0033138,0.26181,0.027048,0,0.18927,0,-0.084364,0.10818,-0.0087355,0.083404,0.10458,-0.0014775,-0.10471,-0.48435,0.0070624,0.089831,-0.52415,0.005872,-0.084123,-0.85553,0.085927,0.059911,-0.87878,0.058219
-0.0057168,0.81771,-0.018603,-0.0004704,0.64055,0.012419,-0.18125,0.51851,0.047006,0.17982,0.53108,0.0012595,-0.26385,0.25407,0.13789,0.26159,0.25992,0.018546,-0.42784,0.088639,0.070679,0.3551,0.058914,-0.094258,0.0034394,0.27283,0.026701,0,0.2015,0,-0.083981,0.11838,-0.0088552,0.083942,0.12162,-0.0010979,-0.10318,-0.49296,0.0073826,0.087797,-0.46989,-0.01159,-0.082839,-0.86055,0.081972,0.054758,-0.85004,0.069917
-0.0055358,0.81973,-0.019931,6.5796e-05,0.64255,0.012132,-0.18166,0.52391,0.046952,0.17985,0.53377,0.0011602,-0.26474,0.26441,0.14029,0.26309,0.26764,0.016351,-0.44012,0.11119,0.072767,0.36268,0.074977,-0.10042,0.0034827,0.27531,0.026399,0,0.20392,0,-0.083919,0.12107,-0.0086245,0.08371,0.12395,-0.0010658,-0.1003,-0.50049,0.0099784,0.0899,-0.48238,-0.0091988,-0.074901,-0.88166,0.075667,0.056497,-0.85826,0.067986
-0.0054251,0.81998,-0.020176,0.00068521,0.64204,0.012375,-0.1806,0.52325,0.046587,0.18068,0.53122,9.7331e-05,-0.27145,0.26186,0.1384,0.26491,0.26672,0.014575,-0.46225,0.12363,0.060556,0.38222,0.08115,-0.12031,0.003657,0.27366,0.026235,0,0.2018,0,-0.083981,0.11936,-0.0080279,0.083561,0.12186,-0.0018006,-0.095838,-0.50909,0.017411,0.084705,-0.50768,0.0004448,-0.077886,-0.92651,0.066308,0.063163,-0.89704,0.063438
-0.0063503,0.81213,-0.022245,0.0057448,0.62912,0.016812,-0.17754,0.51336,0.044873,0.18121,0.51317,2.9199e-05,-0.27701,0.25782,0.13128,0.26731,0.25704,0.010025,-0.47904,0.12581,0.032164,0.38008,0.078696,-0.12678,0.0043855,0.25702,0.027181,0,0.18446,0,-0.083042,0.1054,-0.0062302,0.080624,0.10378,-0.0052666,-0.095818,-0.5233,0.018828,0.086632,-0.52562,0.0079471,-0.078772,-0.93147,0.06239,0.062958,-0.95632,0.073351
-0.0073286,0.76276,-0.019101,0.011311,0.5963,0.019836,-0.1757,0.46764,0.042689,0.18373,0.46543,-0.0023418,-0.28805,0.2206,0.11728,0.26778,0.21613,0.005142,-0.48133,0.11713,0.0079744,0.37954,0.058255,-0.14849,0.0053643,0.22027,0.028215,0,0.1477,0,-0.083817,0.062906,-0.0055235,0.079608,0.06996,-0.0062857,-0.097108,-0.55782,0.01849,0.086711,-0.55971,0.0048432,-0.05155,-0.96297,0.094843,0.0632,-0.95839,0.071392
-0.0040057,0.72292,-0.019334,0.0065259,0.53827,0.025669,-0.17517,0.42879,0.048508,0.18099,0.42963,-0.00033677,-0.28737,0.1619,0.10826,0.27414,0.17333,-0.00097623,-0.47808,0.082971,-0.030586,0.37946,0.0090003,-0.17856,0.0048449,0.17247,0.030113,0,0.10419,0,-0.081063,0.021623,-0.0076853,0.078793,0.030125,-0.006201,-0.093658,-0.56615,0.011764,0.08755,-0.55774,-0.011113,-0.045386,-0.9668,0.098141,0.067383,-0.95737,0.0732
-0.007384,0.65559,-0.022669,0.018509,0.48966,0.021944,-0.17462,0.37811,0.051769,0.18534,0.36633,0.0037005,-0.28402,0.13669,0.09442,0.26562,0.11458,-0.010802,-0.48487,0.035782,-0.062525,0.36961,-0.019817,-0.19206,0.0068545,0.12495,0.030121,0,0.054585,0,-0.085348,-0.025346,-0.0055411,0.078499,-0.026244,-0.0074643,-0.10376,-0.58257,-0.014545,0.084085,-0.55793,-0.0334,-0.052758,-0.97206,0.10254,0.0693,-0.95444,0.06873
-0.006572,0.60358,-0.013093,0.0062645,0.42123,0.022016,-0.17776,0.31803,0.062077,0.18103,0.30465,0.0076726,-0.28763,0.07718,0.086612,0.2652,0.070113,-0.0068268,-0.46321,0.00098106,-0.069711,0.35653,-0.077816,-0.20911,0.0054351,0.068889,0.030621,0,0.001451,0,-0.085095,-0.078513,-0.010011,0.082691,-0.079688,-0.0033871,-0.10652,-0.58954,-0.025109,0.092618,-0.57121,-0.063335,-0.052607,-0.97272,0.10135,0.059815,-0.96604,0.076615
-0.010163,0.5665,-0.015668,0.0090123,0.37605,0.021418,-0.17812,0.27027,0.053495,0.17282,0.26856,0.0063139,-0.28744,0.027532,0.080467,0.25917,0.039023,-0.011527,-0.45289,-0.038545,-0.091954,0.34772,-0.13063,-0.2274,0.0054907,0.031698,0.031019,0,-0.034155,0,-0.083537,-0.11554,-0.0079919,0.080455,-0.1075,-0.0050554,-0.1106,-0.62463,-0.053888,0.093333,-0.57478,-0.086461,-0.054156,-0.97743,0.085597,0.055561,-0.96209,0.059541
-0.012923,0.53258,-0.0097292,0.0049083,0.35998,0.028275,-0.17991,0.25716,0.055806,0.17169,0.25986,0.010674,-0.28826,0.020544,0.082163,0.26107,0.023838,-0.010028,-0.43621,-0.070253,-0.095702,0.3364,-0.14507,-0.21453,0.0049459,0.019383,0.032959,0,-0.045166,0,-0.083189,-0.12708,-0.009226,0.081309,-0.12061,-0.0058155,-0.10824,-0.62339,-0.057604,0.09143,-0.58032,-0.092078,-0.043974,-0.97203,0.056849,0.056001,-0.95918,0.047832
-0.014409,0.53992,-0.0081077,0.0049885,0.36133,0.029051,-0.1804,0.25722,0.056645,0.17135,0.25958,0.011607,-0.28555,0.018573,0.085898,0.26047,0.017219,-0.0068881,-0.42052,-0.096217,-0.095853,0.32136,-0.15756,-0.18242,0.0050638,0.019266,0.034032,0,-0.045165,0,-0.083285,-0.12699,-0.0093954,0.081381,-0.12072,-0.0057367,-0.099326,-0.59088,-0.058142,0.082449,-0.58576,-0.089612,-0.042729,-0.9708,0.057533,0.053941,-0.95793,0.047102
-0.0050084,0.58768,-0.0093195,0.0081808,0.40376,0.033491,-0.17756,0.29863,0.059896,0.17728,0.29054,0.021931,-0.27887,0.023964,0.090156,0.25768,0.037343,0.0054418,-0.41201,-0.10843,-0.070751,0.31304,-0.14537,-0.15952,0.0047834,0.047101,0.036297,0,-0.019326,0,-0.084048,-0.098146,-0.011753,0.081147,-0.10002,-0.0055109,-0.094836,-0.59543,-0.04954,0.088761,-0.57867,-0.06919,-0.043394,-0.97576,0.073876,0.056246,-0.96221,0.057619
-0.009625,0.63833,-0.008569,0.0090059,0.46737,0.037309,-0.17452,0.3453,0.057032,0.17017,0.35141,0.024939,-0.26489,0.070212,0.10417,0.25031,0.07564,0.014301,-0.39614,-0.094838,-0.05134,0.31361,-0.11771,-0.12421,0.0048256,0.10124,0.038516,0,0.032936,0,-0.082577,-0.044961,-0.011169,0.079382,-0.043299,-0.0066448,-0.091759,-0.59503,-0.0085778,0.093404,-0.56905,-0.034328,-0.039105,-0.97723,0.094152,0.068624,-0.96685,0.077288
-0.0047523,0.69312,-0.014504,0.0049037,0.52068,0.035911,-0.1727,0.40334,0.04613,0.17827,0.40626,0.020715,-0.25956,0.10664,0.10189,0.25148,0.13029,0.021806,-0.38049,-0.076193,-0.0065806,0.3121,-0.071751,-0.10374,0.003476,0.14829,0.03969,0,0.077745,0,-0.081103,-0.0039781,-0.012396,0.079265,-0.00029253,-0.005217,-0.093325,-0.58347,0.013824,0.095216,-0.56296,-0.015036,-0.048762,-0.9664,0.08669,0.065303,-0.95994,0.076427
-0.0014734,0.74006,-0.019547,0.0047913,0.57144,0.018481,-0.17428,0.44585,0.035175,0.18369,0.45078,0.016688,-0.25925,0.16083,0.097139,0.24591,0.1812,0.021895,-0.38019,-0.038123,0.029588,0.31426,-0.028401,-0.083699,0.0026818,0.19684,0.03639,0,0.1255,0,-0.080543,0.045453,-0.012758,0.078806,0.042428,0.00094606,-0.095254,-0.57092,0.017673,0.09581,-0.56,-0.0064686,-0.079804,-0.94717,0.064727,0.076581,-0.95572,0.061959
-0.0067365,0.78891,-0.017209,0.011458,0.59644,0.015812,-0.17075,0.49655,0.036021,0.18171,0.48727,0.016345,-0.25743,0.21308,0.11648,0.25231,0.20904,0.03197,-0.38685,0.0001371,0.04408,0.32173,0.00020312,-0.074626,0.0040166,0.2342,0.035097,0,0.16469,0,-0.082686,0.088866,-0.010793,0.077764,0.086263,0.00062779,-0.095192,-0.51206,0.022914,0.094136,-0.533,-0.0005324,-0.080562,-0.89227,0.075955,0.076786,-0.92435,0.064381
-0.0052356,0.80014,-0.021437,0.0059906,0.61634,0.013634,-0.17403,0.50274,0.034062,0.18,0.50541,0.0097195,-0.25757,0.23122,0.12188,0.25159,0.23023,0.026083,-0.40676,0.047814,0.047518,0.33178,0.025946,-0.082001,0.003573,0.25009,0.033937,0,0.17954,0,-0.083154,0.099117,-0.010805,0.080309,0.098822,0.00039516,-0.093381,-0.50752,0.017301,0.096069,-0.47672,-0.0096407,-0.07517,-0.8863,0.073034,0.053061,-0.86183,0.069719
-0.0027223,0.80541,-0.028141,0.0040277,0.63013,0.0096095,-0.17875,0.51348,0.035454,0.18134,0.5095,0.0072512,-0.26156,0.25133,0.12026,0.25441,0.24906,0.023744,-0.42814,0.0716,0.046744,0.34883,0.048999,-0.080182,0.0033657,0.26269,0.032116,0,0.19139,0,-0.083898,0.10947,-0.010371,0.082087,0.10917,0.0012867,-0.091052,-0.48465,0.0022435,0.09877,-0.47093,-0.011736,-0.068485,-0.85411,0.091936,0.046122,-0.84436,0.090502
-0.0055289,0.81579,-0.034739,0.0036052,0.63414,0.0069397,-0.17997,0.51798,0.033716,0.1811,0.51256,0.005396,-0.26327,0.26172,0.1204,0.25594,0.25493,0.023065,-0.44117,0.093758,0.047364,0.36367,0.059939,-0.092712,0.0031627,0.26719,0.030316,0,0.19574,0,-0.083792,0.11392,-0.010268,0.082218,0.11397,0.0026124,-0.089707,-0.49758,0.0039886,0.096555,-0.47615,-0.0060618,-0.073657,-0.87061,0.083718,0.043918,-0.85147,0.083763
-0.0063605,0.81304,-0.039551,0.0029037,0.63393,0.005179,-0.18125,0.51753,0.033033,0.1798,0.51353,0.0046515,-0.27374,0.26065,0.11828,0.25598,0.25296,0.019561,-0.47759,0.11449,0.032543,0.36925,0.065024,-0.09808,0.002964,0.26707,0.028766,0,0.19526,0,-0.083689,0.11353,-0.010001,0.082437,0.11321,0.0029491,-0.09081,-0.50539,0.0070896,0.086264,-0.51684,0.02152,-0.085258,-0.89971,0.069033,0.043923,-0.90744,0.057981
-0.01185,0.8009,-0.048902,0.0001532,0.62735,0.0053688,-0.18539,0.50981,0.030408,0.17535,0.50851,0.0043711,-0.28664,0.25237,0.10805,0.25545,0.24353,0.016827,-0.48361,0.11744,0.012737,0.36686,0.066409,-0.11204,0.0020655,0.256,0.027544,0,0.18297,0,-0.083171,0.10101,-0.01071,0.082905,0.10235,0.0036957,-0.092473,-0.52815,0.021271,0.083925,-0.52668,0.038313,-0.10242,-0.94325,0.064826,0.046612,-0.95386,0.043613
-0.0084154,0.75592,-0.047018,-0.0057393,0.57784,-0.0098159,-0.18151,0.48035,0.021661,0.17616,0.47026,0.0069835,-0.29072,0.23396,0.097523,0.25974,0.22393,0.0084785,-0.48367,0.11054,-0.019724,0.37189,0.053166,-0.12889,0.00014366,0.21791,0.022626,0,0.1466,0,-0.080749,0.068947,-0.010504,0.082239,0.062534,0.0087764,-0.089087,-0.5603,0.023106,0.087646,-0.56671,0.042949,-0.098044,-0.94688,0.068418,0.051812,-0.95714,0.047644
-0.01032,0.71901,-0.050518,-0.010227,0.52951,-0.015238,-0.18677,0.42726,0.021537,0.17286,0.42238,0.0026863,-0.29308,0.18707,0.08084,0.24964,0.17206,-0.0066614,-0.48341,0.086063,-0.04724,0.36869,0.012118,-0.17465,-0.00044967,0.17177,0.018802,0,0.09949,0,-0.077938,0.01775,-0.0095657,0.081794,0.019274,0.010295,-0.096353,-0.55869,0.0041142,0.084014,-0.56314,0.033426,-0.10398,-0.95598,0.091412,0.044572,-0.94972,0.064241
-0.011549,0.65444,-0.057637,-0.012249,0.47785,-0.0099979,-0.19459,0.37635,0.030922,0.1643,0.37405,0.0012108,-0.29576,0.12355,0.067514,0.25156,0.12377,-0.01519,-0.4701,0.049636,-0.091532,0.35824,-0.013149,-0.19268,-0.00028927,0.12609,0.017552,0,0.056966,0,-0.078645,-0.028446,-0.0071344,0.083121,-0.01985,0.0064579,-0.095139,-0.57727,-0.023725,0.090353,-0.56079,0.0057562,-0.10007,-0.98787,0.11653,0.020265,-0.9585,0.085683
-0.013216,0.60247,-0.051085,-0.0069678,0.42393,-0.0056851,-0.18863,0.32971,0.031406,0.16926,0.31618,0.003611,-0.29244,0.085941,0.052544,0.25477,0.085238,-0.020892,-0.46023,0.001172,-0.10821,0.34423,-0.063828,-0.20987,0.00035438,0.082699,0.016756,0,0.014811,0,-0.080409,-0.064237,-0.0070692,0.083421,-0.067317,0.0042553,-0.10392,-0.5892,-0.047408,0.091401,-0.57193,-0.029618,-0.093287,-0.98603,0.093369,0.02464,-0.96291,0.081022
-0.011512,0.57149,-0.046929,-0.0067432,0.38392,0.0024051,-0.18722,0.28145,0.027436,0.17054,0.27855,0.0087472,-0.29378,0.048765,0.04207,0.25496,0.04634,-0.031956,-0.44923,-0.032501,-0.13335,0.34366,-0.11191,-0.22693,-9.2075e-05,0.040181,0.017648,0,-0.027799,0,-0.081316,-0.11295,-0.0079286,0.08391,-0.10371,0.0019009,-0.10615,-0.59424,-0.061161,0.095133,-0.58778,-0.070466,-0.091159,-0.98615,0.082607,0.02275,-0.97102,0.064016
-0.011191,0.52612,-0.044671,-0.0080407,0.3631,0.0090022,-0.18713,0.26364,0.028571,0.17328,0.26885,0.012436,-0.29152,0.027015,0.043442,0.25729,0.030703,-0.028326,-0.42908,-0.076401,-0.13543,0.33137,-0.13756,-0.22599,-0.00040947,0.02941,0.01864,0,-0.036523,0,-0.082033,-0.12087,-0.012391,0.084533,-0.11837,0.0061027,-0.10694,-0.60537,-0.072772,0.099001,-0.58358,-0.076121,-0.088652,-0.98724,0.076094,0.027048,-0.95915,0.043556
-0.0096189,0.54147,-0.040085,-0.0056341,0.36542,0.010631,-0.18642,0.26512,0.031597,0.17238,0.27024,0.01644,-0.28829,0.02673,0.045798,0.25869,0.02943,-0.024348,-0.41683,-0.093265,-0.12906,0.31148,-0.14828,-0.18819,-3.8349e-05,0.029445,0.019107,0,-0.03647,0,-0.082681,-0.12025,-0.013015,0.083573,-0.11776,0.0058146,-0.10621,-0.60511,-0.072808,0.099309,-0.5828,-0.076534,-0.087969,-0.98717,0.075814,0.028013,-0.95937,0.043543
-0.0068197,0.59254,-0.022665,-0.0058796,0.41392,0.023866,-0.17978,0.29788,0.04405,0.16943,0.2915,0.028371,-0.28015,0.03815,0.0638,0.25285,0.043648,-0.0017656,-0.40595,-0.10103,-0.10808,0.30086,-0.14279,-0.15636,4.9639e-06,0.048021,0.022337,0,-0.020763,0,-0.080386,-0.096302,-0.016452,0.082903,-0.097451,0.0011495,-0.11197,-0.5851,-0.054119,0.095284,-0.5805,-0.060523,-0.088093,-0.98128,0.079841,0.023055,-0.96213,0.056952
-0.0037819,0.63615,-0.020266,0.0023417,0.4701,0.032951,-0.18214,0.35952,0.050024,0.17544,0.35901,0.042246,-0.26101,0.080581,0.086466,0.24285,0.095502,0.023106,-0.38983,-0.091707,-0.067691,0.30199,-0.10497,-0.11281,0.00091569,0.11221,0.027188,0,0.04378,0,-0.082671,-0.035881,-0.018657,0.081786,-0.037736,0.0013169,-0.11286,-0.57568,-0.022379,0.090686,-0.56531,-0.027945,-0.085232,-0.98889,0.12328,0.035254,-0.95759,0.069842
-0.0013795,0.70199,-0.021033,0.0024806,0.52198,0.027331,-0.17467,0.40896,0.04091,0.1765,0.41404,0.033986,-0.25588,0.125,0.10579,0.24858,0.13726,0.035867,-0.36756,-0.057398,-0.013953,0.30146,-0.072229,-0.079374,0.00095278,0.1581,0.027904,0,0.08766,0,-0.080116,0.013662,-0.013245,0.079296,0.0062454,-0.0012147,-0.10572,-0.57119,0.0093029,0.090637,-0.57263,0.0071908,-0.09753,-0.95189,0.072731,0.036032,-0.95759,0.067505
-0.0028642,0.74314,-0.021462,0.0044999,0.57495,0.019351,-0.17224,0.45076,0.033741,0.17815,0.47025,0.037081,-0.25758,0.17176,0.10852,0.24667,0.1897,0.036009,-0.37909,-0.020801,0.022653,0.31097,-0.027179,-0.054343,0.00061241,0.20621,0.027208,0,0.13446,0,-0.081145,0.051174,-0.018335,0.079492,0.054989,0.0072979,-0.1053,-0.56842,0.015928,0.08795,-0.56055,0.015183,-0.10341,-0.94776,0.067089,0.057013,-0.93974,0.056352
-0.0054599,0.79844,-0.02179,0.0023444,0.60734,0.016578,-0.1767,0.49107,0.032811,0.17835,0.49149,0.028226,-0.26061,0.22375,0.12067,0.24719,0.21459,0.038401,-0.38863,0.0051287,0.029961,0.31973,0.00012747,-0.051457,0.00070614,0.24141,0.026976,0,0.17069,0,-0.082523,0.094711,-0.013571,0.081538,0.087795,0.0036159,-0.099368,-0.51649,0.011732,0.083536,-0.53964,0.010406,-0.10364,-0.87951,0.073794,0.052347,-0.93026,0.057817
-0.0043455,0.80775,-0.024783,-0.001366,0.6231,0.015102,-0.17555,0.50471,0.030285,0.17949,0.5122,0.026203,-0.26035,0.24199,0.12498,0.24731,0.24521,0.042632,-0.40921,0.06123,0.043372,0.33005,0.032808,-0.042532,0.00013023,0.25623,0.026887,0,0.18499,0,-0.081953,0.10495,-0.014726,0.082333,0.10446,0.0050087,-0.10604,-0.47333,0.0016235,0.089643,-0.46049,-0.01367,-0.085316,-0.83801,0.10082,0.049926,-0.83102,0.075587
-0.0035091,0.81354,-0.02937,-0.002522,0.63528,0.01099,-0.1824,0.52151,0.03159,0.18182,0.52544,0.022112,-0.26772,0.26103,0.12759,0.24943,0.25663,0.03949,-0.43051,0.098593,0.049074,0.33562,0.046199,-0.047452,0.00025345,0.27532,0.025751,0,0.20534,0,-0.08343,0.12112,-0.015026,0.08416,0.1204,0.0054467,-0.1069,-0.46675,-0.00021316,0.08879,-0.45378,-0.018,-0.085925,-0.83696,0.10094,0.041882,-0.81939,0.087912
-0.0029198,0.81494,-0.032095,-0.0040571,0.63924,0.011437,-0.18339,0.52369,0.032137,0.18009,0.53729,0.024421,-0.27143,0.26509,0.12832,0.25234,0.26949,0.039852,-0.44414,0.11489,0.046082,0.35962,0.073392,-0.071811,-7.806e-05,0.27932,0.025628,0,0.20927,0,-0.082644,0.12539,-0.015741,0.084117,0.12624,0.0062584,-0.10369,-0.47467,0.0052997,0.088942,-0.45804,-0.013767,-0.0871,-0.84267,0.097095,0.0435,-0.82396,0.085519
-0.0028595,0.81605,-0.032271,-0.0031846,0.64034,0.011758,-0.18342,0.52434,0.031708,0.18027,0.53785,0.024038,-0.27618,0.2697,0.12553,0.2533,0.27029,0.038638,-0.4552,0.12311,0.041238,0.36214,0.082156,-0.074077,-6.5017e-05,0.27922,0.025465,0,0.20903,0,-0.082727,0.12534,-0.015499,0.084145,0.12591,0.005945,-0.097157,-0.50403,0.022752,0.087078,-0.50522,0.017727,-0.086651,-0.87628,0.090546,0.044896,-0.8376,0.086092
-0.0058435,0.8138,-0.032063,-0.0068722,0.63734,0.013514,-0.18533,0.52135,0.031547,0.17791,0.53027,0.022619,-0.28183,0.26771,0.12378,0.25219,0.26432,0.034633,-0.48294,0.12709,0.01786,0.37075,0.078244,-0.10033,-0.00086489,0.27061,0.025991,0,0.19865,0,-0.08209,0.11625,-0.015046,0.084601,0.11696,0.0048315,-0.10086,-0.51273,0.02922,0.081554,-0.51415,0.022241,-0.10194,-0.9389,0.065028,0.049466,-0.92239,0.048701
-0.0082195,0.79072,-0.033558,-0.0026721,0.60862,0.01525,-0.18264,0.50535,0.036418,0.17848,0.48962,0.022726,-0.28738,0.25198,0.1154,0.25931,0.23774,0.026413,-0.4825,0.12016,0.0022435,0.36797,0.068451,-0.11589,0.00034436,0.24317,0.026352,0,0.17229,0,-0.080964,0.094049,-0.0121,0.08179,0.088129,0.0011154,-0.099123,-0.5353,0.030215,0.086563,-0.54253,0.029542,-0.096701,-0.93583,0.079921,0.051487,-0.94186,0.062719
0.00030095,0.7363,-0.037446,-0.0056624,0.55424,0.011795,-0.18057,0.44931,0.03064,0.17273,0.44921,0.016394,-0.29061,0.20056,0.09655,0.2594,0.20372,0.011281,-0.48293,0.08772,-0.043871,0.36597,0.034118,-0.15018,0.00011543,0.18957,0.02561,0,0.1184,0,-0.077208,0.035693,-0.01174,0.07932,0.043872,0.002515,-0.10221,-0.55887,0.016291,0.085812,-0.54509,0.023529,-0.08629,-0.96156,0.13373,0.05005,-0.94151,0.061295
0.0017374,0.67915,-0.032488,-0.006913,0.50676,0.018556,-0.18469,0.39791,0.037826,0.175,0.38636,0.014195,-0.29253,0.13848,0.088595,0.25469,0.14517,0.0044227,-0.47623,0.046576,-0.064664,0.35899,0.0018388,-0.16903,0.0005542,0.14629,0.027132,0,0.076397,0,-0.079988,-0.0038561,-0.011179,0.082798,-0.0073224,-0.00076405,-0.10123,-0.57231,-0.0032781,0.089811,-0.55742,0.0032518,-0.07779,-0.96761,0.13556,0.048111,-0.94701,0.081412
-0.0053167,0.62428,-0.023799,0.0012988,0.4433,0.014726,-0.18054,0.34864,0.049192,0.16833,0.32973,0.012716,-0.28701,0.098094,0.07789,0.25644,0.087927,-0.0097438,-0.4632,0.0066236,-0.076728,0.34319,-0.05685,-0.19207,0.0029172,0.088848,0.026562,0,0.020064,0,-0.080969,-0.058437,-0.0078576,0.080487,-0.058398,-0.0023982,-0.10717,-0.58549,-0.019634,0.093539,-0.57686,-0.025389,-0.078946,-0.97192,0.1323,0.045637,-0.94759,0.084206
-0.0055408,0.58018,-0.022667,0.0030413,0.39486,0.024366,-0.18039,0.29433,0.051025,0.16975,0.29159,0.01397,-0.28958,0.047698,0.067583,0.26122,0.057275,-0.01223,-0.44843,-0.038921,-0.10165,0.33507,-0.097109,-0.20059,0.0033734,0.053198,0.028911,0,-0.012199,0,-0.082441,-0.090825,-0.010238,0.081402,-0.090825,-0.0029929,-0.10856,-0.58865,-0.039094,0.091972,-0.57988,-0.047636,-0.080941,-0.96848,0.10935,0.039852,-0.95171,0.076443
-0.0064018,0.53011,-0.028247,0.0032335,0.36727,0.02511,-0.18056,0.26932,0.046526,0.1728,0.27439,0.018459,-0.25902,0.010207,0.10718,0.26186,0.036459,-0.014983,-0.42744,-0.068751,-0.10018,0.32559,-0.13908,-0.21097,0.0028483,0.028667,0.030249,0,-0.035724,0,-0.082902,-0.11763,-0.011975,0.081676,-0.11427,-0.0024255,-0.10991,-0.59166,-0.052309,0.097603,-0.58319,-0.070637,-0.079661,-0.9604,0.090942,0.054386,-0.94267,0.036745
-0.006749,0.53173,-0.025242,0.0031483,0.36656,0.026236,-0.18058,0.26706,0.047047,0.17264,0.27254,0.01898,-0.26893,0.012083,0.092392,0.26098,0.033107,-0.013675,-0.41427,-0.091455,-0.097425,0.3069,-0.14899,-0.18837,0.0029201,0.02667,0.031488,0,-0.037979,0,-0.082778,-0.1193,-0.012396,0.081576,-0.11625,-0.0025618,-0.11035,-0.59326,-0.052533,0.097191,-0.58318,-0.071101,-0.079281,-0.96039,0.090229,0.054242,-0.94198,0.036126
-0.0064019,0.58478,-0.015625,0.0030624,0.3944,0.029712,-0.17813,0.28779,0.049984,0.1724,0.28055,0.020588,-0.27034,0.022132,0.096451,0.25882,0.034116,-0.0082566,-0.40954,-0.10107,-0.094461,0.29832,-0.15511,-0.16183,0.003077,0.037153,0.033075,0,-0.029564,0,-0.081976,-0.1079,-0.013478,0.081158,-0.1083,-0.0023252,-0.11172,-0.59447,-0.046453,0.093679,-0.58238,-0.065344,-0.079482,-0.96854,0.097343,0.049402,-0.95391,0.055341
-0.0049216,0.62287,-0.015537,0.0052196,0.45355,0.029773,-0.17478,0.3487,0.055185,0.17131,0.34135,0.02254,-0.26333,0.074821,0.11369,0.25031,0.081661,0.017747,-0.39118,-0.098525,-0.051268,0.29836,-0.12061,-0.12972,0.0038296,0.093555,0.034435,0,0.025443,0,-0.081745,-0.051651,-0.013621,0.07985,-0.052866,-0.0018814,-0.10633,-0.58573,-0.012717,0.089848,-0.5722,-0.029324,-0.070874,-0.97481,0.11536,0.054796,-0.9522,0.068468
0.0018761,0.68124,-0.020045,0.0011405,0.50629,0.028177,-0.17398,0.39765,0.046174,0.17472,0.39766,0.021212,-0.25482,0.12647,0.12805,0.24687,0.11607,0.016886,-0.3675,-0.053551,0.0018853,0.30381,-0.09006,-0.10297,0.0025957,0.14021,0.035153,0,0.070002,0,-0.080314,-0.011115,-0.012678,0.079757,-0.0062481,-0.0022454,-0.10004,-0.57368,0.01751,0.086537,-0.56295,-0.004596,-0.072051,-0.94961,0.10792,0.0516,-0.95184,0.069368
0.006282,0.73544,-0.033339,0.0025712,0.55876,0.02188,-0.1775,0.44967,0.045085,0.17594,0.45476,0.022448,-0.25826,0.15672,0.13073,0.24866,0.17479,0.019995,-0.37333,-0.028416,0.019483,0.30651,-0.039399,-0.08215,0.0025969,0.19586,0.034263,0,0.12651,0,-0.082561,0.046178,-0.015675,0.081611,0.047152,0.0028138,-0.10345,-0.5649,0.025728,0.084604,-0.54919,0.0033998,-0.096552,-0.93166,0.10571,0.056782,-0.9395,0.054629
-0.0029961,0.76442,-0.033121,0.0010186,0.59359,0.017234,-0.17666,0.48875,0.036347,0.17435,0.48425,0.015824,-0.26558,0.20357,0.13477,0.25054,0.20682,0.022537,-0.39172,0.0035178,0.030496,0.31909,-0.0048026,-0.07823,0.00208,0.22733,0.033244,0,0.15691,0,-0.081732,0.078832,-0.010822,0.081506,0.078975,0.00024138,-0.10352,-0.54509,0.025328,0.087129,-0.53602,-0.0024158,-0.092328,-0.92039,0.10574,0.056621,-0.93117,0.048813
-0.0064171,0.79005,-0.03925,0.002026,0.61004,0.01751,-0.17771,0.49866,0.033848,0.17763,0.50035,0.0088455,-0.26369,0.23803,0.14169,0.25751,0.23142,0.023629,-0.40756,0.054446,0.050011,0.33325,0.02431,-0.081937,0.0026782,0.24899,0.032988,0,0.17964,0,-0.082759,0.09861,-0.01059,0.0819,0.097865,-0.0010337,-0.10218,-0.48188,0.0053123,0.092623,-0.47405,-0.017989,-0.070121,-0.86695,0.10946,0.040407,-0.85834,0.078447
-0.0039259,0.79794,-0.041094,-0.0012329,0.62442,0.0097906,-0.1798,0.51058,0.032614,0.17863,0.51124,0.0054097,-0.26669,0.24776,0.14206,0.25866,0.24791,0.022199,-0.42895,0.072704,0.055199,0.35963,0.05105,-0.081676,0.0022969,0.26147,0.030853,0,0.19125,0,-0.082552,0.10964,-0.0085262,0.082826,0.11073,-0.00033385,-0.10134,-0.48119,0.0044188,0.090727,-0.4663,-0.021764,-0.062917,-0.86377,0.10936,0.038884,-0.85428,0.078558
-0.0036373,0.80295,-0.044061,-0.0027827,0.62874,0.006491,-0.18065,0.51757,0.032583,0.17887,0.52134,0.0051819,-0.27134,0.25369,0.14271,0.25873,0.25935,0.019359,-0.44599,0.099511,0.055559,0.36452,0.059871,-0.090247,0.0019828,0.26551,0.029115,0,0.19485,0,-0.08239,0.11254,-0.0082683,0.083222,0.11503,0.00062973,-0.095018,-0.50625,0.014725,0.08636,-0.47915,-0.014172,-0.073792,-0.88288,0.089435,0.038607,-0.8504,0.077338
-0.0038258,0.80304,-0.04456,-0.0024227,0.62955,0.0061338,-0.18128,0.51848,0.032491,0.1791,0.52193,0.0047741,-0.28106,0.25717,0.14155,0.26098,0.25874,0.015658,-0.46553,0.11725,0.057191,0.37505,0.069911,-0.10164,0.0019504,0.26592,0.027919,0,0.19508,0,-0.082463,0.11268,-0.0081311,0.083224,0.11513,0.00058496,-0.09455,-0.50857,0.016225,0.089024,-0.51715,0.007478,-0.075173,-0.89804,0.079526,0.040288,-0.84985,0.070675
-0.0066296,0.80224,-0.045929,-0.0013523,0.62386,0.0034835,-0.18322,0.51707,0.033376,0.17906,0.51971,0.002771,-0.28362,0.25697,0.1402,0.26107,0.25454,0.0094246,-0.47439,0.12194,0.050367,0.37624,0.072598,-0.1078,0.0021565,0.264,0.026293,0,0.19331,0,-0.082792,0.11035,-0.0073057,0.083669,0.11231,0.00014016,-0.094414,-0.52105,0.020634,0.090302,-0.52003,0.0112,-0.08251,-0.92147,0.066592,0.058461,-0.94162,0.033697
-0.009874,0.76851,-0.051314,-0.0015746,0.59329,-0.0042339,-0.1816,0.49946,0.035453,0.17756,0.48943,-0.004378,-0.28987,0.2411,0.1331,0.26452,0.24295,0.0060248,-0.48839,0.11996,0.026277,0.38826,0.057929,-0.1523,0.0026167,0.23388,0.022784,0,0.16248,0,-0.080737,0.082801,-0.0034679,0.081382,0.082199,-0.00015962,-0.095352,-0.54486,0.022636,0.095849,-0.54887,0.018509,-0.074327,-0.9286,0.07022,0.061374,-0.96326,0.049758
-0.0071848,0.7138,-0.057393,-0.0050675,0.5348,0.0020245,-0.18799,0.43904,0.036442,0.17657,0.43205,-0.0039341,-0.28033,0.20594,0.12474,0.27072,0.19851,-0.0047868,-0.48799,0.099228,-0.0093,0.38086,0.04514,-0.16463,0.0019027,0.18374,0.022624,0,0.11525,0,-0.079686,0.030317,-0.0076454,0.081671,0.035332,0.0017899,-0.097565,-0.54927,0.01511,0.096364,-0.54987,0.012145,-0.071106,-0.94537,0.10606,0.064666,-0.95093,0.046871
-0.0090972,0.66336,-0.053056,-0.0092419,0.50413,0.012157,-0.18535,0.40139,0.041221,0.17739,0.38316,-0.0044003,-0.28322,0.14507,0.11224,0.25942,0.13806,-0.016343,-0.46749,0.067218,-0.038323,0.36418,0.0016916,-0.19559,0.0014924,0.14715,0.024365,0,0.076509,0,-0.080176,-0.0034346,-0.0077057,0.084051,-0.0055736,-0.0023048,-0.098013,-0.55938,-0.0022571,0.09804,-0.55215,-0.0096348,-0.070409,-0.94771,0.10966,0.070028,-0.94875,0.053572
-0.017202,0.61076,-0.044947,-0.0014455,0.43476,0.011603,-0.18564,0.33985,0.049515,0.16656,0.32833,-0.0082586,-0.28741,0.097866,0.087235,0.23305,0.057272,-0.034018,-0.46513,0.022367,-0.072918,0.36036,-0.042851,-0.223,0.0037564,0.084491,0.023952,0,0.016155,0,-0.079832,-0.064531,-0.0053571,0.080379,-0.06147,-0.0039244,-0.11334,-0.58447,-0.037448,0.10086,-0.56658,-0.049248,-0.069571,-0.96449,0.11616,0.068688,-0.94803,0.052296
-0.015632,0.56872,-0.047147,-0.0094174,0.38649,0.014173,-0.18853,0.28343,0.044603,0.16644,0.2802,-0.0054515,-0.28384,0.049827,0.082833,0.23414,0.037075,-0.049291,-0.44597,-0.02577,-0.088877,0.33451,-0.099923,-0.23066,0.0020369,0.043162,0.024629,0,-0.023707,0,-0.079463,-0.10605,-0.0052238,0.082825,-0.10165,-0.0049551,-0.11437,-0.59059,-0.049428,0.1003,-0.57433,-0.06775,-0.071563,-0.97509,0.10236,0.065393,-0.95259,0.049348
-0.016131,0.52092,-0.034085,-0.0056189,0.36535,0.020399,-0.1879,0.26395,0.047384,0.16984,0.2702,0.0018756,-0.28404,0.026414,0.084094,0.23723,0.018465,-0.052943,-0.43301,-0.059413,-0.095096,0.31199,-0.14165,-0.22705,0.0023218,0.027392,0.026332,0,-0.03802,0,-0.08137,-0.1232,-0.0085914,0.083344,-0.11543,-0.0046544,-0.11425,-0.61415,-0.060039,0.099758,-0.5807,-0.075959,-0.052567,-0.98207,0.094336,0.063247,-0.95508,0.048291
-0.016107,0.53344,-0.031471,-0.004567,0.36536,0.023214,-0.18631,0.26354,0.049159,0.16993,0.26882,0.005251,-0.28166,0.023792,0.087889,0.23307,0.013428,-0.050803,-0.41586,-0.086501,-0.089411,0.30862,-0.14993,-0.2212,0.0027303,0.026197,0.028029,0,-0.039402,0,-0.081296,-0.12348,-0.0090547,0.082648,-0.11685,-0.0055274,-0.11247,-0.6102,-0.059111,0.098677,-0.58183,-0.075776,-0.03977,-0.97601,0.082217,0.062994,-0.95651,0.049578
-0.010652,0.57957,-0.010008,-0.00022055,0.39565,0.028236,-0.18303,0.2842,0.055217,0.17142,0.28699,0.014675,-0.27327,0.033639,0.10095,0.25566,0.049206,-0.016196,-0.40101,-0.093023,-0.06952,0.29015,-0.14452,-0.17992,0.0030897,0.042256,0.030036,0,-0.024412,0,-0.08231,-0.1023,-0.011153,0.082316,-0.10363,-0.0052247,-0.10892,-0.59817,-0.04232,0.093131,-0.58494,-0.064402,-0.042062,-0.97565,0.087548,0.062315,-0.96535,0.061445
-0.0031498,0.6365,-0.0070594,0.0069638,0.46208,0.033568,-0.17343,0.35043,0.064324,0.17169,0.34865,0.018681,-0.25668,0.078658,0.12504,0.25757,0.097545,0.014578,-0.37454,-0.093563,-0.024789,0.29264,-0.10891,-0.12389,0.0050892,0.09819,0.032791,0,0.029334,0,-0.081347,-0.046843,-0.01213,0.07886,-0.049078,-0.0044841,-0.098864,-0.57438,-0.0070079,0.098525,-0.57637,-0.027139,-0.044619,-0.95797,0.12576,0.074004,-0.96374,0.069342
-0.0026979,0.69194,-0.013927,0.0013746,0.52113,0.035254,-0.17114,0.41053,0.056048,0.17172,0.41113,0.022528,-0.25098,0.12777,0.13146,0.25525,0.12868,0.014249,-0.35611,-0.060927,0.01552,0.29761,-0.078867,-0.10969,0.0033338,0.15137,0.034932,0,0.081596,0,-0.078683,0.0039497,-0.010171,0.078203,0.0058118,-0.0066526,-0.10048,-0.57259,0.01282,0.097994,-0.56135,-0.012011,-0.052735,-0.95189,0.12355,0.08088,-0.94584,0.062821
6.5115e-05,0.74868,-0.013592,0.004458,0.57746,0.023755,-0.17256,0.45222,0.04831,0.17983,0.46466,0.015201,-0.25099,0.15744,0.13091,0.25532,0.19863,0.01429,-0.35868,-0.037744,0.031287,0.30673,-0.016436,-0.089814,0.0038668,0.2028,0.033562,0,0.13108,0,-0.078429,0.049078,-0.011718,0.076959,0.052948,-0.0015223,-0.098125,-0.54987,0.021286,0.10268,-0.55624,-0.0096183,-0.070084,-0.93043,0.092022,0.092249,-0.94579,0.042915
-0.00022065,0.78507,-0.017822,0.011048,0.60653,0.023005,-0.17029,0.50156,0.046221,0.17928,0.49955,0.016213,-0.25248,0.21329,0.13639,0.25439,0.21888,0.012502,-0.3624,0.0010577,0.0491,0.31995,0.0073363,-0.090852,0.0047042,0.23703,0.033799,0,0.1666,0,-0.082674,0.090978,-0.011761,0.078198,0.087662,-0.00098791,-0.097763,-0.54,0.021914,0.097929,-0.5172,-0.0095657,-0.073248,-0.91262,0.077758,0.092762,-0.93662,0.039102
0.00099667,0.79519,-0.015849,0.0085628,0.62249,0.023402,-0.17064,0.50909,0.046083,0.17707,0.51227,0.01286,-0.25359,0.24385,0.14148,0.25823,0.24562,0.016213,-0.38264,0.048037,0.081283,0.33656,0.041479,-0.093798,0.0046354,0.25253,0.034189,0,0.18187,0,-0.08206,0.10376,-0.011432,0.078798,0.10385,-0.0015427,-0.094482,-0.51784,0.020246,0.093761,-0.47784,-0.022739,-0.06923,-0.87614,0.085829,0.078616,-0.8613,0.045402
-0.00026328,0.82204,-0.02199,0.0061843,0.64402,0.022254,-0.17639,0.52027,0.048764,0.17601,0.52863,0.0106,-0.25704,0.25864,0.14381,0.26222,0.25778,0.012582,-0.40311,0.075271,0.083162,0.354,0.059092,-0.097001,0.0047032,0.27313,0.034163,0,0.2022,0,-0.082325,0.1213,-0.0098577,0.080148,0.12209,-0.0031253,-0.10189,-0.47094,0.0028323,0.09013,-0.47096,-0.025664,-0.067433,-0.85587,0.092738,0.062647,-0.84472,0.064791
-0.00070555,0.82451,-0.024232,0.0042715,0.64936,0.02166,-0.17845,0.52991,0.049869,0.17624,0.53565,0.01378,-0.25791,0.26628,0.14858,0.26742,0.27047,0.013466,-0.4258,0.1063,0.064945,0.35895,0.073491,-0.099806,0.0041874,0.27759,0.034226,0,0.20643,0,-0.08177,0.12513,-0.009849,0.079983,0.12699,-0.0028859,-0.13574,-0.44104,0.024807,0.08376,-0.48508,-0.017622,-0.065761,-0.85438,0.089315,0.029192,-0.8865,0.038605
-0.0021122,0.82344,-0.024129,0.004606,0.64971,0.021868,-0.17986,0.53136,0.050677,0.1761,0.53685,0.01481,-0.26695,0.27427,0.14665,0.26768,0.27521,0.011902,-0.45637,0.11791,0.059378,0.36334,0.086125,-0.11215,0.0042536,0.27759,0.034384,0,0.20638,0,-0.081851,0.1252,-0.0096776,0.079788,0.12673,-0.0031146,-0.13455,-0.44293,0.025986,0.075091,-0.50626,0.0051732,-0.078338,-0.90439,0.054519,0.024348,-0.93687,0.038496
-0.0040979,0.81571,-0.026056,0.0012886,0.64272,0.023341,-0.18039,0.52815,0.05415,0.17635,0.53052,0.013606,-0.26837,0.27068,0.14583,0.2704,0.27064,0.0085097,-0.45481,0.1248,0.047651,0.37352,0.082391,-0.13984,0.0042026,0.27313,0.034773,0,0.20248,0,-0.081356,0.12148,-0.009335,0.080105,0.12277,-0.0038699,-0.13263,-0.44798,0.027594,0.076433,-0.51032,0.0045979,-0.07792,-0.91263,0.051298,0.025918,-0.9333,0.038178
-0.0039993,0.78994,-0.019538,0.0021754,0.61788,0.030742,-0.17719,0.50192,0.059725,0.17862,0.49753,0.018887,-0.27749,0.24418,0.13482,0.27502,0.26117,0.0013295,-0.47196,0.11533,0.0090839,0.37351,0.079379,-0.14119,0.004331,0.2415,0.037098,0,0.17009,0,-0.081007,0.085489,-0.0091715,0.080578,0.095623,-0.0065261,-0.12772,-0.45111,0.027046,0.081644,-0.53751,0.0029637,-0.081014,-0.91428,0.069758,0.032904,-0.93286,0.039613
-0.01345,0.73365,-0.014204,0.0031057,0.55716,0.029854,-0.17902,0.46217,0.063927,0.17819,0.4466,0.022156,-0.27323,0.22355,0.12544,0.27066,0.21132,-0.011105,-0.46421,0.095292,-0.014524,0.35579,0.039003,-0.17621,0.0043225,0.20132,0.037753,0,0.13625,0,-0.078698,0.053649,-0.0086304,0.07711,0.057402,-0.0072298,-0.10244,-0.55134,0.00019661,0.081977,-0.55109,-0.014722,-0.078441,-0.95293,0.095594,0.028958,-0.95726,0.069146
-0.012554,0.68902,-0.0026669,-0.0010225,0.51413,0.029046,-0.18383,0.39735,0.075413,0.17292,0.39714,0.023839,-0.26397,0.1526,0.11631,0.25872,0.14655,-0.012998,-0.45262,0.053033,-0.040622,0.35252,0.0012579,-0.19123,0.0049316,0.14823,0.037953,0,0.079646,0,-0.07997,-0.0018902,-0.0060667,0.080501,0.001362,-0.0094061,-0.10278,-0.56082,-0.0058798,0.087417,-0.56902,-0.033707,-0.080144,-0.96214,0.11868,0.034947,-0.96385,0.082604
-0.012008,0.63572,-0.017718,0.0011779,0.45854,0.033676,-0.17978,0.3427,0.075618,0.17175,0.3341,0.016272,-0.2688,0.099199,0.099273,0.2581,0.1002,-0.015641,-0.43716,0.0085977,-0.065308,0.33103,-0.052408,-0.19772,0.0062831,0.096411,0.039604,0,0.028776,0,-0.081021,-0.051276,-0.0044188,0.08059,-0.048712,-0.012677,-0.10617,-0.57767,-0.024692,0.091398,-0.57033,-0.051316,-0.080184,-0.97296,0.12077,0.049153,-0.95126,0.072457
-0.0098836,0.58547,-0.008134,0.0091677,0.40604,0.031447,-0.18379,0.29369,0.081506,0.17496,0.29553,0.01649,-0.27214,0.048394,0.095095,0.26091,0.051972,-0.016267,-0.4245,-0.038718,-0.084272,0.3276,-0.10915,-0.21399,0.0081089,0.056006,0.039888,0,-0.008676,0,-0.08453,-0.09289,-0.0031448,0.080541,-0.088275,-0.013487,-0.10873,-0.58979,-0.045552,0.0936,-0.58032,-0.072407,-0.070051,-0.96562,0.087492,0.044382,-0.95584,0.069003
-0.013113,0.54665,-0.0048568,0.012018,0.38245,0.03323,-0.17868,0.27505,0.075907,0.17795,0.27358,0.023031,-0.27486,0.031784,0.097034,0.26417,0.034558,-0.019715,-0.41283,-0.069834,-0.082726,0.31974,-0.13299,-0.21412,0.007612,0.03052,0.041117,0,-0.034812,0,-0.084997,-0.11446,-0.0050583,0.080321,-0.11199,-0.012558,-0.10865,-0.59547,-0.051789,0.091606,-0.58088,-0.078752,-0.0714,-0.96381,0.081718,0.039923,-0.95677,0.060426
-0.013526,0.54903,-0.0071655,0.011876,0.38219,0.033654,-0.17806,0.27368,0.075833,0.17726,0.27335,0.02463,-0.27437,0.027884,0.10042,0.26481,0.030413,-0.019295,-0.39939,-0.093969,-0.075929,0.30878,-0.14478,-0.19404,0.0075601,0.029962,0.041982,0,-0.035277,0,-0.084742,-0.11496,-0.005396,0.080189,-0.11239,-0.012431,-0.10798,-0.59518,-0.051324,0.087916,-0.58116,-0.080389,-0.071478,-0.965,0.082082,0.039067,-0.95838,0.061483
-0.0067603,0.58712,-0.0070847,0.011477,0.40632,0.030455,-0.17708,0.29874,0.078616,0.17105,0.30444,0.0234,-0.26575,0.035824,0.11176,0.26215,0.039929,-0.011043,-0.39429,-0.098512,-0.055739,0.31131,-0.14485,-0.1901,0.0082173,0.049556,0.041814,0,-0.016627,0,-0.082884,-0.094751,-0.0066623,0.07839,-0.093161,-0.010065,-0.10115,-0.59412,-0.035772,0.085824,-0.57897,-0.064502,-0.071747,-0.96663,0.10139,0.041741,-0.95842,0.068395
0.0025756,0.64112,-0.026781,0.0077502,0.47107,0.022978,-0.17508,0.36133,0.070461,0.18125,0.36068,0.021456,-0.25621,0.086092,0.10649,0.25396,0.09633,-0.00043799,-0.38397,-0.092244,-0.031643,0.31662,-0.10996,-0.15269,0.0066627,0.11237,0.040288,0,0.0447,0,-0.082659,-0.034471,-0.0060083,0.079754,-0.03589,-0.0074585,-0.10055,-0.57389,0.0046038,0.083294,-0.57343,-0.040384,-0.064694,-0.96285,0.10734,0.048023,-0.95816,0.075308
-0.001893,0.70176,-0.020081,0.02205,0.52624,0.020443,-0.16556,0.41153,0.05733,0.17913,0.41576,0.014963,-0.25707,0.11628,0.11397,0.25471,0.13086,-0.00089447,-0.38907,-0.061133,0.0099424,0.31811,-0.065353,-0.13499,0.0081921,0.15154,0.039419,0,0.079512,0,-0.082134,0.0018679,-0.0051089,0.074541,0.0071449,-0.0065407,-0.10199,-0.57024,0.013566,0.087644,-0.5645,-0.0051225,-0.072004,-0.96157,0.11494,0.053628,-0.95361,0.071762
0.0054947,0.74905,-0.032381,0.0088128,0.57376,0.018739,-0.16614,0.46706,0.055112,0.18652,0.47118,0.021241,-0.24987,0.18778,0.12943,0.25887,0.1951,0.00057133,-0.38409,-0.011976,0.042625,0.32183,-0.010909,-0.12258,0.0051499,0.21455,0.038458,0,0.14618,0,-0.080769,0.070011,-0.0067149,0.077507,0.06409,-0.0050213,-0.10133,-0.55597,0.015788,0.091046,-0.55708,-0.0050457,-0.074502,-0.91411,0.093419,0.073937,-0.9393,0.062069
0.002883,0.77662,-0.035354,0.0090265,0.59632,0.015899,-0.16809,0.48817,0.055491,0.18416,0.48696,0.020242,-0.25361,0.20474,0.13358,0.25739,0.21859,-0.0014736,-0.40883,0.033571,0.05883,0.33716,0.0044616,-0.12126,0.0052011,0.23428,0.037096,0,0.16499,0,-0.081451,0.084882,-0.0052228,0.078343,0.087637,-0.0057941,-0.10563,-0.52883,0.014239,0.077769,-0.49476,-0.016352,-0.071786,-0.90386,0.096517,0.056164,-0.88241,0.083269
0.0044853,0.78002,-0.036602,0.010957,0.61404,0.014452,-0.1634,0.51182,0.046304,0.1852,0.50945,0.018007,-0.25889,0.25305,0.14135,0.26469,0.23714,-0.004779,-0.41183,0.069197,0.055275,0.35675,0.040938,-0.12769,0.00474,0.25172,0.035922,0,0.18212,0,-0.081599,0.10507,-0.0060647,0.077585,0.10405,-0.0039526,-0.10591,-0.47334,-0.0022376,0.08009,-0.46772,-0.029831,-0.04126,-0.86342,0.10508,0.037896,-0.85978,0.099949
0.0093678,0.79348,-0.038767,0.010847,0.62444,0.012686,-0.16445,0.52239,0.047074,0.18747,0.51316,0.017019,-0.25793,0.25942,0.13865,0.26962,0.2469,-0.0061114,-0.4299,0.10816,0.056629,0.37246,0.055283,-0.13364,0.004747,0.26115,0.034577,0,0.19111,0,-0.08213,0.11288,-0.0050349,0.078449,0.11054,-0.0044227,-0.10177,-0.47772,0.0018503,0.077036,-0.47312,-0.025239,-0.046024,-0.85722,0.10498,0.039556,-0.85904,0.10015
0.0093093,0.7943,-0.039982,0.010782,0.62702,0.012465,-0.16645,0.52478,0.047373,0.18799,0.51753,0.015926,-0.26169,0.26748,0.1382,0.27227,0.25265,-0.0088036,-0.44005,0.12094,0.056811,0.37927,0.063138,-0.13753,0.0047815,0.26326,0.033549,0,0.19303,0,-0.082339,0.11449,-0.0049911,0.078529,0.11154,-0.0043527,-0.095757,-0.51779,0.02578,0.062454,-0.52156,0.011042,-0.06079,-0.89619,0.075072,0.02255,-0.92142,0.072096
0.0084704,0.79471,-0.040948,0.010365,0.6271,0.013528,-0.16736,0.5249,0.048573,0.18738,0.51794,0.016825,-0.26463,0.26889,0.13835,0.27099,0.25357,-0.0086362,-0.45052,0.12977,0.049745,0.38011,0.068623,-0.14325,0.0046407,0.26309,0.033014,0,0.19279,0,-0.0822,0.11424,-0.0053046,0.0786,0.11114,-0.0046495,-0.09646,-0.51811,0.026807,0.062207,-0.52206,0.012389,-0.057287,-0.90965,0.070266,0.019011,-0.91989,0.045545
0.0033287,0.78756,-0.047045,0.010005,0.61998,0.015473,-0.16865,0.51881,0.049576,0.18592,0.50963,0.015748,-0.26849,0.26478,0.13588,0.26977,0.25137,-0.013165,-0.45792,0.1336,0.028556,0.37741,0.070344,-0.14649,0.0047125,0.25287,0.03282,0,0.18201,0,-0.080772,0.10467,-0.0052423,0.077105,0.099604,-0.0052559,-0.090472,-0.52717,0.036651,0.06363,-0.53364,0.015645,-0.066827,-0.93312,0.087454,0.025283,-0.93298,0.030259
0.0048211,0.76379,-0.05024,0.010872,0.56714,0.0084503,-0.17492,0.48258,0.052009,0.1835,0.47074,0.011284,-0.2758,0.22636,0.12542,0.26432,0.22351,-0.017978,-0.46174,0.12166,0.0043059,0.3685,0.036316,-0.1941,0.0053335,0.21622,0.030518,0,0.14855,0,-0.078614,0.065672,-0.0030601,0.07485,0.068481,-0.005326,-0.097827,-0.56617,0.037395,0.062012,-0.56037,0.014727,-0.072883,-0.97066,0.11799,0.025842,-0.9439,0.047795
0.0022054,0.6998,-0.051381,0.011796,0.5274,0.0053853,-0.17672,0.42487,0.056486,0.18236,0.41698,0.0088192,-0.2717,0.19675,0.11536,0.26318,0.16584,-0.034034,-0.45221,0.087212,-0.041022,0.36593,0.018038,-0.20453,0.0058957,0.16357,0.028429,0,0.093301,0,-0.081128,0.0099776,0.00085554,0.076804,0.014986,-0.0077018,-0.10188,-0.57976,0.025399,0.066477,-0.5715,-0.0077485,-0.068824,-0.97842,0.11648,0.020286,-0.96835,0.079903
0.004128,0.64869,-0.053042,0.011392,0.47065,0.010542,-0.17192,0.3748,0.060277,0.18344,0.36515,0.011193,-0.26529,0.12695,0.094325,0.27286,0.11576,-0.030579,-0.4376,0.038916,-0.05925,0.35503,-0.036263,-0.20892,0.0058283,0.12205,0.028464,0,0.055008,0,-0.082152,-0.02332,0.0020751,0.077857,-0.026348,-0.011067,-0.10731,-0.58137,-0.0049289,0.079222,-0.57589,-0.03593,-0.063879,-0.98045,0.11901,0.025851,-0.96971,0.083212
-0.0022235,0.60077,-0.037553,0.010107,0.43793,0.015083,-0.16978,0.33285,0.061965,0.17941,0.31701,0.0090946,-0.26503,0.077213,0.086707,0.24384,0.064517,-0.042476,-0.42431,-0.010294,-0.08175,0.34062,-0.087601,-0.22441,0.0059677,0.081659,0.029151,0,0.012222,0,-0.081478,-0.068901,0.00012361,0.077556,-0.0618,-0.011083,-0.10779,-0.59406,-0.020808,0.080297,-0.58079,-0.070441,-0.066637,-0.98096,0.11589,0.024279,-0.97002,0.080605
-0.0047576,0.56078,-0.04236,0.011156,0.38577,0.018557,-0.17609,0.28329,0.066327,0.18494,0.29605,0.019004,-0.26492,0.0488,0.090515,0.23498,0.032578,-0.036553,-0.41226,-0.040147,-0.088506,0.35056,-0.13754,-0.24418,0.0056789,0.05218,0.029637,0,-0.011703,0,-0.084762,-0.096766,-0.0032674,0.079923,-0.093842,-0.010053,-0.10668,-0.59916,-0.03461,0.081305,-0.58289,-0.074805,-0.075748,-0.93391,0.069479,0.024099,-0.97498,0.080755
-0.0058226,0.55859,-0.042054,0.011197,0.38588,0.020306,-0.17589,0.28338,0.068184,0.18431,0.29322,0.020873,-0.26436,0.043527,0.094133,0.23498,0.033177,-0.034505,-0.39865,-0.06906,-0.081531,0.33058,-0.14159,-0.2092,0.0057486,0.049182,0.030665,0,-0.016025,0,-0.084563,-0.09956,-0.0036528,0.079935,-0.096181,-0.0096154,-0.104,-0.60027,-0.033418,0.080791,-0.58323,-0.073257,-0.059404,-0.99184,0.10302,0.026328,-0.97312,0.074222
-0.0074707,0.59244,-0.035979,0.015863,0.43301,0.026829,-0.17443,0.30619,0.074159,0.17865,0.30779,0.024459,-0.2616,0.048046,0.10178,0.26229,0.059335,-0.0081087,-0.38719,-0.085618,-0.064606,0.3266,-0.12896,-0.1618,0.0065832,0.061265,0.031924,0,-0.0067917,0,-0.083511,-0.086144,-0.0047741,0.078749,-0.083437,-0.011579,-0.10052,-0.59753,-0.023847,0.069974,-0.59101,-0.053068,-0.059362,-0.99394,0.11662,0.027021,-0.97512,0.08272
-0.0059617,0.64213,-0.035034,0.015089,0.46861,0.030003,-0.17195,0.36912,0.074748,0.18484,0.36945,0.035322,-0.24812,0.083678,0.11588,0.26052,0.088357,0.0037083,-0.36587,-0.089884,-0.011953,0.33126,-0.11676,-0.14436,0.0060131,0.1166,0.0342,0,0.049088,0,-0.083575,-0.032372,-0.0024352,0.077976,-0.029457,-0.013521,-0.093513,-0.59985,0.032402,0.072621,-0.57837,-0.018818,-0.059662,-0.99212,0.1248,0.027071,-0.97361,0.090953
-0.0048344,0.69982,-0.028471,0.020085,0.52594,0.026133,-0.16571,0.42074,0.065923,0.18157,0.42193,0.027879,-0.2441,0.14161,0.1339,0.256,0.13752,0.010854,-0.35399,-0.053884,0.037864,0.33136,-0.061585,-0.11108,0.006873,0.15669,0.034408,0,0.086162,0,-0.081552,0.0063281,-0.002336,0.074548,0.013887,-0.011876,-0.096541,-0.59047,0.038527,0.076997,-0.5754,-0.00013237,-0.061375,-0.98165,0.13169,0.031808,-0.96417,0.088443
-0.00065718,0.73886,-0.033617,0.0082066,0.57001,0.023785,-0.16923,0.45266,0.06602,0.18484,0.47206,0.03507,-0.2415,0.18001,0.14104,0.25949,0.19627,0.01142,-0.35576,-0.021349,0.05031,0.33904,-0.011993,-0.088148,0.0043629,0.21543,0.034392,0,0.14777,0,-0.080214,0.068086,-0.0050661,0.077264,0.068322,-0.0086907,-0.09798,-0.54969,0.036641,0.086046,-0.54962,0.0069631,-0.074769,-0.91054,0.11895,0.062909,-0.91726,0.064111
-0.0037503,0.76913,-0.038832,0.0070544,0.58972,0.022886,-0.17241,0.48466,0.066247,0.18093,0.48872,0.031264,-0.24412,0.21283,0.14828,0.25739,0.21242,0.014086,-0.37428,0.02012,0.079376,0.3515,0.0059822,-0.090967,0.0044978,0.22952,0.034519,0,0.16103,0,-0.080835,0.081372,-0.0042758,0.078561,0.082572,-0.0092825,-0.1008,-0.54422,0.034389,0.083073,-0.54156,0.002372,-0.068405,-0.90194,0.11156,0.059001,-0.92494,0.07529
-0.0041151,0.77386,-0.03864,0.0045877,0.60146,0.019315,-0.17059,0.50753,0.062824,0.18241,0.50799,0.02832,-0.24422,0.24835,0.15202,0.2634,0.23021,0.014591,-0.37672,0.056936,0.084083,0.36514,0.034021,-0.094261,0.0039042,0.24998,0.033642,0,0.18321,0,-0.080775,0.10357,-0.0027097,0.079383,0.10407,-0.0090304,-0.1025,-0.48905,0.0020683,0.087672,-0.47751,-0.029229,-0.057154,-0.86471,0.11347,0.037311,-0.87261,0.10521
-0.0025788,0.79609,-0.039011,0.0030926,0.6183,0.019086,-0.17146,0.50918,0.061764,0.18289,0.512,0.026128,-0.24651,0.25464,0.15225,0.26877,0.24333,0.01195,-0.4107,0.094484,0.071414,0.37554,0.048017,-0.10876,0.0038813,0.25524,0.033553,0,0.1866,0,-0.081028,0.10618,-0.0027019,0.079807,0.10704,-0.0090674,-0.098114,-0.49797,0.0029316,0.087396,-0.47863,-0.028789,-0.058224,-0.86404,0.11031,0.04415,-0.86259,0.097067
-0.0028696,0.79587,-0.038571,0.0021241,0.62177,0.017116,-0.16942,0.51501,0.055743,0.1831,0.51723,0.023858,-0.24989,0.25679,0.1515,0.27113,0.25655,0.0053824,-0.43845,0.1126,0.069429,0.38444,0.05749,-0.11383,0.0034333,0.25697,0.032985,0,0.18759,0,-0.080853,0.1083,-0.0027817,0.079919,0.10775,-0.0088367,-0.096405,-0.49931,0.0030465,0.088338,-0.52239,-0.0045444,-0.060101,-0.89093,0.071316,0.054922,-0.91626,0.050695
-0.0046918,0.79006,-0.037734,0.00064696,0.61912,0.018176,-0.17231,0.51362,0.057336,0.18103,0.51715,0.025854,-0.25854,0.25599,0.14745,0.26913,0.25753,0.0057815,-0.44641,0.1217,0.063275,0.38242,0.063651,-0.12929,0.0029992,0.25516,0.033113,0,0.1857,0,-0.080687,0.10633,-0.0027973,0.080682,0.10527,-0.0094421,-0.089649,-0.52816,0.011886,0.089584,-0.52901,0.0096504,-0.065868,-0.91513,0.049084,0.056486,-0.92889,0.047212
-0.0065444,0.77803,-0.038133,-0.0033805,0.59739,0.011173,-0.182,0.49612,0.066321,0.17724,0.49662,0.021667,-0.2653,0.25068,0.14469,0.2732,0.23939,-0.0073475,-0.45906,0.12473,0.040075,0.3792,0.052446,-0.15691,0.0034789,0.24053,0.03121,0,0.17104,0,-0.079369,0.088804,-0.0033949,0.080697,0.09022,-0.0073553,-0.092247,-0.54571,0.012476,0.090638,-0.54403,0.014874,-0.066568,-0.94637,0.055699,0.056008,-0.9573,0.03575
-0.011152,0.73714,-0.032442,-0.0010971,0.54841,0.010983,-0.18318,0.4508,0.061721,0.17489,0.44849,0.017026,-0.27387,0.21732,0.12958,0.26608,0.20431,-0.011076,-0.46226,0.11502,0.010529,0.36955,0.030647,-0.1804,0.0036604,0.18922,0.030066,0,0.11944,0,-0.077936,0.037459,-0.0051878,0.078348,0.040574,-0.0037988,-0.096846,-0.55801,0.0086294,0.088769,-0.57894,0.010158,-0.062172,-0.96652,0.097165,0.057311,-0.96291,0.039376
-0.0096133,0.68786,-0.030448,0.0062801,0.50665,0.01716,-0.18697,0.39928,0.064601,0.1772,0.39609,0.0083715,-0.27347,0.15197,0.1063,0.26705,0.15217,-0.028176,-0.46367,0.078887,-0.031926,0.35505,-0.013548,-0.21063,0.0056259,0.15438,0.030728,0,0.086399,0,-0.082123,0.0029024,-0.0030289,0.080069,0.0037723,-0.008571,-0.096964,-0.55808,-0.0060219,0.096401,-0.56143,-0.023039,-0.062235,-0.96761,0.098654,0.049383,-0.95953,0.048294
-0.010924,0.63302,-0.024964,-0.0016715,0.45602,0.027308,-0.18376,0.34772,0.060312,0.17494,0.35134,0.015594,-0.27205,0.10948,0.08921,0.2636,0.10262,-0.032551,-0.45416,0.031215,-0.05756,0.34021,-0.059436,-0.2236,0.0036908,0.10296,0.033501,0,0.035971,0,-0.080448,-0.046197,-0.0045269,0.081001,-0.040852,-0.010696,-0.10832,-0.58387,-0.037787,0.10094,-0.57045,-0.048598,-0.059387,-0.97249,0.09393,0.056485,-0.96866,0.055354
-0.01057,0.58721,-0.020681,0.00085642,0.41137,0.023795,-0.17896,0.31365,0.063035,0.17291,0.29764,0.012163,-0.27428,0.057113,0.076506,0.26034,0.068078,-0.033288,-0.44333,-0.019539,-0.087208,0.32417,-0.1033,-0.22561,0.0046371,0.059841,0.033356,0,-0.0071131,0,-0.08147,-0.083037,-0.0033025,0.081218,-0.08785,-0.010709,-0.11028,-0.58831,-0.054282,0.099848,-0.57728,-0.080208,-0.063849,-0.97129,0.071263,0.050144,-0.96997,0.04636
-0.015374,0.5625,-0.021828,0.0011391,0.38571,0.026749,-0.17963,0.28767,0.064481,0.17419,0.28586,0.014573,-0.27262,0.040476,0.076094,0.26282,0.045183,-0.029406,-0.41726,-0.058418,-0.099567,0.32087,-0.13616,-0.23109,0.0047621,0.044164,0.034418,0,-0.020631,0,-0.081878,-0.10183,-0.0033521,0.081292,-0.099294,-0.011585,-0.10767,-0.59447,-0.061444,0.099572,-0.57898,-0.082184,-0.060932,-0.97513,0.065259,0.048434,-0.97239,0.043099
-0.014401,0.56328,-0.021317,0.0017637,0.38611,0.027653,-0.17943,0.28691,0.064367,0.17373,0.28564,0.016032,-0.2714,0.036322,0.079821,0.26079,0.041359,-0.028243,-0.40299,-0.084162,-0.092292,0.30776,-0.14462,-0.21481,0.0047556,0.043564,0.035305,0,-0.021273,0,-0.081761,-0.10246,-0.0051041,0.081212,-0.099762,-0.010904,-0.10745,-0.59321,-0.06138,0.0972,-0.57784,-0.081025,-0.060662,-0.97185,0.060854,0.044731,-0.96527,0.038482
-0.0068718,0.60674,-0.021751,0.011414,0.4356,0.041714,-0.17501,0.31108,0.069003,0.17085,0.3097,0.025356,-0.26646,0.043441,0.091792,0.25848,0.047206,-0.018764,-0.38898,-0.096205,-0.071668,0.30652,-0.14546,-0.19611,0.0056173,0.059914,0.038009,0,-0.0079001,0,-0.081495,-0.083395,-0.007697,0.079219,-0.084016,-0.011728,-0.10479,-0.58123,-0.040642,0.091951,-0.57646,-0.062978,-0.056336,-0.97343,0.065203,0.042467,-0.96974,0.046655
-0.0019492,0.65762,-0.011398,0.0044296,0.48247,0.043519,-0.17229,0.37053,0.072267,0.17613,0.36935,0.038154,-0.24793,0.090812,0.11239,0.25242,0.10681,0.0095472,-0.36819,-0.081397,-0.033512,0.30798,-0.10229,-0.13785,0.0042466,0.11802,0.040752,0,0.050753,0,-0.0805,-0.027038,-0.010614,0.078938,-0.026921,-0.0097059,-0.099261,-0.56919,-0.0083715,0.097798,-0.57386,-0.022108,-0.055944,-0.96914,0.087215,0.0492,-0.96967,0.055902
-0.0029486,0.70552,-0.010602,0.016047,0.53388,0.043939,-0.17091,0.42426,0.069671,0.17377,0.42926,0.030641,-0.25171,0.1217,0.12532,0.24952,0.13118,0.0099327,-0.37301,-0.077355,-0.016457,0.31506,-0.071768,-0.11119,0.0068122,0.15767,0.041951,0,0.08788,0,-0.080063,0.011175,-0.009336,0.075038,0.012199,-0.010206,-0.098233,-0.5627,0.00069397,0.095021,-0.5724,-0.0066993,-0.059579,-0.95906,0.085046,0.060671,-0.96485,0.045972
-0.0054801,0.75223,-0.017378,0.014934,0.57047,0.039404,-0.17203,0.47924,0.074607,0.17796,0.46907,0.031811,-0.24952,0.18521,0.14661,0.24819,0.19004,0.018356,-0.36561,-0.0028676,0.040597,0.31881,-0.035088,-0.1006,0.0069755,0.21453,0.04211,0,0.14811,0,-0.080287,0.071603,-0.0081573,0.074928,0.068173,-0.010901,-0.095953,-0.55937,0.0026902,0.095359,-0.56649,-0.0059976,-0.065964,-0.95792,0.069578,0.071453,-0.94667,0.037244
-0.0069984,0.76839,-0.020474,0.0075037,0.6014,0.035346,-0.17321,0.48932,0.069474,0.17861,0.48933,0.031159,-0.25215,0.21273,0.15658,0.25369,0.21636,0.018745,-0.39082,0.033047,0.068198,0.33795,0.015341,-0.092692,0.0057632,0.23266,0.042654,0,0.16502,0,-0.080851,0.085952,-0.0071694,0.077823,0.086899,-0.010894,-0.096458,-0.53871,0.0070575,0.089765,-0.52637,-0.0098022,-0.068523,-0.89829,0.060912,0.061351,-0.89801,0.052441
-0.002307,0.79281,-0.020857,0.0056954,0.61676,0.031577,-0.17265,0.5044,0.064833,0.18157,0.50474,0.028144,-0.25579,0.26208,0.16244,0.25761,0.23654,0.019063,-0.39982,0.080959,0.089024,0.35029,0.039288,-0.096332,0.0051222,0.25195,0.042452,0,0.18391,0,-0.081579,0.10383,-0.0069144,0.079462,0.10435,-0.0097429,-0.091789,-0.48738,-0.0032226,0.081473,-0.47619,-0.026991,-0.059571,-0.87122,0.079714,0.04626,-0.89152,0.061349
-3.3093e-06,0.79394,-0.021477,0.006278,0.62375,0.030778,-0.16903,0.51776,0.06176,0.18594,0.5168,0.030404,-0.25528,0.26362,0.16082,0.27068,0.2564,0.014832,-0.42747,0.11269,0.078745,0.36987,0.055569,-0.10415,0.0046213,0.25866,0.042719,0,0.19057,0,-0.081947,0.11053,-0.0066292,0.079577,0.11131,-0.0095745,-0.089141,-0.49698,-0.00049834,0.082573,-0.47628,-0.028232,-0.050595,-0.85613,0.085294,0.033936,-0.87441,0.073502
0.001483,0.80009,-0.02138,0.0065072,0.62958,0.031411,-0.16938,0.51874,0.061683,0.18591,0.51897,0.030362,-0.26113,0.26577,0.16008,0.27088,0.25702,0.014652,-0.4471,0.12247,0.078782,0.37182,0.064916,-0.10403,0.0046576,0.26024,0.043168,0,0.19169,0,-0.082065,0.11191,-0.0062759,0.07963,0.11203,-0.0098412,-0.076346,-0.51977,0.0070555,0.06902,-0.52319,0.00094801,-0.040141,-0.90752,0.074248,0.027653,-0.93241,0.080261
0.0018672,0.80015,-0.021724,0.0068122,0.62874,0.031485,-0.17066,0.51825,0.06336,0.18555,0.51798,0.029591,-0.27143,0.26367,0.15647,0.27148,0.25652,0.013941,-0.45758,0.13032,0.07437,0.37481,0.067237,-0.10956,0.0050129,0.2595,0.043489,0,0.19094,0,-0.082188,0.11081,-0.0062691,0.079597,0.1114,-0.0098499,-0.075866,-0.52393,0.019508,0.0719,-0.52402,0.0020255,-0.045338,-0.9163,0.07561,0.029284,-0.9255,0.071524
-0.00027311,0.77969,-0.022462,0.0068219,0.60874,0.036295,-0.17534,0.50326,0.065491,0.1817,0.49688,0.029647,-0.27824,0.25135,0.14833,0.27329,0.23685,0.004886,-0.4688,0.12759,0.060636,0.37691,0.053455,-0.14356,0.0052032,0.24185,0.04482,0,0.17408,0,-0.081602,0.094779,-0.0082021,0.07913,0.093372,-0.0094441,-0.078087,-0.5401,0.018265,0.069392,-0.54216,0.0029637,-0.057407,-0.94803,0.09114,0.034459,-0.93753,0.063711
0.0033058,0.7394,-0.021835,0.0063786,0.57002,0.040333,-0.17465,0.46355,0.065358,0.18412,0.44998,0.025477,-0.28233,0.22517,0.1322,0.27207,0.18807,-0.010773,-0.46544,0.11579,0.0089739,0.37362,0.031201,-0.17306,0.0055418,0.19518,0.04621,0,0.12635,0,-0.080655,0.045242,-0.013409,0.07831,0.047439,-0.0065455,-0.079799,-0.57121,0.012831,0.068348,-0.56372,-0.0054778,-0.061629,-0.9753,0.13254,0.042919,-0.97081,0.097771
0.0077443,0.68633,-0.021059,0.010883,0.51262,0.03943,-0.17112,0.4025,0.063983,0.17989,0.40404,0.032806,-0.28685,0.14836,0.11895,0.26312,0.14068,-0.020954,-0.47129,0.070058,-0.024666,0.3588,-0.01283,-0.19044,0.0056278,0.14378,0.046603,0,0.076287,0,-0.0805,-0.00086225,-0.0072045,0.076587,-0.0021854,-0.011739,-0.085645,-0.57743,0.0066487,0.068768,-0.57345,-0.02159,-0.061012,-0.98052,0.13706,0.040912,-0.9791,0.10952
-0.0042246,0.63477,-0.024208,0.0078285,0.45806,0.030594,-0.1756,0.36014,0.077068,0.17953,0.35014,0.029629,-0.27842,0.11254,0.10429,0.26649,0.11152,-0.016516,-0.4648,0.017949,-0.053768,0.35127,-0.060651,-0.20383,0.0068494,0.1037,0.045229,0,0.039101,0,-0.081878,-0.043366,-0.0054924,0.078439,-0.040629,-0.010817,-0.091964,-0.58946,-0.0066808,0.074397,-0.58784,-0.034854,-0.061563,-0.99142,0.13989,0.042895,-0.98435,0.11644
-0.0064012,0.58236,-0.012898,0.0074494,0.40823,0.032482,-0.18075,0.30164,0.078601,0.16933,0.3012,0.016426,-0.28287,0.056324,0.092013,0.26357,0.056993,-0.021186,-0.44777,-0.025421,-0.073679,0.33164,-0.10386,-0.2093,0.0087867,0.050763,0.045282,0,-0.015089,0,-0.081724,-0.095578,-0.0066098,0.078967,-0.091253,-0.010223,-0.099294,-0.59678,-0.018688,0.077626,-0.589,-0.048672,-0.06377,-0.98254,0.11313,0.041257,-0.98277,0.10972
-0.0085774,0.57121,-0.014117,0.0071574,0.39767,0.034479,-0.17905,0.28869,0.076305,0.17015,0.28429,0.018182,-0.28004,0.041588,0.092929,0.23266,0.020672,-0.046749,-0.42715,-0.061369,-0.078013,0.32493,-0.14603,-0.21602,0.0082886,0.041427,0.046047,0,-0.023906,0,-0.081874,-0.10413,-0.0065504,0.079217,-0.099593,-0.010921,-0.097341,-0.59802,-0.029914,0.074967,-0.59575,-0.054122,-0.06295,-0.98448,0.11197,0.037318,-0.9843,0.10613
-0.011309,0.56181,-0.025178,0.0072942,0.39662,0.034417,-0.17932,0.28897,0.076312,0.17033,0.28453,0.018229,-0.27518,0.038457,0.096412,0.26097,0.032824,-0.020934,-0.40298,-0.093729,-0.06947,0.31868,-0.14869,-0.20525,0.008342,0.041342,0.046398,0,-0.023901,0,-0.082053,-0.10411,-0.0066565,0.079219,-0.099737,-0.010849,-0.096287,-0.59949,-0.030649,0.072504,-0.60021,-0.050866,-0.06186,-0.98777,0.11405,0.03594,-0.98548,0.1072
-0.014469,0.58697,-0.020883,0.0095561,0.41338,0.032124,-0.17608,0.307,0.074052,0.17319,0.31308,0.02369,-0.26175,0.053815,0.11087,0.25796,0.047129,-0.016766,-0.39035,-0.090459,-0.050165,0.31274,-0.14857,-0.17894,0.0079166,0.055802,0.046316,0,-0.0098956,0,-0.082766,-0.087828,-0.0086528,0.079225,-0.087429,-0.0085194,-0.094929,-0.59648,-0.020569,0.072626,-0.60268,-0.029544,-0.059789,-0.99204,0.12469,0.036726,-0.9903,0.11856
-0.010803,0.64166,-0.04187,0.012302,0.47728,0.025853,-0.17743,0.37772,0.074515,0.17787,0.37417,0.018475,-0.2481,0.1025,0.12239,0.25529,0.093353,-0.010877,-0.36154,-0.075163,-0.0035244,0.31168,-0.11185,-0.13293,0.0087952,0.12075,0.044686,0,0.054422,0,-0.082424,-0.026218,-0.00097623,0.077779,-0.024613,-0.013695,-0.093938,-0.58803,0.0056734,0.080463,-0.58894,0.005654,-0.06037,-0.99175,0.13662,0.038883,-0.9895,0.11884
-0.0084254,0.6927,-0.051085,0.018481,0.52681,0.023593,-0.16809,0.42775,0.060682,0.17881,0.4295,0.014973,-0.24895,0.12912,0.12997,0.25232,0.13847,0.00016449,-0.3621,-0.058625,0.02131,0.31274,-0.069532,-0.1155,0.0085939,0.15803,0.043836,0,0.088808,0,-0.081241,0.011038,-0.0061689,0.075228,0.015188,-0.0067743,-0.096685,-0.57183,0.017172,0.08252,-0.57841,0.014776,-0.060289,-0.9678,0.1214,0.05178,-0.97082,0.10256
-0.0080179,0.71152,-0.059415,0.013498,0.55621,0.022195,-0.16897,0.46115,0.054623,0.17855,0.46532,0.013435,-0.25095,0.18108,0.14002,0.25811,0.19154,0.0028304,-0.36596,-0.015201,0.042176,0.33262,-0.021155,-0.090298,0.0070553,0.20403,0.0428,0,0.13801,0,-0.08214,0.061382,-0.0094937,0.07731,0.054284,-0.0037589,-0.096567,-0.55436,0.019583,0.084021,-0.5707,0.016289,-0.070232,-0.9276,0.10762,0.074886,-0.92763,0.076872
-0.0075368,0.75451,-0.068208,0.0063391,0.58501,0.015048,-0.17353,0.49276,0.055246,0.17422,0.49709,0.011478,-0.24583,0.23705,0.15006,0.26247,0.21174,0.0027379,-0.38771,0.02961,0.074825,0.34576,-0.0053505,-0.093987,0.0062126,0.23167,0.040359,0,0.1646,0,-0.080853,0.085999,-0.0076989,0.078414,0.089394,-0.0032509,-0.092695,-0.54908,0.01764,0.083056,-0.54624,0.011219,-0.066098,-0.91805,0.097294,0.072618,-0.92626,0.081758
-0.007475,0.75913,-0.076081,0.0036302,0.59631,0.014323,-0.17326,0.50411,0.055133,0.17763,0.50442,0.010704,-0.24666,0.24196,0.15129,0.27265,0.23481,0.0081739,-0.40374,0.058282,0.079054,0.36951,0.021705,-0.093895,0.0055342,0.24541,0.038859,0,0.17843,0,-0.080741,0.098896,-0.0033482,0.079558,0.09929,-0.0067898,-0.08719,-0.50138,-0.006054,0.08329,-0.48614,-0.0094158,-0.047484,-0.86707,0.090208,0.044483,-0.86761,0.092822
-0.0078813,0.76038,-0.077449,0.0041509,0.60011,0.013977,-0.17532,0.50934,0.057541,0.18005,0.51073,0.011609,-0.25271,0.25581,0.15466,0.28031,0.24178,0.0047663,-0.4186,0.094146,0.075829,0.39261,0.032414,-0.10205,0.0055828,0.24999,0.037534,0,0.183,0,-0.081279,0.10189,-0.0025861,0.079864,0.10298,-0.0074799,-0.073663,-0.53418,0.00083608,0.080598,-0.49232,-0.0071626,-0.051738,-0.89127,0.079964,0.049976,-0.89229,0.084938
-0.0079245,0.76036,-0.078161,0.00452,0.6014,0.013521,-0.17614,0.51072,0.05841,0.1813,0.51224,0.012266,-0.25952,0.26007,0.15357,0.28166,0.24434,0.0041716,-0.46767,0.10265,0.07029,0.39877,0.039859,-0.10683,0.0054896,0.25155,0.036304,0,0.18449,0,-0.081593,0.10277,-0.0020761,0.080098,0.10413,-0.007879,-0.073713,-0.53375,0.0009519,0.08009,-0.50216,-0.0037453,-0.052827,-0.89424,0.076406,0.053861,-0.89033,0.071626
-0.0085908,0.75608,-0.082595,0.0039178,0.59837,0.012854,-0.17846,0.50834,0.061304,0.18152,0.5104,0.01242,-0.26526,0.26046,0.15138,0.28349,0.24777,0.0036266,-0.46263,0.11826,0.06064,0.39921,0.043613,-0.11139,0.0054974,0.24943,0.035067,0,0.18236,0,-0.081965,0.10005,-0.0019067,0.080913,0.10108,-0.0085506,-0.075572,-0.53667,0.00048763,0.088755,-0.53508,0.0088649,-0.083662,-0.95546,0.047558,0.078535,-0.93275,0.027922
-0.01081,0.72085,-0.08423,-0.0018583,0.55937,0.017527,-0.18346,0.47954,0.06559,0.17893,0.48925,0.014649,-0.27307,0.24943,0.15102,0.28548,0.23236,-0.0016118,-0.46392,0.11952,0.052637,0.41121,0.019916,-0.15032,0.0046884,0.21184,0.035227,0,0.14527,0,-0.081042,0.05723,-0.0084114,0.081783,0.069585,-0.004485,-0.079051,-0.56675,0.0065835,0.087877,-0.56275,0.010541,-0.083246,-0.95367,0.054268,0.076178,-0.93391,0.033167
-0.018798,0.67815,-0.09168,0.0026691,0.53003,0.014423,-0.18475,0.43988,0.063635,0.17973,0.43831,0.012955,-0.28195,0.201,0.1379,0.28364,0.19505,-0.0161,-0.4663,0.10393,0.0073349,0.40103,0.013388,-0.15572,0.0051386,0.18664,0.033994,0,0.1207,0,-0.081399,0.040228,-0.0067665,0.080343,0.036078,-0.0048666,-0.084835,-0.56333,0.0018162,0.088606,-0.56684,-0.011475,-0.074569,-0.92481,0.069426,0.076108,-0.94023,0.03255
-0.022847,0.63165,-0.077824,-0.00061903,0.47253,0.019654,-0.18973,0.38389,0.069474,0.17322,0.38465,0.01056,-0.28371,0.1445,0.12908,0.28302,0.12886,-0.018855,-0.46738,0.068115,-0.016799,0.37498,-0.032504,-0.18263,0.0053979,0.13227,0.034483,0,0.067479,0,-0.083036,-0.015272,-0.0032762,0.083285,-0.012713,-0.0098606,-0.095462,-0.56689,-0.015608,0.090559,-0.57247,-0.044229,-0.076903,-0.9402,0.088112,0.071597,-0.94703,0.042595
-0.021063,0.57543,-0.080685,-0.0016383,0.41829,0.019185,-0.18961,0.33129,0.066349,0.1752,0.32928,0.0097545,-0.27966,0.099,0.097429,0.27772,0.092307,-0.031774,-0.46082,0.013621,-0.053952,0.37018,-0.079287,-0.20329,0.0049219,0.084035,0.034303,0,0.021539,0,-0.08311,-0.061185,-0.0044918,0.08376,-0.060176,-0.0086187,-0.10481,-0.58117,-0.039097,0.094295,-0.56987,-0.066035,-0.076124,-0.98565,0.11592,0.065583,-0.95139,0.044419
-0.022595,0.54425,-0.081985,0.0041633,0.36743,0.016182,-0.18357,0.28148,0.063148,0.17411,0.28173,0.012449,-0.28392,0.044199,0.092215,0.27812,0.046867,-0.03424,-0.4489,-0.031861,-0.07634,0.36313,-0.14359,-0.23383,0.0053869,0.037062,0.033316,0,-0.02661,0,-0.083338,-0.10614,-0.0060715,0.081699,-0.10398,-0.0058973,-0.10813,-0.58733,-0.047609,0.099409,-0.57285,-0.10117,-0.071237,-0.9809,0.090869,0.066973,-0.95088,0.038829
-0.01715,0.50338,-0.065703,0.0076389,0.34756,0.021633,-0.18103,0.25391,0.060284,0.1792,0.2657,0.01662,-0.28293,0.023742,0.084494,0.275,0.022402,-0.030637,-0.43,-0.077867,-0.087362,0.35023,-0.15661,-0.20969,0.0053579,0.019484,0.034253,0,-0.042564,0,-0.085298,-0.1262,-0.0074819,0.08218,-0.12294,-0.007039,-0.10802,-0.59509,-0.055453,0.099303,-0.58484,-0.10921,-0.069822,-0.97891,0.085302,0.044639,-0.96442,0.040406
-0.01842,0.49738,-0.067796,0.0057054,0.34401,0.025143,-0.18283,0.24974,0.061987,0.17705,0.26225,0.02094,-0.28089,0.017944,0.090081,0.27026,0.016348,-0.018928,-0.41511,-0.10451,-0.07959,0.34135,-0.17202,-0.19807,0.0047666,0.014525,0.035461,0,-0.047594,0,-0.084417,-0.13081,-0.0089613,0.08209,-0.12726,-0.0071227,-0.10924,-0.59957,-0.055708,0.096621,-0.58951,-0.10732,-0.070841,-0.97818,0.084317,0.039202,-0.96881,0.045087
-0.020328,0.5082,-0.064861,0.0047556,0.35097,0.027823,-0.18297,0.25883,0.066462,0.17487,0.2682,0.026838,-0.27507,0.022959,0.099148,0.2657,0.020263,-0.0066039,-0.40748,-0.11178,-0.06041,0.33259,-0.16411,-0.15635,0.0045903,0.021428,0.036574,0,-0.040201,0,-0.082952,-0.1189,-0.016605,0.081621,-0.12113,-0.0033823,-0.11038,-0.59172,-0.049717,0.09022,-0.58562,-0.091201,-0.072511,-0.98041,0.097034,0.057746,-0.95381,0.043471
-0.01669,0.55831,-0.0725,0.0025617,0.41095,0.027281,-0.1855,0.31697,0.07593,0.17114,0.32884,0.031788,-0.25907,0.049878,0.1162,0.25632,0.075383,0.019015,-0.39996,-0.10568,-0.036329,0.32258,-0.1258,-0.11995,0.0048721,0.074776,0.036856,0,0.011809,0,-0.083864,-0.070263,-0.015927,0.082834,-0.066597,-0.00026766,-0.10589,-0.58883,-0.036818,0.086516,-0.57491,-0.058133,-0.070789,-0.98262,0.12115,0.064487,-0.94467,0.046127
-0.011301,0.62705,-0.073903,-0.00093973,0.47338,0.028606,-0.18213,0.37496,0.062513,0.17426,0.38694,0.029752,-0.25475,0.10649,0.13216,0.25825,0.1267,0.024455,-0.38576,-0.06694,0.019554,0.32151,-0.084216,-0.091626,0.0032462,0.12894,0.037812,0,0.064405,0,-0.083331,-0.015195,-0.016267,0.0837,-0.016451,-5.7425e-05,-0.10326,-0.56254,-0.01023,0.090578,-0.55721,-0.040235,-0.08459,-0.93361,0.094734,0.060683,-0.94276,0.049782
