-0.057555,0.75324,-0.13283,-0.021748,0.57056,-0.050111,-0.20435,0.46092,-0.0039208,0.1446,0.48198,-0.069277,-0.24711,0.17318,-0.047287,0.23562,0.20572,-0.12444,-0.29051,-0.066478,-0.13637,0.28231,-0.028551,-0.22736,-0.0036236,0.18202,-0.011304,0,0.10431,0,-0.075536,0.01706,0.020696,0.082961,0.032395,-0.0085462,-0.10464,-0.58728,-0.050922,0.12394,-0.57384,-0.052521,-0.13096,-1.0043,-0.034491,0.15467,-1.0064,-0.027325
-0.051798,0.78335,-0.14205,-0.01577,0.60464,-0.065041,-0.19227,0.52079,-0.013885,0.14138,0.50677,-0.086681,-0.23037,0.18448,-0.035701,0.24392,0.22287,-0.1053,-0.26002,-0.066887,-0.079237,0.28754,-0.022881,-0.17089,-0.002516,0.21703,-0.013848,0,0.14009,0,-0.073933,0.068799,0.02359,0.077521,0.069492,-0.0057673,-0.086871,-0.50299,-0.088808,0.11402,-0.49461,-0.095679,-0.085312,-0.92357,-0.021064,0.14238,-0.89504,0.014015
-0.051028,0.81578,-0.15391,-0.010657,0.63354,-0.080636,-0.19058,0.52332,-0.021782,0.14468,0.53046,-0.093557,-0.22252,0.23395,-0.0041932,0.25517,0.25262,-0.052961,-0.23463,-0.040781,-0.026363,0.30385,0.0039277,-0.093665,-0.0017702,0.24352,-0.016312,0,0.16602,0,-0.076015,0.084251,0.023901,0.080242,0.093567,-0.0038517,-0.063595,-0.42645,-0.1255,0.087543,-0.43773,-0.12553,-0.021861,-0.85113,-0.0092218,0.11131,-0.8329,0.021003
-0.038246,0.82186,-0.17262,-0.0036431,0.63959,-0.087415,-0.18502,0.53753,-0.027355,0.15473,0.54986,-0.093156,-0.21279,0.25706,0.037271,0.26866,0.26046,-0.047559,-0.22935,0.0030963,0.03459,0.31692,0.01315,-0.024347,-0.00034102,0.26806,-0.017789,0,0.19503,0,-0.0848,0.12355,0.034773,0.084942,0.11236,-0.0081367,-0.0063379,-0.40013,-0.14095,0.089138,-0.43059,-0.13947,0.010546,-0.82199,-0.008835,0.068644,-0.80148,0.00040539
-0.041099,0.82557,-0.18037,-0.0066647,0.65094,-0.088113,-0.19068,0.56425,-0.023242,0.15708,0.56772,-0.08946,-0.21353,0.26739,0.046472,0.26572,0.29336,-0.0065832,-0.22997,0.018558,0.084327,0.33422,0.050462,0.014123,-0.00090383,0.27939,-0.017729,0,0.20526,0,-0.084815,0.12558,0.033357,0.085477,0.13112,-0.0055331,-0.0012552,-0.42928,-0.12326,0.083476,-0.41085,-0.13753,0.0075302,-0.82311,-0.013095,0.067939,-0.78954,0.0047595
-0.048652,0.82796,-0.18305,-0.01529,0.66359,-0.086918,-0.19838,0.56986,-0.019094,0.15114,0.58019,-0.082816,-0.21535,0.30186,0.058898,0.2582,0.30107,0.0033628,-0.24138,0.062464,0.12775,0.34859,0.067532,0.036006,-0.0025532,0.2886,-0.017408,0,0.21424,0,-0.080355,0.13051,0.030932,0.086069,0.14264,-0.0048244,-0.0062266,-0.48239,-0.086614,0.080819,-0.41002,-0.12984,-0.01875,-0.85888,-0.040226,0.067681,-0.7885,0.015454
-0.054357,0.83183,-0.18269,-0.019214,0.66639,-0.082837,-0.20172,0.57494,-0.017237,0.14914,0.58478,-0.077367,-0.21727,0.31136,0.067055,0.25989,0.3103,0.016633,-0.26549,0.089948,0.16913,0.38851,0.098583,0.061898,-0.0035279,0.29155,-0.01647,0,0.21731,0,-0.077513,0.13259,0.027241,0.085967,0.14572,-0.0043004,-0.023968,-0.52764,-0.059978,0.085735,-0.42231,-0.11662,-0.087777,-0.91878,-0.047405,0.088113,-0.87522,-0.05457
-0.056206,0.82716,-0.18105,-0.023069,0.66378,-0.079046,-0.20412,0.57485,-0.015927,0.1474,0.58334,-0.071137,-0.23117,0.29547,0.13006,0.26668,0.30627,0.040973,-0.31014,0.068234,0.19981,0.44576,0.13335,0.081245,-0.0043851,0.28923,-0.015773,0,0.21433,0,-0.076543,0.13019,0.023331,0.087672,0.13971,-0.002553,-0.055723,-0.5034,-0.037825,0.10478,-0.54237,-0.059971,-0.11403,-0.96981,-0.048462,0.1107,-0.95394,-0.074914
-0.061526,0.81644,-0.17121,-0.02876,0.6452,-0.070225,-0.20596,0.55409,-0.0035103,0.14803,0.5591,-0.050378,-0.23537,0.28749,0.14154,0.26222,0.3037,0.052392,-0.36832,0.10025,0.23772,0.4695,0.15565,0.027744,-0.0051724,0.25588,-0.01417,0,0.1773,0,-0.077913,0.090455,0.020348,0.088602,0.10361,-0.0019238,-0.082092,-0.59132,-0.013116,0.11873,-0.57443,-0.048557,-0.12435,-1.0406,-0.004286,0.1231,-1.0113,-0.086938
-0.06442,0.76685,-0.14695,-0.034423,0.58261,-0.054349,-0.2088,0.48901,0.017375,0.1385,0.50184,-0.032506,-0.25189,0.24167,0.15667,0.26254,0.27755,0.078904,-0.46483,0.12938,0.226,0.49699,0.20072,0.0002878,-0.0057369,0.19392,-0.012012,0,0.11619,0,-0.072472,0.028972,0.01773,0.084053,0.046476,-0.0043262,-0.093861,-0.60135,-0.0055981,0.12098,-0.59956,-0.037646,-0.12608,-1.046,0.043611,0.13429,-1.0513,-0.051655
-0.064299,0.70947,-0.14274,-0.031947,0.5273,-0.052418,-0.2085,0.43317,0.021447,0.15057,0.44259,-0.020952,-0.26857,0.18043,0.1473,0.2721,0.25089,0.076453,-0.5227,0.1702,0.14938,0.50802,0.22243,-0.030209,-0.0053509,0.14843,-0.011716,0,0.073235,0,-0.076356,-0.0093675,0.012635,0.08816,-0.0076237,0.0014204,-0.099687,-0.59803,-0.016199,0.12539,-0.61774,-0.040705,-0.12207,-1.0341,0.044565,0.13893,-1.0575,-0.021902
-0.050457,0.66254,-0.14005,-0.030026,0.46933,-0.039213,-0.21022,0.36711,0.016349,0.14899,0.38079,-0.023625,-0.28166,0.15224,0.11488,0.27591,0.18112,0.060488,-0.53228,0.19728,0.090921,0.48667,0.23293,-0.08752,-0.0050041,0.088073,-0.009489,0,0.011822,0,-0.078806,-0.073525,0.0080521,0.089394,-0.064161,0.00066121,-0.10678,-0.60533,-0.046945,0.11614,-0.66035,-0.078224,-0.12229,-1.0344,0.04387,0.13269,-1.0492,-0.0010841
-0.045169,0.58779,-0.127,-0.027378,0.40142,-0.04216,-0.20755,0.30533,0.011703,0.15676,0.31857,-0.01287,-0.3015,0.095891,0.099919,0.3194,0.13022,0.013029,-0.53073,0.19111,0.02826,0.49178,0.24041,-0.15322,-0.0046304,0.036659,-0.009816,0,-0.033276,0,-0.082196,-0.11799,0.010035,0.092545,-0.11478,0.00040642,-0.098746,-0.65285,-0.078986,0.096705,-0.67076,-0.11785,-0.11925,-1.0344,0.040708,0.13314,-1.0516,-0.002486
-0.042751,0.55606,-0.1238,-0.025411,0.37482,-0.041473,-0.20559,0.27279,0.010457,0.15636,0.27965,-0.022589,-0.30548,0.06079,0.081537,0.33352,0.10089,-0.012416,-0.49281,0.18272,-0.054917,0.45524,0.224,-0.21363,-0.0040607,0.010124,-0.010009,0,-0.064313,0,-0.083592,-0.15003,0.01071,0.093295,-0.13972,-0.00089124,-0.080616,-0.66013,-0.10927,0.076732,-0.68367,-0.15012,-0.11115,-1.0378,0.031637,0.12534,-1.0588,-0.0094343
-0.04337,0.5495,-0.12312,-0.025915,0.35802,-0.03972,-0.20844,0.25851,0.0083646,0.1571,0.27493,-0.023972,-0.30662,0.04185,0.070532,0.33584,0.089242,-0.047412,-0.46313,0.13282,-0.12292,0.42465,0.18217,-0.28162,-0.0043162,-0.0030286,-0.0095592,0,-0.075352,0,-0.084548,-0.1609,0.010456,0.094171,-0.15512,-0.00043737,-0.079929,-0.66141,-0.11479,0.073449,-0.68492,-0.15619,-0.10634,-1.0376,0.021706,0.12668,-1.0602,-0.013004
-0.045755,0.53873,-0.11699,-0.026086,0.35577,-0.038832,-0.20874,0.25543,0.0091115,0.15707,0.2738,-0.023146,-0.29078,0.015361,0.069257,0.30343,0.070384,-0.0074528,-0.42071,0.071439,-0.15671,0.38213,0.10707,-0.26113,-0.0043457,-0.0049847,-0.0094271,0,-0.077225,0,-0.084553,-0.16283,0.011196,0.094158,-0.1571,-0.0014782,-0.081548,-0.66016,-0.11407,0.07426,-0.68478,-0.15666,-0.10123,-1.0267,0.0086906,0.12675,-1.062,-0.013665
-0.051942,0.56612,-0.10487,-0.026068,0.36692,-0.035563,-0.2077,0.26424,0.011804,0.15748,0.27969,-0.024062,-0.29729,0.040927,0.065729,0.30894,0.080602,-0.0066502,-0.39803,0.023464,-0.21112,0.35381,0.061506,-0.31158,-0.0043563,0.0015133,-0.0090052,0,-0.071421,0,-0.084218,-0.15746,0.010587,0.093549,-0.14978,-0.0017649,-0.08745,-0.65939,-0.10041,0.089112,-0.67369,-0.14593,-0.10143,-1.0325,0.014793,0.1282,-1.0625,-0.013556
-0.058431,0.605,-0.11554,-0.03115,0.43555,-0.038682,-0.21093,0.32879,0.013151,0.15485,0.3423,-0.030097,-0.27238,0.07882,0.053084,0.30113,0.13511,-0.041323,-0.3719,-0.010401,-0.17764,0.33925,0.070527,-0.29871,-0.0051915,0.059083,-0.0093982,0,-0.016211,0,-0.079935,-0.10389,0.011425,0.091288,-0.093171,-0.0026077,-0.098348,-0.62982,-0.051675,0.11266,-0.6654,-0.10959,-0.10054,-1.0355,0.026065,0.1268,-1.0652,-0.0091713
-0.062597,0.68533,-0.11656,-0.031424,0.49788,-0.041951,-0.21404,0.39474,0.012408,0.14467,0.40977,-0.045234,-0.28784,0.15116,0.031287,0.28791,0.18186,-0.084501,-0.34472,-0.04895,-0.12918,0.33503,0.0095324,-0.27974,-0.0052372,0.11674,-0.0099418,0,0.040513,0,-0.077281,-0.046675,0.013083,0.088388,-0.033962,-0.0033752,-0.10338,-0.60898,-0.018473,0.12123,-0.63383,-0.070791,-0.106,-1.0332,0.037536,0.13469,-1.0497,-0.044414
-0.061358,0.71428,-0.1274,-0.030334,0.55132,-0.04838,-0.21079,0.43838,-0.0075549,0.14517,0.46374,-0.059236,-0.27881,0.16598,0.014276,0.26778,0.23384,-0.085148,-0.33283,-0.051444,-0.12008,0.31879,0.02205,-0.23812,-0.0050556,0.17332,-0.011014,0,0.097715,0,-0.076139,0.0088994,0.013852,0.086872,0.026035,-0.0018609,-0.093612,-0.59684,-0.023458,0.12131,-0.57515,-0.081359,-0.10449,-0.99798,0.022442,0.1521,-1.0046,-0.041711
-0.061699,0.75333,-0.14412,-0.030387,0.58261,-0.060271,-0.20894,0.49039,-0.023932,0.13897,0.49118,-0.0771,-0.26334,0.17503,0.0033659,0.27145,0.23724,-0.095421,-0.30016,-0.067224,-0.078375,0.32668,0.019629,-0.22892,-0.0050068,0.20504,-0.013081,0,0.12987,0,-0.076264,0.047573,0.018824,0.085762,0.061517,-0.0014741,-0.079083,-0.52844,-0.072074,0.11458,-0.49423,-0.12484,-0.068014,-0.93961,0.044778,0.14058,-0.89572,0.015899
-0.058936,0.77206,-0.15186,-0.025802,0.60075,-0.067151,-0.20436,0.49491,-0.029436,0.14159,0.50243,-0.081436,-0.24679,0.18381,0.012402,0.27546,0.24056,-0.09244,-0.28312,-0.060898,-0.060151,0.34473,-0.00052966,-0.16384,-0.0042595,0.22297,-0.014191,0,0.14764,0,-0.078082,0.065425,0.018033,0.086683,0.07642,0.00020631,-0.058343,-0.44611,-0.11457,0.095602,-0.41832,-0.14847,-0.032986,-0.85019,0.06892,0.1129,-0.81169,0.04862
-0.05351,0.77976,-0.16551,-0.022304,0.60849,-0.076843,-0.20047,0.50235,-0.030547,0.14478,0.51014,-0.089041,-0.23393,0.19583,0.024702,0.27238,0.25695,-0.05524,-0.26359,-0.056146,-0.0043066,0.35464,0.0044621,-0.13297,-0.0034759,0.23528,-0.01634,0,0.16129,0,-0.079904,0.082078,0.021707,0.086901,0.08862,0.0012481,-0.044795,-0.40622,-0.13124,0.082155,-0.40318,-0.14931,0.0047812,-0.78843,0.069784,0.10155,-0.79657,0.06521
-0.053807,0.78215,-0.17264,-0.02017,0.61745,-0.080294,-0.20233,0.51284,-0.027251,0.14682,0.51912,-0.085109,-0.23063,0.21025,0.039903,0.26947,0.26287,-0.035203,-0.26934,-0.038245,0.062097,0.34745,0.014812,-0.048589,-0.003235,0.24434,-0.016646,0,0.16995,0,-0.079887,0.0877,0.021944,0.086716,0.095721,0.0014029,-0.041893,-0.41195,-0.12457,0.083874,-0.41325,-0.13081,0.00058852,-0.80322,0.080836,0.084233,-0.80975,0.061685
-0.054851,0.78326,-0.1766,-0.022296,0.619,-0.080422,-0.20342,0.51694,-0.025329,0.14195,0.52599,-0.085506,-0.23214,0.22631,0.058949,0.26593,0.26202,-0.013178,-0.27504,-0.017904,0.10035,0.37851,0.014956,-0.0099687,-0.0034958,0.245,-0.01664,0,0.17058,0,-0.078656,0.08858,0.022142,0.086727,0.097595,0.0012832,-0.032498,-0.47423,-0.083762,0.1073,-0.45313,-0.10052,-0.023512,-0.87461,0.057867,0.10883,-0.83853,0.051313
-0.058321,0.7824,-0.18072,-0.025019,0.61874,-0.079421,-0.20579,0.51796,-0.024621,0.14053,0.52566,-0.083446,-0.23452,0.24007,0.092723,0.26454,0.26024,0.0078252,-0.29738,0.010508,0.16753,0.37022,0.035273,0.046664,-0.0043442,0.2447,-0.016159,0,0.17006,0,-0.077407,0.086643,0.020886,0.08783,0.097518,0.0011759,-0.034391,-0.58224,-0.023716,0.12096,-0.53471,-0.047577,-0.067881,-1.0018,0.043821,0.14655,-0.90237,0.017559
-0.065377,0.77682,-0.17923,-0.030642,0.61499,-0.076056,-0.21031,0.51622,-0.021869,0.13587,0.5227,-0.078869,-0.23712,0.24224,0.11659,0.26104,0.25066,0.062057,-0.33054,0.024838,0.19522,0.38703,0.029936,0.055524,-0.0056668,0.23593,-0.015346,0,0.15959,0,-0.074555,0.076869,0.017533,0.086801,0.086628,0.0029553,-0.042366,-0.58541,-0.014186,0.12806,-0.59503,-0.025191,-0.077188,-1.004,0.043934,0.17315,-1.0132,-0.0077983
-0.079067,0.75045,-0.17593,-0.041149,0.56953,-0.082137,-0.21727,0.47472,-0.01796,0.12513,0.48487,-0.064022,-0.24729,0.20425,0.15936,0.2555,0.22445,0.090569,-0.44461,0.057173,0.20864,0.4571,0.070575,0.058464,-0.0068704,0.18461,-0.016733,0,0.10799,0,-0.06878,0.027754,0.017544,0.082369,0.036693,0.0050885,-0.060993,-0.60085,0.0071031,0.1317,-0.6036,-0.006872,-0.08556,-1.0187,0.057811,0.16666,-1.017,0.001963
-0.078642,0.69821,-0.17722,-0.041004,0.51958,-0.084334,-0.20993,0.42165,-0.014661,0.1305,0.43219,-0.051248,-0.25624,0.18414,0.15715,0.25942,0.18786,0.10498,-0.47262,0.078294,0.22408,0.49729,0.10902,0.047438,-0.0068141,0.14315,-0.016975,0,0.067486,0,-0.070937,-0.012514,0.01525,0.084357,-0.0034527,0.0077633,-0.062433,-0.60342,0.0053784,0.14284,-0.60737,-0.0072908,-0.079064,-1.0241,0.063223,0.18662,-1.0476,0.027545
-0.065345,0.63314,-0.18038,-0.043485,0.45415,-0.081113,-0.21585,0.36717,-0.020981,0.13355,0.37513,-0.055552,-0.29445,0.14477,0.1523,0.26071,0.17365,0.08712,-0.54839,0.15647,0.13218,0.49845,0.17237,-0.017525,-0.0072475,0.085639,-0.016467,0,0.011937,0,-0.072367,-0.071324,0.014603,0.087594,-0.059644,0.0087298,-0.071674,-0.61457,-0.028923,0.14179,-0.62711,-0.044216,-0.08044,-1.0253,0.052676,0.17775,-1.0446,0.021209
-0.064657,0.57998,-0.18322,-0.041146,0.40229,-0.083841,-0.21352,0.31003,-0.033348,0.13855,0.32305,-0.044639,-0.30117,0.12028,0.13041,0.27207,0.13149,0.064486,-0.54107,0.18681,0.064373,0.49647,0.19095,-0.053654,-0.0069027,0.043213,-0.016879,0,-0.028683,0,-0.076207,-0.11274,0.013408,0.090708,-0.10182,0.011301,-0.065408,-0.63238,-0.062239,0.12293,-0.66238,-0.075251,-0.074141,-1.0258,0.050586,0.17543,-1.0467,0.022248
-0.058379,0.52598,-0.17495,-0.034645,0.37231,-0.081075,-0.21203,0.27773,-0.032198,0.14128,0.2921,-0.047147,-0.33094,0.082186,0.079401,0.29016,0.10401,0.032295,-0.53209,0.20234,-0.033609,0.47721,0.21077,-0.11717,-0.0058239,0.014953,-0.016473,0,-0.056624,0,-0.079502,-0.1422,0.013101,0.091939,-0.12826,0.011152,-0.055105,-0.6402,-0.079677,0.095328,-0.66885,-0.10554,-0.069022,-1.0278,0.041,0.17,-1.0515,0.022982
-0.056403,0.52236,-0.16967,-0.040862,0.3443,-0.074292,-0.21085,0.26186,-0.027325,0.1473,0.28103,-0.044596,-0.3267,0.068684,0.062927,0.31646,0.047182,-0.0034071,-0.50716,0.16819,-0.10027,0.46365,0.1875,-0.1703,-0.006666,0.0029227,-0.015657,0,-0.066203,0,-0.080367,-0.1532,0.014372,0.093429,-0.13938,0.0095829,-0.051431,-0.64895,-0.089597,0.093555,-0.67049,-0.11437,-0.054604,-1.0295,0.035335,0.16478,-1.0519,0.021034
-0.058212,0.51883,-0.15952,-0.039506,0.34489,-0.069006,-0.21249,0.26018,-0.022722,0.14709,0.27787,-0.043523,-0.30104,0.049678,0.060297,0.314,0.042632,-0.0036124,-0.46124,0.09348,-0.14647,0.43194,0.15435,-0.21695,-0.0065517,0.0020265,-0.015203,0,-0.067158,0,-0.080348,-0.15406,0.014032,0.093407,-0.14077,0.0088835,-0.055145,-0.64959,-0.091547,0.094993,-0.66911,-0.11536,-0.046429,-1.0266,0.025183,0.16236,-1.0512,0.020523
-0.058673,0.5467,-0.14791,-0.036393,0.37108,-0.062143,-0.21284,0.27202,-0.015158,0.14792,0.28581,-0.040267,-0.29369,0.054335,0.059383,0.2605,0.085272,0.039184,-0.41657,0.027425,-0.17575,0.38492,0.092726,-0.1966,-0.0064011,0.0087533,-0.014327,0,-0.062323,0,-0.080282,-0.14922,0.013432,0.093009,-0.1363,0.0076219,-0.073058,-0.65391,-0.073291,0.10588,-0.6671,-0.11042,-0.0479,-1.0302,0.028138,0.15464,-1.0562,0.037998
-0.050676,0.59857,-0.13684,-0.031984,0.43048,-0.044189,-0.21088,0.33466,-0.00089021,0.15312,0.34805,-0.028753,-0.27272,0.068788,0.067461,0.28045,0.13501,-0.0033514,-0.38751,-0.024053,-0.15362,0.38601,0.075104,-0.24088,-0.0053307,0.066576,-0.01031,0,-0.0062039,0,-0.07903,-0.093515,0.0084874,0.090982,-0.082081,0.0026221,-0.077908,-0.63239,-0.038425,0.12765,-0.65692,-0.081218,-0.049541,-1.0316,0.039388,0.16688,-1.0471,0.026384
-0.054813,0.68022,-0.1298,-0.033041,0.50112,-0.044632,-0.21032,0.40273,0.0111,0.15364,0.41033,-0.039422,-0.27231,0.1482,0.04963,0.27784,0.19849,-0.0033762,-0.35475,-0.039153,-0.11501,0.36734,0.070659,-0.21808,-0.0055068,0.12862,-0.010384,0,0.054125,0,-0.078206,-0.032581,0.010131,0.090272,-0.022403,0.00088608,-0.074737,-0.59589,0.0082151,0.14577,-0.60732,-0.042325,-0.051084,-1.0333,0.050367,0.17963,-1.0313,0.012493
-0.052095,0.74723,-0.1338,-0.031028,0.56214,-0.046088,-0.21369,0.46174,0.0015607,0.1491,0.48069,-0.045097,-0.26938,0.16588,0.040606,0.26728,0.25326,-0.025778,-0.33387,-0.05227,-0.086484,0.34065,0.060457,-0.18815,-0.0051712,0.18737,-0.010627,0,0.11241,0,-0.073927,0.022611,0.0094044,0.085163,0.03935,0.0020496,-0.074818,-0.58466,0.026394,0.15097,-0.59311,-0.040162,-0.062023,-1.0223,0.038511,0.18346,-1.0042,-0.01564
-0.049747,0.77569,-0.13789,-0.035082,0.60703,-0.055329,-0.20859,0.51541,-0.01484,0.14946,0.51724,-0.050623,-0.25343,0.19543,0.030766,0.27048,0.25927,-0.031923,-0.29739,-0.044081,-0.055457,0.34086,0.048819,-0.1697,-0.0057775,0.22656,-0.012067,0,0.15068,0,-0.072688,0.0629,0.010125,0.084111,0.081608,0.0046212,-0.066033,-0.58,0.016859,0.15365,-0.5161,-0.067198,-0.059854,-0.99392,0.02623,0.17258,-0.92969,-0.022997
-0.05681,0.80739,-0.15487,-0.032454,0.63534,-0.065369,-0.20593,0.53099,-0.027722,0.14101,0.54785,-0.075458,-0.23493,0.24627,0.036517,0.26341,0.27843,-0.032322,-0.25822,-0.0060484,0.0063583,0.33942,0.044195,-0.1085,-0.0053518,0.26031,-0.013989,0,0.18548,0,-0.073887,0.10187,0.016676,0.084595,0.11641,0.0019723,-0.063221,-0.50365,-0.055538,0.13801,-0.43578,-0.11739,-0.048809,-0.91803,0.018367,0.16047,-0.8355,0.01746
-0.052447,0.81645,-0.16905,-0.024347,0.6457,-0.074021,-0.20059,0.55997,-0.026025,0.14851,0.55414,-0.080464,-0.22021,0.28032,0.049724,0.26887,0.28314,-0.028048,-0.23846,0.022918,0.019547,0.35239,0.04444,-0.064951,-0.0035841,0.27889,-0.015828,0,0.20628,0,-0.079795,0.1268,0.021079,0.08735,0.13183,0.0012791,-0.047412,-0.40951,-0.12114,0.12757,-0.37574,-0.14899,-0.010267,-0.82533,0.040324,0.15042,-0.76199,0.050095
-0.050104,0.8167,-0.17977,-0.021578,0.64897,-0.076211,-0.19852,0.57131,-0.018937,0.15043,0.55906,-0.084593,-0.21685,0.2885,0.063986,0.27233,0.28632,-0.017389,-0.22873,0.034911,0.054123,0.35882,0.041221,-0.029665,-0.0034491,0.28648,-0.015849,0,0.21421,0,-0.080354,0.13413,0.021733,0.087962,0.13974,0.00050854,-0.030259,-0.37437,-0.14492,0.10418,-0.36609,-0.14913,0.025201,-0.77328,0.05377,0.10101,-0.74957,0.049166
-0.051677,0.82038,-0.19049,-0.020986,0.65255,-0.07705,-0.19795,0.57401,-0.015845,0.15011,0.56146,-0.0843,-0.21677,0.30214,0.11824,0.27043,0.29136,0.0063944,-0.23406,0.047171,0.1066,0.3811,0.062773,0.015436,-0.0034069,0.29058,-0.015923,0,0.21827,0,-0.080103,0.13816,0.021232,0.087409,0.14425,0.0013544,-0.025846,-0.36762,-0.15121,0.097318,-0.36855,-0.14688,0.024926,-0.77374,0.050391,0.12261,-0.80064,0.013283
-0.057074,0.81859,-0.19267,-0.023365,0.65321,-0.075467,-0.20101,0.57532,-0.0099883,0.14561,0.56773,-0.080412,-0.21724,0.30132,0.12315,0.27244,0.29484,0.040043,-0.23948,0.050127,0.139,0.3833,0.066525,0.035442,-0.0036602,0.29062,-0.015638,0,0.2183,0,-0.078558,0.13695,0.019329,0.087509,0.1449,0.001407,-0.02439,-0.41706,-0.12619,0.088653,-0.42285,-0.12121,0.014165,-0.82331,0.02536,0.11029,-0.8076,0.016078
-0.06571,0.81653,-0.18517,-0.025571,0.65282,-0.070635,-0.2121,0.56431,0.0063088,0.14155,0.56856,-0.070592,-0.21842,0.30077,0.12896,0.27317,0.29516,0.054662,-0.24898,0.051039,0.14966,0.39957,0.07651,0.067507,-0.0044808,0.28739,-0.014046,0,0.21372,0,-0.076705,0.12562,0.012845,0.08748,0.14225,0.0031462,-0.022399,-0.50809,-0.094799,0.10709,-0.49761,-0.094199,-0.045722,-0.91377,0.0047007,0.11614,-0.86606,-0.003337
-0.089225,0.79239,-0.16334,-0.040801,0.63734,-0.051515,-0.21693,0.55161,0.013553,0.1325,0.55508,-0.053883,-0.22166,0.25968,0.16642,0.2661,0.29169,0.09163,-0.28557,0.016355,0.18694,0.41294,0.084467,0.073792,-0.0071964,0.26466,-0.010521,0,0.18826,0,-0.073749,0.10062,0.008702,0.088916,0.12026,0.002878,-0.03902,-0.57875,-0.058919,0.11623,-0.55916,-0.068404,-0.092588,-0.98989,0.0019661,0.12139,-0.94461,-0.026605
-0.094085,0.77514,-0.15338,-0.052943,0.6078,-0.046036,-0.21692,0.49913,0.027118,0.12264,0.52092,-0.033829,-0.23531,0.20031,0.16766,0.25917,0.26019,0.11543,-0.40925,0.032172,0.23089,0.45595,0.10383,0.063861,-0.0088265,0.23447,-0.010576,0,0.1604,0,-0.071054,0.091605,0.012296,0.085616,0.069636,-0.0034979,-0.051303,-0.58892,-0.050368,0.11748,-0.60158,-0.063708,-0.090346,-0.99855,0.010658,0.1233,-0.99737,-0.02757
-0.099761,0.71917,-0.12817,-0.056121,0.54652,-0.033378,-0.2199,0.44844,0.038995,0.1221,0.46751,-0.0072857,-0.24165,0.17666,0.1816,0.27051,0.21305,0.12463,-0.4701,0.069321,0.19578,0.50562,0.15478,0.033639,-0.0093535,0.16394,-0.008506,0,0.087426,0,-0.067437,0.0031396,0.004384,0.086126,0.019521,0.0019475,-0.05521,-0.607,-0.043356,0.11807,-0.60522,-0.062007,-0.088412,-1.012,0.023107,0.12789,-1.0178,-0.017317
-0.097945,0.65615,-0.1269,-0.061563,0.48029,-0.022714,-0.22851,0.37704,0.048693,0.12455,0.39856,0.00099852,-0.26586,0.12983,0.17554,0.26958,0.19373,0.12472,-0.51623,0.099346,0.13084,0.49934,0.19004,0.0020043,-0.010256,0.1102,-0.0067204,0,0.036483,0,-0.06978,-0.051933,-3.6103e-05,0.091647,-0.033369,0.0029935,-0.070778,-0.62574,-0.06789,0.10987,-0.62411,-0.091915,-0.092623,-1.0251,0.033944,0.12487,-1.0319,-0.0072382
-0.097892,0.60411,-0.10919,-0.048668,0.42307,-0.021297,-0.2288,0.31511,0.050862,0.13181,0.33414,-0.0035237,-0.27825,0.08366,0.15275,0.28921,0.13812,0.10679,-0.51829,0.11954,0.063446,0.50408,0.21173,-0.021336,-0.0081114,0.053754,-0.0064914,0,-0.020109,0,-0.07561,-0.11005,0.0013482,0.093347,-0.091676,0.0011512,-0.061816,-0.63106,-0.088607,0.10711,-0.63653,-0.11471,-0.087731,-1.0271,0.029508,0.11942,-1.0413,0.0003208
-0.088071,0.54981,-0.1169,-0.05218,0.38129,-0.018941,-0.22368,0.26197,0.031267,0.13673,0.30591,-0.0073909,-0.31471,0.041302,0.10639,0.30058,0.11499,0.072444,-0.5405,0.13848,0.028264,0.48241,0.22907,-0.077656,-0.0085928,0.024824,-0.0061304,0,-0.046776,0,-0.076369,-0.13752,0.00038889,0.09567,-0.11925,0.0020641,-0.057958,-0.63527,-0.11627,0.090339,-0.65604,-0.14009,-0.085972,-1.0271,0.018185,0.1169,-1.0434,-0.0063315
-0.086852,0.54573,-0.11673,-0.050547,0.37253,-0.020413,-0.22125,0.26007,0.03113,0.13858,0.29366,-0.008442,-0.30843,0.03043,0.089891,0.3085,0.10883,0.068037,-0.51653,0.093231,-0.055721,0.45862,0.21875,-0.12075,-0.0083973,0.017221,-0.0063459,0,-0.053972,0,-0.077105,-0.14492,0.0020816,0.095949,-0.12564,0.00076952,-0.050091,-0.6357,-0.12512,0.085193,-0.64792,-0.14675,-0.076606,-1.022,0.0048306,0.11985,-1.0436,-0.01161
-0.088317,0.54686,-0.11469,-0.04937,0.3746,-0.020424,-0.22235,0.26263,0.032944,0.13835,0.29471,-0.0084606,-0.2952,0.034695,0.089261,0.30478,0.078239,0.0396,-0.47325,0.045296,-0.10577,0.45215,0.19962,-0.1421,-0.0083113,0.017544,-0.0063346,0,-0.053771,0,-0.077192,-0.1447,0.0023364,0.095797,-0.12545,-0.00015267,-0.052368,-0.63637,-0.12107,0.085238,-0.64661,-0.14465,-0.078308,-1.0274,0.011392,0.11856,-1.045,-0.010966
-0.090835,0.60088,-0.094816,-0.05052,0.4266,-0.018402,-0.22427,0.31906,0.041452,0.14024,0.34948,-0.00036722,-0.25579,0.036896,0.088084,0.26354,0.11068,0.069283,-0.4205,0.016349,-0.11836,0.40899,0.16934,-0.14471,-0.0084062,0.06157,-0.0060808,0,-0.011579,0,-0.076134,-0.10312,0.0047182,0.09515,-0.084177,-0.0033648,-0.070652,-0.63361,-0.057857,0.11457,-0.63162,-0.098627,-0.083126,-1.0292,0.026335,0.11801,-1.0455,0.004089
-0.094228,0.66877,-0.11188,-0.052063,0.49942,-0.017311,-0.22673,0.38474,0.040718,0.13021,0.40823,-0.019284,-0.24868,0.10488,0.10062,0.25539,0.19924,0.060768,-0.38265,-0.0015645,-0.10124,0.39494,0.14336,-0.15813,-0.0086772,0.12222,-0.005825,0,0.046777,0,-0.072593,-0.041864,0.0046254,0.091009,-0.024689,-0.0036072,-0.079642,-0.62053,-0.021205,0.13174,-0.61901,-0.043721,-0.089914,-1.0283,0.03306,0.11522,-1.0423,0.006218
-0.096306,0.73165,-0.12139,-0.055052,0.56555,-0.02984,-0.22661,0.44838,0.032905,0.12915,0.48485,-0.025671,-0.26819,0.18751,0.086983,0.2584,0.27855,0.042737,-0.32866,-0.018209,-0.063095,0.35327,0.13454,-0.15781,-0.0091753,0.1894,-0.0079128,0,0.11417,0,-0.068396,0.025695,0.0059767,0.087884,0.042871,-0.00052298,-0.082612,-0.60536,-0.0095272,0.13008,-0.58743,-0.024079,-0.098009,-1.0214,0.028013,0.13741,-1.0169,-0.019132
-0.090803,0.79158,-0.14609,-0.043836,0.61784,-0.045469,-0.21786,0.50465,0.0054465,0.13107,0.52532,-0.047567,-0.24897,0.23638,0.083153,0.27323,0.32269,0.031898,-0.29054,0.0012309,-0.016952,0.34747,0.14097,-0.14325,-0.007306,0.24235,-0.01052,0,0.16726,0,-0.06843,0.080851,0.010596,0.083649,0.097235,0.00017742,-0.075521,-0.57856,-0.031347,0.13595,-0.55294,-0.051365,-0.073854,-1.0014,0.029132,0.15207,-0.98103,-0.010959
-0.077509,0.80193,-0.16494,-0.032438,0.63743,-0.060834,-0.21703,0.54195,0.0025953,0.13699,0.55223,-0.060507,-0.23444,0.25333,0.07765,0.27978,0.32585,0.018145,-0.26204,0.0054671,0.016722,0.34766,0.11991,-0.12796,-0.0050038,0.26972,-0.013565,0,0.19757,0,-0.075814,0.11325,0.016074,0.086146,0.1247,0.0016814,-0.060214,-0.44172,-0.10332,0.12958,-0.45901,-0.11392,-0.032589,-0.86254,0.043569,0.16753,-0.86963,0.02581
-0.062498,0.83532,-0.17961,-0.027059,0.64851,-0.073511,-0.20793,0.56108,-0.0074507,0.1425,0.56149,-0.067619,-0.2174,0.30209,0.096685,0.28201,0.32512,0.013731,-0.2439,0.051791,0.050602,0.3623,0.09642,-0.075579,-0.0041978,0.2897,-0.015753,0,0.21893,0,-0.078911,0.13569,0.018673,0.087755,0.14762,0.0044789,-0.042094,-0.37044,-0.13835,0.11334,-0.37266,-0.14848,0.010951,-0.78024,0.062885,0.13618,-0.77372,0.06943
-0.069994,0.80964,-0.22066,-0.022447,0.64937,-0.08834,-0.20403,0.57384,-0.016234,0.14514,0.56922,-0.08519,-0.21222,0.30655,0.090033,0.28783,0.31367,0.0016092,-0.2358,0.052119,0.10327,0.37618,0.071941,-0.042512,-0.0029139,0.30209,-0.01988,0,0.23487,0,-0.082649,0.15721,0.025379,0.08858,0.16282,0.0076323,-0.012557,-0.2998,-0.19005,0.09955,-0.30248,-0.20058,0.048757,-0.69955,0.026654,0.13142,-0.70243,0.021356
-0.067056,0.81135,-0.22702,-0.020353,0.65049,-0.094063,-0.19947,0.57796,-0.022763,0.14674,0.5711,-0.087433,-0.20929,0.30515,0.11783,0.2839,0.30983,0.012852,-0.24417,0.058176,0.15,0.37935,0.075163,0.012624,-0.0028666,0.3045,-0.020025,0,0.23702,0,-0.08279,0.15822,0.02465,0.088875,0.16617,0.0092394,-0.0030253,-0.29511,-0.19522,0.091358,-0.2969,-0.2043,0.05078,-0.68403,0.040266,0.13017,-0.69505,0.019793
-0.064669,0.81119,-0.23315,-0.023764,0.65044,-0.093639,-0.20118,0.57862,-0.023489,0.14291,0.57183,-0.087061,-0.21207,0.31013,0.13509,0.27307,0.31202,0.034196,-0.25753,0.067631,0.17971,0.38179,0.083491,0.037426,-0.004082,0.30424,-0.019137,0,0.2361,0,-0.080146,0.15633,0.022627,0.089792,0.16557,0.0079531,-0.0015181,-0.29863,-0.19379,0.08516,-0.29882,-0.20215,0.021787,-0.70613,0.016863,0.11,-0.70203,0.015507
-0.072879,0.7961,-0.23764,-0.030677,0.64569,-0.092397,-0.20669,0.57817,-0.021919,0.13616,0.57054,-0.082757,-0.21953,0.31581,0.15009,0.26999,0.308,0.048396,-0.28277,0.088464,0.22867,0.39141,0.086978,0.061282,-0.0057848,0.29533,-0.018419,0,0.22499,0,-0.074344,0.14011,0.017114,0.087533,0.1581,0.010671,0.0055687,-0.40647,-0.13527,0.092092,-0.3971,-0.16182,-0.035446,-0.81504,0.045038,0.10482,-0.74531,-0.030814
-0.094954,0.77667,-0.22922,-0.042192,0.63342,-0.083983,-0.21724,0.55079,-0.019192,0.12137,0.56393,-0.073608,-0.22843,0.29445,0.17187,0.25823,0.30367,0.074894,-0.32715,0.078836,0.24734,0.40171,0.095374,0.078907,-0.0077357,0.2685,-0.016709,0,0.19497,0,-0.072055,0.11043,0.013262,0.086502,0.13195,0.011917,-0.021349,-0.52063,-0.089355,0.10404,-0.47523,-0.13802,-0.086752,-0.91926,0.021161,0.10881,-0.84907,-0.067988
-0.10428,0.75062,-0.22705,-0.058419,0.59213,-0.084768,-0.21877,0.54171,-0.017167,0.11535,0.54512,-0.069431,-0.24488,0.28471,0.18027,0.26041,0.29887,0.092018,-0.41659,0.11467,0.24263,0.43086,0.11122,0.082487,-0.009229,0.24499,-0.017058,0,0.17469,0,-0.066865,0.085561,0.01084,0.086053,0.11696,0.01276,-0.039883,-0.59281,-0.066604,0.11419,-0.55647,-0.10461,-0.096303,-0.98063,0.0066595,0.11731,-0.97454,-0.10745
-0.10786,0.71443,-0.20838,-0.062379,0.54788,-0.071611,-0.22097,0.4755,-0.0088371,0.11137,0.49908,-0.050955,-0.27761,0.23104,0.19668,0.25655,0.28488,0.12685,-0.5111,0.14149,0.22384,0.46332,0.14463,0.050179,-0.010397,0.19147,-0.014926,0,0.12087,0,-0.060026,0.026139,0.011261,0.081669,0.068645,0.0086958,-0.045592,-0.59343,-0.049008,0.11487,-0.59533,-0.087529,-0.085059,-1.0016,0.019511,0.13068,-1.0374,-0.080668
-0.090287,0.6884,-0.19847,-0.05026,0.51996,-0.065969,-0.21835,0.41541,0.0060881,0.12741,0.43434,-0.032663,-0.27518,0.20842,0.19393,0.26394,0.2123,0.13203,-0.51213,0.14541,0.115,0.48421,0.15706,0.004875,-0.0081964,0.15953,-0.013739,0,0.086508,0,-0.067862,-0.014825,0.011429,0.084289,0.02755,0.0054743,-0.046378,-0.60063,-0.053116,0.12133,-0.59676,-0.08345,-0.080112,-1.0068,0.031131,0.132,-1.041,-0.067011
-0.089462,0.60682,-0.17818,-0.057174,0.42947,-0.051358,-0.21633,0.34188,0.00051886,0.13024,0.3594,-0.023623,-0.29599,0.13936,0.15477,0.25552,0.16354,0.10533,-0.53393,0.1613,0.055682,0.48137,0.18046,-0.029978,-0.009529,0.066533,-0.011495,0,-0.0060551,0,-0.070551,-0.092769,0.00988,0.090818,-0.073731,0.0032173,-0.057827,-0.64563,-0.074704,0.10761,-0.66231,-0.10187,-0.079716,-1.0375,0.083903,0.12184,-1.0586,-0.032761
-0.076786,0.55393,-0.16466,-0.053125,0.37818,-0.049395,-0.22175,0.28191,-0.0027511,0.13069,0.30824,-0.025193,-0.31642,0.080582,0.096945,0.27834,0.11107,0.078669,-0.53483,0.15233,-0.0242,0.46694,0.18263,-0.089202,-0.0089473,0.029808,-0.011217,0,-0.040157,0,-0.074274,-0.12631,0.0071062,0.094626,-0.11385,0.0061314,-0.054198,-0.63736,-0.080996,0.095049,-0.67298,-0.1256,-0.075228,-1.0307,0.065005,0.11757,-1.0618,-0.027526
-0.082597,0.53083,-0.16209,-0.04926,0.35424,-0.051357,-0.22085,0.25247,-0.010381,0.12998,0.28562,-0.026016,-0.28744,0.032896,0.083278,0.26854,0.046572,0.083832,-0.47271,0.090462,-0.094209,0.41458,0.15115,-0.10937,-0.0081755,0.0014639,-0.011538,0,-0.069071,0,-0.076628,-0.15652,0.0063429,0.094481,-0.1373,0.0075982,-0.047465,-0.65031,-0.10416,0.0632,-0.66452,-0.15422,-0.07678,-1.0332,0.067745,0.10201,-1.0605,-0.041637
-0.08396,0.51725,-0.15913,-0.046083,0.34669,-0.051582,-0.21877,0.24759,-0.0090465,0.13263,0.27889,-0.029885,-0.27989,0.0093161,0.061508,0.27323,0.056981,0.044668,-0.43029,0.013294,-0.15679,0.40747,0.13141,-0.18126,-0.0077175,-0.0032769,-0.011528,0,-0.073478,0,-0.077021,-0.16021,0.0084162,0.093209,-0.14531,0.0040694,-0.038932,-0.65076,-0.11429,0.061228,-0.66556,-0.15453,-0.074012,-1.0336,0.068892,0.10217,-1.0626,-0.043115
-0.081858,0.51969,-0.15612,-0.04188,0.34955,-0.054068,-0.21705,0.24819,-0.0031492,0.13727,0.27843,-0.032312,-0.27153,0.014748,0.05053,0.26899,0.075948,0.041484,-0.38314,-0.0489,-0.18221,0.37664,0.082649,-0.20215,-0.0070873,-0.0023932,-0.011751,0,-0.072827,0,-0.077616,-0.15958,0.011,0.093131,-0.14541,0.0025015,-0.037702,-0.65109,-0.10617,0.062187,-0.66715,-0.14572,-0.074419,-1.0355,0.078486,0.10324,-1.0624,-0.037336
-0.075527,0.57265,-0.15119,-0.0379,0.40292,-0.046491,-0.21585,0.30011,0.0081522,0.14451,0.32077,-0.034892,-0.25116,0.056449,0.039743,0.26478,0.12413,0.041758,-0.31694,-0.13103,-0.13171,0.36038,0.042338,-0.19244,-0.0063515,0.040388,-0.010913,0,-0.032439,0,-0.077519,-0.12389,0.014427,0.091753,-0.10405,-0.0024715,-0.067791,-0.64108,-0.025396,0.07692,-0.66624,-0.10093,-0.075214,-1.0459,0.11292,0.11089,-1.066,-0.0058395
-0.074766,0.62782,-0.15896,-0.038254,0.46683,-0.056373,-0.22104,0.3517,0.013516,0.13703,0.3879,-0.047179,-0.25282,0.069315,0.045706,0.26079,0.1918,0.02627,-0.29674,-0.13981,-0.10454,0.31845,0.032654,-0.17645,-0.0063757,0.09537,-0.012329,0,0.021079,0,-0.076028,-0.067738,0.013432,0.089851,-0.051171,0.001734,-0.081964,-0.62161,0.021467,0.099335,-0.64316,-0.056428,-0.089295,-1.0244,0.11996,0.10609,-1.0633,0.0090599
-0.073294,0.69239,-0.1731,-0.031997,0.52208,-0.068147,-0.21161,0.41832,0.0051432,0.15036,0.44342,-0.056203,-0.22815,0.12031,0.027873,0.26841,0.21329,-0.010501,-0.26876,-0.12159,-0.049299,0.29346,0.0099643,-0.17368,-0.0053329,0.14835,-0.014292,0,0.073608,0,-0.074362,-0.015846,0.019462,0.08598,0.00023269,5.0545e-05,-0.07962,-0.62213,0.030966,0.10888,-0.62216,-0.035385,-0.093002,-1.0285,0.12133,0.12352,-1.0363,-0.019694
-0.067803,0.719,-0.18486,-0.023002,0.56417,-0.071932,-0.20656,0.47416,-0.0090362,0.14561,0.4925,-0.078398,-0.21231,0.16804,0.017759,0.26957,0.22483,-0.015111,-0.22893,-0.084376,-0.0079727,0.28624,-0.0022873,-0.14022,-0.0037192,0.20425,-0.015046,0,0.13154,0,-0.077959,0.045679,0.018885,0.086034,0.059516,0.0022033,-0.076728,-0.57066,0.0040601,0.11471,-0.56416,-0.059004,-0.069101,-0.98457,0.1058,0.12144,-1.0242,-0.0088691
-0.06474,0.77995,-0.20928,-0.01982,0.59464,-0.092262,-0.20076,0.5102,-0.028863,0.14865,0.51421,-0.086759,-0.199,0.24067,0.031882,0.25788,0.23895,-0.01957,-0.21501,-0.020848,0.023526,0.29818,0.0032608,-0.1173,-0.0033097,0.23161,-0.01772,0,0.16009,0,-0.078483,0.081953,0.023036,0.085642,0.083937,0.0042592,-0.068839,-0.46727,-0.069918,0.1071,-0.48021,-0.10956,-0.038158,-0.87582,0.10997,0.12692,-0.90213,0.025677
-0.04599,0.78994,-0.22798,-0.0053197,0.60415,-0.11811,-0.19014,0.51974,-0.037011,0.15503,0.52381,-0.096127,-0.18939,0.24655,0.039188,0.26378,0.24319,-0.022916,-0.20492,-2.9866e-05,0.080294,0.32175,-0.0027201,-0.054251,-0.00031218,0.25278,-0.022565,0,0.18569,0,-0.085952,0.11887,0.035794,0.084498,0.10973,0.0055775,-0.053874,-0.37761,-0.12181,0.078949,-0.38383,-0.16309,0.029186,-0.7763,0.091842,0.11128,-0.79713,0.037811
-0.056991,0.76243,-0.25401,-0.0081426,0.60328,-0.11964,-0.19154,0.52852,-0.041257,0.15308,0.52716,-0.099895,-0.19672,0.26828,0.096714,0.26187,0.24969,-0.016811,-0.22395,0.019896,0.12354,0.34949,0.012246,-0.039898,-0.001066,0.25856,-0.023009,0,0.1921,0,-0.084812,0.12112,0.03589,0.084862,0.11682,0.0060148,-0.043066,-0.38487,-0.11777,0.051486,-0.34797,-0.19933,0.029447,-0.7629,0.092419,0.095499,-0.74808,0.022278
-0.062166,0.75513,-0.26459,-0.01531,0.60226,-0.12157,-0.19283,0.54263,-0.048722,0.14598,0.53192,-0.099621,-0.20437,0.27765,0.11751,0.26092,0.25873,0.0012595,-0.25297,0.042418,0.18318,0.38059,0.036719,0.009096,-0.0025924,0.26537,-0.023132,0,0.1992,0,-0.080154,0.12748,0.034492,0.08629,0.12427,0.0051772,-0.029739,-0.40326,-0.10275,0.039921,-0.34794,-0.17775,-0.019653,-0.76094,0.10109,0.078955,-0.76689,-0.010451
-0.067219,0.75429,-0.27504,-0.018475,0.59926,-0.13273,-0.19841,0.54403,-0.038888,0.14145,0.53596,-0.10655,-0.21094,0.30018,0.14728,0.2627,0.27503,0.019292,-0.29467,0.074959,0.21288,0.41596,0.078128,0.048168,-0.0032266,0.25769,-0.024329,0,0.18974,0,-0.07687,0.1148,0.030668,0.084104,0.11784,0.010294,0.00068969,-0.44801,-0.1218,0.02745,-0.40849,-0.18106,-0.021198,-0.82887,0.0070917,0.065114,-0.82412,-0.086474
-0.070084,0.75328,-0.28301,-0.019936,0.59497,-0.14416,-0.19705,0.54205,-0.044193,0.14178,0.53497,-0.11467,-0.2153,0.32557,0.1438,0.26531,0.28674,0.033605,-0.35046,0.1305,0.21788,0.45694,0.12171,0.033124,-0.0031681,0.25606,-0.026424,0,0.18838,0,-0.07632,0.11309,0.032543,0.083302,0.1176,0.012239,-0.0061022,-0.55754,-0.078042,0.061758,-0.51821,-0.14051,-0.058048,-0.96642,-0.043813,0.074685,-0.88857,-0.17519
-0.079498,0.72652,-0.28872,-0.028422,0.58069,-0.1454,-0.20201,0.53237,-0.046217,0.13086,0.52783,-0.1115,-0.23135,0.3213,0.16309,0.26225,0.29758,0.059574,-0.44365,0.19606,0.20672,0.47727,0.17191,-0.00058178,-0.0047809,0.23987,-0.026991,0,0.17168,0,-0.071021,0.094883,0.030051,0.080759,0.10622,0.016071,-0.033149,-0.58206,-0.048529,0.079695,-0.56389,-0.1198,-0.080233,-1.0272,-0.055526,0.089577,-1.0278,-0.23505
-0.089221,0.68311,-0.26398,-0.017367,0.56888,-0.12283,-0.20701,0.49694,-0.022508,0.12596,0.49621,-0.091458,-0.2706,0.29096,0.18435,0.25185,0.2933,0.083011,-0.52056,0.25281,0.18415,0.48376,0.23409,-0.014113,-0.0024691,0.20964,-0.021868,0,0.13579,0,-0.06907,0.057623,0.023334,0.072688,0.065552,0.01199,-0.05798,-0.62292,-0.01166,0.076104,-0.60852,-0.098847,-0.087647,-1.0269,-0.025899,0.083377,-1.0355,-0.20827
-0.075157,0.66598,-0.25299,-0.029231,0.49172,-0.10976,-0.19486,0.43458,-0.016358,0.13667,0.44137,-0.069682,-0.28543,0.26716,0.15507,0.28431,0.25559,0.068576,-0.53484,0.30627,0.12092,0.50378,0.28267,-0.069206,-0.004673,0.15942,-0.022713,0,0.097424,0,-0.067752,0.020363,0.024618,0.077698,0.029086,0.01009,-0.080104,-0.62336,-0.0084853,0.090295,-0.64528,-0.098673,-0.084897,-1.0282,-0.0064398,0.10107,-1.0415,-0.16677
-0.080779,0.59065,-0.21131,-0.028531,0.43537,-0.090191,-0.19629,0.3711,0.0029233,0.14161,0.38106,-0.060815,-0.29642,0.22152,0.15274,0.3206,0.21672,0.040391,-0.50693,0.32754,0.045942,0.50144,0.33998,-0.10128,-0.0047552,0.080928,-0.017961,0,0.01004,0,-0.072634,-0.068606,0.022227,0.082719,-0.061651,0.0045697,-0.085605,-0.63853,-0.060016,0.090783,-0.6672,-0.10893,-0.074186,-1.029,0.014965,0.10059,-1.0474,-0.13368
-0.047148,0.55472,-0.20822,-0.016838,0.39202,-0.083249,-0.19701,0.3182,0.0055083,0.15229,0.31807,-0.052284,-0.31398,0.1537,0.13002,0.32363,0.12781,0.053805,-0.46814,0.30585,-0.015325,0.43231,0.33099,-0.14683,-0.0031193,0.049055,-0.01699,0,-0.019961,0,-0.077984,-0.098742,0.01958,0.086619,-0.099917,0.0053794,-0.078767,-0.64843,-0.11019,0.041021,-0.6847,-0.14175,-0.070749,-1.0391,0.018456,0.09145,-1.0502,-0.12356
-0.046979,0.51331,-0.18327,-0.020793,0.353,-0.071457,-0.20348,0.27422,0.012087,0.15623,0.28894,-0.045227,-0.30968,0.086749,0.11651,0.33967,0.13039,-0.0011326,-0.41932,0.2428,-0.064129,0.40156,0.30309,-0.18975,-0.0035012,0.010385,-0.014864,0,-0.058216,0,-0.083617,-0.14184,0.019005,0.091569,-0.13941,0.002259,-0.045242,-0.62141,-0.14336,0.017244,-0.68438,-0.1599,-0.032224,-1.0722,-0.027063,0.089865,-1.0525,-0.10889
-0.04661,0.51778,-0.1713,-0.020947,0.34776,-0.065478,-0.20292,0.27208,0.014536,0.15513,0.27982,-0.045059,-0.29988,0.058318,0.080488,0.33741,0.11306,-0.019153,-0.39393,0.17962,-0.13489,0.37416,0.24639,-0.24527,-0.0034724,0.0058525,-0.013972,0,-0.062972,0,-0.083458,-0.14524,0.01915,0.091517,-0.14371,0.00046625,-0.042183,-0.62395,-0.14494,0.017078,-0.68525,-0.15947,-0.065057,-1.0668,-0.0067194,0.090778,-1.0527,-0.10768
-0.046107,0.52797,-0.15713,-0.018122,0.35545,-0.058381,-0.20199,0.27306,0.015428,0.15665,0.28021,-0.042756,-0.28613,0.049866,0.070993,0.32861,0.09807,-0.036744,-0.3689,0.098045,-0.17734,0.35142,0.21045,-0.27641,-0.003364,0.0063121,-0.012993,0,-0.062768,0,-0.083351,-0.14523,0.017006,0.09086,-0.14311,-0.0012151,-0.052414,-0.62904,-0.13217,0.021268,-0.68659,-0.15855,-0.027956,-1.0522,-0.017263,0.090979,-1.057,-0.10398
-0.049537,0.58626,-0.1351,-0.01683,0.41575,-0.045875,-0.19977,0.32179,0.020127,0.15174,0.33399,-0.041823,-0.26819,0.09554,0.081312,0.27704,0.12587,-0.00041983,-0.35112,0.009766,-0.15581,0.33671,0.11163,-0.25992,-0.0026132,0.050738,-0.011106,0,-0.023855,0,-0.080065,-0.10909,0.016961,0.086522,-0.093402,-0.0068205,-0.070448,-0.64909,-0.059511,0.062422,-0.68471,-0.12613,-0.039408,-1.0496,0.0045005,0.087464,-1.0526,-0.096491
-0.060334,0.65596,-0.13521,-0.026341,0.48403,-0.047489,-0.20488,0.39855,0.016496,0.14373,0.41408,-0.045935,-0.26109,0.15041,0.084624,0.24861,0.18598,-0.0066461,-0.31442,-0.040752,-0.086086,0.31937,0.10537,-0.24975,-0.0043902,0.11864,-0.01084,0,0.045558,0,-0.074257,-0.038371,0.016301,0.083725,-0.028123,-0.0043933,-0.089153,-0.61944,0.0028109,0.094997,-0.64453,-0.087134,-0.069585,-1.038,0.064097,0.088078,-1.0419,-0.10642
-0.057511,0.71415,-0.15129,-0.025842,0.5526,-0.056518,-0.21014,0.45813,0.01205,0.14654,0.47456,-0.050096,-0.25327,0.18238,0.071133,0.27006,0.26673,-0.0051122,-0.29925,-0.052543,-0.023883,0.30339,0.078306,-0.18438,-0.004307,0.17559,-0.012346,0,0.10019,0,-0.07248,0.008589,0.01622,0.081562,0.02899,-0.0014936,-0.088623,-0.61526,0.018128,0.10815,-0.60111,-0.060281,-0.090711,-1.0309,0.035179,0.094586,-1.0302,-0.1206
-0.056368,0.77294,-0.15608,-0.020266,0.60975,-0.067992,-0.20834,0.51278,-0.0053371,0.14768,0.52848,-0.060331,-0.23924,0.2252,0.076578,0.27348,0.28085,-0.01641,-0.28156,-0.023598,0.051389,0.30471,0.052429,-0.13401,-0.0033776,0.23679,-0.014258,0,0.1622,0,-0.081348,0.074521,0.019337,0.088595,0.089826,-0.00015782,-0.08844,-0.59357,0.013914,0.10851,-0.54298,-0.077095,-0.082958,-1.0194,0.024012,0.11065,-0.99625,-0.08811
-0.050942,0.7997,-0.17206,-0.018221,0.63067,-0.078259,-0.19762,0.55518,-0.01014,0.15277,0.54804,-0.067565,-0.22595,0.27429,0.094823,0.27672,0.29254,-0.019231,-0.25479,0.026523,0.12038,0.32679,0.046764,-0.063587,-0.0030011,0.27298,-0.016426,0,0.20219,0,-0.078012,0.1244,0.025101,0.085103,0.12739,-0.00051886,-0.075907,-0.47819,-0.059201,0.10026,-0.46533,-0.11942,-0.057468,-0.89557,0.055373,0.10365,-0.88286,0.023092
-0.042126,0.81314,-0.19209,-0.021764,0.64568,-0.09322,-0.19261,0.5734,-0.016876,0.15672,0.56124,-0.078982,-0.21744,0.31576,0.0955,0.26671,0.31219,-0.0086267,-0.23032,0.072598,0.16222,0.33318,0.057477,0.0016298,-0.0037514,0.29673,-0.019137,0,0.22759,0,-0.07836,0.14843,0.030187,0.087296,0.15157,-0.00019496,-0.03292,-0.376,-0.13953,0.065498,-0.34992,-0.1531,-0.023028,-0.78024,0.079488,0.097395,-0.75404,0.064261
-0.042061,0.82467,-0.21068,-0.024066,0.65017,-0.10523,-0.19431,0.58271,-0.022508,0.14908,0.56465,-0.086597,-0.22083,0.32989,0.10561,0.25892,0.31536,0.010383,-0.2333,0.10646,0.20845,0.32408,0.065054,0.029768,-0.0041343,0.3109,-0.021595,0,0.24421,0,-0.079151,0.16907,0.03292,0.088931,0.1726,0.0044345,-0.02826,-0.30861,-0.13174,0.024824,-0.28734,-0.2041,-0.018368,-0.71282,0.087272,0.038946,-0.66847,0.049033
-0.046833,0.81754,-0.22322,-0.020527,0.64911,-0.10984,-0.19399,0.5836,-0.023397,0.14649,0.56548,-0.089549,-0.2066,0.3508,0.14954,0.2589,0.30122,0.05036,-0.23266,0.12905,0.25342,0.34871,0.072583,0.09505,-0.0036497,0.31243,-0.022149,0,0.24597,0,-0.079606,0.17088,0.033784,0.087993,0.1747,0.0042623,-0.020332,-0.30312,-0.13881,0.0078544,-0.27896,-0.2126,0.009439,-0.62988,0.12104,0.028794,-0.63684,0.069342
-0.045846,0.81336,-0.23944,-0.022162,0.64761,-0.11983,-0.19849,0.58574,-0.02739,0.14023,0.5663,-0.09389,-0.21404,0.35391,0.15894,0.25394,0.30512,0.055192,-0.23888,0.13196,0.26279,0.3668,0.10083,0.13769,-0.0041739,0.31342,-0.023922,0,0.24722,0,-0.080056,0.17156,0.033769,0.089385,0.17691,0.0084296,-0.030744,-0.36656,-0.088773,0.019952,-0.28178,-0.20073,-0.013185,-0.681,0.10214,0.028921,-0.67214,0.03999
-0.050576,0.78923,-0.25421,-0.021624,0.64074,-0.12676,-0.20078,0.58352,-0.03018,0.13784,0.5651,-0.097412,-0.21355,0.35003,0.17842,0.24977,0.31655,0.073598,-0.25002,0.122,0.26655,0.39527,0.127,0.14129,-0.003952,0.30366,-0.024833,0,0.23619,0,-0.078456,0.15955,0.033615,0.086961,0.16518,0.0096685,-0.042125,-0.37539,-0.11297,0.058888,-0.35962,-0.14194,-0.061869,-0.8061,0.034283,0.051424,-0.73992,0.043096
-0.056009,0.78522,-0.25768,-0.024997,0.62067,-0.13378,-0.19721,0.57091,-0.037436,0.13485,0.56329,-0.098076,-0.21693,0.34977,0.17898,0.2473,0.32132,0.087325,-0.29533,0.14962,0.2973,0.42323,0.15039,0.13328,-0.0043162,0.28322,-0.025525,0,0.2156,0,-0.075008,0.13936,0.031119,0.083999,0.14943,0.01165,-0.073962,-0.51293,-0.070106,0.074093,-0.46896,-0.11055,-0.11119,-0.92699,-0.020482,0.079413,-0.87941,-0.031476
-0.054735,0.74509,-0.26852,-0.021961,0.59791,-0.13364,-0.19906,0.55879,-0.03592,0.13554,0.54922,-0.093179,-0.22547,0.34855,0.18746,0.24786,0.32206,0.10788,-0.35756,0.15514,0.2676,0.46336,0.192,0.072799,-0.0036356,0.25499,-0.025269,0,0.18636,0,-0.076081,0.1093,0.026943,0.08396,0.1168,0.015476,-0.095517,-0.56882,-0.040844,0.086708,-0.55498,-0.07751,-0.12957,-1.0126,-0.039688,0.092688,-0.97768,-0.064171
-0.046954,0.72598,-0.25918,-0.0099365,0.55183,-0.12417,-0.1882,0.50531,-0.022735,0.14775,0.49414,-0.074901,-0.24618,0.29674,0.19145,0.28701,0.29151,0.11362,-0.4621,0.18785,0.24977,0.52045,0.24193,0.016781,-0.0017347,0.21206,-0.023663,0,0.14372,0,-0.076558,0.070351,0.025943,0.080078,0.06976,0.013224,-0.10483,-0.60887,-0.016717,0.094733,-0.60903,-0.045493,-0.12577,-1.0219,-0.02121,0.1059,-1.0452,-0.053211
-0.044311,0.64609,-0.25067,-0.013823,0.49666,-0.10422,-0.1872,0.4413,-0.013322,0.15238,0.44294,-0.059924,-0.27775,0.24723,0.184,0.29298,0.26898,0.10355,-0.52726,0.21047,0.15715,0.52218,0.26925,-0.016774,-0.0023038,0.14958,-0.020291,0,0.08017,0,-0.074434,0.0021956,0.018783,0.079392,0.0087752,0.013454,-0.10818,-0.61382,-0.018703,0.093208,-0.61626,-0.044995,-0.1182,-1.034,0.0040518,0.11043,-1.052,-0.031066
-0.018294,0.59267,-0.23468,-0.011958,0.43282,-0.093685,-0.18128,0.37949,-0.0097562,0.1608,0.37175,-0.045828,-0.29682,0.20637,0.16365,0.32469,0.21483,0.074138,-0.54127,0.25391,0.10761,0.51049,0.30265,-0.086898,-0.0019929,0.086038,-0.018534,0,0.016683,0,-0.077518,-0.057642,0.014716,0.081863,-0.06018,0.014111,-0.10848,-0.62834,-0.053534,0.083464,-0.66137,-0.06931,-0.11645,-1.0339,0.005301,0.10223,-1.0526,-0.027764
-0.021364,0.51973,-0.213,-0.0081327,0.37249,-0.0793,-0.1903,0.3044,-0.014581,0.16984,0.31116,-0.038071,-0.31051,0.15019,0.13039,0.33196,0.11898,0.088031,-0.52934,0.20364,0.0020476,0.45101,0.26917,-0.090649,-0.0013555,0.028267,-0.016136,0,-0.040576,0,-0.083646,-0.1193,0.0090599,0.086801,-0.12212,0.016146,-0.091515,-0.64294,-0.11057,0.05743,-0.67139,-0.12476,-0.11581,-1.0305,-0.0098469,0.095359,-1.0533,-0.035322
-0.014585,0.52687,-0.19357,-0.01317,0.35399,-0.080254,-0.18984,0.28801,-0.011195,0.16594,0.29374,-0.035537,-0.3188,0.099026,0.091732,0.3344,0.13505,0.037053,-0.50578,0.1591,-0.081139,0.45263,0.23436,-0.17694,-0.0019823,0.017503,-0.016253,0,-0.050138,0,-0.083225,-0.12733,0.0091961,0.087641,-0.13037,0.016214,-0.085298,-0.64511,-0.12144,0.05595,-0.66932,-0.13546,-0.11148,-1.0349,-0.014195,0.086937,-1.0505,-0.038292
-0.018188,0.52117,-0.18692,-0.013451,0.34951,-0.071628,-0.18968,0.28426,-0.012888,0.16561,0.28979,-0.037887,-0.28903,0.079485,0.091103,0.32864,0.096704,0.028559,-0.44752,0.070343,-0.11939,0.43051,0.17251,-0.20385,-0.0020964,0.011476,-0.01523,0,-0.056382,0,-0.082685,-0.13402,0.0087453,0.087452,-0.13586,0.014349,-0.085434,-0.64663,-0.12636,0.05784,-0.6688,-0.1405,-0.10587,-1.0382,-0.016633,0.08564,-1.0522,-0.041098
-0.025127,0.54841,-0.17436,-0.014944,0.39132,-0.055425,-0.1933,0.29572,-0.012466,0.16535,0.30504,-0.035444,-0.28084,0.084135,0.090213,0.32009,0.10748,0.0089165,-0.4083,-0.00037989,-0.12478,0.41159,0.087378,-0.23968,-0.00231,0.027366,-0.013288,0,-0.043918,0,-0.082245,-0.12634,0.0074043,0.087335,-0.12327,0.011974,-0.095381,-0.64431,-0.11309,0.082969,-0.66114,-0.12687,-0.10592,-1.0381,-0.018843,0.084952,-1.0548,-0.0389
-0.034422,0.62213,-0.16383,-0.016987,0.44483,-0.061576,-0.20268,0.36176,-0.010276,0.16213,0.37531,-0.033029,-0.26682,0.13183,0.081446,0.28146,0.17131,0.026986,-0.34861,-0.041468,-0.096895,0.37307,0.054106,-0.19103,-0.0028312,0.091253,-0.013181,0,0.020537,0,-0.079836,-0.064209,0.011035,0.086369,-0.057898,0.0071361,-0.10672,-0.62835,-0.045973,0.10191,-0.64425,-0.074596,-0.10239,-1.0442,-0.0074053,0.084299,-1.0546,-0.039346
-0.04667,0.6912,-0.16132,-0.019462,0.51426,-0.066957,-0.20689,0.42819,-0.011568,0.15564,0.44184,-0.054358,-0.26931,0.16266,0.075669,0.27299,0.19812,0.012238,-0.3176,-0.061289,-0.044156,0.34812,0.012589,-0.15554,-0.0032437,0.15094,-0.014077,0,0.078277,0,-0.076942,-0.0065203,0.013831,0.084179,0.00096109,0.0057404,-0.1139,-0.59409,0.0021765,0.11379,-0.62696,-0.025504,-0.12552,-1.0344,-0.013953,0.10801,-1.0446,-0.057803
-0.046095,0.72784,-0.17022,-0.027182,0.57392,-0.071919,-0.21061,0.48237,-0.0048822,0.15664,0.49288,-0.067103,-0.24708,0.19314,0.073166,0.26504,0.22837,-0.014509,-0.29769,-0.041847,-0.017588,0.3263,-0.0038547,-0.10592,-0.0045304,0.20716,-0.014905,0,0.13381,0,-0.074885,0.046851,0.019668,0.085049,0.056205,0.001866,-0.10789,-0.58945,0.00039404,0.11475,-0.57263,-0.025279,-0.12009,-1.0173,-0.010656,0.11327,-1.0203,-0.052319
-0.045567,0.78781,-0.17289,-0.021425,0.6018,-0.084545,-0.20454,0.50828,-0.016351,0.15087,0.51934,-0.077303,-0.23702,0.22591,0.067687,0.26178,0.24296,-0.016352,-0.26818,-0.024414,0.052049,0.31328,-0.0032677,-0.049485,-0.0034115,0.24367,-0.017332,0,0.17267,0,-0.079183,0.094463,0.026307,0.085733,0.10048,0.0014472,-0.095169,-0.49973,-0.043238,0.1052,-0.49671,-0.072464,-0.080195,-0.90703,0.059767,0.12202,-0.92632,0.029953
-0.041432,0.79629,-0.18473,-0.020129,0.61743,-0.092898,-0.19539,0.54647,-0.020138,0.14997,0.52976,-0.08713,-0.22162,0.26849,0.091032,0.24398,0.27393,-0.00242,-0.24386,0.019305,0.1091,0.29087,0.026504,-0.001832,-0.0032928,0.26093,-0.018594,0,0.18975,0,-0.07769,0.11305,0.030147,0.084824,0.11422,-0.00088299,-0.079698,-0.39404,-0.098655,0.082023,-0.41296,-0.1154,-0.047942,-0.80134,0.11469,0.1098,-0.81783,0.10249
-0.044803,0.79707,-0.19919,-0.021876,0.61971,-0.10556,-0.19635,0.55156,-0.02708,0.14711,0.53412,-0.097969,-0.22173,0.28879,0.12375,0.24321,0.27405,0.00028367,-0.23699,0.040514,0.15159,0.29381,0.028925,0.017673,-0.0038034,0.27752,-0.021589,0,0.2106,0,-0.078385,0.13879,0.036133,0.086498,0.13308,-0.00088505,-0.052413,-0.32799,-0.16306,0.042085,-0.34996,-0.14723,-0.013396,-0.71346,0.082837,0.076117,-0.7284,0.10894
-0.047179,0.79296,-0.20972,-0.022659,0.61968,-0.10888,-0.195,0.55498,-0.026027,0.1454,0.53481,-0.10011,-0.21287,0.29085,0.15686,0.24164,0.26975,0.018035,-0.23805,0.048288,0.20741,0.32888,0.043937,0.074935,-0.0037945,0.2808,-0.021529,0,0.21403,0,-0.078182,0.14171,0.035914,0.086464,0.13716,-9.7995e-05,0.00084956,-0.3115,-0.1809,0.04136,-0.36886,-0.079544,0.016326,-0.65973,0.11313,0.078469,-0.69186,0.17619
-0.051127,0.78822,-0.21469,-0.024108,0.61742,-0.11043,-0.1941,0.54781,-0.026545,0.14368,0.53419,-0.097667,-0.21161,0.32022,0.19915,0.2537,0.267,0.049228,-0.24449,0.080219,0.25532,0.3585,0.042124,0.080711,-0.0041147,0.27981,-0.021788,0,0.21304,0,-0.077415,0.13975,0.036273,0.086703,0.13715,0.00044562,-0.045093,-0.32904,-0.15625,0.047839,-0.38386,-0.081895,0.02027,-0.6986,0.10615,0.084948,-0.70685,0.17385
-0.055821,0.77867,-0.22426,-0.02586,0.61271,-0.11376,-0.19594,0.54417,-0.02514,0.14117,0.53256,-0.097263,-0.21021,0.31914,0.20296,0.2493,0.27166,0.048223,-0.25707,0.098196,0.30097,0.38568,0.070662,0.10196,-0.0044669,0.271,-0.022342,0,0.20269,0,-0.075448,0.12703,0.035414,0.085243,0.12878,0.0013657,-0.066151,-0.41681,-0.058591,0.044419,-0.39383,-0.092806,0.0044662,-0.83431,0.12791,0.071366,-0.78546,0.14602
-0.064988,0.77163,-0.23214,-0.027927,0.60316,-0.12516,-0.19825,0.53904,-0.029207,0.13483,0.52858,-0.10427,-0.19774,0.31344,0.17289,0.25032,0.27229,0.051312,-0.27868,0.12329,0.30316,0.43322,0.10205,0.071271,-0.0048226,0.24759,-0.024767,0,0.17511,0,-0.072723,0.10065,0.034116,0.081695,0.10856,0.0035319,-0.084579,-0.48738,-0.0093002,0.074574,-0.53257,-0.042328,-0.044505,-0.94189,0.09385,0.098454,-0.91394,0.074295
-0.083452,0.71949,-0.24298,-0.026593,0.55742,-0.13755,-0.19667,0.50728,-0.031494,0.12803,0.5004,-0.10441,-0.17539,0.22353,0.12864,0.25319,0.26952,0.057044,-0.33721,0.20264,0.30659,0.47779,0.15528,0.033119,-0.0043899,0.19431,-0.025919,0,0.12206,0,-0.065978,0.0412,0.026213,0.074687,0.067658,0.012595,-0.06982,-0.62599,0.056312,0.08981,-0.58506,-0.020185,-0.060283,-1.0254,0.069448,0.10539,-1.0101,0.013189
-0.092036,0.69976,-0.24406,-0.034461,0.51524,-0.14,-0.19202,0.46167,-0.039818,0.1305,0.4488,-0.10155,-0.23782,0.25192,0.19717,0.26213,0.24798,0.058002,-0.46121,0.17974,0.27482,0.49093,0.20127,-0.051369,-0.0056171,0.15857,-0.026223,0,0.086823,0,-0.065748,0.015793,0.028116,0.077014,0.014277,0.01176,-0.069593,-0.64279,0.071285,0.095926,-0.60433,-0.0063944,-0.054176,-1.0343,0.093843,0.11257,-1.0534,0.014491
-0.081977,0.62082,-0.25214,-0.034504,0.4442,-0.13964,-0.19591,0.38689,-0.032132,0.1332,0.38811,-0.093121,-0.25201,0.23454,0.20642,0.31248,0.20347,0.021482,-0.5034,0.22924,0.21069,0.52942,0.25568,-0.11022,-0.0057507,0.096203,-0.026187,0,0.026604,0,-0.069401,-0.048918,0.027533,0.081113,-0.039628,0.015011,-0.075894,-0.64507,0.060434,0.084039,-0.66144,-0.016601,-0.050095,-1.0383,0.10226,0.11092,-1.0585,0.029324
-0.08441,0.53678,-0.25914,-0.029824,0.38263,-0.13843,-0.20086,0.32033,-0.034662,0.13545,0.31405,-0.10329,-0.30106,0.1812,0.14469,0.30199,0.13026,0.019206,-0.53417,0.2757,0.14734,0.46619,0.26718,-0.16909,-0.0049707,0.034423,-0.025986,0,-0.035219,0,-0.073411,-0.11363,0.031371,0.083806,-0.10245,0.011889,-0.066269,-0.64284,-0.026576,0.052195,-0.64711,-0.055418,-0.036505,-1.0474,0.10324,0.09258,-1.054,0.021938
-0.079268,0.4969,-0.24933,-0.035059,0.3404,-0.12921,-0.20576,0.27496,-0.028143,0.12683,0.28297,-0.10868,-0.31474,0.12778,0.11696,0.33896,0.13261,-0.062819,-0.5384,0.21567,0.026602,0.45343,0.27428,-0.25136,-0.0056287,0.0078938,-0.024753,0,-0.05923,0,-0.074442,-0.13175,0.030823,0.087048,-0.13141,0.010578,-0.059135,-0.63561,-0.039606,0.0093612,-0.66807,-0.08384,-0.0254,-1.0441,0.058759,0.049426,-1.0588,0.028102
-0.073209,0.49181,-0.2437,-0.035681,0.32064,-0.12091,-0.20667,0.26475,-0.017955,0.13316,0.25836,-0.10052,-0.31324,0.07993,0.094517,0.32146,0.10097,-0.068722,-0.51496,0.15756,-0.04934,0.40247,0.21976,-0.28998,-0.0058984,-0.005554,-0.023414,0,-0.070999,0,-0.076447,-0.1478,0.031316,0.088655,-0.14434,0.0097613,-0.038859,-0.63406,-0.10362,0.016802,-0.75234,-0.079242,-0.016539,-1.056,0.042009,0.053416,-1.073,0.030429
-0.074593,0.48255,-0.20078,-0.036331,0.31439,-0.108,-0.20849,0.25722,-0.0081893,0.13362,0.25605,-0.096338,-0.29475,0.051589,0.097894,0.29627,0.076527,-0.055233,-0.4666,0.053444,-0.10062,0.36584,0.106,-0.30987,-0.0059908,-0.010671,-0.022017,0,-0.076094,0,-0.076261,-0.15476,0.030667,0.08925,-0.14945,0.0077189,-0.039889,-0.64066,-0.1059,0.016628,-0.75226,-0.080702,-0.015849,-1.0552,0.039027,0.05336,-1.0735,0.027673
-0.078281,0.51009,-0.18832,-0.036751,0.33383,-0.095577,-0.20924,0.26093,-0.005204,0.1351,0.26097,-0.088068,-0.2822,0.055036,0.092101,0.29613,0.076441,-0.057431,-0.40506,-0.040684,-0.12012,0.31712,0.019738,-0.31622,-0.0061972,-0.007566,-0.020437,0,-0.074557,0,-0.076299,-0.15396,0.029885,0.089643,-0.14846,0.0064842,-0.041774,-0.64064,-0.10402,0.03495,-0.74054,-0.081926,-0.015346,-1.0543,0.038788,0.0545,-1.0649,0.022408
-0.070341,0.57004,-0.1757,-0.035294,0.39588,-0.087996,-0.20898,0.30533,0.0035856,0.13944,0.32125,-0.078163,-0.26236,0.074638,0.090704,0.28792,0.13231,-0.031072,-0.36435,-0.074076,-0.099304,0.32661,0.00097335,-0.25666,-0.0062872,0.039364,-0.017424,0,-0.035033,0,-0.075085,-0.12187,0.027149,0.088107,-0.10631,0.00099749,-0.051859,-0.63454,-0.050071,0.062491,-0.66794,-0.080726,-0.015463,-1.0532,0.048298,0.06092,-1.0616,0.017517
-0.071164,0.63806,-0.16727,-0.034963,0.46826,-0.079238,-0.21359,0.38289,0.0059457,0.14153,0.38729,-0.072009,-0.25064,0.1228,0.097017,0.27433,0.15357,-0.037972,-0.33629,-0.066733,-0.059129,0.322,-0.030669,-0.21708,-0.0058272,0.10677,-0.016119,0,0.034477,0,-0.072896,-0.051011,0.026916,0.085801,-0.040142,-0.002945,-0.057986,-0.63312,0.0020703,0.10258,-0.65889,-0.047059,-0.030763,-1.0406,0.075464,0.090814,-1.0524,0.0086277
-0.079695,0.70625,-0.16342,-0.038188,0.53498,-0.071714,-0.21193,0.45393,0.016513,0.13422,0.46158,-0.077462,-0.24272,0.1445,0.096157,0.25587,0.1918,-0.041186,-0.29015,-0.093281,0.013998,0.31091,-0.043657,-0.1257,-0.0063647,0.1613,-0.014864,0,0.086562,0,-0.067309,0.0025952,0.02807,0.080789,0.012246,-0.0078014,-0.060486,-0.62587,0.038317,0.12454,-0.623,-0.013522,-0.060663,-1.0354,0.057584,0.1214,-1.0476,-0.035953
-0.072857,0.76741,-0.16425,-0.031456,0.53639,-0.07227,-0.20655,0.50956,0.0060571,0.13461,0.52503,-0.082312,-0.22729,0.22646,0.093289,0.24955,0.23307,-0.03695,-0.24576,-0.024629,0.084264,0.29988,-0.013567,-0.058212,-0.0041698,0.20787,-0.01411,0,0.14408,0,-0.066433,0.059545,0.030475,0.076727,0.070635,-0.0098026,-0.060407,-0.61921,0.039192,0.12849,-0.57735,-0.013866,-0.057719,-1.0195,0.040432,0.1158,-1.0271,-0.021864
-0.064825,0.81769,-0.16416,-0.026991,0.65115,-0.099933,-0.20578,0.54084,0.00028264,0.13861,0.54756,-0.088708,-0.21698,0.28417,0.10154,0.24879,0.2553,-0.01912,-0.2193,0.035109,0.12444,0.29941,0.010119,-0.0060747,-0.0044985,0.27797,-0.019567,0,0.20333,0,-0.071814,0.1208,0.036665,0.08134,0.12781,-0.0064378,-0.061523,-0.50842,-0.013107,0.11709,-0.50858,-0.053192,-0.012512,-0.88589,0.05703,0.11477,-0.90807,0.039115
-0.060591,0.82519,-0.17155,-0.023724,0.65897,-0.10619,-0.19631,0.57157,-0.0049204,0.14333,0.56349,-0.090611,-0.21111,0.32719,0.10486,0.24496,0.29957,0.0063511,-0.2142,0.059449,0.183,0.31665,0.063039,0.040376,-0.0037637,0.29404,-0.020977,0,0.22158,0,-0.073869,0.14506,0.038044,0.081422,0.14637,-0.0045016,-0.052667,-0.40556,-0.087202,0.089546,-0.42038,-0.096287,0.028333,-0.8331,0.067968,0.094385,-0.83394,0.083209
-0.067525,0.83347,-0.18281,-0.025502,0.66555,-0.10855,-0.19635,0.5853,-0.0060592,0.14447,0.57677,-0.090167,-0.20315,0.3487,0.11675,0.24759,0.31296,0.015404,-0.21411,0.10378,0.21091,0.33869,0.090309,0.075615,-0.0043353,0.3202,-0.020875,0,0.25271,0,-0.076311,0.17689,0.0375,0.085405,0.17303,-0.0054093,-0.026598,-0.30332,-0.15412,0.065102,-0.37274,-0.10745,0.022334,-0.70539,0.032185,0.12184,-0.72838,0.11936
-0.068672,0.83635,-0.18565,-0.024958,0.67546,-0.096861,-0.19782,0.59484,-0.00020115,0.14264,0.58071,-0.085439,-0.2065,0.35496,0.16778,0.25187,0.3198,0.039971,-0.21954,0.11546,0.23036,0.37225,0.11115,0.11089,-0.0040682,0.32745,-0.019407,0,0.25866,0,-0.07739,0.18156,0.036371,0.087351,0.18091,-0.0054382,-0.024336,-0.28516,-0.16233,0.054657,-0.38714,-0.046997,0.019003,-0.67714,0.074345,0.11076,-0.68128,0.14465
-0.069469,0.83632,-0.18704,-0.024309,0.68137,-0.083521,-0.19817,0.59809,0.0028738,0.1424,0.59519,-0.070723,-0.20831,0.36111,0.17334,0.27247,0.34179,0.088394,-0.2233,0.1331,0.2651,0.39765,0.12998,0.12818,-0.0038805,0.33025,-0.017985,0,0.26076,0,-0.078038,0.18216,0.034473,0.088239,0.18604,-0.0049214,-0.027185,-0.2909,-0.16319,0.049471,-0.38854,-0.0508,0.0009473,-0.68682,0.069763,0.10348,-0.69496,0.14224
-0.068749,0.83829,-0.17933,-0.023963,0.68596,-0.07167,-0.19875,0.59981,0.0059571,0.13986,0.59972,-0.062474,-0.20489,0.37344,0.19725,0.26956,0.36153,0.097957,-0.24876,0.15384,0.29841,0.4284,0.16824,0.11351,-0.004248,0.33009,-0.017015,0,0.26004,0,-0.073411,0.17754,0.027473,0.087,0.18664,-0.0047894,-0.033069,-0.39518,-0.10894,0.070383,-0.36438,-0.11392,-0.020501,-0.79646,0.080646,0.11497,-0.74925,0.12636
-0.072502,0.83954,-0.17051,-0.028198,0.68454,-0.06595,-0.20144,0.59924,0.013253,0.13398,0.60095,-0.052485,-0.20721,0.36915,0.20112,0.26945,0.35715,0.11534,-0.29652,0.16047,0.29607,0.46459,0.19795,0.095396,-0.0054691,0.32113,-0.014389,0,0.24684,0,-0.070469,0.16046,0.019595,0.083836,0.18103,-0.0030791,-0.056309,-0.50674,-0.053008,0.098062,-0.44152,-0.086929,-0.076131,-0.88133,0.05359,0.12419,-0.82276,0.087371
-0.073774,0.8337,-0.15073,-0.030647,0.67261,-0.057377,-0.20098,0.58747,0.026851,0.13419,0.59271,-0.033533,-0.21997,0.31815,0.20671,0.2665,0.35354,0.12325,-0.38117,0.16315,0.30828,0.48231,0.23528,0.055326,-0.0053906,0.30514,-0.012596,0,0.23135,0,-0.071557,0.15147,0.016257,0.083638,0.15829,-0.0012667,-0.065659,-0.52794,-0.019132,0.10442,-0.52103,-0.028797,-0.096132,-1.0076,0.011255,0.13326,-0.95898,0.046819
-0.069528,0.81062,-0.12528,-0.030945,0.62215,-0.042553,-0.20102,0.54461,0.047856,0.13896,0.54916,-0.022366,-0.23131,0.29502,0.22412,0.26802,0.33303,0.12563,-0.45401,0.18469,0.25085,0.48739,0.2719,0.0037011,-0.005177,0.26143,-0.01021,0,0.18927,0,-0.07103,0.094489,0.01606,0.082415,0.13067,-0.0047337,-0.070858,-0.51208,-0.024254,0.10725,-0.54854,-0.02516,-0.090956,-0.98317,0.0070515,0.14962,-1.0213,0.032066
-0.053032,0.74538,-0.12091,-0.026518,0.57222,-0.038656,-0.20253,0.47563,0.048595,0.1444,0.47965,-0.015823,-0.25701,0.24196,0.2128,0.26801,0.28359,0.12159,-0.50611,0.20584,0.20841,0.49128,0.28551,-0.0093106,-0.0044088,0.19794,-0.0093446,0,0.12319,0,-0.07028,0.026856,0.0094447,0.079481,0.063499,-0.00098201,-0.075316,-0.62476,-0.048302,0.10774,-0.60626,-0.028616,-0.081938,-1.0344,0.041351,0.14059,-1.0322,0.032294
-0.056905,0.69049,-0.11574,-0.027675,0.50151,-0.042542,-0.20042,0.40018,0.04304,0.15241,0.4141,-0.012737,-0.26457,0.18839,0.17725,0.29015,0.22742,0.10705,-0.51077,0.20091,0.11137,0.48752,0.287,-0.051908,-0.0046125,0.1374,-0.0099996,0,0.064578,0,-0.071856,-0.031699,0.0094766,0.081889,0.0024508,0.00076746,-0.076592,-0.62299,-0.062065,0.10287,-0.64197,-0.062092,-0.079094,-1.0338,0.035137,0.13759,-1.0385,0.035101
-0.049184,0.6251,-0.10731,-0.024214,0.43755,-0.038919,-0.20603,0.33405,0.037526,0.15254,0.34055,-0.014089,-0.28507,0.13746,0.15058,0.27493,0.1176,0.078811,-0.51818,0.18111,0.051631,0.44218,0.2497,-0.092951,-0.0040357,0.069393,-0.0093962,0,-0.0042386,0,-0.07913,-0.088765,0.0076426,0.087955,-0.080726,0.0013379,-0.076784,-0.62983,-0.082214,0.094505,-0.6558,-0.08387,-0.068298,-1.0431,0.04961,0.13324,-1.0405,0.03333
-0.052023,0.57504,-0.11231,-0.024807,0.4004,-0.042469,-0.2015,0.29716,0.027978,0.15654,0.31946,-0.017561,-0.28272,0.082099,0.1094,0.31222,0.091241,0.10143,-0.49796,0.11751,-0.030648,0.43899,0.23909,-0.11688,-0.0041221,0.045796,-0.0098377,0,-0.025573,0,-0.079651,-0.1118,0.0080397,0.088657,-0.101,0.0026582,-0.062857,-0.63602,-0.10684,0.081532,-0.64513,-0.10668,-0.063376,-1.0439,0.038901,0.12872,-1.0421,0.026466
-0.051625,0.56938,-0.11255,-0.028321,0.39112,-0.046306,-0.20231,0.29369,0.020723,0.15373,0.30756,-0.025806,-0.27704,0.073442,0.095141,0.299,0.11288,0.052896,-0.45498,0.05038,-0.095727,0.43251,0.15711,-0.17018,-0.004715,0.035902,-0.010565,0,-0.035438,0,-0.079139,-0.12137,0.0090001,0.089593,-0.10971,0.0028615,-0.061436,-0.63592,-0.11023,0.082795,-0.65042,-0.11043,-0.055528,-1.0355,0.017439,0.1229,-1.0451,0.024199
-0.050304,0.58146,-0.11452,-0.02808,0.39926,-0.046608,-0.20363,0.30157,0.0080614,0.15318,0.30946,-0.027322,-0.26835,0.077272,0.081863,0.29977,0.1041,0.032124,-0.39776,-0.037116,-0.1155,0.41706,0.11578,-0.20455,-0.0046878,0.040145,-0.010619,0,-0.031656,0,-0.078701,-0.11609,0.0080542,0.089096,-0.10638,0.0038249,-0.080695,-0.62967,-0.082277,0.097229,-0.65378,-0.097345,-0.056614,-1.0352,0.017976,0.1253,-1.0511,0.033327
-0.046572,0.64022,-0.12816,-0.033964,0.46693,-0.056505,-0.20491,0.36475,-0.00386,0.15234,0.37047,-0.033622,-0.26527,0.11327,0.080372,0.27664,0.16307,0.0081171,-0.3707,-0.049137,-0.094651,0.39183,0.060895,-0.20521,-0.0056607,0.096648,-0.012326,0,0.022591,0,-0.075572,-0.061485,0.010122,0.087776,-0.052994,0.0050514,-0.083947,-0.63819,-0.022466,0.12864,-0.62171,-0.051139,-0.063888,-1.0428,0.040998,0.12932,-1.0471,0.037634
-0.051852,0.70788,-0.12555,-0.024335,0.53311,-0.064287,-0.21224,0.4247,-0.0053,0.1458,0.43841,-0.052563,-0.26935,0.15582,0.073172,0.28746,0.23053,0.0098841,-0.32501,-0.054878,-0.066903,0.37058,0.061603,-0.17135,-0.0040558,0.15459,-0.013622,0,0.078885,0,-0.074429,-0.0091558,0.013882,0.083018,0.0066036,0.0037702,-0.083083,-0.61677,0.031796,0.13987,-0.60782,-0.012561,-0.065299,-1.0425,0.046418,0.14835,-1.0258,0.026013
-0.052267,0.76329,-0.13997,-0.032552,0.59014,-0.06988,-0.2149,0.483,-0.017475,0.14754,0.49706,-0.060405,-0.26187,0.20386,0.060283,0.288,0.26472,-0.0055125,-0.29444,-0.032881,-0.032793,0.33703,0.041551,-0.12518,-0.0054253,0.21194,-0.014555,0,0.1363,0,-0.075255,0.043125,0.015664,0.086869,0.067565,0.0041736,-0.078501,-0.61664,0.032894,0.14465,-0.60445,-0.011503,-0.063702,-1.0319,0.045276,0.15502,-1.0198,0.023075
-0.041206,0.81131,-0.15113,-0.024263,0.61687,-0.079582,-0.21306,0.53238,-0.022435,0.14844,0.54037,-0.066697,-0.24774,0.23544,0.059288,0.28901,0.28243,-0.013941,-0.28002,-0.012639,0.017721,0.3162,0.040258,-0.096722,-0.0040394,0.26513,-0.016837,0,0.19305,0,-0.078179,0.10643,0.018151,0.087176,0.11914,0.0075735,-0.072431,-0.53938,-0.0042024,0.14009,-0.50136,-0.042788,-0.054004,-0.95161,0.068206,0.15775,-0.92772,0.065467
-0.044935,0.8222,-0.15563,-0.029,0.64246,-0.099828,-0.21075,0.53562,-0.02613,0.14424,0.55279,-0.075634,-0.23704,0.25045,0.06837,0.27569,0.31043,-0.018751,-0.25631,-0.00017595,0.066153,0.29278,0.049351,-0.05192,-0.0043097,0.2791,-0.0188,0,0.20757,0,-0.078541,0.12548,0.023146,0.087467,0.13493,0.0075023,-0.066855,-0.41613,-0.086517,0.12193,-0.39801,-0.090245,-0.020127,-0.8209,0.12371,0.14384,-0.79962,0.13572
-0.036286,0.83456,-0.17832,-0.025625,0.64422,-0.1091,-0.20088,0.55004,-0.036593,0.14748,0.55579,-0.083949,-0.22567,0.27021,0.075464,0.27011,0.30341,-0.013513,-0.24858,0.024854,0.11232,0.29641,0.050503,-0.028748,-0.0038618,0.29284,-0.021713,0,0.22464,0,-0.079191,0.15233,0.031979,0.08754,0.1514,0.006414,-0.043176,-0.3147,-0.16398,0.10884,-0.33038,-0.14877,-0.007457,-0.67709,0.11402,0.11202,-0.6964,0.12697
-0.036751,0.83106,-0.18942,-0.028324,0.64029,-0.11748,-0.20108,0.55054,-0.041383,0.14638,0.5534,-0.090711,-0.22553,0.28227,0.11362,0.24843,0.27292,0.018556,-0.25739,0.040486,0.16135,0.30482,0.027691,0.0032349,-0.0041783,0.2951,-0.02352,0,0.2281,0,-0.078973,0.15448,0.033402,0.088756,0.15509,0.0082316,-0.0034464,-0.29595,-0.18986,0.11021,-0.32411,-0.15497,0.010065,-0.64397,0.10603,0.082477,-0.65909,0.15352
-0.046492,0.81823,-0.19826,-0.034773,0.6308,-0.12574,-0.2033,0.54946,-0.043927,0.1422,0.54899,-0.093365,-0.2348,0.28429,0.13914,0.24807,0.27356,0.019841,-0.25756,0.041131,0.18531,0.31191,0.033344,0.044489,-0.0043754,0.29517,-0.023644,0,0.22828,0,-0.078759,0.15439,0.033574,0.088945,0.15566,0.0085462,-0.0019576,-0.29495,-0.19113,0.11025,-0.32268,-0.15682,0.01016,-0.64348,0.10421,0.074562,-0.65934,0.14916
-0.052658,0.79114,-0.22345,-0.036386,0.6194,-0.1413,-0.20518,0.54609,-0.046194,0.13242,0.5382,-0.10711,-0.23409,0.28429,0.14131,0.24827,0.27354,0.021163,-0.25883,0.06969,0.25592,0.33467,0.046247,0.071305,-0.0049646,0.29085,-0.025041,0,0.22473,0,-0.077557,0.14941,0.034856,0.088903,0.15416,0.0092198,-0.022499,-0.3142,-0.16373,0.096406,-0.32438,-0.15632,-0.011712,-0.69779,0.08912,0.0695,-0.7126,0.088991
-0.063574,0.78109,-0.22936,-0.040686,0.60763,-0.14887,-0.21084,0.53362,-0.062735,0.12816,0.52835,-0.11366,-0.23408,0.28863,0.13973,0.2487,0.27364,0.032808,-0.2804,0.087807,0.26962,0.39431,0.073289,0.10464,-0.0062844,0.27574,-0.027084,0,0.20926,0,-0.07288,0.13094,0.035093,0.087401,0.14326,0.012121,-0.050851,-0.4427,-0.076509,0.095255,-0.40642,-0.10494,-0.078047,-0.88503,0.056767,0.088164,-0.80552,0.064879
-0.084064,0.74376,-0.25328,-0.040241,0.58,-0.16241,-0.21167,0.51539,-0.083034,0.12058,0.50824,-0.12495,-0.23368,0.2895,0.13826,0.25105,0.27478,0.039708,-0.30351,0.098174,0.27165,0.41368,0.10123,0.10735,-0.0065895,0.246,-0.029744,0,0.17887,0,-0.069689,0.10378,0.032534,0.083793,0.11762,0.018355,-0.081699,-0.54697,-0.029587,0.12326,-0.50282,-0.078025,-0.10865,-0.99122,0.0081212,0.11505,-0.89074,-0.0020197
-0.083023,0.73146,-0.24449,-0.047176,0.54712,-0.16201,-0.21408,0.48027,-0.070461,0.1228,0.48824,-0.10944,-0.24207,0.27969,0.16755,0.26971,0.27046,0.078881,-0.36297,0.10646,0.28982,0.46181,0.11676,0.11699,-0.0080876,0.19652,-0.030376,0,0.12752,0,-0.064599,0.047501,0.025947,0.081275,0.065275,0.025796,-0.10067,-0.6038,0.032825,0.14039,-0.57912,-0.036021,-0.12065,-1.0399,0.016019,0.15236,-1.0153,-0.053342
-0.087199,0.66362,-0.24618,-0.044888,0.50248,-0.14977,-0.21748,0.42686,-0.062101,0.12044,0.43093,-0.1017,-0.26095,0.23936,0.19048,0.27932,0.24667,0.10816,-0.4486,0.12494,0.29845,0.50431,0.13432,0.093356,-0.007461,0.1465,-0.027754,0,0.075247,0,-0.06609,-0.0034253,0.024241,0.081274,0.0097561,0.021741,-0.10665,-0.60139,0.045094,0.14802,-0.58779,-0.026975,-0.12947,-1.0345,0.083606,0.166,-1.0537,-0.01202
-0.086661,0.606,-0.23564,-0.043474,0.42963,-0.14356,-0.20939,0.36383,-0.060399,0.1267,0.37851,-0.093482,-0.28404,0.19771,0.19894,0.29748,0.20164,0.11365,-0.51073,0.12646,0.26691,0.54093,0.14934,0.064467,-0.0072457,0.085772,-0.026832,0,0.017,0,-0.067285,-0.061541,0.02264,0.082429,-0.048203,0.022402,-0.10641,-0.61368,0.018615,0.16629,-0.62518,-0.043361,-0.11784,-1.0298,0.088969,0.17548,-1.0475,-0.010789
-0.075116,0.56023,-0.22022,-0.043693,0.3846,-0.14622,-0.21248,0.30757,-0.062705,0.12484,0.31829,-0.091886,-0.31458,0.14641,0.16618,0.30122,0.16447,0.085995,-0.56338,0.11669,0.17323,0.53704,0.16574,-0.015622,-0.0072796,0.047776,-0.027237,0,-0.019692,0,-0.067968,-0.099964,0.026633,0.083284,-0.08365,0.020269,-0.094457,-0.65119,-0.052429,0.14636,-0.65022,-0.095884,-0.10737,-1.0458,0.076855,0.17382,-1.0463,-0.022918
-0.069795,0.53455,-0.21808,-0.048943,0.35596,-0.13839,-0.21411,0.29879,-0.06032,0.12514,0.30398,-0.088001,-0.31933,0.10921,0.13618,0.30898,0.14646,0.074725,-0.56752,0.098033,0.082847,0.53486,0.16381,-0.048753,-0.0079162,0.03219,-0.026332,0,-0.033262,0,-0.067768,-0.11414,0.026218,0.084986,-0.098771,0.01935,-0.089346,-0.65464,-0.067327,0.13951,-0.65057,-0.10911,-0.10318,-1.037,0.064829,0.16803,-1.0441,-0.030058
-0.07029,0.53541,-0.21304,-0.049646,0.35618,-0.13183,-0.2176,0.28776,-0.057682,0.12624,0.30092,-0.078026,-0.31716,0.078404,0.11581,0.30981,0.13245,0.068601,-0.53865,0.047845,-0.013636,0.50538,0.13965,-0.10365,-0.0079748,0.029538,-0.025468,0,-0.036695,0,-0.068812,-0.12023,0.02314,0.086068,-0.10307,0.019777,-0.088157,-0.65422,-0.069443,0.13866,-0.64803,-0.11479,-0.10306,-1.0371,0.062729,0.16257,-1.0426,-0.029739
-0.077502,0.57439,-0.18192,-0.053004,0.39135,-0.11469,-0.22123,0.29614,-0.05588,0.126,0.3161,-0.070791,-0.30304,0.078789,0.10556,0.29551,0.13826,0.060497,-0.48597,-0.010341,-0.056529,0.48064,0.11674,-0.12264,-0.0083638,0.038765,-0.023748,0,-0.029358,0,-0.069161,-0.11335,0.021416,0.087123,-0.096677,0.018103,-0.090234,-0.64893,-0.056845,0.14356,-0.64581,-0.10789,-0.1016,-1.0375,0.06626,0.16396,-1.0426,-0.026771
-0.080414,0.6314,-0.15888,-0.053473,0.45729,-0.10684,-0.22589,0.36599,-0.044407,0.12337,0.38705,-0.068229,-0.27303,0.12197,0.088479,0.26515,0.18704,0.067378,-0.41911,-0.046508,-0.042114,0.43138,0.083876,-0.10494,-0.0089122,0.099808,-0.020711,0,0.028311,0,-0.067927,-0.05568,0.017167,0.086972,-0.040478,0.015806,-0.10048,-0.61483,0.010972,0.16625,-0.61538,-0.034365,-0.098937,-1.0371,0.085739,0.17227,-1.0449,-0.0069896
-0.085625,0.70795,-0.14689,-0.051654,0.53476,-0.097643,-0.22458,0.42504,-0.046964,0.12446,0.45141,-0.071433,-0.25546,0.15867,0.076728,0.2512,0.24756,0.060574,-0.33736,-0.057514,-0.036613,0.3991,0.084848,-0.07578,-0.008609,0.1598,-0.019179,0,0.084808,0,-0.067736,0.00034827,0.018289,0.085422,0.015207,0.010261,-0.097209,-0.62413,0.056047,0.17265,-0.61446,-0.011925,-0.10096,-1.0373,0.095867,0.20283,-1.0318,-0.014542
-0.076711,0.7705,-0.14194,-0.049675,0.59289,-0.099001,-0.21776,0.48989,-0.051235,0.12784,0.51593,-0.07422,-0.23582,0.2199,0.077236,0.25799,0.26773,0.063424,-0.26354,-0.023529,0.0059282,0.3371,0.047448,-0.043016,-0.0082792,0.22403,-0.019405,0,0.15026,0,-0.068077,0.064534,0.019672,0.085192,0.083468,0.0095261,-0.086171,-0.60052,0.069394,0.18255,-0.56092,-0.0068081,-0.093696,-1.0152,0.083493,0.21175,-0.99844,0.01472
-0.067577,0.79935,-0.15252,-0.042894,0.62171,-0.10812,-0.21444,0.51635,-0.055289,0.13268,0.53738,-0.079955,-0.22616,0.27663,0.069175,0.26141,0.27765,0.057637,-0.22738,0.025278,0.03698,0.30396,0.033492,0.0001733,-0.0069652,0.26252,-0.021159,0,0.19116,0,-0.072273,0.10688,0.023681,0.087008,0.12339,0.0097809,-0.077722,-0.53993,0.019871,0.16876,-0.46893,-0.059348,-0.05698,-0.97177,0.09824,0.20239,-0.89493,0.093236
-0.061858,0.82229,-0.16823,-0.034704,0.63873,-0.11587,-0.20732,0.54573,-0.065899,0.13687,0.55231,-0.090398,-0.21657,0.29705,0.07392,0.26114,0.29621,0.050345,-0.21863,0.044947,0.070501,0.30455,0.049081,0.017545,-0.005518,0.28529,-0.022485,0,0.21498,0,-0.073294,0.13402,0.026871,0.084527,0.14796,0.0099253,-0.067712,-0.41226,-0.08271,0.15002,-0.3687,-0.1029,-0.040614,-0.82857,0.11878,0.19815,-0.74886,0.15173
-0.060448,0.81931,-0.17726,-0.033204,0.64047,-0.11982,-0.20604,0.55037,-0.06125,0.13687,0.55322,-0.092037,-0.21298,0.30181,0.10479,0.25775,0.29772,0.051058,-0.2188,0.050877,0.10851,0.29122,0.049509,0.061213,-0.0053158,0.28941,-0.023191,0,0.21991,0,-0.073986,0.13935,0.02814,0.084897,0.15299,0.010292,-0.023917,-0.33294,-0.14783,0.13447,-0.31821,-0.16896,-0.013493,-0.69951,0.12784,0.15837,-0.6493,0.14437
-0.071305,0.80366,-0.19297,-0.032057,0.63721,-0.12666,-0.20548,0.54995,-0.063212,0.13529,0.5499,-0.10276,-0.21478,0.29837,0.10798,0.25081,0.28569,0.050163,-0.22474,0.051657,0.14206,0.29709,0.039998,0.064209,-0.0049502,0.29094,-0.025287,0,0.2229,0,-0.074616,0.14463,0.034406,0.085013,0.15583,0.010108,-0.027677,-0.32147,-0.15893,0.044937,-0.29809,-0.21358,-0.0031522,-0.59086,0.16108,0.078854,-0.62436,0.10347
-0.059612,0.79593,-0.20339,-0.035054,0.62388,-0.13434,-0.20556,0.54896,-0.0646,0.13542,0.53644,-0.10481,-0.2169,0.29782,0.11555,0.24709,0.28136,0.050165,-0.24279,0.075564,0.21625,0.30149,0.041738,0.089836,-0.0053929,0.29071,-0.025918,0,0.22318,0,-0.072682,0.14562,0.037987,0.085066,0.15588,0.0095891,-0.020205,-0.31757,-0.16068,0.043866,-0.29592,-0.21795,-0.00026188,-0.58813,0.15778,0.070807,-0.61963,0.10205
-0.062634,0.77556,-0.21165,-0.040344,0.60305,-0.1453,-0.2102,0.53431,-0.069202,0.13042,0.52749,-0.11107,-0.2385,0.29902,0.14704,0.2436,0.27245,0.051348,-0.2544,0.070946,0.23764,0.31533,0.038461,0.09512,-0.0059506,0.28389,-0.02663,0,0.21837,0,-0.071222,0.13823,0.040179,0.085439,0.15244,0.0093137,0.011628,-0.3041,-0.19452,0.10069,-0.31206,-0.19236,-0.028999,-0.69218,0.050127,0.11844,-0.62917,0.13421
-0.068333,0.76698,-0.21479,-0.042327,0.59049,-0.14536,-0.21071,0.52702,-0.067994,0.12616,0.5147,-0.11423,-0.23665,0.29005,0.14681,0.24821,0.26593,0.054867,-0.26689,0.072802,0.2556,0.35824,0.051652,0.11292,-0.0072632,0.25114,-0.027308,0,0.18321,0,-0.068639,0.10069,0.032397,0.084958,0.12279,0.014859,-0.023921,-0.44694,-0.11516,0.10364,-0.40084,-0.11332,-0.093608,-0.86209,-0.011776,0.056241,-0.77773,0.057177
-0.083261,0.73787,-0.23366,-0.044151,0.57091,-0.1462,-0.21403,0.49441,-0.080115,0.12298,0.50579,-0.11262,-0.23782,0.27938,0.15447,0.25225,0.2639,0.06071,-0.2986,0.077495,0.27725,0.42443,0.07135,0.10907,-0.0074672,0.22288,-0.02736,0,0.15302,0,-0.068213,0.061234,0.024972,0.084147,0.10116,0.019531,-0.054981,-0.56549,-0.076827,0.10961,-0.53381,-0.067115,-0.12918,-0.98624,-0.087833,0.088374,-0.91996,-0.023061
-0.081111,0.72112,-0.22343,-0.04418,0.5364,-0.13402,-0.21664,0.47621,-0.067518,0.12688,0.46812,-0.094451,-0.24078,0.25839,0.16465,0.26177,0.24905,0.078588,-0.34384,0.075972,0.28938,0.43883,0.077521,0.11372,-0.0073651,0.1971,-0.025343,0,0.12867,0,-0.066234,0.046077,0.025641,0.080766,0.053738,0.014916,-0.062509,-0.57147,-0.059801,0.12188,-0.6131,-0.050401,-0.12728,-0.98839,-0.077519,0.1073,-1.0167,-0.022719
-0.094287,0.65974,-0.21596,-0.045668,0.48877,-0.12056,-0.21624,0.40566,-0.049272,0.11995,0.41868,-0.071781,-0.26417,0.19673,0.18681,0.26953,0.21583,0.11703,-0.44934,0.064529,0.27944,0.48178,0.081196,0.099095,-0.0076016,0.13345,-0.022997,0,0.062768,0,-0.066541,-0.016822,0.016909,0.082257,-0.0037652,0.019725,-0.080892,-0.58392,-0.048086,0.12404,-0.61732,-0.041869,-0.13555,-1.0104,-0.030719,0.10791,-1.04,-0.010709
-0.090768,0.59778,-0.19149,-0.048507,0.42204,-0.10079,-0.2098,0.32942,-0.046668,0.12647,0.35136,-0.055743,-0.27208,0.14631,0.18299,0.27363,0.1629,0.14553,-0.50592,0.059063,0.19842,0.51365,0.11224,0.076563,-0.0080845,0.069027,-0.019701,0,-0.001576,0,-0.067022,-0.08263,0.014978,0.08393,-0.068183,0.015189,-0.081877,-0.64063,-0.072001,0.13113,-0.6481,-0.076721,-0.12481,-1.0193,-0.013391,0.10618,-1.0489,0.0066688
-0.073254,0.55843,-0.15486,-0.044694,0.38812,-0.092556,-0.2118,0.2997,-0.039561,0.13031,0.31938,-0.048138,-0.29359,0.090963,0.17208,0.27209,0.13154,0.13541,-0.5436,0.069865,0.14238,0.51733,0.12104,0.066967,-0.0075292,0.042712,-0.018497,0,-0.026681,0,-0.070196,-0.11068,0.014677,0.086325,-0.096557,0.013244,-0.070012,-0.64546,-0.10469,0.12198,-0.6538,-0.093563,-0.12324,-1.0197,-0.011808,0.095279,-1.0496,0.0054784
-0.067894,0.55092,-0.15142,-0.043644,0.37997,-0.08817,-0.20948,0.29234,-0.037042,0.1348,0.3079,-0.042522,-0.29335,0.061515,0.14583,0.27473,0.11902,0.12118,-0.53507,0.058919,0.062518,0.50533,0.13276,0.0077354,-0.007327,0.034696,-0.017716,0,-0.034628,0,-0.071003,-0.11747,0.013249,0.086947,-0.10537,0.013528,-0.070138,-0.64502,-0.11031,0.094692,-0.65265,-0.12181,-0.12033,-1.0132,-0.026163,0.092066,-1.0513,0.0031131
-0.063982,0.56383,-0.14474,-0.039123,0.38939,-0.077739,-0.20897,0.29634,-0.033023,0.13817,0.31075,-0.039255,-0.28862,0.073657,0.094528,0.30584,0.12504,0.099553,-0.5163,0.017235,-0.010158,0.51224,0.13753,-0.057671,-0.0069844,0.038046,-0.016759,0,-0.031567,0,-0.07184,-0.11452,0.012655,0.087249,-0.10299,0.012165,-0.080004,-0.64351,-0.10368,0.097897,-0.64886,-0.11567,-0.12259,-1.0156,-0.021874,0.091129,-1.0529,0.003633
-0.05914,0.62605,-0.12657,-0.036179,0.45584,-0.065967,-0.20475,0.36278,-0.022929,0.14633,0.37146,-0.031059,-0.28492,0.10321,0.091777,0.27123,0.17178,0.096623,-0.48219,0.017106,-0.052357,0.47143,0.13922,-0.066152,-0.0060298,0.093959,-0.013896,0,0.021582,0,-0.072358,-0.060114,0.009489,0.085388,-0.053115,0.0091404,-0.11869,-0.60621,-0.050067,0.10263,-0.64064,-0.057395,-0.13468,-1.0175,-0.0057116,0.080936,-1.0532,0.012609
-0.047971,0.70041,-0.11784,-0.029892,0.52597,-0.067357,-0.20085,0.42343,-0.016482,0.14751,0.43658,-0.048156,-0.26179,0.15795,0.083292,0.26655,0.23129,0.071037,-0.41497,0.00088092,-0.05367,0.44879,0.14099,-0.090962,-0.004982,0.15185,-0.014128,0,0.077022,0,-0.071724,-0.0052986,0.014243,0.082095,0.0035763,0.0041839,-0.1253,-0.59905,0.0075229,0.11667,-0.61081,0.0059684,-0.13957,-1.0133,-0.0073352,0.090738,-1.0501,0.010462
