-0.055796,0.73022,-0.12877,-0.021083,0.55312,-0.048579,-0.19811,0.44684,-0.003801,0.14018,0.46725,-0.06716,-0.23955,0.16789,-0.045842,0.22841,0.19944,-0.12064,-0.28163,-0.064446,-0.1322,0.27369,-0.027678,-0.22042,-0.0035128,0.17646,-0.010959,0,0.10112,0,-0.073228,0.016539,0.020063,0.080425,0.031405,-0.008285,-0.10145,-0.56933,-0.049366,0.12015,-0.55631,-0.050916,-0.12696,-0.97359,-0.033437,0.14994,-0.97568,-0.02649
-0.050215,0.75941,-0.1377,-0.015288,0.58616,-0.063053,-0.18639,0.50487,-0.013461,0.13706,0.49128,-0.084032,-0.22333,0.17884,-0.03461,0.23647,0.21606,-0.10208,-0.25207,-0.064843,-0.076815,0.27875,-0.022182,-0.16567,-0.0024391,0.2104,-0.013425,0,0.13581,0,-0.071673,0.066696,0.022869,0.075152,0.067368,-0.005591,-0.084216,-0.48762,-0.086094,0.11053,-0.4795,-0.092755,-0.082705,-0.89534,-0.02042,0.13802,-0.86769,0.013587
-0.049469,0.79085,-0.14921,-0.010332,0.61418,-0.078172,-0.18475,0.50733,-0.021116,0.14026,0.51425,-0.090698,-0.21572,0.2268,-0.004065,0.24737,0.2449,-0.051342,-0.22746,-0.039535,-0.025557,0.29457,0.0038076,-0.090802,-0.0017161,0.23608,-0.015813,0,0.16095,0,-0.073691,0.081676,0.023171,0.07779,0.090708,-0.003734,-0.061652,-0.41342,-0.12167,0.084867,-0.42435,-0.12169,-0.021192,-0.82512,-0.00894,0.10791,-0.80745,0.020361
-0.037077,0.79675,-0.16734,-0.0035318,0.62004,-0.084743,-0.17937,0.5211,-0.026519,0.15,0.53306,-0.090309,-0.20629,0.24921,0.036132,0.26045,0.2525,-0.046105,-0.22234,0.0030017,0.033533,0.30723,0.012748,-0.023603,-0.0003306,0.25986,-0.017245,0,0.18907,0,-0.082208,0.11977,0.03371,0.082346,0.10893,-0.007888,-0.0061442,-0.3879,-0.13664,0.086413,-0.41743,-0.1352,0.010224,-0.79687,-0.008565,0.066546,-0.77698,0.000393
-0.039842,0.80034,-0.17486,-0.006461,0.63105,-0.08542,-0.18485,0.54701,-0.022532,0.15228,0.55037,-0.086726,-0.20701,0.25922,0.045052,0.2576,0.28439,-0.006382,-0.22294,0.01799,0.08175,0.324,0.04892,0.013691,-0.0008762,0.27085,-0.017187,0,0.19899,0,-0.082223,0.12174,0.032338,0.082864,0.12711,-0.005364,-0.0012169,-0.41616,-0.1195,0.080924,-0.39829,-0.13333,0.0073,-0.79795,-0.012695,0.065862,-0.76541,0.004614
-0.047165,0.80266,-0.17745,-0.014822,0.64331,-0.084262,-0.19232,0.55244,-0.01851,0.14652,0.56246,-0.080285,-0.20877,0.29263,0.057098,0.25031,0.29187,0.00326,-0.234,0.060554,0.12384,0.33794,0.065468,0.034906,-0.0024752,0.27978,-0.016876,0,0.20769,0,-0.0779,0.12652,0.029987,0.083439,0.13828,-0.004677,-0.0060363,-0.46765,-0.083967,0.078349,-0.39749,-0.12588,-0.018177,-0.83263,-0.038997,0.065613,-0.76441,0.014982
-0.052696,0.80641,-0.17711,-0.018627,0.64602,-0.080305,-0.19555,0.55737,-0.01671,0.14459,0.5669,-0.075002,-0.21063,0.30184,0.065006,0.25195,0.30081,0.016125,-0.25738,0.087199,0.16396,0.37664,0.09557,0.060006,-0.0034201,0.28264,-0.015967,0,0.21067,0,-0.075144,0.12853,0.026408,0.08334,0.14127,-0.004169,-0.023235,-0.51151,-0.058145,0.083115,-0.40941,-0.11305,-0.085094,-0.8907,-0.045956,0.08542,-0.84847,-0.052902
-0.054489,0.80188,-0.17552,-0.022364,0.64349,-0.07663,-0.19788,0.55728,-0.01544,0.14289,0.56551,-0.068963,-0.2241,0.28644,0.12609,0.25853,0.29691,0.039721,-0.30066,0.066149,0.1937,0.43213,0.12927,0.078762,-0.0042511,0.28039,-0.015291,0,0.20778,0,-0.074204,0.12621,0.022618,0.084992,0.13544,-0.002475,-0.05402,-0.48801,-0.036669,0.10158,-0.52579,-0.058138,-0.11055,-0.94017,-0.046981,0.10732,-0.92478,-0.072624
-0.059645,0.79149,-0.16598,-0.027881,0.62548,-0.068079,-0.19966,0.53716,-0.003403,0.14351,0.54201,-0.048838,-0.22818,0.27871,0.13722,0.25421,0.29442,0.050791,-0.35706,0.097187,0.23045,0.45515,0.1509,0.026896,-0.0050144,0.24806,-0.013737,0,0.17188,0,-0.075531,0.08769,0.019726,0.085894,0.10044,-0.001865,-0.079583,-0.57325,-0.012715,0.1151,-0.55688,-0.047073,-0.12055,-1.0088,-0.004155,0.11934,-0.98038,-0.084281
-0.062451,0.74341,-0.14246,-0.033371,0.5648,-0.052688,-0.20242,0.47406,0.016844,0.13426,0.4865,-0.031513,-0.2442,0.23429,0.15189,0.25451,0.26907,0.076492,-0.45063,0.12542,0.21909,0.4818,0.19459,0.000279,-0.0055615,0.188,-0.011645,0,0.11263,0,-0.070257,0.028086,0.017188,0.081485,0.045055,-0.004194,-0.090992,-0.58297,-0.005427,0.11728,-0.58123,-0.036495,-0.12223,-1.014,0.042278,0.13018,-1.0192,-0.050076
-0.062333,0.68778,-0.13837,-0.030971,0.51119,-0.050816,-0.20213,0.41993,0.020792,0.14597,0.42906,-0.020312,-0.26036,0.17491,0.1428,0.26378,0.24322,0.074116,-0.50673,0.16499,0.14482,0.4925,0.21563,-0.029286,-0.0051873,0.14389,-0.011358,0,0.070996,0,-0.074023,-0.0090812,0.012249,0.085466,-0.0073907,0.001377,-0.09664,-0.57975,-0.015704,0.12156,-0.59886,-0.039461,-0.11834,-1.0025,0.043203,0.13468,-1.0251,-0.021233
-0.048915,0.64229,-0.13577,-0.029108,0.45499,-0.038015,-0.2038,0.35589,0.015849,0.14444,0.36915,-0.022903,-0.27305,0.14759,0.11137,0.26748,0.17559,0.058639,-0.51601,0.19125,0.088142,0.4718,0.22581,-0.084845,-0.0048512,0.085381,-0.009199,0,0.01146,0,-0.076398,-0.071278,0.007806,0.086662,-0.0622,0.000641,-0.10352,-0.58683,-0.04551,0.11259,-0.64016,-0.075833,-0.11855,-1.0028,0.042529,0.12863,-1.0172,-0.001051
-0.043788,0.56983,-0.12311,-0.026541,0.38916,-0.040871,-0.20121,0.296,0.011345,0.15197,0.30883,-0.012477,-0.29228,0.09296,0.096865,0.30964,0.12624,0.012631,-0.51451,0.18527,0.027396,0.47675,0.23306,-0.14854,-0.0044889,0.035539,-0.009516,0,-0.032259,0,-0.079683,-0.11438,0.009728,0.089717,-0.11128,0.000394,-0.095728,-0.6329,-0.076572,0.093749,-0.65026,-0.11425,-0.11561,-1.0027,0.039464,0.12907,-1.0194,-0.00241
-0.041444,0.53907,-0.12002,-0.024634,0.36336,-0.040205,-0.19931,0.26446,0.010137,0.15158,0.27111,-0.021899,-0.29614,0.058932,0.079045,0.32332,0.097811,-0.012037,-0.47775,0.17713,-0.053239,0.44132,0.21716,-0.2071,-0.0039366,0.0098143,-0.009703,0,-0.062348,0,-0.081038,-0.14544,0.010383,0.090444,-0.13545,-0.000864,-0.078152,-0.63996,-0.10593,0.074387,-0.66277,-0.14553,-0.10775,-1.006,0.03067,0.12151,-1.0264,-0.009146
-0.042045,0.53271,-0.11935,-0.025123,0.34708,-0.038506,-0.20207,0.25061,0.008109,0.1523,0.26653,-0.023239,-0.29725,0.040571,0.068376,0.32557,0.086514,-0.045963,-0.44898,0.12876,-0.11916,0.41167,0.1766,-0.27301,-0.0041843,-0.002936,-0.009267,0,-0.073049,0,-0.081964,-0.15598,0.010136,0.091293,-0.15038,-0.000424,-0.077486,-0.64119,-0.11128,0.071204,-0.66399,-0.15142,-0.10309,-1.0059,0.021043,0.12281,-1.0278,-0.012607
-0.044356,0.52226,-0.11342,-0.025288,0.34489,-0.037645,-0.20236,0.24762,0.008833,0.15227,0.26543,-0.022439,-0.28189,0.014892,0.06714,0.29415,0.068233,-0.007225,-0.40786,0.069256,-0.15192,0.37045,0.1038,-0.25315,-0.0042129,-0.0048323,-0.009139,0,-0.074864,0,-0.081968,-0.15786,0.010854,0.09128,-0.1523,-0.001433,-0.079056,-0.63999,-0.11058,0.07199,-0.66385,-0.15187,-0.098139,-0.99535,0.008425,0.12288,-1.0296,-0.013247
-0.050355,0.54882,-0.10166,-0.025271,0.35571,-0.034476,-0.20135,0.25616,0.011443,0.15267,0.27114,-0.023327,-0.28821,0.039676,0.06372,0.2995,0.078138,-0.006447,-0.38587,0.022747,-0.20467,0.343,0.059626,-0.30206,-0.0042231,0.0014671,-0.00873,0,-0.069239,0,-0.081644,-0.15265,0.010263,0.090689,-0.1452,-0.001711,-0.084777,-0.63924,-0.097345,0.086388,-0.6531,-0.14147,-0.09833,-1.001,0.014341,0.12428,-1.03,-0.013142
-0.056645,0.58651,-0.11201,-0.030198,0.42224,-0.0375,-0.20448,0.31874,0.012749,0.15012,0.33184,-0.029177,-0.26405,0.076411,0.051462,0.29192,0.13098,-0.04006,-0.36053,-0.010083,-0.17221,0.32889,0.068371,-0.28958,-0.0050328,0.057277,-0.009111,0,-0.015715,0,-0.077492,-0.10072,0.011076,0.088498,-0.090323,-0.002528,-0.095342,-0.61057,-0.050096,0.10922,-0.64507,-0.10624,-0.09747,-1.0038,0.025268,0.12292,-1.0326,-0.008891
-0.060684,0.66439,-0.113,-0.030463,0.48267,-0.040669,-0.2075,0.38267,0.012029,0.14024,0.39724,-0.043852,-0.27905,0.14654,0.030331,0.27911,0.1763,-0.081918,-0.33418,-0.047454,-0.12523,0.32479,0.009241,-0.27119,-0.0050771,0.11317,-0.009638,0,0.039275,0,-0.074919,-0.045248,0.012683,0.085686,-0.032924,-0.003272,-0.10022,-0.59037,-0.017908,0.11752,-0.61446,-0.068627,-0.10276,-1.0016,0.036389,0.13057,-1.0176,-0.043057
-0.059483,0.69245,-0.12351,-0.029407,0.53447,-0.046901,-0.20434,0.42498,-0.007324,0.14073,0.44957,-0.057426,-0.27029,0.16091,0.01384,0.25959,0.2267,-0.082546,-0.32266,-0.049872,-0.11641,0.30905,0.021377,-0.23084,-0.0049011,0.16802,-0.010677,0,0.094728,0,-0.073812,0.0086274,0.013429,0.084217,0.02524,-0.001804,-0.090751,-0.5786,-0.022741,0.1176,-0.55758,-0.078872,-0.10129,-0.96748,0.021756,0.14745,-0.97386,-0.040436
-0.059813,0.73031,-0.13971,-0.029458,0.56481,-0.058429,-0.20255,0.4754,-0.023201,0.13472,0.47617,-0.074744,-0.2553,0.16968,0.003263,0.26315,0.22999,-0.092505,-0.29099,-0.065169,-0.07598,0.31669,0.019029,-0.22192,-0.0048537,0.19877,-0.012681,0,0.1259,0,-0.073933,0.046119,0.018249,0.083141,0.059637,-0.001429,-0.076666,-0.51229,-0.069871,0.11108,-0.47913,-0.12103,-0.065935,-0.91089,0.043409,0.13628,-0.86834,0.015413
-0.057135,0.74846,-0.14722,-0.025013,0.58239,-0.065099,-0.19811,0.47978,-0.028536,0.13727,0.48708,-0.078947,-0.23925,0.1782,0.012023,0.26704,0.23321,-0.089615,-0.27447,-0.059037,-0.058313,0.33419,-0.00051347,-0.15883,-0.0041293,0.21616,-0.013757,0,0.14313,0,-0.075695,0.063425,0.017482,0.084034,0.074084,0.0002,-0.05656,-0.43247,-0.11107,0.09268,-0.40554,-0.14393,-0.031978,-0.8242,0.066814,0.10944,-0.78688,0.047134
-0.051875,0.75593,-0.16045,-0.021622,0.5899,-0.074494,-0.19435,0.48699,-0.029613,0.14036,0.49455,-0.08632,-0.22678,0.18984,0.023947,0.26406,0.2491,-0.053552,-0.25553,-0.054431,-0.004175,0.3438,0.0043257,-0.12891,-0.0033696,0.22809,-0.015841,0,0.15636,0,-0.077462,0.079569,0.021044,0.084245,0.085911,0.00121,-0.043426,-0.3938,-0.12723,0.079644,-0.39086,-0.14475,0.0046351,-0.76433,0.067651,0.098449,-0.77222,0.063217
-0.052162,0.75825,-0.16736,-0.019553,0.59858,-0.07784,-0.19615,0.49716,-0.026418,0.14233,0.50326,-0.082508,-0.22359,0.20382,0.038683,0.26124,0.25484,-0.034127,-0.26111,-0.037076,0.060199,0.33683,0.014359,-0.047104,-0.0031361,0.23687,-0.016137,0,0.16475,0,-0.077445,0.085019,0.021273,0.084066,0.092796,0.00136,-0.040613,-0.39936,-0.12076,0.081311,-0.40062,-0.12681,0.00057054,-0.77867,0.078365,0.081658,-0.785,0.0598
-0.053174,0.75932,-0.1712,-0.021615,0.60008,-0.077964,-0.1972,0.50114,-0.024555,0.13761,0.50992,-0.082893,-0.22504,0.21939,0.057147,0.2578,0.25401,-0.012775,-0.26664,-0.017357,0.097281,0.36694,0.014499,-0.009664,-0.003389,0.23751,-0.016131,0,0.16536,0,-0.076252,0.085873,0.021465,0.084077,0.094612,0.001244,-0.031505,-0.45974,-0.081202,0.10402,-0.43928,-0.097443,-0.022793,-0.84788,0.056098,0.10551,-0.8129,0.049745
-0.056539,0.75848,-0.1752,-0.024254,0.59983,-0.076994,-0.1995,0.50213,-0.023869,0.13623,0.5096,-0.080896,-0.22736,0.23273,0.089889,0.25646,0.25229,0.007586,-0.28829,0.010187,0.16241,0.3589,0.034195,0.045238,-0.0042114,0.23722,-0.015665,0,0.16487,0,-0.075041,0.083995,0.020248,0.085146,0.094538,0.00114,-0.03334,-0.56445,-0.022991,0.11726,-0.51836,-0.046123,-0.065806,-0.9712,0.042482,0.14207,-0.87479,0.017022
-0.063379,0.75308,-0.17375,-0.029706,0.5962,-0.073732,-0.20388,0.50045,-0.021201,0.13172,0.50673,-0.076459,-0.22988,0.23483,0.11303,0.25307,0.243,0.06016,-0.32044,0.024079,0.18926,0.37521,0.029021,0.053827,-0.0054936,0.22871,-0.014877,0,0.15472,0,-0.072276,0.07452,0.016997,0.084148,0.083981,0.002865,-0.041071,-0.56752,-0.013752,0.12414,-0.57685,-0.024421,-0.074829,-0.97332,0.042591,0.16786,-0.98225,-0.00756
-0.076651,0.72752,-0.17055,-0.039892,0.55212,-0.079627,-0.21063,0.46021,-0.017411,0.1213,0.47005,-0.062065,-0.23973,0.19801,0.15449,0.24769,0.21759,0.087801,-0.43102,0.055426,0.20227,0.44313,0.068418,0.056677,-0.0066604,0.17897,-0.016222,0,0.10469,0,-0.066678,0.026905,0.017008,0.079852,0.035572,0.004933,-0.059129,-0.58249,0.006886,0.12767,-0.58515,-0.006662,-0.082945,-0.98753,0.056044,0.16157,-0.98588,0.001903
-0.076238,0.67687,-0.17181,-0.03975,0.5037,-0.081757,-0.20351,0.40876,-0.014213,0.12651,0.41899,-0.049682,-0.2484,0.17851,0.15235,0.25149,0.18212,0.10177,-0.45818,0.075901,0.21723,0.48209,0.10569,0.045988,-0.0066058,0.13878,-0.016456,0,0.065423,0,-0.068769,-0.012131,0.014784,0.081779,-0.0033472,0.007526,-0.060525,-0.58498,0.005214,0.13847,-0.58881,-0.007068,-0.076648,-0.99284,0.061291,0.18092,-1.0156,0.026703
-0.063348,0.61379,-0.17487,-0.042156,0.44027,-0.078634,-0.20925,0.35595,-0.02034,0.12947,0.36367,-0.053854,-0.28545,0.14034,0.14765,0.25274,0.16834,0.084457,-0.53163,0.15168,0.12814,0.48322,0.1671,-0.016989,-0.007026,0.083022,-0.015964,0,0.011572,0,-0.070156,-0.069145,0.014157,0.084917,-0.057821,0.008463,-0.069483,-0.59579,-0.028039,0.13745,-0.60794,-0.042865,-0.077981,-0.99394,0.051066,0.17231,-1.0127,0.020561
-0.062681,0.56225,-0.17762,-0.039888,0.39,-0.081279,-0.20699,0.30055,-0.032329,0.13431,0.31317,-0.043275,-0.29197,0.1166,0.12643,0.26376,0.12748,0.062515,-0.52453,0.1811,0.062406,0.4813,0.18512,-0.052014,-0.0066918,0.041892,-0.016363,0,-0.027806,0,-0.073878,-0.10929,0.012998,0.087936,-0.098709,0.010956,-0.063409,-0.61305,-0.060337,0.11918,-0.64214,-0.072951,-0.071875,-0.99441,0.04904,0.17006,-1.0147,0.021568
-0.056595,0.5099,-0.1696,-0.033586,0.36093,-0.078597,-0.20555,0.26925,-0.031214,0.13696,0.28317,-0.045706,-0.32083,0.079674,0.076974,0.28129,0.10083,0.031308,-0.51583,0.19616,-0.032582,0.46262,0.20433,-0.11359,-0.0056459,0.014496,-0.01597,0,-0.054894,0,-0.077072,-0.13785,0.012701,0.089129,-0.12434,0.010811,-0.053421,-0.62063,-0.077242,0.092415,-0.64841,-0.10231,-0.066912,-0.99642,0.039747,0.16481,-1.0194,0.02228
-0.054679,0.5064,-0.16448,-0.039614,0.33378,-0.072021,-0.2044,0.25386,-0.02649,0.14279,0.27244,-0.043233,-0.31672,0.066585,0.061004,0.30679,0.04574,-0.003303,-0.49166,0.16305,-0.097207,0.44948,0.18177,-0.16509,-0.0064622,0.0028334,-0.015178,0,-0.06418,0,-0.07791,-0.14852,0.013933,0.090573,-0.13512,0.00929,-0.049859,-0.62911,-0.086859,0.090696,-0.65,-0.11087,-0.052935,-0.998,0.034255,0.15974,-1.0198,0.020391
-0.056433,0.50297,-0.15464,-0.038298,0.33435,-0.066897,-0.20599,0.25223,-0.022028,0.14259,0.26938,-0.042193,-0.29184,0.04816,0.058454,0.30441,0.041329,-0.003502,-0.44715,0.090623,-0.142,0.41874,0.14963,-0.21032,-0.0063514,0.0019646,-0.014738,0,-0.065106,0,-0.077892,-0.14935,0.013603,0.090552,-0.13647,0.008612,-0.05346,-0.62974,-0.088749,0.092089,-0.64866,-0.11184,-0.04501,-0.99525,0.024413,0.1574,-1.0191,0.019896
-0.05688,0.52999,-0.14339,-0.03528,0.35974,-0.060244,-0.20634,0.26371,-0.014695,0.1434,0.27708,-0.039036,-0.28472,0.052675,0.057568,0.25254,0.082666,0.037986,-0.40383,0.026587,-0.17038,0.37315,0.089892,-0.19059,-0.0062055,0.0084858,-0.013889,0,-0.060419,0,-0.077828,-0.14466,0.013021,0.090167,-0.13214,0.007389,-0.070825,-0.63393,-0.071051,0.10264,-0.64671,-0.10705,-0.046436,-0.99875,0.027278,0.14991,-1.0239,0.036837
-0.049128,0.58028,-0.13265,-0.031006,0.41732,-0.042838,-0.20443,0.32443,-0.000863,0.14844,0.33741,-0.027874,-0.26438,0.066685,0.065399,0.27187,0.13088,-0.003249,-0.37566,-0.023318,-0.14893,0.37421,0.072809,-0.23351,-0.0051677,0.064541,-0.009995,0,-0.0060143,0,-0.076615,-0.090656,0.008228,0.088202,-0.079572,0.002542,-0.075527,-0.61307,-0.037251,0.12375,-0.63684,-0.078736,-0.048027,-1.0001,0.038184,0.16178,-1.0151,0.025578
-0.053138,0.65943,-0.12584,-0.032031,0.48581,-0.043268,-0.20389,0.39042,0.010761,0.14895,0.39779,-0.038217,-0.26399,0.14367,0.048113,0.26935,0.19242,-0.003273,-0.34391,-0.037957,-0.1115,0.35612,0.068499,-0.21142,-0.0053385,0.12469,-0.010067,0,0.05247,0,-0.075816,-0.031585,0.009821,0.087513,-0.021719,0.000859,-0.072453,-0.57767,0.007964,0.14132,-0.58876,-0.041031,-0.049523,-1.0017,0.048828,0.17414,-0.9998,0.012111
-0.050503,0.7244,-0.12971,-0.030079,0.54496,-0.044679,-0.20716,0.44763,0.001513,0.14454,0.466,-0.043719,-0.26114,0.16081,0.039365,0.25912,0.24552,-0.02499,-0.32367,-0.050673,-0.083841,0.33024,0.058609,-0.1824,-0.0050132,0.18164,-0.010302,0,0.10898,0,-0.071668,0.02192,0.009117,0.08256,0.038147,0.001987,-0.072531,-0.56679,0.025587,0.14635,-0.57498,-0.038935,-0.060128,-0.99102,0.037334,0.17785,-0.97348,-0.015162
-0.048227,0.75199,-0.13367,-0.03401,0.58848,-0.053638,-0.20221,0.49966,-0.014386,0.14489,0.50143,-0.049076,-0.24568,0.18946,0.029826,0.26221,0.25134,-0.030947,-0.2883,-0.042734,-0.053762,0.33045,0.047327,-0.16451,-0.0056009,0.21963,-0.011698,0,0.14607,0,-0.070466,0.060978,0.009816,0.08154,0.079114,0.00448,-0.064015,-0.56228,0.016344,0.14895,-0.50033,-0.065144,-0.058024,-0.96355,0.025428,0.1673,-0.90127,-0.022294
-0.055074,0.78271,-0.15013,-0.031462,0.61593,-0.063371,-0.19963,0.51477,-0.026875,0.1367,0.53111,-0.073152,-0.22775,0.23874,0.035401,0.25536,0.26992,-0.031334,-0.25033,-0.0058635,0.006164,0.32905,0.042845,-0.10518,-0.0051883,0.25235,-0.013561,0,0.17981,0,-0.071629,0.098755,0.016166,0.082009,0.11285,0.001912,-0.061289,-0.48826,-0.053841,0.13379,-0.42246,-0.11381,-0.047317,-0.88997,0.017806,0.15557,-0.80996,0.016926
-0.050844,0.7915,-0.16388,-0.023603,0.62597,-0.071759,-0.19446,0.54286,-0.02523,0.14397,0.53721,-0.078005,-0.21348,0.27175,0.048204,0.26065,0.27449,-0.027191,-0.23117,0.022218,0.01895,0.34162,0.043082,-0.062966,-0.0034746,0.27037,-0.015344,0,0.19997,0,-0.077356,0.12292,0.020435,0.08468,0.1278,0.00124,-0.045963,-0.39699,-0.11743,0.12367,-0.36425,-0.14444,-0.0099531,-0.80011,0.039092,0.14583,-0.7387,0.048564
-0.048572,0.79174,-0.17427,-0.020918,0.62913,-0.073882,-0.19245,0.55384,-0.018358,0.14583,0.54198,-0.082008,-0.21022,0.27968,0.06203,0.26401,0.27757,-0.016858,-0.22174,0.033844,0.052469,0.34786,0.039961,-0.028758,-0.0033437,0.27772,-0.015365,0,0.20766,0,-0.077898,0.13003,0.021069,0.085274,0.13547,0.000493,-0.029334,-0.36293,-0.14049,0.101,-0.3549,-0.14457,0.024431,-0.74964,0.052127,0.097924,-0.72666,0.047663
-0.050097,0.79531,-0.18467,-0.020344,0.63261,-0.074695,-0.1919,0.55647,-0.015361,0.14552,0.5443,-0.081724,-0.21015,0.29291,0.11463,0.26216,0.28245,0.006199,-0.2269,0.045729,0.10334,0.36945,0.060855,0.014964,-0.0033028,0.2817,-0.015436,0,0.2116,0,-0.077655,0.13394,0.020583,0.084737,0.13984,0.001313,-0.025056,-0.35638,-0.14659,0.094344,-0.35728,-0.1424,0.024164,-0.75009,0.048851,0.11886,-0.77617,0.012877
-0.05533,0.79357,-0.18678,-0.022651,0.63325,-0.073161,-0.19487,0.55774,-0.009683,0.14116,0.55037,-0.077954,-0.2106,0.29211,0.11939,0.26412,0.28582,0.038819,-0.23216,0.048595,0.13476,0.37158,0.064492,0.034359,-0.0035483,0.28174,-0.01516,0,0.21163,0,-0.076157,0.13276,0.018738,0.084835,0.14047,0.001364,-0.023645,-0.40431,-0.12233,0.085943,-0.40993,-0.11751,0.013732,-0.79815,0.024585,0.10692,-0.78291,0.015587
-0.063702,0.79158,-0.17951,-0.02479,0.63287,-0.068476,-0.20562,0.54706,0.006116,0.13723,0.55118,-0.068435,-0.21174,0.29157,0.12501,0.26482,0.28614,0.052991,-0.24137,0.049479,0.14508,0.38736,0.074172,0.065444,-0.0043438,0.27861,-0.013617,0,0.20719,0,-0.07436,0.12178,0.012452,0.084806,0.1379,0.00305,-0.021714,-0.49256,-0.091902,0.10382,-0.4824,-0.09132,-0.044325,-0.88585,0.004557,0.11259,-0.83959,-0.003235
-0.086498,0.76818,-0.15835,-0.039554,0.61786,-0.049941,-0.2103,0.53475,0.013139,0.12845,0.53812,-0.052236,-0.21488,0.25174,0.16133,0.25797,0.28277,0.08883,-0.27684,0.015855,0.18122,0.40032,0.081885,0.071537,-0.0069765,0.25657,-0.010199,0,0.18251,0,-0.071495,0.097548,0.008436,0.086198,0.11658,0.00279,-0.037827,-0.56106,-0.057118,0.11267,-0.54207,-0.066313,-0.089759,-0.95964,0.001906,0.11768,-0.91574,-0.025792
-0.09121,0.75145,-0.14869,-0.051325,0.58922,-0.044629,-0.21029,0.48388,0.026289,0.1189,0.505,-0.032795,-0.22812,0.19418,0.16254,0.25125,0.25224,0.1119,-0.39674,0.031189,0.22383,0.44202,0.10065,0.061909,-0.0085568,0.2273,-0.010253,0,0.1555,0,-0.068882,0.088805,0.01192,0.082999,0.067508,-0.003391,-0.049735,-0.57092,-0.048829,0.11388,-0.58319,-0.061761,-0.087585,-0.96803,0.010332,0.11953,-0.96688,-0.026727
-0.096712,0.69719,-0.12425,-0.054406,0.52981,-0.032358,-0.21318,0.43473,0.037803,0.11837,0.45322,-0.007063,-0.23427,0.17126,0.17605,0.26224,0.20654,0.12082,-0.45574,0.067203,0.1898,0.49016,0.15005,0.032611,-0.0090676,0.15893,-0.008246,0,0.084754,0,-0.065376,0.0030436,0.00425,0.083494,0.018925,0.001888,-0.053523,-0.58845,-0.042031,0.11446,-0.58672,-0.060112,-0.08571,-0.98108,0.022401,0.12399,-0.98668,-0.016788
-0.094952,0.6361,-0.12302,-0.059681,0.46561,-0.02202,-0.22153,0.36551,0.047205,0.12074,0.38638,0.000968,-0.25774,0.12586,0.17017,0.26134,0.18781,0.12091,-0.50045,0.096309,0.12685,0.48408,0.18423,0.001943,-0.009943,0.10683,-0.006515,0,0.035368,0,-0.067647,-0.050345,-3.5e-05,0.088846,-0.032349,0.002902,-0.068614,-0.60662,-0.065815,0.10651,-0.60504,-0.089106,-0.089792,-0.99377,0.032907,0.12106,-1.0003,-0.007017
-0.0949,0.58565,-0.10585,-0.047181,0.41014,-0.020646,-0.2218,0.30548,0.049308,0.12778,0.32393,-0.003416,-0.26975,0.081103,0.14808,0.28037,0.13389,0.10353,-0.50245,0.11588,0.061507,0.48867,0.20526,-0.020684,-0.0078635,0.052111,-0.006293,0,-0.019495,0,-0.073299,-0.10669,0.001307,0.090494,-0.088874,0.001116,-0.059927,-0.61177,-0.085899,0.10384,-0.61707,-0.11121,-0.08505,-0.99574,0.028606,0.11577,-1.0095,0.000311
-0.085379,0.53301,-0.11333,-0.050586,0.36963,-0.018362,-0.21685,0.25396,0.030311,0.13256,0.29656,-0.007165,-0.30509,0.04004,0.10313,0.29139,0.11147,0.07023,-0.52398,0.13425,0.0274,0.46767,0.22207,-0.075283,-0.0083302,0.024066,-0.005943,0,-0.045346,0,-0.074035,-0.13332,0.000377,0.092746,-0.1156,0.002001,-0.056186,-0.61586,-0.11272,0.087578,-0.63599,-0.13581,-0.083344,-0.99566,0.017629,0.11332,-1.0115,-0.006138
-0.084198,0.52905,-0.11316,-0.049002,0.36114,-0.019789,-0.21448,0.25212,0.030179,0.13434,0.28469,-0.008184,-0.29901,0.0295,0.087144,0.29907,0.1055,0.065958,-0.50074,0.090382,-0.054018,0.4446,0.21206,-0.11706,-0.0081407,0.016695,-0.006152,0,-0.052322,0,-0.074749,-0.14049,0.002018,0.093017,-0.1218,0.000746,-0.04856,-0.61627,-0.12129,0.08259,-0.62812,-0.14227,-0.074265,-0.99075,0.004683,0.11619,-1.0117,-0.011255
-0.085618,0.53015,-0.11118,-0.047861,0.36315,-0.0198,-0.21555,0.2546,0.031937,0.13412,0.2857,-0.008202,-0.28618,0.033635,0.086533,0.29546,0.075848,0.03839,-0.45879,0.043912,-0.10253,0.43833,0.19351,-0.13776,-0.0080572,0.017008,-0.006141,0,-0.052128,0,-0.074833,-0.14028,0.002265,0.092869,-0.12162,-0.000148,-0.050767,-0.61692,-0.11737,0.082633,-0.62685,-0.14023,-0.075915,-0.99595,0.011044,0.11493,-1.0131,-0.010631
-0.088059,0.58251,-0.091918,-0.048976,0.41356,-0.01784,-0.21742,0.30931,0.040185,0.13596,0.3388,-0.000356,-0.24797,0.035769,0.085392,0.25549,0.1073,0.067166,-0.40765,0.015849,-0.11474,0.39649,0.16417,-0.14028,-0.0081492,0.059689,-0.005895,0,-0.011226,0,-0.073807,-0.099967,0.004574,0.092242,-0.081604,-0.003262,-0.068493,-0.61425,-0.056089,0.11107,-0.61231,-0.095613,-0.080585,-0.99775,0.02553,0.11441,-1.0135,0.003964
-0.091348,0.64833,-0.10846,-0.050472,0.48416,-0.016782,-0.2198,0.37298,0.039474,0.12623,0.39575,-0.018695,-0.24108,0.10167,0.097542,0.24758,0.19315,0.058911,-0.37095,-0.0015167,-0.098147,0.38287,0.13898,-0.1533,-0.008412,0.11848,-0.005647,0,0.045347,0,-0.070375,-0.040585,0.004484,0.088227,-0.023934,-0.003497,-0.077208,-0.60156,-0.020557,0.12771,-0.60009,-0.042385,-0.087166,-0.99687,0.03205,0.1117,-1.0104,0.006028
-0.093363,0.70929,-0.11768,-0.053369,0.54827,-0.028928,-0.21968,0.43467,0.031899,0.12521,0.47003,-0.024886,-0.25999,0.18178,0.084325,0.25051,0.27004,0.041431,-0.31861,-0.017653,-0.061167,0.34247,0.13043,-0.15299,-0.0088949,0.18362,-0.007671,0,0.11068,0,-0.066306,0.02491,0.005794,0.085198,0.041561,-0.000507,-0.080087,-0.58686,-0.009236,0.1261,-0.56948,-0.023343,-0.095013,-0.99016,0.027157,0.13321,-0.98585,-0.018547
-0.088028,0.76739,-0.14163,-0.042496,0.59895,-0.044079,-0.2112,0.48923,0.00528,0.12707,0.50926,-0.046113,-0.24136,0.22915,0.080612,0.26487,0.31283,0.030923,-0.28166,0.0011933,-0.016434,0.33685,0.13666,-0.13887,-0.0070827,0.23495,-0.010198,0,0.16214,0,-0.066339,0.07838,0.010272,0.081093,0.094263,0.000172,-0.073213,-0.56088,-0.030389,0.13179,-0.53604,-0.049795,-0.071597,-0.97076,0.028242,0.14742,-0.95105,-0.010624
-0.07514,0.77742,-0.1599,-0.031447,0.61795,-0.058975,-0.21039,0.52539,0.002516,0.13281,0.53535,-0.058658,-0.22728,0.24559,0.075277,0.27122,0.31589,0.01759,-0.25403,0.0053,0.016211,0.33703,0.11624,-0.12405,-0.0048509,0.26148,-0.01315,0,0.19153,0,-0.073497,0.10979,0.015583,0.083513,0.12089,0.00163,-0.058374,-0.42822,-0.10016,0.12562,-0.44499,-0.11044,-0.031593,-0.83618,0.042237,0.1624,-0.84305,0.025021
-0.060588,0.80979,-0.17412,-0.026232,0.62869,-0.071264,-0.20158,0.54393,-0.007223,0.13815,0.54433,-0.065552,-0.21076,0.29286,0.09373,0.2734,0.31518,0.013311,-0.23645,0.050208,0.049055,0.35123,0.093474,-0.073269,-0.0040695,0.28084,-0.015272,0,0.21224,0,-0.0765,0.13155,0.018102,0.085073,0.14311,0.004342,-0.040808,-0.35912,-0.13413,0.10988,-0.36127,-0.14394,0.010616,-0.75639,0.060963,0.13202,-0.75007,0.067308
-0.067855,0.7849,-0.21392,-0.021761,0.62952,-0.08564,-0.19779,0.5563,-0.015738,0.14071,0.55182,-0.082586,-0.20573,0.29718,0.087281,0.27903,0.30408,0.00156,-0.22859,0.050526,0.10011,0.36468,0.069742,-0.041213,-0.0028248,0.29286,-0.019272,0,0.22769,0,-0.080123,0.15241,0.024603,0.085873,0.15784,0.007399,-0.012173,-0.29064,-0.18424,0.096507,-0.29324,-0.19445,0.047267,-0.67817,0.025839,0.1274,-0.68096,0.020703
-0.065007,0.78655,-0.22008,-0.019731,0.63061,-0.091188,-0.19337,0.56029,-0.022067,0.14226,0.55364,-0.084761,-0.2029,0.29582,0.11423,0.27523,0.30037,0.012459,-0.23671,0.056398,0.14541,0.36776,0.072865,0.012238,-0.002779,0.2952,-0.019413,0,0.22978,0,-0.080259,0.15339,0.023897,0.086159,0.16109,0.008957,-0.0029328,-0.28609,-0.18925,0.088566,-0.28783,-0.19806,0.049228,-0.66312,0.039035,0.12619,-0.67381,0.019188
-0.062692,0.7864,-0.22602,-0.023038,0.63056,-0.090777,-0.19503,0.56094,-0.022771,0.13854,0.55435,-0.0844,-0.20559,0.30065,0.13096,0.26473,0.30248,0.033151,-0.24966,0.065564,0.17421,0.37012,0.080939,0.036282,-0.0039573,0.29494,-0.018552,0,0.22888,0,-0.077697,0.15155,0.021935,0.087047,0.16051,0.00771,-0.0014717,-0.2895,-0.18786,0.082558,-0.28968,-0.19597,0.021121,-0.68455,0.016348,0.10664,-0.68058,0.015033
-0.070652,0.77177,-0.23038,-0.029739,0.62596,-0.089573,-0.20037,0.5605,-0.021249,0.132,0.5531,-0.080228,-0.21282,0.30616,0.1455,0.26174,0.29858,0.046917,-0.27413,0.08576,0.22168,0.37944,0.08432,0.059409,-0.005608,0.2863,-0.017856,0,0.21811,0,-0.072072,0.13583,0.016591,0.084858,0.15327,0.010345,0.0053985,-0.39405,-0.13113,0.089278,-0.38496,-0.15687,-0.034363,-0.79013,0.043662,0.10161,-0.72253,-0.029872
-0.092052,0.75293,-0.22222,-0.040903,0.61406,-0.081416,-0.2106,0.53396,-0.018605,0.11766,0.5467,-0.071358,-0.22145,0.28545,0.16662,0.25034,0.29439,0.072605,-0.31716,0.076427,0.23978,0.38944,0.092459,0.076495,-0.0074993,0.2603,-0.016198,0,0.18901,0,-0.069853,0.10706,0.012857,0.083859,0.12791,0.011553,-0.020696,-0.50472,-0.086624,0.10086,-0.4607,-0.1338,-0.084101,-0.89116,0.020514,0.10548,-0.82312,-0.06591
-0.10109,0.72768,-0.22011,-0.056634,0.57403,-0.082177,-0.21208,0.52515,-0.016642,0.11182,0.52846,-0.067309,-0.23739,0.27601,0.17476,0.25245,0.28974,0.089206,-0.40386,0.11116,0.23521,0.41769,0.10782,0.079966,-0.0089469,0.23751,-0.016537,0,0.16935,0,-0.064821,0.082946,0.010509,0.083423,0.11338,0.01237,-0.038664,-0.57469,-0.064568,0.1107,-0.53946,-0.10141,-0.09336,-0.95066,0.006456,0.11372,-0.94476,-0.10417
-0.10456,0.6926,-0.20201,-0.060473,0.53113,-0.069422,-0.21422,0.46097,-0.008567,0.10797,0.48382,-0.049398,-0.26912,0.22398,0.19067,0.24871,0.27617,0.12298,-0.49548,0.13716,0.217,0.44916,0.14021,0.048645,-0.010079,0.18562,-0.01447,0,0.11718,0,-0.058192,0.02534,0.010917,0.079173,0.066547,0.00843,-0.044199,-0.57529,-0.04751,0.11135,-0.57713,-0.084854,-0.08246,-0.97098,0.018915,0.12669,-1.0057,-0.078203
-0.087528,0.66736,-0.1924,-0.048724,0.50407,-0.063953,-0.21168,0.40271,0.005902,0.12352,0.42107,-0.031665,-0.26677,0.20205,0.188,0.25587,0.20581,0.128,-0.49648,0.14097,0.11149,0.46941,0.15226,0.004726,-0.0079459,0.15465,-0.013319,0,0.083864,0,-0.065788,-0.014372,0.01108,0.081713,0.026708,0.005307,-0.044961,-0.58227,-0.051493,0.11762,-0.57852,-0.0809,-0.077663,-0.97599,0.03018,0.12797,-1.0092,-0.064963
-0.086728,0.58827,-0.17274,-0.055426,0.41635,-0.049788,-0.20972,0.33143,0.000503,0.12626,0.34842,-0.022901,-0.28694,0.1351,0.15004,0.24771,0.15854,0.10211,-0.51761,0.15637,0.05398,0.46666,0.17495,-0.029062,-0.0092377,0.0645,-0.011144,0,-0.00587,0,-0.068394,-0.089933,0.009578,0.088042,-0.071477,0.003119,-0.05606,-0.6259,-0.072421,0.10432,-0.64207,-0.098757,-0.07728,-1.0058,0.081339,0.11811,-1.0262,-0.03176
-0.07444,0.537,-0.15963,-0.051501,0.36662,-0.047885,-0.21497,0.2733,-0.002667,0.1267,0.29882,-0.024423,-0.30675,0.078119,0.093982,0.26983,0.10768,0.076265,-0.51849,0.14768,-0.02346,0.45267,0.17705,-0.086476,-0.0086739,0.028897,-0.010874,0,-0.03893,0,-0.072004,-0.12245,0.006889,0.091734,-0.11037,0.005944,-0.052542,-0.61788,-0.078521,0.092144,-0.65241,-0.12176,-0.072929,-0.99922,0.063018,0.11398,-1.0294,-0.026685
-0.080073,0.5146,-0.15714,-0.047754,0.34341,-0.049787,-0.2141,0.24475,-0.010064,0.12601,0.27689,-0.025221,-0.27866,0.031891,0.080733,0.26033,0.045149,0.08127,-0.45826,0.087697,-0.09133,0.40191,0.14653,-0.10603,-0.0079257,0.0014192,-0.011185,0,-0.06696,0,-0.074286,-0.15173,0.006149,0.091593,-0.13311,0.007366,-0.046014,-0.63043,-0.10097,0.061269,-0.64421,-0.14951,-0.074433,-1.0017,0.065675,0.098888,-1.0281,-0.040364
-0.081394,0.50144,-0.15427,-0.044674,0.33609,-0.050006,-0.21209,0.24002,-0.00877,0.12858,0.27037,-0.028972,-0.27133,0.0090314,0.059628,0.26488,0.055239,0.043303,-0.41714,0.012888,-0.152,0.39502,0.1274,-0.17572,-0.0074817,-0.0031768,-0.011176,0,-0.071232,0,-0.074667,-0.15532,0.008159,0.09036,-0.14087,0.003945,-0.037742,-0.63087,-0.11079,0.059357,-0.64522,-0.14981,-0.07175,-1.002,0.066786,0.099047,-1.0302,-0.041797
-0.079357,0.50381,-0.15135,-0.0406,0.33887,-0.052416,-0.21041,0.24061,-0.003053,0.13308,0.26992,-0.031324,-0.26323,0.014297,0.048986,0.26077,0.073626,0.040216,-0.37143,-0.047406,-0.17664,0.36513,0.080123,-0.19597,-0.0068707,-0.00232,-0.011392,0,-0.070602,0,-0.075244,-0.1547,0.010664,0.090285,-0.14096,0.002425,-0.03655,-0.63119,-0.10292,0.060286,-0.64676,-0.14126,-0.072145,-1.0038,0.076087,0.10008,-1.03,-0.036195
-0.073219,0.55515,-0.14657,-0.036742,0.39061,-0.04507,-0.20925,0.29094,0.007903,0.14009,0.31097,-0.033826,-0.24349,0.054724,0.038528,0.25669,0.12033,0.040482,-0.30726,-0.12702,-0.12769,0.34937,0.041044,-0.18656,-0.0061574,0.039153,-0.010579,0,-0.031448,0,-0.07515,-0.1201,0.013986,0.088949,-0.10087,-0.002396,-0.065719,-0.62149,-0.02462,0.074569,-0.64588,-0.097847,-0.072915,-1.0139,0.10947,0.1075,-1.0334,-0.005661
-0.072481,0.60863,-0.1541,-0.037085,0.45256,-0.05465,-0.21429,0.34095,0.013103,0.13285,0.37604,-0.045737,-0.24509,0.067196,0.044309,0.25282,0.18594,0.025467,-0.28767,-0.13554,-0.10135,0.30871,0.031656,-0.17106,-0.0061809,0.092455,-0.011952,0,0.020435,0,-0.073705,-0.065668,0.013021,0.087105,-0.049607,0.001681,-0.079459,-0.60261,0.020811,0.096299,-0.6235,-0.054703,-0.086566,-0.99306,0.11629,0.10284,-1.0308,0.008783
-0.071054,0.67123,-0.16781,-0.031019,0.50612,-0.066064,-0.20514,0.40553,0.004986,0.14576,0.42987,-0.054485,-0.22117,0.11663,0.027021,0.26021,0.20677,-0.01018,-0.26054,-0.11788,-0.047792,0.28449,0.0096597,-0.16837,-0.0051699,0.14382,-0.013855,0,0.071358,0,-0.072089,-0.015362,0.018867,0.083352,0.00022557,4.9e-05,-0.077186,-0.60311,0.03002,0.10556,-0.60314,-0.034304,-0.09016,-0.99711,0.11763,0.11974,-1.0046,-0.019092
-0.06573,0.69702,-0.17921,-0.022299,0.54693,-0.069734,-0.20024,0.45967,-0.00876,0.14116,0.47745,-0.076002,-0.20582,0.1629,0.017216,0.26133,0.21796,-0.014649,-0.22194,-0.081797,-0.007729,0.27749,-0.0022174,-0.13593,-0.0036055,0.19801,-0.014586,0,0.12752,0,-0.075576,0.044282,0.018308,0.083405,0.057697,0.002136,-0.074383,-0.55322,0.003936,0.11121,-0.54692,-0.057201,-0.066989,-0.95448,0.10256,0.11773,-0.99291,-0.008598
-0.062761,0.75611,-0.20289,-0.019214,0.57647,-0.089442,-0.19462,0.49461,-0.027981,0.1441,0.4985,-0.084107,-0.19291,0.23332,0.030908,0.25,0.23164,-0.018972,-0.20844,-0.020211,0.022807,0.28907,0.0031612,-0.11372,-0.0032086,0.22453,-0.017178,0,0.1552,0,-0.076084,0.079448,0.022332,0.083025,0.081372,0.004129,-0.066735,-0.45298,-0.067781,0.10382,-0.46553,-0.10621,-0.036992,-0.84905,0.10661,0.12304,-0.87456,0.024892
-0.044585,0.76579,-0.22102,-0.0051571,0.58568,-0.1145,-0.18433,0.50386,-0.03588,0.15029,0.5078,-0.093189,-0.1836,0.23901,0.03799,0.25572,0.23576,-0.022216,-0.19866,-2.8953e-05,0.07784,0.31192,-0.0026369,-0.052593,-0.00030264,0.24505,-0.021875,0,0.18002,0,-0.083325,0.11524,0.0347,0.081916,0.10638,0.005407,-0.052228,-0.36607,-0.11809,0.076536,-0.3721,-0.15811,0.028294,-0.75258,0.089035,0.10788,-0.77277,0.036655
-0.055249,0.73913,-0.24625,-0.0078937,0.58484,-0.11598,-0.18569,0.51236,-0.039996,0.1484,0.51105,-0.096842,-0.1907,0.26008,0.093758,0.25387,0.24206,-0.016297,-0.21711,0.019288,0.11976,0.33881,0.011872,-0.038679,-0.0010334,0.25066,-0.022306,0,0.18623,0,-0.08222,0.11742,0.034793,0.082268,0.11325,0.005831,-0.041749,-0.37311,-0.11417,0.049912,-0.33734,-0.19324,0.028547,-0.73958,0.089594,0.09258,-0.72522,0.021597
-0.060266,0.73205,-0.25651,-0.014842,0.58385,-0.11785,-0.18694,0.52605,-0.047233,0.14151,0.51567,-0.096576,-0.19812,0.26917,0.11392,0.25294,0.25083,0.001221,-0.24524,0.041122,0.17759,0.36896,0.035597,0.008818,-0.0025132,0.25726,-0.022425,0,0.19311,0,-0.077704,0.12358,0.033438,0.083653,0.12047,0.005019,-0.02883,-0.39094,-0.099613,0.038701,-0.33731,-0.17232,-0.019052,-0.73768,0.098001,0.076542,-0.74345,-0.010132
-0.065164,0.73124,-0.26663,-0.017911,0.58094,-0.12867,-0.19235,0.5274,-0.037699,0.13712,0.51958,-0.10329,-0.20449,0.291,0.14278,0.25467,0.26663,0.018702,-0.28567,0.072668,0.20637,0.40325,0.07574,0.046696,-0.003128,0.24981,-0.023585,0,0.18394,0,-0.074521,0.11129,0.029731,0.081533,0.11424,0.009979,0.00066861,-0.43431,-0.11808,0.026611,-0.39601,-0.17553,-0.02055,-0.80354,0.006875,0.063124,-0.79893,-0.083831
-0.067942,0.73025,-0.27436,-0.019327,0.57679,-0.13975,-0.19103,0.52548,-0.042842,0.13745,0.51862,-0.11117,-0.20872,0.31562,0.13941,0.25721,0.27797,0.032578,-0.33975,0.12651,0.21122,0.44298,0.11799,0.032112,-0.0030713,0.24823,-0.025616,0,0.18262,0,-0.073988,0.10963,0.031548,0.080756,0.114,0.011865,-0.0059157,-0.5405,-0.075657,0.059871,-0.50237,-0.13621,-0.056274,-0.93688,-0.042474,0.072403,-0.86141,-0.16983
-0.077068,0.70432,-0.27989,-0.027553,0.56295,-0.14096,-0.19584,0.5161,-0.044804,0.12687,0.5117,-0.10809,-0.22428,0.31148,0.15811,0.25423,0.28849,0.057753,-0.43009,0.19006,0.2004,0.46268,0.16665,-0.000564,-0.0046348,0.23254,-0.026166,0,0.16644,0,-0.06885,0.091983,0.029133,0.07829,0.10297,0.01558,-0.032136,-0.56427,-0.047046,0.077259,-0.54665,-0.11614,-0.077781,-0.99579,-0.053829,0.086839,-0.99642,-0.22786
-0.086494,0.66223,-0.25591,-0.016836,0.5515,-0.11908,-0.20068,0.48175,-0.02182,0.12211,0.48105,-0.088663,-0.26233,0.28207,0.17872,0.24415,0.28433,0.080474,-0.50465,0.24508,0.17852,0.46898,0.22693,-0.013682,-0.0023937,0.20323,-0.0212,0,0.13164,0,-0.066959,0.055862,0.022621,0.070466,0.063548,0.011624,-0.056208,-0.60388,-0.011304,0.073778,-0.58992,-0.095826,-0.084968,-0.99547,-0.025107,0.080829,-1.0039,-0.20191
-0.07286,0.64563,-0.24526,-0.028338,0.4767,-0.10641,-0.1889,0.4213,-0.015858,0.13249,0.42788,-0.067552,-0.2767,0.259,0.15033,0.27562,0.24778,0.06648,-0.51849,0.29691,0.11723,0.48838,0.27403,-0.067091,-0.0045302,0.15454,-0.022019,0,0.094447,0,-0.065682,0.01974,0.023866,0.075323,0.028197,0.009782,-0.077656,-0.60431,-0.008226,0.087535,-0.62555,-0.095657,-0.082302,-0.99673,-0.006243,0.09798,-1.0096,-0.16168
-0.07831,0.5726,-0.20485,-0.027659,0.42206,-0.087435,-0.19029,0.35975,0.002834,0.13728,0.36942,-0.058956,-0.28736,0.21475,0.14807,0.31081,0.2101,0.039157,-0.49143,0.31753,0.044538,0.48611,0.32959,-0.098182,-0.0046099,0.078455,-0.017412,0,0.0097336,0,-0.070414,-0.066509,0.021548,0.080191,-0.059766,0.00443,-0.082989,-0.61902,-0.058182,0.088009,-0.64681,-0.1056,-0.071919,-0.99755,0.014508,0.097518,-1.0154,-0.12959
-0.045707,0.53777,-0.20186,-0.016323,0.38003,-0.080705,-0.19099,0.30847,0.00534,0.14763,0.30835,-0.050686,-0.30438,0.149,0.12605,0.31374,0.1239,0.052161,-0.45383,0.2965,-0.014857,0.4191,0.32087,-0.14235,-0.003024,0.047556,-0.016471,0,-0.019351,0,-0.075601,-0.095724,0.018982,0.083972,-0.096864,0.005215,-0.07636,-0.62861,-0.10682,0.039768,-0.66378,-0.13741,-0.068587,-1.0073,0.017892,0.088655,-1.0181,-0.11978
-0.045543,0.49762,-0.17767,-0.020157,0.34221,-0.069273,-0.19726,0.26584,0.011718,0.15146,0.28011,-0.043845,-0.30022,0.084098,0.11295,0.32929,0.1264,-0.001098,-0.40651,0.23538,-0.062169,0.38929,0.29383,-0.18395,-0.0033942,0.010068,-0.01441,0,-0.056437,0,-0.081061,-0.1375,0.018424,0.08877,-0.13515,0.00219,-0.043859,-0.60241,-0.13898,0.016717,-0.66346,-0.15502,-0.031239,-1.0394,-0.026236,0.087118,-1.0204,-0.10556
-0.045186,0.50195,-0.16607,-0.020306,0.33713,-0.063477,-0.19672,0.26377,0.014092,0.15038,0.27127,-0.043682,-0.29072,0.056535,0.078028,0.3271,0.10961,-0.018568,-0.38189,0.17413,-0.13077,0.36272,0.23886,-0.23777,-0.0033663,0.0056736,-0.013545,0,-0.061047,0,-0.080908,-0.1408,0.018565,0.08872,-0.13932,0.000452,-0.040893,-0.60488,-0.14051,0.016556,-0.66431,-0.15459,-0.063068,-1.0342,-0.006514,0.088003,-1.0205,-0.10439
-0.044698,0.51184,-0.15233,-0.017568,0.34458,-0.056597,-0.19582,0.26471,0.014956,0.15187,0.27164,-0.041449,-0.27739,0.048342,0.068823,0.31856,0.095072,-0.035621,-0.35763,0.095049,-0.17192,0.34068,0.20402,-0.26797,-0.0032612,0.0061192,-0.012596,0,-0.06085,0,-0.080804,-0.14079,0.016486,0.088083,-0.13873,-0.001178,-0.050812,-0.60982,-0.12813,0.020618,-0.6656,-0.15371,-0.027101,-1.02,-0.016735,0.088198,-1.0247,-0.1008
-0.048023,0.56834,-0.13097,-0.016316,0.40304,-0.044473,-0.19367,0.31195,0.019512,0.14711,0.32378,-0.040545,-0.25999,0.09262,0.078827,0.26857,0.12202,-0.000407,-0.34039,0.0094675,-0.15105,0.32642,0.10822,-0.25198,-0.0025333,0.049188,-0.010767,0,-0.023126,0,-0.077618,-0.10576,0.016443,0.083878,-0.090548,-0.006612,-0.068294,-0.62925,-0.057692,0.060514,-0.66378,-0.12227,-0.038203,-1.0175,0.004363,0.084791,-1.0204,-0.093542
-0.05849,0.63591,-0.13108,-0.025536,0.46924,-0.046038,-0.19862,0.38636,0.015992,0.13933,0.40142,-0.044531,-0.25311,0.14581,0.082038,0.24101,0.1803,-0.006443,-0.30481,-0.039506,-0.083455,0.30961,0.10215,-0.24212,-0.004256,0.11501,-0.010509,0,0.044165,0,-0.071988,-0.037199,0.015803,0.081167,-0.027263,-0.004259,-0.086428,-0.60051,0.002725,0.092093,-0.62483,-0.084471,-0.067458,-1.0062,0.062138,0.085386,-1.0101,-0.10317
-0.055753,0.69233,-0.14667,-0.025052,0.53571,-0.054791,-0.20372,0.44413,0.011682,0.14206,0.46006,-0.048565,-0.24553,0.1768,0.068959,0.2618,0.25858,-0.004956,-0.29011,-0.050937,-0.023153,0.29412,0.075913,-0.17874,-0.0041754,0.17022,-0.011969,0,0.097124,0,-0.070265,0.0083265,0.015724,0.07907,0.028104,-0.001448,-0.085915,-0.59646,0.017574,0.10485,-0.58273,-0.058439,-0.087939,-0.99936,0.034104,0.091695,-0.99867,-0.11691
-0.054645,0.74932,-0.1513,-0.019646,0.59111,-0.065914,-0.20198,0.49711,-0.005174,0.14316,0.51233,-0.058487,-0.23193,0.21832,0.074238,0.26512,0.27226,-0.015908,-0.27295,-0.022877,0.049818,0.2954,0.050827,-0.12992,-0.0032744,0.22955,-0.013822,0,0.15724,0,-0.078862,0.072243,0.018746,0.085888,0.08708,-0.000153,-0.085738,-0.57542,0.013489,0.10519,-0.52638,-0.074739,-0.080423,-0.98823,0.023278,0.10727,-0.96581,-0.085417
-0.049385,0.77526,-0.1668,-0.017665,0.61139,-0.075867,-0.19158,0.53821,-0.00983,0.1481,0.53129,-0.0655,-0.21904,0.26591,0.091925,0.26827,0.2836,-0.018643,-0.247,0.025713,0.1167,0.31681,0.045335,-0.061644,-0.0029094,0.26464,-0.015924,0,0.19601,0,-0.075628,0.1206,0.024334,0.082502,0.12349,-0.000503,-0.073587,-0.46357,-0.057392,0.097193,-0.45111,-0.11577,-0.055711,-0.8682,0.053681,0.10048,-0.85588,0.022386
-0.040839,0.78828,-0.18622,-0.021099,0.62594,-0.090371,-0.18672,0.55587,-0.01636,0.15193,0.54409,-0.076568,-0.21079,0.30611,0.092581,0.25856,0.30265,-0.008363,-0.22328,0.07038,0.15726,0.32299,0.05572,0.00158,-0.0036368,0.28766,-0.018552,0,0.22063,0,-0.075965,0.1439,0.029264,0.084628,0.14694,-0.000189,-0.031914,-0.36451,-0.13527,0.063496,-0.33923,-0.14842,-0.022324,-0.75639,0.077059,0.094418,-0.73099,0.062297
-0.040776,0.79947,-0.20424,-0.02333,0.6303,-0.10201,-0.18837,0.5649,-0.02182,0.14452,0.54739,-0.08395,-0.21408,0.3198,0.10238,0.251,0.30572,0.010066,-0.22617,0.10321,0.20208,0.31418,0.063065,0.028858,-0.004008,0.3014,-0.020935,0,0.23675,0,-0.076732,0.1639,0.031914,0.086213,0.16732,0.004299,-0.027396,-0.29917,-0.12772,0.024065,-0.27856,-0.19786,-0.017807,-0.69104,0.084605,0.037756,-0.64804,0.047534
-0.045402,0.79255,-0.2164,-0.019899,0.62927,-0.10649,-0.18806,0.56576,-0.022682,0.14201,0.5482,-0.086812,-0.20029,0.34008,0.14497,0.25098,0.29202,0.048821,-0.22555,0.12511,0.24567,0.33805,0.070364,0.092145,-0.0035381,0.30288,-0.021472,0,0.23845,0,-0.077174,0.16566,0.032751,0.085304,0.16936,0.004132,-0.019711,-0.29386,-0.13456,0.0076143,-0.27043,-0.2061,0.0091506,-0.61063,0.11734,0.027914,-0.61738,0.067223
-0.044445,0.7885,-0.23212,-0.021485,0.62782,-0.11616,-0.19243,0.56783,-0.026553,0.13595,0.54899,-0.09102,-0.2075,0.3431,0.15408,0.24618,0.2958,0.053505,-0.23157,0.12792,0.25476,0.35559,0.097748,0.13348,-0.0040464,0.30384,-0.023191,0,0.23967,0,-0.077609,0.16631,0.032737,0.086654,0.17151,0.008172,-0.029804,-0.35536,-0.08606,0.019342,-0.27317,-0.19459,-0.012782,-0.66019,0.099022,0.028038,-0.65159,0.038768
-0.04903,0.76511,-0.24644,-0.020963,0.62115,-0.12289,-0.19465,0.56568,-0.029258,0.13363,0.54783,-0.094435,-0.20702,0.33933,0.17297,0.24214,0.30687,0.071349,-0.24238,0.11827,0.2584,0.38319,0.12312,0.13697,-0.0038312,0.29438,-0.024074,0,0.22897,0,-0.076059,0.15467,0.032588,0.084303,0.16013,0.009373,-0.040838,-0.36392,-0.10952,0.057089,-0.34863,-0.1376,-0.059978,-0.78146,0.033235,0.049852,-0.7173,0.041779
-0.054297,0.76122,-0.2498,-0.024233,0.6017,-0.12969,-0.19118,0.55346,-0.036292,0.13073,0.54607,-0.095079,-0.2103,0.33908,0.17351,0.23974,0.3115,0.084656,-0.2863,0.14505,0.28822,0.41029,0.14579,0.12921,-0.0041843,0.27456,-0.024745,0,0.20901,0,-0.072716,0.1351,0.030168,0.081432,0.14486,0.011294,-0.071702,-0.49726,-0.067963,0.071829,-0.45463,-0.10717,-0.1078,-0.89866,-0.019856,0.076986,-0.85253,-0.030514
-0.053063,0.72232,-0.26031,-0.02129,0.57964,-0.12955,-0.19297,0.54172,-0.034822,0.1314,0.53243,-0.090331,-0.21858,0.3379,0.18173,0.24029,0.31222,0.10458,-0.34663,0.1504,0.25942,0.4492,0.18613,0.070574,-0.0035245,0.2472,-0.024497,0,0.18067,0,-0.073756,0.10596,0.02612,0.081394,0.11323,0.015003,-0.092597,-0.55143,-0.039596,0.084058,-0.53801,-0.075141,-0.12561,-0.98165,-0.038475,0.089855,-0.9478,-0.06221
-0.045519,0.70379,-0.25125,-0.0096328,0.53496,-0.12038,-0.18245,0.48987,-0.02204,0.14324,0.47904,-0.072612,-0.23865,0.28767,0.1856,0.27824,0.2826,0.11015,-0.44798,0.18211,0.24214,0.50455,0.23454,0.016268,-0.0016817,0.20558,-0.02294,0,0.13933,0,-0.074218,0.068201,0.02515,0.07763,0.067628,0.01282,-0.10162,-0.59026,-0.016206,0.091837,-0.59042,-0.044103,-0.12192,-0.99065,-0.020562,0.10267,-1.0133,-0.051585
-0.042957,0.62634,-0.24301,-0.0134,0.48148,-0.10104,-0.18148,0.42781,-0.012915,0.14772,0.4294,-0.058093,-0.26926,0.23967,0.17837,0.28402,0.26076,0.10038,-0.51115,0.20404,0.15235,0.50622,0.26102,-0.016261,-0.0022334,0.14501,-0.019671,0,0.07772,0,-0.072159,0.0021285,0.018209,0.076965,0.008507,0.013043,-0.10488,-0.59506,-0.018131,0.090359,-0.59742,-0.04362,-0.11459,-1.0024,0.003928,0.10705,-1.0198,-0.030117
-0.017735,0.57456,-0.22751,-0.011592,0.41959,-0.090822,-0.17573,0.36789,-0.009458,0.15588,0.36038,-0.044427,-0.28775,0.20006,0.15865,0.31477,0.20826,0.071872,-0.52472,0.24615,0.10432,0.49489,0.2934,-0.084242,-0.001932,0.083408,-0.017968,0,0.016173,0,-0.075149,-0.05588,0.014266,0.079361,-0.058341,0.01368,-0.10517,-0.60914,-0.051898,0.080913,-0.64116,-0.067192,-0.11289,-1.0023,0.005139,0.099108,-1.0204,-0.026915
-0.020711,0.50385,-0.20649,-0.0078842,0.3611,-0.076876,-0.18448,0.2951,-0.014135,0.16465,0.30165,-0.036907,-0.30102,0.1456,0.1264,0.32181,0.11535,0.085341,-0.51316,0.19742,0.001985,0.43723,0.26094,-0.087879,-0.001314,0.027403,-0.015643,0,-0.039336,0,-0.081089,-0.11566,0.008783,0.084148,-0.11839,0.015653,-0.088718,-0.62329,-0.10719,0.055675,-0.65087,-0.12095,-0.11227,-0.99904,-0.009546,0.092445,-1.0211,-0.034242
-0.014139,0.51077,-0.18766,-0.012767,0.34317,-0.077801,-0.18403,0.2792,-0.010853,0.16087,0.28476,-0.034451,-0.30905,0.096,0.088928,0.32418,0.13092,0.035921,-0.49032,0.15424,-0.078659,0.4388,0.22719,-0.17154,-0.0019217,0.016968,-0.015756,0,-0.048606,0,-0.080681,-0.12344,0.008915,0.084963,-0.12639,0.015718,-0.082691,-0.62539,-0.11773,0.05424,-0.64887,-0.13132,-0.10807,-1.0032,-0.013761,0.08428,-1.0184,-0.037122
-0.017632,0.50524,-0.18121,-0.01304,0.33882,-0.069439,-0.18389,0.27558,-0.012494,0.16055,0.28094,-0.036729,-0.2802,0.077056,0.088319,0.31859,0.093748,0.027686,-0.43384,0.068193,-0.11574,0.41735,0.16724,-0.19762,-0.0020323,0.011125,-0.014765,0,-0.054659,0,-0.080157,-0.12992,0.008478,0.084779,-0.1317,0.01391,-0.082823,-0.62686,-0.1225,0.056072,-0.64836,-0.13621,-0.10263,-1.0064,-0.016125,0.083023,-1.0201,-0.039842
-0.024359,0.53165,-0.16903,-0.014487,0.37936,-0.053731,-0.1874,0.28668,-0.012085,0.16029,0.29572,-0.034361,-0.27226,0.081564,0.087456,0.31031,0.1042,0.008644,-0.39582,-0.00036828,-0.12097,0.39901,0.084708,-0.23235,-0.0022394,0.026529,-0.012882,0,-0.042576,0,-0.079731,-0.12248,0.007178,0.084665,-0.11951,0.011608,-0.092466,-0.62462,-0.10963,0.080433,-0.64093,-0.12299,-0.10269,-1.0064,-0.018267,0.082355,-1.0225,-0.037711
-0.03337,0.60312,-0.15882,-0.016468,0.43123,-0.059694,-0.19648,0.3507,-0.009962,0.15718,0.36384,-0.03202,-0.25867,0.1278,0.078957,0.27286,0.16608,0.026161,-0.33795,-0.040201,-0.093934,0.36167,0.052453,-0.1852,-0.0027447,0.088464,-0.012778,0,0.01991,0,-0.077396,-0.062247,0.010698,0.083729,-0.056128,0.006918,-0.10346,-0.60915,-0.044568,0.098795,-0.62456,-0.072316,-0.099258,-1.0123,-0.007179,0.081723,-1.0224,-0.038143
-0.045244,0.67007,-0.15639,-0.018867,0.49854,-0.064911,-0.20056,0.4151,-0.011214,0.15088,0.42833,-0.052697,-0.26108,0.15769,0.073356,0.26464,0.19207,0.011864,-0.30789,-0.059416,-0.042806,0.33748,0.012204,-0.15079,-0.0031445,0.14633,-0.013647,0,0.075885,0,-0.07459,-0.006321,0.013408,0.081606,0.00093172,0.005565,-0.11042,-0.57593,0.00211,0.11031,-0.6078,-0.024725,-0.12169,-1.0028,-0.013527,0.1047,-1.0127,-0.056036
-0.044686,0.7056,-0.16502,-0.026352,0.55638,-0.069721,-0.20418,0.46763,-0.004733,0.15185,0.47782,-0.065052,-0.23953,0.18724,0.07093,0.25694,0.22139,-0.014066,-0.28859,-0.040568,-0.01705,0.31633,-0.0037369,-0.10268,-0.0043919,0.20083,-0.014449,0,0.12972,0,-0.072596,0.045419,0.019067,0.082449,0.054487,0.001809,-0.10459,-0.57143,0.000382,0.11124,-0.55513,-0.024506,-0.11642,-0.98616,-0.01033,0.10981,-0.98909,-0.05072
-0.044174,0.76373,-0.16761,-0.02077,0.58341,-0.081961,-0.19829,0.49275,-0.015851,0.14626,0.50346,-0.07494,-0.22978,0.219,0.065618,0.25378,0.23553,-0.015852,-0.25999,-0.023668,0.050458,0.30371,-0.0031678,-0.047973,-0.0033072,0.23622,-0.016802,0,0.16739,0,-0.076763,0.091576,0.025503,0.083112,0.097406,0.001403,-0.092261,-0.48445,-0.041917,0.10198,-0.48153,-0.070249,-0.077744,-0.8793,0.05794,0.11829,-0.89801,0.029038
-0.040165,0.77195,-0.17908,-0.019513,0.59856,-0.090059,-0.18942,0.52977,-0.019523,0.14538,0.51357,-0.084467,-0.21485,0.26029,0.08825,0.23652,0.26556,-0.002346,-0.23641,0.018715,0.10577,0.28198,0.025694,-0.001776,-0.0031922,0.25296,-0.018026,0,0.18395,0,-0.075315,0.10959,0.029226,0.082231,0.11073,-0.000856,-0.077262,-0.382,-0.09564,0.079516,-0.40034,-0.11187,-0.046477,-0.77685,0.11119,0.10645,-0.79284,0.099362
-0.043434,0.77271,-0.1931,-0.021208,0.60077,-0.10234,-0.19035,0.5347,-0.026252,0.14261,0.51779,-0.094975,-0.21496,0.27996,0.11997,0.23578,0.26567,0.000275,-0.22974,0.039275,0.14696,0.28483,0.02804,0.017133,-0.0036871,0.26903,-0.020929,0,0.20416,0,-0.075989,0.13455,0.035029,0.083854,0.12902,-0.000858,-0.050811,-0.31796,-0.15807,0.040799,-0.33927,-0.14273,-0.012986,-0.69166,0.080305,0.073791,-0.70614,0.10561
-0.045737,0.76872,-0.20331,-0.021966,0.60074,-0.10555,-0.18904,0.53802,-0.025232,0.14096,0.51847,-0.097048,-0.20637,0.28196,0.15207,0.23425,0.26151,0.017484,-0.23077,0.046813,0.20107,0.31883,0.042594,0.072645,-0.0036785,0.27222,-0.020871,0,0.20749,0,-0.075793,0.13738,0.034816,0.083821,0.13297,-9.5e-05,0.0008236,-0.30198,-0.17537,0.040096,-0.35759,-0.077113,0.015827,-0.63957,0.10967,0.076071,-0.67071,0.17081
-0.049564,0.76413,-0.20813,-0.023371,0.59855,-0.10706,-0.18817,0.53107,-0.025734,0.13928,0.51786,-0.094682,-0.20515,0.31044,0.19306,0.24594,0.25884,0.047723,-0.23702,0.077767,0.24752,0.34755,0.040837,0.078244,-0.0039889,0.27126,-0.021122,0,0.20653,0,-0.075049,0.13548,0.035164,0.084053,0.13296,0.000432,-0.043715,-0.31899,-0.15147,0.046377,-0.37213,-0.079392,0.01965,-0.67725,0.1029,0.082352,-0.68525,0.16853
-0.054115,0.75487,-0.21741,-0.02507,0.59399,-0.11029,-0.18995,0.52754,-0.024372,0.13685,0.51628,-0.09429,-0.20378,0.30939,0.19675,0.24168,0.26336,0.046749,-0.24921,0.095195,0.29177,0.37389,0.068502,0.098842,-0.0043303,0.26271,-0.021659,0,0.19649,0,-0.073142,0.12315,0.034332,0.082638,0.12484,0.001324,-0.064129,-0.40407,-0.0568,0.043061,-0.38179,-0.08997,0.0043297,-0.80881,0.124,0.069185,-0.76145,0.14156
-0.063001,0.74805,-0.22505,-0.027073,0.58472,-0.12133,-0.19219,0.52256,-0.028314,0.13071,0.51242,-0.10108,-0.1917,0.30386,0.1676,0.24267,0.26397,0.049744,-0.27016,0.11952,0.2939,0.41998,0.098928,0.069093,-0.0046753,0.24002,-0.02401,0,0.16976,0,-0.0705,0.097571,0.033073,0.079198,0.10524,0.003424,-0.081994,-0.47248,-0.009016,0.072295,-0.51629,-0.041034,-0.043145,-0.91311,0.090982,0.095445,-0.88601,0.072024
-0.080902,0.6975,-0.23555,-0.02578,0.54038,-0.13335,-0.19066,0.49177,-0.030531,0.12412,0.48511,-0.10122,-0.17003,0.2167,0.12471,0.24545,0.26128,0.055301,-0.32691,0.19645,0.29722,0.46318,0.15054,0.032107,-0.0042557,0.18837,-0.025127,0,0.11833,0,-0.063961,0.039941,0.025412,0.072404,0.06559,0.01221,-0.067686,-0.60686,0.054591,0.087065,-0.56718,-0.019568,-0.058441,-0.9941,0.067325,0.10216,-0.97921,0.012786
-0.089223,0.67837,-0.2366,-0.033408,0.4995,-0.13572,-0.18615,0.44756,-0.038601,0.12651,0.43509,-0.09845,-0.23055,0.24422,0.19114,0.25412,0.24041,0.056229,-0.44711,0.17425,0.26642,0.47592,0.19512,-0.049799,-0.0054455,0.15373,-0.025422,0,0.08417,0,-0.063739,0.01531,0.027257,0.07466,0.01384,0.011401,-0.067466,-0.62314,0.069106,0.092994,-0.58586,-0.006199,-0.052521,-1.0027,0.090975,0.10913,-1.0213,0.014048
-0.079472,0.60185,-0.24443,-0.033449,0.43062,-0.13537,-0.18992,0.37507,-0.03115,0.12913,0.37625,-0.090275,-0.24431,0.22737,0.20011,0.30293,0.19725,0.020825,-0.48802,0.22224,0.20425,0.51324,0.24787,-0.10685,-0.0055749,0.093263,-0.025387,0,0.025791,0,-0.06728,-0.047423,0.026692,0.078634,-0.038416,0.014552,-0.073575,-0.62536,0.058587,0.081471,-0.64122,-0.016094,-0.048564,-1.0066,0.099137,0.10753,-1.0261,0.028428
-0.08183,0.52037,-0.25122,-0.028913,0.37094,-0.1342,-0.19472,0.31054,-0.033603,0.13131,0.30445,-0.10013,-0.29186,0.17567,0.14027,0.29276,0.12628,0.018619,-0.51785,0.26728,0.14283,0.45194,0.25902,-0.16393,-0.0048188,0.033371,-0.025192,0,-0.034142,0,-0.071167,-0.11015,0.030412,0.081245,-0.09932,0.011526,-0.064244,-0.62319,-0.025764,0.050599,-0.62733,-0.053724,-0.035389,-1.0154,0.10009,0.08975,-1.0218,0.021268
-0.076845,0.48171,-0.24171,-0.033988,0.33,-0.12526,-0.19947,0.26656,-0.027283,0.12296,0.27432,-0.10536,-0.30512,0.12387,0.11338,0.3286,0.12855,-0.060899,-0.52194,0.20908,0.025789,0.43957,0.2659,-0.24368,-0.0054567,0.0076525,-0.023996,0,-0.05742,0,-0.072167,-0.12772,0.029881,0.084388,-0.12739,0.010255,-0.057328,-0.61618,-0.038396,0.0090751,-0.64765,-0.081278,-0.024624,-1.0121,0.056963,0.047915,-1.0265,0.027243
-0.070971,0.47678,-0.23625,-0.034591,0.31084,-0.11722,-0.20036,0.25665,-0.017406,0.12909,0.25046,-0.097448,-0.30366,0.077488,0.091628,0.31164,0.097888,-0.066622,-0.49922,0.15274,-0.047832,0.39017,0.21304,-0.28112,-0.0057182,-0.0053843,-0.022698,0,-0.068829,0,-0.07411,-0.14328,0.030359,0.085945,-0.13992,0.009463,-0.037671,-0.61468,-0.10045,0.016289,-0.72934,-0.07682,-0.016034,-1.0237,0.040725,0.051784,-1.0402,0.029499
-0.072314,0.4678,-0.19465,-0.035221,0.30478,-0.1047,-0.20212,0.24936,-0.007939,0.12953,0.24822,-0.093394,-0.28574,0.050012,0.094902,0.28721,0.074188,-0.053545,-0.45234,0.051811,-0.097541,0.35466,0.10276,-0.3004,-0.0058077,-0.010345,-0.021344,0,-0.073768,0,-0.07393,-0.15003,0.02973,0.086522,-0.14488,0.007483,-0.03867,-0.62108,-0.10266,0.01612,-0.72927,-0.078236,-0.015364,-1.0229,0.037834,0.051729,-1.0407,0.026827
-0.075888,0.4945,-0.18256,-0.035627,0.32362,-0.092656,-0.20285,0.25295,-0.005045,0.13097,0.253,-0.085376,-0.27357,0.053354,0.089286,0.28708,0.074105,-0.055676,-0.39268,-0.039441,-0.11645,0.30743,0.019135,-0.30655,-0.0060078,-0.0073347,-0.019812,0,-0.072278,0,-0.073967,-0.14926,0.028972,0.086903,-0.14393,0.006286,-0.040498,-0.62106,-0.10084,0.033882,-0.71791,-0.079422,-0.014877,-1.0221,0.037603,0.052834,-1.0324,0.021723
-0.068192,0.55261,-0.17033,-0.034216,0.38378,-0.085307,-0.20259,0.29599,0.003476,0.13517,0.31143,-0.075774,-0.25434,0.072356,0.087932,0.27912,0.12827,-0.030122,-0.35322,-0.071812,-0.096269,0.31663,0.0009436,-0.24882,-0.006095,0.038161,-0.016891,0,-0.033962,0,-0.07279,-0.11814,0.026319,0.085414,-0.10306,0.000967,-0.050274,-0.61515,-0.048541,0.060581,-0.64753,-0.078259,-0.01499,-1.021,0.046822,0.059058,-1.0292,0.016982
-0.068989,0.61856,-0.16216,-0.033895,0.45395,-0.076816,-0.20706,0.37119,0.005764,0.13721,0.37545,-0.069808,-0.24298,0.11905,0.094052,0.26595,0.14888,-0.036811,-0.32601,-0.064694,-0.057322,0.31216,-0.029732,-0.21044,-0.0056491,0.10351,-0.015626,0,0.033424,0,-0.070668,-0.049452,0.026093,0.083179,-0.038915,-0.002855,-0.056214,-0.61377,0.002007,0.099449,-0.63875,-0.045621,-0.029822,-1.0088,0.073158,0.088038,-1.0202,0.008364
-0.077259,0.68467,-0.15843,-0.037021,0.51863,-0.069522,-0.20545,0.44005,0.016008,0.13012,0.44748,-0.075095,-0.2353,0.14009,0.093218,0.24805,0.18593,-0.039927,-0.28128,-0.09043,0.01357,0.30141,-0.042322,-0.12186,-0.0061702,0.15637,-0.01441,0,0.083917,0,-0.065252,0.0025158,0.027212,0.078319,0.011871,-0.007563,-0.058638,-0.60674,0.037146,0.12073,-0.60396,-0.013109,-0.058809,-1.0037,0.055824,0.11769,-1.0156,-0.034854
-0.07063,0.74396,-0.15923,-0.030494,0.51999,-0.070061,-0.20024,0.49399,0.005872,0.13049,0.50899,-0.079796,-0.22034,0.21954,0.090438,0.24192,0.22595,-0.035821,-0.23825,-0.023876,0.081689,0.29071,-0.013152,-0.056433,-0.0040424,0.20152,-0.013679,0,0.13967,0,-0.064403,0.057725,0.029544,0.074382,0.068476,-0.009503,-0.058561,-0.60028,0.037994,0.12457,-0.55971,-0.013442,-0.055955,-0.98833,0.039196,0.11227,-0.99567,-0.021196
-0.062844,0.7927,-0.15914,-0.026166,0.63125,-0.096879,-0.19949,0.52431,0.000274,0.13438,0.53082,-0.085997,-0.21035,0.27549,0.098437,0.24119,0.2475,-0.018536,-0.2126,0.034036,0.12064,0.29026,0.0098098,-0.005889,-0.004361,0.26947,-0.018969,0,0.19712,0,-0.069619,0.11711,0.035544,0.078854,0.1239,-0.006241,-0.059643,-0.49288,-0.012706,0.11351,-0.49303,-0.051566,-0.01213,-0.85882,0.055287,0.11127,-0.88031,0.03792
-0.058739,0.79997,-0.16631,-0.022999,0.63883,-0.10295,-0.19031,0.5541,-0.00477,0.13895,0.54627,-0.087842,-0.20466,0.31719,0.10165,0.23747,0.29041,0.006157,-0.20765,0.057632,0.17741,0.30697,0.061112,0.039142,-0.0036487,0.28506,-0.020336,0,0.21481,0,-0.071611,0.14062,0.036881,0.078934,0.14189,-0.004364,-0.051057,-0.39317,-0.084537,0.08681,-0.40754,-0.093344,0.027467,-0.80763,0.065891,0.091501,-0.80845,0.080666
-0.065462,0.80799,-0.17722,-0.024723,0.64521,-0.10523,-0.19035,0.56741,-0.005874,0.14006,0.55915,-0.087411,-0.19694,0.33805,0.11318,0.24003,0.30339,0.014933,-0.20757,0.1006,0.20446,0.32834,0.087549,0.073304,-0.0042028,0.31041,-0.020237,0,0.24499,0,-0.073979,0.17148,0.036354,0.082795,0.16774,-0.005244,-0.025785,-0.29405,-0.14941,0.063113,-0.36135,-0.10417,0.021652,-0.68384,0.031201,0.11811,-0.70612,0.11571
-0.066573,0.81079,-0.17998,-0.024195,0.65482,-0.093901,-0.19178,0.57666,-0.000195,0.13828,0.56296,-0.082828,-0.20019,0.34411,0.16266,0.24417,0.31003,0.038749,-0.21283,0.11193,0.22332,0.36087,0.10775,0.1075,-0.0039439,0.31744,-0.018814,0,0.25076,0,-0.075024,0.17601,0.035259,0.084682,0.17538,-0.005272,-0.023592,-0.27645,-0.15737,0.052986,-0.37531,-0.045561,0.018422,-0.65644,0.072073,0.10738,-0.66045,0.14023
-0.067346,0.81076,-0.18132,-0.023566,0.66055,-0.080968,-0.19211,0.57981,0.002786,0.13804,0.577,-0.068562,-0.20194,0.35007,0.16804,0.26414,0.33135,0.085692,-0.21647,0.12903,0.257,0.38549,0.12601,0.12426,-0.0037619,0.32016,-0.017435,0,0.25279,0,-0.075653,0.17659,0.033419,0.085542,0.18035,-0.004771,-0.026354,-0.28201,-0.15821,0.047959,-0.37667,-0.049247,0.00091835,-0.66582,0.067631,0.10032,-0.67372,0.13789
-0.066648,0.81267,-0.17385,-0.023231,0.665,-0.06948,-0.19268,0.58148,0.005775,0.13558,0.58139,-0.060565,-0.19862,0.36203,0.19122,0.26133,0.35048,0.094963,-0.24116,0.14914,0.28929,0.41531,0.1631,0.11004,-0.0041182,0.32,-0.016495,0,0.25209,0,-0.071167,0.17211,0.026633,0.084341,0.18094,-0.004643,-0.032058,-0.3831,-0.10561,0.068232,-0.35325,-0.11044,-0.019874,-0.77212,0.078181,0.11146,-0.72635,0.1225
-0.070286,0.81388,-0.1653,-0.027336,0.66361,-0.063934,-0.19529,0.58092,0.012848,0.12988,0.58258,-0.050881,-0.20088,0.35787,0.19498,0.26121,0.34623,0.11182,-0.28746,0.15556,0.28702,0.45039,0.1919,0.09248,-0.005302,0.31132,-0.013949,0,0.23929,0,-0.068315,0.15555,0.018996,0.081274,0.1755,-0.002985,-0.054588,-0.49125,-0.051388,0.095065,-0.42802,-0.084272,-0.073805,-0.85439,0.051952,0.1204,-0.79761,0.084701
-0.071519,0.80822,-0.14612,-0.02971,0.65206,-0.055623,-0.19484,0.56952,0.02603,0.13009,0.5746,-0.032508,-0.21324,0.30843,0.2004,0.25836,0.34273,0.11948,-0.36952,0.15816,0.29886,0.46757,0.22808,0.053635,-0.0052258,0.29581,-0.012211,0,0.22428,0,-0.06937,0.14685,0.01576,0.081082,0.15345,-0.001228,-0.063652,-0.51181,-0.018547,0.10123,-0.50511,-0.027917,-0.093194,-0.97683,0.010911,0.12919,-0.92967,0.045388
-0.067403,0.78584,-0.12145,-0.03,0.60314,-0.041252,-0.19488,0.52797,0.046393,0.13471,0.53237,-0.021682,-0.22424,0.28601,0.21727,0.25983,0.32286,0.12179,-0.44013,0.17905,0.24319,0.4725,0.26359,0.003588,-0.0050188,0.25344,-0.009898,0,0.18348,0,-0.06886,0.091602,0.015569,0.079896,0.12668,-0.004589,-0.068692,-0.49643,-0.023513,0.10397,-0.53178,-0.024391,-0.088176,-0.95312,0.006836,0.14505,-0.99004,0.031086
-0.051411,0.7226,-0.11721,-0.025707,0.55473,-0.037475,-0.19634,0.46109,0.04711,0.13999,0.46499,-0.015339,-0.24916,0.23456,0.20629,0.25982,0.27492,0.11787,-0.49064,0.19955,0.20204,0.47626,0.27678,-0.009026,-0.0042741,0.19189,-0.009059,0,0.11942,0,-0.068132,0.026035,0.009156,0.077052,0.061558,-0.000952,-0.073014,-0.60566,-0.046826,0.10445,-0.58773,-0.027741,-0.079434,-1.0028,0.040087,0.13629,-1.0007,0.031307
-0.055166,0.66939,-0.1122,-0.026829,0.48618,-0.041242,-0.1943,0.38795,0.041725,0.14775,0.40144,-0.012348,-0.25648,0.18263,0.17184,0.28129,0.22047,0.10378,-0.49516,0.19477,0.10796,0.47262,0.27823,-0.050322,-0.0044715,0.1332,-0.009694,0,0.062604,0,-0.06966,-0.03073,0.009187,0.079386,0.0023759,0.000744,-0.074251,-0.60395,-0.060168,0.099729,-0.62235,-0.060194,-0.076677,-1.0022,0.034063,0.13339,-1.0068,0.034028
-0.047681,0.60599,-0.10403,-0.023474,0.42418,-0.03773,-0.19973,0.32384,0.036379,0.14788,0.33015,-0.013658,-0.27635,0.13326,0.14598,0.26652,0.114,0.076402,-0.50234,0.17557,0.050053,0.42867,0.24206,-0.09011,-0.0039123,0.067272,-0.009109,0,-0.0041091,0,-0.076711,-0.086052,0.007409,0.085267,-0.078259,0.001297,-0.074438,-0.61058,-0.079701,0.091617,-0.63576,-0.081307,-0.066211,-1.0113,0.048094,0.12917,-1.0087,0.032311
-0.050434,0.55747,-0.10888,-0.024049,0.38816,-0.041171,-0.19534,0.28808,0.027123,0.15176,0.3097,-0.017024,-0.27407,0.079589,0.10606,0.30268,0.088452,0.098326,-0.48275,0.11392,-0.029711,0.42557,0.23178,-0.11331,-0.0039961,0.044396,-0.009537,0,-0.024791,0,-0.077217,-0.10839,0.007794,0.085947,-0.09791,0.002577,-0.060936,-0.61658,-0.10357,0.07904,-0.62541,-0.10342,-0.061439,-1.012,0.037712,0.12478,-1.0102,0.025657
-0.050047,0.55198,-0.10912,-0.027456,0.37917,-0.044891,-0.19613,0.28472,0.02009,0.14903,0.29816,-0.025017,-0.26857,0.071197,0.092233,0.28986,0.10943,0.051279,-0.44108,0.04884,-0.092801,0.4193,0.1523,-0.16498,-0.0045709,0.034805,-0.010242,0,-0.034355,0,-0.07672,-0.11766,0.008725,0.086855,-0.10635,0.002774,-0.059558,-0.61649,-0.10686,0.080265,-0.63054,-0.10706,-0.053831,-1.0038,0.016906,0.11914,-1.0132,0.023459
-0.048766,0.56369,-0.11102,-0.027222,0.38706,-0.045184,-0.1974,0.29235,0.007815,0.1485,0.3,-0.026487,-0.26015,0.07491,0.079361,0.29061,0.10092,0.031142,-0.38561,-0.035982,-0.11197,0.40431,0.11224,-0.1983,-0.0045446,0.038918,-0.010294,0,-0.030689,0,-0.076296,-0.11254,0.007808,0.086373,-0.10313,0.003708,-0.078229,-0.61042,-0.079762,0.094258,-0.6338,-0.09437,-0.054884,-1.0036,0.017427,0.12147,-1.019,0.032308
-0.045148,0.62066,-0.12425,-0.032926,0.45266,-0.054778,-0.19864,0.3536,-0.003742,0.14769,0.35915,-0.032594,-0.25716,0.10981,0.077916,0.26818,0.15808,0.007869,-0.35937,-0.047635,-0.091758,0.37986,0.059034,-0.19894,-0.0054877,0.093694,-0.011949,0,0.0219,0,-0.073262,-0.059606,0.009813,0.085093,-0.051374,0.004897,-0.081381,-0.61868,-0.021779,0.12471,-0.60271,-0.049576,-0.061936,-1.0109,0.039745,0.12537,-1.0151,0.036484
-0.050267,0.68625,-0.12172,-0.023591,0.51681,-0.062322,-0.20576,0.41172,-0.005138,0.14135,0.42501,-0.050957,-0.26112,0.15106,0.070936,0.27867,0.22348,0.009582,-0.31508,-0.0532,-0.064858,0.35925,0.059721,-0.16611,-0.0039318,0.14986,-0.013206,0,0.076475,0,-0.072154,-0.008876,0.013458,0.080481,0.0064018,0.003655,-0.080544,-0.59792,0.030824,0.1356,-0.58925,-0.012177,-0.063303,-1.0106,0.044999,0.14382,-0.99449,0.025218
-0.050669,0.73997,-0.1357,-0.031557,0.57211,-0.067744,-0.20833,0.46823,-0.016941,0.14303,0.48187,-0.058559,-0.25386,0.19763,0.058441,0.2792,0.25663,-0.005344,-0.28544,-0.031876,-0.031791,0.32673,0.040281,-0.12135,-0.0052595,0.20547,-0.01411,0,0.13214,0,-0.072955,0.041807,0.015185,0.084214,0.0655,0.004046,-0.076102,-0.5978,0.031889,0.14023,-0.58598,-0.011151,-0.061755,-1.0004,0.043892,0.15028,-0.98863,0.02237
-0.039947,0.78651,-0.14651,-0.023521,0.59802,-0.07715,-0.20655,0.51611,-0.021749,0.1439,0.52385,-0.064659,-0.24017,0.22824,0.057476,0.28017,0.2738,-0.013515,-0.27146,-0.012253,0.017179,0.30653,0.039027,-0.093766,-0.0039159,0.25703,-0.016322,0,0.18715,0,-0.07579,0.10318,0.017596,0.084512,0.11549,0.007342,-0.070218,-0.52289,-0.004074,0.1358,-0.48604,-0.04148,-0.052354,-0.92253,0.066121,0.15293,-0.89936,0.063466
-0.043561,0.79707,-0.15087,-0.028113,0.62283,-0.096777,-0.20431,0.51925,-0.025331,0.13983,0.5359,-0.073322,-0.22979,0.2428,0.06628,0.26726,0.30094,-0.018178,-0.24848,-0.00017057,0.064131,0.28383,0.047843,-0.050333,-0.004178,0.27057,-0.018225,0,0.20123,0,-0.07614,0.12164,0.022439,0.084794,0.1308,0.007273,-0.064812,-0.40341,-0.083873,0.1182,-0.38585,-0.087487,-0.019512,-0.79581,0.11993,0.13944,-0.77519,0.13157
-0.035177,0.80905,-0.17287,-0.024842,0.62453,-0.10577,-0.19475,0.53323,-0.035475,0.14297,0.53881,-0.081383,-0.21877,0.26195,0.073158,0.26185,0.29413,-0.0131,-0.24098,0.024095,0.10889,0.28735,0.04896,-0.027869,-0.0037438,0.28389,-0.021049,0,0.21777,0,-0.076771,0.14768,0.031002,0.084865,0.14677,0.006218,-0.041856,-0.30508,-0.15897,0.10551,-0.32028,-0.14423,-0.0072291,-0.65639,0.11054,0.1086,-0.67512,0.12309
-0.035628,0.80566,-0.18363,-0.027458,0.62072,-0.11388,-0.19493,0.53371,-0.040118,0.14191,0.53649,-0.087939,-0.21864,0.27364,0.11015,0.24084,0.26458,0.017989,-0.24952,0.039249,0.15641,0.29551,0.026845,0.003136,-0.0040506,0.28608,-0.022801,0,0.22113,0,-0.076559,0.14976,0.032381,0.086044,0.15035,0.00798,-0.0033411,-0.2869,-0.18406,0.10685,-0.31421,-0.15023,0.0097578,-0.62429,0.10279,0.079957,-0.63894,0.14883
-0.045071,0.79322,-0.1922,-0.03371,0.61152,-0.1219,-0.19709,0.53266,-0.042584,0.13785,0.53221,-0.090512,-0.22763,0.2756,0.13489,0.24049,0.2652,0.019235,-0.24969,0.039874,0.17965,0.30238,0.032325,0.043129,-0.0042417,0.28615,-0.022921,0,0.22131,0,-0.076352,0.14967,0.032548,0.086227,0.15091,0.008285,-0.0018978,-0.28594,-0.18529,0.10688,-0.31281,-0.15203,0.0098493,-0.62382,0.10102,0.072283,-0.63919,0.14461
-0.051048,0.76696,-0.21662,-0.035274,0.60047,-0.13698,-0.19891,0.5294,-0.044782,0.12838,0.52176,-0.10384,-0.22693,0.2756,0.137,0.24069,0.26518,0.020516,-0.25092,0.06756,0.2481,0.32444,0.044833,0.069126,-0.0048128,0.28196,-0.024276,0,0.21786,0,-0.075186,0.14484,0.033791,0.086186,0.14944,0.008938,-0.021812,-0.3046,-0.15873,0.09346,-0.31447,-0.15154,-0.011354,-0.67646,0.086396,0.067376,-0.69082,0.086271
-0.061631,0.75722,-0.22235,-0.039443,0.58906,-0.14432,-0.20439,0.51731,-0.060818,0.12424,0.5122,-0.11019,-0.22693,0.27981,0.13546,0.2411,0.26528,0.031805,-0.27183,0.085124,0.26138,0.38226,0.071049,0.10144,-0.0060923,0.26731,-0.026256,0,0.20286,0,-0.070653,0.12694,0.03402,0.08473,0.13888,0.011751,-0.049297,-0.42917,-0.074171,0.092344,-0.394,-0.10173,-0.075662,-0.85798,0.055032,0.085469,-0.7809,0.062896
-0.081495,0.72103,-0.24554,-0.039012,0.56227,-0.15745,-0.2052,0.49964,-0.080496,0.1169,0.49271,-0.12113,-0.22654,0.28065,0.13403,0.24338,0.26639,0.038494,-0.29423,0.095173,0.26334,0.40104,0.098132,0.10407,-0.0063881,0.23849,-0.028835,0,0.1734,0,-0.067559,0.10061,0.03154,0.081232,0.11403,0.017794,-0.079202,-0.53025,-0.028683,0.11949,-0.48745,-0.07564,-0.10533,-0.96093,0.007873,0.11154,-0.86351,-0.001958
-0.080485,0.7091,-0.23701,-0.045734,0.5304,-0.15706,-0.20754,0.46559,-0.068308,0.11905,0.47332,-0.1061,-0.23467,0.27114,0.16243,0.26147,0.26219,0.07647,-0.35188,0.1032,0.28096,0.4477,0.11319,0.11341,-0.0078405,0.19051,-0.029448,0,0.12362,0,-0.062625,0.046049,0.025154,0.078791,0.06328,0.025008,-0.097595,-0.58535,0.031822,0.1361,-0.56142,-0.03492,-0.11696,-1.0081,0.015529,0.1477,-0.98428,-0.051712
-0.084534,0.64334,-0.23866,-0.043516,0.48712,-0.1452,-0.21083,0.41381,-0.060203,0.11676,0.41776,-0.098588,-0.25297,0.23204,0.18466,0.27078,0.23913,0.10486,-0.43489,0.12112,0.28933,0.4889,0.13021,0.090503,-0.007233,0.14203,-0.026906,0,0.072948,0,-0.06407,-0.0033207,0.0235,0.07879,0.009458,0.021077,-0.10339,-0.58301,0.043716,0.14349,-0.56982,-0.026151,-0.12552,-1.0029,0.081051,0.16092,-1.0215,-0.011653
-0.084013,0.58748,-0.22844,-0.042145,0.4165,-0.13917,-0.20299,0.35271,-0.058553,0.12283,0.36694,-0.090625,-0.27536,0.19167,0.19286,0.28838,0.19548,0.11017,-0.49512,0.1226,0.25876,0.5244,0.14478,0.062497,-0.0070242,0.083151,-0.026012,0,0.01648,0,-0.065228,-0.059661,0.021948,0.07991,-0.04673,0.021717,-0.10316,-0.59493,0.018046,0.1612,-0.60607,-0.042036,-0.11424,-0.99837,0.08625,0.17012,-1.0155,-0.010459
-0.07282,0.54311,-0.21349,-0.042358,0.37285,-0.14175,-0.20598,0.29817,-0.060789,0.12103,0.30856,-0.089078,-0.30497,0.14194,0.1611,0.29202,0.15944,0.083367,-0.54617,0.11312,0.16794,0.52062,0.16068,-0.015145,-0.0070571,0.046316,-0.026405,0,-0.01909,0,-0.065891,-0.096909,0.025819,0.080739,-0.081093,0.01965,-0.09157,-0.63128,-0.050827,0.14189,-0.63034,-0.092954,-0.10409,-1.0138,0.074506,0.1685,-1.0143,-0.022218
-0.067662,0.51821,-0.21141,-0.047447,0.34508,-0.13416,-0.20757,0.28966,-0.058476,0.12131,0.29469,-0.085311,-0.30957,0.10587,0.13202,0.29954,0.14199,0.072441,-0.55017,0.095037,0.080315,0.51852,0.1588,-0.047263,-0.0076742,0.031206,-0.025527,0,-0.032246,0,-0.065697,-0.11065,0.025417,0.082389,-0.095752,0.018759,-0.086615,-0.63463,-0.065269,0.13525,-0.63068,-0.10578,-0.10002,-1.0054,0.062848,0.16289,-1.0122,-0.029139
-0.068141,0.51904,-0.20653,-0.048129,0.34529,-0.1278,-0.21095,0.27896,-0.055919,0.12238,0.29172,-0.075641,-0.30747,0.076008,0.11227,0.30035,0.1284,0.066504,-0.52219,0.046383,-0.013219,0.48993,0.13538,-0.10048,-0.0077311,0.028636,-0.02469,0,-0.035574,0,-0.066709,-0.11656,0.022433,0.083438,-0.099919,0.019173,-0.085463,-0.63423,-0.067321,0.13442,-0.62822,-0.11128,-0.099908,-1.0054,0.060812,0.1576,-1.0107,-0.02883
-0.075133,0.55683,-0.17636,-0.051385,0.37939,-0.11119,-0.21446,0.28709,-0.054172,0.12215,0.30644,-0.068627,-0.29378,0.076381,0.10233,0.28648,0.13403,0.058648,-0.47111,-0.010025,-0.054801,0.46595,0.11317,-0.1189,-0.0081081,0.03758,-0.023022,0,-0.02846,0,-0.067048,-0.10989,0.020761,0.08446,-0.093722,0.01755,-0.087477,-0.6291,-0.055108,0.13917,-0.62607,-0.10459,-0.098497,-1.0058,0.064235,0.15895,-1.0107,-0.025953
-0.077956,0.6121,-0.15403,-0.051839,0.44332,-0.10357,-0.21898,0.35481,-0.04305,0.1196,0.37522,-0.066144,-0.26469,0.11824,0.085775,0.25705,0.18132,0.065319,-0.4063,-0.045087,-0.040827,0.41819,0.081312,-0.10174,-0.0086398,0.096758,-0.020078,0,0.027446,0,-0.065851,-0.053978,0.016642,0.084314,-0.039241,0.015323,-0.097408,-0.59604,0.010637,0.16117,-0.59657,-0.033315,-0.095913,-1.0054,0.083119,0.167,-1.013,-0.006776
-0.083008,0.68631,-0.1424,-0.050075,0.51842,-0.094659,-0.21772,0.41205,-0.045529,0.12066,0.43762,-0.06925,-0.24765,0.15382,0.074383,0.24352,0.24,0.058723,-0.32705,-0.055756,-0.035494,0.38691,0.082254,-0.073464,-0.0083459,0.15492,-0.018593,0,0.082216,0,-0.065665,0.00033763,0.01773,0.082811,0.014742,0.009947,-0.094238,-0.60505,0.054334,0.16738,-0.59568,-0.011561,-0.097872,-1.0056,0.092937,0.19663,-1.0002,-0.014098
-0.074366,0.74695,-0.1376,-0.048157,0.57477,-0.095975,-0.21111,0.47492,-0.049669,0.12394,0.50016,-0.071952,-0.22861,0.21318,0.074875,0.25011,0.25955,0.061486,-0.25548,-0.02281,0.005747,0.3268,0.045998,-0.041701,-0.0080261,0.21718,-0.018812,0,0.14566,0,-0.065996,0.062562,0.019071,0.082589,0.080917,0.009235,-0.083537,-0.58216,0.067273,0.17697,-0.54378,-0.0066,-0.090832,-0.98418,0.080941,0.20528,-0.96792,0.01427
-0.065512,0.77492,-0.14785,-0.041583,0.6027,-0.10481,-0.20789,0.50057,-0.053599,0.12862,0.52096,-0.077511,-0.21925,0.26818,0.067061,0.25342,0.26916,0.055875,-0.22043,0.024505,0.03585,0.29467,0.032469,0.000168,-0.0067523,0.2545,-0.020512,0,0.18532,0,-0.070065,0.10361,0.022957,0.084349,0.11962,0.009482,-0.075347,-0.52343,0.019264,0.1636,-0.4546,-0.057534,-0.055239,-0.94207,0.095238,0.19621,-0.86758,0.090386
-0.059968,0.79716,-0.16309,-0.033644,0.61921,-0.11233,-0.20099,0.52905,-0.063885,0.13269,0.53543,-0.087635,-0.20995,0.28797,0.071661,0.25316,0.28716,0.048806,-0.21195,0.043574,0.068346,0.29525,0.047581,0.017009,-0.0053494,0.27657,-0.021798,0,0.20841,0,-0.071054,0.12993,0.02605,0.081944,0.14344,0.009622,-0.065643,-0.39966,-0.080182,0.14543,-0.35743,-0.099759,-0.039373,-0.80325,0.11515,0.19209,-0.72597,0.14709
-0.058601,0.79427,-0.17185,-0.032189,0.6209,-0.11616,-0.19974,0.53355,-0.059378,0.13269,0.53631,-0.089224,-0.20647,0.29259,0.10159,0.24987,0.28862,0.049498,-0.21212,0.049322,0.10519,0.28232,0.047996,0.059342,-0.0051533,0.28056,-0.022482,0,0.21319,0,-0.071725,0.13509,0.02728,0.082302,0.14832,0.009977,-0.023186,-0.32277,-0.14331,0.13036,-0.30849,-0.16379,-0.01308,-0.67813,0.12393,0.15353,-0.62945,0.13996
-0.069126,0.7791,-0.18708,-0.031077,0.61774,-0.12279,-0.1992,0.53314,-0.06128,0.13115,0.53309,-0.099615,-0.20822,0.28925,0.10468,0.24314,0.27695,0.04863,-0.21787,0.050079,0.13772,0.28801,0.038775,0.062247,-0.0047989,0.28205,-0.024514,0,0.21609,0,-0.072336,0.14021,0.033354,0.082415,0.15107,0.009799,-0.026831,-0.31164,-0.15407,0.043563,-0.28898,-0.20705,-0.0030559,-0.5728,0.15616,0.076444,-0.60528,0.10031
-0.05779,0.7716,-0.19717,-0.033983,0.60481,-0.13024,-0.19927,0.53219,-0.062626,0.13128,0.52004,-0.1016,-0.21027,0.28872,0.11202,0.23954,0.27276,0.048632,-0.23537,0.073254,0.20964,0.29227,0.040462,0.08709,-0.005228,0.28182,-0.025126,0,0.21636,0,-0.070461,0.14117,0.036826,0.082466,0.15111,0.009296,-0.019587,-0.30786,-0.15577,0.042525,-0.28687,-0.21129,-0.00025388,-0.57016,0.15295,0.068643,-0.60069,0.098931
-0.060719,0.75186,-0.20519,-0.039111,0.58462,-0.14086,-0.20378,0.51798,-0.067087,0.12643,0.51136,-0.10767,-0.23121,0.28988,0.14255,0.23615,0.26413,0.049779,-0.24662,0.068778,0.23037,0.30569,0.037285,0.092213,-0.0057688,0.27521,-0.025816,0,0.2117,0,-0.069045,0.13401,0.038951,0.082828,0.14779,0.009029,0.011273,-0.29481,-0.18858,0.097612,-0.30252,-0.18648,-0.028113,-0.67102,0.048595,0.11482,-0.60994,0.13011
-0.066245,0.74354,-0.20822,-0.041033,0.57245,-0.14092,-0.20427,0.51092,-0.065916,0.12231,0.49897,-0.11074,-0.22942,0.28118,0.14233,0.24063,0.2578,0.05319,-0.25873,0.070577,0.24778,0.34729,0.050074,0.10947,-0.0070412,0.24347,-0.026473,0,0.17761,0,-0.066541,0.097614,0.031407,0.082361,0.11903,0.014405,-0.02319,-0.43328,-0.11164,0.10047,-0.38859,-0.10986,-0.090747,-0.83575,-0.011416,0.054522,-0.75396,0.05543
-0.080716,0.71532,-0.22652,-0.042802,0.55346,-0.14173,-0.20749,0.4793,-0.077666,0.11923,0.49033,-0.10918,-0.23055,0.27084,0.14975,0.24454,0.25584,0.058855,-0.28948,0.075126,0.26877,0.41145,0.069169,0.10573,-0.007239,0.21607,-0.026524,0,0.14834,0,-0.066128,0.059363,0.024209,0.081575,0.098067,0.018934,-0.053301,-0.54821,-0.074479,0.10626,-0.5175,-0.065064,-0.12524,-0.9561,-0.085149,0.085673,-0.89185,-0.022356
-0.078633,0.69908,-0.2166,-0.04283,0.52,-0.12992,-0.21002,0.46165,-0.065454,0.123,0.45381,-0.091564,-0.23342,0.25049,0.15962,0.25377,0.24144,0.076186,-0.33333,0.07365,0.28054,0.42541,0.075152,0.11025,-0.00714,0.19108,-0.024568,0,0.12474,0,-0.064209,0.044669,0.024857,0.078297,0.052096,0.01446,-0.060598,-0.55401,-0.057973,0.11816,-0.59436,-0.048861,-0.12339,-0.95818,-0.07515,0.10402,-0.98561,-0.022025
-0.091405,0.63958,-0.20936,-0.044272,0.47383,-0.11688,-0.20963,0.39326,-0.047766,0.11628,0.40589,-0.069587,-0.25609,0.19072,0.1811,0.2613,0.20923,0.11346,-0.43561,0.062557,0.2709,0.46706,0.078714,0.096066,-0.0073692,0.12937,-0.022294,0,0.06085,0,-0.064508,-0.016308,0.016392,0.079743,-0.0036501,0.019122,-0.07842,-0.56608,-0.046616,0.12025,-0.59846,-0.040589,-0.13141,-0.97955,-0.02978,0.10461,-1.0082,-0.010382
-0.087994,0.57951,-0.18564,-0.047025,0.40914,-0.097713,-0.20339,0.31935,-0.045242,0.1226,0.34062,-0.054039,-0.26377,0.14184,0.1774,0.26526,0.15792,0.14108,-0.49045,0.057258,0.19236,0.49795,0.10881,0.074223,-0.0078374,0.066917,-0.019099,0,-0.0015278,0,-0.064973,-0.080105,0.01452,0.081365,-0.066099,0.014725,-0.079374,-0.62105,-0.0698,0.12712,-0.62829,-0.074376,-0.121,-0.98811,-0.012982,0.10294,-1.0169,0.006465
-0.071016,0.54136,-0.15013,-0.043328,0.37626,-0.089727,-0.20533,0.29054,-0.038352,0.12632,0.30962,-0.046667,-0.28462,0.088183,0.16682,0.26378,0.12752,0.13127,-0.52699,0.06773,0.13803,0.50152,0.11734,0.06492,-0.0072991,0.041407,-0.017932,0,-0.025866,0,-0.068051,-0.1073,0.014228,0.083686,-0.093606,0.012839,-0.067872,-0.62573,-0.10149,0.11825,-0.63382,-0.090703,-0.11947,-0.98853,-0.011447,0.092367,-1.0175,0.005311
-0.065819,0.53408,-0.14679,-0.04231,0.36836,-0.085475,-0.20308,0.28341,-0.03591,0.13068,0.29849,-0.041222,-0.28439,0.059635,0.14137,0.26634,0.11539,0.11748,-0.51871,0.057119,0.060607,0.48988,0.12871,0.007499,-0.0071031,0.033636,-0.017175,0,-0.03357,0,-0.068833,-0.11388,0.012844,0.084289,-0.10215,0.013115,-0.067995,-0.6253,-0.10694,0.091798,-0.63271,-0.11808,-0.11665,-0.9822,-0.025363,0.089252,-1.0192,0.003018
-0.062026,0.54659,-0.14031,-0.037927,0.37749,-0.075363,-0.20258,0.28729,-0.032014,0.13394,0.30125,-0.038055,-0.2798,0.071406,0.091639,0.29649,0.12122,0.09651,-0.50052,0.016708,-0.009848,0.49658,0.13332,-0.055908,-0.006771,0.036884,-0.016247,0,-0.030602,0,-0.069644,-0.11102,0.012268,0.084582,-0.099843,0.011793,-0.077559,-0.62384,-0.10051,0.094905,-0.62903,-0.11214,-0.11884,-0.98459,-0.021205,0.088344,-1.0208,0.003522
-0.057333,0.60692,-0.1227,-0.035073,0.44191,-0.063951,-0.19849,0.35169,-0.022228,0.14186,0.36011,-0.03011,-0.27622,0.10005,0.088972,0.26295,0.16653,0.09367,-0.46745,0.016583,-0.050757,0.45702,0.13496,-0.06413,-0.0058455,0.091087,-0.013471,0,0.020923,0,-0.070147,-0.058277,0.009199,0.082778,-0.051492,0.008861,-0.11506,-0.58768,-0.048537,0.09949,-0.62106,-0.055641,-0.13056,-0.98645,-0.005537,0.078462,-1.021,0.012224
-0.046505,0.67901,-0.11424,-0.028978,0.5099,-0.065298,-0.19471,0.41049,-0.015978,0.143,0.42324,-0.046684,-0.25379,0.15312,0.080746,0.25841,0.22422,0.068866,-0.40229,0.000854,-0.05203,0.43507,0.13668,-0.088182,-0.0048297,0.14721,-0.013696,0,0.074668,0,-0.069532,-0.0051366,0.013808,0.079586,0.003467,0.004056,-0.12147,-0.58074,0.007293,0.1131,-0.59214,0.005786,-0.13531,-0.9823,-0.007111,0.087965,-1.018,0.010142
