-0.047469,0.520377,3.148167,-0.03983438,0.3373449,3.194309,-0.2199809,0.2262909,3.216405,0.1463448,0.2536016,3.182863,-0.3594737,0.05342036,3.105,0.3054989,0.1132003,3.048888,-0.3775735,0.1105591,2.824768,0.3140912,0.1535353,2.781427,-0.02588421,-0.01349001,3.190538,-0.02467686,-0.08176863,3.172918,-0.1100871,-0.1687854,3.166906,0.06760614,-0.1576975,3.164879,-0.06304073,-0.6439686,3.015793,0.02623991,-0.6340868,3.01614,-0.08013421,-1.022249,3.167372,0.03799243,-1.030877,3.162425
-0.0481395,0.5483987,3.154765,-0.03031017,0.3761663,3.202861,-0.2132966,0.2533018,3.208558,0.1490978,0.2712088,3.182656,-0.3408979,0.06005087,3.128709,0.2978535,0.1140313,3.057538,-0.364024,-0.01946683,2.892209,0.3142467,0.0411569,2.818184,-0.01903616,0.009464363,3.191243,-0.01842089,-0.06054253,3.168688,-0.1031281,-0.1437759,3.159821,0.07243286,-0.1384195,3.15966,-0.06806788,-0.6362317,3.029604,0.03180094,-0.6361138,3.039646,-0.08072165,-1.019575,3.164791,0.03772829,-1.030402,3.162641
-0.03914859,0.599718,3.154834,-0.02472126,0.4260143,3.20232,-0.2078799,0.3068605,3.206321,0.1548445,0.3310828,3.188976,-0.3101266,0.09547414,3.143884,0.2665919,0.1395916,3.076647,-0.3517741,-0.06958386,2.964425,0.3123622,-0.01627044,2.885162,-0.009265724,0.05987982,3.191514,-0.007735618,-0.01008363,3.164681,-0.08975977,-0.09369684,3.155835,0.08061145,-0.08880791,3.154313,-0.08676228,-0.6256749,3.072682,0.04740041,-0.6152531,3.071006,-0.08801678,-1.014191,3.165861,0.03936292,-1.024094,3.163803
-0.04177086,0.6630548,3.140201,-0.02068421,0.4815102,3.198797,-0.2039557,0.3650908,3.206114,0.1545925,0.3845801,3.178706,-0.2860801,0.1083398,3.157622,0.2589269,0.1398346,3.095146,-0.323276,-0.1043092,3.022043,0.3073354,-0.06767155,2.946106,-0.006329348,0.108203,3.191943,-0.006060943,0.03587955,3.16284,-0.08561953,-0.04988665,3.156863,0.07868493,-0.03794159,3.150493,-0.09362467,-0.6055285,3.092551,0.07381881,-0.597339,3.114492,-0.09387341,-1.011495,3.169341,0.05880732,-1.016374,3.164609
-0.04449457,0.718033,3.136556,-0.02617688,0.5397378,3.195541,-0.2071356,0.4163914,3.208764,0.1470266,0.4403556,3.17283,-0.2679335,0.1152709,3.168108,0.2438661,0.1429239,3.137509,-0.300997,-0.1166318,3.115442,0.2998368,-0.06873806,3.031689,-0.01119995,0.156265,3.193154,-0.01176518,0.08231512,3.162473,-0.08875892,0.001891255,3.163171,0.07066922,0.001924418,3.145757,-0.08839687,-0.5940392,3.104857,0.07304716,-0.6177769,3.141187,-0.09569713,-0.9993435,3.172417,0.05973216,-1.013081,3.158636
-0.04495003,0.756708,3.128749,-0.02515191,0.5839039,3.18366,-0.2063635,0.4565448,3.20573,0.1388039,0.4772357,3.163089,-0.2383622,0.1565119,3.208735,0.2388055,0.1793958,3.180832,-0.2759373,-0.08760101,3.18787,0.2929223,-0.04969999,3.135837,-0.01289858,0.1850268,3.19502,-0.01465086,0.108599,3.166083,-0.09197217,0.02932305,3.170875,0.06575919,0.03515387,3.150544,-0.07807507,-0.5421493,3.088906,0.06788345,-0.5836244,3.126169,-0.04703715,-0.9535718,3.17923,0.04512966,-0.9817145,3.175266
-0.03956383,0.7706293,3.120581,-0.02021018,0.5962341,3.179374,-0.2046024,0.5119438,3.199793,0.1364334,0.4942676,3.154136,-0.2373264,0.2166293,3.25296,0.2379841,0.217866,3.226235,-0.2648766,-0.05428224,3.277183,0.3008178,-0.01089309,3.22243,-0.009544737,0.2383787,3.200939,-0.01259835,0.1657818,3.176826,-0.09260371,0.08570846,3.19202,0.06853902,0.08970857,3.157141,-0.05380281,-0.4564694,3.060301,0.04696641,-0.4977285,3.07797,-0.02364632,-0.8391118,3.177781,0.04172209,-0.8798881,3.236038
-0.04192669,0.7719667,3.116742,-0.01934593,0.601196,3.176391,-0.2034848,0.5155134,3.199311,0.136629,0.5060434,3.154124,-0.2344554,0.2290276,3.265347,0.2428855,0.2235582,3.236824,-0.2559575,-0.01525249,3.341382,0.3228571,0.007428944,3.280135,-0.008958725,0.2417315,3.201358,-0.01130633,0.1697768,3.180231,-0.09094396,0.09062219,3.196271,0.07069915,0.09473681,3.162932,-0.02982464,-0.3939801,3.045371,0.03001192,-0.4387469,3.065815,-0.00224857,-0.807314,3.217488,0.0559477,-0.8277934,3.270182
-0.0355598,0.7756797,3.09859,-0.01965047,0.6027094,3.175581,-0.2010618,0.5196586,3.198821,0.1394642,0.5182304,3.160344,-0.2259327,0.2784078,3.271974,0.250758,0.2455486,3.257824,-0.25934,0.01766747,3.399756,0.3518589,0.04496332,3.320893,-0.007765487,0.2457079,3.202219,-0.008366994,0.1745921,3.184121,-0.08690117,0.09492528,3.199805,0.07472534,0.1013077,3.169417,-0.02992561,-0.3952002,3.047076,0.03253309,-0.4380666,3.067972,-0.005064713,-0.8064557,3.223853,0.06451507,-0.8254179,3.269502
-0.03582804,0.7721555,3.089549,-0.01890567,0.6036712,3.174481,-0.1983305,0.5276867,3.20056,0.1429166,0.5256333,3.164503,-0.2260257,0.2818457,3.287606,0.2660801,0.2705184,3.277201,-0.2644723,0.09389472,3.413599,0.3846936,0.07882267,3.337914,-0.003720041,0.2483125,3.201208,-0.002824068,0.1774677,3.185424,-0.07952118,0.09719993,3.197212,0.08251117,0.1058037,3.176201,-0.04766479,-0.4747402,3.096516,0.07825483,-0.4814403,3.111682,-0.05063381,-0.8525409,3.258731,0.1099388,-0.8459322,3.25173
-0.03062811,0.7678887,3.081775,-0.01575758,0.6021982,3.168388,-0.1957773,0.5278286,3.201975,0.1455293,0.527733,3.167105,-0.2293464,0.2914072,3.308683,0.2711846,0.2748009,3.286894,-0.2843501,0.1182666,3.447663,0.4527705,0.1278663,3.340543,0.002924554,0.245601,3.199957,0.005361218,0.173642,3.187471,-0.06811836,0.09187213,3.197426,0.08963321,0.1023208,3.181897,-0.05374033,-0.5794929,3.154347,0.1033584,-0.5585246,3.149105,-0.08514737,-0.9601877,3.219208,0.1255825,-0.921148,3.21518
-0.02929132,0.7624277,3.078662,-0.01131158,0.5943677,3.164446,-0.1879948,0.5178639,3.203833,0.1480705,0.5224204,3.170226,-0.2270156,0.2927647,3.317592,0.2749883,0.272189,3.294463,-0.3102093,0.1450088,3.469894,0.4864681,0.17043,3.319256,0.007713465,0.230734,3.196335,0.009826462,0.1572733,3.185823,-0.06281096,0.07812902,3.194278,0.0903229,0.08674582,3.181634,-0.05393765,-0.58338,3.15976,0.1106848,-0.5643803,3.155672,-0.08072622,-0.9908122,3.21613,0.1396422,-0.9964113,3.196115
-0.02026632,0.7145042,3.065463,-0.003819497,0.5372474,3.169725,-0.174786,0.4688134,3.221173,0.1628166,0.4708219,3.183792,-0.2336728,0.238078,3.369779,0.2778111,0.2698558,3.292178,-0.426634,0.1738446,3.478448,0.5090737,0.2171021,3.259274,0.01101206,0.1773016,3.193962,0.01189469,0.1052495,3.183403,-0.05823618,0.0233932,3.186242,0.08755186,0.03518235,3.18046,-0.05637915,-0.6002737,3.168749,0.1206105,-0.5772528,3.16267,-0.07777726,-1.000423,3.219366,0.1444107,-1.002889,3.189205
-0.01697982,0.6659124,3.069408,0.005333134,0.4993865,3.163581,-0.1726342,0.417226,3.2186,0.1690378,0.4261099,3.191355,-0.2638215,0.1952493,3.369895,0.3289427,0.2197321,3.271195,-0.4826343,0.2183721,3.445306,0.5597631,0.2602795,3.218735,0.0172208,0.1424784,3.191436,0.01828917,0.07073116,3.183375,-0.05495168,-0.008426476,3.183453,0.09706107,-0.00602624,3.185882,-0.05651383,-0.6008918,3.167961,0.1226962,-0.5841275,3.161005,-0.07295185,-1.013322,3.258317,0.153264,-1.002682,3.216018
-0.009816893,0.6094979,3.07678,0.002427799,0.4358149,3.16089,-0.1690192,0.3650182,3.223502,0.1854865,0.3684938,3.19403,-0.2825212,0.1640465,3.360086,0.3491076,0.1764662,3.24691,-0.5030464,0.2513751,3.358135,0.5478276,0.286356,3.163389,0.01971498,0.08947361,3.194262,0.02190816,0.01962452,3.189076,-0.05587754,-0.0645161,3.18693,0.1071616,-0.05577967,3.196671,-0.04562204,-0.6147937,3.147527,0.1189427,-0.6094075,3.145129,-0.06619086,-1.014291,3.256125,0.1478735,-1.000857,3.226408
-0.002452711,0.5600739,3.087145,0.01027581,0.3869875,3.176002,-0.1761192,0.3073011,3.232273,0.1880691,0.3193077,3.205101,-0.3394362,0.1388434,3.331861,0.3676762,0.1541296,3.223839,-0.5255765,0.2845007,3.294793,0.5272066,0.2802949,3.087269,0.02514614,0.06053574,3.198706,0.02709001,-0.005377073,3.19329,-0.05415499,-0.08966356,3.189404,0.1171344,-0.08740756,3.200605,-0.02169539,-0.5959918,3.117901,0.1023767,-0.6160927,3.12296,-0.05427461,-0.9814594,3.221421,0.1463489,-1.003102,3.227577
9.153658E-05,0.5266371,3.092115,0.008300641,0.356408,3.186923,-0.1737715,0.2623763,3.240142,0.19552,0.2734842,3.218364,-0.3582665,0.1069225,3.296166,0.3805975,0.1250002,3.181481,-0.5072463,0.2677173,3.190867,0.5003699,0.2664443,3.019054,0.02882419,0.02432942,3.21132,0.03227899,-0.04206626,3.207154,-0.05229798,-0.1324072,3.206776,0.1265684,-0.1184234,3.210411,-0.007823903,-0.6188297,3.102288,0.07122398,-0.6123483,3.09128,-0.0546909,-0.9909327,3.224914,0.138453,-1.003333,3.220562
0.001050796,0.5227667,3.096264,0.007528434,0.3463008,3.184661,-0.1745285,0.255333,3.236085,0.1950956,0.2716335,3.217156,-0.3552034,0.08643112,3.267654,0.3727316,0.1143326,3.164076,-0.4813536,0.2222144,3.105248,0.4644064,0.2052757,2.950833,0.02425839,0.0122087,3.210527,0.02686705,-0.0550954,3.208012,-0.05921974,-0.1426806,3.209071,0.1207118,-0.1350584,3.211062,-0.008589733,-0.6269489,3.096766,0.07069859,-0.6286129,3.088613,-0.05938479,-1.016984,3.239624,0.1225894,-1.013093,3.223027
-0.003401252,0.5206084,3.100753,0.00742918,0.346263,3.18496,-0.1747434,0.2553861,3.233097,0.1949049,0.2711584,3.215024,-0.3419339,0.08506461,3.251223,0.3585234,0.1017348,3.157609,-0.4431549,0.1557003,3.034423,0.424604,0.1317508,2.917569,0.02378533,0.01204001,3.209942,0.02640918,-0.05524211,3.208349,-0.05992571,-0.142729,3.209768,0.1203022,-0.1351584,3.211135,-0.02731191,-0.6296085,3.102994,0.08375016,-0.6345892,3.094341,-0.05980337,-1.018507,3.240412,0.120984,-1.010531,3.217829
-0.01037983,0.5410864,3.10717,0.006174913,0.373027,3.191284,-0.1758624,0.2758715,3.227392,0.186959,0.3049026,3.201577,-0.3062296,0.08225717,3.243293,0.3160418,0.1064572,3.191933,-0.4003643,0.08238577,3.011383,0.3780716,0.08593835,2.910003,0.0231765,0.02993802,3.211768,0.02585508,-0.03857672,3.210415,-0.05816778,-0.1247692,3.213099,0.117384,-0.1143684,3.21062,-0.04470308,-0.6301329,3.130308,0.1226218,-0.605337,3.1127,-0.05950279,-1.016814,3.24035,0.1254148,-1.00863,3.218182
-0.01279285,0.5991433,3.095572,0.003777385,0.4330611,3.185813,-0.1779698,0.343697,3.221332,0.1797008,0.3625424,3.187448,-0.2870642,0.1389157,3.243969,0.310514,0.1651333,3.176164,-0.3444279,0.04266821,3.020742,0.3552416,0.07532131,2.947076,0.02467419,0.0823381,3.208172,0.02809547,0.01199242,3.207945,-0.04869396,-0.07407875,3.210933,0.1141775,-0.06283841,3.208076,-0.05860223,-0.6078263,3.171052,0.1336696,-0.6000473,3.146774,-0.0612854,-1.017554,3.253541,0.1342783,-1.002267,3.228474
-0.01725953,0.6612826,3.088329,0.01108193,0.4975335,3.184067,-0.1773332,0.4078425,3.220228,0.1752286,0.4192654,3.18684,-0.2728055,0.1757733,3.232459,0.3008943,0.2115835,3.122791,-0.3051348,0.01214534,3.04962,0.3360127,0.03661637,2.95233,0.02510068,0.1388058,3.203139,0.02721639,0.06694922,3.203065,-0.05149952,-0.01796408,3.208433,0.1118841,-0.006975108,3.199552,-0.05949426,-0.6010736,3.200265,0.1364814,-0.5913377,3.168223,-0.06475534,-1.015532,3.252793,0.1452177,-0.9896857,3.20414
-0.02079452,0.7003298,3.082629,0.004164174,0.5340231,3.180592,-0.1755767,0.4561867,3.215746,0.175698,0.4712251,3.174014,-0.245592,0.210726,3.209226,0.2752032,0.2100672,3.148684,-0.2727628,-0.002318836,3.079859,0.3060178,0.01491323,3.003189,0.0204339,0.1813044,3.199796,0.02295418,0.1107202,3.20051,-0.05082569,0.02483574,3.206763,0.1036809,0.03900395,3.196511,-0.05957195,-0.5993968,3.200556,0.1347655,-0.5800441,3.163921,-0.06677607,-1.007495,3.242087,0.1454071,-0.9906595,3.204047
-0.02268284,0.7427113,3.066197,0.004911938,0.58221,3.165954,-0.1772087,0.5023658,3.206451,0.1703011,0.4974742,3.168352,-0.2342645,0.2105919,3.210393,0.265388,0.2169553,3.153306,-0.2617634,-0.01969963,3.124785,0.2968129,0.002772212,3.041992,0.01541752,0.2174483,3.194123,0.01707811,0.1445827,3.196964,-0.05943798,0.06956906,3.208865,0.09766269,0.06558034,3.191255,-0.05975989,-0.5308088,3.151982,0.116306,-0.5205265,3.11799,-0.05229498,-0.9245694,3.247742,0.1362846,-0.9159501,3.22249
-0.0175453,0.7581385,3.067771,0.005239195,0.5921969,3.162978,-0.1744971,0.5185695,3.203976,0.1647252,0.5179452,3.158906,-0.225774,0.2081571,3.206536,0.2622849,0.2303489,3.161887,-0.2609416,-0.04314894,3.159199,0.301726,0.002259776,3.09534,0.01143495,0.2418496,3.19189,0.01165165,0.1723089,3.195959,-0.06521179,0.09191142,3.211552,0.0902355,0.1027459,3.187071,-0.05176143,-0.4346111,3.098694,0.08306096,-0.4363544,3.081064,-0.01387633,-0.8254046,3.278673,0.1132418,-0.8340389,3.242217
-0.01706357,0.7638166,3.064604,0.005401523,0.6001427,3.161823,-0.1705967,0.5531844,3.203298,0.1627066,0.5266556,3.153444,-0.2139728,0.2373444,3.214878,0.2633013,0.2348839,3.185205,-0.2575036,-0.03529212,3.203493,0.3235666,0.009019136,3.129891,0.009097817,0.2522417,3.192978,0.008917637,0.1826168,3.198009,-0.07019516,0.1097638,3.217416,0.0885568,0.1072048,3.187755,-0.02987708,-0.3814908,3.063986,0.04762881,-0.3826676,3.052559,0.007602538,-0.7728179,3.2726,0.09728153,-0.7860428,3.240644
-0.01426507,0.7628193,3.056414,0.004994834,0.6016694,3.159253,-0.1704909,0.5535656,3.203046,0.167139,0.532553,3.154721,-0.2136467,0.2416441,3.239,0.2669865,0.2375267,3.194893,-0.2611989,-0.01920155,3.269802,0.3415206,-0.0005989254,3.185904,0.007792267,0.2581661,3.192963,0.00747254,0.1900292,3.199287,-0.07232153,0.1158148,3.219212,0.08810659,0.1111813,3.189635,-0.03356416,-0.4916869,3.112823,0.04373616,-0.3835179,3.050726,0.02866799,-0.7739633,3.266135,0.1143952,-0.7769577,3.228867
-0.01347722,0.7611532,3.044877,0.004008843,0.6021637,3.147604,-0.1708065,0.5545514,3.194292,0.1682287,0.5368786,3.155409,-0.215689,0.2460566,3.244379,0.2663859,0.2422205,3.203313,-0.268684,0.006981612,3.298216,0.3530765,0.02346805,3.22107,0.007792254,0.2591278,3.191278,0.007693007,0.1907132,3.19866,-0.07200108,0.1163247,3.218851,0.08828747,0.1115514,3.189725,-0.02103389,-0.5165151,3.124413,0.04594078,-0.4487827,3.068354,0.01413339,-0.8284758,3.227557,0.07776114,-0.8191488,3.185834
-0.006665362,0.7461117,3.033635,0.005271294,0.5785507,3.131656,-0.1686028,0.51477,3.16501,0.1665569,0.5445701,3.152001,-0.2201131,0.2523149,3.25679,0.2637693,0.2499973,3.208112,-0.3060566,0.05708697,3.347128,0.4447366,0.07118646,3.249766,0.01234994,0.2491749,3.181584,0.01318949,0.1823585,3.190697,-0.06272341,0.1022279,3.206262,0.09195381,0.1087981,3.187414,-0.05580148,-0.486982,3.111226,0.09594962,-0.4841049,3.097686,-0.07251929,-0.9418608,3.150164,0.09396046,-0.944068,3.065053
-0.0008254153,0.7045565,3.021538,0.005924363,0.5420851,3.125711,-0.1662965,0.4850133,3.165472,0.1766608,0.467938,3.144583,-0.2329663,0.2195798,3.274435,0.2764521,0.2198055,3.231345,-0.3675035,0.04955851,3.357297,0.4688042,0.08184448,3.23611,0.01560046,0.1994397,3.163785,0.01731046,0.1318489,3.171866,-0.05403882,0.05236409,3.181344,0.09294432,0.0577647,3.174984,-0.04455585,-0.6147366,3.119264,0.07938905,-0.6102506,3.089292,-0.07224695,-0.995629,3.152177,0.09462099,-0.988222,3.06523
-5.095564E-05,0.6661452,3.027267,0.01629093,0.5037845,3.129644,-0.1624457,0.4257995,3.171195,0.1713819,0.432443,3.146122,-0.2371127,0.1786367,3.281112,0.314108,0.172105,3.24147,-0.4350975,0.09024765,3.363988,0.5427516,0.1250187,3.183981,0.02083832,0.164605,3.156297,0.02177325,0.09534815,3.161988,-0.05114626,0.01577594,3.158667,0.09675545,0.02422414,3.171039,-0.05330374,-0.6268597,3.102065,0.08159923,-0.6177952,3.083705,-0.0689048,-1.013753,3.167279,0.1001251,-1.000106,3.079487
-0.002378071,0.594703,3.04393,0.01035375,0.4344929,3.132731,-0.166556,0.3648122,3.185024,0.1774586,0.369289,3.156348,-0.2559732,0.1272878,3.284864,0.2896903,0.142419,3.232273,-0.4903039,0.1169666,3.307933,0.5174206,0.1617004,3.153839,0.01773193,0.09471054,3.150247,0.01899582,0.02670009,3.154616,-0.05947168,-0.06685679,3.149748,0.1007528,-0.03496601,3.162499,-0.05017988,-0.6286151,3.085751,0.06807259,-0.6275085,3.066085,-0.06889619,-1.021606,3.174618,0.09830131,-0.9996548,3.082167
0.01524752,0.5634155,3.056801,0.01283927,0.3827574,3.143811,-0.1651718,0.3044989,3.180631,0.1873646,0.3069497,3.169682,-0.265765,0.07945876,3.272551,0.3162287,0.103215,3.203287,-0.4909068,0.1527814,3.240688,0.5110649,0.2022047,3.096449,0.01657263,0.04501356,3.149047,0.01722913,-0.02230334,3.150342,-0.06607191,-0.0965349,3.14158,0.1039413,-0.1005835,3.158224,-0.04283912,-0.6355056,3.077751,0.02952123,-0.6081595,3.023824,-0.04101905,-1.019357,3.159934,0.087366,-1.01012,3.088337
0.008599287,0.5488253,3.066019,0.01096085,0.3676906,3.148843,-0.1711745,0.2745979,3.190232,0.1897877,0.2821581,3.176238,-0.3112713,0.06518431,3.238438,0.3323146,0.07906312,3.172121,-0.5115027,0.1742797,3.158245,0.5019342,0.1773802,3.024202,0.01815912,0.029111,3.153015,0.01948084,-0.03864558,3.153295,-0.06537363,-0.1243687,3.145709,0.1090812,-0.1199934,3.158895,-0.03853197,-0.6930493,3.035855,0.03468919,-0.6180461,3.010392,-0.02733293,-1.017604,3.144226,0.08680722,-1.012198,3.086746
0.004022989,0.5252204,3.073282,0.001128508,0.3485163,3.154014,-0.1761118,0.261554,3.189447,0.1869198,0.269808,3.177482,-0.3160318,0.05380252,3.21123,0.3213673,0.07229711,3.153752,-0.4817084,0.1673465,3.070642,0.4489511,0.1837002,2.973396,0.01266431,0.01086968,3.156718,0.01474531,-0.05657655,3.155637,-0.07086103,-0.139127,3.148878,0.1065188,-0.1376429,3.158079,-0.03805225,-0.6928421,3.033379,0.03429779,-0.62007,3.005805,-0.02713769,-1.016721,3.142241,0.08666337,-1.012664,3.083542
-0.0007572079,0.5271395,3.078887,0.0002388469,0.3472628,3.15443,-0.1783877,0.2590588,3.188844,0.1860452,0.2681566,3.177576,-0.2856151,0.04158423,3.207502,0.2979443,0.02158128,3.128375,-0.4276979,0.1163155,3.018614,0.416694,0.1227583,2.935435,0.01002148,0.008809809,3.158286,0.01164685,-0.05877192,3.156518,-0.07627665,-0.1424624,3.152277,0.1033638,-0.1400839,3.15722,-0.03824672,-0.6927464,3.032215,0.03389179,-0.6213881,3.004242,-0.02601686,-1.020424,3.14244,0.08602025,-1.015453,3.083395
-0.008565464,0.533778,3.084317,-0.0007095503,0.3496938,3.154116,-0.1804186,0.2608555,3.187557,0.183724,0.2728285,3.174935,-0.2786,0.04819847,3.202748,0.2918007,0.06152855,3.153147,-0.3857426,0.06556299,2.977648,0.3721378,0.07152314,2.907834,0.009117749,0.01063202,3.159036,0.01072875,-0.05702985,3.156696,-0.07678496,-0.1413545,3.152881,0.1019701,-0.1372899,3.156661,-0.03759087,-0.6931224,3.03372,0.03470623,-0.6219177,3.004618,-0.02450632,-1.019994,3.141325,0.08606498,-1.015567,3.083418
-0.01767191,0.5634609,3.08574,-0.003136713,0.3819056,3.153697,-0.1835664,0.3004441,3.179567,0.1747201,0.312645,3.166249,-0.2355802,0.07025829,3.230371,0.2917339,0.1077774,3.165038,-0.347897,0.02429405,3.012395,0.3431115,0.05032505,2.926556,0.008155093,0.03569648,3.159317,0.01005745,-0.03323139,3.156422,-0.07457183,-0.1167485,3.15291,0.09928083,-0.1088648,3.155619,-0.03707352,-0.7013053,3.06514,0.0381316,-0.6178797,3.019883,-0.02560341,-1.024081,3.14383,0.08610169,-1.015727,3.085077
-0.03501702,0.6075979,3.066124,-0.002574219,0.4553271,3.155466,-0.185912,0.3639509,3.186324,0.1719264,0.3726133,3.160671,-0.2319021,0.1256748,3.232501,0.2727886,0.1456294,3.154065,-0.3286365,0.007760793,3.036655,0.3300336,0.01771083,2.948523,0.01273769,0.09566917,3.155324,0.01514252,0.02412497,3.149667,-0.06445729,-0.06073229,3.147286,0.1013488,-0.05181176,3.144679,-0.0576362,-0.6380146,3.110413,0.07510646,-0.6263254,3.071901,-0.04697995,-1.029181,3.192207,0.08803766,-1.016763,3.091024
-0.0211657,0.6867834,3.063389,-0.01059804,0.5093524,3.154813,-0.1882788,0.4241789,3.190896,0.1697691,0.4360113,3.158986,-0.2581604,0.1689028,3.20596,0.2666833,0.1743809,3.145818,-0.3197313,-0.02007434,3.062235,0.3185785,-0.01687367,3.001202,0.005754331,0.1506794,3.155016,0.00806227,0.07942014,3.147846,-0.0683082,-0.005973566,3.149274,0.09143049,0.003586429,3.138568,-0.07516053,-0.5963989,3.16021,0.1088363,-0.5740808,3.109652,-0.05820784,-1.018463,3.185271,0.1039109,-0.9923382,3.068152
-0.02354919,0.7207376,3.05804,-0.003185053,0.5645844,3.15529,-0.1920283,0.4779367,3.186015,0.1619375,0.475533,3.147135,-0.2565912,0.1933515,3.217112,0.255751,0.1995608,3.1486,-0.3085209,-0.02772227,3.134047,0.3181897,-0.01227157,3.047609,0.004377798,0.1866759,3.158509,0.005006448,0.1113093,3.15065,-0.06909454,0.02204022,3.154285,0.08151914,0.04359606,3.140188,-0.07587723,-0.5951019,3.166905,0.1103216,-0.5706576,3.112214,-0.07709981,-0.9782984,3.148215,0.1040466,-0.9909887,3.066493
-0.02583864,0.7809905,3.054068,-0.001998695,0.6110834,3.13246,-0.1947293,0.5186129,3.176746,0.1523836,0.5313384,3.131344,-0.2515295,0.2182851,3.230713,0.2479038,0.2441556,3.161873,-0.2935114,-0.01468959,3.199039,0.3111729,0.01681104,3.122125,0.001626299,0.243215,3.150755,0.0009700254,0.169612,3.147259,-0.07921769,0.08346819,3.160205,0.08222221,0.09746093,3.134612,-0.07645941,-0.5843829,3.161512,0.1024424,-0.5396237,3.095052,-0.07344534,-0.9723299,3.151731,0.09884067,-0.9508108,3.117908
-0.02054598,0.7904339,3.045931,-0.004772052,0.6295407,3.121796,-0.1896265,0.5459622,3.172623,0.155585,0.5447208,3.130299,-0.239272,0.2629844,3.261829,0.256939,0.2659416,3.195399,-0.2829463,0.02540364,3.268308,0.3385568,0.04300998,3.181958,-0.0009638937,0.2612904,3.151321,-0.001481409,0.1881004,3.151044,-0.08146239,0.1069413,3.159521,0.07893724,0.1176981,3.149746,-0.06715541,-0.4952767,3.104928,0.08524674,-0.4795042,3.071018,-0.04842571,-0.8956711,3.172272,0.0965744,-0.8788421,3.171016
-0.02216035,0.8062682,3.033205,-0.007328192,0.6383139,3.115856,-0.1893671,0.5783651,3.176023,0.1592973,0.5628129,3.130784,-0.2361178,0.2837491,3.267773,0.2605488,0.2777227,3.211332,-0.2743165,0.0555591,3.307142,0.3488527,0.05797023,3.214145,-0.003494271,0.2928551,3.154575,-0.003720421,0.2253461,3.158688,-0.08376089,0.1466052,3.177901,0.07840308,0.1429328,3.153105,-0.03793454,-0.4011426,3.049458,0.04203046,-0.4117213,3.04641,-0.01426759,-0.7998788,3.165497,0.07325229,-0.8200127,3.21514
-0.02174734,0.8073862,3.021617,-0.006464825,0.6396785,3.113105,-0.188125,0.5812401,3.176207,0.1596363,0.5648313,3.130777,-0.2377308,0.2959782,3.287958,0.2636781,0.2866259,3.225751,-0.2808601,0.07656027,3.353841,0.3961686,0.09343743,3.271899,-0.005427191,0.2968314,3.155093,-0.006331477,0.2293352,3.160476,-0.08801855,0.1516136,3.181696,0.07412061,0.1495094,3.15528,-0.02686691,-0.3846436,3.037373,0.06462977,-0.4700736,3.135513,-0.003199973,-0.7833798,3.153413,0.06372295,-0.7942992,3.225483
-0.02258082,0.7965646,3.008505,-0.008479586,0.6363348,3.110914,-0.1871824,0.5816633,3.175452,0.1604439,0.56641,3.1316,-0.2368438,0.303867,3.297506,0.2679961,0.2967245,3.241739,-0.2882548,0.09783007,3.389818,0.4294046,0.110961,3.291001,-0.005602675,0.2968716,3.15487,-0.006262406,0.2294642,3.161132,-0.0875828,0.151476,3.182344,0.07449025,0.1504084,3.156909,-0.03538372,-0.4070803,3.051851,0.03448213,-0.4051211,3.053175,-0.01171675,-0.8058165,3.167892,0.06370348,-0.7957542,3.225001
-0.02321388,0.7881628,3.002143,-0.00862898,0.6332142,3.108311,-0.1857029,0.5777491,3.17266,0.1582087,0.5646406,3.127243,-0.2386836,0.3076086,3.307224,0.2692951,0.2999052,3.244086,-0.3061697,0.1212587,3.424093,0.4449148,0.1540831,3.29563,-0.002262927,0.285913,3.157543,-0.001235173,0.2145789,3.166226,-0.07706425,0.1335846,3.184311,0.07743417,0.1416512,3.165453,-0.04283247,-0.4769014,3.093365,0.04978231,-0.4551532,3.073025,-0.05675117,-0.8979271,3.168706,0.05568608,-0.8353977,3.190974
-0.02114759,0.7809179,2.993473,-0.00611427,0.6238524,3.10041,-0.1842482,0.56756,3.167172,0.1601601,0.5559371,3.123455,-0.2330195,0.3146369,3.308421,0.2713462,0.2960885,3.248894,-0.3568903,0.1599209,3.425316,0.478045,0.184197,3.268993,0.002126891,0.2703791,3.157507,0.003324573,0.19838,3.167717,-0.07314682,0.1186768,3.184886,0.08349109,0.1230467,3.171358,-0.05445682,-0.4815891,3.102273,0.08429723,-0.5414637,3.09927,-0.07042506,-0.9355787,3.147337,0.09652764,-0.9090621,3.138063
-0.02644323,0.752682,2.98831,-0.007473726,0.5878006,3.092338,-0.1837851,0.5226459,3.158669,0.1586617,0.5275677,3.124913,-0.2373933,0.284826,3.327523,0.2724002,0.2938755,3.250818,-0.3954982,0.1632631,3.442539,0.4955744,0.2149522,3.217514,0.003961616,0.2412035,3.153942,0.005714579,0.1712174,3.164803,-0.0713343,0.1042503,3.181831,0.08760443,0.08340687,3.169811,-0.05149401,-0.5669841,3.142335,0.08769955,-0.5872322,3.112903,-0.07528937,-0.9787287,3.147104,0.1012747,-0.9815402,3.117473
-0.01205913,0.7032908,2.985889,-0.01353565,0.5327179,3.101412,-0.1800677,0.4779893,3.16481,0.1624285,0.4731073,3.135059,-0.2637722,0.240806,3.337409,0.2770632,0.2722772,3.249216,-0.4778505,0.1913567,3.413667,0.5074855,0.242355,3.186016,0.002512213,0.1918283,3.148109,0.005318934,0.123749,3.156437,-0.07000294,0.05615963,3.163914,0.08766437,0.03898046,3.164251,-0.05291931,-0.6052293,3.140284,0.0898537,-0.6086092,3.113326,-0.07505397,-0.9936423,3.151337,0.1071346,-1.003813,3.110779
-0.02005635,0.6480684,2.990737,-0.01564182,0.481938,3.103921,-0.1788462,0.4228297,3.17281,0.1618592,0.4197302,3.142316,-0.2735694,0.2071718,3.341187,0.2802957,0.2204894,3.243866,-0.5104324,0.1979105,3.342248,0.4926218,0.2497951,3.127562,0.00668452,0.1465759,3.149298,0.01076386,0.07859576,3.157726,-0.05973281,0.01197749,3.1649,0.09116891,-0.007619157,3.165566,-0.05664318,-0.6133625,3.125536,0.08834241,-0.6197209,3.108914,-0.05814445,-1.016237,3.194508,0.1065313,-1.006119,3.117105
-0.02426348,0.5747193,3.01605,-0.01143116,0.4205596,3.115033,-0.1846399,0.3470666,3.184037,0.1658587,0.3641118,3.151064,-0.2858927,0.1515967,3.331557,0.2804109,0.1606973,3.238781,-0.5165116,0.2068141,3.304191,0.4813501,0.238589,3.105551,0.001595586,0.07791856,3.149585,0.003866075,0.009133592,3.156215,-0.07528555,-0.07306647,3.157915,0.08887696,-0.06625392,3.164942,-0.05150802,-0.6121963,3.095635,0.07792211,-0.6311023,3.095166,-0.05644435,-1.017942,3.19217,0.103428,-1.011164,3.127988
-0.02098465,0.5391036,3.023494,-0.01315466,0.3655223,3.132934,-0.1889956,0.2986062,3.183933,0.166515,0.3027504,3.161757,-0.3179259,0.106483,3.308312,0.3286354,0.1319687,3.192787,-0.5331659,0.1859194,3.23294,0.4869119,0.2121757,3.020951,0.001370353,0.04080287,3.151016,0.004011245,-0.02377704,3.155264,-0.07787727,-0.1035152,3.15224,0.09316665,-0.1071707,3.162869,-0.02363338,-0.5999304,3.055688,0.06897147,-0.663065,3.073347,-0.04327558,-1.02316,3.185708,0.06757596,-1.022845,3.145308
-0.01780488,0.5297883,3.032226,-0.01232702,0.3529916,3.136686,-0.1917304,0.2768944,3.189173,0.1726026,0.2731228,3.170406,-0.3155118,0.06694924,3.291088,0.3002322,0.039343,3.209216,-0.5077469,0.1379616,3.15708,0.4395821,0.1494547,3.008499,-3.539564E-05,0.02516269,3.152707,0.002160629,-0.04061275,3.156534,-0.08367578,-0.1267778,3.154011,0.09313475,-0.1210873,3.162117,-0.02155433,-0.6109732,3.048555,0.04443347,-0.7074949,3.047143,-0.03250913,-1.025743,3.17608,0.06783775,-1.022849,3.144676
-0.02472662,0.5107171,3.039966,-0.0157514,0.3404847,3.136924,-0.1932742,0.2645379,3.189596,0.1702162,0.2689392,3.16826,-0.2977823,0.05268482,3.286519,0.2981028,0.04167798,3.205038,-0.4664961,0.07711758,3.107197,0.4180359,0.09738845,2.970103,-0.002180475,0.01073341,3.157783,0.0003556219,-0.05545371,3.162891,-0.08448246,-0.1398483,3.163992,0.09174045,-0.1338119,3.166617,-0.02329685,-0.6213737,3.044908,0.04435213,-0.7092319,3.0462,-0.03343306,-1.022334,3.170688,0.08823089,-1.026352,3.13331
-0.02814955,0.5216601,3.044811,-0.01862071,0.3430477,3.137513,-0.1958526,0.2660842,3.190642,0.1678528,0.2722835,3.167234,-0.2937365,0.05143104,3.284094,0.2904968,0.08124703,3.209574,-0.4379476,0.0178504,3.084462,0.3869797,0.05055232,2.980794,-0.003705836,0.0131519,3.160383,-0.0009407787,-0.05292729,3.166247,-0.08592145,-0.1361657,3.171259,0.09114878,-0.1323428,3.168575,-0.03742665,-0.6198318,3.055534,0.04684814,-0.6386444,3.046122,-0.03413105,-1.021632,3.171062,0.08650722,-1.024802,3.132649
-0.03722964,0.543915,3.041475,-0.02137968,0.3958796,3.142486,-0.2010324,0.317853,3.192917,0.156321,0.3244418,3.160622,-0.2807625,0.07771466,3.285228,0.2712348,0.1140755,3.215265,-0.407404,-0.009823687,3.090451,0.3687503,0.04890902,2.994811,-0.007364942,0.04252571,3.166698,-0.004611121,-0.02783079,3.172569,-0.08713315,-0.1080457,3.178593,0.08401266,-0.1069431,3.174253,-0.0605194,-0.6078138,3.093959,0.05739016,-0.6382357,3.059921,-0.03688425,-1.020847,3.174505,0.09160368,-1.028903,3.139431
-0.04087006,0.6207235,3.039045,-0.01882344,0.4544055,3.146748,-0.2054128,0.3729546,3.194424,0.1508815,0.3810868,3.151931,-0.2804062,0.1348117,3.281784,0.2669061,0.162207,3.189432,-0.3674587,-0.03505878,3.126548,0.3560193,0.03048404,2.999118,-0.008827924,0.1015538,3.16691,-0.007061235,0.03092295,3.172393,-0.08666645,-0.05336887,3.178525,0.07700029,-0.04522873,3.17069,-0.07419751,-0.625967,3.158191,0.09945571,-0.6162831,3.112784,-0.04746713,-1.018042,3.188257,0.0972116,-1.019579,3.136105
-0.04118197,0.6692671,3.031852,-0.02542983,0.5103571,3.138951,-0.2067262,0.4250249,3.193345,0.1544454,0.4411651,3.147722,-0.2855861,0.1602405,3.289691,0.2631791,0.2179234,3.187508,-0.3533934,-0.0348103,3.158468,0.3327832,0.03302185,3.04179,-0.008896898,0.1531543,3.169556,-0.005807793,0.08160354,3.177328,-0.08257585,-0.004429581,3.183394,0.07836037,0.005032843,3.180473,-0.07470208,-0.5880727,3.200977,0.107758,-0.5782071,3.149038,-0.05654123,-1.005717,3.18516,0.1031889,-1.003915,3.122489
-0.04270685,0.7271875,3.030313,-0.02752196,0.5605755,3.134466,-0.2128496,0.4840905,3.19124,0.1439314,0.4871125,3.146318,-0.2769206,0.2112889,3.290641,0.2589649,0.2266539,3.18732,-0.3289716,-0.01607136,3.231997,0.3196744,0.0106473,3.095553,-0.01051162,0.196006,3.171894,-0.007315491,0.1230718,3.181086,-0.08073071,0.02793858,3.188898,0.07277922,0.05872229,3.184886,-0.07544302,-0.5864061,3.201529,0.1050756,-0.5667711,3.14388,-0.06157845,-0.9971974,3.183518,0.09670428,-0.9668072,3.146432
-0.04639333,0.7378585,3.027691,-0.02593541,0.5794762,3.125854,-0.2083642,0.508842,3.180099,0.1407589,0.5200657,3.137334,-0.2728007,0.2314984,3.298223,0.2477027,0.2420764,3.198248,-0.3263234,-0.0005188838,3.290527,0.3280661,0.02335744,3.138349,-0.009269638,0.2202337,3.174252,-0.006083574,0.1490002,3.186234,-0.08112526,0.05285307,3.199559,0.07638555,0.09411331,3.190984,-0.084842,-0.5350426,3.16484,0.09274334,-0.4954109,3.114469,-0.0596783,-0.9365677,3.195837,0.08657633,-0.8964378,3.197595
-0.05138378,0.7564909,3.015757,-0.02690039,0.5916229,3.121653,-0.2122305,0.5418503,3.178131,0.1403834,0.5327185,3.135172,-0.2651389,0.2638251,3.302963,0.2473078,0.2546498,3.210125,-0.3243668,0.01919546,3.321216,0.3400378,0.0362777,3.20769,-0.01226677,0.2624327,3.176971,-0.009607719,0.1982154,3.191262,-0.08723568,0.1154522,3.208897,0.07558371,0.112325,3.194581,-0.06950038,-0.4333572,3.101501,0.06997786,-0.4414071,3.101084,-0.02928015,-0.8443987,3.254144,0.06146466,-0.8416963,3.252637
-0.04846306,0.7608685,3.009321,-0.02658688,0.600724,3.118848,-0.2089351,0.5555717,3.177662,0.1370204,0.5408906,3.132966,-0.2598149,0.2813751,3.310009,0.2519316,0.2693844,3.233264,-0.3096973,0.06222203,3.387693,0.3592152,0.04799543,3.238643,-0.0151376,0.2699298,3.181662,-0.01305895,0.2046145,3.1971,-0.09149096,0.1285831,3.222262,0.06695703,0.1290448,3.203005,-0.04443337,-0.3766413,3.076307,0.0348102,-0.3885794,3.086643,-0.004213143,-0.7876829,3.228951,0.05897136,-0.7892852,3.284045
-0.04814962,0.7610181,3.008633,-0.02597802,0.6010517,3.118437,-0.2077352,0.5569325,3.178879,0.1363447,0.5463507,3.136522,-0.2598432,0.2904998,3.323482,0.2540677,0.2837135,3.252121,-0.3136711,0.08086427,3.412878,0.3719252,0.06713761,3.307952,-0.01492266,0.2724193,3.185138,-0.01304273,0.2075131,3.202018,-0.09061283,0.1316615,3.226576,0.06665009,0.132798,3.209247,-0.07879946,-0.332721,3.037125,0.02904075,-0.3866175,3.08673,-0.03915272,-0.7212189,3.19829,0.05778985,-0.7845982,3.288438
-0.05138994,0.7497413,3.005053,-0.02768165,0.5986406,3.11764,-0.2072383,0.5555876,3.179075,0.1352159,0.5467728,3.137613,-0.2610466,0.297493,3.335448,0.2545094,0.2913865,3.264573,-0.3181418,0.1002367,3.440876,0.3961994,0.09754724,3.33163,-0.01546649,0.269943,3.186192,-0.01333255,0.2045285,3.20338,-0.08997946,0.1300369,3.227294,0.06648128,0.1294362,3.21043,-0.06956013,-0.3360202,3.043238,0.03641093,-0.4133621,3.101876,-0.03011266,-0.7294243,3.202321,0.04229174,-0.8223372,3.278602
-0.04902606,0.7480909,3.003808,-0.02810369,0.592484,3.114237,-0.2078304,0.5408267,3.181101,0.1332527,0.5414432,3.138972,-0.2660403,0.2935596,3.350541,0.2542649,0.2936866,3.276641,-0.3339002,0.1090973,3.469958,0.4080682,0.1136062,3.343368,-0.01486091,0.2582479,3.185468,-0.0123095,0.190778,3.202971,-0.08747397,0.1140872,3.224676,0.06783592,0.1177064,3.211226,-0.05570824,-0.4907221,3.140308,0.06794509,-0.5415934,3.168259,-0.07750744,-0.889977,3.273744,0.08348835,-0.892621,3.225537
-0.04829104,0.7333425,3.004077,-0.03099135,0.5780304,3.116183,-0.2121433,0.5210747,3.18397,0.1315286,0.529714,3.142529,-0.2675569,0.2894084,3.363004,0.2577091,0.289463,3.287255,-0.3858728,0.1332608,3.483345,0.456927,0.1283642,3.349888,-0.01476401,0.23657,3.18488,-0.01146127,0.1679707,3.20139,-0.08574935,0.08955593,3.21815,0.07032806,0.09174933,3.21139,-0.0739352,-0.5555104,3.168852,0.07694426,-0.5644588,3.17517,-0.1058333,-0.9587279,3.270403,0.08403756,-0.9531149,3.208407
-0.05891946,0.6923282,2.997616,-0.04346159,0.5288363,3.124675,-0.2109482,0.4712687,3.178712,0.1327066,0.4733843,3.156053,-0.2705606,0.2767677,3.367665,0.2748641,0.2493669,3.310012,-0.3961624,0.1291736,3.491056,0.4759758,0.1320228,3.343046,-0.01949071,0.1783429,3.182504,-0.0147408,0.1081472,3.196801,-0.08642384,0.0279632,3.203781,0.06739208,0.0352666,3.210986,-0.07864657,-0.6165359,3.190185,0.07866861,-0.5739274,3.177495,-0.1026007,-0.9953753,3.263827,0.08395393,-0.9916877,3.22582
-0.05302479,0.6623601,3.00475,-0.03408811,0.4875168,3.12325,-0.2096555,0.4250109,3.18009,0.1285741,0.4317708,3.15926,-0.2815834,0.2224499,3.391591,0.268827,0.2167545,3.324686,-0.4907392,0.1509878,3.464624,0.5010232,0.1675799,3.301434,-0.01758941,0.1469499,3.179644,-0.01408721,0.07845926,3.193768,-0.08790375,-0.002832721,3.193633,0.06755328,0.006284523,3.214122,-0.08262385,-0.59777,3.187082,0.08027142,-0.5919536,3.172236,-0.1025856,-0.9944479,3.264619,0.08506289,-1.00023,3.23202
-0.04232367,0.6028942,3.031332,-0.04117988,0.4237964,3.128744,-0.2075244,0.3608257,3.187282,0.1301109,0.3663923,3.176201,-0.2794459,0.1858059,3.339215,0.2697364,0.1729604,3.323474,-0.4905466,0.1624431,3.431611,0.5021325,0.1764305,3.260536,-0.01772732,0.08104075,3.178456,-0.01305388,0.01242311,3.191255,-0.08707335,-0.06618078,3.190043,0.07134586,-0.06079559,3.210387,-0.08170559,-0.5994489,3.180766,0.07535889,-0.6073754,3.165495,-0.09921585,-0.9970058,3.279119,0.0788037,-1.009062,3.258047
-0.0486294,0.5434542,3.048463,-0.03680726,0.3743551,3.142448,-0.2171341,0.3013921,3.200684,0.1369948,0.3073813,3.186661,-0.305022,0.1094672,3.37581,0.2654368,0.1270397,3.307575,-0.5365876,0.1619752,3.355552,0.4857962,0.169521,3.203727,-0.0178434,0.04667493,3.178006,-0.01388969,-0.01943897,3.188595,-0.09423889,-0.1068742,3.184787,0.07518227,-0.09817088,3.204909,-0.0726871,-0.6028528,3.159425,0.05821915,-0.6176217,3.132384,-0.08797536,-0.9955477,3.276682,0.0752284,-1.012985,3.259027
-0.04553746,0.5352588,3.053619,-0.03962621,0.3530083,3.148664,-0.215535,0.2670662,3.200521,0.1375153,0.2775286,3.190776,-0.3352331,0.07643973,3.331682,0.2732971,0.09239555,3.300809,-0.5580248,0.1534145,3.288461,0.4697385,0.1548651,3.152506,-0.02250378,0.01782743,3.180527,-0.01904546,-0.04920091,3.189831,-0.1013154,-0.1300219,3.186731,0.07250193,-0.1243048,3.203174,-0.04587711,-0.6208086,3.121624,0.04766899,-0.6164137,3.109801,-0.08141822,-1.001377,3.274097,0.07409523,-1.014622,3.258079
-0.05122467,0.5256401,3.05812,-0.04243731,0.3424412,3.151029,-0.2177307,0.2597605,3.199236,0.1365861,0.2742542,3.190185,-0.3329601,0.05247877,3.312267,0.2683942,0.07174683,3.28106,-0.5351653,0.1129102,3.189331,0.4538788,0.1194191,3.10027,-0.02322989,0.008287596,3.183879,-0.01939872,-0.05863415,3.193455,-0.1014375,-0.1425572,3.194383,0.07232349,-0.1342753,3.204876,-0.0438901,-0.6318132,3.118437,0.04320157,-0.6220464,3.102848,-0.06959413,-1.008403,3.269176,0.0729728,-1.022848,3.255985
-0.05295544,0.5238503,3.059551,-0.04259741,0.3422852,3.15094,-0.2192353,0.2587085,3.198186,0.1366426,0.2743385,3.18976,-0.330062,0.04024231,3.290632,0.2711107,0.072242,3.260756,-0.5032281,0.06670218,3.116284,0.4188483,0.07318062,3.059544,-0.02342421,0.008174077,3.183982,-0.01961543,-0.05873968,3.193655,-0.1022165,-0.143302,3.196227,0.07213889,-0.1344431,3.204615,-0.05460228,-0.6337163,3.121289,0.04396783,-0.6221919,3.102345,-0.06606872,-1.005478,3.266044,0.07351704,-1.023018,3.254915
-0.05811908,0.5415141,3.063352,-0.04245944,0.3678024,3.143568,-0.2213935,0.2831465,3.189583,0.1346594,0.2976961,3.177303,-0.2984534,0.07066181,3.274169,0.2506725,0.1057209,3.238612,-0.4446265,0.02424166,3.078874,0.3785644,0.04597422,3.033661,-0.02270596,0.02338436,3.179825,-0.01881538,-0.04519865,3.190046,-0.1005968,-0.1294948,3.194116,0.07228556,-0.1201165,3.198652,-0.08099712,-0.6245581,3.148611,0.05545652,-0.6203152,3.112587,-0.06773786,-1.003094,3.271339,0.07355372,-1.023253,3.256346
-0.06077297,0.6084929,3.045014,-0.03959578,0.4322633,3.133597,-0.2240398,0.3426622,3.182305,0.1368744,0.3646515,3.161796,-0.2837764,0.1200516,3.266116,0.2337895,0.1496829,3.235579,-0.3875463,0.01312662,3.06723,0.3299702,0.04519168,3.031279,-0.02255104,0.08501358,3.165587,-0.01915764,0.01554333,3.175099,-0.1001173,-0.06895541,3.179142,0.06975584,-0.06213165,3.181779,-0.08617888,-0.6073779,3.191246,0.07836636,-0.6089777,3.162005,-0.08645403,-1.003057,3.301985,0.07283019,-1.019491,3.254849
-0.06090559,0.6686296,3.037471,-0.03316364,0.499135,3.117672,-0.2190558,0.4077629,3.170331,0.1382372,0.4217449,3.138765,-0.2824574,0.1810938,3.256424,0.2364279,0.2043075,3.221207,-0.3298921,0.005997062,3.08921,0.314723,0.04868951,3.045851,-0.01961385,0.1395307,3.154218,-0.01692648,0.06758871,3.164672,-0.09510522,-0.01695641,3.173644,0.06728797,-0.008281851,3.167985,-0.09379069,-0.5818463,3.231924,0.08668885,-0.6017742,3.197458,-0.08987707,-1.000628,3.300553,0.07819276,-1.009969,3.252975
-0.05961551,0.7201616,3.030758,-0.03409781,0.5561683,3.104969,-0.2156378,0.4681491,3.158089,0.1380899,0.4762122,3.121442,-0.2736284,0.2107656,3.245275,0.2326843,0.2272306,3.191819,-0.3022759,0.01159443,3.105188,0.3103147,0.04338227,3.04913,-0.01984142,0.192073,3.145799,-0.01701429,0.1192322,3.157137,-0.09154113,0.03678884,3.165326,0.06371015,0.0431628,3.162813,-0.09496252,-0.5811043,3.237152,0.09339467,-0.5989583,3.205798,-0.1050177,-0.9839376,3.282781,0.08783234,-0.9975353,3.237393
-0.05508254,0.7484076,3.009452,-0.03692195,0.5886004,3.093128,-0.2159805,0.5133461,3.136689,0.133203,0.5281613,3.10119,-0.266319,0.229798,3.239903,0.2300635,0.2495914,3.177636,-0.2702933,0.006272808,3.145774,0.2958126,0.0413442,3.070315,-0.02438524,0.2362786,3.139165,-0.02195739,0.1661934,3.151747,-0.1018603,0.08458026,3.166329,0.06344929,0.09302744,3.154061,-0.09453847,-0.5740799,3.225185,0.1021582,-0.54302,3.171116,-0.1033291,-0.9729357,3.27587,0.09110568,-0.9745637,3.238163
-0.05297883,0.7970605,2.993019,-0.0360332,0.6264268,3.073048,-0.2135641,0.5406683,3.1282,0.1313297,0.5421433,3.090209,-0.2603818,0.2823022,3.245347,0.2286189,0.2679356,3.173637,-0.2651451,0.04198072,3.169281,0.2899514,0.044274,3.108427,-0.02953179,0.2719136,3.134473,-0.02820537,0.2014078,3.149697,-0.1068721,0.1227943,3.170012,0.0530213,0.1282158,3.151795,-0.09527101,-0.4487127,3.125067,0.09276225,-0.4450912,3.104217,-0.09158249,-0.8545001,3.287437,0.09580399,-0.8588338,3.257274
-0.05117916,0.7979336,2.981079,-0.03285133,0.6267588,3.064777,-0.211524,0.5558153,3.119355,0.1329364,0.5512068,3.081386,-0.254106,0.294595,3.244298,0.2321501,0.2751367,3.175273,-0.2531126,0.03576986,3.221045,0.307255,0.05075192,3.140559,-0.02815794,0.2805569,3.132308,-0.0270859,0.2128706,3.1488,-0.1063255,0.1351402,3.170447,0.05391024,0.1380607,3.153383,-0.09138542,-0.3620128,3.063293,0.08527258,-0.3782281,3.060743,-0.06358749,-0.7376402,3.300579,0.104536,-0.7696904,3.274823
-0.04307037,0.791284,2.955539,-0.03322829,0.6257979,3.051319,-0.210563,0.5628278,3.112116,0.1326511,0.5533283,3.072364,-0.2469061,0.3260957,3.240907,0.237253,0.2806707,3.179151,-0.2582974,0.0336886,3.271269,0.3223115,0.05414792,3.169607,-0.02713149,0.2872157,3.131988,-0.02566075,0.2216113,3.150689,-0.1028123,0.1484215,3.179427,0.05498263,0.1461821,3.155712,-0.07774247,-0.3295969,3.034052,0.06750485,-0.338037,3.033237,-0.06346564,-0.6934294,3.288409,0.109689,-0.7174297,3.263218
-0.04103002,0.7840453,2.936457,-0.03065191,0.6142555,3.019862,-0.2089543,0.56384,3.102002,0.1337974,0.5537969,3.063641,-0.2477627,0.3303154,3.235515,0.241554,0.2852798,3.176196,-0.2611892,0.04884758,3.285573,0.3768817,0.06211853,3.21125,-0.02672909,0.2885629,3.130014,-0.02543892,0.2229634,3.150291,-0.1028048,0.1495754,3.179588,0.0552979,0.1484775,3.1575,-0.07650955,-0.3300396,3.040553,0.06774525,-0.3369068,3.030246,-0.07048811,-0.7131727,3.268436,0.09420859,-0.7227678,3.230962
-0.03826177,0.7777821,2.922126,-0.03299483,0.6077507,3.009755,-0.2090245,0.5594713,3.084254,0.1332911,0.5493885,3.040516,-0.2496037,0.3195851,3.237558,0.2431282,0.2915624,3.170526,-0.2705426,0.1011502,3.314644,0.3752664,0.0994762,3.213038,-0.01999467,0.280362,3.113132,-0.01768749,0.2156186,3.136837,-0.0903028,0.1387545,3.163995,0.06138522,0.1442417,3.150152,-0.07156879,-0.4220526,3.064158,0.07717551,-0.4163925,3.038719,-0.08900289,-0.8145576,3.196533,0.08584335,-0.8062571,3.136555
-0.03994471,0.7461111,2.89065,-0.03562182,0.5959025,2.996191,-0.2053579,0.5375983,3.054365,0.134048,0.5395867,3.025683,-0.2503878,0.3044824,3.239143,0.2469447,0.2903612,3.166959,-0.2874985,0.09483589,3.330585,0.428801,0.1081563,3.209734,-0.01427427,0.2622966,3.093747,-0.009514127,0.1951249,3.115917,-0.08188333,0.1165397,3.14141,0.0731591,0.125609,3.130006,-0.07921509,-0.5401258,3.107096,0.08965234,-0.4906391,3.049959,-0.1029565,-0.9234538,3.116463,0.07975429,-0.8718105,3.051424
-0.04424673,0.7363471,2.87716,-0.02956603,0.577269,2.977323,-0.203766,0.5171876,3.039222,0.1400305,0.5179279,3.00665,-0.2521282,0.302931,3.239433,0.2559955,0.2812694,3.163233,-0.3221158,0.1052572,3.337105,0.4453171,0.1326968,3.203046,-0.008863515,0.2239836,3.068797,-0.004917715,0.1529487,3.090636,-0.08428793,0.07297716,3.110309,0.08248037,0.08270264,3.109021,-0.07583255,-0.5607873,3.108321,0.0905451,-0.5878944,3.060603,-0.1098986,-0.9909256,3.073687,0.09768684,-0.9558674,2.977443
-0.03341625,0.7033342,2.859128,-0.02265736,0.5469339,2.976302,-0.1935697,0.463585,3.01962,0.1475568,0.4671715,3.000678,-0.2511694,0.2606848,3.234785,0.2690248,0.2551215,3.167569,-0.3623429,0.09551263,3.350451,0.4709656,0.1344141,3.186644,-0.004672174,0.1876128,3.056229,-0.001166128,0.115435,3.075192,-0.07504977,0.02937526,3.086987,0.08079964,0.04727567,3.091676,-0.07463244,-0.5935207,3.108363,0.09618048,-0.5937965,3.054629,-0.1017166,-1.00149,3.085382,0.1039221,-0.9771264,2.964813
-0.03183682,0.6711255,2.858167,-0.0135745,0.4898143,2.969023,-0.1912254,0.4157963,3.025597,0.1533341,0.4245917,2.999879,-0.2571589,0.2104714,3.236589,0.2739739,0.2171055,3.149432,-0.4565784,0.1230832,3.317737,0.5050834,0.1634125,3.123113,-0.002762089,0.1358469,3.037203,-0.0006053955,0.06503935,3.054166,-0.07659123,-0.01578379,3.066253,0.08005857,-0.007085627,3.067796,-0.08098948,-0.6056032,3.082666,0.1038822,-0.5928189,3.045053,-0.09065595,-1.011152,3.111429,0.09815335,-1.024368,3.015922
-0.03144573,0.601481,2.867578,-0.01895228,0.430676,2.969393,-0.1910773,0.3575143,3.027383,0.1587818,0.3556882,3.00156,-0.282122,0.1577678,3.234848,0.2793838,0.165619,3.149952,-0.5167318,0.1459999,3.256603,0.5124857,0.1767831,3.091356,-0.004522195,0.07960706,3.029525,-0.001641721,0.009382173,3.044886,-0.07819154,-0.07174223,3.053617,0.08130829,-0.06525742,3.058911,-0.07120263,-0.6265169,3.017486,0.09091233,-0.6228052,2.989018,-0.08999823,-1.013079,3.121118,0.09703679,-1.021727,3.015194
-0.02058648,0.5632249,2.875972,-0.01033204,0.3812276,2.973511,-0.1902055,0.304853,3.026989,0.1637997,0.3042988,3.01096,-0.2972754,0.1081359,3.203305,0.3086922,0.1192316,3.117886,-0.5301081,0.1554193,3.186288,0.5276647,0.1664662,3.024718,0.002756859,0.04453807,3.022422,0.005444827,-0.02342472,3.03589,-0.07504807,-0.1052908,3.046496,0.09377263,-0.1030434,3.042372,-0.06426848,-0.6307572,2.966399,0.06064934,-0.639805,2.939762,-0.08759674,-1.020688,3.123786,0.09660189,-1.022067,3.015557
-0.01767984,0.511919,2.891993,-0.01459495,0.3518068,2.978464,-0.1880365,0.2594614,3.024467,0.1654055,0.2666398,3.017801,-0.3100183,0.08256203,3.181115,0.3139963,0.08612578,3.111604,-0.5269912,0.1476775,3.095493,0.5039208,0.1510897,2.970525,0.001481284,0.009330896,3.011732,0.004774963,-0.05975281,3.021228,-0.07772426,-0.1436989,3.024783,0.09501382,-0.1353042,3.027898,-0.05295578,-0.635233,2.946612,0.0502645,-0.6524048,2.910389,-0.08293809,-1.021034,3.120367,0.09140567,-1.019439,3.004353
-0.01796035,0.5092248,2.893959,-0.01660131,0.3285159,2.981314,-0.1910789,0.2464542,3.030217,0.1646793,0.2506187,3.015735,-0.3093042,0.04457153,3.144648,0.3126422,0.06695174,3.095309,-0.5052025,0.1193838,3.018994,0.4769505,0.1071708,2.91452,0.0004234268,-0.004152598,3.012006,0.003852104,-0.07105781,3.02138,-0.07971281,-0.153646,3.027015,0.09549937,-0.149837,3.025463,-0.05126762,-0.6431656,2.936397,0.04557302,-0.6518099,2.897168,-0.08275703,-1.021209,3.119989,0.08639005,-1.018005,2.99586
-0.02102073,0.5089571,2.898543,-0.01647366,0.3279831,2.981021,-0.1921315,0.2443862,3.030502,0.1641047,0.2491676,3.014825,-0.2971901,0.03688399,3.135085,0.2902578,0.05245062,3.096839,-0.4769837,0.05366817,2.966736,0.435927,0.05871847,2.895306,-0.0002336127,-0.006940938,3.010516,0.002920708,-0.07434247,3.019612,-0.08087671,-0.1567153,3.026067,0.094233,-0.1533957,3.022331,-0.05304318,-0.6453428,2.929919,0.04522078,-0.6493205,2.890608,-0.08047419,-1.022007,3.118333,0.08181453,-1.014336,2.986442
-0.02651164,0.5217875,2.915483,-0.01523385,0.3411625,2.98349,-0.1916258,0.2477066,3.028328,0.1658988,0.2546626,3.013863,-0.2797512,0.04114377,3.130837,0.2649992,0.05168561,3.119045,-0.4230415,0.002598196,2.93135,0.3932707,0.02675255,2.8991,-0.0002134113,-0.001971716,3.008517,0.002822468,-0.07005909,3.017051,-0.08111379,-0.1532559,3.023603,0.09392591,-0.147706,3.017586,-0.05718927,-0.6429023,2.932588,0.04597909,-0.6434265,2.890682,-0.08055528,-1.019688,3.116164,0.08203825,-1.013958,2.98624
-0.02584602,0.5742082,2.917682,-0.01130605,0.3996647,2.980168,-0.188053,0.3043008,3.028075,0.1659664,0.3087298,3.001002,-0.2545392,0.06580579,3.119224,0.2606578,0.08980344,3.076109,-0.3865283,-0.0315406,2.933395,0.3820865,0.007935475,2.869466,0.001617434,0.04374189,2.995163,0.004159693,-0.02896074,3.002173,-0.07692797,-0.1096982,3.008219,0.09118521,-0.1050176,2.997886,-0.07366429,-0.6350198,2.956657,0.07559489,-0.6206351,2.899098,-0.0799953,-1.019562,3.11872,0.08278676,-1.015158,2.986563
-0.02663312,0.6352174,2.907338,-0.003176162,0.4605433,2.98385,-0.186056,0.3679278,3.027408,0.1640769,0.3742003,2.994251,-0.2454547,0.1208666,3.122183,0.2681706,0.1494335,3.064257,-0.3211898,-0.05645303,2.969449,0.3542523,-0.003259704,2.889954,7.215462E-05,0.1022618,2.989708,0.000672865,0.03060991,2.993771,-0.07935462,-0.05063653,2.999442,0.08211571,-0.04623806,2.986623,-0.08728415,-0.6063437,3.000769,0.09420607,-0.6078156,2.931864,-0.0853131,-1.006082,3.121955,0.08603784,-1.016862,2.988054
-0.02643429,0.6930877,2.905854,-0.005579704,0.5227647,2.987377,-0.1874204,0.4331788,3.0298,0.1620908,0.4461559,2.989374,-0.2492682,0.1712549,3.113745,0.2633427,0.1962783,3.048849,-0.2837216,-0.04607266,3.010223,0.3342885,-0.003365922,2.921627,0.0001889017,0.1619925,2.989316,0.001152087,0.08987232,2.991475,-0.07554833,0.005143428,2.999101,0.08031614,0.01617526,2.980247,-0.08624986,-0.5975657,3.011767,0.1070523,-0.5797356,2.974202,-0.09492225,-0.9985712,3.08448,0.1093136,-1.007982,2.957552
-0.02915364,0.7492971,2.901751,-0.005463319,0.5818152,2.973328,-0.1918454,0.4930166,3.02636,0.1555319,0.5000492,2.977268,-0.2408332,0.212702,3.099787,0.2531333,0.2283955,3.037066,-0.2671283,-0.01985873,3.044956,0.3224515,0.006818354,2.972662,-0.005029806,0.2180957,2.985525,-0.005150438,0.1453428,2.989904,-0.08133459,0.06332161,3.005017,0.07114776,0.06826552,2.97575,-0.08986111,-0.5498197,2.999958,0.1119709,-0.5331267,2.973669,-0.08888221,-0.9850184,3.078685,0.1147044,-0.9764269,2.952234
-0.03367145,0.7924759,2.884826,-0.00667095,0.6189238,2.9618,-0.1868262,0.5352104,3.018866,0.1583891,0.5330981,2.970515,-0.2231054,0.2605815,3.097134,0.2479216,0.2525589,3.03657,-0.2384549,0.01378314,3.082833,0.3131284,0.02599627,2.99313,-0.007265305,0.2633103,2.981486,-0.007597917,0.1924752,2.987653,-0.08692045,0.1123909,3.004522,0.07130805,0.1159067,2.975578,-0.09275722,-0.4585039,2.946031,0.1052329,-0.505943,2.940456,-0.06146445,-0.8670033,3.076371,0.1125456,-0.9305226,2.989517
-0.03292831,0.7995889,2.879149,-0.007117365,0.6324738,2.957278,-0.1858451,0.5648088,3.011868,0.1534043,0.5596234,2.95966,-0.2163459,0.286752,3.092957,0.2417496,0.2864084,3.035236,-0.224135,0.04006084,3.111533,0.297747,0.05613022,3.038431,-0.004835718,0.2812825,2.985445,-0.004424791,0.2115489,2.993746,-0.08130556,0.1322258,3.012626,0.07396764,0.1393958,2.984906,-0.08910762,-0.3910339,2.898662,0.08832064,-0.4238033,2.884344,-0.05216312,-0.7767898,3.077019,0.1105876,-0.8421456,3.029152
-0.03272816,0.8043249,2.874571,-0.01096828,0.6419806,2.953705,-0.1858074,0.5827091,3.007773,0.152695,0.5679029,2.957746,-0.2140746,0.3262744,3.094155,0.2465905,0.2963775,3.047695,-0.2242234,0.06769762,3.149157,0.3122453,0.07113199,3.071361,-0.008958837,0.3016038,2.99249,-0.008642575,0.2344234,3.003737,-0.08774124,0.162671,3.027683,0.07166078,0.1552726,2.99509,-0.08092825,-0.3305308,2.866781,0.05710276,-0.3467615,2.854681,-0.01904365,-0.7196763,3.077955,0.1046162,-0.7486224,3.047351
-0.02821771,0.8146923,2.861574,-0.0130334,0.6479794,2.949188,-0.1861363,0.5851269,3.007632,0.1522998,0.5751013,2.956868,-0.2129694,0.3271388,3.100784,0.2526131,0.306181,3.066656,-0.2254855,0.08624697,3.155933,0.3292629,0.08339494,3.083626,-0.008454111,0.3075293,2.992903,-0.007700389,0.2400547,3.004721,-0.08704478,0.1645079,3.0279,0.07389367,0.1654831,2.999061,-0.06250737,-0.3190158,2.852048,0.05395235,-0.3152871,2.84255,-0.02245194,-0.6992189,3.081653,0.07793629,-0.6898867,3.082191
-0.03228811,0.81112,2.854679,-0.01503653,0.6517274,2.942754,-0.1864236,0.5859606,3.007599,0.1513263,0.5773396,2.955096,-0.2120516,0.3353519,3.108635,0.2592054,0.314092,3.07712,-0.238585,0.1009398,3.203456,0.3756784,0.1179393,3.129713,-0.008337188,0.3083469,2.990372,-0.007342123,0.2404126,3.002553,-0.08557514,0.1632372,3.023721,0.07402608,0.1664904,2.997838,-0.05418903,-0.3331385,2.851084,0.06103799,-0.2922088,2.795201,-0.05411254,-0.7354177,3.048227,0.08128336,-0.6587012,3.046235
-0.03377679,0.8077913,2.848351,-0.01549903,0.6519294,2.941335,-0.1859838,0.5840144,3.004295,0.1511491,0.5782392,2.954571,-0.2112212,0.3364336,3.109467,0.2632829,0.3182851,3.079591,-0.2560602,0.1275402,3.199574,0.4194545,0.1464227,3.116113,-0.00265074,0.3055278,2.98405,0.001186125,0.2358667,2.994382,-0.06860992,0.1525994,3.007115,0.08125253,0.165279,2.992565,-0.05463272,-0.4263737,2.873994,0.06839164,-0.3687719,2.858522,-0.08193797,-0.8450446,2.991347,0.0768692,-0.7580759,3.058951
-0.03900059,0.8017575,2.845426,-0.0157295,0.6478176,2.939235,-0.1856523,0.5762987,2.99717,0.1489797,0.5748758,2.951925,-0.2141275,0.325323,3.122071,0.2698154,0.3244546,3.08602,-0.2862993,0.132865,3.227419,0.4369466,0.1588876,3.105739,0.004798491,0.2912745,2.97358,0.009983999,0.219534,2.982456,-0.05981167,0.1379244,2.993816,0.08938637,0.1526196,2.982368,-0.05659234,-0.5005349,2.903906,0.08885157,-0.4433211,2.873232,-0.09977649,-0.9348168,2.950852,0.09030733,-0.8124091,3.02849
-0.03909772,0.7803414,2.837991,-0.013244,0.6286156,2.930559,-0.1833227,0.5302358,2.989404,0.1467001,0.5503748,2.94824,-0.2284358,0.2808461,3.149887,0.2728694,0.3151987,3.092788,-0.3736251,0.1219099,3.236666,0.4743109,0.189178,3.073853,0.01320369,0.2610798,2.95914,0.01867111,0.1878251,2.967662,-0.05333262,0.1161815,2.979128,0.1021349,0.1089595,2.964983,-0.05777452,-0.4957387,2.905015,0.08812153,-0.5242466,2.888358,-0.09340293,-0.9518473,2.932249,0.1053802,-0.9275234,2.958349
-0.03894308,0.7548857,2.836667,-0.01313481,0.5803791,2.925752,-0.1825504,0.4990951,2.98568,0.1494852,0.5061945,2.943409,-0.2286246,0.262531,3.141413,0.2775396,0.2917835,3.090848,-0.4046744,0.1409201,3.230946,0.4939749,0.202065,3.030721,0.01289213,0.2237942,2.950336,0.01806962,0.1519913,2.958142,-0.04988425,0.07852177,2.964707,0.09717356,0.07578952,2.957505,-0.06025461,-0.4948913,2.906146,0.1235101,-0.4849766,2.90182,-0.08194146,-0.9527635,2.925774,0.1087762,-0.9429452,2.923172
-0.03002479,0.6980028,2.837955,-0.003474831,0.5304463,2.921296,-0.175887,0.4374273,2.97827,0.1559406,0.4498964,2.940954,-0.2505202,0.1999962,3.140117,0.3040532,0.228681,3.072176,-0.4853308,0.1850585,3.159886,0.5269052,0.2084446,2.978094,0.01247357,0.1661763,2.937014,0.01560592,0.09331055,2.943051,-0.0530968,0.0288324,2.947225,0.09083042,0.008376188,2.941548,-0.06062746,-0.4964262,2.903874,0.1377183,-0.4989919,2.924174,-0.06103463,-0.9509439,2.952217,0.106919,-0.9582025,2.919058
-0.01326442,0.6373123,2.845291,0.003373709,0.460675,2.922204,-0.1694622,0.3741131,2.981252,0.1645961,0.3792219,2.947284,-0.2560443,0.1543744,3.123961,0.2991279,0.1776871,3.052023,-0.4877018,0.204854,3.093207,0.5121294,0.2090886,2.937384,0.011682,0.1095017,2.932799,0.01329663,0.03926398,2.937862,-0.05929545,-0.02366043,2.934543,0.0894288,-0.04815367,2.941794,-0.05254444,-0.6217247,2.861127,0.0702735,-0.6311739,2.856714,-0.05481401,-1.022084,2.965455,0.1078569,-1.01296,2.92655
-0.0005842187,0.5771882,2.847964,0.00685438,0.4022076,2.92792,-0.1759803,0.3190265,2.984853,0.177913,0.3180195,2.952604,-0.2909151,0.1165348,3.102769,0.2961748,0.1227635,3.034925,-0.4918746,0.2261333,3.024826,0.4830594,0.1868177,2.888834,0.01385553,0.05352258,2.935152,0.01518968,-0.01621126,2.93928,-0.06688726,-0.096017,2.938537,0.1001759,-0.0944921,2.939107,-0.0496873,-0.6217783,2.854484,0.06860384,-0.6311203,2.853647,-0.05000795,-1.018706,2.960177,0.1069617,-1.013636,2.926893
0.004488416,0.5294324,2.852733,0.007729786,0.357987,2.930464,-0.1756057,0.2741175,2.984832,0.1811895,0.2689229,2.952194,-0.2904509,0.08616959,3.081032,0.2857748,0.0709729,3.024815,-0.4614626,0.1974653,2.945211,0.4378009,0.1484985,2.845454,0.01401593,0.02733822,2.933934,0.01517154,-0.03939977,2.936738,-0.06958613,-0.122178,2.935544,0.1027492,-0.1185988,2.934914,-0.02684792,-0.6179529,2.827456,0.05654934,-0.6336852,2.847255,-0.02865871,-1.024472,2.957406,0.06411234,-1.022241,2.925885
0.003406092,0.5265568,2.853714,0.006908234,0.3481224,2.927335,-0.1784874,0.2554175,2.980641,0.1792814,0.2527265,2.946024,-0.2590525,0.04411526,3.067304,0.2796328,0.001518875,3.020347,-0.4092536,0.1387201,2.895331,0.4025374,0.09419531,2.823231,0.01469736,0.001609093,2.93428,0.01624744,-0.06843695,2.937738,-0.0690586,-0.1486087,2.937077,0.1054441,-0.1492739,2.937851,-0.02696264,-0.6327341,2.823516,0.0539796,-0.6463622,2.842412,-0.02405411,-1.02485,2.958584,0.06700718,-1.027691,2.930148
-0.0009218915,0.5268338,2.852398,0.004817137,0.3476899,2.922556,-0.1800525,0.2558299,2.977806,0.1785476,0.2552446,2.940899,-0.2505864,0.04121906,3.054749,0.2685999,0.05331212,3.000674,-0.3955867,0.06104196,2.853568,0.3813108,0.03589283,2.778239,0.01434411,0.001770695,2.934337,0.01578863,-0.06804711,2.938447,-0.06980462,-0.1487191,2.940357,0.1050419,-0.1486446,2.938535,-0.03001405,-0.6326419,2.825008,0.05762489,-0.6450202,2.83531,-0.02901126,-1.021956,2.95608,0.09491824,-1.02302,2.924175
-0.008752804,0.539776,2.839379,0.006158322,0.3720681,2.915017,-0.1790716,0.2858725,2.964803,0.1734748,0.2938743,2.92516,-0.2398383,0.0587201,3.045241,0.2507587,0.07213701,3.011521,-0.3658118,-0.01015692,2.841935,0.348829,-0.004501268,2.795142,0.01333989,0.01998292,2.937736,0.01451224,-0.04965819,2.944089,-0.06891321,-0.1288356,2.953173,0.1006855,-0.1262837,2.942411,-0.05261561,-0.6315047,2.860231,0.07342379,-0.6408092,2.84129,-0.0375311,-1.020721,2.962689,0.09117264,-1.024956,2.930855
-0.01582122,0.6010734,2.815795,0.001743175,0.4322648,2.911071,-0.1791442,0.3556243,2.968845,0.1721974,0.355637,2.922534,-0.2364414,0.1113719,3.047223,0.2536677,0.1353628,2.999332,-0.3295068,-0.03970749,2.875221,0.3312831,-0.01566945,2.819155,0.01165381,0.08303396,2.936884,0.01346069,0.01312225,2.944124,-0.0650683,-0.0694093,2.956692,0.09642949,-0.06316128,2.9388,-0.06624436,-0.6251621,2.911789,0.1069026,-0.6134095,2.886969,-0.04489725,-1.022808,2.970026,0.09899458,-1.017988,2.933638
-0.01816498,0.650716,2.807147,0.001966844,0.4929438,2.912388,-0.1828078,0.4155572,2.96799,0.1666814,0.4237699,2.921857,-0.2456565,0.1649115,3.060366,0.261369,0.1755384,2.995956,-0.2836242,-0.04831171,2.948622,0.2985141,-0.03386453,2.875988,0.01087053,0.1410239,2.939025,0.01249476,0.07057866,2.946562,-0.06377723,-0.01275328,2.958489,0.09270255,-0.003988582,2.942201,-0.06839687,-0.6138003,2.947898,0.1278117,-0.6023375,2.93205,-0.0570357,-1.020692,2.964975,0.1097531,-1.009231,2.926727
-0.01676516,0.7024319,2.801619,0.001672446,0.5495752,2.904959,-0.1876951,0.4797052,2.969168,0.1661472,0.4837002,2.915916,-0.2374613,0.1986137,3.06518,0.2579091,0.1988139,2.994468,-0.2666165,-0.03448115,3.015232,0.2858813,-0.03298947,2.936205,0.01107603,0.1952816,2.939391,0.0127962,0.1243437,2.948611,-0.0614748,0.04051087,2.964443,0.0912545,0.04810796,2.943965,-0.0701666,-0.6011707,2.951198,0.1305296,-0.5758597,2.943508,-0.06268498,-0.9994483,2.966109,0.1276388,-0.9696264,2.921772
-0.02114418,0.7371401,2.793507,0.003184588,0.5816841,2.895099,-0.1807841,0.5129942,2.958656,0.1663311,0.5179068,2.920465,-0.2238524,0.2477351,3.070644,0.2425174,0.2481559,3.0038,-0.2611448,0.01335125,3.069289,0.28857,0.01511262,2.982462,0.007638833,0.241659,2.938577,0.008207398,0.1742074,2.950112,-0.06862003,0.09464756,2.968393,0.08680039,0.09774989,2.948106,-0.07450929,-0.5090412,2.91369,0.1266548,-0.5090473,2.907536,-0.05333257,-0.9220517,2.983607,0.1339676,-0.9376646,2.97301
-0.01669713,0.7584176,2.785818,-0.001405041,0.6016618,2.892218,-0.1783544,0.5345074,2.954859,0.1645402,0.5318203,2.91686,-0.2176487,0.2680994,3.077356,0.2447432,0.2685803,3.01743,-0.2574753,0.04642975,3.139357,0.2971513,0.03675589,3.004388,0.009262436,0.2600033,2.944494,0.01120577,0.1920514,2.957669,-0.06380582,0.1142998,2.976287,0.09172551,0.1203926,2.960619,-0.07448128,-0.3934398,2.843045,0.1046806,-0.4243773,2.855069,-0.04584334,-0.7953956,3.035397,0.1362614,-0.8340461,3.036467
-0.01785136,0.758753,2.780558,-0.00192753,0.6077545,2.890493,-0.1766928,0.5438442,2.95468,0.1643936,0.5417209,2.917078,-0.2236612,0.2970486,3.107128,0.2528448,0.2734305,3.039499,-0.2494226,0.07615972,3.177103,0.3255136,0.04822709,3.047904,0.009354675,0.2754509,2.949728,0.01157571,0.2096806,2.965048,-0.06470686,0.1336207,2.984709,0.09331748,0.1362682,2.969811,-0.05405972,-0.3321635,2.800678,0.07113668,-0.3424739,2.828146,-0.02462719,-0.708776,3.037322,0.1284695,-0.7173766,3.062629
-0.01157742,0.7674118,2.774899,-0.001242715,0.6090872,2.887482,-0.1743351,0.5522053,2.953474,0.1649441,0.5464531,2.92034,-0.2221823,0.3253154,3.104108,0.2582511,0.2911334,3.059944,-0.2511055,0.1263634,3.216992,0.3685118,0.09739977,3.128538,0.00884171,0.2859853,2.95226,0.01058202,0.223144,2.969399,-0.06898965,0.1509037,2.989465,0.09409881,0.1492096,2.978571,-0.01051187,-0.2946932,2.765804,0.04204604,-0.3100228,2.784754,-0.01515051,-0.6590785,3.02057,0.1044969,-0.6614063,3.04898
-0.01114747,0.7611003,2.770301,-0.001252536,0.6078597,2.885808,-0.1738264,0.5523018,2.953324,0.165267,0.5478261,2.922829,-0.222904,0.3287851,3.116351,0.2647361,0.3038067,3.079852,-0.2651624,0.1435566,3.245287,0.398587,0.1233472,3.143541,0.009448919,0.2862654,2.952431,0.01150206,0.2234572,2.969754,-0.06750724,0.1508509,2.98922,0.09577633,0.149908,2.980355,-0.02091558,-0.3442999,2.8649,0.04649477,-0.3096623,2.786703,-0.01908683,-0.6700884,3.097586,0.09732967,-0.674703,3.036074
-0.009869836,0.7572735,2.765913,-0.001420022,0.6077046,2.885585,-0.1737287,0.5521525,2.95332,0.1658019,0.5460608,2.925459,-0.2242497,0.3277582,3.150739,0.2690694,0.3137622,3.095085,-0.2969773,0.1554005,3.283459,0.4468027,0.168116,3.141992,0.0100243,0.2826667,2.952296,0.01256802,0.2174351,2.969393,-0.06401904,0.1418903,2.987049,0.09566632,0.1431402,2.980266,-0.03632194,-0.369968,2.859255,0.06154186,-0.3669604,2.82401,-0.05045307,-0.7744368,3.052457,0.08406511,-0.7672252,3.024077
-0.009187415,0.7524505,2.76355,-0.001946389,0.5982001,2.886381,-0.1733079,0.5498618,2.953233,0.1654811,0.542761,2.927671,-0.2239123,0.3303625,3.155403,0.2700678,0.3136846,3.100336,-0.3433008,0.1687449,3.268459,0.4798784,0.2060419,3.116275,0.009314005,0.26686,2.947163,0.01162613,0.1999194,2.962071,-0.06380774,0.1225429,2.974584,0.0927038,0.125365,2.972294,-0.04895518,-0.4783801,2.887161,0.09238343,-0.464981,2.864381,-0.08351641,-0.8827964,2.989402,0.08925093,-0.8448457,2.983045
-0.01333717,0.739028,2.763192,-0.0007921229,0.5849329,2.886282,-0.1727533,0.5320568,2.953216,0.1657881,0.5306244,2.930856,-0.2332923,0.3213596,3.161144,0.2822964,0.3089733,3.105275,-0.3872917,0.1715452,3.248878,0.5100591,0.2417054,3.08158,0.01216514,0.2403603,2.94391,0.01478731,0.171137,2.958188,-0.06098425,0.09093229,2.967322,0.09612145,0.1005126,2.970174,-0.05478642,-0.5492848,2.912269,0.1006328,-0.5362224,2.892216,-0.1001912,-0.9893376,2.95077,0.1017498,-0.9423708,2.928237
-0.01290855,0.7140609,2.767853,0.001188727,0.5478638,2.892958,-0.1737771,0.479499,2.9568,0.162448,0.5283365,2.93646,-0.2488475,0.2797965,3.170055,0.2779567,0.3014769,3.105578,-0.4658202,0.1881784,3.188085,0.5016146,0.2567461,3.024796,0.01434338,0.1874233,2.941709,0.0168958,0.1164108,2.954244,-0.05294505,0.03932443,2.96075,0.09213467,0.04430071,2.963975,-0.05182034,-0.6114485,2.915528,0.09684224,-0.6246178,2.899099,-0.09263483,-1.006591,2.950932,0.1032152,-0.9997986,2.916789
-0.007774994,0.6504306,2.779787,-0.0003863455,0.4886645,2.906159,-0.167597,0.4207858,2.961251,0.1705902,0.4282861,2.945299,-0.2588918,0.226104,3.156442,0.2848208,0.2422154,3.099746,-0.4929679,0.1882975,3.125932,0.5000734,0.2600377,2.986595,0.01263472,0.1397482,2.93921,0.01523793,0.07038169,2.948982,-0.05988529,-0.01237102,2.947547,0.09567202,-0.0001566308,2.960606,-0.0537895,-0.6173544,2.904629,0.09750038,-0.6276495,2.895896,-0.0861707,-1.02432,2.968565,0.1024681,-1.00432,2.926416
0.0003447958,0.6111413,2.797583,0.001495449,0.4276855,2.916336,-0.1675632,0.3567911,2.967044,0.1810535,0.3640237,2.955984,-0.2675627,0.167888,3.145142,0.2837096,0.1789731,3.088104,-0.4961582,0.1825496,3.067766,0.4736065,0.2331438,2.941883,0.01157904,0.08387752,2.941948,0.0135853,0.01509921,2.950135,-0.06406298,-0.06356077,2.94826,0.09583569,-0.06329548,2.959573,-0.05658405,-0.6201214,2.886031,0.09411936,-0.62661,2.886834,-0.08224414,-1.021333,2.979439,0.104023,-1.021017,2.956744
0.002587231,0.5385026,2.818453,0.004120798,0.3722269,2.933084,-0.1723954,0.2990737,2.978082,0.1805852,0.3018912,2.959867,-0.267037,0.1073136,3.118517,0.3081,0.116402,3.063453,-0.4827766,0.1446735,3.012097,0.4683267,0.1847859,2.887829,0.01305248,0.03575208,2.947416,0.01479271,-0.03027357,2.953331,-0.06535562,-0.1143548,2.95259,0.09901435,-0.1059762,2.957116,-0.05344532,-0.628728,2.864727,0.07110085,-0.6276874,2.855016,-0.07927533,-1.022152,2.981683,0.1000739,-1.020138,2.955634
0.01844555,0.5078114,2.836987,0.003532133,0.3364219,2.941423,-0.1722604,0.2630543,2.977805,0.1838512,0.2718062,2.969353,-0.2980089,0.06171878,3.0796,0.2805184,0.07026208,3.069855,-0.4870057,0.1066056,2.928718,0.4265411,0.1133506,2.872683,0.01322251,0.01117649,2.950737,0.01512206,-0.05462984,2.955997,-0.06710663,-0.1340335,2.949948,0.102698,-0.1389676,2.964473,-0.03704746,-0.6294124,2.848375,0.05619509,-0.6325598,2.836055,-0.0699777,-1.023732,2.982997,0.09603621,-1.023024,2.948383
0.0136277,0.5042089,2.844926,0.002777264,0.3329467,2.9408,-0.1739742,0.2489701,2.977612,0.1837458,0.2613672,2.96974,-0.2633256,0.0237465,3.079168,0.2620333,0.00282291,3.102424,-0.4329905,0.03212572,2.898993,0.3997143,0.04357477,2.863829,0.01392589,-0.001362237,2.954139,0.01636024,-0.06901775,2.960534,-0.06686306,-0.152814,2.959368,0.105106,-0.1483324,2.966252,-0.03588068,-0.6370624,2.843644,0.05617798,-0.6394273,2.83129,-0.06789667,-1.02258,2.981292,0.09047987,-1.026825,2.948043
0.01020159,0.5093147,2.85018,0.002307519,0.3335634,2.941566,-0.1743259,0.2491718,2.977417,0.1831803,0.2615042,2.969945,-0.225119,0.008921432,3.084161,0.2367492,0.03493962,3.112942,-0.3892192,-0.02520609,2.901707,0.3749705,-0.001012286,2.855432,0.01370172,-0.001421651,2.955834,0.016167,-0.06909934,2.962334,-0.06685413,-0.1525456,2.960903,0.1048357,-0.1482733,2.968127,-0.03903457,-0.6369107,2.844944,0.06173001,-0.6388999,2.833399,-0.06805613,-1.02503,2.983948,0.08892614,-1.026366,2.947866
0.002099167,0.5445732,2.863699,0.002302499,0.3745051,2.943341,-0.1756267,0.2879537,2.974975,0.1786653,0.2914091,2.973053,-0.2157231,0.02829492,3.084035,0.2332045,0.08036931,3.08995,-0.3671074,-0.05793347,2.908423,0.3449903,-0.02753767,2.896149,0.0128132,0.02588085,2.959072,0.01499521,-0.04324471,2.965519,-0.06651699,-0.1239554,2.963845,0.1013261,-0.1197335,2.971294,-0.06612933,-0.6261632,2.877021,0.09918294,-0.6154144,2.862249,-0.06810639,-1.023955,2.983615,0.08903959,-1.023068,2.949191
0.002348457,0.6146688,2.864667,0.004699215,0.4363936,2.950838,-0.1749325,0.3529251,2.982501,0.1806796,0.3585286,2.979153,-0.2421935,0.09710663,3.082684,0.269707,0.123928,3.068955,-0.3217658,-0.09742353,2.957752,0.3482022,-0.04503418,2.907427,0.01708349,0.0860604,2.964989,0.01955868,0.01599099,2.971043,-0.05816431,-0.068111,2.971996,0.1029345,-0.05983523,2.972478,-0.07502503,-0.616231,2.920331,0.1153088,-0.60124,2.899957,-0.06966889,-1.02336,2.98579,0.09418716,-1.018164,2.950794
-0.005756736,0.66962,2.866498,-2.854553E-06,0.499025,2.957983,-0.1755813,0.4196157,2.9849,0.1769625,0.4324219,2.975067,-0.2387885,0.1347519,3.081723,0.2665728,0.1743126,3.062151,-0.2918178,-0.08822478,3.004781,0.3327549,-0.04642309,2.989938,0.01437917,0.1450093,2.968642,0.01725106,0.07420518,2.974015,-0.05724149,-0.01004468,2.973199,0.09818663,-0.0001829207,2.975618,-0.07677028,-0.6076393,2.975256,0.1182352,-0.6083914,2.955655,-0.07399438,-1.021691,2.985719,0.1047178,-1.012882,2.948796
-0.003871998,0.7246342,2.866127,0.006179295,0.5621008,2.957881,-0.1784822,0.4708055,2.989693,0.1733936,0.4873693,2.980146,-0.2264286,0.1983081,3.087009,0.2659339,0.2105224,3.06886,-0.2727335,-0.03456791,3.061559,0.3211939,-0.01935537,3.03022,0.01495007,0.2013162,2.972502,0.01670035,0.1291568,2.978685,-0.05737595,0.04539841,2.98331,0.09463062,0.05432343,2.976578,-0.08098254,-0.5910683,2.97433,0.1195674,-0.582431,2.962893,-0.08045699,-0.9944084,2.974847,0.1137141,-0.9761348,2.946164
0.004092557,0.7739989,2.878464,0.003288699,0.5994031,2.956486,-0.1735473,0.5143793,2.98656,0.1750799,0.5215983,2.985086,-0.2251149,0.2380583,3.091469,0.253454,0.2493264,3.076479,-0.2709726,0.009614095,3.124706,0.3311237,0.02700734,3.095045,0.01375416,0.2509102,2.977353,0.01593452,0.1801387,2.984852,-0.06067021,0.09706619,2.991611,0.09737611,0.1062129,2.983506,-0.07831737,-0.4983358,2.932746,0.1153005,-0.524961,2.937597,-0.05860312,-0.9027963,3.012605,0.1026477,-0.9420269,3.011302
0.006383576,0.7844312,2.878517,-0.0009661539,0.6207573,2.957309,-0.1701918,0.5407495,2.988978,0.1743487,0.5444767,2.984811,-0.2160427,0.2709537,3.100646,0.2574888,0.2689849,3.101176,-0.2616622,0.04866811,3.173217,0.3287948,0.04374759,3.113798,0.01070419,0.2678388,2.98185,0.01293476,0.1975523,2.99018,-0.06276314,0.1184038,2.997116,0.09337677,0.1237732,2.990902,-0.06682394,-0.4031368,2.885276,0.09813142,-0.4243204,2.894113,-0.04263787,-0.8151209,3.055491,0.09453705,-0.8245823,3.059831
0.008004124,0.7929223,2.877704,-0.001398826,0.624411,2.95707,-0.1661947,0.550822,2.993241,0.1753849,0.5534694,2.986434,-0.2178101,0.2968351,3.130515,0.2566528,0.2910495,3.126436,-0.2566034,0.07939464,3.20458,0.3444712,0.07449298,3.156317,0.0110313,0.2850349,2.98928,0.01365683,0.218455,3.000132,-0.06161255,0.1430337,3.010039,0.09476331,0.1439627,3.00263,-0.04106595,-0.3301948,2.849896,0.05890977,-0.3454025,2.859797,-0.003868241,-0.7222762,3.062293,0.06928552,-0.7274463,3.090371
0.01353145,0.7971147,2.874779,-0.0002692406,0.6265105,2.958872,-0.1631538,0.557592,3.000833,0.1777925,0.5616554,2.998608,-0.220057,0.3197007,3.146096,0.2631249,0.3119963,3.155316,-0.2589294,0.1188817,3.253394,0.3636868,0.1062575,3.20537,0.01368806,0.2967146,3.000274,0.01638482,0.2314412,3.012524,-0.06040975,0.1551382,3.023791,0.099198,0.1573673,3.016783,-0.02778707,-0.3066995,2.832793,0.05372856,-0.308891,2.840843,0.003853537,-0.6864934,3.064942,0.06462209,-0.6796591,3.087349
0.02127639,0.7937908,2.873497,0.004695668,0.629417,2.962425,-0.1599978,0.5595537,3.003079,0.18284,0.5616589,3.009612,-0.2191723,0.3258296,3.153581,0.2656246,0.3079977,3.161992,-0.2739309,0.1392633,3.276532,0.3830877,0.1155778,3.223681,0.01498494,0.2975521,3.002473,0.01720137,0.2318505,3.014276,-0.06024356,0.1554243,3.024314,0.1000761,0.1572233,3.019871,-0.02774192,-0.3068922,2.834648,0.05443867,-0.3097342,2.846116,0.01103188,-0.6749343,3.082289,0.0665752,-0.7001612,3.063709
0.02720387,0.7886211,2.868351,0.009589996,0.6288512,2.966938,-0.1572758,0.5609296,3.006086,0.1847472,0.5611056,3.015899,-0.2188703,0.3284052,3.159102,0.2661096,0.3118561,3.175006,-0.2931778,0.1599661,3.295687,0.4170193,0.140038,3.226285,0.01683191,0.2955054,3.004038,0.01870337,0.229304,3.01542,-0.05836402,0.1521618,3.022026,0.1007732,0.1535434,3.024063,-0.02626242,-0.3862438,2.887661,0.07359035,-0.3742385,2.879638,-0.004512381,-0.7893347,3.083125,0.07822753,-0.7557563,3.111181
0.02726465,0.7881743,2.869672,0.01442691,0.6252877,2.96824,-0.1552559,0.556302,3.012329,0.1879139,0.5582007,3.02378,-0.2200756,0.3305621,3.168493,0.2692238,0.3092616,3.183353,-0.3220471,0.1745619,3.302278,0.464659,0.1815062,3.215168,0.02378025,0.2829848,3.00536,0.02593824,0.2138282,3.016353,-0.04919514,0.1324451,3.017256,0.1057813,0.1389489,3.028134,-0.02784546,-0.4917249,2.93415,0.09068331,-0.4657445,2.92428,-0.06263667,-0.8926274,3.044617,0.09757127,-0.8526533,3.07302
0.03233044,0.7561828,2.875701,0.01923459,0.6031569,2.975889,-0.1511059,0.5366928,3.018087,0.1918928,0.5320189,3.037008,-0.2318096,0.3053049,3.199264,0.2728925,0.2998019,3.191683,-0.3849417,0.1709005,3.308001,0.4866767,0.1961669,3.188541,0.02573492,0.2383769,3.009193,0.02673356,0.1648603,3.018748,-0.05236616,0.09054363,3.013115,0.1080654,0.08696389,3.034021,-0.03911178,-0.4850153,2.940076,0.0999426,-0.5786393,2.964055,-0.07808286,-0.9400791,2.976198,0.1181041,-0.9628191,3.02796
0.03771811,0.7443937,2.884862,0.02579269,0.5655493,2.98951,-0.1423383,0.4909633,3.022123,0.196937,0.4955322,3.045739,-0.2394899,0.274934,3.210608,0.2770366,0.2816702,3.19736,-0.4416468,0.1725978,3.268967,0.5009133,0.2035316,3.165029,0.02834612,0.2218675,3.010407,0.0289209,0.1518709,3.018721,-0.05022826,0.08623569,3.013568,0.1088676,0.05769847,3.029245,-0.05089467,-0.4897715,2.953649,0.100889,-0.588537,2.964014,-0.07960802,-0.946955,2.979312,0.1178902,-0.9696118,3.022768
0.03888291,0.6731759,2.892461,0.02294205,0.5091482,2.997677,-0.1430561,0.4314271,3.032667,0.1960955,0.4368253,3.056796,-0.2472494,0.2189887,3.2055,0.2783061,0.2158786,3.204372,-0.478336,0.1663156,3.211414,0.5016786,0.2108898,3.108907,0.03432158,0.1470209,3.015469,0.03660114,0.0745943,3.02238,-0.03653869,-0.00233478,3.009176,0.1146343,-0.004154956,3.039445,-0.06028039,-0.5021584,2.960207,0.09692689,-0.625002,2.960962,-0.07970095,-0.9545428,3.020353,0.1118252,-1.026075,3.041162
0.06266209,0.6093665,2.901514,0.02449442,0.4410526,3.007864,-0.1370126,0.3630674,3.036896,0.2026415,0.3648123,3.067834,-0.2576073,0.1586809,3.198655,0.2865941,0.1641272,3.199994,-0.4945915,0.1604534,3.164587,0.5001377,0.1872029,3.083907,0.03677307,0.08705068,3.022805,0.03923299,0.01624966,3.029151,-0.03482413,-0.06114918,3.012709,0.1187317,-0.06319109,3.048311,-0.04278093,-0.6390123,2.93181,0.09542596,-0.6260432,2.957297,-0.08106904,-1.03039,3.038093,0.103669,-1.024895,3.053856
0.04283999,0.56238,2.928813,0.02141764,0.3890431,3.022904,-0.1462013,0.3049445,3.055883,0.2009618,0.310357,3.077961,-0.2590177,0.09464697,3.178244,0.2946485,0.1044477,3.190189,-0.477493,0.136063,3.079924,0.481909,0.1518504,3.0375,0.03487403,0.05230582,3.028848,0.037594,-0.0148584,3.033208,-0.04019898,-0.09735573,3.014106,0.1210121,-0.09521443,3.052243,-0.02835733,-0.6358879,2.926895,0.08526706,-0.6320591,2.938618,-0.07996681,-1.029804,3.039762,0.07323979,-1.026014,3.06004
0.05400097,0.5450803,2.941519,0.03168998,0.3553495,3.041912,-0.1429384,0.273206,3.060918,0.2070087,0.261144,3.083937,-0.2553493,0.05497067,3.165091,0.3085948,0.05917027,3.16906,-0.4541254,0.09181651,3.025878,0.4821535,0.09705206,2.996993,0.04163745,0.008213252,3.041241,0.04376523,-0.06178868,3.042444,-0.0379908,-0.1351911,3.02491,0.1296577,-0.144159,3.053008,-0.01200719,-0.6330926,2.912527,0.08441783,-0.6298943,2.925609,-0.04180579,-1.026617,3.037257,0.07705297,-1.026033,3.057069
0.04126865,0.5200821,2.960571,0.02922338,0.3453801,3.042882,-0.1480603,0.2583652,3.060555,0.2062513,0.2554114,3.083503,-0.2404239,0.02922245,3.150863,0.2676584,-0.004701473,3.175367,-0.4268192,0.02011089,2.98949,0.4311469,0.03837095,2.99416,0.04111038,0.003138174,3.044349,0.04358683,-0.06578479,3.044573,-0.03814926,-0.1466461,3.03014,0.1300852,-0.1466706,3.054849,-0.006835484,-0.6351435,2.910512,0.08527742,-0.6272812,2.923276,-0.03792442,-1.025978,3.037271,0.07113636,-1.026705,3.052324
0.0416006,0.5249859,2.96248,0.028217,0.3474771,3.044831,-0.1486283,0.2586192,3.061112,0.2058273,0.2558562,3.083133,-0.2384532,0.02833751,3.147191,0.262951,0.004504121,3.179302,-0.3773713,-0.04421832,2.95437,0.4103873,-0.001772918,2.978857,0.03907596,0.003286435,3.04778,0.04129354,-0.06587903,3.047497,-0.04137212,-0.1467014,3.035823,0.1281643,-0.1464928,3.056216,-0.01024541,-0.6367791,2.912416,0.09122545,-0.6275635,2.923832,-0.04784672,-1.029468,3.04573,0.08279514,-1.031852,3.063312
0.03574768,0.555809,2.974648,0.02484537,0.3795261,3.049162,-0.1481589,0.2893587,3.065187,0.2051587,0.2946939,3.080766,-0.2257672,0.03891322,3.14011,0.2560418,0.06758463,3.175493,-0.3559717,-0.07576571,2.963518,0.3938748,-0.01395412,2.977713,0.03878166,0.0278668,3.055604,0.04163697,-0.04199571,3.055542,-0.03887303,-0.1246899,3.045071,0.1280907,-0.1175285,3.064165,-0.05233275,-0.6367177,2.944615,0.1099377,-0.6255522,2.942141,-0.06232259,-1.029126,3.051195,0.08462894,-1.030974,3.064485
0.03325634,0.6156763,2.969269,0.02453296,0.4405189,3.050341,-0.1501922,0.3487974,3.072536,0.2038568,0.3593785,3.078077,-0.2176559,0.09017401,3.151045,0.2607751,0.1334502,3.174333,-0.2876444,-0.1102021,3.02981,0.3582495,-0.02364883,3.007771,0.04161941,0.08761606,3.06246,0.04510464,0.01704219,3.063934,-0.0310125,-0.06621608,3.057883,0.128977,-0.05934441,3.06986,-0.06332211,-0.6250403,2.983959,0.1251489,-0.6060593,2.994505,-0.06595632,-1.027363,3.054281,0.0875248,-1.024399,3.063873
0.02876537,0.6773502,2.974766,0.02964362,0.4994149,3.049172,-0.1497135,0.4112025,3.081292,0.2066428,0.4304459,3.076647,-0.2134944,0.1181601,3.147088,0.2869055,0.1643551,3.144012,-0.2598488,-0.1076347,3.07453,0.3535996,-0.04365346,3.035991,0.04305365,0.1416809,3.063473,0.04568604,0.07010737,3.065819,-0.02893463,-0.01428155,3.067099,0.1263037,-0.005988556,3.065557,-0.06560662,-0.6137317,3.03126,0.1303675,-0.6280011,3.042812,-0.07812229,-1.013538,3.055359,0.1098783,-1.015966,3.062479
0.02621949,0.725611,2.972666,0.03052392,0.499985,3.051148,-0.1476145,0.4624742,3.083185,0.2022282,0.4717808,3.06826,-0.2007139,0.1754699,3.14859,0.2859108,0.1930446,3.138246,-0.2439674,-0.06553542,3.14312,0.3337885,-0.03837715,3.097354,0.04600485,0.1741213,3.071563,0.0489311,0.1152359,3.075891,-0.02114657,0.03818095,3.078433,0.125558,0.03465094,3.074813,-0.06519897,-0.5804474,3.040739,0.1376767,-0.6105369,3.059488,-0.07463954,-0.9762234,3.057664,0.1179084,-1.002559,3.05382
0.03202275,0.7831786,2.971836,0.03379021,0.6004058,3.042491,-0.1452528,0.5086654,3.078951,0.2007402,0.512315,3.064479,-0.1871086,0.2257029,3.162829,0.2747203,0.2447717,3.138298,-0.2294775,-0.0127324,3.193553,0.3290156,0.01313775,3.138976,0.04440762,0.2385525,3.072613,0.0464004,0.1660142,3.078874,-0.02771305,0.08688015,3.089284,0.1250371,0.08933411,3.076521,-0.05274226,-0.5202546,3.018338,0.1397882,-0.5366576,3.02903,-0.04245406,-0.8960353,3.089831,0.1132544,-0.9301744,3.084475
0.03108772,0.7866105,2.972027,0.03311742,0.6073792,3.042867,-0.142907,0.5231595,3.077428,0.2012853,0.5279887,3.065559,-0.1811268,0.2534282,3.172566,0.2775391,0.2559577,3.148131,-0.2091469,0.02428892,3.232455,0.3335336,0.01570548,3.160082,0.04857082,0.2546952,3.082597,0.05219831,0.1847315,3.092306,-0.02149333,0.1033255,3.101273,0.1345171,0.1166203,3.100073,-0.03593099,-0.4308145,2.976844,0.1235148,-0.4540602,2.990164,0.007834195,-0.8437763,3.144563,0.1093551,-0.859445,3.144634
0.0338857,0.7878498,2.970883,0.03606426,0.6110631,3.04163,-0.1391657,0.533709,3.080193,0.2061376,0.5406392,3.068336,-0.1794968,0.2789578,3.197259,0.2849261,0.3126957,3.180874,-0.2052509,0.05948917,3.286013,0.3520903,0.08104441,3.212555,0.05095982,0.2706038,3.087348,0.0537335,0.20337,3.098531,-0.02273597,0.124384,3.109159,0.1359034,0.1283945,3.105251,0.01487107,-0.3499419,2.951657,0.08435272,-0.3746974,2.955112,0.04842561,-0.7401775,3.168019,0.1049503,-0.7530593,3.190866
0.03647403,0.7908234,2.967581,0.03960635,0.613915,3.039914,-0.1317197,0.5413143,3.082551,0.2081412,0.5446746,3.07052,-0.1792875,0.292811,3.21378,0.2941135,0.3063737,3.199942,-0.2165401,0.08534557,3.310128,0.393344,0.09447472,3.264489,0.05415787,0.277616,3.090588,0.05681523,0.2108586,3.102813,-0.02069502,0.1340117,3.113047,0.1407999,0.1381463,3.113713,0.01059918,-0.3408442,2.960993,0.0589445,-0.3213608,2.933356,0.05740964,-0.7058208,3.211856,0.09230627,-0.6813482,3.192533
0.04156271,0.7862802,2.96348,0.04013682,0.6136379,3.039865,-0.1291533,0.5406693,3.085594,0.2117522,0.5432845,3.078141,-0.1802225,0.2952955,3.244485,0.3089038,0.3022929,3.240712,-0.2319975,0.1071954,3.366663,0.4360079,0.1147577,3.299319,0.05655564,0.2778077,3.091924,0.05981812,0.2110602,3.104599,-0.01741779,0.1335338,3.113601,0.1450948,0.1386649,3.117644,0.01345754,-0.3395409,2.955596,0.09589629,-0.3275228,2.943218,0.0536352,-0.7023313,3.210318,0.101542,-0.6865059,3.205514
0.04713079,0.7826506,2.963823,0.04799392,0.6104328,3.047438,-0.1259601,0.5373361,3.090733,0.2152912,0.5385025,3.081874,-0.1795836,0.2958069,3.252643,0.3103396,0.2988586,3.24723,-0.2463681,0.110563,3.372202,0.4667197,0.1304173,3.294669,0.06140036,0.2709024,3.096406,0.06427338,0.2029281,3.10847,-0.01164381,0.1239935,3.115556,0.1470246,0.1304756,3.120701,-0.00195526,-0.381707,2.999906,0.1311725,-0.3637264,2.976132,0.02245934,-0.7609252,3.234142,0.1259768,-0.7331522,3.225057
0.04921505,0.7676741,2.960878,0.0516578,0.5923287,3.050096,-0.1235329,0.5236489,3.102339,0.2181879,0.5281895,3.084298,-0.1773204,0.2889287,3.263583,0.31058,0.2926797,3.252697,-0.2931058,0.1262948,3.379056,0.5006735,0.1537567,3.272889,0.06202289,0.2504549,3.097752,0.06405763,0.1817762,3.109262,-0.0132797,0.1037836,3.117504,0.1461594,0.1050266,3.118215,0.001564552,-0.4924374,3.051264,0.1407583,-0.4532781,3.014097,-0.02096187,-0.8970804,3.207078,0.1547687,-0.8316678,3.208476
0.04622716,0.719548,2.961362,0.04689303,0.5680616,3.057372,-0.1198028,0.5045963,3.109937,0.2255593,0.493045,3.088946,-0.1841988,0.2597101,3.281359,0.3261505,0.2653031,3.251675,-0.3432758,0.1198379,3.375778,0.5486395,0.182943,3.219797,0.06705017,0.2250359,3.100691,0.07112281,0.1558343,3.111346,-0.00224411,0.08408001,3.117695,0.1534757,0.07108635,3.120207,-0.007060386,-0.4838577,3.068735,0.1517476,-0.5602945,3.063918,-0.02279851,-0.928346,3.164074,0.1821229,-0.9787896,3.155867
0.04813337,0.7088704,2.962724,0.05760087,0.5181884,3.054622,-0.111945,0.4439899,3.112069,0.2310037,0.4573638,3.092372,-0.1919845,0.2331018,3.289744,0.3382793,0.2390215,3.24496,-0.4125139,0.1595433,3.326494,0.5686638,0.1985378,3.187501,0.07250849,0.1700882,3.100519,0.07541768,0.1003248,3.111744,0.002733896,0.03233556,3.114845,0.1546667,0.01433587,3.124563,0.0004435815,-0.6123109,3.088303,0.1591513,-0.579004,3.076006,-0.01224712,-1.001822,3.184834,0.1853764,-0.9863018,3.154002
0.05490762,0.6372284,2.960014,0.06468463,0.461826,3.06125,-0.1093441,0.3845999,3.119625,0.2313607,0.3888844,3.089205,-0.2114528,0.17112,3.27819,0.3434132,0.1902234,3.236402,-0.4492123,0.1760967,3.272,0.5575508,0.215703,3.121934,0.07755166,0.1188249,3.099733,0.08001743,0.05011863,3.109612,0.00621501,-0.0178641,3.111382,0.1594469,-0.03401709,3.12067,5.218264E-05,-0.6153014,3.083595,0.1546126,-0.6250687,3.079389,-0.007801613,-1.005529,3.185237,0.1840887,-0.9959079,3.160228
0.05662289,0.5736161,2.973289,0.06393911,0.3984672,3.06485,-0.1146172,0.3225959,3.125006,0.2392425,0.3268194,3.099749,-0.2250188,0.1348292,3.274234,0.3647874,0.1392387,3.216317,-0.4500362,0.1863623,3.202656,0.5565985,0.1953591,3.073278,0.07788184,0.05865064,3.10623,0.0805932,-0.009418324,3.116809,0.001104504,-0.0922806,3.122894,0.1665515,-0.08500727,3.125503,0.008583331,-0.6119656,3.060756,0.1512918,-0.6266718,3.075284,0.002167219,-1.005897,3.185736,0.1816859,-0.99966,3.162947
0.05567775,0.5025446,2.981843,0.05858587,0.3411884,3.07511,-0.1138184,0.2653943,3.133029,0.2386224,0.2692909,3.10251,-0.2222803,0.07866074,3.245265,0.3657853,0.08890782,3.199581,-0.4300638,0.1606067,3.149374,0.521399,0.1608917,3.020704,0.07601653,0.006478202,3.115054,0.07941815,-0.06055782,3.125457,-0.001633945,-0.1395551,3.129239,0.1687182,-0.138319,3.135842,0.02019744,-0.6298368,3.047447,0.1224704,-0.6244667,3.038371,0.0313796,-1.00964,3.178958,0.1689069,-1.021225,3.176409
0.06068977,0.4993776,2.983864,0.05905888,0.3289177,3.072618,-0.1131003,0.2505157,3.139071,0.2450898,0.2475548,3.113012,-0.2119832,0.04411693,3.236019,0.3544012,0.05747789,3.199836,-0.3871712,0.1080194,3.074353,0.486281,0.09700485,2.991884,0.07801012,-0.00346983,3.115909,0.08172816,-0.07021494,3.127021,-0.0003879686,-0.1524877,3.132659,0.1735256,-0.1492721,3.137973,0.03275728,-0.6397474,3.035646,0.116898,-0.6323912,3.030169,0.05392305,-1.018385,3.183187,0.1654887,-1.020444,3.171429
0.05783496,0.4963077,2.99003,0.0563328,0.3124701,3.079266,-0.1161865,0.2426992,3.143608,0.2408637,0.2433499,3.115704,-0.1950953,0.01943245,3.230133,0.3399194,0.0269507,3.203489,-0.3694602,0.03132168,3.054797,0.4553806,0.03391594,2.981676,0.07568766,-0.01272176,3.119117,0.07952624,-0.07814544,3.129776,-0.002558877,-0.1600221,3.136421,0.1712942,-0.1553808,3.138767,0.02676009,-0.6463742,3.033098,0.1199316,-0.6386409,3.028867,0.05536604,-1.021748,3.184478,0.1642325,-1.02168,3.171517
0.05168761,0.4955657,2.996579,0.05287733,0.3190825,3.086759,-0.1171921,0.2450522,3.144983,0.2370048,0.2473937,3.115465,-0.1895453,0.02146731,3.230267,0.3329257,0.03371854,3.20388,-0.3427184,-0.02355188,3.039976,0.429151,-0.0222399,2.979711,0.07525934,-0.0115385,3.122416,0.079422,-0.07747427,3.132596,-0.001969869,-0.1591333,3.139992,0.1711316,-0.1545097,3.140018,0.01610639,-0.6466334,3.04017,0.1303247,-0.6386577,3.029675,0.04627434,-1.014545,3.179549,0.1765739,-1.016746,3.160985
0.04421297,0.5466344,3.004362,0.06050079,0.3735201,3.100151,-0.1203634,0.2842978,3.154165,0.2313978,0.2875756,3.11613,-0.1799839,0.03822789,3.230133,0.3223377,0.05575524,3.205845,-0.2970077,-0.09007018,3.053611,0.4185207,-0.03287438,2.99321,0.07242959,0.01978391,3.128028,0.07536072,-0.05111122,3.13661,-0.006303789,-0.131979,3.143107,0.1632655,-0.1273482,3.140809,0.0008497362,-0.6326928,3.064216,0.1449217,-0.6227508,3.045389,0.04329037,-1.015006,3.185142,0.171135,-1.015079,3.163223
0.03859514,0.5809135,3.005416,0.05390402,0.424709,3.097971,-0.126563,0.342729,3.15989,0.2325527,0.3549316,3.119352,-0.1786772,0.103144,3.245546,0.3154847,0.1098202,3.210383,-0.2513566,-0.09041879,3.113961,0.3978814,-0.0602854,3.052003,0.0703687,0.08281022,3.128839,0.07359716,0.01439048,3.137831,-0.005414555,-0.0702915,3.146646,0.1603528,-0.06227725,3.139219,-0.00354531,-0.6114563,3.093716,0.1746861,-0.5904716,3.084411,0.02977372,-1.01138,3.196483,0.1731914,-1.011894,3.165768
0.03482861,0.6562234,3.00675,0.0563332,0.4905925,3.099872,-0.1320192,0.4139567,3.166603,0.2215666,0.427914,3.118578,-0.1812648,0.1198907,3.248372,0.3118902,0.1639665,3.202269,-0.236506,-0.09273938,3.143143,0.3825361,-0.05321497,3.1217,0.0704294,0.1394707,3.127108,0.07317866,0.06921656,3.135432,-0.002879512,-0.01586932,3.149142,0.1556347,-0.005735088,3.129944,-0.000836493,-0.5893688,3.134663,0.1840472,-0.582656,3.113897,0.02170122,-1.007313,3.193373,0.1861084,-0.9962037,3.156115
0.03057942,0.7137914,3.018849,0.05036768,0.5573226,3.106792,-0.129088,0.4694475,3.161246,0.2209261,0.4666187,3.119391,-0.1833347,0.1847726,3.24271,0.3125597,0.2074781,3.199434,-0.219728,-0.04994629,3.215066,0.3688884,-0.02340287,3.174252,0.06551842,0.1902709,3.127045,0.06869079,0.1148229,3.134084,-0.004142807,0.027446,3.144702,0.1477191,0.04512143,3.12844,-0.004359247,-0.5824264,3.147029,0.1891025,-0.5702064,3.131722,0.00436068,-0.9919292,3.180641,0.2069114,-0.9720236,3.137526
0.02846,0.7783395,3.016511,0.04881906,0.6089725,3.106505,-0.1341551,0.5254678,3.158753,0.215253,0.5285468,3.121625,-0.1757249,0.2448199,3.24145,0.3096634,0.257311,3.210958,-0.2137927,0.0009271461,3.263215,0.3680665,0.02681944,3.205662,0.05896553,0.2464015,3.126071,0.06094966,0.1738738,3.13296,-0.01785024,0.09139327,3.144812,0.1441618,0.09809684,3.125669,-0.006630389,-0.5771837,3.144039,0.1883985,-0.5601248,3.127572,0.003837964,-0.9750327,3.178931,0.1991325,-0.9764501,3.145557
0.03021286,0.8104525,3.014997,0.04543376,0.6346297,3.096946,-0.1369305,0.5507678,3.160427,0.2077197,0.5513043,3.119253,-0.17563,0.2714688,3.256394,0.3019913,0.2900398,3.223572,-0.200038,0.04347403,3.306036,0.3790033,0.06869116,3.250777,0.0531382,0.2793141,3.128495,0.05446669,0.208979,3.13821,-0.02207046,0.1314291,3.151762,0.1335139,0.1364145,3.136091,-0.01833668,-0.4425492,3.072485,0.1652812,-0.4665425,3.074866,0.02356478,-0.8319283,3.203586,0.1918272,-0.8843213,3.177937
0.03012021,0.8252674,3.018959,0.03944144,0.6469824,3.09151,-0.1345168,0.5676277,3.152303,0.2018867,0.5656935,3.118721,-0.1743107,0.3372225,3.272243,0.3024298,0.3046383,3.246264,-0.2038667,0.1007833,3.359075,0.4011895,0.09736252,3.294827,0.04939428,0.2877583,3.129766,0.05117962,0.216434,3.140358,-0.02466086,0.1407549,3.153913,0.129882,0.1437499,3.13986,0.0001326788,-0.3758967,3.02161,0.1333992,-0.4008376,3.036692,0.05859242,-0.7731974,3.219674,0.1618633,-0.792626,3.225945
0.02861868,0.8243082,3.017207,0.03237765,0.6504236,3.090461,-0.1364451,0.5751697,3.15143,0.1990851,0.5727642,3.123268,-0.1863051,0.3360903,3.297896,0.3028195,0.3209386,3.264487,-0.2200587,0.1308304,3.399544,0.4164517,0.1262724,3.326851,0.04329127,0.3010539,3.13393,0.04546617,0.2323842,3.146204,-0.02931858,0.1571889,3.158661,0.1257569,0.1584063,3.14922,0.001545446,-0.3281308,2.998132,0.1048705,-0.3378681,3.008043,0.0544835,-0.7081954,3.22729,0.1482875,-0.7199026,3.23606
0.02590142,0.8212817,3.012295,0.03106461,0.6510638,3.090001,-0.1368298,0.5762209,3.151454,0.1974228,0.5768796,3.130985,-0.1888703,0.3459613,3.302318,0.3024068,0.3452832,3.301161,-0.2389764,0.1488727,3.412001,0.4423625,0.1575248,3.339271,0.04316232,0.3038436,3.134441,0.04568275,0.2353817,3.146883,-0.02891434,0.1593442,3.159809,0.1264074,0.1624495,3.149816,0.00184333,-0.3274044,2.99733,0.09902334,-0.3368427,3.004138,0.0510507,-0.7054204,3.230283,0.1432183,-0.717824,3.233644
0.02204033,0.8102257,3.005639,0.0264306,0.6491182,3.093923,-0.1407909,0.5763833,3.153419,0.1931281,0.5790477,3.134958,-0.1965988,0.3481799,3.320688,0.3003922,0.352504,3.304785,-0.2663538,0.1680544,3.445791,0.4555594,0.1780023,3.336795,0.04297035,0.3037877,3.134471,0.04563663,0.2353436,3.146813,-0.02849734,0.1585012,3.157531,0.126384,0.1624844,3.149926,-0.004176636,-0.3778347,3.015923,0.09988713,-0.3427465,3.005821,-0.01760059,-0.7761894,3.193244,0.1427025,-0.7228547,3.236897
0.01259785,0.789396,3.0035,0.01857647,0.6395732,3.097903,-0.1441265,0.573126,3.15776,0.1900553,0.5769013,3.144963,-0.1990079,0.3450715,3.320678,0.3016869,0.3494716,3.316386,-0.3012619,0.1739184,3.436738,0.4901751,0.2045204,3.312663,0.04263334,0.299164,3.133533,0.04642565,0.2304547,3.144776,-0.02449987,0.1485658,3.147438,0.1276245,0.1588968,3.150345,-0.01584372,-0.4622474,3.03251,0.1245464,-0.4112287,3.014338,-0.05318773,-0.8740757,3.16653,0.1221006,-0.7931444,3.186262
0.004494793,0.7788606,2.999216,0.01345387,0.6241864,3.105623,-0.1558343,0.557094,3.166478,0.1828143,0.5670031,3.150017,-0.220757,0.3074587,3.33189,0.2990342,0.3408771,3.320278,-0.380549,0.159358,3.413745,0.5048344,0.2214387,3.301928,0.04168073,0.2791032,3.131907,0.04702813,0.2093181,3.140467,-0.02220849,0.1272552,3.139893,0.128746,0.1393846,3.147058,-0.01980863,-0.5364363,3.053602,0.1258281,-0.4976825,3.041139,-0.08890799,-0.9447158,3.124286,0.1228287,-0.8899294,3.141665
-0.01376328,0.7243793,3.00493,0.0008249506,0.5779806,3.120782,-0.1650892,0.5073352,3.184678,0.1765311,0.5384859,3.15938,-0.2289983,0.2783019,3.325967,0.2962946,0.3181848,3.32405,-0.4288587,0.159338,3.362516,0.5175251,0.2474514,3.258206,0.03786565,0.2482489,3.1303,0.0447858,0.1816621,3.136305,-0.02093417,0.09701708,3.133361,0.1258918,0.112603,3.140546,-0.04197861,-0.4909012,3.056823,0.130842,-0.5533127,3.052226,-0.0926825,-0.9463831,3.085084,0.1284795,-0.9352613,3.120012
-0.01367505,0.691859,3.009569,-0.005245267,0.53273,3.123434,-0.1694436,0.4533186,3.188993,0.1823048,0.4759041,3.175685,-0.2515897,0.2113466,3.325422,0.2926098,0.2615433,3.312462,-0.4857319,0.1698306,3.301508,0.5182438,0.2496749,3.223752,0.0315393,0.2067236,3.12724,0.03888129,0.1418622,3.130629,-0.02512228,0.05570915,3.122455,0.1196758,0.06569034,3.135552,-0.04728253,-0.4940174,3.05953,0.1249868,-0.6003819,3.048699,-0.0912716,-0.9504024,3.086234,0.1385938,-0.9890192,3.097375
-0.01401875,0.6514611,3.030136,0.002556112,0.4797539,3.128956,-0.1724706,0.3902267,3.184822,0.1779813,0.4056233,3.170635,-0.2528359,0.1644449,3.298275,0.291132,0.2058325,3.30621,-0.4792089,0.1628434,3.210886,0.4994078,0.2354778,3.180994,0.03161212,0.1360081,3.128646,0.03732,0.06733044,3.129511,-0.03307097,-0.02963242,3.119328,0.1210287,0.006297818,3.134575,-0.06565116,-0.5212083,3.054648,0.1222696,-0.6280149,3.040373,-0.077409,-0.9718877,3.126912,0.1375987,-1.016156,3.114876
-0.006012097,0.5826229,3.042295,0.002778254,0.4138428,3.139931,-0.1757431,0.3359065,3.188046,0.1794689,0.3486754,3.180168,-0.2525862,0.1120323,3.267542,0.2965618,0.1560468,3.292192,-0.4667529,0.138535,3.153264,0.478934,0.1904293,3.129278,0.0305604,0.0718374,3.134285,0.0359994,0.003690712,3.131675,-0.03907913,-0.08103322,3.119763,0.1240257,-0.07143977,3.134947,-0.04874017,-0.6435547,3.024021,0.114457,-0.6296004,3.026028,-0.07756729,-1.010749,3.142421,0.1327905,-1.018146,3.115596
