0.016842,0.69647,0.05983,0.010364,0.50673,0.074251,-0.17611,0.386,0.029853,0.2043,0.39127,0.057476,-0.35173,0.21443,0.007982,0.3186,0.1927,-0.019199,-0.44616,0.082077,-0.17514,0.40659,0.13909,-0.24418,-0.0018934,0.10547,0.061075,0,0.036884,0,-0.087211,-0.044936,-0.031841,0.083436,-0.052409,-0.000598,-0.12206,-0.56594,-0.009705,0.10487,-0.56482,-0.026997,-0.11219,-0.96424,0.054944,0.07804,-0.98613,0.064995
0.017026,0.7622,0.069056,0.0029474,0.5705,0.081779,-0.18165,0.4562,0.041103,0.19823,0.45095,0.06645,-0.36189,0.24316,0.007813,0.30956,0.2465,0.013568,-0.43101,0.065781,-0.14307,0.40041,0.1253,-0.17961,-0.0031095,0.16289,0.062403,0,0.093941,0,-0.085344,0.013255,-0.030311,0.084295,0.0049247,-0.004089,-0.12151,-0.56354,0.014108,0.10214,-0.56273,0.007704,-0.13312,-0.96851,0.064401,0.094979,-0.97455,0.058368
0.01441,0.82384,0.07204,0.0085151,0.62755,0.080076,-0.18047,0.50421,0.039351,0.19345,0.51366,0.06382,-0.32278,0.25762,0.045187,0.29984,0.26097,0.015892,-0.40474,0.045982,-0.0603,0.38965,0.080706,-0.14449,-0.0017291,0.21767,0.062391,0,0.14799,0,-0.087067,0.068403,-0.026525,0.084114,0.061251,-0.006386,-0.12138,-0.52682,0.01198,0.10594,-0.52281,0.017572,-0.12326,-0.94664,0.084117,0.089657,-0.92735,0.064285
0.016755,0.85567,0.051938,0.0085268,0.67246,0.061691,-0.17598,0.54507,0.024344,0.1939,0.5401,0.050202,-0.30892,0.2678,0.053462,0.29328,0.26841,0.009639,-0.37829,0.042589,0.002007,0.38634,0.067245,-0.093529,-0.0023308,0.26089,0.059921,0,0.18911,0,-0.087365,0.108,-0.02735,0.08429,0.10538,0.001242,-0.10932,-0.41655,-0.053349,0.11194,-0.43335,-0.033522,-0.095583,-0.82811,0.13151,0.077568,-0.85391,0.091379
0.016562,0.88353,0.032772,0.0064221,0.68303,0.056106,-0.17571,0.55605,0.017541,0.19393,0.55631,0.04255,-0.29698,0.28065,0.060305,0.28916,0.27128,0.008463,-0.34919,0.053099,0.061837,0.37582,0.053483,-0.022726,-0.002559,0.27774,0.059005,0,0.20633,0,-0.087502,0.12497,-0.026283,0.085337,0.12116,0.00179,-0.11082,-0.32134,-0.10499,0.11078,-0.35323,-0.078799,-0.055654,-0.7044,0.12212,0.033619,-0.74362,0.13096
0.016874,0.88948,0.025994,0.0086607,0.69179,0.047746,-0.17414,0.56889,0.013393,0.1932,0.57282,0.03641,-0.28853,0.29337,0.069878,0.27903,0.28609,0.016982,-0.34486,0.069278,0.092278,0.37211,0.061715,0.03193,-0.0017343,0.29486,0.05756,0,0.22475,0,-0.087238,0.1463,-0.023613,0.083982,0.139,0.002741,-0.10705,-0.28871,-0.1574,0.11604,-0.29767,-0.12192,-0.032939,-0.6538,0.090422,0.068182,-0.64281,0.15568
0.016354,0.89645,0.02363,0.010666,0.69778,0.045688,-0.17455,0.57214,0.015072,0.19483,0.57552,0.036163,-0.28606,0.30926,0.088108,0.27857,0.29127,0.039164,-0.35175,0.08662,0.10327,0.38446,0.076368,0.07991,-0.0011376,0.30306,0.057518,0,0.23267,0,-0.088292,0.15212,-0.023259,0.084585,0.14547,0.002493,-0.093445,-0.28014,-0.16793,0.11706,-0.27919,-0.1618,-0.013674,-0.61734,0.1119,0.048866,-0.56695,0.16693
0.014324,0.89864,0.023575,0.011101,0.69823,0.048541,-0.17643,0.57438,0.020991,0.1961,0.57599,0.040136,-0.28763,0.32204,0.10631,0.28042,0.30336,0.08751,-0.38022,0.11592,0.15259,0.40346,0.10617,0.12456,-0.0007317,0.30546,0.058417,0,0.2361,0,-0.089573,0.15501,-0.024471,0.085352,0.14843,0.001713,-0.093625,-0.27836,-0.16522,0.11671,-0.27791,-0.15781,-0.049553,-0.55886,0.17302,0.053512,-0.56377,0.17343
0.012592,0.89853,0.030004,0.0097481,0.69823,0.056449,-0.17762,0.57544,0.031045,0.19652,0.57568,0.053289,-0.30093,0.34507,0.13841,0.28272,0.30084,0.10989,-0.42233,0.14815,0.15934,0.42595,0.12155,0.14125,-0.0015894,0.305,0.060755,0,0.23656,0,-0.08754,0.15501,-0.03479,0.084786,0.14842,0.003348,-0.11058,-0.2899,-0.12153,0.11906,-0.29017,-0.11202,-0.076646,-0.64383,0.14793,0.095495,-0.62114,0.18362
0.010059,0.89821,0.042629,0.0064446,0.69753,0.070131,-0.1786,0.57276,0.043876,0.1941,0.57307,0.071058,-0.30799,0.34617,0.15597,0.28808,0.30762,0.14154,-0.47629,0.18718,0.17575,0.45993,0.15258,0.16184,-0.0033842,0.29609,0.064247,0,0.22611,0,-0.085619,0.14458,-0.034174,0.084296,0.14015,0.000644,-0.11659,-0.37172,-0.075185,0.12104,-0.36337,-0.061631,-0.088978,-0.76217,0.1455,0.087362,-0.74013,0.17857
0.011782,0.87706,0.061745,0.0051607,0.67442,0.07883,-0.16708,0.5402,0.051863,0.19662,0.56109,0.089963,-0.31266,0.34394,0.1753,0.29316,0.30298,0.16118,-0.5041,0.20981,0.17327,0.49494,0.19424,0.1939,-0.0042478,0.26139,0.06308,0,0.19233,0,-0.084492,0.11418,-0.033988,0.082951,0.10669,0.002206,-0.10782,-0.49417,-0.00217,0.11425,-0.46747,-0.007646,-0.10571,-0.92237,0.099908,0.1249,-0.87017,0.11599
0.0006623,0.82669,0.066916,0.0028013,0.63282,0.088348,-0.16287,0.49155,0.03726,0.19194,0.51214,0.10558,-0.34691,0.30967,0.18098,0.29952,0.2851,0.177,-0.56946,0.2407,0.14331,0.52192,0.21233,0.16929,-0.0088767,0.20903,0.064035,0,0.13802,0,-0.079612,0.060387,-0.036067,0.078508,0.054037,0.002012,-0.11835,-0.53112,0.014665,0.099337,-0.5373,0.012471,-0.12144,-0.95273,0.081279,0.1174,-0.95881,0.096468
-0.0017784,0.76853,0.05937,0.0059975,0.5739,0.081176,-0.1595,0.4371,0.033586,0.18632,0.45762,0.092347,-0.37619,0.26664,0.15652,0.32255,0.24414,0.16932,-0.61954,0.27957,0.10875,0.556,0.2411,0.1371,-0.0073637,0.1631,0.063189,0,0.094362,0,-0.077101,0.021697,-0.030435,0.075353,0.014825,-0.001011,-0.11663,-0.53731,0.009123,0.097478,-0.57162,-0.002874,-0.12024,-0.95682,0.082017,0.11708,-0.98358,0.079219
0.0012448,0.69961,0.055668,-0.000851,0.50034,0.064672,-0.16319,0.37185,0.033468,0.19364,0.39032,0.091495,-0.39444,0.22584,0.12014,0.33978,0.21224,0.15984,-0.62222,0.30234,0.070153,0.5648,0.27046,0.085419,-0.0082923,0.099417,0.060735,0,0.029995,0,-0.079979,-0.048753,-0.031171,0.080273,-0.053992,0.003667,-0.11372,-0.58768,-0.025382,0.10342,-0.59178,-0.030948,-0.1151,-0.97147,0.092685,0.10066,-0.9874,0.08718
-0.0076298,0.6365,0.039624,-0.0021051,0.44127,0.063702,-0.18941,0.31262,0.040331,0.19061,0.32744,0.073532,-0.40839,0.17778,0.084647,0.37806,0.16497,0.11853,-0.6248,0.31394,-0.001517,0.56665,0.28714,0.038017,-0.0046714,0.043014,0.061071,0,-0.025827,0,-0.086658,-0.11165,-0.029273,0.08743,-0.11133,0.00047,-0.11041,-0.59403,-0.042923,0.09526,-0.60354,-0.061602,-0.10633,-0.97182,0.08114,0.093704,-0.9847,0.076724
-0.01075,0.60032,0.037881,-0.0094078,0.39058,0.050756,-0.20272,0.2817,0.04708,0.18807,0.28687,0.069284,-0.41647,0.11968,0.071191,0.3821,0.15388,0.090515,-0.60238,0.29729,-0.058645,0.56016,0.30326,-0.016476,-0.0041848,0.018469,0.059881,0,-0.047245,0,-0.087233,-0.13793,-0.031229,0.090019,-0.13956,0.00568,-0.10239,-0.611,-0.070064,0.093077,-0.6032,-0.076404,-0.06713,-0.9741,0.055408,0.077982,-0.98972,0.063831
-0.0065224,0.588,0.038426,-0.0088796,0.38364,0.048365,-0.19791,0.26767,0.041259,0.1903,0.28386,0.065911,-0.4165,0.11702,0.060012,0.38093,0.094254,0.081676,-0.56961,0.26837,-0.093943,0.54086,0.32213,-0.084173,-0.0045415,0.0050915,0.05918,0,-0.06163,0,-0.085755,-0.14929,-0.031489,0.090063,-0.14959,0.00594,-0.098227,-0.61224,-0.07525,0.093921,-0.60326,-0.084574,-0.063528,-0.97341,0.050798,0.0669,-0.97521,0.03403
-0.0070479,0.58819,0.038976,-0.0085495,0.38503,0.048584,-0.20005,0.26926,0.04206,0.1893,0.28415,0.064198,-0.41621,0.11752,0.045879,0.38667,0.10389,0.065259,-0.55617,0.24867,-0.14169,0.49994,0.28358,-0.10356,-0.0041865,0.0053479,0.059225,0,-0.061456,0,-0.085858,-0.14927,-0.031405,0.090164,-0.14941,0.005787,-0.098102,-0.61212,-0.075166,0.093705,-0.60319,-0.084135,-0.063899,-0.97308,0.051563,0.065648,-0.97676,0.037783
0.0018523,0.62945,0.055075,-0.0012917,0.43253,0.063273,-0.19353,0.30459,0.041536,0.19053,0.31443,0.066345,-0.39713,0.13995,0.052494,0.38379,0.14965,0.030626,-0.51865,0.22618,-0.16421,0.48596,0.28007,-0.14956,-0.0037646,0.030512,0.060705,0,-0.037879,0,-0.087517,-0.12424,-0.030645,0.08856,-0.1214,0.000589,-0.10552,-0.60184,-0.046409,0.097468,-0.60171,-0.068731,-0.076956,-0.97083,0.065864,0.071311,-0.97487,0.052725
0.0071345,0.67954,0.060437,-0.0043713,0.4907,0.080603,-0.18733,0.3737,0.052767,0.19149,0.38888,0.077867,-0.36229,0.21229,0.082024,0.33368,0.17936,0.040496,-0.46763,0.1905,-0.1407,0.4556,0.26979,-0.15251,-0.0038214,0.095319,0.06379,0,0.029532,0,-0.085228,-0.053543,-0.030569,0.086832,-0.056544,-0.004432,-0.11778,-0.55832,0.002032,0.1119,-0.58425,-0.006467,-0.090139,-0.95931,0.086524,0.085512,-0.97187,0.089594
0.0042132,0.74882,0.071133,-0.0026484,0.5586,0.081908,-0.18908,0.44147,0.052329,0.18965,0.4515,0.078363,-0.354,0.28549,0.082355,0.31014,0.25162,0.031514,-0.44889,0.17686,-0.16765,0.43242,0.23543,-0.18223,-0.0038214,0.1553,0.064037,0,0.087825,0,-0.08348,0.004997,-0.027864,0.084427,0.0022186,-0.006745,-0.11497,-0.56513,0.026329,0.10549,-0.55989,0.028283,-0.10344,-0.96245,0.085006,0.1015,-0.96238,0.08276
-0.0021416,0.81054,0.073457,-9.97e-05,0.61686,0.083079,-0.1877,0.50599,0.063776,0.19043,0.50969,0.075662,-0.34875,0.30912,0.081006,0.30591,0.30668,0.061623,-0.40483,0.15395,-0.099803,0.41233,0.23081,-0.14734,-0.0015902,0.21044,0.064333,0,0.1424,0,-0.084024,0.061618,-0.029436,0.08406,0.054755,-0.005321,-0.10244,-0.53592,0.029108,0.10755,-0.5517,0.046407,-0.092151,-0.93008,0.087728,0.11165,-0.95769,0.085547
-0.0014314,0.85044,0.060571,0.0089384,0.66504,0.063785,-0.1792,0.53415,0.044772,0.18707,0.55376,0.065958,-0.33125,0.31063,0.072977,0.29805,0.33625,0.054082,-0.39688,0.12465,-0.067831,0.38176,0.18886,-0.12212,-0.0013116,0.25008,0.061932,0,0.17824,0,-0.086319,0.1035,-0.022187,0.082321,0.095194,-0.004297,-0.099055,-0.45393,-0.022451,0.10168,-0.51288,0.03287,-0.057602,-0.86368,0.11003,0.11163,-0.92621,0.098566
0.0058072,0.88075,0.033614,0.0087559,0.68244,0.049954,-0.17625,0.57086,0.026587,0.18952,0.58448,0.054357,-0.29489,0.31413,0.066884,0.2949,0.33673,0.043884,-0.37229,0.096914,-0.013057,0.37418,0.13998,-0.097264,-0.002477,0.28689,0.058702,0,0.21752,0,-0.086424,0.13445,-0.023538,0.084259,0.1321,0.000431,-0.10249,-0.33623,-0.085719,0.1024,-0.39965,-0.042759,-0.016796,-0.74009,0.098011,0.073485,-0.82253,0.11809
0.0080553,0.89,0.024638,0.0061981,0.69625,0.03795,-0.17311,0.5766,0.022149,0.19414,0.58668,0.051959,-0.28953,0.31328,0.065341,0.29035,0.32986,0.042501,-0.35128,0.087532,0.049553,0.37339,0.10587,-0.05164,-0.0031089,0.29873,0.057402,0,0.22717,0,-0.088909,0.14783,-0.020749,0.085789,0.13985,0.001385,-0.10913,-0.2923,-0.13324,0.094549,-0.32077,-0.087888,-0.016785,-0.66175,0.10369,0.041577,-0.6854,0.096544
0.010745,0.89358,0.009029,0.0066249,0.70048,0.030081,-0.17197,0.58172,0.014753,0.19715,0.58953,0.044227,-0.28597,0.31305,0.072528,0.28709,0.3127,0.043883,-0.33978,0.08842,0.095493,0.36407,0.087315,0.025723,-0.0028384,0.30714,0.054929,0,0.23546,0,-0.089629,0.15602,-0.018636,0.086669,0.14808,0.002845,-0.103,-0.27408,-0.16931,0.099923,-0.28702,-0.13088,-0.012752,-0.62962,0.086722,0.06366,-0.63603,0.14454
0.0087859,0.89686,-0.00263,0.0066212,0.70215,0.024169,-0.17044,0.58257,0.010415,0.19964,0.58894,0.041029,-0.28606,0.30891,0.087878,0.28459,0.30247,0.054414,-0.35148,0.092582,0.13398,0.36917,0.077349,0.078777,-0.0027815,0.31066,0.052683,0,0.23841,0,-0.090165,0.15912,-0.015797,0.0868,0.15098,0.002484,-0.10001,-0.26976,-0.17044,0.098211,-0.27652,-0.15621,-0.014563,-0.61961,0.09396,0.057262,-0.61703,0.12809
0.0073825,0.89504,-0.007117,0.0069135,0.70117,0.020649,-0.17324,0.58147,0.009805,0.20057,0.58823,0.040677,-0.28851,0.3131,0.10317,0.28138,0.30243,0.062764,-0.36564,0.10417,0.16044,0.37488,0.10227,0.12535,-0.0026266,0.3113,0.050854,0,0.23854,0,-0.090856,0.1584,-0.01502,0.086991,0.15096,0.002408,-0.1071,-0.27292,-0.16116,0.096401,-0.28134,-0.1411,-0.0331,-0.64576,0.076963,0.048842,-0.64077,0.12039
0.0090929,0.89178,-0.003689,0.012226,0.69639,0.022069,-0.17364,0.57765,0.014968,0.20428,0.58143,0.043791,-0.29419,0.31736,0.12019,0.28537,0.29723,0.09422,-0.40667,0.12761,0.18379,0.40099,0.10715,0.15227,-0.0012907,0.30771,0.049888,0,0.23473,0,-0.092655,0.15116,-0.018665,0.085487,0.14576,0.002853,-0.11716,-0.30642,-0.13257,0.096496,-0.3452,-0.10433,-0.038862,-0.7063,0.061712,0.042357,-0.75166,0.085178
0.0087064,0.87644,0.009346,0.015403,0.68065,0.033522,-0.17475,0.56773,0.031357,0.20493,0.57016,0.059164,-0.30037,0.31938,0.1437,0.29486,0.29342,0.13269,-0.43639,0.13855,0.18899,0.43093,0.11408,0.1822,-0.0007402,0.28345,0.051749,0,0.20962,0,-0.091081,0.1275,-0.020733,0.084593,0.11819,0.002167,-0.12256,-0.39669,-0.091656,0.09572,-0.44395,-0.051712,-0.052839,-0.82088,0.055763,0.070356,-0.84573,0.073224
0.0051478,0.8262,0.017844,0.010116,0.64952,0.058115,-0.17426,0.51916,0.039541,0.20233,0.52701,0.07733,-0.30973,0.31102,0.16289,0.29835,0.28798,0.14986,-0.47879,0.15608,0.19524,0.46685,0.13678,0.19474,-0.0030877,0.24124,0.056084,0,0.16706,0,-0.084974,0.087017,-0.027747,0.081663,0.076923,0.001144,-0.11604,-0.50424,-0.048359,0.088088,-0.52723,-0.019814,-0.096883,-0.95021,0.029002,0.099267,-0.94515,0.045789
0.0047469,0.77564,0.034493,0.012891,0.58395,0.061207,-0.15374,0.45282,0.033053,0.21406,0.46959,0.091155,-0.33435,0.26091,0.17974,0.31803,0.2525,0.17142,-0.54241,0.15455,0.1798,0.52396,0.14777,0.19465,-0.0052489,0.17426,0.05618,0,0.10135,0,-0.083793,0.02439,-0.022468,0.079386,0.013335,-0.003522,-0.11146,-0.52456,-0.03293,0.090031,-0.57765,-0.016983,-0.10397,-0.95169,0.03213,0.098016,-0.98468,0.043388
8.54e-05,0.70453,0.032664,0.010911,0.51671,0.068655,-0.15882,0.39314,0.04188,0.19997,0.40296,0.096094,-0.34305,0.21596,0.16514,0.33807,0.20032,0.17624,-0.57021,0.15933,0.14727,0.5688,0.16401,0.17781,-0.0054046,0.11349,0.057771,0,0.043086,0,-0.08188,-0.036394,-0.028054,0.078155,-0.03913,-0.000444,-0.11271,-0.55304,-0.03517,0.087793,-0.58827,-0.035266,-0.12563,-0.98982,0.079271,0.090639,-0.98439,0.042229
-0.0074093,0.63848,0.025059,0.0064923,0.44542,0.060364,-0.20129,0.33731,0.071298,0.19231,0.35796,0.090824,-0.36677,0.14974,0.14312,0.36376,0.15222,0.15827,-0.59421,0.18182,0.082884,0.59041,0.19746,0.10591,-0.0010792,0.062107,0.057542,0,-0.0027916,0,-0.08807,-0.091232,-0.026943,0.085211,-0.094409,-0.001978,-0.11137,-0.60265,-0.057375,0.085616,-0.603,-0.082659,-0.12097,-0.98905,0.072952,0.073559,-0.98661,0.035608
-0.01167,0.58376,0.004935,0.0079098,0.40087,0.053443,-0.20427,0.28434,0.059315,0.19482,0.29405,0.074956,-0.39115,0.11183,0.097517,0.37747,0.13186,0.12455,-0.60033,0.20187,0.028297,0.5841,0.22004,0.043794,-0.0004728,0.02101,0.056445,0,-0.047258,0,-0.089599,-0.1345,-0.029962,0.086456,-0.14176,0.002947,-0.11122,-0.60594,-0.071845,0.082509,-0.60362,-0.10001,-0.10332,-0.99463,0.061752,0.056994,-0.98216,0.015923
-0.011708,0.57066,-2.5e-05,0.0078934,0.38189,0.053307,-0.2083,0.26829,0.052215,0.19136,0.27658,0.061832,-0.41205,0.10088,0.05392,0.38356,0.12749,0.092427,-0.59422,0.2195,-0.047826,0.56372,0.24225,-0.018259,0.0001404,0.0073638,0.057065,0,-0.058241,0,-0.090768,-0.14776,-0.028074,0.087289,-0.14964,0.001208,-0.10016,-0.6078,-0.090936,0.083561,-0.60246,-0.10768,-0.091518,-0.98307,0.026228,0.05617,-0.97921,0.00627
-0.011602,0.56823,-0.001742,0.0062739,0.37729,0.048907,-0.20886,0.26735,0.050594,0.19077,0.27677,0.060392,-0.37566,0.05822,0.091389,0.37428,0.09599,0.090663,-0.56173,0.20447,-0.090259,0.51732,0.2404,-0.056239,-2.6e-06,0.00551,0.056862,0,-0.060372,0,-0.090739,-0.15073,-0.025986,0.087622,-0.15112,0.000891,-0.099587,-0.6054,-0.091993,0.085066,-0.60369,-0.10822,-0.089668,-0.97433,0.017953,0.057323,-0.97907,0.003978
-0.0068562,0.57558,-0.001079,0.000914,0.38722,0.047408,-0.20297,0.28367,0.042993,0.19028,0.29243,0.061522,-0.3925,0.13542,0.035274,0.36838,0.10687,0.079413,-0.55701,0.20206,-0.13221,0.50436,0.26864,-0.1331,-0.0018447,0.011569,0.056868,0,-0.054712,0,-0.089532,-0.14324,-0.027235,0.088305,-0.14389,0.002711,-0.10274,-0.60137,-0.071658,0.09043,-0.60245,-0.08824,-0.091754,-0.97244,0.020826,0.062654,-0.98288,0.007008
-0.0014798,0.63779,0.008532,-0.0048803,0.45288,0.055319,-0.18808,0.35065,0.042383,0.18576,0.36974,0.070084,-0.37682,0.17503,0.042924,0.34374,0.17842,0.045641,-0.52004,0.15977,-0.15645,0.46213,0.24429,-0.1601,-0.0042347,0.075033,0.058049,0,0.0093477,0,-0.084178,-0.075229,-0.034697,0.086067,-0.077745,0.007549,-0.10882,-0.5638,-0.026063,0.12096,-0.56887,-0.042333,-0.10188,-0.97302,0.050045,0.0752,-0.97479,0.030726
-0.0010458,0.70119,0.008081,-0.000191,0.51632,0.06092,-0.20617,0.43031,0.053723,0.18824,0.43602,0.079929,-0.35676,0.24008,0.070078,0.31603,0.23993,0.054336,-0.47213,0.14101,-0.1227,0.43446,0.22812,-0.16205,-0.0033528,0.14428,0.059088,0,0.080721,0,-0.086028,-0.0057347,-0.027183,0.086105,-0.009437,-0.003527,-0.11634,-0.56028,-0.001961,0.10713,-0.58378,0.002916,-0.10904,-0.96908,0.048868,0.094202,-0.9802,0.032459
0.0063829,0.75859,-0.002695,-0.0072897,0.58067,0.057174,-0.18486,0.48205,0.043919,0.19194,0.49084,0.081603,-0.33612,0.30157,0.094515,0.31937,0.29628,0.078924,-0.41871,0.13428,-0.061644,0.39655,0.19665,-0.13313,-0.0064038,0.18507,0.058622,0,0.11367,0,-0.084376,0.033781,-0.027429,0.085819,0.028011,-0.000167,-0.10937,-0.55138,0.005861,0.10449,-0.54567,0.025448,-0.10052,-0.9531,0.05317,0.11005,-0.95285,0.025711
0.0079467,0.79425,-0.025591,0.0045067,0.62026,0.032078,-0.18361,0.52162,0.028512,0.19014,0.54993,0.064633,-0.32641,0.29802,0.08056,0.3087,0.32192,0.064543,-0.4003,0.096555,-0.027728,0.37188,0.15084,-0.096988,-0.0037515,0.23754,0.054099,0,0.16668,0,-0.087681,0.084812,-0.02243,0.085747,0.078377,0.005379,-0.09323,-0.45759,-0.036891,0.10249,-0.52762,0.005825,-0.058207,-0.84774,0.078605,0.088814,-0.92535,0.046169
0.0092701,0.81342,-0.047279,0.0076312,0.64023,0.015796,-0.18792,0.54111,0.0199,0.19376,0.55826,0.051991,-0.31049,0.29555,0.078876,0.29446,0.31014,0.059121,-0.3682,0.071354,0.029539,0.36095,0.093252,-0.050462,-0.0025208,0.26263,0.048962,0,0.19223,0,-0.091627,0.10942,-0.015377,0.088335,0.10214,0.004684,-0.10491,-0.35638,-0.087148,0.10069,-0.42573,-0.052124,-0.025523,-0.77866,0.061108,0.062888,-0.84666,0.075921
0.011892,0.82346,-0.071284,0.0069207,0.64955,0.00082,-0.18479,0.54976,0.003746,0.19556,0.56454,0.036807,-0.29579,0.2931,0.07576,0.28557,0.29667,0.049237,-0.3515,0.066335,0.090615,0.35774,0.049147,0.011772,-0.0028511,0.28228,0.042728,0,0.21146,0,-0.090353,0.12765,-0.011021,0.087745,0.12746,0.008479,-0.10186,-0.3071,-0.14555,0.090409,-0.33004,-0.10324,-0.015034,-0.69827,0.061065,0.059279,-0.69463,0.068848
0.01324,0.82027,-0.086724,0.0075122,0.65099,-0.00931,-0.19103,0.55585,-0.00264,0.19698,0.56477,0.02628,-0.28963,0.29259,0.072885,0.27398,0.27575,0.06075,-0.34442,0.076872,0.1306,0.35206,0.051649,0.073109,-0.0020339,0.29478,0.03679,0,0.22511,0,-0.092321,0.13696,-0.011603,0.090071,0.13566,0.00826,-0.094382,-0.28517,-0.18524,0.087156,-0.29444,-0.14234,-0.0087916,-0.65967,0.047522,0.059656,-0.64692,0.13046
0.014304,0.82048,-0.095344,0.0085809,0.65067,-0.013345,-0.1944,0.55796,-0.000869,0.19819,0.56365,0.022072,-0.28531,0.29136,0.089688,0.27453,0.27126,0.072909,-0.35143,0.08217,0.15654,0.35754,0.056847,0.12607,-0.0008858,0.29612,0.032016,0,0.2262,0,-0.094259,0.13909,-0.007032,0.09041,0.13588,0.008587,-0.091252,-0.28021,-0.18786,0.092219,-0.28746,-0.16166,-0.020818,-0.62584,0.08589,0.042542,-0.6177,0.13268
0.013336,0.81564,-0.097737,0.0081399,0.64684,-0.01429,-0.19379,0.55751,-0.000441,0.2003,0.5608,0.024392,-0.28526,0.29997,0.10272,0.27476,0.27445,0.10138,-0.35731,0.092889,0.16999,0.37214,0.065875,0.17299,-0.0008562,0.29436,0.028356,0,0.22445,0,-0.094316,0.13709,-0.007903,0.090227,0.13297,0.010045,-0.09793,-0.287,-0.17589,0.096299,-0.29513,-0.14624,-0.032982,-0.63937,0.091246,0.042322,-0.64702,0.12366
0.012371,0.80472,-0.097717,0.008125,0.63882,-0.012765,-0.19827,0.55264,0.011489,0.2004,0.55667,0.028942,-0.29497,0.30683,0.13217,0.2796,0.28546,0.11957,-0.39456,0.10619,0.18551,0.39683,0.094862,0.20402,-1.9e-06,0.28779,0.025681,0,0.21791,0,-0.094661,0.12826,-0.010682,0.090299,0.12569,0.011063,-0.1161,-0.31921,-0.12901,0.10184,-0.34671,-0.084377,-0.046487,-0.71306,0.078876,0.054578,-0.74392,0.12342
0.014338,0.7967,-0.082932,0.011384,0.62857,-0.002128,-0.19571,0.54756,0.022116,0.20355,0.54504,0.052738,-0.2994,0.30804,0.1444,0.28733,0.29236,0.13672,-0.4204,0.11674,0.1895,0.42364,0.12571,0.21823,-0.0001743,0.26879,0.026467,0,0.19667,0,-0.094063,0.10847,-0.016325,0.088441,0.10102,0.009917,-0.12417,-0.42302,-0.076495,0.10133,-0.45509,-0.037064,-0.08472,-0.8466,0.081986,0.061988,-0.87926,0.1201
0.0083162,0.7659,-0.07573,0.013874,0.59042,0.011301,-0.18828,0.51642,0.040753,0.20895,0.51477,0.085204,-0.3153,0.28938,0.17419,0.30908,0.26939,0.18677,-0.48018,0.12543,0.18704,0.48351,0.13122,0.24484,-0.0009244,0.22293,0.027953,0,0.15205,0,-0.09289,0.069719,-0.014604,0.087168,0.057974,0.004236,-0.11649,-0.50858,-0.023375,0.098685,-0.5194,0.005289,-0.1126,-0.92636,0.096994,0.088605,-0.94614,0.077257
0.01441,0.70905,-0.059259,0.0064285,0.53296,0.015193,-0.19905,0.45944,0.057727,0.20201,0.45912,0.094926,-0.32994,0.25108,0.18126,0.32516,0.24495,0.19228,-0.53052,0.13039,0.16073,0.51723,0.12927,0.24501,-0.0014782,0.1853,0.028525,0,0.11859,0,-0.088686,0.025129,-0.013455,0.085873,0.027542,0.001102,-0.11547,-0.5252,-0.013435,0.096049,-0.52978,0.004345,-0.13204,-0.94736,0.077687,0.092351,-0.94996,0.073763
0.0051661,0.64582,-0.061348,0.014045,0.47062,0.010801,-0.2023,0.39718,0.065886,0.19589,0.39622,0.087825,-0.35451,0.18803,0.17315,0.34104,0.20254,0.19573,-0.58129,0.14693,0.11691,0.57075,0.17094,0.21361,0.0007469,0.11962,0.027638,0,0.05147,0,-0.09049,-0.038706,-0.012233,0.084481,-0.037675,0.001275,-0.12089,-0.58847,-0.011698,0.09014,-0.58938,-0.02237,-0.14564,-0.96561,0.092538,0.069383,-0.97514,0.085382
0.0080555,0.57708,-0.06569,0.0064649,0.40235,0.008504,-0.20171,0.32085,0.056562,0.19428,0.33239,0.079142,-0.38147,0.14407,0.12524,0.36467,0.16049,0.17423,-0.60618,0.1745,0.051991,0.59449,0.20398,0.1482,-0.0004909,0.053418,0.0267,0,-0.014498,0,-0.089082,-0.10424,-0.015014,0.086303,-0.10393,0.004991,-0.11785,-0.58976,-0.030193,0.090457,-0.59948,-0.048084,-0.13812,-0.9663,0.08433,0.067907,-0.97506,0.072367
0.0036299,0.54376,-0.065158,0.011342,0.35417,0.01501,-0.19653,0.28139,0.04558,0.19568,0.29274,0.067855,-0.39802,0.1171,0.072978,0.38271,0.1364,0.13834,-0.60309,0.19871,-0.020036,0.59007,0.23877,0.086749,0.0002733,0.010915,0.027845,0,-0.055299,0,-0.089829,-0.1409,-0.021478,0.085031,-0.14827,0.009711,-0.11418,-0.5971,-0.049666,0.084676,-0.60316,-0.07161,-0.10538,-0.95866,0.064043,0.048238,-0.95887,0.038204
0.0090863,0.52313,-0.044984,0.01144,0.345,0.012008,-0.19852,0.26132,0.037691,0.19967,0.26776,0.064447,-0.40374,0.11205,0.058111,0.38868,0.12626,0.11787,-0.58048,0.2033,-0.080234,0.55924,0.26254,0.018418,3.03e-05,-0.0023109,0.027148,0,-0.069734,0,-0.090989,-0.15885,-0.021656,0.086021,-0.16395,0.010958,-0.11032,-0.60819,-0.06762,0.074487,-0.60667,-0.088206,-0.103,-0.95701,0.045412,0.040202,-0.95539,0.018942
0.0092022,0.52391,-0.045343,0.013332,0.34635,0.015139,-0.19867,0.2611,0.036692,0.19954,0.26821,0.063096,-0.40355,0.11703,0.036554,0.38727,0.12946,0.097999,-0.56395,0.20643,-0.12352,0.53337,0.268,-0.036313,0.000256,-0.00238,0.027667,0,-0.0697,0,-0.091272,-0.15887,-0.022299,0.085949,-0.16361,0.010866,-0.11116,-0.60813,-0.068524,0.073957,-0.60616,-0.088918,-0.10191,-0.95646,0.043117,0.038733,-0.95409,0.017583
0.016807,0.56499,-0.038364,0.014058,0.3761,0.033,-0.19221,0.29447,0.037677,0.19546,0.30195,0.057453,-0.38519,0.13938,0.024796,0.37891,0.11551,0.086597,-0.53167,0.19302,-0.16461,0.48516,0.25557,-0.082839,0.0007829,0.013175,0.031743,0,-0.054722,0,-0.090167,-0.1402,-0.024649,0.084608,-0.14336,0.008076,-0.11851,-0.59642,-0.054364,0.077976,-0.60042,-0.082948,-0.11079,-0.95826,0.054801,0.047125,-0.95979,0.030141
0.029686,0.61785,-0.03228,0.013299,0.43722,0.034451,-0.19365,0.3668,0.049997,0.20262,0.37155,0.06533,-0.35619,0.17814,0.066711,0.36993,0.19191,0.016283,-0.48116,0.16686,-0.14575,0.48511,0.26874,-0.18732,0.0010195,0.083345,0.034816,0,0.017039,0,-0.091253,-0.071113,-0.024523,0.085577,-0.07414,0.003498,-0.12245,-0.56647,-0.009702,0.096927,-0.56529,-0.038018,-0.1203,-0.96092,0.068214,0.056982,-0.96273,0.047899
0.021079,0.67435,-0.038135,0.013349,0.50348,0.037327,-0.1918,0.42734,0.048474,0.19753,0.43176,0.067675,-0.35635,0.25351,0.052054,0.32232,0.23383,0.045808,-0.46957,0.1575,-0.14377,0.41674,0.23925,-0.18612,0.0005936,0.14461,0.037227,0,0.077772,0,-0.087935,-0.0087252,-0.020792,0.082442,-0.010894,-0.000662,-0.1293,-0.56102,0.019371,0.089834,-0.5523,-0.003876,-0.14183,-0.96245,0.073152,0.071258,-0.9586,0.049165
0.021071,0.72919,-0.046668,0.024285,0.56121,0.040046,-0.19747,0.49108,0.055086,0.2031,0.49091,0.063961,-0.33862,0.30148,0.065493,0.30739,0.28167,0.046369,-0.43348,0.15706,-0.11451,0.40654,0.18908,-0.15919,0.0032466,0.20002,0.039724,0,0.13328,0,-0.092233,0.045628,-0.02377,0.081993,0.040488,0.000641,-0.13033,-0.54681,0.044493,0.09022,-0.53549,0.026958,-0.14469,-0.96197,0.081364,0.077702,-0.95395,0.050216
0.026725,0.77898,-0.056805,0.024388,0.61483,0.020165,-0.17852,0.5321,0.028913,0.19849,0.55169,0.054983,-0.33007,0.3194,0.057242,0.28663,0.32719,0.047904,-0.40421,0.12275,-0.076667,0.36099,0.18781,-0.13962,0.001736,0.245,0.03667,0,0.17403,0,-0.088569,0.092961,-0.028894,0.079221,0.08665,0.016087,-0.13673,-0.49997,0.021949,0.088572,-0.52287,0.021464,-0.13843,-0.89635,0.10463,0.06373,-0.93696,0.071082
0.02606,0.79236,-0.0716,0.018871,0.64335,0.004306,-0.19363,0.56568,0.028716,0.19764,0.56638,0.04517,-0.32154,0.31616,0.050999,0.28616,0.33523,0.035795,-0.38993,0.097029,-0.028235,0.35497,0.15315,-0.109,0.0016009,0.28308,0.031799,0,0.2139,0,-0.09227,0.12589,-0.021158,0.08428,0.11719,0.012713,-0.12945,-0.4067,-0.038125,0.08682,-0.43309,-0.025957,-0.11342,-0.81208,0.14519,0.044902,-0.84191,0.11401
0.025791,0.81698,-0.090758,0.018791,0.65671,-0.002777,-0.19168,0.57055,0.019865,0.19653,0.58445,0.034474,-0.30414,0.31506,0.052824,0.28377,0.32793,0.027443,-0.37284,0.075692,0.036077,0.36057,0.085929,-0.086878,0.0019349,0.29606,0.028694,0,0.22527,0,-0.093055,0.13865,-0.019561,0.086409,0.13787,0.015947,-0.12872,-0.30746,-0.088674,0.080284,-0.33932,-0.065673,-0.071961,-0.68974,0.14094,0.010026,-0.74,0.13064
0.022825,0.819,-0.097283,0.016275,0.66012,-0.009935,-0.19535,0.57761,0.013377,0.19683,0.59085,0.029873,-0.28955,0.31471,0.053907,0.27721,0.32011,0.024353,-0.34705,0.079949,0.085038,0.3566,0.050974,-0.022837,0.0012682,0.31477,0.023953,0,0.24781,0,-0.094502,0.1589,-0.018518,0.087021,0.15291,0.016758,-0.13006,-0.27945,-0.13224,0.079241,-0.28678,-0.097124,-0.052786,-0.62521,0.13993,0.010652,-0.66259,0.13901
0.022895,0.82037,-0.10249,0.017873,0.66062,-0.012249,-0.18942,0.57902,0.007078,0.20123,0.58827,0.021064,-0.27948,0.298,0.079466,0.27467,0.30184,0.04045,-0.34563,0.083513,0.13108,0.36167,0.062626,0.048218,0.0017304,0.31486,0.02087,0,0.24732,0,-0.095024,0.15965,-0.014752,0.086907,0.1529,0.01593,-0.12795,-0.27517,-0.14359,0.083315,-0.27755,-0.13248,-0.060031,-0.5838,0.16851,0.019895,-0.62429,0.14179
0.023852,0.81888,-0.10657,0.019513,0.6599,-0.013483,-0.18665,0.5779,0.004111,0.20537,0.58412,0.015837,-0.27935,0.29821,0.091219,0.28055,0.29201,0.051419,-0.3472,0.085434,0.1466,0.3708,0.059782,0.082083,0.0022568,0.31352,0.018259,0,0.24532,0,-0.095147,0.15848,-0.013805,0.086276,0.15176,0.014695,-0.12938,-0.27538,-0.14567,0.081901,-0.27886,-0.13301,-0.05768,-0.58607,0.16377,0.011393,-0.62451,0.14093
0.026656,0.8153,-0.10704,0.023663,0.65384,-0.014667,-0.18083,0.57351,0.006624,0.20715,0.58085,0.01593,-0.27964,0.31018,0.10533,0.28461,0.29415,0.059852,-0.35636,0.10099,0.1624,0.388,0.075392,0.12347,0.0032863,0.30521,0.016043,0,0.23526,0,-0.094724,0.15177,-0.012758,0.084335,0.14367,0.01392,-0.12819,-0.29203,-0.098255,0.089358,-0.30584,-0.089315,-0.056167,-0.66933,0.1348,0.032055,-0.67997,0.1518
0.032231,0.81141,-0.1055,0.033077,0.64414,-0.011272,-0.1708,0.56497,0.010199,0.21972,0.55753,0.020368,-0.27916,0.31955,0.12456,0.29222,0.29525,0.079922,-0.3795,0.11659,0.16938,0.41347,0.091343,0.14757,0.0052218,0.28773,0.015165,0,0.21561,0,-0.094368,0.13425,-0.013819,0.079285,0.12077,0.012637,-0.1368,-0.38462,-0.053673,0.09691,-0.39375,-0.051682,-0.075458,-0.79154,0.13396,0.063446,-0.79104,0.1587
0.037303,0.79585,-0.087077,0.042431,0.61728,0.003706,-0.1547,0.5391,0.02,0.22808,0.52316,0.03885,-0.28046,0.32037,0.14396,0.31728,0.27065,0.1172,-0.42317,0.14075,0.17592,0.45093,0.09004,0.16824,0.0066141,0.23732,0.01752,0,0.16389,0,-0.09281,0.084307,-0.018206,0.075051,0.070697,0.010839,-0.11758,-0.52217,0.024628,0.092956,-0.51849,0.01667,-0.10565,-0.95661,0.1264,0.11201,-0.95284,0.12911
0.061488,0.75346,-0.054123,0.060297,0.56967,0.002758,-0.14719,0.53644,0.026573,0.24602,0.46671,0.052426,-0.29201,0.30141,0.15288,0.32686,0.24156,0.13358,-0.46601,0.15128,0.18288,0.49769,0.094359,0.1818,0.0080229,0.20918,0.017184,0,0.13631,0,-0.094173,0.062761,-0.017443,0.071689,0.031982,0.009688,-0.12087,-0.54128,0.039639,0.089975,-0.54601,0.02558,-0.10563,-0.96347,0.13175,0.11487,-0.96162,0.11845
0.061429,0.6892,-0.045112,0.04885,0.50416,0.00186,-0.13098,0.41379,0.008998,0.24056,0.41274,0.061163,-0.31999,0.24084,0.16628,0.33823,0.17037,0.15215,-0.54062,0.16556,0.1735,0.55966,0.099715,0.16573,0.0054507,0.13217,0.016452,0,0.058279,0,-0.090932,-0.017791,-0.015919,0.0725,-0.033894,0.00963,-0.12494,-0.56894,0.04661,0.080789,-0.56229,0.024178,-0.11186,-0.96896,0.14326,0.10908,-0.97243,0.12499
0.062117,0.63877,-0.046646,0.051898,0.44474,0.003928,-0.13163,0.35124,0.007053,0.23774,0.34068,0.050922,-0.33542,0.18708,0.15657,0.36015,0.13697,0.13424,-0.56923,0.19633,0.13294,0.59377,0.12529,0.10867,0.0063606,0.069472,0.016784,0,-0.0049418,0,-0.091495,-0.078454,-0.013407,0.072308,-0.097685,0.00648,-0.12251,-0.58155,0.027801,0.080239,-0.60315,-0.017582,-0.10528,-0.97103,0.14562,0.10216,-0.97206,0.12435
0.045686,0.58768,-0.048786,0.044808,0.39369,0.001277,-0.14226,0.29436,0.001117,0.23326,0.29262,0.048644,-0.36331,0.16706,0.1288,0.37386,0.11328,0.11522,-0.584,0.23333,0.072346,0.60433,0.14331,0.071857,0.0051762,0.026354,0.016047,0,-0.046581,0,-0.090461,-0.12807,-0.015359,0.074141,-0.13847,0.009509,-0.13292,-0.58592,-0.007055,0.06636,-0.60792,-0.045266,-0.098018,-0.97289,0.14302,0.079814,-0.96576,0.10655
0.045732,0.56686,-0.04187,0.042701,0.37458,-6.4e-05,-0.15327,0.27149,-0.001985,0.22664,0.2622,0.034306,-0.37891,0.14433,0.077376,0.40568,0.079364,0.092498,-0.57229,0.2659,0.011021,0.59628,0.19707,-0.019138,0.0053701,0.0066546,0.015435,0,-0.066427,0,-0.092569,-0.14965,-0.018674,0.07624,-0.15921,0.013325,-0.12853,-0.61797,-0.02855,0.067636,-0.61341,-0.061034,-0.090802,-0.96902,0.12811,0.072083,-0.95329,0.070949
0.04284,0.55965,-0.03475,0.033125,0.36165,-0.002749,-0.15916,0.26517,0.001251,0.22389,0.25857,0.032076,-0.38457,0.14634,0.064918,0.40537,0.0853,0.05912,-0.55798,0.28772,-0.056033,0.58175,0.23209,-0.078331,0.0046669,0.00026049,0.01451,0,-0.072044,0,-0.092079,-0.15482,-0.017256,0.077755,-0.16485,0.011886,-0.12754,-0.61953,-0.027274,0.070218,-0.61415,-0.064423,-0.088128,-0.96856,0.12613,0.07125,-0.95306,0.070057
0.039761,0.56503,-0.027145,0.029212,0.36842,0.000936,-0.16489,0.27393,0.007248,0.21802,0.27022,0.026915,-0.39148,0.14602,0.064137,0.38782,0.11064,0.020815,-0.55086,0.30817,-0.10872,0.54265,0.23401,-0.11902,0.0044138,0.0037747,0.015069,0,-0.068318,0,-0.091665,-0.15176,-0.01755,0.079777,-0.15885,0.009563,-0.12216,-0.61042,-0.023629,0.07374,-0.61581,-0.062692,-0.086316,-0.96661,0.12799,0.071734,-0.9548,0.075952
0.031187,0.61685,0.016991,0.028762,0.43926,0.037002,-0.16977,0.32986,0.033958,0.21377,0.33335,0.045489,-0.38,0.21427,0.055386,0.3491,0.14378,0.0402,-0.52978,0.28343,-0.12554,0.50843,0.2487,-0.16037,0.0041852,0.058926,0.024105,0,-0.014316,0,-0.091902,-0.096748,-0.019194,0.080982,-0.10409,-0.000474,-0.11627,-0.60056,0.015039,0.086574,-0.60839,-0.031795,-0.086488,-0.96575,0.15564,0.089513,-0.96388,0.11819
0.039175,0.69235,0.051092,0.023711,0.49904,0.058056,-0.16433,0.39447,0.046733,0.21365,0.39957,0.061635,-0.36737,0.26341,0.071762,0.33274,0.17001,0.050386,-0.51781,0.26922,-0.12234,0.45017,0.23431,-0.15647,0.0030518,0.119,0.030806,0,0.047617,0,-0.088488,-0.032708,-0.019675,0.079648,-0.040357,-0.007489,-0.10922,-0.56489,0.060708,0.11242,-0.57468,0.013791,-0.090282,-0.96463,0.17331,0.10334,-0.96891,0.15277
0.030147,0.75976,0.056984,0.022202,0.56651,0.070345,-0.16293,0.45616,0.048424,0.20895,0.4617,0.067222,-0.35702,0.31664,0.091174,0.31502,0.25344,0.051473,-0.47783,0.23223,-0.10552,0.43791,0.23045,-0.16125,0.002407,0.17486,0.035742,0,0.10241,0,-0.085295,0.022315,-0.02602,0.077339,0.016202,-0.004494,-0.11268,-0.5586,0.090724,0.11035,-0.56181,0.060738,-0.10795,-0.96795,0.18623,0.12353,-0.9671,0.14836
0.026692,0.8198,0.068519,0.020457,0.62578,0.072519,-0.16174,0.51241,0.045319,0.20756,0.50975,0.064012,-0.35007,0.32291,0.097033,0.32008,0.30532,0.053523,-0.4552,0.16806,-0.074049,0.39487,0.19511,-0.15378,0.0018358,0.2211,0.038375,0,0.14484,0,-0.085052,0.068057,-0.030801,0.077845,0.055399,-0.000284,-0.11477,-0.52527,0.091258,0.11128,-0.54647,0.075975,-0.10057,-0.95422,0.18984,0.13208,-0.95664,0.14798
0.023996,0.86216,0.036201,0.028006,0.67387,0.059771,-0.1587,0.54196,0.038429,0.20494,0.56261,0.06181,-0.3269,0.3258,0.086682,0.3067,0.32506,0.059902,-0.41906,0.12033,-0.017292,0.37072,0.15863,-0.1067,0.0028737,0.272,0.039217,0,0.19756,0,-0.087259,0.12022,-0.023926,0.077665,0.11172,-0.001623,-0.12288,-0.4455,0.021495,0.11216,-0.481,0.044856,-0.078285,-0.83061,0.19991,0.12275,-0.88668,0.16966
0.028884,0.88345,0.024011,0.021094,0.69115,0.041911,-0.14869,0.56882,0.009694,0.20754,0.57485,0.047956,-0.29938,0.3114,0.071079,0.29487,0.31253,0.042297,-0.37287,0.087844,0.041858,0.36239,0.095385,-0.078841,0.0003129,0.28656,0.039247,0,0.21117,0,-0.086423,0.13656,-0.023123,0.078033,0.12508,0.002301,-0.12644,-0.33815,-0.068594,0.10094,-0.38211,-0.035221,-0.046242,-0.70358,0.1789,0.10168,-0.77673,0.18214
0.02777,0.89804,0.010466,0.021138,0.70009,0.027887,-0.14482,0.57914,0.000799,0.20712,0.58221,0.021931,-0.28296,0.31305,0.07385,0.28294,0.30382,0.031827,-0.31547,0.088739,0.11765,0.34453,0.059247,-0.015356,0.0016716,0.29911,0.03791,0,0.22307,0,-0.085663,0.14911,-0.019241,0.077412,0.13819,0.002956,-0.13097,-0.28398,-0.14983,0.096527,-0.30414,-0.095526,-0.034561,-0.61652,0.13195,0.087723,-0.66493,0.16909
0.024525,0.89839,-0.006999,0.019307,0.70167,0.013687,-0.14218,0.58014,-0.011531,0.2085,0.58294,0.018947,-0.27258,0.32061,0.085787,0.27476,0.28616,0.038242,-0.30652,0.094217,0.14,0.3277,0.06047,0.056246,0.0004509,0.30607,0.035248,0,0.22928,0,-0.084898,0.1541,-0.014138,0.077041,0.14703,-0.000532,-0.11294,-0.26421,-0.19388,0.085619,-0.27616,-0.16969,-0.0088111,-0.56589,0.11564,0.060608,-0.6212,0.11239
0.020881,0.89133,-0.01905,0.019332,0.69719,0.007253,-0.14424,0.57712,-0.004227,0.21096,0.58066,0.024179,-0.26872,0.32258,0.10836,0.2744,0.28616,0.058732,-0.30369,0.10642,0.18287,0.33611,0.067605,0.10093,0.0006272,0.3097,0.032195,0,0.23361,0,-0.085945,0.15681,-0.007666,0.079603,0.14909,-0.00214,-0.10788,-0.25167,-0.21114,0.083875,-0.26837,-0.18621,-0.011846,-0.52268,0.12561,0.085055,-0.557,0.14967
0.02253,0.88705,-0.004371,0.020999,0.68992,0.022963,-0.16817,0.57929,0.028601,0.21091,0.57487,0.045296,-0.26936,0.32258,0.14485,0.27343,0.28817,0.096478,-0.32671,0.10888,0.23716,0.35914,0.081858,0.15182,0.0020823,0.30915,0.035565,0,0.23684,0,-0.093994,0.15645,-0.018163,0.084441,0.14558,-0.000223,-0.10768,-0.26585,-0.18905,0.085076,-0.27906,-0.16524,-0.045068,-0.5714,0.12714,0.051977,-0.57825,0.16047
0.024513,0.87647,0.008178,0.021029,0.67111,0.030047,-0.16509,0.56763,0.041191,0.20956,0.56715,0.062782,-0.27206,0.3222,0.18154,0.28264,0.29039,0.13414,-0.37873,0.11352,0.26675,0.40068,0.10486,0.19985,0.0015163,0.2917,0.037005,0,0.2202,0,-0.090404,0.13947,-0.020012,0.082473,0.13358,0.004561,-0.1104,-0.29855,-0.13775,0.095881,-0.30339,-0.12856,-0.056008,-0.67228,0.10493,0.04658,-0.65971,0.13748
0.029147,0.85539,0.006731,0.023021,0.65862,0.032301,-0.18058,0.55483,0.053558,0.21497,0.54689,0.062382,-0.27919,0.32151,0.19331,0.30062,0.27709,0.15276,-0.42278,0.14637,0.23811,0.4413,0.10649,0.2151,0.0029546,0.28358,0.038667,0,0.213,0,-0.093536,0.12674,-0.024779,0.083436,0.11667,-6.9e-05,-0.12217,-0.40429,-0.10675,0.10176,-0.41485,-0.10328,-0.086708,-0.83146,0.045236,0.074754,-0.81504,0.086878
0.024354,0.82727,0.028074,0.02047,0.62995,0.056475,-0.15189,0.49826,0.03683,0.20978,0.52127,0.085658,-0.30609,0.31082,0.21148,0.30099,0.26854,0.18088,-0.48033,0.16293,0.24789,0.47735,0.12144,0.21203,-0.0011933,0.21808,0.043623,0,0.14381,0,-0.083676,0.067721,-0.023684,0.076424,0.056768,-2.8e-05,-0.12008,-0.5067,-0.057547,0.099747,-0.49984,-0.069196,-0.11356,-0.94689,0.01021,0.1035,-0.93232,0.024943
0.021329,0.76316,0.036314,0.016706,0.56713,0.059756,-0.14399,0.43976,0.031579,0.1951,0.51592,0.10136,-0.3261,0.27889,0.20595,0.30544,0.24208,0.18747,-0.53303,0.17322,0.22085,0.50888,0.13095,0.20702,-0.003895,0.16579,0.045808,0,0.092562,0,-0.075582,0.02098,-0.022854,0.070231,0.012171,-0.000992,-0.13146,-0.55276,-0.04802,0.089276,-0.58214,-0.0578,-0.1304,-0.9683,0.007659,0.098727,-1.0006,-0.023017
0.020466,0.69254,0.040658,0.019015,0.49825,0.047075,-0.13488,0.38,0.027946,0.21701,0.39025,0.094793,-0.34223,0.22612,0.18264,0.34032,0.17265,0.17712,-0.57403,0.19289,0.17409,0.57105,0.13431,0.17523,-0.0043458,0.11246,0.045179,0,0.041488,0,-0.079903,-0.031537,-0.018051,0.073334,-0.043282,-0.003328,-0.11926,-0.58444,-0.061709,0.089869,-0.59317,-0.074675,-0.11717,-0.9765,0.033536,0.10074,-0.99807,-0.01391
0.016878,0.63006,0.037324,0.012093,0.43064,0.047474,-0.15035,0.30947,0.03498,0.21067,0.32913,0.09241,-0.38358,0.16701,0.16166,0.35412,0.12489,0.15422,-0.60934,0.21638,0.10853,0.58507,0.15428,0.11343,-0.0043445,0.043574,0.04677,0,-0.027206,0,-0.082833,-0.10502,-0.023495,0.078517,-0.11281,0.001267,-0.11907,-0.59122,-0.071953,0.081861,-0.60689,-0.10301,-0.1128,-0.97543,0.039934,0.085992,-1.0001,0.006548
0.020882,0.5947,0.0365,0.01826,0.39242,0.049735,-0.16193,0.27842,0.037063,0.20732,0.27175,0.079282,-0.404,0.13736,0.11509,0.37991,0.10703,0.12976,-0.60828,0.23228,0.035997,0.58482,0.19466,0.042799,-0.0021056,0.011917,0.048458,0,-0.057172,0,-0.085756,-0.13663,-0.022844,0.078997,-0.1474,-0.001334,-0.11392,-0.59803,-0.083844,0.06999,-0.60538,-0.11457,-0.093417,-0.97698,0.028895,0.051083,-0.97332,-0.017863
0.020696,0.57418,0.037088,0.020023,0.38307,0.049439,-0.16908,0.26239,0.029676,0.20357,0.26025,0.064663,-0.41285,0.13733,0.08312,0.37841,0.096405,0.086679,-0.59067,0.24573,-0.038923,0.56394,0.21635,-0.006013,-0.0008687,-0.0015328,0.049583,0,-0.071257,0,-0.087514,-0.15219,-0.023571,0.079879,-0.15912,-0.000229,-0.099908,-0.59882,-0.09575,0.068056,-0.60632,-0.1188,-0.085394,-0.97671,0.023603,0.050844,-0.97254,-0.018289
0.021578,0.57352,0.038048,0.014976,0.37645,0.037392,-0.16881,0.26005,0.022613,0.20359,0.26187,0.060321,-0.41454,0.14711,0.044742,0.38605,0.0663,0.081346,-0.57923,0.25617,-0.095985,0.55023,0.26073,-0.078063,-0.0017211,-0.0027252,0.049211,0,-0.072806,0,-0.087059,-0.15313,-0.022552,0.080223,-0.16042,0.000568,-0.10034,-0.59969,-0.093838,0.069321,-0.61659,-0.11349,-0.082322,-0.97998,0.028067,0.057114,-0.99582,0.008179
0.028231,0.59782,0.040496,0.01716,0.39903,0.037773,-0.18319,0.30632,0.029854,0.20598,0.30476,0.05453,-0.40318,0.14882,0.060145,0.37381,0.14218,0.04184,-0.54238,0.255,-0.11028,0.51877,0.27559,-0.099669,3.04e-05,0.025969,0.049447,0,-0.042153,0,-0.088239,-0.12827,-0.022461,0.082094,-0.13595,0.003606,-0.10609,-0.59845,-0.060808,0.081382,-0.61395,-0.091836,-0.079261,-0.97989,0.039423,0.074253,-0.99169,0.011007
0.03209,0.6662,0.048507,0.016795,0.4722,0.049236,-0.16584,0.36978,0.026156,0.20677,0.36759,0.063455,-0.38294,0.22608,0.062063,0.34249,0.16694,0.079016,-0.53228,0.25585,-0.13072,0.48089,0.27878,-0.1419,-0.0019017,0.090616,0.051771,0,0.022041,0,-0.084214,-0.057669,-0.02491,0.077942,-0.066367,0.000992,-0.12242,-0.57724,-0.00523,0.10706,-0.59266,-0.043305,-0.094271,-0.9743,0.063245,0.090347,-0.98637,0.022955
0.020727,0.73035,0.056007,0.012389,0.54013,0.060331,-0.1682,0.42665,0.028732,0.19949,0.43939,0.069981,-0.36826,0.29204,0.084388,0.31475,0.239,0.078538,-0.4948,0.24254,-0.12119,0.42943,0.27072,-0.13801,-0.0029671,0.14469,0.054204,0,0.074579,0,-0.083765,-0.0039014,-0.026194,0.079355,-0.012638,-0.000548,-0.1245,-0.5657,0.024968,0.10524,-0.5887,0.01092,-0.10327,-0.96995,0.067036,0.10856,-0.98674,0.030428
0.021459,0.79855,0.060791,0.01487,0.6083,0.063499,-0.16978,0.49563,0.029764,0.20257,0.50163,0.075021,-0.3543,0.33849,0.073598,0.31882,0.30414,0.094268,-0.47606,0.23175,-0.11041,0.38987,0.25641,-0.13853,-0.0032031,0.20271,0.055325,0,0.13077,0,-0.084474,0.051003,-0.034413,0.07915,0.039599,0.006382,-0.12334,-0.55205,0.028592,0.10377,-0.56831,0.024505,-0.10299,-0.95665,0.069699,0.11257,-0.97892,0.030082
0.027823,0.84674,0.053543,0.017937,0.65776,0.051069,-0.15866,0.54333,0.023845,0.20126,0.55311,0.065269,-0.3418,0.34201,0.073798,0.31343,0.34717,0.087101,-0.42361,0.16734,-0.073819,0.38326,0.21322,-0.10666,-0.0024219,0.25855,0.054067,0,0.18661,0,-0.083633,0.11078,-0.025884,0.077419,0.099203,0.003061,-0.10167,-0.45669,-0.015639,0.10105,-0.48635,0.005802,-0.070205,-0.84881,0.087754,0.10562,-0.89792,0.062301
0.023624,0.87949,0.031019,0.019427,0.68554,0.039191,-0.15454,0.55915,0.014824,0.20239,0.57757,0.060768,-0.32042,0.33196,0.061584,0.30672,0.34727,0.075568,-0.39134,0.1185,-0.021558,0.37207,0.14869,-0.070485,-0.0028253,0.28044,0.052941,0,0.20628,0,-0.084878,0.13073,-0.023121,0.077957,0.12172,0.004387,-0.10652,-0.36231,-0.070924,0.10457,-0.41956,-0.037804,-0.022759,-0.78068,0.085903,0.072685,-0.83749,0.097525
0.027057,0.89231,0.015223,0.016978,0.69413,0.0293,-0.15459,0.57242,0.00042,0.20331,0.58381,0.055506,-0.29227,0.31219,0.052398,0.29411,0.33389,0.068393,-0.35593,0.086826,0.035496,0.36018,0.095399,-0.023503,-0.0046149,0.29986,0.049918,0,0.22729,0,-0.084846,0.15087,-0.021047,0.079555,0.14129,0.006188,-0.11332,-0.28676,-0.13827,0.093778,-0.32737,-0.085452,-0.012947,-0.66349,0.086951,0.054893,-0.72406,0.12587
0.026296,0.89912,0.00466,0.0139,0.70026,0.021449,-0.15526,0.57794,-0.005901,0.20418,0.58933,0.049641,-0.28568,0.31231,0.056133,0.27226,0.30723,0.069483,-0.33233,0.0911,0.10249,0.34962,0.066377,0.044714,-0.0049319,0.31079,0.04746,0,0.23794,0,-0.084912,0.15973,-0.020393,0.080642,0.15197,0.007861,-0.10295,-0.26538,-0.18264,0.091506,-0.2808,-0.13092,-0.019665,-0.60244,0.098364,0.022313,-0.59164,0.077194
0.023474,0.89867,-0.004963,0.010427,0.70019,0.014558,-0.15596,0.57957,-0.008079,0.20265,0.59085,0.047108,-0.2768,0.3174,0.077485,0.26944,0.30903,0.074744,-0.32285,0.093398,0.1331,0.33341,0.088654,0.10685,-0.0048158,0.31358,0.045018,0,0.24036,0,-0.084859,0.16265,-0.019248,0.080768,0.15477,0.008509,-0.09731,-0.25829,-0.1934,0.091539,-0.26501,-0.16879,-0.033787,-0.56213,0.12449,0.044064,-0.57504,0.14618
0.020405,0.89799,-0.009983,0.010264,0.6987,0.012685,-0.18689,0.58604,0.003318,0.20158,0.59086,0.048154,-0.27574,0.32629,0.094901,0.26484,0.30605,0.095429,-0.33374,0.10662,0.15909,0.35396,0.087411,0.15801,-0.0029524,0.31825,0.043133,0,0.24656,0,-0.085523,0.16541,-0.018321,0.082383,0.1576,0.009008,-0.095766,-0.25572,-0.19198,0.093524,-0.26254,-0.16718,-0.038197,-0.58873,0.099211,0.041141,-0.57814,0.14202
0.014403,0.89368,-0.012109,0.0069763,0.69415,0.014319,-0.1894,0.58071,0.009857,0.20039,0.58766,0.05445,-0.27888,0.3261,0.11355,0.26537,0.30803,0.12322,-0.36386,0.12798,0.19039,0.36643,0.10729,0.18512,-0.0032651,0.31703,0.041993,0,0.24556,0,-0.087283,0.16165,-0.021008,0.084202,0.15588,0.007914,-0.10234,-0.27301,-0.15563,0.098922,-0.28814,-0.12864,-0.044758,-0.65471,0.075719,0.03418,-0.66131,0.11319
0.0065579,0.87532,-0.002879,0.0045421,0.68532,0.028488,-0.19402,0.56987,0.025739,0.19742,0.57844,0.072569,-0.29798,0.32642,0.14161,0.26721,0.31061,0.15618,-0.40673,0.13261,0.20089,0.3974,0.13641,0.22846,-0.0042478,0.30093,0.045177,0,0.22831,0,-0.088491,0.13804,-0.025246,0.087193,0.1377,0.004098,-0.12006,-0.367,-0.11682,0.10572,-0.37302,-0.087439,-0.080968,-0.77929,0.067109,0.037137,-0.77886,0.10137
0.0016534,0.85171,0.011766,-0.0034076,0.65936,0.0436,-0.20262,0.53951,0.042893,0.19063,0.55596,0.091412,-0.31076,0.32655,0.15746,0.27056,0.30396,0.18013,-0.44911,0.14683,0.20132,0.42132,0.14657,0.25123,-0.0060227,0.25903,0.04809,0,0.18529,0,-0.085219,0.097315,-0.02498,0.087236,0.097009,0.003247,-0.11789,-0.49122,-0.05887,0.099728,-0.47511,-0.042223,-0.1202,-0.93138,0.054984,0.077008,-0.92013,0.064244
-0.0057932,0.7967,0.030343,-0.010164,0.60187,0.045809,-0.21163,0.48912,0.048236,0.18335,0.50596,0.10802,-0.34601,0.27367,0.16717,0.28164,0.27168,0.2001,-0.53285,0.1361,0.18469,0.46914,0.15108,0.25727,-0.0079469,0.21268,0.048615,0,0.14343,0,-0.082512,0.048869,-0.031326,0.087219,0.052385,0.006459,-0.12343,-0.55871,-0.032058,0.084505,-0.55653,-0.023783,-0.14472,-0.97706,0.030779,0.074068,-0.97007,0.021174
-0.012131,0.73611,0.031236,-0.014271,0.53729,0.041259,-0.19865,0.4317,0.046088,0.18164,0.43963,0.11067,-0.37844,0.21706,0.16342,0.29876,0.23136,0.20733,-0.60089,0.14362,0.14531,0.51741,0.16034,0.23762,-0.0099091,0.14781,0.04891,0,0.076776,0,-0.079644,-0.0086066,-0.026871,0.085017,-0.011234,0.005762,-0.11739,-0.58127,-0.029579,0.087958,-0.57535,-0.025673,-0.13948,-0.97732,0.042106,0.072938,-0.99714,0.029435
-0.0093291,0.64558,0.025695,-0.018651,0.4652,0.039427,-0.20388,0.35636,0.042657,0.18207,0.37102,0.1087,-0.39933,0.16403,0.13294,0.33378,0.17777,0.19785,-0.62861,0.16138,0.070048,0.56793,0.18299,0.18904,-0.01073,0.088375,0.049403,0,0.020097,0,-0.079854,-0.069436,-0.030666,0.087291,-0.067856,0.00904,-0.11529,-0.59239,-0.049976,0.085633,-0.59536,-0.070288,-0.13924,-0.97662,0.03778,0.063585,-0.99755,0.022588
-0.0046545,0.61969,0.040542,-0.015225,0.40571,0.03598,-0.20571,0.29151,0.037321,0.18233,0.29629,0.095286,-0.4151,0.12217,0.090081,0.35168,0.1421,0.17518,-0.64729,0.17659,-0.002262,0.57356,0.20506,0.1193,-0.0094027,0.029346,0.049395,0,-0.039288,0,-0.082504,-0.12753,-0.032417,0.08864,-0.1304,0.011947,-0.11293,-0.60581,-0.073817,0.085409,-0.62695,-0.094765,-0.12498,-0.98817,0.042298,0.054679,-0.99829,0.012351
-0.0067195,0.57309,0.022753,-0.0096628,0.37793,0.035088,-0.20575,0.25977,0.03114,0.18442,0.27103,0.081648,-0.42092,0.10719,0.050988,0.36679,0.11565,0.12855,-0.60896,0.19567,-0.071971,0.56067,0.23203,0.05251,-0.007505,0.0023907,0.049649,0,-0.066345,0,-0.085282,-0.15579,-0.030018,0.088977,-0.15651,0.010126,-0.10434,-0.60818,-0.086809,0.089549,-0.62677,-0.10404,-0.091943,-0.9776,0.01592,0.047389,-0.99611,-0.011417
-0.0075509,0.56334,0.020088,-0.0064311,0.37074,0.037448,-0.20582,0.25279,0.024138,0.18387,0.26072,0.070918,-0.42001,0.10154,0.022001,0.34522,0.057467,0.14361,-0.58303,0.19472,-0.13289,0.49565,0.20801,0.014448,-0.0066716,-0.0049291,0.050479,0,-0.073403,0,-0.085927,-0.16255,-0.030777,0.088566,-0.1632,0.009925,-0.10091,-0.60984,-0.09392,0.087845,-0.62847,-0.10983,-0.09097,-0.97784,0.012018,0.046212,-0.99566,-0.016959
-0.0055567,0.56939,0.022684,-0.0064034,0.3708,0.035803,-0.20492,0.25373,0.022704,0.18432,0.26292,0.069887,-0.4188,0.086672,0.009067,0.36329,0.090293,0.10746,-0.55949,0.18967,-0.16219,0.49717,0.22553,-0.043967,-0.0066195,-0.0043343,0.050395,0,-0.072729,0,-0.085985,-0.16151,-0.030308,0.08835,-0.16255,0.010516,-0.10053,-0.60891,-0.092534,0.088361,-0.62841,-0.10774,-0.09029,-0.97776,0.012598,0.047626,-0.99687,-0.013655
-8.23e-05,0.61569,0.034898,-0.0051602,0.42328,0.046978,-0.20167,0.31055,0.023327,0.18163,0.31866,0.072195,-0.38169,0.12621,0.030864,0.32606,0.13151,0.089209,-0.51572,0.1699,-0.17102,0.46254,0.22591,-0.090938,-0.0068721,0.035382,0.052807,0,-0.034924,0,-0.084286,-0.12078,-0.029738,0.086249,-0.12126,0.006835,-0.11095,-0.59875,-0.072423,0.096649,-0.60836,-0.078378,-0.1192,-0.97297,0.032978,0.054266,-1.0033,-0.005948
-0.004071,0.6749,0.035257,-0.011193,0.48529,0.056192,-0.21124,0.37895,0.036966,0.18393,0.38468,0.083992,-0.37157,0.19693,0.035809,0.2986,0.18274,0.085511,-0.48159,0.15395,-0.18127,0.4388,0.21749,-0.11369,-0.007527,0.10682,0.054886,0,0.040598,0,-0.083965,-0.049068,-0.035571,0.088519,-0.050688,0.006682,-0.12446,-0.57623,-0.031393,0.10252,-0.59186,-0.049813,-0.12656,-0.9772,0.033744,0.062834,-0.99552,-0.006913
-0.0035892,0.74347,0.053588,-0.015915,0.55165,0.071444,-0.21268,0.45123,0.049593,0.17789,0.46146,0.10042,-0.3593,0.25772,0.037967,0.30376,0.26432,0.083489,-0.45109,0.1334,-0.15284,0.41465,0.20101,-0.12766,-0.0087503,0.16196,0.057648,0,0.095331,0,-0.080848,0.0071515,-0.031797,0.086976,0.0078294,-0.001408,-0.12871,-0.57975,0.007759,0.09667,-0.57559,0.007683,-0.13283,-0.97678,0.033388,0.085724,-0.98297,-0.007851
-0.0078289,0.79787,0.058195,-0.0098666,0.60967,0.073098,-0.20528,0.50029,0.044219,0.18262,0.51841,0.10618,-0.34548,0.30661,0.04093,0.28923,0.3099,0.079041,-0.41856,0.13346,-0.12647,0.35935,0.18539,-0.12131,-0.009036,0.21629,0.058221,0,0.14904,0,-0.080424,0.061296,-0.034689,0.084193,0.060822,0.00111,-0.13241,-0.54288,0.006961,0.0916,-0.54739,0.017141,-0.13817,-0.94656,0.019418,0.087977,-0.95546,-0.00426
-0.0080933,0.84709,0.040477,-0.012653,0.66027,0.069546,-0.20917,0.55141,0.044637,0.17035,0.56171,0.084307,-0.33299,0.31826,0.044722,0.28068,0.34249,0.087811,-0.38374,0.11464,-0.074033,0.34489,0.18633,-0.08927,-0.0070662,0.26889,0.058418,0,0.20178,0,-0.081274,0.11701,-0.0378,0.086072,0.11269,0.005811,-0.12461,-0.4758,-0.028317,0.093435,-0.49626,0.002047,-0.12316,-0.86497,0.044128,0.057374,-0.89904,0.026912
-0.0044881,0.87979,0.039535,-0.0047485,0.69221,0.069291,-0.19543,0.56392,0.030629,0.17431,0.58792,0.091344,-0.32472,0.31676,0.041979,0.26371,0.34705,0.08909,-0.37009,0.094828,-0.032208,0.32739,0.13309,-0.049558,-0.0086484,0.29052,0.058515,0,0.22139,0,-0.080521,0.14081,-0.033944,0.082524,0.1392,0.006191,-0.11247,-0.39442,-0.070302,0.088542,-0.41947,-0.039112,-0.084722,-0.80104,0.081882,0.029698,-0.81942,0.081315
-0.0049238,0.89653,0.030693,-0.0053222,0.70588,0.063105,-0.19032,0.57711,0.021614,0.1754,0.60133,0.092693,-0.31075,0.31071,0.044265,0.25068,0.34167,0.086101,-0.35151,0.080247,0.021144,0.3153,0.10637,0.007875,-0.010165,0.30949,0.057545,0,0.24051,0,-0.081138,0.15617,-0.036851,0.083021,0.15593,0.008685,-0.1104,-0.30983,-0.10875,0.090942,-0.33768,-0.079241,-0.053639,-0.71506,0.084756,0.033757,-0.72011,0.070132
-0.0042923,0.90089,0.027465,-0.006644,0.70953,0.058727,-0.18341,0.58204,0.014921,0.17589,0.61753,0.097808,-0.29886,0.31711,0.069888,0.24349,0.33463,0.091969,-0.3491,0.090613,0.087085,0.30085,0.095452,0.069411,-0.012025,0.31576,0.056706,0,0.24695,0,-0.079832,0.16488,-0.036133,0.082513,0.16404,0.011416,-0.10525,-0.27594,-0.13857,0.088596,-0.29051,-0.10491,-0.070238,-0.64168,0.1188,0.02431,-0.66095,0.14111
-0.0023968,0.90609,0.02794,-0.0070537,0.71203,0.057442,-0.17443,0.58345,0.009541,0.18156,0.61381,0.10551,-0.3003,0.32543,0.082121,0.23577,0.31716,0.12344,-0.3546,0.1021,0.11235,0.32034,0.088344,0.1318,-0.014041,0.32115,0.056505,0,0.25278,0,-0.080006,0.16919,-0.040737,0.082329,0.1692,0.01629,-0.10582,-0.26971,-0.15209,0.096736,-0.27055,-0.12057,-0.077228,-0.61432,0.13103,0.013212,-0.61691,0.15051
0.0032925,0.90234,0.035215,-0.0020338,0.71199,0.070095,-0.17224,0.58011,0.014448,0.18156,0.61606,0.12585,-0.30477,0.3315,0.098533,0.23837,0.31897,0.14132,-0.37175,0.11601,0.14649,0.33792,0.096624,0.17883,-0.015414,0.32133,0.057442,0,0.25413,0,-0.079818,0.17093,-0.042276,0.081521,0.16953,0.014818,-0.10659,-0.26881,-0.14935,0.096736,-0.27075,-0.12356,-0.074671,-0.61702,0.12941,0.015125,-0.62266,0.14153
0.006108,0.89689,0.04904,0.001893,0.70567,0.08473,-0.1742,0.57457,0.030972,0.17819,0.61258,0.13401,-0.31738,0.34084,0.12326,0.24193,0.32295,0.16812,-0.41223,0.13099,0.16224,0.35916,0.10065,0.23933,-0.013483,0.3178,0.059166,0,0.2529,0,-0.078958,0.16958,-0.04403,0.080494,0.16867,0.014007,-0.10872,-0.32464,-0.11083,0.096246,-0.32261,-0.10074,-0.076591,-0.7031,0.12996,0.020257,-0.69948,0.13343
0.0005128,0.87698,0.063447,0.0054847,0.68299,0.095184,-0.17235,0.55319,0.042083,0.17284,0.59913,0.14385,-0.33643,0.33982,0.15042,0.24467,0.3207,0.18754,-0.43972,0.13173,0.16556,0.37191,0.1245,0.25788,-0.012317,0.29105,0.062291,0,0.22693,0,-0.07767,0.14829,-0.044115,0.075999,0.14758,0.007445,-0.10866,-0.44105,-0.054965,0.089708,-0.41073,-0.061387,-0.085841,-0.86163,0.11527,0.027067,-0.80744,0.14582
-0.0044785,0.83058,0.077866,-0.0026613,0.63971,0.10345,-0.16687,0.50906,0.044744,0.17837,0.51894,0.15285,-0.3503,0.30523,0.17104,0.26107,0.27745,0.22559,-0.52338,0.14784,0.16835,0.42076,0.12246,0.28393,-0.015585,0.23873,0.063714,0,0.17408,0,-0.07315,0.096394,-0.048153,0.074164,0.088826,0.006377,-0.11374,-0.51009,-0.025642,0.075063,-0.50981,-0.02403,-0.097787,-0.95398,0.094213,0.040632,-0.94792,0.10194
-0.0018813,0.77471,0.084636,0.0061411,0.58762,0.10614,-0.21111,0.47911,0.087774,0.1835,0.46561,0.15888,-0.36197,0.26201,0.17,0.26669,0.24578,0.23198,-0.57452,0.16021,0.13634,0.45764,0.12402,0.27708,-0.0090352,0.21181,0.065243,0,0.15236,0,-0.080276,0.063539,-0.047706,0.076999,0.051063,0.002384,-0.11417,-0.52606,-0.029469,0.072517,-0.55792,-0.01511,-0.11954,-0.96085,0.063236,0.055353,-0.97888,0.083277
-0.009812,0.70641,0.082196,-0.0092346,0.51822,0.10833,-0.14721,0.39277,0.041903,0.18048,0.40494,0.15522,-0.36538,0.21544,0.15914,0.2852,0.18501,0.22918,-0.59399,0.18151,0.10608,0.50747,0.12048,0.25061,-0.018034,0.1145,0.064162,0,0.049634,0,-0.069381,-0.022074,-0.033057,0.072255,-0.02449,-0.005264,-0.11131,-0.58195,-0.040279,0.073882,-0.59523,-0.027507,-0.1141,-0.98096,0.094606,0.053615,-0.98518,0.081764
-0.010608,0.64008,0.079393,-0.006951,0.45123,0.095702,-0.16953,0.32919,0.048194,0.18279,0.34366,0.14571,-0.40117,0.15331,0.11512,0.29903,0.13017,0.20684,-0.61573,0.21124,0.026233,0.53213,0.15168,0.18298,-0.014594,0.060088,0.063325,0,-0.0031877,0,-0.073861,-0.079964,-0.04229,0.076338,-0.088341,0.00291,-0.11013,-0.5946,-0.064469,0.07565,-0.60591,-0.063119,-0.1016,-0.99063,0.083554,0.046795,-0.98982,0.068895
-0.0069542,0.5879,0.060608,-0.0008167,0.39736,0.091729,-0.2042,0.28506,0.059023,0.18997,0.29009,0.12829,-0.40694,0.13211,0.062304,0.37262,0.10963,0.14633,-0.59887,0.23164,-0.042701,0.58257,0.20122,0.082454,-0.0092219,0.022827,0.064051,0,-0.036679,0,-0.085888,-0.12746,-0.03801,0.083803,-0.13141,7.4e-05,-0.10338,-0.60136,-0.084121,0.0811,-0.60855,-0.091411,-0.086597,-0.99515,0.065303,0.041813,-0.99018,0.047445
-0.012156,0.56993,0.047483,0.0018966,0.37144,0.075474,-0.20906,0.25875,0.038958,0.18348,0.26901,0.10287,-0.41942,0.11464,0.019948,0.33047,0.084563,0.10678,-0.56974,0.24405,-0.11947,0.51113,0.20637,0.005974,-0.0079009,-0.0041863,0.061131,0,-0.067197,0,-0.087031,-0.15235,-0.039368,0.085496,-0.15723,0.000799,-0.094147,-0.60267,-0.10755,0.081392,-0.60806,-0.11298,-0.082176,-0.98985,0.033679,0.034734,-0.97546,-0.005916
-0.0095689,0.56322,0.051709,-0.0034889,0.36407,0.065695,-0.20825,0.25566,0.034512,0.18401,0.26727,0.097628,-0.41504,0.11439,-3.9e-05,0.33626,0.087024,0.092004,-0.54178,0.23356,-0.17169,0.47395,0.21956,-0.058234,-0.0082906,-0.0069482,0.059987,0,-0.070501,0,-0.08647,-0.15847,-0.035371,0.086047,-0.16129,0.004895,-0.091191,-0.60413,-0.11267,0.084197,-0.60808,-0.11731,-0.075198,-0.98619,0.020386,0.039904,-0.97752,-0.009068
-0.0069614,0.56949,0.053139,-0.0069951,0.36922,0.058929,-0.20796,0.2614,0.02961,0.18336,0.272,0.091489,-0.40617,0.12268,-0.015833,0.34208,0.10016,0.073924,-0.5135,0.21559,-0.21693,0.44608,0.22166,-0.11199,-0.0088197,-0.0026694,0.058763,0,-0.066467,0,-0.085511,-0.15271,-0.028635,0.087185,-0.15653,0.003415,-0.087749,-0.6038,-0.10535,0.098758,-0.60313,-0.090265,-0.073554,-0.98681,0.01549,0.042373,-0.98568,0.001856
-0.0023297,0.62507,0.056916,-0.018851,0.4254,0.047254,-0.20854,0.31688,0.020105,0.17683,0.33011,0.081121,-0.38246,0.16068,-0.023172,0.31356,0.12238,0.057949,-0.48805,0.17988,-0.24614,0.42264,0.20769,-0.14573,-0.011256,0.04979,0.057798,0,-0.015984,0,-0.082003,-0.10375,-0.032765,0.089546,-0.10482,0.007932,-0.087939,-0.59067,-0.076498,0.10334,-0.60035,-0.065578,-0.077366,-0.98503,0.002719,0.040582,-0.99296,0.002993
-0.0034902,0.68675,0.061605,-0.015628,0.49476,0.059183,-0.21227,0.38896,0.030777,0.18154,0.38851,0.080418,-0.36241,0.20945,0.010027,0.32215,0.20126,0.050812,-0.44196,0.15255,-0.21755,0.37865,0.21265,-0.19096,-0.0092985,0.11275,0.059868,0,0.047152,0,-0.083229,-0.041779,-0.035543,0.089505,-0.043666,0.00583,-0.087603,-0.57164,-0.03609,0.098003,-0.58896,-0.026716,-0.084383,-0.98468,0.021796,0.048107,-0.99196,0.004232
-0.014705,0.75885,0.064296,-0.011242,0.56059,0.057656,-0.20835,0.45231,0.025569,0.17192,0.45709,0.084976,-0.35277,0.2698,0.022296,0.32792,0.2825,0.057126,-0.41802,0.12776,-0.16684,0.37155,0.21551,-0.17775,-0.010041,0.16655,0.059557,0,0.097938,0,-0.080346,0.012418,-0.031311,0.084549,0.010513,0.004222,-0.10358,-0.55516,-0.007312,0.082546,-0.58618,0.008041,-0.10362,-0.97406,0.009315,0.05344,-0.99071,-0.004482
-0.012321,0.81035,0.063117,-0.025626,0.62417,0.059986,-0.19126,0.50465,0.00849,0.1706,0.51397,0.088796,-0.34767,0.2997,0.037722,0.30235,0.3212,0.042467,-0.39646,0.11245,-0.10889,0.36577,0.18502,-0.15191,-0.015543,0.21121,0.059895,0,0.1366,0,-0.075268,0.053556,-0.033932,0.083802,0.058286,0.010137,-0.10644,-0.54569,-0.011604,0.081822,-0.5344,0.013098,-0.12237,-0.95085,0.021336,0.060797,-0.93992,-0.005384
-0.0091214,0.86269,0.048446,-0.019786,0.66119,0.042604,-0.21334,0.54835,0.007749,0.17484,0.57056,0.080154,-0.33462,0.29959,0.024566,0.29891,0.3514,0.045222,-0.37565,0.083459,-0.070339,0.35388,0.18371,-0.12345,-0.012807,0.2783,0.05721,0,0.20911,0,-0.080313,0.11863,-0.035412,0.088174,0.11886,0.012591,-0.098679,-0.48139,-0.045878,0.086431,-0.48995,-0.014342,-0.10583,-0.8785,0.037767,0.039746,-0.9006,0.030005
-0.0052095,0.87719,0.040664,-0.015777,0.68586,0.038343,-0.19369,0.56243,-0.008099,0.17754,0.5768,0.073707,-0.31241,0.3009,0.044335,0.26426,0.35341,0.06604,-0.3614,0.076536,-0.015999,0.35196,0.15792,-0.068415,-0.014144,0.28831,0.055925,0,0.21736,0,-0.079946,0.13369,-0.026674,0.085177,0.1331,0.013024,-0.090681,-0.39588,-0.074599,0.088923,-0.39825,-0.05934,-0.070707,-0.82257,0.07563,0.024222,-0.82947,0.064982
0.0007996,0.88817,0.028607,-0.013599,0.69581,0.026436,-0.18229,0.57043,-0.023006,0.17887,0.59874,0.074405,-0.30307,0.30034,0.037869,0.26323,0.34509,0.056973,-0.3561,0.072499,0.032567,0.3463,0.10941,-0.034676,-0.015605,0.30722,0.051918,0,0.2358,0,-0.078221,0.15114,-0.028822,0.082297,0.15715,0.017391,-0.098283,-0.30643,-0.11334,0.09687,-0.32109,-0.097334,-0.047796,-0.70762,0.089564,0.011354,-0.73564,0.068922
0.0023842,0.89365,0.024925,-0.012003,0.69981,0.024432,-0.17906,0.57409,-0.023667,0.17981,0.59911,0.067879,-0.29779,0.29902,0.043818,0.25941,0.32794,0.073517,-0.35807,0.079303,0.08728,0.34875,0.078779,0.021492,-0.014342,0.31461,0.05078,0,0.2432,0,-0.079067,0.15858,-0.029904,0.082969,0.16198,0.015803,-0.09646,-0.27971,-0.14537,0.098837,-0.2834,-0.11218,-0.042462,-0.6341,0.12356,0.012897,-0.66277,0.11565
0.0034016,0.89791,0.02866,-0.0087835,0.70468,0.03898,-0.17987,0.5762,-0.008712,0.18373,0.60107,0.082848,-0.30032,0.30392,0.070458,0.25683,0.31639,0.085013,-0.36899,0.087304,0.11211,0.3377,0.079535,0.076139,-0.013791,0.3173,0.052746,0,0.24711,0,-0.080402,0.16247,-0.030903,0.083626,0.1636,0.012805,-0.098165,-0.27523,-0.14871,0.10079,-0.27383,-0.11826,-0.056278,-0.59204,0.1617,0.0070248,-0.62864,0.14023
0.0051017,0.89724,0.043752,-0.011652,0.70264,0.042458,-0.18457,0.5711,0.005088,0.18266,0.60023,0.10554,-0.30608,0.32153,0.10059,0.25104,0.30552,0.11691,-0.38268,0.1031,0.12118,0.34932,0.082985,0.14181,-0.015101,0.31818,0.053368,0,0.24908,0,-0.080979,0.16283,-0.034531,0.085132,0.16402,0.016899,-0.10942,-0.27885,-0.13054,0.099717,-0.28569,-0.11122,-0.058189,-0.60032,0.17415,0.023312,-0.62731,0.16765
0.0031269,0.89198,0.051893,-0.0092955,0.69484,0.053534,-0.18533,0.56333,0.020039,0.17741,0.59918,0.11483,-0.31472,0.32159,0.11517,0.24881,0.30113,0.15749,-0.40754,0.10806,0.12545,0.36835,0.087896,0.18511,-0.014024,0.3104,0.055339,0,0.24291,0,-0.080157,0.15837,-0.036431,0.083692,0.15849,0.014755,-0.11818,-0.34393,-0.080973,0.093778,-0.35911,-0.053023,-0.067433,-0.71738,0.1644,0.023702,-0.73304,0.1874
0.0038114,0.86345,0.076601,-0.013563,0.66746,0.074839,-0.20112,0.54851,0.053922,0.17467,0.58181,0.12332,-0.32483,0.31362,0.13043,0.25215,0.2911,0.16768,-0.45926,0.12272,0.13388,0.39006,0.10593,0.21015,-0.010578,0.28791,0.059122,0,0.22419,0,-0.079317,0.13838,-0.040081,0.083977,0.13469,0.009861,-0.12524,-0.46412,-0.007308,0.089258,-0.45928,-0.002672,-0.11866,-0.87557,0.18286,0.050039,-0.86387,0.19667
0.015626,0.81794,0.07365,0.0069683,0.57483,0.084465,-0.20352,0.51687,0.067428,0.1778,0.52782,0.13319,-0.33931,0.26302,0.14693,0.26999,0.26288,0.17857,-0.5214,0.11618,0.12059,0.45252,0.10587,0.2228,-0.0072327,0.22461,0.061774,0,0.16929,0,-0.079874,0.085878,-0.037166,0.076931,0.081437,-0.004759,-0.11735,-0.51714,0.023108,0.088973,-0.52526,0.029838,-0.11478,-0.93724,0.15569,0.075863,-0.94173,0.13873
-0.0011753,0.75694,0.06899,0.0035455,0.57206,0.084441,-0.15362,0.44112,0.031153,0.18377,0.45888,0.13182,-0.35389,0.22885,0.12555,0.28409,0.21286,0.18319,-0.57953,0.12922,0.089374,0.48509,0.10281,0.21682,-0.013938,0.16448,0.062739,0,0.096393,0,-0.072923,0.021653,-0.021937,0.072093,0.022689,-0.012551,-0.12141,-0.55341,0.025265,0.083516,-0.55459,0.024138,-0.135,-0.98493,0.17239,0.077211,-0.97321,0.12936
0.0018873,0.69413,0.051765,0.0067338,0.50324,0.075844,-0.15786,0.36584,0.020672,0.18786,0.38704,0.11063,-0.37959,0.16465,0.09541,0.2992,0.1585,0.15895,-0.60368,0.14871,0.014355,0.5297,0.11697,0.14183,-0.011503,0.1038,0.060421,0,0.035509,0,-0.076174,-0.042835,-0.032871,0.073903,-0.043939,0.002289,-0.11951,-0.56609,-0.005608,0.083608,-0.5822,-0.010134,-0.1334,-0.98854,0.15547,0.064135,-0.97906,0.12361
0.0018027,0.63646,0.033401,0.0054788,0.43903,0.055215,-0.17188,0.30471,0.01536,0.18474,0.33508,0.08495,-0.39747,0.13051,0.042455,0.30784,0.1316,0.13051,-0.61264,0.17402,-0.054016,0.55123,0.14765,0.085681,-0.0085637,0.047305,0.058147,0,-0.021699,0,-0.07948,-0.10382,-0.025497,0.077558,-0.10125,0.000924,-0.11702,-0.57684,-0.035389,0.08736,-0.59379,-0.042071,-0.10564,-0.97961,0.12856,0.051126,-0.96918,0.086325
0.0071012,0.59038,0.021578,-5.3e-06,0.39259,0.040543,-0.19433,0.28118,0.019858,0.18975,0.29296,0.064342,-0.36002,0.066282,0.041357,0.3463,0.099731,0.089625,-0.57775,0.20259,-0.11886,0.56687,0.18808,0.001377,-0.0055057,0.026246,0.056913,0,-0.04071,0,-0.085454,-0.13039,-0.02493,0.080091,-0.13318,0.01031,-0.11024,-0.59999,-0.049528,0.088469,-0.60042,-0.065426,-0.085613,-0.97495,0.103,0.05219,-0.96588,0.059683
0.0068778,0.58627,0.022506,0.0001169,0.38369,0.033011,-0.19476,0.27489,0.014673,0.19142,0.27812,0.059606,-0.39724,0.11173,-0.035396,0.36104,0.1014,0.066623,-0.56197,0.21736,-0.17889,0.55557,0.23084,-0.063048,-0.0059145,0.010108,0.05479,0,-0.058113,0,-0.085926,-0.14582,-0.025711,0.083824,-0.1475,0.008742,-0.10377,-0.60219,-0.057532,0.088571,-0.60217,-0.071931,-0.075134,-0.9788,0.094749,0.051317,-0.96686,0.051307
0.0070068,0.58614,0.029673,-0.0007783,0.38332,0.03062,-0.19518,0.27466,0.011736,0.1922,0.27952,0.054878,-0.3935,0.12659,-0.05078,0.36793,0.12187,0.038459,-0.53154,0.23056,-0.22364,0.52936,0.23727,-0.10073,-0.0058356,0.0099749,0.05348,0,-0.058531,0,-0.085786,-0.14655,-0.024457,0.084854,-0.14789,0.008501,-0.10015,-0.59925,-0.056646,0.084929,-0.59562,-0.068382,-0.07658,-0.97657,0.089096,0.050659,-0.96653,0.048353
0.0037786,0.60081,0.017154,0.0064208,0.42164,0.031309,-0.19902,0.31166,0.010138,0.19094,0.3242,0.044074,-0.38196,0.15724,-0.058117,0.36811,0.13428,0.027036,-0.50712,0.22418,-0.25919,0.4856,0.26431,-0.1431,-0.0033877,0.039077,0.053291,0,-0.030979,0,-0.087731,-0.12122,-0.026146,0.085501,-0.11974,0.008616,-0.10678,-0.59149,-0.024153,0.082179,-0.59054,-0.053026,-0.084169,-0.97595,0.091311,0.048367,-0.96489,0.045797
0.010592,0.67666,0.025436,0.01378,0.49081,0.041934,-0.19335,0.3862,0.017486,0.19469,0.39136,0.047675,-0.36198,0.21572,-0.025228,0.33694,0.20765,0.047773,-0.4647,0.20236,-0.25004,0.45917,0.26387,-0.15869,-0.0016178,0.10629,0.055365,0,0.036949,0,-0.08903,-0.050043,-0.026594,0.083681,-0.052226,0.00457,-0.12597,-0.57585,0.0291,0.10622,-0.56568,-0.005164,-0.12195,-0.98375,0.13286,0.065821,-0.98667,0.1057
0.0059037,0.74592,0.036535,0.0057755,0.56085,0.052833,-0.19628,0.4588,0.022606,0.19341,0.45885,0.056868,-0.36561,0.29747,0.004561,0.32922,0.26831,0.036261,-0.44012,0.18007,-0.25161,0.43356,0.27163,-0.18812,-0.0035626,0.16919,0.057267,0,0.099854,0,-0.085811,0.01317,-0.027141,0.083605,0.01042,0.001299,-0.12759,-0.56831,0.058405,0.095493,-0.55306,0.043987,-0.12735,-0.96509,0.11381,0.074481,-0.96681,0.082797
0.0013134,0.80701,0.037607,0.0003191,0.61999,0.047412,-0.18478,0.51344,0.015229,0.188,0.52579,0.061835,-0.35249,0.33835,-0.002569,0.3274,0.33891,0.054002,-0.42037,0.18216,-0.17803,0.4109,0.26197,-0.16555,-0.0060264,0.21949,0.056585,0,0.14586,0,-0.080913,0.064842,-0.025136,0.081267,0.061512,0.002967,-0.13005,-0.53434,0.055478,0.090283,-0.54368,0.053005,-0.13221,-0.96279,0.11202,0.073676,-0.95002,0.058063
0.0036782,0.85396,0.031067,0.0039738,0.67156,0.039844,-0.18158,0.54472,0.008477,0.19162,0.57043,0.060026,-0.34891,0.33964,0.001301,0.31898,0.37404,0.054609,-0.40552,0.13514,-0.12166,0.38213,0.21882,-0.12367,-0.0060985,0.27294,0.055546,0,0.20038,0,-0.085854,0.11694,-0.023426,0.084426,0.11461,0.0038,-0.11195,-0.47913,0.02629,0.0832,-0.48841,0.039349,-0.10062,-0.87506,0.1257,0.047993,-0.88462,0.091272
0.010064,0.89017,0.013732,-0.0016397,0.69257,0.024092,-0.1993,0.5913,0.007006,0.19694,0.58706,0.049813,-0.32795,0.3344,0.016337,0.31016,0.38225,0.055323,-0.39282,0.11523,-0.049039,0.37423,0.15614,-0.078927,-0.005995,0.31239,0.051102,0,0.24326,0,-0.086876,0.14996,-0.024744,0.08963,0.14778,0.008242,-0.10116,-0.38382,-0.028821,0.085221,-0.42064,-0.015999,-0.084228,-0.77053,0.10642,0.044223,-0.83897,0.11913
0.011763,0.90063,0.009723,0.0023128,0.70569,0.017554,-0.19812,0.5938,0.002529,0.19944,0.59833,0.046659,-0.29752,0.33209,0.04816,0.28618,0.34949,0.067264,-0.37213,0.10517,0.030394,0.3585,0.11213,-0.024122,-0.0051111,0.32707,0.048684,0,0.25579,0,-0.08987,0.16776,-0.021254,0.089292,0.16444,0.009703,-0.10338,-0.28083,-0.093752,0.087917,-0.3275,-0.068685,-0.053629,-0.66482,0.13717,0.02884,-0.71667,0.15241
0.012419,0.90763,0.002109,0.011549,0.721,0.017711,-0.18468,0.59652,-0.009241,0.20111,0.60745,0.04483,-0.29341,0.33197,0.061542,0.27814,0.33042,0.069181,-0.35079,0.10318,0.11019,0.34392,0.091212,0.045927,-0.0050529,0.33566,0.047058,0,0.26287,0,-0.089975,0.17685,-0.021858,0.087206,0.17354,0.011713,-0.097208,-0.26255,-0.1332,0.098609,-0.26036,-0.12161,-0.046408,-0.55985,0.004674,0.029849,-0.59537,0.16645
0.01179,0.90851,0.00065,0.009596,0.71934,0.015533,-0.18182,0.59658,-0.010329,0.20073,0.60952,0.044856,-0.28624,0.33361,0.10302,0.26898,0.3196,0.079537,-0.33167,0.11751,0.166,0.32484,0.087892,0.10306,-0.0051374,0.33663,0.044809,0,0.26419,0,-0.089273,0.17919,-0.021427,0.086941,0.17562,0.012238,-0.090703,-0.25801,-0.14235,0.09783,-0.25272,-0.13975,-0.039632,-0.54563,0.12248,0.02623,-0.54905,0.18417
0.011831,0.90811,0.000729,0.0042238,0.71641,0.017677,-0.18778,0.59704,0.001143,0.20081,0.607,0.047474,-0.28653,0.33073,0.11199,0.25459,0.30902,0.11154,-0.33405,0.11484,0.1744,0.33034,0.09454,0.15404,-0.0041401,0.33713,0.043714,0,0.26527,0,-0.089085,0.17973,-0.021817,0.08736,0.17576,0.01184,-0.090436,-0.25747,-0.14261,0.098488,-0.25265,-0.13978,-0.036942,-0.54484,0.11953,0.029102,-0.54951,0.18419
0.010642,0.90629,0.00711,0.0053767,0.71262,0.025786,-0.19084,0.59355,0.010514,0.1973,0.60189,0.058337,-0.28431,0.33324,0.12065,0.25248,0.30364,0.12081,-0.33861,0.12639,0.20125,0.34373,0.10074,0.17906,-0.0045121,0.33539,0.044331,0,0.26409,0,-0.087463,0.17651,-0.027021,0.087007,0.17424,0.010711,-0.10595,-0.27992,-0.11249,0.10655,-0.30303,-0.10148,-0.06028,-0.62712,0.16656,0.031911,-0.65324,0.16837
0.0028313,0.89457,0.028405,-0.0018663,0.70048,0.037828,-0.19509,0.58273,0.027403,0.19135,0.59217,0.079598,-0.28587,0.32065,0.15152,0.25092,0.29896,0.14325,-0.37023,0.11563,0.21216,0.36582,0.10793,0.20021,-0.00656,0.31696,0.048003,0,0.24546,0,-0.084024,0.15623,-0.028553,0.086182,0.15701,0.006763,-0.12531,-0.37125,-0.054732,0.1027,-0.37691,-0.056665,-0.077228,-0.75514,0.17685,0.051245,-0.75489,0.18279
-0.004307,0.86393,0.054377,-0.0039934,0.66964,0.056071,-0.20326,0.54861,0.055795,0.18346,0.55528,0.097259,-0.29932,0.29574,0.16898,0.26277,0.28482,0.1744,-0.42649,0.099143,0.15929,0.40071,0.10506,0.2188,-0.0054675,0.27585,0.051935,0,0.20537,0,-0.084153,0.11242,-0.04001,0.086086,0.1138,0.010002,-0.12587,-0.49066,0.015912,0.09131,-0.49463,0.010295,-0.13116,-0.93035,0.16161,0.076104,-0.92968,0.12686
-0.004902,0.80929,0.061389,0.0012404,0.61497,0.075204,-0.19652,0.49168,0.059972,0.18954,0.49616,0.1095,-0.31412,0.25909,0.16418,0.28731,0.24092,0.18234,-0.47804,0.093033,0.12913,0.4802,0.11266,0.20213,-0.0055562,0.2216,0.055237,0,0.15361,0,-0.080847,0.06963,-0.033137,0.080218,0.066991,-0.001143,-0.1215,-0.53306,0.02687,0.090526,-0.54031,0.014083,-0.13675,-0.95492,0.14122,0.082816,-0.96078,0.11824
-0.0026088,0.74498,0.064959,-0.004741,0.54626,0.060288,-0.18914,0.43389,0.058889,0.19329,0.43652,0.10574,-0.33504,0.17914,0.14712,0.31926,0.177,0.17353,-0.5386,0.084596,0.065349,0.54171,0.1101,0.18879,-0.006464,0.15812,0.05378,0,0.089795,0,-0.080667,0.0044149,-0.024351,0.082447,0.0038552,-0.003835,-0.11556,-0.55141,0.017176,0.097423,-0.55385,-0.002099,-0.1326,-0.95524,0.13953,0.087628,-0.96941,0.091109
-0.0055443,0.67468,0.050954,-0.005657,0.47535,0.045478,-0.16145,0.35019,0.024259,0.18783,0.36834,0.089641,-0.34649,0.13966,0.10577,0.31208,0.15341,0.13846,-0.56787,0.11243,0.004149,0.54353,0.14454,0.088792,-0.0094704,0.079454,0.05184,0,0.0077119,0,-0.076589,-0.07193,-0.023627,0.078508,-0.071295,0.003173,-0.11978,-0.56777,-0.018852,0.091906,-0.59892,-0.042095,-0.12966,-0.95438,0.12056,0.06966,-0.97897,0.094756
-0.007652,0.61578,0.033639,-0.0009912,0.42132,0.040663,-0.19969,0.29561,0.033783,0.18338,0.31276,0.061546,-0.37363,0.10079,0.0373,0.33692,0.11031,0.087484,-0.58155,0.13674,-0.079191,0.57095,0.18208,0.026556,-0.003525,0.040789,0.052625,0,-0.027793,0,-0.085035,-0.12054,-0.01687,0.084616,-0.1168,-0.000231,-0.11978,-0.58145,-0.039363,0.089926,-0.60374,-0.058884,-0.095087,-0.97154,0.10576,0.068439,-0.98005,0.080522
-0.0072429,0.60132,0.030542,0.0044634,0.39571,0.031001,-0.2006,0.28266,0.024427,0.18856,0.27893,0.047692,-0.39088,0.08631,-0.010067,0.35794,0.10543,0.059766,-0.57271,0.16276,-0.15117,0.54319,0.20863,-0.054492,-0.0022506,0.017833,0.050596,0,-0.052381,0,-0.087131,-0.1396,-0.018694,0.085562,-0.14057,0.001467,-0.11299,-0.58841,-0.049137,0.082282,-0.60459,-0.073488,-0.078926,-0.95805,0.063683,0.046411,-0.96807,0.032021
-0.0061408,0.5948,0.028306,0.0048028,0.39511,0.030629,-0.20083,0.27824,0.021612,0.19047,0.2776,0.040864,-0.39154,0.098254,-0.021578,0.35095,0.10766,0.051339,-0.5402,0.18334,-0.19754,0.50964,0.21323,-0.099569,-0.0016155,0.017526,0.050256,0,-0.052641,0,-0.087324,-0.14028,-0.019115,0.086004,-0.14117,0.002048,-0.10239,-0.58945,-0.052341,0.078679,-0.59961,-0.074521,-0.075762,-0.96248,0.066402,0.042459,-0.96618,0.03249
-0.0022663,0.6024,0.028098,0.0069387,0.40804,0.029083,-0.19807,0.29286,0.018137,0.19286,0.30548,0.03303,-0.38482,0.14504,-0.040465,0.38459,0.1152,0.001641,-0.51676,0.1907,-0.2433,0.52171,0.25275,-0.14402,-0.0006123,0.026591,0.049652,0,-0.044186,0,-0.087797,-0.13157,-0.020058,0.085679,-0.13289,0.002902,-0.10924,-0.58342,-0.03202,0.074452,-0.59804,-0.065796,-0.080067,-0.97089,0.090759,0.042278,-0.97179,0.058637
0.013997,0.66786,0.035878,0.0099288,0.4748,0.04016,-0.19544,0.37225,0.030247,0.19459,0.37418,0.046619,-0.35746,0.20319,-0.010747,0.32393,0.18012,0.038803,-0.48034,0.1807,-0.22363,0.46924,0.23766,-0.1504,-0.0003421,0.094215,0.051938,0,0.025123,0,-0.089171,-0.063425,-0.023539,0.08528,-0.062525,0.002001,-0.1284,-0.56905,0.037096,0.098116,-0.56834,-0.016349,-0.11479,-0.94315,0.13237,0.047383,-0.96667,0.080005
0.0053094,0.73115,0.042212,0.011237,0.54794,0.062065,-0.17536,0.4293,0.025363,0.19814,0.44093,0.063548,-0.3481,0.26885,0.011277,0.32615,0.24747,0.066358,-0.46182,0.17737,-0.2108,0.44847,0.23833,-0.14791,-0.0028318,0.15172,0.055742,0,0.081923,0,-0.084251,-0.00024052,-0.024473,0.080212,-0.0034574,-0.003166,-0.12804,-0.56405,0.06986,0.10445,-0.56561,0.0275,-0.13084,-0.94971,0.14323,0.078197,-0.97198,0.10954
0.0093258,0.79503,0.046644,0.0015182,0.60922,0.061006,-0.17971,0.48862,0.028393,0.2019,0.49768,0.065098,-0.3543,0.29941,0.027226,0.33474,0.30577,0.054577,-0.43052,0.15443,-0.15489,0.43672,0.22304,-0.15408,-0.0042731,0.20865,0.05615,0,0.13798,0,-0.083326,0.054146,-0.027286,0.082772,0.049745,-0.000398,-0.1342,-0.54059,0.07646,0.095545,-0.55274,0.050795,-0.14195,-0.94393,0.15228,0.07777,-0.95607,0.10179
0.0032642,0.84526,0.033719,0.0059633,0.65941,0.047892,-0.18799,0.53818,0.026645,0.19172,0.56119,0.062349,-0.33926,0.3143,0.03551,0.31021,0.34859,0.066425,-0.41689,0.12422,-0.091806,0.40261,0.20709,-0.11043,-0.0032812,0.26217,0.054683,0,0.19064,0,-0.086615,0.1058,-0.02535,0.084425,0.10337,0.002329,-0.12551,-0.48344,0.036122,0.085168,-0.4999,0.041968,-0.11546,-0.86783,0.15932,0.072439,-0.91503,0.11095
0.0070656,0.88078,0.020258,0.0035158,0.68638,0.032151,-0.20305,0.58347,0.033465,0.19539,0.60277,0.05365,-0.31193,0.31464,0.046055,0.31482,0.34953,0.066387,-0.38289,0.096998,-0.021619,0.39942,0.14902,-0.072055,-0.001773,0.30955,0.051513,0,0.24115,0,-0.089072,0.14944,-0.024368,0.089046,0.14431,0.006767,-0.11545,-0.37725,-0.028387,0.086557,-0.43499,-0.005554,-0.061495,-0.79109,0.15126,0.030064,-0.86218,0.13058
0.019495,0.90718,0.017096,0.01322,0.71401,0.025223,-0.16096,0.59145,-0.004314,0.1986,0.60349,0.05012,-0.29415,0.31896,0.058081,0.30762,0.34579,0.056891,-0.35264,0.083156,0.065409,0.38819,0.12191,-0.017369,-0.0057627,0.31626,0.049742,0,0.24387,0,-0.086942,0.15875,-0.022646,0.085927,0.15561,0.006064,-0.1099,-0.30266,-0.084823,0.095951,-0.34257,-0.065965,-0.049182,-0.68929,0.14032,0.031229,-0.74354,0.13481
0.020777,0.91204,0.010694,0.012462,0.71627,0.0229,-0.16088,0.59625,-0.004634,0.20158,0.60526,0.041916,-0.27928,0.33345,0.069544,0.29902,0.33323,0.060201,-0.32188,0.11589,0.13011,0.38482,0.099949,0.04306,-0.004398,0.32282,0.048093,0,0.24965,0,-0.085802,0.16897,-0.01926,0.083913,0.16392,0.004479,-0.10328,-0.26927,-0.13396,0.097925,-0.28906,-0.10156,-0.039903,-0.61058,0.14887,0.044236,-0.65027,0.15996
