0.050516,0.66593,-0.055276,0.026255,0.49283,0.011022,-0.17652,0.40555,-0.000717,0.22047,0.39513,0.027475,-0.35263,0.24894,0.011293,0.3799,0.21883,-0.026348,-0.46341,0.16214,-0.19634,0.47004,0.24078,-0.26106,0.0038806,0.12362,0.005748,0,0.050219,0,-0.096518,-0.034418,-0.022034,0.085776,-0.046248,0.011644,-0.12684,-0.55315,0.015089,0.11528,-0.55118,0.000631,-0.11528,-0.9693,0.087236,0.10804,-0.96207,0.065435
0.04243,0.72559,-0.060035,0.025402,0.55842,0.023888,-0.17619,0.47129,0.000739,0.21709,0.46834,0.029231,-0.34701,0.31483,0.03076,0.35836,0.27716,-0.022258,-0.43435,0.16526,-0.14807,0.43105,0.21807,-0.25634,0.0035069,0.18497,0.011,0,0.11126,0,-0.094658,0.026824,-0.021905,0.084529,0.017373,0.006648,-0.12602,-0.54657,0.042171,0.11291,-0.53595,0.038183,-0.12386,-0.96055,0.09038,0.13655,-0.94894,0.049865
0.043096,0.7806,-0.064435,0.025352,0.61346,0.011471,-0.17602,0.53591,-0.000611,0.21749,0.52265,0.024055,-0.33458,0.32979,0.033433,0.33775,0.31647,-0.007996,-0.41425,0.12785,-0.085401,0.41397,0.19184,-0.21116,0.0034799,0.25023,0.010532,0,0.17836,0,-0.096398,0.094487,-0.016104,0.086035,0.084356,0.005541,-0.12448,-0.50909,0.030434,0.1204,-0.52005,0.039295,-0.11147,-0.93494,0.096174,0.14317,-0.94403,0.081682
0.043983,0.81977,-0.09943,0.026093,0.65156,-0.006563,-0.17492,0.55856,-0.02052,0.21458,0.54878,0.010565,-0.32933,0.33521,0.028516,0.32109,0.33136,-0.013522,-0.4024,0.1071,-0.029056,0.39543,0.12159,-0.17158,0.0034122,0.28023,0.007559,0,0.2069,0,-0.095843,0.12403,-0.013072,0.085647,0.11625,0.009567,-0.12642,-0.39727,-0.042919,0.11309,-0.40111,-0.027743,-0.095977,-0.8012,0.13072,0.11709,-0.81752,0.12129
0.043238,0.83214,-0.12262,0.02323,0.66079,-0.022448,-0.17454,0.57465,-0.035694,0.21217,0.56227,-0.007947,-0.31245,0.33258,0.028304,0.30336,0.30981,-0.014611,-0.39322,0.10533,0.040599,0.37846,0.091861,-0.093468,0.0031645,0.30322,0.002829,0,0.23343,0,-0.095403,0.14889,-0.009549,0.086735,0.14484,0.014601,-0.13374,-0.2939,-0.10778,0.11383,-0.30868,-0.084536,-0.060888,-0.65677,0.12541,0.067638,-0.68763,0.13132
0.042325,0.83489,-0.13372,0.019694,0.66744,-0.036019,-0.1763,0.57942,-0.040005,0.21242,0.56515,-0.015986,-0.30097,0.3402,0.0401,0.27769,0.28666,0.019028,-0.37661,0.12474,0.095248,0.36828,0.066157,-0.007441,0.0028079,0.319,-0.000136,0,0.25007,0,-0.096082,0.16572,-0.006554,0.088328,0.1573,0.016442,-0.14104,-0.25191,-0.17786,0.11849,-0.26099,-0.15663,-0.025524,-0.56836,0.097321,0.053978,-0.59308,0.11696
0.041539,0.83337,-0.1459,0.019053,0.66924,-0.041969,-0.17748,0.58319,-0.041269,0.21181,0.56713,-0.019514,-0.29595,0.35272,0.057189,0.27613,0.29498,0.030323,-0.38221,0.14599,0.12538,0.36425,0.077297,0.058862,0.0028253,0.3244,-0.001774,0,0.25571,0,-0.096535,0.17029,-0.006631,0.08876,0.16407,0.018734,-0.14843,-0.22997,-0.21548,0.12218,-0.2363,-0.1939,-0.027793,-0.51538,0.087571,0.057877,-0.50755,0.13571
0.042723,0.83157,-0.15501,0.019192,0.6653,-0.048876,-0.17782,0.5851,-0.040451,0.20994,0.57028,-0.018928,-0.29751,0.36214,0.079549,0.27321,0.30211,0.041756,-0.39712,0.16561,0.15719,0.36414,0.105,0.12684,0.0029212,0.32707,-0.003181,0,0.25903,0,-0.096744,0.17407,-0.005944,0.088631,0.16771,0.019712,-0.13177,-0.23008,-0.20962,0.12329,-0.23128,-0.19467,-0.024105,-0.50366,0.10751,0.05613,-0.49379,0.14083
0.047348,0.82886,-0.16319,0.019938,0.66261,-0.052035,-0.17692,0.58669,-0.038088,0.20953,0.57201,-0.017221,-0.30422,0.37352,0.091567,0.27411,0.31273,0.069383,-0.42499,0.186,0.16893,0.37777,0.12681,0.16329,0.0030058,0.32787,-0.004798,0,0.26026,0,-0.096137,0.17647,-0.006312,0.087805,0.16863,0.021812,-0.13402,-0.24487,-0.16596,0.1143,-0.23434,-0.18486,0.0002486,-0.54057,0.12237,0.059552,-0.46997,0.17054
0.053902,0.81191,-0.17,0.025192,0.6557,-0.05601,-0.17065,0.58717,-0.037603,0.21429,0.56994,-0.008123,-0.31488,0.38521,0.10436,0.28733,0.33202,0.096847,-0.4609,0.21801,0.17813,0.42419,0.16449,0.18374,0.0037614,0.31935,-0.006166,0,0.25133,0,-0.09529,0.16944,-0.00374,0.08485,0.15975,0.021686,-0.12289,-0.28356,-0.12361,0.10925,-0.28345,-0.11813,-0.036034,-0.67938,0.05163,0.067918,-0.67921,0.071095
0.061702,0.80994,-0.15851,0.027924,0.64432,-0.060556,-0.1673,0.58021,-0.028506,0.21977,0.56195,0.003518,-0.33371,0.37998,0.1239,0.30212,0.31707,0.13868,-0.51838,0.23311,0.14726,0.46012,0.15757,0.20614,0.0043524,0.29494,-0.007508,0,0.22362,0,-0.095303,0.1427,-0.00093,0.083893,0.12975,0.021567,-0.11885,-0.3989,-0.067868,0.11177,-0.41471,-0.061949,-0.060671,-0.83615,0.010245,0.11385,-0.8505,0.014321
0.065369,0.77433,-0.16242,0.032325,0.61215,-0.056948,-0.16754,0.54462,-0.034842,0.22279,0.53913,0.008222,-0.35142,0.36711,0.12466,0.31292,0.31047,0.14944,-0.56014,0.2508,0.11715,0.51238,0.197,0.20204,0.0048795,0.25968,-0.007758,0,0.189,0,-0.097011,0.10294,-0.003867,0.083261,0.097178,0.021215,-0.10796,-0.50237,-0.024839,0.10851,-0.50611,-0.026945,-0.088859,-0.92843,-0.041401,0.12148,-0.92494,-0.046106
0.053489,0.66923,-0.13947,0.025615,0.49637,-0.037123,-0.17687,0.4255,-0.023723,0.21537,0.41804,0.025001,-0.38707,0.28074,0.075667,0.33893,0.23017,0.1406,-0.61899,0.25821,0.0081,0.57645,0.21079,0.10787,0.0037396,0.14055,-0.004803,0,0.069067,0,-0.09414,-0.016126,-0.013089,0.083377,-0.025302,0.022667,-0.1202,-0.55839,-0.016268,0.090019,-0.58493,-0.026903,-0.12353,-0.97966,0.01101,0.079572,-0.99006,-0.009622
0.048098,0.60562,-0.13783,0.025939,0.43267,-0.027033,-0.17966,0.35903,-0.017059,0.21649,0.34818,0.022321,-0.40004,0.21396,0.049721,0.37332,0.19066,0.12064,-0.61903,0.24068,-0.056464,0.60336,0.22872,0.053974,0.0039405,0.079647,-0.003536,0,0.0088733,0,-0.095437,-0.076977,-0.014472,0.084356,-0.086318,0.019901,-0.11483,-0.5936,-0.044561,0.083972,-0.58958,-0.053039,-0.11258,-0.99479,0.035917,0.068682,-0.9917,-0.000421
0.043273,0.55917,-0.11476,0.027643,0.37849,-0.021266,-0.17751,0.28926,-0.021439,0.22232,0.28603,0.030611,-0.39968,0.15884,0.017635,0.398,0.1397,0.1016,-0.59613,0.22162,-0.11726,0.59709,0.22425,-0.014152,0.0041539,0.023896,-0.002975,0,-0.047127,0,-0.096522,-0.13363,-0.019666,0.084568,-0.14467,0.022667,-0.11277,-0.59869,-0.066555,0.073031,-0.61019,-0.10382,-0.073259,-1.0034,0.028188,0.070079,-0.99311,-0.002917
0.03832,0.54559,-0.10666,0.025455,0.36796,-0.01341,-0.17827,0.26647,-0.019991,0.21837,0.26573,0.025203,-0.39547,0.10015,0.007833,0.38914,0.10201,0.088011,-0.56541,0.19712,-0.15666,0.57768,0.23001,-0.057392,0.0038914,0.011519,-0.002009,0,-0.060209,0,-0.095619,-0.14765,-0.021913,0.084713,-0.15526,0.021628,-0.098195,-0.60284,-0.099414,0.068264,-0.60587,-0.11618,-0.07341,-1.0049,0.026422,0.049582,-0.9932,-0.031761
0.034924,0.54506,-0.096736,0.019243,0.36341,-0.011242,-0.17967,0.26477,-0.017627,0.21849,0.26389,0.025883,-0.39255,0.10074,0.006856,0.37662,0.085295,0.099939,-0.55452,0.18676,-0.17457,0.56637,0.23106,-0.10814,0.0032979,0.0099959,-0.001858,0,-0.061272,0,-0.095387,-0.14877,-0.021574,0.085399,-0.15675,0.020162,-0.09755,-0.60305,-0.098681,0.069405,-0.60585,-0.11515,-0.073042,-1.0037,0.025158,0.05153,-0.99333,-0.030419
0.033046,0.56454,-0.076776,0.016789,0.38176,-0.001697,-0.18928,0.29581,-0.004266,0.2173,0.29343,0.032055,-0.35139,0.13102,0.027064,0.38059,0.12389,0.043453,-0.5355,0.17386,-0.19677,0.54879,0.24712,-0.14452,0.0026721,0.026624,0.000988,0,-0.043754,0,-0.095673,-0.13288,-0.021662,0.087772,-0.14025,0.016175,-0.1043,-0.59886,-0.071718,0.079801,-0.60668,-0.090879,-0.072325,-1.0029,0.031231,0.058812,-0.99448,-0.017161
0.028394,0.63934,-0.057946,0.024102,0.46454,0.010194,-0.18804,0.37296,0.007379,0.21058,0.37382,0.035925,-0.35725,0.20853,0.034173,0.36452,0.19576,0.046521,-0.52609,0.16992,-0.19593,0.51142,0.25254,-0.14695,0.0035747,0.098561,0.00497,0,0.02575,0,-0.094649,-0.061279,-0.019388,0.084701,-0.068321,0.009271,-0.11222,-0.57916,-0.009327,0.099977,-0.58848,-0.031949,-0.085227,-0.99494,0.045492,0.073821,-0.98463,0.000477
0.028123,0.70877,-0.045495,0.02095,0.53586,0.018027,-0.18591,0.44535,0.008378,0.20726,0.44709,0.051282,-0.36665,0.28836,0.022518,0.36368,0.2682,0.041913,-0.48365,0.17116,-0.16325,0.47964,0.24779,-0.17967,0.002539,0.16063,0.008841,0,0.086283,0,-0.092572,0.00058085,-0.022765,0.084208,-0.0075061,0.00985,-0.11327,-0.56487,0.039946,0.1058,-0.57461,0.022331,-0.10446,-0.9669,0.032917,0.10954,-0.98218,-0.017593
0.025425,0.77274,-0.046203,0.0141,0.59442,0.02251,-0.18965,0.51366,0.010938,0.20163,0.52142,0.044887,-0.36339,0.34183,0.042681,0.3426,0.33341,0.055917,-0.45575,0.18044,-0.12054,0.45262,0.23895,-0.14741,0.001367,0.2282,0.01238,0,0.15608,0,-0.089778,0.069314,-0.02348,0.084034,0.064278,0.008476,-0.11409,-0.53084,0.036873,0.10923,-0.53909,0.034944,-0.10137,-0.95784,0.041544,0.11498,-0.95832,0.00375
0.019848,0.82265,-0.067427,0.011706,0.65021,0.015511,-0.19338,0.55175,-0.000616,0.19414,0.57209,0.037075,-0.36443,0.34676,0.038798,0.3187,0.37055,0.053199,-0.44807,0.14487,-0.078791,0.41193,0.20939,-0.10963,0.0006972,0.28021,0.013028,0,0.20725,0,-0.092229,0.12024,-0.022928,0.08754,0.11685,0.010982,-0.11285,-0.46751,-0.001934,0.10654,-0.47614,0.000762,-0.084543,-0.87126,0.10181,0.10214,-0.89681,0.060524
0.019911,0.84,-0.083845,0.016271,0.68535,0.00618,-0.19427,0.57618,-0.012621,0.19834,0.58734,0.026167,-0.33951,0.36044,0.037661,0.31102,0.3735,0.043696,-0.42469,0.13671,-0.009818,0.39842,0.16095,-0.059657,0.0013763,0.31653,0.01208,0,0.24371,0,-0.09528,0.15653,-0.019264,0.088606,0.15043,0.010741,-0.12309,-0.34046,-0.073433,0.105,-0.36854,-0.058708,-0.055135,-0.73177,0.12082,0.070984,-0.7721,0.12095
0.022086,0.85559,-0.090609,0.019156,0.69619,-0.002136,-0.19459,0.59693,-0.016412,0.20248,0.58858,0.020597,-0.32498,0.36076,0.043958,0.29258,0.35964,0.056701,-0.39933,0.13397,0.072888,0.3839,0.13352,0.007285,0.0020318,0.33532,0.010186,0,0.26407,0,-0.097515,0.17674,-0.016806,0.089536,0.16955,0.012228,-0.1189,-0.26236,-0.11476,0.11054,-0.27703,-0.10349,-0.019122,-0.61168,0.13133,0.072563,-0.63294,0.14957
0.024407,0.86388,-0.097814,0.0071301,0.69852,-0.025087,-0.1907,0.60326,-0.018741,0.20684,0.59361,0.016876,-0.30488,0.35883,0.082063,0.28869,0.34646,0.07269,-0.37713,0.14022,0.13855,0.38348,0.12298,0.09069,0.0014098,0.34762,0.005732,0,0.27891,0,-0.095591,0.19307,-0.011631,0.090527,0.18597,0.016362,-0.12532,-0.23306,-0.15825,0.12222,-0.23472,-0.14624,-0.013025,-0.53431,0.13615,0.070038,-0.55603,0.14412
0.022212,0.8681,-0.1049,0.0074704,0.69674,-0.03164,-0.1904,0.60843,-0.01909,0.20763,0.59683,0.014351,-0.29414,0.36295,0.112,0.28453,0.34861,0.083982,-0.36528,0.14928,0.17505,0.37114,0.14826,0.16578,0.0016256,0.34945,0.003016,0,0.28114,0,-0.096249,0.1956,-0.007502,0.090696,0.18856,0.01751,-0.099784,-0.22118,-0.18294,0.12184,-0.2217,-0.17112,-0.0023258,-0.47843,0.15212,0.063886,-0.49372,0.16164
0.02101,0.8667,-0.10916,0.0064645,0.69192,-0.037021,-0.1903,0.60787,-0.018742,0.20789,0.5966,0.012965,-0.29174,0.36513,0.12459,0.28172,0.3403,0.12367,-0.37259,0.16093,0.20253,0.38449,0.14442,0.19773,0.0016363,0.34895,0.001171,0,0.28053,0,-0.096209,0.19447,-0.005199,0.09087,0.18801,0.017549,-0.10726,-0.22179,-0.18064,0.12291,-0.22095,-0.17307,-0.0089386,-0.48159,0.15269,0.065839,-0.49402,0.15934
0.01909,0.85802,-0.12242,0.010708,0.68744,-0.037523,-0.18674,0.60017,-0.023113,0.20565,0.59464,0.010922,-0.29427,0.37186,0.13623,0.28382,0.35094,0.12592,-0.39901,0.1836,0.22373,0.39285,0.18129,0.23854,0.0019346,0.34282,-0.000173,0,0.27325,0,-0.094926,0.18874,-0.007163,0.088835,0.18282,0.017966,-0.12098,-0.24146,-0.13693,0.12389,-0.2397,-0.13539,-0.043124,-0.5377,0.15746,0.070487,-0.57758,0.13833
0.017629,0.84247,-0.12792,0.014195,0.67971,-0.038241,-0.19543,0.59108,-0.017045,0.20446,0.5906,0.01142,-0.29542,0.37288,0.13887,0.29164,0.35538,0.13422,-0.42054,0.19421,0.22063,0.41851,0.18978,0.23518,0.0023426,0.33075,-0.001147,0,0.26035,0,-0.096051,0.16852,-0.008097,0.088178,0.16943,0.018883,-0.12192,-0.31415,-0.099686,0.11847,-0.31995,-0.087589,-0.070074,-0.71492,0.0848,0.07507,-0.72237,0.095673
0.01928,0.83208,-0.12761,0.0061859,0.65292,-0.041498,-0.19588,0.57675,-0.009636,0.19919,0.58059,0.017845,-0.31401,0.36353,0.14768,0.30084,0.34299,0.15025,-0.47322,0.19742,0.19582,0.47365,0.207,0.22809,0.0003352,0.28985,-0.002542,0,0.21603,0,-0.091012,0.13168,-0.00679,0.0894,0.12804,0.019113,-0.11159,-0.43903,-0.042579,0.11757,-0.45357,-0.025209,-0.092832,-0.87244,0.036503,0.092233,-0.89733,0.05231
0.0072541,0.78954,-0.12162,0.0039544,0.6256,-0.03394,-0.20981,0.52733,0.004514,0.18955,0.53463,0.041486,-0.35176,0.32096,0.1508,0.31827,0.31089,0.17421,-0.54122,0.17656,0.14799,0.51211,0.19027,0.22885,9.5e-06,0.25912,-0.001922,0,0.18564,0,-0.090355,0.09079,-0.010182,0.089743,0.092064,0.016711,-0.11402,-0.51253,-0.001662,0.1068,-0.51187,0.00931,-0.12419,-0.95085,0.041641,0.095302,-0.94848,0.034895
-0.0082244,0.73326,-0.10275,0.0036534,0.55867,-0.013345,-0.21531,0.46388,0.016601,0.19295,0.46527,0.056981,-0.37545,0.26755,0.14122,0.31674,0.26675,0.17405,-0.59818,0.18459,0.10705,0.54606,0.20629,0.18512,8.4e-06,0.19228,0.000935,0,0.11901,0,-0.092062,0.023955,-0.014906,0.090515,0.02787,0.014503,-0.11673,-0.53206,0.007275,0.098994,-0.54061,0.011579,-0.13279,-0.97274,0.061561,0.088952,-0.9576,0.04019
-0.005359,0.66532,-0.0918,-0.0053365,0.48296,-0.015686,-0.2165,0.39508,0.026081,0.18535,0.4,0.057972,-0.38921,0.21158,0.12308,0.32856,0.23114,0.15986,-0.61675,0.1821,0.043763,0.56523,0.20611,0.13028,-0.001324,0.12803,-5.2e-05,0,0.057028,0,-0.089695,-0.036909,-0.016749,0.092001,-0.033131,0.01735,-0.10911,-0.5511,-0.006998,0.092484,-0.57555,-0.017197,-0.12688,-0.98836,0.097843,0.074311,-0.97925,0.064532
-0.007075,0.60593,-0.087085,-0.0010298,0.42806,-0.003835,-0.21679,0.32762,0.023624,0.18888,0.34416,0.049155,-0.41806,0.15769,0.078584,0.35301,0.16984,0.13539,-0.63266,0.18355,-0.036381,0.57872,0.22329,0.065836,-0.0005416,0.070741,0.002424,0,-0.00054725,0,-0.092371,-0.095871,-0.019672,0.092818,-0.091086,0.015137,-0.10849,-0.59838,-0.040198,0.091917,-0.58659,-0.044552,-0.1145,-0.98686,0.080704,0.056583,-0.9777,0.056871
-0.0051781,0.57632,-0.083249,0.0085773,0.39578,0.000884,-0.21283,0.2933,0.018856,0.19265,0.28389,0.043717,-0.41012,0.13187,0.043772,0.37255,0.15033,0.10213,-0.61459,0.17466,-0.085318,0.57733,0.23098,-0.003708,0.0010247,0.037467,0.004073,0,-0.034183,0,-0.09353,-0.12396,-0.021208,0.089754,-0.13056,0.014676,-0.10617,-0.60055,-0.055694,0.089635,-0.59223,-0.066948,-0.080009,-0.98405,0.052718,0.056591,-0.97752,0.045481
-0.001842,0.5661,-0.068121,0.0062783,0.37935,0.001019,-0.2084,0.28808,0.016909,0.19526,0.28396,0.041164,-0.40259,0.1242,0.027136,0.37579,0.1444,0.081717,-0.58354,0.17076,-0.13502,0.55448,0.23982,-0.058034,0.0006047,0.027118,0.005009,0,-0.043222,0,-0.093326,-0.13425,-0.017443,0.0907,-0.13472,0.011896,-0.10515,-0.60066,-0.061452,0.085117,-0.59338,-0.073281,-0.08389,-0.98737,0.051528,0.052752,-0.97303,0.035789
0.0094063,0.58652,-0.04731,0.0070231,0.38905,0.005547,-0.20475,0.29217,0.017602,0.19824,0.29197,0.042055,-0.39237,0.12289,0.034169,0.37912,0.1432,0.057231,-0.55936,0.16466,-0.14471,0.52992,0.24716,-0.10926,0.0005851,0.031138,0.006698,0,-0.039738,0,-0.093579,-0.13029,-0.017497,0.090557,-0.13118,0.010798,-0.11231,-0.59417,-0.051871,0.082279,-0.59331,-0.065864,-0.086878,-0.98716,0.055299,0.052961,-0.97313,0.03547
0.018178,0.65452,-0.024017,0.0095821,0.45993,0.021579,-0.1889,0.37151,0.021947,0.20325,0.36921,0.047196,-0.36729,0.18043,0.019531,0.33324,0.16874,0.054961,-0.51855,0.14519,-0.1752,0.48059,0.2392,-0.13255,0.0008456,0.094396,0.012272,0,0.022409,0,-0.090544,-0.064431,-0.021579,0.086642,-0.068906,0.006975,-0.12313,-0.56623,-0.003771,0.09491,-0.56164,-0.018055,-0.093623,-0.98588,0.064825,0.055831,-0.97329,0.045246
0.016512,0.72137,-0.016167,0.0048455,0.53551,0.032288,-0.19432,0.43792,0.023148,0.19771,0.44475,0.052082,-0.35948,0.25216,0.031138,0.31561,0.24293,0.068493,-0.47358,0.13444,-0.15558,0.45109,0.2337,-0.14117,-0.0002743,0.15823,0.017493,0,0.084627,0,-0.08952,-0.0028847,-0.024158,0.087605,-0.0060443,0.005752,-0.12279,-0.56783,0.049578,0.092751,-0.5606,0.036986,-0.11995,-0.97958,0.061157,0.076078,-0.97309,0.047957
0.017436,0.78701,-0.007423,0.00939,0.606,0.029272,-0.19048,0.50377,0.015597,0.19979,0.51369,0.047684,-0.34713,0.31615,0.049252,0.31345,0.30865,0.059493,-0.42538,0.14488,-0.11025,0.42902,0.22711,-0.14595,0.0001395,0.21865,0.019817,0,0.14316,0,-0.088683,0.056513,-0.022891,0.085081,0.052262,0.006182,-0.12414,-0.54111,0.044941,0.092537,-0.55038,0.035713,-0.1217,-0.96908,0.046842,0.094245,-0.957,0.032132
0.022296,0.84424,-0.027422,0.0076105,0.65928,0.012384,-0.19478,0.55603,0.008438,0.19781,0.56578,0.035393,-0.33707,0.34214,0.045991,0.30542,0.35076,0.054084,-0.4065,0.14262,-0.077297,0.40176,0.20588,-0.12218,6e-06,0.27799,0.017931,0,0.20303,0,-0.090986,0.11509,-0.020072,0.088001,0.11198,0.009609,-0.12141,-0.4869,0.014392,0.10335,-0.49001,0.003644,-0.10695,-0.90292,0.064503,0.088994,-0.90642,0.048153
0.027184,0.86921,-0.033398,0.011633,0.67616,-0.005065,-0.18684,0.57797,-0.010495,0.19753,0.58606,0.022349,-0.32784,0.35115,0.042174,0.30253,0.3583,0.041307,-0.39487,0.13228,-0.036108,0.37931,0.1628,-0.08422,0.0005961,0.30387,0.013181,0,0.23098,0,-0.091898,0.15024,-0.011895,0.086543,0.14499,0.013002,-0.1244,-0.37723,-0.054031,0.10666,-0.38712,-0.061232,-0.057322,-0.78483,0.11606,0.071279,-0.81422,0.072663
0.031111,0.8865,-0.048857,0.014617,0.70458,-0.020773,-0.18734,0.60446,-0.021756,0.20375,0.59567,0.008762,-0.3144,0.35595,0.045312,0.29911,0.35883,0.029359,-0.38951,0.13051,0.026178,0.37285,0.13901,-0.037146,0.0012418,0.34077,0.009453,0,0.26716,0,-0.094209,0.17722,-0.012199,0.088778,0.17158,0.011604,-0.12308,-0.27021,-0.11334,0.10776,-0.29917,-0.10801,-0.036358,-0.65059,0.098735,0.044586,-0.69882,0.078768
0.031658,0.89828,-0.05069,0.019801,0.72107,-0.017824,-0.19002,0.60844,-0.025937,0.20497,0.59894,0.006162,-0.312,0.36562,0.055514,0.28831,0.36061,0.038037,-0.39562,0.14545,0.073059,0.37197,0.12253,0.017916,0.0019798,0.3523,0.008331,0,0.27837,0,-0.096087,0.18975,-0.011489,0.08926,0.18481,0.012863,-0.12838,-0.23775,-0.15124,0.11358,-0.23593,-0.14949,-0.042812,-0.57325,0.12123,0.067534,-0.58907,0.1112
0.030393,0.91232,-0.043078,0.021232,0.72993,-0.010752,-0.18887,0.61413,-0.023546,0.2091,0.60021,0.008894,-0.31157,0.3702,0.070961,0.28717,0.33569,0.08039,-0.40681,0.1571,0.13161,0.37657,0.11891,0.10511,0.0023112,0.35734,0.008241,0,0.28298,0,-0.096746,0.19457,-0.013189,0.089144,0.18823,0.012797,-0.12873,-0.23244,-0.15377,0.10988,-0.2274,-0.16316,-0.024277,-0.52937,0.15189,0.045049,-0.51693,0.13052
0.030479,0.91443,-0.037842,0.019801,0.73015,-0.009403,-0.18748,0.61922,-0.014458,0.21035,0.60829,0.021528,-0.30565,0.37948,0.13152,0.28295,0.34453,0.087877,-0.41365,0.17035,0.15105,0.38533,0.14253,0.14609,0.0019892,0.35914,0.00765,0,0.28536,0,-0.0958,0.19787,-0.01502,0.088926,0.19083,0.01356,-0.13004,-0.22953,-0.15269,0.10904,-0.22482,-0.16167,-0.032748,-0.52986,0.15208,0.065249,-0.55333,0.12743
0.031084,0.91698,-0.023009,0.017397,0.73061,-0.000811,-0.18443,0.61729,-0.004351,0.20928,0.61471,0.035602,-0.30759,0.38307,0.14238,0.28404,0.35518,0.10646,-0.43387,0.19035,0.18715,0.39604,0.16383,0.17828,0.0016282,0.35829,0.009032,0,0.28398,0,-0.094797,0.19661,-0.017577,0.088681,0.18981,0.011775,-0.11939,-0.26298,-0.11312,0.10936,-0.27901,-0.11063,-0.059506,-0.63733,0.11799,0.055953,-0.64306,0.1361
0.026131,0.91528,-0.005975,0.014889,0.72485,0.017481,-0.18313,0.61038,0.012242,0.2061,0.6104,0.050746,-0.31338,0.38384,0.16052,0.28316,0.35646,0.12351,-0.45244,0.19917,0.20244,0.42784,0.1824,0.21335,0.0005843,0.34631,0.014824,0,0.26953,0,-0.09254,0.18344,-0.02079,0.087252,0.17762,0.007701,-0.12485,-0.34737,-0.073549,0.10485,-0.36645,-0.064632,-0.075795,-0.7483,0.11773,0.082681,-0.76251,0.13951
0.026143,0.8948,0.028205,0.0098274,0.70232,0.046074,-0.18336,0.58622,0.038123,0.20337,0.59395,0.077432,-0.32757,0.37146,0.18554,0.29891,0.32973,0.17189,-0.50507,0.21648,0.20466,0.46471,0.17688,0.23368,-0.0003503,0.3105,0.023523,0,0.23385,0,-0.089305,0.15076,-0.027559,0.085838,0.13938,0.003158,-0.11715,-0.4522,-0.021679,0.097382,-0.46418,0.006904,-0.088973,-0.88345,0.10748,0.11632,-0.90288,0.11549
0.013365,0.84983,0.045987,0.017175,0.65583,0.064688,-0.19445,0.53431,0.06483,0.19941,0.54208,0.095005,-0.34644,0.32892,0.20232,0.31264,0.31005,0.18787,-0.55275,0.21019,0.19009,0.50094,0.17639,0.23142,0.0011812,0.26898,0.02907,0,0.19617,0,-0.090713,0.11442,-0.028899,0.084736,0.10041,-0.000652,-0.11207,-0.48779,0.004119,0.090729,-0.50302,0.019424,-0.10087,-0.94086,0.087491,0.10661,-0.98262,0.080088
0.013111,0.78909,0.051436,0.012671,0.59762,0.075508,-0.18799,0.47225,0.064586,0.20603,0.47471,0.092364,-0.35396,0.28853,0.19207,0.32662,0.25412,0.17667,-0.58104,0.2199,0.15795,0.55211,0.18059,0.18282,0.0004175,0.20583,0.034122,0,0.13309,0,-0.087616,0.049546,-0.027309,0.082827,0.041075,-0.006629,-0.11186,-0.53553,0.000678,0.09262,-0.55054,0.013559,-0.10725,-0.95528,0.081878,0.10546,-0.97612,0.068778
0.0083253,0.7128,0.039335,0.014856,0.52003,0.073766,-0.19075,0.39943,0.053399,0.19356,0.40818,0.085317,-0.38255,0.22697,0.16188,0.34931,0.20158,0.1521,-0.60999,0.22184,0.077459,0.58513,0.18051,0.11302,0.0003367,0.13489,0.036561,0,0.064073,0,-0.087824,-0.020452,-0.033561,0.082171,-0.024911,4.9e-05,-0.11548,-0.55414,-0.031177,0.091724,-0.58375,-0.044675,-0.094559,-0.98083,0.11218,0.092272,-0.97944,0.060387
0.0044618,0.65322,0.02712,0.016509,0.46382,0.063027,-0.1947,0.3329,0.039042,0.19901,0.34315,0.069864,-0.38841,0.16641,0.12342,0.36719,0.15096,0.11699,-0.59896,0.21828,0.008443,0.59405,0.18243,0.03781,0.0005477,0.075153,0.037379,0,0.0033278,0,-0.09249,-0.084256,-0.029675,0.086137,-0.086295,-8.3e-05,-0.11844,-0.57762,-0.063532,0.083933,-0.5998,-0.068897,-0.08715,-0.98538,0.10244,0.066216,-0.99835,0.072121
0.0054875,0.60365,0.026928,0.0047531,0.41228,0.04971,-0.19242,0.29075,0.025886,0.19979,0.32207,0.07096,-0.39626,0.10458,0.097538,0.36562,0.13634,0.095558,-0.5843,0.20488,-0.046471,0.57006,0.19382,-0.02624,-0.0020803,0.045791,0.037948,0,-0.022814,0,-0.091067,-0.1118,-0.031042,0.088349,-0.11626,0.006619,-0.11721,-0.58981,-0.074321,0.080733,-0.60545,-0.081978,-0.079734,-0.98316,0.076022,0.060806,-0.99993,0.061954
0.009896,0.59847,0.023917,0.0017772,0.39466,0.036021,-0.187,0.28446,0.020296,0.19714,0.27804,0.057143,-0.39066,0.083539,0.046413,0.36607,0.11732,0.076686,-0.5617,0.19133,-0.11362,0.54061,0.19385,-0.080151,-0.0029484,0.021318,0.036921,0,-0.049257,0,-0.08856,-0.13294,-0.027506,0.088744,-0.13887,0.007096,-0.11014,-0.589,-0.079459,0.080683,-0.6068,-0.089462,-0.064304,-0.98009,0.058113,0.056519,-0.99725,0.045639
0.010381,0.59853,0.022614,0.0021291,0.39656,0.033913,-0.1872,0.28443,0.01897,0.19736,0.28154,0.05129,-0.38331,0.096415,0.048754,0.35506,0.080862,0.05658,-0.5307,0.16362,-0.15502,0.50197,0.18711,-0.1166,-0.002528,0.022185,0.037879,0,-0.048355,0,-0.089,-0.1322,-0.025793,0.088628,-0.13834,0.007162,-0.10254,-0.58583,-0.073023,0.076031,-0.60905,-0.079758,-0.06094,-0.98182,0.05813,0.053663,-0.94425,0.017851
0.021117,0.63119,0.024093,0.0081908,0.44522,0.029585,-0.18395,0.32898,0.013806,0.20265,0.32377,0.039498,-0.35259,0.16635,0.026585,0.33706,0.13319,0.058019,-0.49585,0.13192,-0.17439,0.4739,0.18645,-0.14335,-0.0011355,0.060992,0.038312,0,-0.01131,0,-0.090761,-0.097385,-0.023992,0.087652,-0.10115,0.00692,-0.096968,-0.58118,-0.027723,0.094098,-0.58984,-0.036278,-0.05778,-0.98423,0.082595,0.071788,-0.98908,0.057483
0.020087,0.70541,0.030309,0.010129,0.51375,0.037335,-0.1876,0.40895,0.018456,0.1965,0.40712,0.050385,-0.34992,0.21897,0.027125,0.33362,0.21305,0.028526,-0.47451,0.12576,-0.16688,0.45869,0.1732,-0.18396,-0.0014635,0.12938,0.040983,0,0.057537,0,-0.08911,-0.027607,-0.026648,0.085223,-0.032374,0.006833,-0.11106,-0.5673,0.032161,0.10992,-0.57843,0.009109,-0.0686,-0.98326,0.088252,0.093612,-0.98319,0.052788
0.017503,0.77767,0.035659,0.0024646,0.5869,0.036691,-0.19028,0.47869,0.01824,0.19882,0.47958,0.046563,-0.3403,0.28666,0.040545,0.32968,0.28405,0.051496,-0.42004,0.10728,-0.10759,0.42789,0.17058,-0.14699,-0.0024185,0.19207,0.042204,0,0.11817,0,-0.087169,0.03442,-0.024383,0.08624,0.025178,0.005154,-0.1081,-0.56196,0.043431,0.10653,-0.56488,0.0409,-0.097747,-0.94012,0.052741,0.11388,-0.96444,0.010235
0.015769,0.83906,0.019459,0.0087506,0.6537,0.028662,-0.18796,0.53939,0.006019,0.1956,0.5355,0.028668,-0.32453,0.31393,0.052984,0.3151,0.33325,0.045617,-0.39667,0.11496,-0.069101,0.41229,0.18203,-0.12393,-0.0009078,0.25258,0.041333,0,0.17657,0,-0.088438,0.093373,-0.019114,0.085257,0.086312,0.003493,-0.099176,-0.50827,0.028949,0.10757,-0.51698,0.028224,-0.070261,-0.93764,0.075569,0.11368,-0.95518,0.010858
0.02378,0.87182,-0.002019,0.01426,0.68341,0.009809,-0.1892,0.5768,-0.002308,0.20278,0.56886,0.016397,-0.3132,0.32556,0.05229,0.32094,0.33876,0.03673,-0.38067,0.10226,-0.006666,0.39958,0.14384,-0.088166,0.000368,0.30374,0.036351,0,0.2286,0,-0.093301,0.14261,-0.014391,0.088175,0.13681,0.006075,-0.10359,-0.41621,-0.035986,0.104,-0.43736,-0.023703,-0.024512,-0.84342,0.08996,0.077347,-0.86513,0.079087
0.019063,0.89844,-0.014231,0.015031,0.70016,-0.001452,-0.19041,0.59928,-0.011835,0.20243,0.59646,0.012666,-0.30118,0.33698,0.057832,0.31222,0.34137,0.028894,-0.36593,0.10901,0.05969,0.39466,0.12571,-0.041302,0.0003553,0.32907,0.031535,0,0.25706,0,-0.093813,0.17102,-0.011405,0.088127,0.16634,0.007212,-0.11087,-0.28955,-0.097211,0.093544,-0.34649,-0.070836,-0.0080346,-0.67422,0.10766,0.092055,-0.74958,0.12544
0.019574,0.91383,-0.021323,0.014736,0.72299,-0.01046,-0.18869,0.60611,-0.018281,0.20347,0.60711,0.004534,-0.29501,0.35122,0.072977,0.29742,0.34293,0.040045,-0.36777,0.12934,0.10256,0.38631,0.1226,0.024117,0.0005311,0.35219,0.027626,0,0.27806,0,-0.094405,0.19378,-0.009484,0.088491,0.1862,0.008683,-0.11834,-0.23579,-0.14529,0.095981,-0.24261,-0.13185,0.031392,-0.5709,0.10606,0.095994,-0.61832,0.10772
0.017734,0.92485,-0.022719,0.019432,0.74113,-0.002245,-0.19122,0.61438,-0.013938,0.20233,0.61792,0.004676,-0.29403,0.35859,0.084127,0.29049,0.34681,0.047016,-0.36771,0.13813,0.11925,0.38273,0.12783,0.077915,0.0015693,0.36194,0.026662,0,0.28732,0,-0.094786,0.20291,-0.010263,0.087732,0.19374,0.007081,-0.11661,-0.22448,-0.15297,0.092753,-0.22466,-0.16388,0.012806,-0.40568,0.069513,0.076209,-0.53751,0.14677
0.016603,0.9256,-0.023358,0.019633,0.74168,-0.000412,-0.19366,0.61902,-0.002114,0.20319,0.62233,0.009321,-0.29548,0.37132,0.10602,0.28265,0.35729,0.068619,-0.38522,0.16054,0.15513,0.38749,0.13882,0.12006,0.0023599,0.36496,0.02543,0,0.29107,0,-0.09468,0.20545,-0.010792,0.087665,0.1979,0.006133,-0.12141,-0.22189,-0.15179,0.095708,-0.22062,-0.1636,-0.017453,-0.50973,0.16576,0.074319,-0.5157,0.16271
0.0098464,0.93038,-0.014442,0.018161,0.74125,0.003782,-0.19519,0.61942,0.006756,0.20192,0.62301,0.013854,-0.29828,0.37571,0.1204,0.28223,0.37098,0.090445,-0.40292,0.16936,0.16072,0.39221,0.15344,0.14295,0.0028233,0.36492,0.024993,0,0.29133,0,-0.094586,0.2054,-0.01113,0.086777,0.19913,0.003742,-0.1318,-0.22769,-0.12642,0.10409,-0.22519,-0.14767,-0.058209,-0.49018,0.11379,0.065357,-0.54943,0.15086
0.010916,0.92918,0.002042,0.012971,0.73674,0.014017,-0.19354,0.62037,0.023647,0.2006,0.62355,0.028874,-0.29597,0.38905,0.15344,0.2883,0.37734,0.1138,-0.42423,0.19352,0.18213,0.41478,0.18258,0.1671,0.002633,0.35983,0.026941,0,0.28621,0,-0.093577,0.19764,-0.014926,0.087026,0.19639,0.002951,-0.12472,-0.31812,-0.068914,0.10656,-0.30512,-0.085557,-0.048924,-0.70858,0.13775,0.064302,-0.68039,0.15225
0.0072104,0.92085,0.013435,0.01061,0.72793,0.026777,-0.20004,0.61102,0.048375,0.19949,0.61359,0.057428,-0.30086,0.37926,0.17072,0.29401,0.37323,0.12998,-0.46628,0.20936,0.17414,0.44612,0.18916,0.18935,0.0016389,0.34647,0.030823,0,0.27229,0,-0.09204,0.17948,-0.019078,0.087173,0.18202,0.000291,-0.11709,-0.42234,-0.01438,0.10907,-0.39809,-0.042887,-0.071431,-0.83571,0.15905,0.094898,-0.8012,0.15456
-0.000684,0.88439,0.035604,0.011757,0.70024,0.04746,-0.20577,0.56531,0.068226,0.19069,0.60158,0.082677,-0.33817,0.33805,0.1945,0.30518,0.33945,0.16047,-0.53444,0.20526,0.15975,0.49151,0.19739,0.1871,0.0012868,0.29736,0.036864,0,0.22202,0,-0.089819,0.13176,-0.027478,0.085077,0.134,0.002794,-0.10926,-0.46783,0.031211,0.096212,-0.46983,0.010399,-0.11366,-0.91529,0.12313,0.10661,-0.93729,0.089021
-0.0081641,0.82349,0.034359,0.0056659,0.63722,0.055513,-0.20741,0.50794,0.062103,0.18605,0.54069,0.089361,-0.34888,0.30603,0.18648,0.33005,0.29671,0.15779,-0.56177,0.20964,0.12019,0.53717,0.18582,0.18088,-0.0009471,0.24105,0.039545,0,0.16772,0,-0.086035,0.076253,-0.02155,0.0839,0.082256,-0.004764,-0.10651,-0.52354,0.037746,0.08867,-0.52177,0.007587,-0.11815,-0.95028,0.10587,0.10276,-0.95152,0.072965
-0.013534,0.75791,0.03227,0.0036059,0.56353,0.041654,-0.20727,0.44421,0.067887,0.19007,0.46365,0.078245,-0.3733,0.24882,0.15231,0.35303,0.26307,0.156,-0.60245,0.20899,0.088027,0.58439,0.20777,0.13847,-0.0001063,0.1811,0.039316,0,0.10983,0,-0.086464,0.017975,-0.022348,0.085037,0.022042,0.000186,-0.10842,-0.56553,0.026413,0.091741,-0.55686,-0.008723,-0.11052,-0.98291,0.12086,0.084102,-0.96949,0.048863
-0.0093697,0.69081,0.020016,0.0020917,0.49712,0.035066,-0.21148,0.37263,0.060901,0.18939,0.37847,0.054533,-0.39908,0.18143,0.11349,0.37896,0.21973,0.13196,-0.6255,0.20184,0.02917,0.61504,0.20698,0.091378,0.0009897,0.11043,0.039657,0,0.037832,0,-0.090881,-0.054338,-0.014826,0.090063,-0.049715,-0.004496,-0.10864,-0.58199,-0.011769,0.091967,-0.57812,-0.070649,-0.099205,-0.98794,0.11431,0.06001,-0.98205,0.071231
-0.0037121,0.62969,0.007209,-0.0006911,0.43797,0.029425,-0.20839,0.30542,0.041589,0.19024,0.32034,0.039221,-0.40589,0.1416,0.065982,0.40229,0.16393,0.096038,-0.61877,0.19875,-0.037732,0.62068,0.21627,0.003349,0.0002424,0.056195,0.039439,0,-0.01583,0,-0.089988,-0.10826,-0.019012,0.090262,-0.10325,0.001675,-0.11151,-0.58399,-0.048972,0.090091,-0.57906,-0.092454,-0.089831,-0.98326,0.086737,0.051905,-0.97845,0.040685
-0.012147,0.60147,0.006634,-0.000676,0.39201,0.029797,-0.20613,0.28561,0.034324,0.19065,0.29229,0.033936,-0.40237,0.11735,0.04058,0.39393,0.14434,0.058172,-0.59735,0.17135,-0.098696,0.60025,0.20903,-0.055129,-2.93e-05,0.028437,0.0402,0,-0.040233,0,-0.089818,-0.13278,-0.017536,0.089986,-0.12561,0.000453,-0.10697,-0.58688,-0.069792,0.084964,-0.57802,-0.10531,-0.082536,-0.98225,0.063979,0.046746,-0.97056,0.012242
-0.010878,0.59626,0.004601,-0.0029909,0.38862,0.021902,-0.20451,0.28161,0.032838,0.19216,0.28677,0.032056,-0.3971,0.11007,0.029049,0.39187,0.1364,0.040351,-0.56813,0.13763,-0.14809,0.58055,0.20066,-0.10355,-0.0001718,0.023215,0.038739,0,-0.046971,0,-0.089951,-0.13932,-0.013332,0.090534,-0.13416,-0.00024,-0.10067,-0.58924,-0.076279,0.076774,-0.58461,-0.10996,-0.0749,-0.98208,0.052078,0.04481,-0.96914,0.006955
-0.0039091,0.60335,0.010574,-0.0015593,0.40287,0.020282,-0.202,0.2868,0.028539,0.19149,0.29294,0.030863,-0.38405,0.11495,0.022492,0.382,0.14514,0.021155,-0.54542,0.099004,-0.16558,0.56411,0.18144,-0.1415,-0.0004264,0.026424,0.038287,0,-0.044879,0,-0.090179,-0.13471,-0.012988,0.090411,-0.13205,-0.000174,-0.10684,-0.58509,-0.063992,0.066353,-0.58929,-0.095819,-0.073208,-0.98192,0.052241,0.042608,-0.97104,0.014328
0.012624,0.66514,0.007349,0.018503,0.47304,0.02576,-0.19814,0.36,0.031561,0.19735,0.36079,0.040945,-0.34437,0.12958,0.050617,0.35387,0.18203,0.011885,-0.48219,0.070725,-0.14808,0.53758,0.16646,-0.15231,0.0021935,0.09186,0.03918,0,0.01959,0,-0.093918,-0.069148,-0.017251,0.086649,-0.069823,0.001504,-0.11202,-0.57597,-0.011891,0.086837,-0.579,-0.043209,-0.070717,-0.98756,0.065433,0.05732,-0.97711,0.03447
0.017308,0.73305,0.018122,0.0020965,0.53909,0.043767,-0.18892,0.43105,0.031289,0.20294,0.43162,0.052207,-0.3347,0.21119,0.035123,0.34255,0.23609,0.018431,-0.4419,0.054623,-0.12209,0.50107,0.15177,-0.15139,-0.0017308,0.15086,0.04348,0,0.079134,0,-0.088783,-0.0080413,-0.018452,0.087982,-0.0093563,-0.003731,-0.1095,-0.56429,0.03865,0.10344,-0.56293,0.012676,-0.09683,-0.95648,0.086104,0.081289,-0.96583,0.038238
0.011452,0.80199,0.019095,0.013777,0.60067,0.04438,-0.19352,0.49284,0.029269,0.19199,0.49812,0.053668,-0.33182,0.2542,0.042583,0.32083,0.28593,0.021093,-0.4161,0.057117,-0.076845,0.45274,0.15045,-0.13692,-0.0001932,0.21157,0.04491,0,0.13983,0,-0.087512,0.055589,-0.018537,0.082346,0.051296,-0.003473,-0.11308,-0.54358,0.043093,0.095886,-0.55133,0.027859,-0.10514,-0.94912,0.086936,0.086687,-0.96371,0.036004
0.016652,0.85067,0.015427,0.0026881,0.65731,0.039449,-0.19289,0.54487,0.027088,0.19111,0.54796,0.040935,-0.31605,0.28306,0.054737,0.31712,0.30289,0.021693,-0.39042,0.068518,-0.029223,0.43802,0.14431,-0.12165,-0.0011234,0.26155,0.045436,0,0.18663,0,-0.089291,0.10194,-0.020313,0.088149,0.098285,0.000443,-0.1014,-0.48563,0.017279,0.097689,-0.50553,0.020485,-0.083002,-0.87978,0.11532,0.094792,-0.93638,0.064197
0.022596,0.89738,0.011018,0.010314,0.69643,0.033116,-0.18897,0.56948,0.011229,0.19445,0.5695,0.032859,-0.30089,0.29521,0.047541,0.29981,0.32591,0.017233,-0.37097,0.06847,0.023651,0.41828,0.12976,-0.078747,-0.0006787,0.2989,0.044686,0,0.22574,0,-0.090605,0.1445,-0.015887,0.086727,0.13594,-0.000989,-0.11633,-0.37019,-0.04191,0.093644,-0.42203,-0.033948,-0.050438,-0.787,0.12068,0.075022,-0.83534,0.11127
0.024456,0.90635,-0.006975,0.013801,0.70574,0.020026,-0.18976,0.59137,0.004371,0.20099,0.59919,0.028596,-0.28996,0.31271,0.046634,0.30029,0.32827,0.012868,-0.35208,0.084693,0.056587,0.40293,0.1168,-0.035852,-7.91e-05,0.32797,0.040943,0,0.25742,0,-0.092631,0.17255,-0.013401,0.088053,0.16317,0.000719,-0.12665,-0.27809,-0.097386,0.08961,-0.33338,-0.083803,-0.02773,-0.67265,0.096598,0.062258,-0.74329,0.10258
0.021967,0.91736,-0.017721,0.013574,0.7188,0.007955,-0.18921,0.60444,0.000928,0.20301,0.60708,0.023678,-0.2836,0.34012,0.059997,0.29333,0.34285,0.018666,-0.35273,0.1207,0.10506,0.40061,0.11973,-0.009744,2.99e-05,0.3445,0.037599,0,0.27248,0,-0.093318,0.18666,-0.011524,0.088264,0.18226,0.004232,-0.12188,-0.24859,-0.12321,0.10301,-0.24836,-0.12874,-0.022212,-0.60413,0.12921,0.062571,-0.61058,0.12987
0.022321,0.92304,-0.022832,0.015904,0.72795,0.005526,-0.18893,0.61009,-0.000122,0.20386,0.60963,0.022194,-0.28057,0.35533,0.083804,0.2896,0.34467,0.032202,-0.36099,0.13676,0.11659,0.40119,0.12454,0.066145,0.000524,0.35276,0.035502,0,0.27982,0,-0.094102,0.19472,-0.010732,0.088038,0.18762,0.003646,-0.12541,-0.23813,-0.13103,0.1026,-0.23957,-0.14057,-0.034656,-0.57727,0.14434,0.054143,-0.56818,0.15538
0.02119,0.92538,-0.024198,0.014819,0.72853,0.005209,-0.19032,0.61226,0.004074,0.20437,0.61192,0.02466,-0.28517,0.35792,0.10623,0.28551,0.3463,0.057683,-0.38388,0.14742,0.14113,0.40517,0.1219,0.087927,0.0005865,0.35411,0.033657,0,0.2813,0,-0.094238,0.19529,-0.010709,0.08871,0.18951,0.003493,-0.12552,-0.23772,-0.12957,0.10233,-0.23766,-0.14023,-0.028249,-0.56498,0.15709,0.064827,-0.56756,0.15632
0.020794,0.92611,-0.021811,0.01515,0.72889,0.009404,-0.1893,0.61269,0.008834,0.20402,0.61359,0.032736,-0.2934,0.36634,0.12292,0.27585,0.36866,0.077229,-0.40191,0.15878,0.14893,0.41301,0.14325,0.12456,0.0006353,0.35324,0.033605,0,0.28009,0,-0.094246,0.19327,-0.014736,0.088231,0.1887,0.00338,-0.12504,-0.28252,-0.09923,0.097995,-0.29935,-0.1031,-0.03908,-0.66421,0.12355,0.056059,-0.68893,0.11876
0.020327,0.92404,-0.014701,0.011993,0.72164,0.024807,-0.18988,0.60813,0.020242,0.19995,0.61404,0.046451,-0.30318,0.36111,0.14855,0.28186,0.35113,0.10583,-0.43562,0.16462,0.15334,0.42175,0.16765,0.14874,-0.0003412,0.33839,0.037141,0,0.26347,0,-0.090327,0.17495,-0.019472,0.086466,0.17616,0.002642,-0.11602,-0.38983,-0.038322,0.097264,-0.39571,-0.058443,-0.072739,-0.81012,0.12781,0.082758,-0.80257,0.13819
0.017648,0.89288,0.006398,0.013746,0.69787,0.037504,-0.18991,0.58279,0.041159,0.19621,0.58545,0.069921,-0.31382,0.35122,0.16631,0.28992,0.32116,0.14022,-0.48604,0.18729,0.15415,0.46294,0.1653,0.17392,-0.0001853,0.29413,0.040063,0,0.21897,0,-0.089448,0.13693,-0.018553,0.083526,0.12864,-0.000127,-0.11306,-0.46505,0.018019,0.096215,-0.47549,0.005118,-0.10159,-0.91904,0.10697,0.10805,-0.91548,0.089785
0.011562,0.84121,0.016922,0.021985,0.65647,0.058517,-0.19661,0.53237,0.048073,0.1907,0.53536,0.083022,-0.33532,0.30661,0.16947,0.29211,0.30518,0.136,-0.53817,0.18744,0.12064,0.4851,0.17103,0.15776,-8.7e-05,0.25952,0.044165,0,0.1856,0,-0.090398,0.094926,-0.023982,0.083113,0.10065,-0.001652,-0.11621,-0.50573,0.028706,0.090935,-0.50386,0.005143,-0.11297,-0.93859,0.094373,0.10102,-0.9347,0.057614
-0.0011056,0.77747,0.014255,0.02025,0.59546,0.063122,-0.18747,0.4689,0.041069,0.19233,0.47599,0.083541,-0.34377,0.25912,0.15827,0.30802,0.25116,0.13365,-0.56838,0.22128,0.075635,0.53427,0.17864,0.12919,-0.0008942,0.19566,0.046819,0,0.1232,0,-0.086502,0.038633,-0.027826,0.079155,0.036435,-0.000274,-0.11867,-0.54837,0.022764,0.088783,-0.55893,-0.015415,-0.12126,-0.95519,0.094228,0.092528,-0.95449,0.05413
0.0016362,0.71392,0.010481,0.0071927,0.51477,0.044521,-0.1957,0.39319,0.050287,0.1977,0.39709,0.07404,-0.35712,0.20285,0.13295,0.34495,0.20304,0.11532,-0.58191,0.23295,0.036367,0.58204,0.18789,0.091841,-0.001217,0.12498,0.04536,0,0.053225,0,-0.090537,-0.035352,-0.021013,0.087781,-0.035009,-0.001535,-0.11944,-0.57779,-0.010928,0.090559,-0.57215,-0.047582,-0.11629,-0.96847,0.10556,0.082526,-0.97046,0.061039
-0.0012277,0.64937,-0.007996,-0.0049525,0.44501,0.033302,-0.19964,0.32406,0.034266,0.19536,0.33364,0.052103,-0.38851,0.15418,0.058257,0.39101,0.15992,0.085905,-0.58901,0.24943,-0.041146,0.61209,0.21865,0.006872,-0.0025975,0.065948,0.044253,0,-0.0045474,0,-0.089576,-0.094214,-0.023731,0.091549,-0.093958,0.004756,-0.1195,-0.58296,-0.037108,0.087847,-0.58161,-0.078729,-0.113,-0.97015,0.089832,0.076393,-0.97893,0.052167
0.0019661,0.60985,-0.008915,0.0006312,0.41672,0.037478,-0.19793,0.30525,0.032868,0.19143,0.29966,0.04556,-0.3833,0.10374,0.039986,0.38997,0.1474,0.061209,-0.55503,0.23103,-0.078279,0.59576,0.23598,-0.032471,-0.0014612,0.043063,0.045809,0,-0.025895,0,-0.088368,-0.11315,-0.027586,0.087994,-0.11693,0.007746,-0.11539,-0.60685,-0.059012,0.088127,-0.59103,-0.091253,-0.087741,-0.97597,0.080493,0.062417,-0.97764,0.042298
0.0015274,0.60216,-0.012138,-0.0032134,0.40072,0.031039,-0.2009,0.2922,0.029143,0.19038,0.2939,0.041411,-0.38605,0.099384,0.032959,0.38329,0.14266,0.024851,-0.53972,0.2253,-0.12183,0.57285,0.24226,-0.092532,-0.0018197,0.031162,0.045221,0,-0.037747,0,-0.08902,-0.12803,-0.021899,0.089605,-0.12578,0.005216,-0.11282,-0.60608,-0.063758,0.086191,-0.5939,-0.094386,-0.078656,-0.97796,0.07366,0.057731,-0.9778,0.038622
0.0059986,0.60704,-0.012965,-0.003971,0.40269,0.028659,-0.19839,0.29582,0.026966,0.19105,0.29654,0.038919,-0.3838,0.10828,0.025328,0.37084,0.13588,0.006496,-0.52228,0.21209,-0.16278,0.54681,0.24461,-0.12469,-0.001886,0.032264,0.044981,0,-0.036979,0,-0.088689,-0.12608,-0.021637,0.089516,-0.12502,0.005073,-0.10378,-0.59417,-0.055438,0.085693,-0.59182,-0.081295,-0.075152,-0.97863,0.075853,0.053222,-0.98047,0.046693
0.015661,0.66413,-0.009928,-0.0005204,0.46526,0.034516,-0.20245,0.36891,0.036981,0.19566,0.36188,0.049288,-0.37037,0.16098,0.024769,0.34295,0.17564,-0.000445,-0.50608,0.19483,-0.18153,0.50513,0.24302,-0.1747,-0.0015136,0.092554,0.046238,0,0.023778,0,-0.089595,-0.065519,-0.021744,0.089806,-0.066605,0.001863,-0.10761,-0.57356,-0.001812,0.09274,-0.57618,-0.023607,-0.099855,-0.97914,0.11792,0.052527,-0.97967,0.057957
0.013189,0.7232,-0.018459,-0.0028451,0.5329,0.04701,-0.20388,0.43642,0.044752,0.19235,0.43416,0.06028,-0.35163,0.24532,0.040562,0.33736,0.24647,0.022125,-0.46047,0.1626,-0.16786,0.46249,0.21744,-0.19185,-0.0022404,0.15422,0.049098,0,0.085774,0,-0.088245,-0.00026315,-0.023684,0.089379,-0.0063844,-0.000763,-0.1144,-0.55816,0.066312,0.10249,-0.56782,0.038696,-0.11781,-0.97031,0.10977,0.077363,-0.96367,0.057416
0.010132,0.78172,-0.014377,0.0020762,0.59186,0.040363,-0.20871,0.50083,0.033379,0.1863,0.50401,0.06918,-0.34007,0.30391,0.082654,0.31134,0.30237,0.041644,-0.43585,0.16911,-0.129,0.41687,0.20844,-0.16331,-0.0036844,0.21717,0.048768,0,0.14888,0,-0.086358,0.058543,-0.02469,0.085519,0.060335,0.002602,-0.1235,-0.53579,0.068048,0.09814,-0.53878,0.060584,-0.13024,-0.95833,0.10673,0.086012,-0.94728,0.043503
0.015842,0.83259,-0.030306,-0.0062749,0.64763,0.035649,-0.20842,0.55532,0.038627,0.18778,0.56015,0.064008,-0.34579,0.34332,0.062764,0.29095,0.34741,0.054544,-0.3972,0.13981,-0.082489,0.38905,0.19214,-0.10986,-0.0039017,0.26852,0.048576,0,0.19883,0,-0.088333,0.1107,-0.025284,0.09067,0.10411,0.00543,-0.12279,-0.4868,0.052246,0.099812,-0.49734,0.060407,-0.12519,-0.89717,0.14235,0.082525,-0.93513,0.061277
0.017225,0.86797,-0.048615,-0.002261,0.68513,0.020641,-0.2106,0.59152,0.028553,0.18905,0.60006,0.050103,-0.33662,0.34389,0.062354,0.27923,0.36275,0.058293,-0.37951,0.12469,-0.031678,0.35262,0.16329,-0.061269,-0.0026444,0.31501,0.044941,0,0.24586,0,-0.090132,0.15796,-0.015743,0.090837,0.15558,0.002239,-0.11819,-0.38236,-0.01988,0.099063,-0.44798,0.007306,-0.074576,-0.80304,0.14674,0.070018,-0.85616,0.13139
0.022295,0.88247,-0.079448,-0.0042543,0.69937,0.008127,-0.20714,0.60221,0.019006,0.18912,0.61519,0.042861,-0.31536,0.34467,0.063365,0.27208,0.35684,0.062119,-0.35843,0.11289,0.023183,0.34694,0.13695,-0.009626,-0.003083,0.3302,0.040877,0,0.25972,0,-0.090007,0.17202,-0.013011,0.091344,0.17107,0.004678,-0.11332,-0.28517,-0.082302,0.095956,-0.34335,-0.046302,-0.023677,-0.67893,0.1213,0.047669,-0.7596,0.1285
0.025636,0.8842,-0.09498,0.0004176,0.71003,-0.007361,-0.19916,0.62103,0.005587,0.1926,0.6229,0.035719,-0.29301,0.35154,0.077776,0.26049,0.34621,0.084222,-0.34513,0.12081,0.08126,0.33877,0.12261,0.057831,-0.002631,0.35321,0.03394,0,0.28415,0,-0.091598,0.19945,-0.009525,0.090616,0.19463,0.009148,-0.10918,-0.23485,-0.1303,0.10581,-0.24923,-0.11712,-0.034548,-0.55503,0.1398,0.070599,-0.59485,0.16501
0.02452,0.88765,-0.10756,0.0001216,0.71155,-0.015298,-0.19858,0.62388,0.000495,0.19476,0.6302,0.034421,-0.28786,0.36359,0.085076,0.25797,0.35085,0.086963,-0.34812,0.13688,0.13032,0.32967,0.12658,0.10186,-0.0029034,0.3604,0.028986,0,0.29163,0,-0.091735,0.20524,-0.009449,0.090996,0.20101,0.011394,-0.10667,-0.22578,-0.14234,0.11091,-0.2239,-0.14123,-0.010966,-0.45535,0.067621,0.059989,-0.54589,0.16338
0.024705,0.8846,-0.11377,0.0018421,0.70949,-0.024249,-0.19853,0.62418,0.001135,0.1945,0.63028,0.03536,-0.28465,0.36914,0.10766,0.25706,0.34202,0.10579,-0.35177,0.14623,0.13954,0.34375,0.12629,0.13916,-0.0025093,0.36224,0.024862,0,0.29271,0,-0.091875,0.20589,-0.008972,0.090923,0.20207,0.012157,-0.10518,-0.22406,-0.14515,0.11105,-0.22251,-0.14078,-0.018978,-0.42702,0.1278,0.060155,-0.54242,0.166
0.02829,0.87027,-0.1207,0.0018341,0.70552,-0.025721,-0.19866,0.62406,0.004242,0.1947,0.62976,0.03919,-0.28555,0.3703,0.11469,0.25794,0.35538,0.11699,-0.37332,0.15573,0.15149,0.37025,0.15144,0.17603,-0.0022672,0.36134,0.021414,0,0.29202,0,-0.091979,0.20423,-0.010398,0.090999,0.20163,0.013825,-0.10287,-0.2296,-0.13141,0.11767,-0.23015,-0.12703,-0.020326,-0.57868,0.13777,0.064272,-0.5809,0.14681
0.024342,0.85272,-0.11611,0.0003767,0.69526,-0.018607,-0.19998,0.6197,0.014283,0.19264,0.62888,0.051991,-0.29121,0.37395,0.1294,0.25991,0.36295,0.13309,-0.40222,0.17035,0.16604,0.3925,0.17996,0.20286,-0.0024648,0.34713,0.019852,0,0.27719,0,-0.089846,0.18733,-0.011573,0.089803,0.18898,0.013077,-0.098171,-0.31947,-0.079299,0.11034,-0.33424,-0.075046,-0.01509,-0.71918,0.11768,0.069624,-0.73007,0.13975
0.020541,0.84573,-0.10474,-0.0062017,0.6688,-0.011476,-0.20449,0.60464,0.024202,0.18974,0.61363,0.066304,-0.30406,0.37153,0.14373,0.27302,0.34587,0.16161,-0.44742,0.18418,0.15902,0.42297,0.17912,0.22545,-0.003619,0.31684,0.018546,0,0.24663,0,-0.08723,0.15363,-0.01641,0.090657,0.15598,0.013735,-0.094531,-0.43407,-0.024551,0.10473,-0.44471,-0.018658,-0.053834,-0.84658,0.10818,0.094053,-0.84606,0.10355
0.0066262,0.81513,-0.095627,-0.0067501,0.6333,-0.004895,-0.21162,0.55257,0.030556,0.18109,0.56297,0.079773,-0.34181,0.3177,0.15297,0.2869,0.3202,0.18212,-0.52043,0.16273,0.11619,0.46954,0.1839,0.23482,-0.0037122,0.26969,0.018027,0,0.1981,0,-0.085917,0.10686,-0.017914,0.087879,0.1111,0.014725,-0.096336,-0.49597,0.020206,0.093934,-0.49359,0.024405,-0.090654,-0.95841,0.068831,0.086375,-0.93981,0.0664
-0.0049761,0.75818,-0.085999,-0.0011307,0.57624,0.001847,-0.22224,0.50004,0.032548,0.17729,0.50188,0.090364,-0.3668,0.28118,0.13503,0.28969,0.30297,0.18146,-0.57889,0.17932,0.088096,0.49619,0.19527,0.21386,-0.0032425,0.21729,0.018522,0,0.14647,0,-0.088886,0.052244,-0.022596,0.089371,0.056495,0.01567,-0.10176,-0.55008,0.023252,0.087609,-0.54312,0.023997,-0.10948,-0.97591,0.068564,0.073642,-0.95063,0.060975
-0.005897,0.68554,-0.076493,-0.015859,0.50595,0.001892,-0.2178,0.42546,0.043933,0.17285,0.43323,0.0812,-0.38632,0.22783,0.11225,0.31903,0.24238,0.17643,-0.60728,0.1842,0.022515,0.5549,0.21507,0.15619,-0.0046045,0.14885,0.018137,0,0.078467,0,-0.083237,-0.013455,-0.020132,0.08988,-0.0086959,0.013343,-0.098464,-0.5762,0.005792,0.097976,-0.56384,0.000362,-0.10494,-0.98098,0.083436,0.069188,-0.96984,0.07528
-0.0058836,0.62751,-0.081917,-0.018078,0.43624,0.001192,-0.21726,0.35983,0.036851,0.17816,0.36799,0.072516,-0.40436,0.16881,0.078028,0.33849,0.19465,0.15288,-0.61903,0.20198,-0.032322,0.57216,0.23649,0.1313,-0.0048193,0.088341,0.017499,0,0.019758,0,-0.084465,-0.073214,-0.016702,0.092269,-0.067041,0.010008,-0.096666,-0.58562,-0.026964,0.10308,-0.58233,-0.03278,-0.093066,-0.98431,0.086421,0.050945,-0.98831,0.093761
-0.012314,0.57544,-0.078339,-0.017596,0.39461,0.002394,-0.21736,0.29788,0.014415,0.17729,0.30587,0.052162,-0.40776,0.10209,0.05473,0.36809,0.16742,0.12269,-0.58117,0.2,-0.097878,0.5695,0.26607,0.030313,-0.0047336,0.037289,0.01746,0,-0.032563,0,-0.085352,-0.12557,-0.022377,0.092663,-0.12077,0.014906,-0.098778,-0.59096,-0.070062,0.09586,-0.59613,-0.073872,-0.082138,-0.9805,0.059982,0.043003,-0.98965,0.074296
-0.012843,0.56148,-0.07771,-0.014031,0.37457,0.003048,-0.21721,0.28446,0.011483,0.18164,0.29229,0.050339,-0.40607,0.11278,-0.002075,0.38005,0.15089,0.074976,-0.57303,0.20216,-0.15956,0.55569,0.28965,-0.018464,-0.0043563,0.026917,0.017211,0,-0.041889,0,-0.087154,-0.13537,-0.022228,0.093766,-0.13283,0.015029,-0.096138,-0.59552,-0.082322,0.093278,-0.60682,-0.085984,-0.076575,-0.98428,0.052432,0.034704,-0.99574,0.062685
-0.0094242,0.55968,-0.072954,-0.014623,0.37178,0.000309,-0.21556,0.28433,0.011213,0.18296,0.29223,0.050465,-0.39113,0.099595,-0.004502,0.37466,0.15185,0.055828,-0.52786,0.18774,-0.19163,0.5265,0.28328,-0.084977,-0.0043617,0.025709,0.016308,0,-0.042927,0,-0.087246,-0.13617,-0.021415,0.093937,-0.13339,0.014832,-0.095954,-0.59494,-0.081675,0.091746,-0.60362,-0.088545,-0.074214,-0.98577,0.054424,0.032074,-0.9968,0.062299
0.004369,0.5954,-0.046855,-0.0016504,0.40689,0.011294,-0.20203,0.30993,0.010148,0.1883,0.31907,0.060262,-0.34533,0.11954,0.025943,0.3688,0.16529,0.039111,-0.4863,0.15977,-0.20655,0.49847,0.27715,-0.13936,-0.0033604,0.044558,0.01858,0,-0.025256,0,-0.087234,-0.1129,-0.027848,0.090168,-0.11432,0.013146,-0.099464,-0.59165,-0.060993,0.08798,-0.59864,-0.065905,-0.076448,-0.98465,0.068967,0.029728,-0.99654,0.077119
0.0052814,0.65315,-0.033778,-0.0031145,0.47188,0.032167,-0.20396,0.386,0.030546,0.19062,0.38667,0.07286,-0.34636,0.1983,0.028973,0.34065,0.20353,0.057588,-0.45473,0.13754,-0.18727,0.46126,0.24362,-0.15687,-0.0028995,0.1104,0.024682,0,0.041005,0,-0.08837,-0.048985,-0.027407,0.089672,-0.049142,0.007978,-0.10879,-0.57985,0.014955,0.094071,-0.58246,0.008212,-0.089881,-0.9831,0.10315,0.03447,-0.99293,0.099623
-0.0008234,0.71568,-0.01796,-0.0084259,0.53808,0.042578,-0.20852,0.45069,0.036283,0.18392,0.45976,0.092797,-0.34122,0.26254,0.064231,0.30744,0.25786,0.076113,-0.41584,0.14106,-0.13935,0.42214,0.24026,-0.14479,-0.0049374,0.17358,0.029255,0,0.10472,0,-0.084004,0.015496,-0.032596,0.087515,0.013343,0.008891,-0.11813,-0.57225,0.043389,0.084537,-0.57279,0.046319,-0.13398,-0.9718,0.10138,0.040902,-0.97585,0.10501
-0.011872,0.77931,-0.019765,-0.0086915,0.59765,0.049715,-0.21337,0.50653,0.043258,0.18209,0.51049,0.090594,-0.32435,0.30255,0.065324,0.31363,0.31512,0.087251,-0.38446,0.12547,-0.094279,0.38963,0.20052,-0.11986,-0.0047346,0.22609,0.033166,0,0.15669,0,-0.086052,0.066383,-0.031936,0.089607,0.06666,0.005752,-0.12587,-0.52972,0.051922,0.081639,-0.5337,0.069272,-0.14485,-0.93549,0.11057,0.040257,-0.94735,0.10974
-0.0053603,0.82161,-0.02911,-0.005074,0.6477,0.048824,-0.21141,0.54581,0.043284,0.18014,0.56139,0.071879,-0.32144,0.30367,0.070509,0.28704,0.3551,0.089304,-0.35768,0.092149,-0.043796,0.35471,0.1889,-0.07945,-0.0029705,0.26408,0.035603,0,0.19254,0,-0.08801,0.10729,-0.031497,0.090108,0.10117,0.005683,-0.11954,-0.46847,0.008244,0.082522,-0.50135,0.053336,-0.12678,-0.87559,0.1477,0.034931,-0.9331,0.13486
0.0008266,0.84752,-0.046972,-0.0039618,0.66752,0.041084,-0.2056,0.57518,0.032618,0.18242,0.59097,0.065935,-0.29011,0.30802,0.072153,0.2855,0.34896,0.083586,-0.3331,0.076788,0.030647,0.35542,0.14332,-0.037475,-0.0032643,0.30494,0.036041,0,0.23876,0,-0.087387,0.15188,-0.025566,0.089239,0.15075,0.004803,-0.11641,-0.34968,-0.068427,0.087758,-0.39241,-0.026145,-0.090092,-0.7418,0.15615,0.036637,-0.80232,0.16405
0.0029697,0.8617,-0.059531,-0.0010207,0.68384,0.021311,-0.204,0.58803,0.023352,0.18719,0.6023,0.054587,-0.27785,0.32477,0.080266,0.28286,0.34079,0.082242,-0.31796,0.094591,0.10432,0.35703,0.11924,0.027733,-0.0028323,0.32057,0.034249,0,0.25225,0,-0.088688,0.16507,-0.021221,0.089512,0.162,0.005332,-0.11743,-0.27095,-0.13252,0.10249,-0.30707,-0.086516,-0.064418,-0.63466,0.12778,0.037279,-0.6737,0.16753
0.0087486,0.86209,-0.071494,0.002426,0.68511,0.00507,-0.20205,0.59783,0.016834,0.18956,0.60307,0.049392,-0.2747,0.33428,0.10056,0.27773,0.32781,0.088398,-0.31846,0.10885,0.14414,0.36332,0.10698,0.088107,-0.002648,0.32983,0.030789,0,0.2618,0,-0.090227,0.17513,-0.017973,0.08983,0.17004,0.007569,-0.12086,-0.24823,-0.1736,0.11264,-0.25445,-0.14614,-0.060647,-0.55913,0.14204,0.02646,-0.53088,0.15952
0.012211,0.86435,-0.084104,0.0060139,0.68625,-0.004183,-0.20192,0.59884,0.016173,0.19434,0.60079,0.041284,-0.27715,0.34398,0.11247,0.27665,0.32688,0.094216,-0.33593,0.12925,0.17904,0.3824,0.12433,0.15425,-0.0013128,0.33477,0.027207,0,0.26581,0,-0.091635,0.17811,-0.016264,0.090183,0.17339,0.00867,-0.10994,-0.23879,-0.19122,0.10757,-0.24273,-0.16842,-0.074368,-0.49583,0.16937,0.026699,-0.50791,0.17971
0.023183,0.85374,-0.096114,0.0089647,0.67682,-0.011319,-0.20078,0.59445,0.016456,0.20053,0.59348,0.04404,-0.28535,0.34443,0.13237,0.28238,0.32338,0.12278,-0.35649,0.13698,0.2077,0.40336,0.14237,0.20193,-0.0005703,0.33493,0.022824,0,0.26644,0,-0.093334,0.17811,-0.015083,0.090154,0.17315,0.011255,-0.10596,-0.23926,-0.18872,0.11008,-0.24102,-0.16982,-0.080215,-0.49396,0.17413,0.031083,-0.50767,0.17762
0.023626,0.84525,-0.087824,0.0089659,0.66859,-0.003429,-0.17673,0.57277,-0.000415,0.20022,0.5809,0.051598,-0.29857,0.34744,0.16025,0.28129,0.32361,0.15123,-0.41929,0.15734,0.21982,0.41556,0.15249,0.23105,-0.0018423,0.31681,0.021761,0,0.24702,0,-0.092282,0.16154,-0.017782,0.08727,0.15875,0.016322,-0.10475,-0.26513,-0.16383,0.11179,-0.2584,-0.15591,-0.062096,-0.62536,0.10261,0.078949,-0.59005,0.14352
0.03584,0.81383,-0.093577,0.01608,0.65329,-0.001169,-0.17806,0.56621,0.005492,0.2065,0.56369,0.048767,-0.30718,0.34957,0.17248,0.29349,0.317,0.16966,-0.44081,0.16398,0.22064,0.43633,0.15349,0.25057,2.84e-05,0.29759,0.021021,0,0.22698,0,-0.092179,0.14062,-0.02084,0.085238,0.13495,0.015009,-0.11361,-0.35372,-0.12477,0.10853,-0.35295,-0.11388,-0.070685,-0.76418,0.066814,0.086035,-0.74613,0.10999
0.040192,0.80623,-0.083478,0.022927,0.61631,0.000559,-0.1782,0.5309,0.013265,0.21164,0.53541,0.057592,-0.32669,0.33713,0.1822,0.30753,0.3001,0.18494,-0.49143,0.1688,0.19544,0.48308,0.16115,0.2488,0.0012741,0.25515,0.020216,0,0.1838,0,-0.093357,0.098729,-0.019604,0.083561,0.089533,0.013847,-0.10217,-0.5052,-0.059357,0.10263,-0.47921,-0.058319,-0.087339,-0.93738,-0.018805,0.10966,-0.89378,0.039973
0.039181,0.7542,-0.084447,0.0165,0.5703,0.003153,-0.18111,0.48695,0.013523,0.19263,0.53738,0.07034,-0.35176,0.28745,0.17013,0.31256,0.26861,0.17037,-0.54618,0.15148,0.15582,0.50981,0.15041,0.2144,-0.0005316,0.2015,0.019977,0,0.12898,0,-0.08347,0.047173,-0.021732,0.076989,0.042509,0.015292,-0.1149,-0.53038,-0.050336,0.10311,-0.54432,-0.048326,-0.10449,-0.96999,-0.022981,0.10332,-0.97623,-0.016362
0.038784,0.69679,-0.069398,0.020072,0.50564,0.006597,-0.17527,0.42246,0.009971,0.21594,0.41732,0.066841,-0.35707,0.23309,0.14917,0.3325,0.19893,0.17137,-0.5727,0.13703,0.11085,0.5622,0.13953,0.1605,0.0001021,0.14619,0.020416,0,0.075416,0,-0.09108,-0.0086848,-0.021924,0.082708,-0.019926,0.013211,-0.11099,-0.58968,-0.060804,0.092702,-0.57986,-0.053495,-0.10538,-0.98748,-0.009054,0.091682,-0.98245,-0.003016
0.03866,0.63427,-0.058011,0.020852,0.44513,0.010909,-0.17456,0.34797,0.006335,0.20953,0.34622,0.053629,-0.37564,0.16967,0.12492,0.33441,0.14618,0.15485,-0.59638,0.1165,0.041658,0.56827,0.13961,0.10082,0.000693,0.076105,0.021461,0,0.0036861,0,-0.091684,-0.079507,-0.024718,0.08333,-0.089979,0.014622,-0.11045,-0.59183,-0.06981,0.079769,-0.59911,-0.07383,-0.10063,-0.99773,0.011606,0.054169,-1.001,0.029744
0.033065,0.5963,-0.048095,0.022021,0.39521,0.012192,-0.17937,0.29559,0.002615,0.2134,0.28687,0.05569,-0.36852,0.12392,0.090511,0.34102,0.095322,0.11796,-0.58587,0.11224,-0.018229,0.56005,0.13993,0.024092,0.0005455,0.035625,0.021982,0,-0.03487,0,-0.093199,-0.12188,-0.026754,0.084802,-0.13281,0.015812,-0.10529,-0.5886,-0.099565,0.075364,-0.60047,-0.09877,-0.062708,-0.98697,-0.005377,0.041521,-0.99149,0.013633
0.029846,0.5682,-0.040336,0.019365,0.37669,0.013153,-0.1789,0.26951,-0.004245,0.2075,0.25398,0.046126,-0.37536,0.097947,0.057022,0.35129,0.042166,0.089954,-0.57598,0.099423,-0.083902,0.52969,0.14483,-0.042327,5.84e-05,0.0074004,0.022629,0,-0.065098,0,-0.092392,-0.14706,-0.026435,0.084038,-0.15698,0.015308,-0.088038,-0.59863,-0.11937,0.072711,-0.60043,-0.10927,-0.063084,-0.98472,-0.010349,0.032513,-0.98443,-0.006
0.02991,0.56738,-0.037282,0.018138,0.37215,0.011198,-0.17852,0.26836,-0.004966,0.20639,0.25461,0.04226,-0.37764,0.098029,0.038561,0.3449,0.066344,0.054562,-0.55068,0.098308,-0.14046,0.51203,0.14848,-0.10662,0.0001101,0.0059248,0.022647,0,-0.066184,0,-0.092108,-0.14849,-0.026221,0.084061,-0.15828,0.015436,-0.087752,-0.5987,-0.11942,0.073497,-0.60013,-0.11113,-0.061325,-0.98389,-0.011736,0.032689,-0.98446,-0.006164
0.034622,0.59339,-0.014573,0.016208,0.38373,0.012868,-0.1779,0.28686,-0.000591,0.20841,0.27647,0.037535,-0.36467,0.12653,0.026789,0.33006,0.073675,0.058862,-0.52239,0.099031,-0.16241,0.47054,0.14532,-0.13252,0.0002707,0.018497,0.023304,0,-0.052872,0,-0.092194,-0.13764,-0.025327,0.085093,-0.14534,0.014608,-0.091343,-0.59948,-0.10052,0.07379,-0.59944,-0.1021,-0.06272,-0.98407,-0.006565,0.030565,-0.98443,-0.001252
0.026234,0.65054,-0.001983,0.0091851,0.46043,0.026509,-0.18769,0.36082,0.006166,0.19638,0.35164,0.039451,-0.36524,0.18226,0.018522,0.28616,0.13662,0.05486,-0.51208,0.10035,-0.16284,0.44067,0.13929,-0.13916,-0.0007388,0.08416,0.027069,0,0.01164,0,-0.089179,-0.07279,-0.025723,0.085582,-0.079675,0.009745,-0.0924,-0.58406,-0.054322,0.083891,-0.5864,-0.051432,-0.079791,-0.99032,0.019826,0.031055,-0.98668,0.014649
0.024311,0.72516,0.013221,-0.0015142,0.53286,0.036353,-0.1885,0.42987,0.010824,0.20022,0.42452,0.044922,-0.35477,0.23293,0.037081,0.30421,0.21467,0.052758,-0.47954,0.12042,-0.14428,0.42097,0.14878,-0.1569,-0.0027485,0.14948,0.031116,0,0.076537,0,-0.087523,-0.0082876,-0.026912,0.088111,-0.015989,0.007229,-0.10346,-0.57331,0.003211,0.092594,-0.58132,-0.003397,-0.11264,-0.97661,0.009383,0.06354,-0.98241,0.024971
0.021813,0.7952,0.023164,0.002944,0.60052,0.044481,-0.19173,0.48614,0.011179,0.19308,0.48722,0.046102,-0.34756,0.29033,0.042816,0.29627,0.2778,0.057973,-0.44333,0.13141,-0.1187,0.39596,0.14518,-0.12536,-0.0022548,0.20198,0.034869,0,0.12677,0,-0.086649,0.043855,-0.026205,0.085564,0.034994,0.004532,-0.11735,-0.54489,0.022118,0.089941,-0.55539,0.026279,-0.11779,-0.95315,0.012928,0.080332,-0.97447,0.022482
0.020321,0.84651,0.03429,0.013513,0.65272,0.045682,-0.1889,0.54072,0.018831,0.19603,0.5387,0.043876,-0.33302,0.31895,0.052399,0.2876,0.29537,0.063614,-0.41368,0.12116,-0.070493,0.37328,0.11544,-0.078633,0.0001086,0.26009,0.037314,0,0.18652,0,-0.09042,0.1038,-0.022777,0.085396,0.095925,0.000481,-0.11048,-0.49456,0.003647,0.09444,-0.50753,0.02614,-0.10876,-0.89089,0.088025,0.08095,-0.9274,0.088247
0.018194,0.88552,0.027659,0.0069754,0.69162,0.043574,-0.19142,0.56081,0.019151,0.19593,0.56341,0.045216,-0.32278,0.31925,0.058869,0.27855,0.29628,0.069267,-0.39173,0.1016,-0.018401,0.35605,0.086838,-0.023927,-0.0011061,0.29663,0.038968,0,0.22283,0,-0.090448,0.13651,-0.022749,0.087739,0.13305,0.001036,-0.11043,-0.40452,-0.037839,0.094374,-0.42906,-0.015669,-0.10244,-0.80804,0.13821,0.066126,-0.84941,0.12958
0.020452,0.90024,0.019292,0.0082863,0.70385,0.036786,-0.19121,0.58169,0.014982,0.19452,0.57827,0.039678,-0.29522,0.32886,0.075827,0.26914,0.30326,0.074456,-0.36627,0.10322,0.049459,0.34595,0.080079,0.040299,-0.0008964,0.31811,0.039186,0,0.24618,0,-0.09083,0.16199,-0.021895,0.087464,0.15808,0.003423,-0.11455,-0.29714,-0.093773,0.10031,-0.3295,-0.069178,-0.076774,-0.67248,0.15565,0.036629,-0.69602,0.15909
0.020066,0.90838,0.010546,0.0075159,0.71483,0.030775,-0.19314,0.59573,0.00948,0.1966,0.60179,0.037173,-0.28998,0.34346,0.080452,0.25428,0.30974,0.081331,-0.3477,0.11761,0.10839,0.32708,0.086429,0.097953,-0.0012364,0.33835,0.039072,0,0.26773,0,-0.091548,0.18076,-0.023611,0.087469,0.17649,0.00533,-0.11714,-0.25395,-0.13865,0.10374,-0.25986,-0.11683,-0.060171,-0.60782,0.13514,0.045394,-0.59886,0.17331
0.02114,0.91416,0.003626,0.00867,0.72018,0.028219,-0.19056,0.5995,0.006297,0.19783,0.60478,0.034915,-0.28771,0.35551,0.094489,0.2552,0.31426,0.096972,-0.34762,0.13052,0.12416,0.32754,0.10091,0.15614,-0.0012151,0.34357,0.039262,0,0.27261,0,-0.091324,0.18711,-0.0232,0.087372,0.18178,0.007073,-0.11315,-0.24632,-0.14368,0.10722,-0.2436,-0.14241,-0.058796,-0.56793,0.16509,0.032278,-0.54498,0.18081
0.024112,0.91656,0.001928,0.01074,0.72236,0.026504,-0.18868,0.60062,0.004841,0.20032,0.60745,0.037327,-0.286,0.35723,0.11687,0.25931,0.32205,0.14311,-0.3514,0.14187,0.17693,0.35101,0.11125,0.18663,-0.0013806,0.34505,0.039291,0,0.27386,0,-0.091331,0.18875,-0.022703,0.087024,0.18291,0.007394,-0.1117,-0.24416,-0.14479,0.10593,-0.24179,-0.14374,-0.056276,-0.5677,0.16235,0.04118,-0.5443,0.18091
0.026086,0.91413,-0.000533,0.011076,0.71986,0.025217,-0.18632,0.59848,0.00534,0.20073,0.6027,0.041564,-0.28768,0.36189,0.12778,0.25938,0.31727,0.14767,-0.36411,0.15021,0.18813,0.36734,0.11875,0.20516,-0.001764,0.34147,0.03923,0,0.26971,0,-0.091022,0.18466,-0.022385,0.086337,0.1801,0.007637,-0.11216,-0.27776,-0.11119,0.11107,-0.27554,-0.12138,-0.083633,-0.63124,0.16849,0.086622,-0.62073,0.16791
0.025976,0.90237,-0.003707,0.010876,0.70655,0.026473,-0.18737,0.59092,0.008636,0.19708,0.59387,0.05075,-0.29657,0.36416,0.14259,0.25926,0.31457,0.15799,-0.41346,0.1721,0.2038,0.4003,0.14687,0.24224,-0.0023738,0.32429,0.039692,0,0.25176,0,-0.089478,0.16651,-0.023417,0.084785,0.1635,0.008122,-0.11693,-0.35856,-0.077515,0.1095,-0.35126,-0.083,-0.10093,-0.75676,0.14328,0.079517,-0.72598,0.17078
0.025426,0.87622,-0.003815,0.01293,0.67721,0.027556,-0.18277,0.56159,0.01132,0.19716,0.57183,0.058786,-0.30727,0.35107,0.15449,0.26519,0.30388,0.17202,-0.44699,0.16888,0.19987,0.42779,0.14658,0.2291,-0.0025231,0.28857,0.040159,0,0.2148,0,-0.088929,0.13179,-0.022739,0.083604,0.12511,0.007207,-0.11176,-0.47161,-0.01302,0.098271,-0.47898,-0.01339,-0.11913,-0.90531,0.09809,0.10146,-0.93032,0.10953
0.023015,0.82158,-0.008704,0.013956,0.63282,0.032395,-0.18537,0.51411,0.011478,0.19667,0.52739,0.057635,-0.33056,0.29776,0.17101,0.28805,0.27852,0.18312,-0.51978,0.15456,0.15534,0.48041,0.14657,0.21243,-0.0022793,0.24345,0.041718,0,0.17016,0,-0.084994,0.0833,-0.024021,0.08012,0.080992,0.006437,-0.12276,-0.51885,-0.000373,0.095912,-0.52171,-0.003901,-0.12132,-0.95858,0.057167,0.095286,-0.96224,0.068476
0.025509,0.76502,0.002893,0.015262,0.56747,0.031494,-0.18539,0.45334,0.016304,0.19933,0.46038,0.065478,-0.34561,0.26594,0.16047,0.30895,0.22194,0.18425,-0.5548,0.15578,0.12522,0.532,0.1414,0.1799,-0.0024748,0.17895,0.042141,0,0.10578,0,-0.089218,0.023003,-0.025527,0.08341,0.012874,0.0081,-0.12736,-0.54502,0.002089,0.08256,-0.56458,0.003021,-0.12552,-0.96152,0.0614,0.084729,-0.95903,0.068679
0.019113,0.68705,-0.011699,0.017729,0.49517,0.032552,-0.17987,0.37872,0.010558,0.19809,0.38967,0.059214,-0.36365,0.20242,0.1359,0.32667,0.17048,0.17146,-0.59005,0.16151,0.063114,0.56211,0.1428,0.14485,-0.0021374,0.11051,0.042955,0,0.038315,0,-0.089193,-0.045069,-0.024045,0.082519,-0.050282,0.006407,-0.11525,-0.57994,-0.027952,0.084167,-0.59691,-0.02217,-0.11688,-0.9714,0.069007,0.075828,-0.95189,0.064541
0.018822,0.6325,-0.02032,0.0091449,0.43019,0.019932,-0.18652,0.31721,0.005176,0.20192,0.31609,0.053044,-0.38178,0.15452,0.098309,0.33721,0.13795,0.15142,-0.60107,0.17278,-0.004989,0.55294,0.15314,0.039276,-0.0033977,0.055328,0.040279,0,-0.016096,0,-0.089227,-0.10308,-0.024825,0.085581,-0.10706,0.011175,-0.11173,-0.59349,-0.0565,0.076394,-0.60171,-0.05972,-0.10526,-0.95446,0.055265,0.049403,-1.0072,0.091048
0.020464,0.58717,-0.028222,0.0070627,0.39098,0.00376,-0.18972,0.26913,-0.007033,0.20342,0.27729,0.037831,-0.39257,0.12067,0.046432,0.34966,0.09377,0.11229,-0.58727,0.16853,-0.094844,0.54923,0.15796,-0.013249,-0.0031079,0.019607,0.035325,0,-0.053429,0,-0.091075,-0.14435,-0.017336,0.088167,-0.14556,0.012064,-0.10871,-0.60157,-0.083651,0.073163,-0.60287,-0.09184,-0.091427,-0.94301,0.013375,0.042777,-0.98812,0.029219
0.020232,0.57571,-0.025446,0.007413,0.37409,0.00706,-0.18919,0.26503,-0.009335,0.20353,0.2709,0.035538,-0.38937,0.11007,0.019868,0.32037,0.03716,0.11487,-0.55805,0.15643,-0.15478,0.51953,0.15752,-0.080276,-0.0028597,0.012837,0.034264,0,-0.058138,0,-0.09107,-0.14729,-0.019087,0.088013,-0.14977,0.012488,-0.10668,-0.60283,-0.088988,0.07296,-0.60295,-0.098136,-0.088692,-0.9404,0.006072,0.040676,-0.98855,0.026229
0.021386,0.57588,-0.020166,0.0070933,0.37557,0.007542,-0.18893,0.2675,-0.008211,0.20363,0.27086,0.035394,-0.38161,0.11541,0.006162,0.32823,0.053311,0.063413,-0.53185,0.1364,-0.19057,0.49886,0.15551,-0.13289,-0.0026321,0.013101,0.032872,0,-0.05795,0,-0.091117,-0.1471,-0.019486,0.088154,-0.14961,0.012698,-0.10509,-0.60382,-0.088386,0.074005,-0.60399,-0.096976,-0.073036,-0.99647,0.039142,0.039303,-0.99154,0.029553
0.025653,0.63605,0.009688,0.011812,0.43027,0.028325,-0.18078,0.32226,-0.000712,0.20496,0.31901,0.038594,-0.35005,0.16306,0.018763,0.32242,0.11261,0.066871,-0.48096,0.109,-0.1858,0.457,0.15453,-0.13819,-0.0017375,0.052004,0.036826,0,-0.020089,0,-0.091228,-0.10197,-0.026153,0.086737,-0.1104,0.009977,-0.099837,-0.58203,-0.072339,0.08295,-0.59407,-0.076303,-0.075818,-0.992,0.040725,0.043605,-0.99202,0.03597
0.029009,0.69632,0.023916,0.0069255,0.5014,0.034065,-0.18065,0.38767,0.007559,0.19838,0.39282,0.045894,-0.33724,0.20604,0.068984,0.30135,0.17969,0.031964,-0.44202,0.12353,-0.14716,0.43989,0.15819,-0.17357,-0.0024945,0.11798,0.039354,0,0.045895,0,-0.088084,-0.037697,-0.025041,0.08546,-0.043133,0.006711,-0.10737,-0.57264,-0.013724,0.095133,-0.55602,-0.032276,-0.10077,-0.97315,0.044937,0.063628,-0.98673,0.060335
0.022662,0.76389,0.033619,0.011866,0.56771,0.052595,-0.18146,0.45777,0.012536,0.19805,0.46044,0.046207,-0.32022,0.27656,0.091856,0.29681,0.24718,0.048948,-0.40543,0.12848,-0.11284,0.40837,0.15261,-0.15189,-0.00136,0.17543,0.043899,0,0.10345,0,-0.087155,0.021727,-0.026869,0.082768,0.013507,0.002132,-0.11703,-0.56008,0.024628,0.094016,-0.54423,0.005014,-0.1123,-0.96826,0.044148,0.087186,-0.96168,0.024485
0.026959,0.8272,0.040623,0.011362,0.63611,0.054252,-0.18483,0.51948,0.022116,0.2015,0.51821,0.048655,-0.31634,0.29345,0.072648,0.2946,0.29998,0.056848,-0.38075,0.1167,-0.085779,0.38986,0.16157,-0.12458,-0.0008393,0.24031,0.045636,0,0.16802,0,-0.087721,0.084677,-0.024461,0.083505,0.077654,-0.00098,-0.11747,-0.51618,0.021529,0.097409,-0.52599,0.015968,-0.12831,-0.93212,0.057345,0.087674,-0.9578,0.028073
0.024508,0.87079,0.027135,0.014138,0.67274,0.054731,-0.18465,0.54958,0.014082,0.19797,0.55475,0.044983,-0.31269,0.30072,0.067208,0.28607,0.31831,0.059356,-0.37015,0.10342,-0.065108,0.37686,0.1586,-0.10462,-0.0008849,0.27257,0.046973,0,0.1996,0,-0.088786,0.1198,-0.023698,0.083731,0.10921,-0.001084,-0.11912,-0.45763,-0.016832,0.09123,-0.49522,0.007147,-0.1158,-0.85579,0.10543,0.075938,-0.91212,0.073365
0.021382,0.89241,0.015727,0.016806,0.70528,0.049545,-0.18723,0.58045,0.007171,0.19389,0.58444,0.032548,-0.30413,0.31398,0.059277,0.2784,0.32106,0.04515,-0.35335,0.089582,-0.013251,0.37209,0.12601,-0.065808,0.0001243,0.31392,0.047273,0,0.24262,0,-0.09074,0.15707,-0.02328,0.08448,0.1574,-0.000585,-0.12453,-0.36337,-0.066773,0.088895,-0.3888,-0.049773,-0.086117,-0.7704,0.13774,0.051652,-0.79716,0.12476
0.022674,0.90682,0.008501,0.018819,0.71714,0.041226,-0.18518,0.59391,0.001591,0.19531,0.59725,0.024848,-0.2988,0.31819,0.056651,0.27643,0.32293,0.041898,-0.34655,0.086065,0.037385,0.37075,0.10921,-0.012589,0.0006287,0.32893,0.046802,0,0.25773,0,-0.0917,0.17637,-0.017761,0.084433,0.17037,-0.001378,-0.12434,-0.27098,-0.11295,0.088999,-0.30123,-0.095648,-0.043807,-0.65563,0.11802,0.028351,-0.69854,0.12126
0.022907,0.91795,0.004561,0.021359,0.72957,0.037198,-0.18314,0.60277,-0.001432,0.19463,0.60097,0.019618,-0.29048,0.3309,0.070567,0.27483,0.32824,0.055634,-0.34472,0.10012,0.05936,0.35605,0.10558,0.047682,0.0010965,0.33871,0.047178,0,0.26649,0,-0.091488,0.18634,-0.016313,0.083649,0.17921,-0.001099,-0.12624,-0.24488,-0.14269,0.09011,-0.25009,-0.13942,-0.031,-0.51565,0.015316,0.050819,-0.60052,0.14441
0.022748,0.91826,-0.001165,0.020894,0.73031,0.031614,-0.18347,0.60578,-0.003489,0.19573,0.60285,0.01617,-0.29162,0.33012,0.076944,0.27481,0.33418,0.088379,-0.35375,0.10923,0.1225,0.36636,0.10827,0.10184,0.0012223,0.3441,0.046031,0,0.27263,0,-0.092068,0.19172,-0.015568,0.083788,0.18379,-0.00123,-0.12645,-0.2379,-0.14746,0.089888,-0.24338,-0.14617,-0.056281,-0.54732,0.17223,0.043482,-0.56037,0.17068
0.022741,0.91852,-0.003434,0.02647,0.73054,0.035892,-0.18234,0.60336,-0.003892,0.19803,0.60263,0.019384,-0.29143,0.3382,0.11028,0.2728,0.32936,0.095339,-0.36887,0.12016,0.14825,0.36974,0.11432,0.12509,0.001474,0.34398,0.047339,0,0.27277,0,-0.092856,0.19161,-0.017369,0.083535,0.18394,7.9e-05,-0.12579,-0.23834,-0.14787,0.088576,-0.24579,-0.13831,-0.054671,-0.55521,0.16527,0.048686,-0.59059,0.15207
0.024722,0.91533,-0.001434,0.02855,0.72467,0.040551,-0.18025,0.5977,0.001654,0.20148,0.59992,0.031089,-0.30068,0.34632,0.13031,0.27598,0.3253,0.11582,-0.39594,0.13462,0.16513,0.38496,0.12216,0.1578,0.0010569,0.33823,0.048791,0,0.26728,0,-0.09277,0.1847,-0.018888,0.082822,0.17925,-0.000316,-0.12637,-0.29841,-0.1075,0.085812,-0.32103,-0.10309,-0.059404,-0.67805,0.13571,0.053197,-0.71024,0.13276
0.029735,0.89355,0.005729,0.032643,0.70795,0.049498,-0.18123,0.58631,0.009963,0.20106,0.58818,0.038739,-0.31141,0.34094,0.14306,0.27839,0.31687,0.1367,-0.43376,0.14262,0.174,0.41278,0.12886,0.17661,0.0019299,0.31323,0.051361,0,0.24093,0,-0.092664,0.15953,-0.02225,0.080425,0.15051,-0.001307,-0.12694,-0.39899,-0.062803,0.083758,-0.41562,-0.070424,-0.082886,-0.81568,0.12549,0.064781,-0.82341,0.11953
0.035617,0.86219,0.015702,0.036844,0.66666,0.062261,-0.17019,0.54865,0.023628,0.2089,0.53895,0.060625,-0.32307,0.31987,0.16133,0.29196,0.28748,0.16867,-0.49466,0.15842,0.17658,0.46452,0.12982,0.19619,0.0014587,0.26655,0.053946,0,0.19533,0,-0.091593,0.115,-0.025622,0.078223,0.10823,-0.001812,-0.11167,-0.48834,-0.008034,0.081026,-0.49627,-0.020274,-0.098129,-0.94715,0.080832,0.089833,-0.94314,0.05859
0.039707,0.80275,0.024868,0.039396,0.55628,0.056013,-0.16828,0.54449,0.036448,0.21706,0.49025,0.069133,-0.32123,0.30652,0.16082,0.30491,0.25015,0.17157,-0.51175,0.16661,0.16982,0.50594,0.12749,0.18825,0.0017018,0.21084,0.05344,0,0.15604,0,-0.090233,0.084956,-0.025271,0.073206,0.054096,-0.004582,-0.11579,-0.51822,-0.005947,0.081051,-0.54119,-0.015593,-0.10188,-0.95095,0.05641,0.085488,-0.98459,0.05543
0.037188,0.7362,0.03287,0.042126,0.55237,0.055828,-0.16317,0.536,0.044602,0.21529,0.41844,0.072812,-0.32109,0.28557,0.14181,0.32842,0.18491,0.17224,-0.54448,0.19094,0.1339,0.55637,0.13074,0.11825,0.0017911,0.16806,0.05472,0,0.097515,0,-0.091246,0.02046,-0.025219,0.07402,0.00072015,-0.004646,-0.11577,-0.54313,-0.020219,0.081479,-0.55886,-0.030105,-0.097931,-0.95387,0.058933,0.08296,-0.98464,0.054115
0.027959,0.66849,0.020562,0.040113,0.47572,0.065482,-0.17458,0.35496,0.03245,0.20521,0.36107,0.06491,-0.37658,0.17781,0.14707,0.32814,0.14052,0.14221,-0.6053,0.20249,0.07315,0.55825,0.14655,0.068822,0.0027137,0.084004,0.055967,0,0.01522,0,-0.092591,-0.066601,-0.024844,0.077859,-0.072082,-0.004463,-0.12158,-0.55655,-0.04325,0.068955,-0.577,-0.057328,-0.086137,-0.97244,0.07757,0.047089,-0.9721,0.069317
0.023118,0.63141,0.016863,0.035069,0.42559,0.051857,-0.17837,0.30141,0.017136,0.19605,0.3256,0.064094,-0.38298,0.14348,0.097118,0.33255,0.12712,0.11388,-0.59607,0.21659,0.007219,0.54797,0.16191,0.000119,0.00022729,0.041683,0.054187,0,-0.02754,0,-0.091545,-0.11164,-0.02821,0.078624,-0.11523,0.004731,-0.12088,-0.57802,-0.068355,0.061688,-0.58985,-0.080959,-0.084694,-0.97585,0.059784,0.031538,-0.97587,0.050284
0.020355,0.5884,0.023864,0.0075503,0.38735,0.031473,-0.18342,0.29007,0.012287,0.20599,0.28733,0.059185,-0.38941,0.13085,0.059403,0.34776,0.095917,0.083379,-0.57554,0.23381,-0.060743,0.53972,0.18966,-0.067638,-0.0023346,0.031321,0.052075,0,-0.037134,0,-0.091285,-0.12611,-0.024814,0.084822,-0.1303,0.008975,-0.10742,-0.59287,-0.08362,0.062306,-0.58663,-0.090939,-0.076625,-0.97928,0.046277,0.031128,-0.97362,0.037884
0.019325,0.58874,0.020993,0.0078839,0.38791,0.028644,-0.18462,0.28867,0.009316,0.2063,0.28591,0.052964,-0.39334,0.12572,0.051211,0.37279,0.083523,0.052687,-0.54766,0.23559,-0.10645,0.51368,0.20554,-0.10892,-0.0023422,0.029082,0.050509,0,-0.039892,0,-0.091802,-0.12923,-0.023017,0.085658,-0.13198,0.007412,-0.10298,-0.59525,-0.083012,0.063267,-0.58704,-0.091179,-0.071521,-0.98485,0.045225,0.026107,-0.96511,0.029026
0.023819,0.63668,0.029909,0.01543,0.4301,0.031752,-0.18261,0.30693,0.005826,0.20344,0.3048,0.036507,-0.38598,0.14589,0.038944,0.33347,0.10931,0.070137,-0.52219,0.23785,-0.14685,0.49184,0.22736,-0.16421,-0.00087224,0.042295,0.049997,0,-0.027749,0,-0.092331,-0.11074,-0.020215,0.085082,-0.11799,0.00611,-0.1088,-0.56996,-0.045729,0.071044,-0.58746,-0.072243,-0.068004,-0.98495,0.044451,0.024379,-0.97749,0.038117
0.01641,0.69117,0.031767,0.016205,0.49902,0.039849,-0.18305,0.39101,0.010092,0.20067,0.38114,0.024613,-0.33952,0.22024,0.050609,0.32418,0.18219,0.035701,-0.4834,0.2269,-0.15246,0.45125,0.2348,-0.17216,0.00073161,0.1146,0.051908,0,0.044519,0,-0.091116,-0.039742,-0.0234,0.084933,-0.044635,0.002732,-0.11524,-0.56756,0.006057,0.087987,-0.55402,-0.025871,-0.073179,-0.9819,0.04895,0.038264,-0.97518,0.036821
0.015446,0.76769,0.04959,0.0076947,0.57287,0.054281,-0.18736,0.46177,0.023102,0.19556,0.46226,0.037384,-0.34891,0.29616,0.047854,0.32778,0.2672,0.037363,-0.47975,0.20992,-0.14469,0.43587,0.2293,-0.18481,-0.00051568,0.17857,0.05458,0,0.10826,0,-0.085675,0.023903,-0.027632,0.082801,0.019131,0.002015,-0.11451,-0.56245,0.03916,0.087109,-0.55408,0.011023,-0.10367,-0.95523,0.022658,0.085442,-0.96747,0.019175
0.014487,0.8292,0.055949,0.019039,0.63476,0.059026,-0.1897,0.5254,0.028563,0.20165,0.52674,0.045153,-0.34143,0.34425,0.075556,0.30782,0.32266,0.074958,-0.43603,0.20617,-0.10686,0.40691,0.22837,-0.13318,0.0011303,0.23307,0.055716,0,0.16171,0,-0.089542,0.080086,-0.024324,0.082487,0.066873,-0.002843,-0.11262,-0.51955,0.034901,0.091604,-0.53614,0.025245,-0.099655,-0.94824,0.027106,0.1006,-0.92547,0.00081
