-0.08920369,0.6659278,2.967274,-0.1134647,0.492828,3.033572,-0.3162434,0.4055505,3.021833,0.08074852,0.3951277,3.050025,-0.4923494,0.2489446,3.033843,0.2401791,0.2188267,2.996202,-0.6031247,0.1621394,2.826211,0.3303168,0.2407811,2.761492,-0.1358388,0.1236242,3.028298,-0.1397194,0.05021901,3.02255,-0.2362376,-0.03441796,3.000516,-0.05394382,-0.04624791,3.034194,-0.2665621,-0.5531471,3.037639,-0.02444059,-0.5511816,3.023181,-0.2549975,-0.9692976,3.109786,-0.03167719,-0.9620749,3.087985
-0.09664765,0.7255892,2.953423,-0.1136757,0.5584207,3.037346,-0.3152632,0.4712867,3.014197,0.07801247,0.4683362,3.042689,-0.4860842,0.3148348,3.044218,0.219281,0.2771584,2.9912,-0.5734298,0.1652614,2.865389,0.2919709,0.2180739,2.757119,-0.1355704,0.1849742,3.024458,-0.1390773,0.1112566,3.013458,-0.2337355,0.02682419,2.991553,-0.05454856,0.01737341,3.020106,-0.265094,-0.5465653,3.055629,-0.02616737,-0.5359469,3.051641,-0.2629381,-0.9605537,3.103838,-0.002530389,-0.9489372,3.063323
-0.1027626,0.7806022,2.943626,-0.1205069,0.6134614,3.019532,-0.3218836,0.5359114,3.00745,0.0716326,0.5226489,3.032116,-0.4804394,0.3297873,3.041494,0.191895,0.3164703,3.000065,-0.560107,0.1278515,2.92266,0.2681122,0.1918378,2.796898,-0.1423789,0.2502323,3.018593,-0.1458588,0.1783572,3.008061,-0.2422572,0.09448691,2.991957,-0.0598243,0.08435649,3.013602,-0.2703393,-0.5090938,3.038495,-0.02545505,-0.520053,3.047356,-0.2573269,-0.934942,3.104235,-0.002687169,-0.9440255,3.089743
-0.1002145,0.8197657,2.911924,-0.1181043,0.6515642,3.004791,-0.3191184,0.5585597,2.990834,0.07038357,0.5487794,3.021919,-0.4735266,0.3352083,3.03987,0.1768933,0.3313614,2.997832,-0.5465996,0.1071035,2.982298,0.2512284,0.1215857,2.839777,-0.1407853,0.2802328,3.018913,-0.1441975,0.2068964,3.011354,-0.2400404,0.1240267,2.998282,-0.05855042,0.1162525,3.020921,-0.2706141,-0.3972705,2.968435,-0.03111176,-0.4011059,2.983611,-0.2401743,-0.8012043,3.142071,-0.02710476,-0.8175178,3.132647
-0.1045453,0.832139,2.893425,-0.1245532,0.6607883,2.993596,-0.3223205,0.5746521,2.98035,0.06438854,0.5622742,3.008097,-0.4602378,0.3325797,3.044348,0.1555746,0.3098136,3.001433,-0.5410033,0.1053263,3.056643,0.230675,0.09186129,2.922576,-0.1446185,0.3032167,3.018873,-0.147783,0.2334262,3.016044,-0.2431855,0.1488919,3.006495,-0.06104841,0.1448438,3.030645,-0.2815185,-0.2939024,2.908268,-0.03394972,-0.3086753,2.931508,-0.2086714,-0.656773,3.141453,-0.08014464,-0.6876299,3.147363
-0.1081245,0.8348949,2.882829,-0.1307556,0.6674417,2.980532,-0.3267491,0.5794208,2.976546,0.06197336,0.5651544,3.000565,-0.4514142,0.3401986,3.056651,0.127238,0.2866595,3.035579,-0.5270588,0.1247407,3.111799,0.2178306,0.06615733,3.00911,-0.1476412,0.3189995,3.016415,-0.1504491,0.2500657,3.016551,-0.2465315,0.1657179,3.009997,-0.06212141,0.1573018,3.032993,-0.2914872,-0.2519073,2.838688,-0.03196373,-0.2609879,2.859922,-0.1759728,-0.5683561,3.113872,-0.09647086,-0.5930819,3.133513
-0.1098242,0.8333741,2.869093,-0.13231,0.669239,2.973021,-0.3288432,0.5831892,2.973721,0.06044606,0.5671332,2.995476,-0.4473165,0.3527167,3.072179,0.1247678,0.2949783,3.045313,-0.5335695,0.1459893,3.140372,0.2128836,0.07729672,3.073852,-0.1485381,0.3244011,3.013216,-0.1513634,0.2557122,3.01499,-0.2478984,0.1702932,3.008359,-0.06260387,0.1640703,3.033724,-0.2997924,-0.2299725,2.799514,-0.0291848,-0.236304,2.821088,-0.1791561,-0.5153801,3.102561,-0.09348673,-0.5075523,3.150696
-0.1097629,0.8315743,2.856076,-0.1332937,0.6653018,2.962206,-0.330306,0.5850951,2.970631,0.05745398,0.570276,2.992154,-0.4499932,0.3621362,3.090631,0.120719,0.3021084,3.052838,-0.5496107,0.1656104,3.16827,0.2116528,0.1049967,3.137918,-0.1495649,0.3270682,3.007901,-0.1524861,0.2590291,3.011082,-0.2492306,0.1740705,3.005138,-0.06385522,0.1677115,3.030794,-0.2842541,-0.2300757,2.801465,-0.02919996,-0.2312763,2.816415,-0.1765915,-0.5036593,3.118597,-0.09635639,-0.4937883,3.151908
-0.106678,0.8288559,2.839599,-0.1340887,0.6626118,2.950752,-0.3309473,0.5866888,2.964699,0.055503,0.5720066,2.985566,-0.458242,0.3735212,3.094354,0.1200883,0.3127266,3.07217,-0.5790148,0.1860025,3.171717,0.2237416,0.1268108,3.166076,-0.1510205,0.327869,2.997989,-0.1540263,0.2602577,3.002787,-0.2501629,0.1764728,2.996475,-0.06622107,0.1686314,3.024599,-0.2880415,-0.2448694,2.836831,-0.03972884,-0.2343385,2.81793,-0.1537777,-0.5405681,3.125159,-0.09447469,-0.4699674,3.173324
-0.1051287,0.8119109,2.81889,-0.133838,0.6556988,2.932883,-0.3296788,0.5871732,2.95129,0.05525751,0.5699419,2.98077,-0.4739102,0.385214,3.093252,0.1283014,0.3320206,3.08574,-0.6199281,0.2180066,3.167027,0.2651579,0.1644888,3.172629,-0.1552691,0.319348,2.982727,-0.1590305,0.2513269,2.988893,-0.2543203,0.169439,2.985153,-0.07418004,0.1597544,3.010579,-0.2819239,-0.283557,2.865285,-0.04978096,-0.2834489,2.870763,-0.1950643,-0.6793838,3.040523,-0.09111267,-0.6792138,3.059988
-0.1029983,0.8099416,2.811091,-0.1367768,0.6443208,2.909044,-0.3320003,0.5802068,2.941094,0.05506704,0.5619546,2.973118,-0.4984106,0.3799762,3.093504,0.1374201,0.3170684,3.108277,-0.683085,0.233114,3.116856,0.2954162,0.1575708,3.175743,-0.1603482,0.2949391,2.962092,-0.1647006,0.2236192,2.9696,-0.2600035,0.1426963,2.96867,-0.08080776,0.1297457,2.991167,-0.283552,-0.3989047,2.901732,-0.05292895,-0.4147104,2.907651,-0.2253717,-0.8361467,2.979845,-0.05084698,-0.8505015,2.983921
-0.1026749,0.774334,2.794192,-0.1357189,0.6121501,2.899666,-0.3355874,0.5446151,2.921772,0.05475105,0.5391254,2.964836,-0.5194676,0.3671115,3.081272,0.1448793,0.3104697,3.106051,-0.7281824,0.2507993,3.073767,0.344337,0.1970048,3.15865,-0.163164,0.2596757,2.948856,-0.1680435,0.1890028,2.956614,-0.2650546,0.1029365,2.952747,-0.08478286,0.09717849,2.977829,-0.2760053,-0.5023701,2.931775,-0.05953745,-0.5061145,2.929669,-0.2569029,-0.9284311,2.915213,-0.04656091,-0.9249393,2.910508
-0.1122901,0.6692259,2.794224,-0.1401646,0.4963743,2.896573,-0.3426456,0.4254975,2.909973,0.04959328,0.4180371,2.958697,-0.5528471,0.2807448,3.009363,0.173149,0.2301746,3.074291,-0.7847667,0.2582138,2.941796,0.4106668,0.2107891,3.041569,-0.1620399,0.1405461,2.928893,-0.1657795,0.0690669,2.933696,-0.25992,-0.01612601,2.920607,-0.08240291,-0.0253018,2.956363,-0.2859752,-0.5583917,2.917428,-0.0757607,-0.5849339,2.906793,-0.2893114,-0.9796603,2.944706,-0.08620767,-0.9900591,2.924074
-0.1223186,0.605625,2.79232,-0.1444779,0.4326744,2.903113,-0.3500735,0.3590315,2.913087,0.04607583,0.3481777,2.952467,-0.5704598,0.2139568,2.979867,0.2029,0.1906612,3.050783,-0.7894492,0.2406794,2.873682,0.4329447,0.2287245,2.98412,-0.1664759,0.07964679,2.92661,-0.1704164,0.008873269,2.930146,-0.2658533,-0.07697741,2.915674,-0.08606002,-0.08631834,2.950047,-0.2852492,-0.5936002,2.885585,-0.0864443,-0.5895846,2.877107,-0.2829918,-0.9947884,2.966063,-0.1017341,-0.9917024,2.929725
-0.1311377,0.5591688,2.816117,-0.1467671,0.3784915,2.909614,-0.35192,0.2892631,2.909441,0.04791179,0.2860284,2.961491,-0.5740861,0.1588434,2.948515,0.2235869,0.1397012,3.03248,-0.7705433,0.2216156,2.813618,0.4226805,0.224246,2.916728,-0.1702567,0.02389611,2.927905,-0.1744106,-0.04712657,2.93088,-0.2709323,-0.1336297,2.911214,-0.08984282,-0.1446737,2.953547,-0.2871777,-0.598695,2.864325,-0.1013799,-0.6101872,2.827058,-0.2476694,-1.003355,2.959068,-0.104332,-0.9931087,2.927963
-0.136054,0.5455913,2.825136,-0.1489183,0.3679625,2.918386,-0.3526454,0.2664683,2.911805,0.04399668,0.2657321,2.956999,-0.5698417,0.1001516,2.939629,0.2147687,0.1020097,3.019807,-0.7397818,0.1971163,2.775131,0.403302,0.2300148,2.874404,-0.1704823,0.01151885,2.929787,-0.1743737,-0.06020889,2.931796,-0.2699929,-0.147646,2.909883,-0.08966026,-0.1552553,2.953424,-0.2725684,-0.6028352,2.832382,-0.1061101,-0.6058677,2.815616,-0.2477833,-1.004916,2.958218,-0.1247916,-0.9932042,2.900035
-0.1406304,0.545058,2.834057,-0.1563119,0.3634121,2.919551,-0.3552266,0.2647664,2.913166,0.04293727,0.2638899,2.956676,-0.5681066,0.100738,2.937649,0.2010635,0.08529467,3.030732,-0.7300745,0.1867556,2.756223,0.3908158,0.2310598,2.822652,-0.1722569,0.009995907,2.928935,-0.1755548,-0.06127211,2.930793,-0.2709419,-0.1487691,2.909219,-0.09015541,-0.1567471,2.950955,-0.2731048,-0.6030517,2.832112,-0.1061494,-0.6058451,2.81564,-0.2485968,-1.00372,2.955951,-0.1240244,-0.9933263,2.900374
-0.1437736,0.5645449,2.847914,-0.1600306,0.3817645,2.922993,-0.3660989,0.2958119,2.920424,0.04047744,0.2934277,2.956745,-0.5282117,0.1310236,2.951754,0.2037672,0.1238863,2.968143,-0.7123221,0.1738648,2.727925,0.3719682,0.2471203,2.780168,-0.1741479,0.02662444,2.925678,-0.17682,-0.04375381,2.92469,-0.2724931,-0.1328806,2.903028,-0.08904791,-0.1402501,2.940865,-0.2811233,-0.5988648,2.852972,-0.09701879,-0.6066753,2.833811,-0.2491448,-1.00292,2.955921,-0.1180079,-0.9944816,2.907529
-0.14794,0.6393357,2.860723,-0.1522312,0.4645438,2.928863,-0.364372,0.3729644,2.926048,0.03424267,0.3738162,2.954594,-0.533581,0.2085334,2.952842,0.1881821,0.1957621,2.96519,-0.7024193,0.1699155,2.722737,0.3350816,0.2525405,2.77172,-0.1727588,0.09856109,2.923639,-0.1763335,0.02575015,2.918669,-0.2709821,-0.06127895,2.899281,-0.09163254,-0.06832115,2.92794,-0.2885496,-0.5791568,2.909342,-0.07635635,-0.58848,2.88672,-0.2615603,-0.9949405,2.964161,-0.1025129,-0.9846298,2.919146
-0.147453,0.7087697,2.869565,-0.1546263,0.5358568,2.933087,-0.3614853,0.445353,2.923438,0.03168599,0.4470947,2.966342,-0.5422241,0.2883619,2.937578,0.1881039,0.268198,2.956973,-0.6592295,0.1711645,2.751806,0.3040596,0.2477911,2.735387,-0.173037,0.1606265,2.923901,-0.175576,0.08628299,2.91506,-0.2681477,0.0005808473,2.892295,-0.09136849,-0.007506096,2.92491,-0.288847,-0.5648687,2.955006,-0.06977381,-0.574607,2.937391,-0.2800393,-0.9668995,2.947977,-0.06603288,-0.9821811,2.897467
-0.1514492,0.7727377,2.871716,-0.1627734,0.5944239,2.940429,-0.3665229,0.5136569,2.928857,0.02475768,0.5214195,2.962806,-0.5402616,0.3418294,2.9606,0.1657254,0.333411,2.973836,-0.632621,0.1804354,2.797377,0.2757443,0.2389474,2.77051,-0.1755068,0.2282013,2.930299,-0.1768738,0.1560829,2.917919,-0.2666519,0.06931411,2.894439,-0.09283997,0.06427784,2.926395,-0.2909678,-0.5308369,2.954792,-0.06764768,-0.5390878,2.952863,-0.2782468,-0.9578438,2.959463,-0.0618966,-0.9583226,2.921669
-0.15411,0.8226529,2.857284,-0.1622511,0.6502121,2.940222,-0.3673351,0.5517524,2.924095,0.02018539,0.5720896,2.961786,-0.5383831,0.3467633,2.963509,0.1447473,0.3705485,2.97791,-0.622031,0.1448708,2.84592,0.2379724,0.2093945,2.815085,-0.1732604,0.2802129,2.937739,-0.1739576,0.2072528,2.924711,-0.2661863,0.1202371,2.901783,-0.08641772,0.1168528,2.935693,-0.2868043,-0.4675099,2.922777,-0.067416,-0.476141,2.925473,-0.2585009,-0.8712629,3.026523,-0.07181776,-0.8968122,2.985235
-0.156912,0.8400015,2.852694,-0.1605515,0.6853466,2.942719,-0.3710952,0.5761838,2.923918,0.02151738,0.5873387,2.962706,-0.5163289,0.360436,2.9742,0.134198,0.3734955,2.980235,-0.6015113,0.1367097,2.926721,0.221601,0.1609523,2.876882,-0.1754464,0.3165318,2.948619,-0.1768227,0.2437063,2.936539,-0.2721023,0.1565294,2.917275,-0.08821714,0.1504314,2.94728,-0.2999079,-0.340457,2.863106,-0.07182343,-0.3685387,2.877831,-0.2319572,-0.7317685,3.057354,-0.1058387,-0.7720984,3.057489
-0.1583664,0.8555937,2.851253,-0.1612968,0.6961923,2.939726,-0.3750431,0.5969269,2.92545,0.02202311,0.5885774,2.962459,-0.5054278,0.3607569,2.98582,0.1121268,0.3596448,2.998563,-0.5797862,0.133967,3.01475,0.2034424,0.1335161,2.949147,-0.178421,0.3353162,2.952048,-0.1804528,0.2640711,2.941862,-0.277968,0.1767408,2.925056,-0.09091704,0.1695465,2.95409,-0.299348,-0.2623579,2.827102,-0.06991246,-0.2770338,2.838372,-0.1995745,-0.6116794,3.073192,-0.1078895,-0.6329396,3.091429
-0.1613692,0.8638767,2.848213,-0.1786466,0.6985196,2.92094,-0.3764797,0.6032637,2.927286,0.02105935,0.5936053,2.962903,-0.4906591,0.3588299,3.02809,0.1029178,0.3464605,3.018717,-0.5629056,0.1402189,3.084574,0.197699,0.1229813,3.036717,-0.1843669,0.3476175,2.951759,-0.1857767,0.2789128,2.946027,-0.2813676,0.1930711,2.934396,-0.09525006,0.1859727,2.962389,-0.3110958,-0.2330576,2.787776,-0.06355362,-0.2347193,2.799791,-0.1988014,-0.5343128,3.082179,-0.1157383,-0.5560266,3.090143
-0.165434,0.8681026,2.844058,-0.1801754,0.6967375,2.91732,-0.3780495,0.6084314,2.92987,0.01998887,0.5968263,2.963311,-0.481785,0.3629467,3.060959,0.09688906,0.3486122,3.032942,-0.5529236,0.1492803,3.124013,0.1834981,0.1482642,3.114739,-0.1860202,0.3494475,2.951976,-0.1876458,0.2811354,2.94896,-0.2838949,0.1955982,2.941458,-0.09694953,0.1885631,2.96647,-0.2874297,-0.2211767,2.766022,-0.06580538,-0.2217039,2.777844,-0.1899716,-0.4784294,3.101085,-0.1237601,-0.4937153,3.110598
-0.1676255,0.8666992,2.841367,-0.1821707,0.6919241,2.913502,-0.3789399,0.6078728,2.931781,0.01925661,0.5965965,2.963488,-0.4803756,0.3651285,3.075108,0.09308051,0.3402999,3.074191,-0.5612297,0.160933,3.153048,0.1958584,0.1444152,3.14825,-0.1869989,0.3489474,2.951694,-0.1886352,0.2805284,2.950523,-0.2848443,0.1944735,2.945324,-0.09776472,0.1880138,2.968072,-0.2958938,-0.2217886,2.769885,-0.06572834,-0.2209457,2.777454,-0.1975738,-0.4815915,3.103214,-0.1227967,-0.4940222,3.109864
-0.1703479,0.8580203,2.831172,-0.17873,0.6874446,2.916065,-0.3761746,0.6001676,2.930475,0.01621555,0.5946373,2.96451,-0.4837118,0.3718607,3.089814,0.09437974,0.3509375,3.079505,-0.5884489,0.1835969,3.177319,0.2034096,0.1812909,3.19213,-0.1875037,0.3428243,2.953415,-0.1894383,0.2732478,2.953588,-0.284364,0.1887412,2.946425,-0.1006035,0.1828173,2.971554,-0.3104139,-0.2414646,2.816655,-0.06555215,-0.2397028,2.818196,-0.2325621,-0.5377024,3.111047,-0.1189518,-0.5775781,3.091913
-0.175431,0.8424696,2.826999,-0.178865,0.6797066,2.916673,-0.3884933,0.5910823,2.937869,0.01139663,0.5905982,2.966334,-0.4884846,0.3728809,3.09378,0.09857842,0.3553787,3.089138,-0.613601,0.1942133,3.175539,0.2254457,0.1897762,3.190095,-0.1907172,0.3307509,2.953767,-0.1930598,0.260354,2.954914,-0.2891111,0.1685166,2.946817,-0.104882,0.1694335,2.973797,-0.314981,-0.3141499,2.855228,-0.07458933,-0.3199526,2.867325,-0.2631337,-0.7149183,3.039714,-0.1179899,-0.7223684,3.050587
-0.1776993,0.8320789,2.822996,-0.1907938,0.6529179,2.909107,-0.3928593,0.5767464,2.940969,0.002207917,0.5805891,2.96845,-0.5109923,0.3635319,3.098284,0.1038609,0.3429881,3.100858,-0.6702033,0.1974161,3.146428,0.2766671,0.2070031,3.17869,-0.1966445,0.2898492,2.948063,-0.1969797,0.2160316,2.950605,-0.2879921,0.1316826,2.943815,-0.1075801,0.1280389,2.969718,-0.3085647,-0.4390347,2.908026,-0.0794058,-0.4535749,2.925396,-0.2898116,-0.8724416,2.987108,-0.104747,-0.8973336,3.002915
-0.1864839,0.7895356,2.824168,-0.1897836,0.6256045,2.911843,-0.4035445,0.5273309,2.950297,-0.004184308,0.5346348,2.987269,-0.5454971,0.3209577,3.096582,0.1245303,0.3108946,3.119991,-0.7349628,0.1765641,3.093777,0.3183741,0.1902653,3.17463,-0.1937285,0.259124,2.943861,-0.193738,0.1856401,2.945783,-0.2840926,0.09078962,2.935601,-0.1039954,0.09206437,2.962494,-0.3077559,-0.5125278,2.944121,-0.08693757,-0.5118676,2.955093,-0.3179277,-0.9508476,2.987424,-0.09843583,-0.9484802,2.980678
-0.1974114,0.7332648,2.83835,-0.1855336,0.5586721,2.927755,-0.4044977,0.4638794,2.957701,0.003758719,0.4652701,2.998081,-0.5646394,0.2675495,3.08232,0.1275541,0.2667512,3.115151,-0.7873683,0.1845855,3.048153,0.3568737,0.2062943,3.126224,-0.1891786,0.1922777,2.942035,-0.189187,0.1190086,2.9411,-0.2812489,0.02395465,2.926194,-0.09867221,0.02787045,2.955603,-0.3059216,-0.5320614,2.948375,-0.09019294,-0.5406145,2.952679,-0.3219811,-0.9727399,3.002661,-0.1002354,-0.957599,2.98129
-0.1958377,0.665324,2.852611,-0.1958152,0.4829628,2.928725,-0.4069811,0.395078,2.970492,-0.005132802,0.400002,3.002383,-0.5796891,0.211578,3.067492,0.1380825,0.2311395,3.104275,-0.8072274,0.182102,2.988174,0.3747475,0.2061089,3.074695,-0.1918027,0.1280299,2.944359,-0.1904787,0.05702844,2.944411,-0.2801737,-0.03690914,2.927662,-0.09847731,-0.03313056,2.961761,-0.2995904,-0.5511032,2.937413,-0.09799507,-0.5755471,2.927214,-0.3173538,-0.9883643,3.042254,-0.116168,-0.9792516,3.008943
-0.2002694,0.6059304,2.868169,-0.1942242,0.4280643,2.951419,-0.4099805,0.3276236,2.978878,-0.004315209,0.3441581,3.004409,-0.6112511,0.1576885,3.033838,0.1598116,0.1698415,3.090641,-0.8258508,0.183549,2.918873,0.3855257,0.223287,3.02109,-0.193736,0.07074136,2.957678,-0.1931944,-0.0005472451,2.955254,-0.2855654,-0.09587053,2.935582,-0.1003768,-0.09108648,2.970391,-0.301686,-0.5983825,2.915056,-0.1012774,-0.5865884,2.910702,-0.3076898,-0.986865,3.035958,-0.1366114,-0.9776958,3.012125
-0.2033,0.576315,2.879088,-0.1895446,0.3957785,2.963221,-0.4109558,0.2933037,2.981193,-0.005475338,0.2838935,3.006054,-0.6082398,0.1318663,3.006109,0.1744311,0.1503266,3.064466,-0.8127108,0.1746593,2.877019,0.3792054,0.2309809,2.958629,-0.1970972,0.03746731,2.96641,-0.1981219,-0.03418325,2.962337,-0.2916521,-0.1239569,2.941129,-0.108368,-0.1305559,2.977013,-0.3042924,-0.6005508,2.906643,-0.1084865,-0.5922333,2.895389,-0.2781304,-0.9840451,3.015055,-0.1415313,-0.9775221,3.007818
-0.2031387,0.5661043,2.897021,-0.1950184,0.3793494,2.966161,-0.4096951,0.2880768,2.982051,-0.006035144,0.2839644,3.006306,-0.6038845,0.1242013,2.992278,0.1744925,0.1443989,3.046859,-0.784834,0.1707579,2.830119,0.3531841,0.2398157,2.907108,-0.200692,0.02711757,2.970151,-0.2012967,-0.04322225,2.965142,-0.2946228,-0.134254,2.947699,-0.1105966,-0.1347175,2.977038,-0.3064473,-0.6006615,2.90369,-0.1161793,-0.5933779,2.891861,-0.2851865,-0.9873743,3.01667,-0.148545,-0.9730297,3.000931
-0.1926891,0.5865159,2.918622,-0.1950723,0.3890492,2.971479,-0.4068445,0.2921703,2.983534,-0.003852754,0.2919654,3.007987,-0.5944675,0.1228924,3.000101,0.1770241,0.1431962,3.023163,-0.7614509,0.1646575,2.821226,0.3278286,0.2471593,2.85667,-0.2015103,0.03113803,2.97263,-0.2020954,-0.03973758,2.965932,-0.2956746,-0.1302866,2.948435,-0.1115387,-0.131181,2.97673,-0.3144063,-0.5941719,2.914061,-0.1198161,-0.5933125,2.900068,-0.2889739,-0.9871588,3.021231,-0.1491342,-0.9731342,3.001402
-0.1843599,0.6545237,2.945446,-0.1929556,0.4599314,2.991042,-0.3914395,0.3715137,2.99141,0.0007147928,0.3692072,3.016659,-0.5698311,0.1804308,2.988994,0.1307025,0.1687433,3.024424,-0.7210889,0.1451906,2.794265,0.2780501,0.2392003,2.836918,-0.2016921,0.09439621,2.981735,-0.2025377,0.02240906,2.969463,-0.2930818,-0.06443141,2.947884,-0.1158953,-0.06890559,2.976438,-0.3256726,-0.5662329,2.965692,-0.1076276,-0.5616444,2.951408,-0.2961608,-0.9858774,3.034288,-0.1467064,-0.9732916,3.014709
-0.1809099,0.721367,2.95676,-0.1925769,0.5355065,3.005215,-0.391746,0.4379183,2.996075,0.0002875413,0.4447458,3.025009,-0.5569017,0.2521613,3.004065,0.1181925,0.2429264,3.04142,-0.6710066,0.1344428,2.817348,0.253664,0.2336983,2.831756,-0.1976967,0.1582335,2.99042,-0.1974224,0.08462715,2.972927,-0.2869422,-0.002884686,2.948769,-0.1098174,-0.006044304,2.978679,-0.3202114,-0.5678325,3.022505,-0.1046719,-0.5606002,3.009913,-0.3173686,-0.9795823,3.034084,-0.1213446,-0.9730868,3.020884
-0.1788971,0.7870117,2.970777,-0.1869432,0.605999,3.007472,-0.3868168,0.5037673,2.993797,0.003461348,0.5136861,3.025884,-0.5434589,0.3161488,3.027452,0.117118,0.3086541,3.037693,-0.621716,0.1448774,2.867948,0.2326837,0.2271104,2.832248,-0.1961937,0.2186461,2.998017,-0.1963332,0.1431567,2.9782,-0.285016,0.05651277,2.955309,-0.1112521,0.05226164,2.984382,-0.3204691,-0.5411139,3.023141,-0.1037967,-0.5503847,3.013913,-0.3180304,-0.9690759,3.025042,-0.1020879,-0.9569954,3.010332
-0.1759151,0.844244,2.960627,-0.1906008,0.6592849,3.000433,-0.3929945,0.5560284,2.996487,-0.0003985489,0.565784,3.023442,-0.5352823,0.3421361,3.03404,0.1072059,0.350758,3.042133,-0.6047065,0.1426168,2.910752,0.2035527,0.2058817,2.865865,-0.1982053,0.2779921,3.00598,-0.1982113,0.2030257,2.988049,-0.2891974,0.115091,2.967977,-0.1102106,0.1119802,2.997658,-0.3196176,-0.4869004,3.002441,-0.0948567,-0.4900084,2.991693,-0.3051657,-0.9029158,3.052552,-0.1092174,-0.9064231,3.036202
-0.172337,0.8692113,2.966859,-0.1878872,0.6761625,2.995192,-0.3863645,0.5779669,2.989762,-0.001993459,0.5860573,3.022606,-0.5273603,0.3511477,3.042431,0.1030049,0.3582983,3.041564,-0.5943905,0.1322848,2.964149,0.1797895,0.1628008,2.916037,-0.1989246,0.3038701,3.013438,-0.1995207,0.2309806,3.000257,-0.2914188,0.1502368,2.988362,-0.1129773,0.1449882,3.013259,-0.3239231,-0.3772319,2.946226,-0.09285631,-0.3871218,2.939025,-0.2568431,-0.7848302,3.116312,-0.1282418,-0.8142235,3.07292
-0.1708792,0.8865004,2.966524,-0.1873725,0.7045845,2.994608,-0.3893271,0.6044595,2.993625,0.001756896,0.5956663,3.024143,-0.5163897,0.3559467,3.060693,0.0971177,0.3588335,3.04474,-0.5914983,0.1305121,3.041559,0.1708629,0.1390142,2.978235,-0.200748,0.3407724,3.024834,-0.2019898,0.2671621,3.015381,-0.2961991,0.1772216,3.003182,-0.1132113,0.1715823,3.026985,-0.3250708,-0.270214,2.902038,-0.094226,-0.2991689,2.907369,-0.2383474,-0.6505857,3.114116,-0.1574038,-0.6988207,3.094149
-0.167213,0.8982828,2.970147,-0.1790695,0.7210728,3.003013,-0.3888919,0.6084392,2.9949,0.006100348,0.5989442,3.026999,-0.5108676,0.3656177,3.076351,0.08943489,0.360608,3.058874,-0.5944918,0.1454493,3.093896,0.1731008,0.1225339,3.038753,-0.1968909,0.3522981,3.029168,-0.1988707,0.2783702,3.020837,-0.2949578,0.1897483,3.009348,-0.1096112,0.1848128,3.0337,-0.3272545,-0.2377469,2.869598,-0.08529536,-0.2359277,2.871351,-0.2416831,-0.5732483,3.142066,-0.1313365,-0.589067,3.132035
-0.1675357,0.9123196,2.980674,-0.1766966,0.7299336,3.013,-0.386797,0.6141276,3.000206,0.01116907,0.6002122,3.032646,-0.5095032,0.3702031,3.094713,0.08924421,0.3356884,3.104142,-0.6047414,0.1570977,3.155359,0.1786409,0.118912,3.128859,-0.1956171,0.3573363,3.031993,-0.1979283,0.2829799,3.023752,-0.2946746,0.1945701,3.010563,-0.1087847,0.1882274,3.036549,-0.326663,-0.2324417,2.869985,-0.08804507,-0.2273995,2.860597,-0.2222051,-0.5293689,3.175637,-0.1528795,-0.516927,3.154271
-0.1666553,0.9144258,2.986448,-0.1773334,0.7301546,3.014887,-0.3846146,0.6192174,3.009832,0.01321189,0.608288,3.045818,-0.5027871,0.3794811,3.155808,0.08581386,0.3445332,3.112167,-0.6107839,0.1703525,3.175341,0.1881912,0.1425323,3.170383,-0.1951449,0.3591419,3.03194,-0.1971341,0.2853642,3.02429,-0.2929338,0.1978697,3.00927,-0.1082085,0.1908259,3.03785,-0.3271726,-0.2295341,2.871604,-0.0880981,-0.2248189,2.862618,-0.2298822,-0.5298576,3.176369,-0.1318848,-0.5533347,3.15172
-0.1658161,0.9169793,2.999556,-0.1795031,0.7306075,3.021754,-0.3813277,0.6172915,3.018214,0.01238453,0.6147104,3.058167,-0.5044897,0.3830743,3.16495,0.0871429,0.3551848,3.129027,-0.6307685,0.190351,3.209716,0.1991415,0.1638267,3.200848,-0.1952715,0.3582895,3.031597,-0.1968997,0.2839766,3.022565,-0.2916963,0.19661,3.004988,-0.1082191,0.1898092,3.03434,-0.3162925,-0.2629782,2.909448,-0.08753947,-0.2790112,2.911938,-0.2564058,-0.6373271,3.140554,-0.1409464,-0.6430621,3.158661
-0.1668622,0.9152772,3.010339,-0.1781041,0.724853,3.033795,-0.3761266,0.6103846,3.028556,0.01310391,0.6103984,3.06706,-0.5063685,0.3838423,3.176833,0.09016856,0.3564594,3.139828,-0.6454318,0.1991671,3.218753,0.2348453,0.1824002,3.229663,-0.1924087,0.3463103,3.031138,-0.192993,0.2695332,3.016314,-0.285533,0.1834384,2.995524,-0.1057408,0.1776239,3.024015,-0.3178405,-0.3473673,2.942765,-0.08814735,-0.3664532,2.951682,-0.2687875,-0.7483047,3.134046,-0.1103117,-0.7625067,3.155826
-0.163528,0.8947997,3.034596,-0.1798438,0.7023182,3.052465,-0.3730337,0.5862179,3.044514,0.01369537,0.5939531,3.083823,-0.5172385,0.3714582,3.191926,0.1092349,0.3297323,3.17828,-0.6947414,0.2164774,3.211051,0.2750393,0.1768794,3.240068,-0.1900215,0.3105032,3.029914,-0.1896712,0.2338468,3.006391,-0.2789758,0.1507588,2.978832,-0.1038336,0.1393766,3.009549,-0.3068191,-0.4522025,2.984712,-0.0922894,-0.4641843,3.013295,-0.2786438,-0.8834531,3.11387,-0.07335158,-0.9028845,3.121879
-0.1730999,0.8498251,3.049834,-0.1692893,0.6558306,3.068535,-0.3809144,0.5343101,3.068677,0.01294141,0.5420783,3.098852,-0.5329049,0.3289196,3.206163,0.1261795,0.3100511,3.191715,-0.7392112,0.2101879,3.193933,0.3144704,0.1763937,3.235268,-0.1852834,0.2689752,3.032917,-0.1864646,0.1961683,3.003847,-0.2771775,0.1144178,2.974948,-0.1017284,0.1004073,3.003195,-0.298537,-0.4877859,3.007966,-0.09573538,-0.5030219,3.023271,-0.2873336,-0.9408636,3.091338,-0.07985196,-0.9826154,3.083935
-0.1739789,0.7890923,3.058491,-0.1744189,0.5976172,3.082563,-0.3750778,0.4722489,3.071641,0.01893633,0.4747123,3.099419,-0.541048,0.2885287,3.199129,0.139534,0.2541152,3.183729,-0.768127,0.2198958,3.165006,0.3650228,0.1805943,3.189878,-0.1866727,0.2058269,3.041177,-0.1870902,0.1330853,3.007055,-0.2747059,0.04954565,2.979746,-0.104263,0.04107478,3.000426,-0.2989482,-0.5355297,3.007733,-0.09446982,-0.5505415,3.020614,-0.2943365,-0.9552801,3.088933,-0.08163333,-0.9761164,3.075833
-0.1759322,0.7127999,3.0611,-0.1694012,0.5200275,3.095531,-0.3750115,0.3994283,3.075164,0.009301687,0.4081824,3.107082,-0.5668056,0.2269695,3.183645,0.1650479,0.2015755,3.173868,-0.7942464,0.2218387,3.099224,0.400876,0.1805094,3.134786,-0.1839208,0.1348854,3.058326,-0.1842575,0.06407276,3.021765,-0.2720816,-0.02045178,2.988204,-0.1020868,-0.02491128,3.021814,-0.2997364,-0.5541422,2.990588,-0.09253302,-0.583752,2.97709,-0.2788167,-0.9808332,3.133941,-0.09198532,-0.9794366,3.082152
-0.1793591,0.6532173,3.065961,-0.1673121,0.4638169,3.101868,-0.3785195,0.3328978,3.077883,0.01518593,0.3431523,3.108705,-0.5722323,0.1664133,3.162265,0.1833678,0.1509627,3.15583,-0.7827764,0.2182844,3.047284,0.4102254,0.1824267,3.076651,-0.1832732,0.07515291,3.07622,-0.1838209,0.003327802,3.038841,-0.2763104,-0.08425637,3.009166,-0.09768426,-0.08629499,3.038758,-0.3022574,-0.5776191,2.975309,-0.09988794,-0.5998026,2.969944,-0.2709707,-0.9853755,3.141286,-0.1176046,-0.9983491,3.110962
-0.1778281,0.6036533,3.074159,-0.1785625,0.4122752,3.096941,-0.3757354,0.2907514,3.073117,0.01647221,0.322071,3.118191,-0.5795798,0.1045796,3.144769,0.1823051,0.1363368,3.142789,-0.7676141,0.2048801,3.00076,0.3867467,0.1938178,3.020991,-0.1853959,0.04579096,3.085179,-0.1833156,-0.02281388,3.047231,-0.2743831,-0.1118014,3.016189,-0.09496649,-0.1162594,3.05385,-0.3005221,-0.5898077,2.97291,-0.1025824,-0.6054474,2.965253,-0.26305,-0.983156,3.123253,-0.1225094,-0.9999276,3.109185
-0.1788922,0.5984718,3.076475,-0.187011,0.3946642,3.088579,-0.3757856,0.284463,3.072854,0.008351937,0.2780393,3.109701,-0.579444,0.08353874,3.098971,0.1772865,0.1173204,3.129244,-0.7504835,0.191325,2.93894,0.3518227,0.1938505,2.972407,-0.1917366,0.02131753,3.089479,-0.1887882,-0.04925707,3.052558,-0.2773481,-0.1329383,3.025052,-0.1000439,-0.1388749,3.059654,-0.2989319,-0.588997,2.973099,-0.1081055,-0.6068034,2.963096,-0.2530921,-0.9800885,3.110671,-0.1322695,-0.9972471,3.098197
-0.1789118,0.5985327,3.076696,-0.1871634,0.3965569,3.087995,-0.3764888,0.2844346,3.073052,0.008064134,0.2815387,3.105372,-0.5726066,0.09641545,3.102836,0.1657676,0.08086248,3.110662,-0.7199906,0.1636178,2.899061,0.3126761,0.1871132,2.937487,-0.1918205,0.02218546,3.091961,-0.1892925,-0.04835465,3.054082,-0.2782927,-0.1321973,3.028289,-0.1006646,-0.1383402,3.061244,-0.2918284,-0.585826,2.981059,-0.1132616,-0.6090547,2.974324,-0.2502322,-0.9818244,3.112212,-0.1356297,-0.9442476,3.071933
-0.1771198,0.6311893,3.084558,-0.1900455,0.4452221,3.09005,-0.3821828,0.3289813,3.074271,0.004414324,0.3237695,3.099963,-0.550822,0.1663482,3.08705,0.1388272,0.1331922,3.118484,-0.6940857,0.1319202,2.886076,0.2756644,0.1864496,2.917111,-0.1993718,0.06099159,3.098777,-0.1982363,-0.01131022,3.060465,-0.2889974,-0.09738457,3.036473,-0.1105843,-0.1011469,3.067385,-0.2952039,-0.5811821,3.032742,-0.104138,-0.5898395,3.024187,-0.2560162,-0.9842347,3.14306,-0.1264485,-0.9890822,3.117948
-0.1759611,0.705409,3.093446,-0.1859187,0.5137454,3.100472,-0.3836439,0.4089476,3.081593,0.0004515652,0.4071233,3.113522,-0.5459708,0.2189725,3.090262,0.1375754,0.2130483,3.091663,-0.6705608,0.1257567,2.896254,0.2626428,0.1732028,2.879178,-0.1975113,0.1293773,3.10412,-0.1960478,0.05753659,3.063137,-0.2851577,-0.02760718,3.036489,-0.1108245,-0.03237415,3.06997,-0.3071052,-0.5672997,3.095298,-0.08613207,-0.5784281,3.072246,-0.2646479,-0.9832569,3.151389,-0.1024355,-0.9831922,3.115925
-0.1810492,0.7776706,3.100374,-0.1960878,0.5868984,3.101406,-0.3888357,0.4786883,3.082955,0.000270482,0.47958,3.111278,-0.5388538,0.2866622,3.10526,0.1311297,0.2840534,3.116211,-0.6185919,0.1072842,2.957129,0.2293384,0.1705754,2.917727,-0.2009709,0.192066,3.106919,-0.1985524,0.1181736,3.064715,-0.2857217,0.03441988,3.040332,-0.1123124,0.02517774,3.069869,-0.3066527,-0.5619557,3.108146,-0.0920262,-0.5648789,3.105615,-0.2962995,-0.9401242,3.117456,-0.08467066,-0.9644428,3.07495
-0.1897093,0.8390646,3.093893,-0.1967279,0.6536977,3.103096,-0.3934359,0.5393878,3.080453,-0.009880247,0.5355027,3.103102,-0.5300077,0.3139302,3.127418,0.1096246,0.3332512,3.120051,-0.6021528,0.1149555,3.005333,0.2068112,0.1820321,2.950504,-0.2063863,0.252577,3.115767,-0.2054785,0.1765663,3.074434,-0.2939161,0.09337336,3.05532,-0.120222,0.08631156,3.077927,-0.3046541,-0.50827,3.103383,-0.09791138,-0.516978,3.102658,-0.2757394,-0.9376412,3.150003,-0.09180298,-0.9551806,3.085292
-0.1907192,0.871825,3.081845,-0.200239,0.6834081,3.093673,-0.4037024,0.5768027,3.081556,-0.01171821,0.5688589,3.100261,-0.5276957,0.3255624,3.136154,0.1064372,0.3387634,3.120594,-0.5951639,0.10226,3.077198,0.1850853,0.1438435,2.995698,-0.2141308,0.3037401,3.120215,-0.2144988,0.2285971,3.083864,-0.3077994,0.1426087,3.069473,-0.1263237,0.1368095,3.089939,-0.3180867,-0.4162083,3.047878,-0.1104951,-0.4373578,3.060161,-0.2390108,-0.8434167,3.173824,-0.1371518,-0.8651324,3.162951
-0.1985082,0.8984445,3.079749,-0.2025398,0.7001594,3.092528,-0.4079781,0.5992794,3.082145,-0.01514199,0.59646,3.106646,-0.5187463,0.3369801,3.151812,0.09464961,0.3413669,3.122874,-0.5835049,0.1090064,3.15367,0.1770942,0.1257147,3.052678,-0.2172154,0.3290692,3.125515,-0.2175707,0.2570601,3.09398,-0.3113838,0.1710185,3.082575,-0.1294435,0.1663417,3.101192,-0.32844,-0.2895489,2.996769,-0.1240272,-0.3464929,3.023144,-0.2256053,-0.6742224,3.201638,-0.1255161,-0.7495781,3.219416
-0.2008991,0.9138314,3.081547,-0.2057379,0.7229938,3.09241,-0.4091606,0.6061095,3.084589,-0.01700178,0.6071075,3.107404,-0.5154866,0.3512182,3.175847,0.07695069,0.3429302,3.142915,-0.5882458,0.1293407,3.205427,0.165834,0.1225979,3.126987,-0.2199423,0.3521878,3.130496,-0.2204734,0.2780588,3.10287,-0.3148787,0.1937778,3.093386,-0.1319827,0.1861998,3.111553,-0.338818,-0.2357912,2.957582,-0.1244922,-0.2426065,2.97102,-0.1890818,-0.5708954,3.208934,-0.1244792,-0.6183182,3.210594
-0.2050151,0.9248536,3.084957,-0.2033167,0.741135,3.105431,-0.4139655,0.6143802,3.093738,-0.02042031,0.6179179,3.112352,-0.5167785,0.3585924,3.191803,0.06774502,0.3468143,3.154692,-0.5904559,0.138125,3.226926,0.1599797,0.1278289,3.185591,-0.2211797,0.3619394,3.134338,-0.222749,0.2873212,3.107676,-0.317535,0.2029119,3.097413,-0.1350168,0.1937393,3.114757,-0.3393548,-0.2244805,2.954709,-0.1299965,-0.2246634,2.943798,-0.2099434,-0.4056764,3.177189,-0.1465399,-0.5375112,3.254444
-0.208367,0.9256048,3.0854,-0.205337,0.7416793,3.108346,-0.4186319,0.6190193,3.106644,-0.0217754,0.6223258,3.118079,-0.5204448,0.3713158,3.214781,0.05767646,0.357285,3.177377,-0.6101891,0.160545,3.263891,0.1625234,0.1388151,3.228818,-0.2226099,0.3649623,3.134188,-0.2249698,0.2910687,3.108758,-0.3196502,0.2054481,3.097966,-0.137305,0.1979043,3.114891,-0.3463838,-0.2218873,2.956968,-0.1292619,-0.220616,2.94516,-0.2424231,-0.5097328,3.27452,-0.1506507,-0.5156982,3.271472
-0.2162977,0.9303761,3.093269,-0.2079831,0.7412481,3.111493,-0.421339,0.619424,3.114467,-0.02422085,0.6230115,3.121565,-0.5244216,0.3757145,3.22811,0.05608575,0.3709757,3.198156,-0.629068,0.1693587,3.268431,0.1660648,0.1534379,3.250657,-0.2233208,0.3649188,3.132704,-0.2261441,0.2913271,3.107711,-0.3207301,0.2054016,3.096581,-0.1393673,0.1991301,3.111453,-0.3579448,-0.2276868,2.981294,-0.1220583,-0.2251922,2.96004,-0.2843527,-0.4901811,3.221501,-0.1607868,-0.5494289,3.258569
-0.2202179,0.9291825,3.104971,-0.2181631,0.7367404,3.116946,-0.4246695,0.6203709,3.126576,-0.0305369,0.6235479,3.131803,-0.5271081,0.3890539,3.256365,0.05716683,0.3773377,3.216728,-0.655363,0.1935166,3.285062,0.1836465,0.1825829,3.270028,-0.2285012,0.3598308,3.12987,-0.2311342,0.2862086,3.102929,-0.3247115,0.1976362,3.088003,-0.1441085,0.196386,3.10588,-0.3558493,-0.318122,3.034015,-0.1245707,-0.3051212,3.017372,-0.280058,-0.7085843,3.240676,-0.1668323,-0.6803864,3.255184
-0.2266979,0.9208503,3.110253,-0.2232986,0.7279281,3.123595,-0.4339438,0.6110202,3.145193,-0.03441637,0.613591,3.154246,-0.5347676,0.3792572,3.267541,0.06009978,0.3732303,3.226795,-0.7001845,0.2093625,3.270954,0.2122158,0.1891641,3.286168,-0.2322694,0.3464733,3.127641,-0.2339083,0.2722926,3.096818,-0.3259487,0.1794768,3.07774,-0.1467356,0.1820226,3.097109,-0.3509947,-0.4223444,3.082438,-0.1248415,-0.3980853,3.053931,-0.3053396,-0.8357145,3.255867,-0.13901,-0.8012013,3.251376
-0.2332205,0.884391,3.123303,-0.2207795,0.7002406,3.135159,-0.4383026,0.5653078,3.155925,-0.0418479,0.601579,3.170376,-0.570707,0.3380506,3.282195,0.07264559,0.3394549,3.248168,-0.7669809,0.2052602,3.247445,0.2589705,0.1973934,3.274799,-0.2312497,0.2973628,3.124563,-0.2325365,0.2220244,3.087699,-0.3223552,0.1317563,3.060221,-0.1474599,0.1340003,3.090493,-0.341794,-0.4678338,3.11891,-0.1363248,-0.4698298,3.098098,-0.3461998,-0.9152886,3.210827,-0.1259274,-0.937288,3.17672
-0.2432953,0.8234861,3.126732,-0.2294653,0.6372156,3.147886,-0.4425395,0.507937,3.154476,-0.04908108,0.5406854,3.181734,-0.5840115,0.3060272,3.278848,0.09492151,0.2967128,3.250163,-0.7968966,0.209642,3.212558,0.3020362,0.1858198,3.273254,-0.2360783,0.2410491,3.131918,-0.2351312,0.1677153,3.092373,-0.3211666,0.07625319,3.070823,-0.1512308,0.0822557,3.087609,-0.3416421,-0.5235366,3.130119,-0.1464609,-0.5217739,3.09996,-0.35328,-0.9502791,3.198246,-0.1323679,-0.9515203,3.165338
-0.2532501,0.7579088,3.128898,-0.2361105,0.5635276,3.138282,-0.4469914,0.4442139,3.164515,-0.04964473,0.4636515,3.174873,-0.6130131,0.2488203,3.248937,0.1133161,0.263071,3.252627,-0.8421636,0.2089934,3.184655,0.3446689,0.2077702,3.2351,-0.2398227,0.181098,3.135944,-0.2397164,0.1098298,3.096628,-0.3261808,0.0179753,3.07428,-0.1546797,0.02204198,3.096814,-0.3481317,-0.5655324,3.123041,-0.1479757,-0.5568594,3.087905,-0.3502413,-0.9829091,3.217484,-0.1556144,-0.9694883,3.145491
-0.2607697,0.6908106,3.130011,-0.2493083,0.4971168,3.145061,-0.4628821,0.3726287,3.170896,-0.06200898,0.3784715,3.164528,-0.6504762,0.1814255,3.223488,0.1275625,0.21973,3.241957,-0.8769019,0.2018371,3.139165,0.3636416,0.2069778,3.201373,-0.2504103,0.1104273,3.149652,-0.2514,0.03783187,3.109995,-0.3422812,-0.05433828,3.095169,-0.1613373,-0.04971505,3.105499,-0.3600358,-0.581989,3.098226,-0.1594327,-0.5781239,3.039346,-0.3506051,-0.9879427,3.224303,-0.1913903,-0.9820516,3.181226
-0.2560901,0.6296926,3.133792,-0.2530691,0.4379718,3.156008,-0.4607721,0.3054219,3.168172,-0.0621362,0.3203433,3.165804,-0.6582721,0.1416036,3.192565,0.1499152,0.163927,3.222621,-0.8711478,0.1987546,3.088851,0.3683015,0.2162655,3.129932,-0.2521356,0.0561945,3.166022,-0.252378,-0.01582953,3.126583,-0.3423656,-0.1082614,3.107571,-0.1621163,-0.1032531,3.128258,-0.3638873,-0.5839852,3.077611,-0.1622871,-0.5790568,3.034129,-0.3422093,-0.9832558,3.21332,-0.2004731,-0.9784477,3.167268
-0.2662913,0.6014685,3.141454,-0.2548199,0.3920127,3.164617,-0.4602745,0.2856142,3.169144,-0.06349199,0.2922947,3.168756,-0.6565096,0.1173489,3.1754,0.1397833,0.1443361,3.192992,-0.8514965,0.1713513,3.036124,0.3461017,0.2090305,3.079691,-0.2541732,0.02843703,3.17502,-0.2541439,-0.04023344,3.13482,-0.343962,-0.1327841,3.117284,-0.1641574,-0.1256121,3.135273,-0.3611137,-0.5868819,3.065028,-0.1691795,-0.5780227,3.029506,-0.3366803,-0.9822457,3.198799,-0.2073976,-0.9705609,3.147062
-0.2675291,0.596256,3.141322,-0.2596418,0.3886209,3.158623,-0.4611601,0.2816062,3.169559,-0.0644927,0.2867702,3.168777,-0.6537482,0.110071,3.16577,0.1352168,0.1364028,3.177072,-0.8247851,0.1376297,2.988633,0.3239031,0.2006587,3.033172,-0.2568227,0.02321472,3.17546,-0.2566509,-0.046971,3.136721,-0.346602,-0.1393185,3.123389,-0.1661171,-0.134158,3.136481,-0.3573165,-0.5892365,3.060442,-0.1798773,-0.5846095,3.026761,-0.3315505,-0.9820771,3.188799,-0.2118412,-0.9691385,3.143676
-0.260875,0.603351,3.147535,-0.2585252,0.4028727,3.157243,-0.4589646,0.2867952,3.1655,-0.06547958,0.2929399,3.167824,-0.6410182,0.1149498,3.159453,0.1250355,0.1451366,3.158116,-0.8023881,0.0990037,2.971383,0.3071415,0.1814402,2.995461,-0.2573923,0.02642387,3.175248,-0.2569659,-0.04487858,3.136961,-0.3471448,-0.1347132,3.123973,-0.1665549,-0.1320497,3.136787,-0.3638092,-0.5850863,3.072969,-0.1906125,-0.5892931,3.041142,-0.3301739,-0.9819158,3.189202,-0.2143579,-0.971041,3.151289
-0.2482128,0.6651435,3.144684,-0.2423336,0.4730403,3.163095,-0.4589787,0.3599955,3.168896,-0.06348715,0.3607874,3.17828,-0.6052093,0.129581,3.187952,0.09303326,0.1820262,3.14922,-0.7430308,0.07072486,2.989252,0.2767459,0.1664623,2.985026,-0.2586429,0.09186011,3.176515,-0.2608364,0.01958999,3.137335,-0.3547547,-0.0691483,3.120084,-0.1741874,-0.06982332,3.138839,-0.3728601,-0.5759729,3.125444,-0.1739997,-0.5790017,3.094126,-0.3315534,-0.9875629,3.202768,-0.2035162,-0.9771128,3.171805
-0.2458512,0.7330535,3.152978,-0.2610628,0.5390853,3.178623,-0.4520805,0.4310527,3.166145,-0.06022007,0.4316171,3.187063,-0.5978594,0.2111852,3.169979,0.07938827,0.2360946,3.153287,-0.7050597,0.05462296,3.012768,0.2379115,0.1517745,2.983461,-0.2648901,0.1508636,3.178336,-0.2631593,0.07913368,3.134856,-0.3519422,-0.00804128,3.116404,-0.1751771,-0.009356326,3.131125,-0.3726555,-0.5642942,3.173506,-0.159715,-0.5629318,3.147532,-0.3599893,-0.9564833,3.22096,-0.1818705,-0.9658251,3.173094
-0.2456513,0.8019877,3.154616,-0.243326,0.6006747,3.179901,-0.4506231,0.49284,3.16479,-0.06511541,0.4981237,3.189189,-0.58892,0.2542028,3.178104,0.06373145,0.2859267,3.156614,-0.6732056,0.05711656,3.058676,0.1956399,0.1504538,2.998596,-0.2572964,0.2115658,3.180431,-0.2571032,0.139835,3.135521,-0.3446151,0.05558931,3.116984,-0.1747569,0.05129606,3.132048,-0.3701815,-0.543576,3.178614,-0.1612175,-0.5513266,3.16338,-0.3622439,-0.9491171,3.222457,-0.1704158,-0.9637129,3.171525
-0.2443866,0.8506699,3.152003,-0.2583505,0.6573052,3.176025,-0.4539242,0.5448684,3.163664,-0.06992669,0.5479565,3.177511,-0.5770864,0.2830601,3.191313,0.05608307,0.3028899,3.158269,-0.6514586,0.06851843,3.107353,0.1769839,0.1443135,3.014929,-0.262162,0.2615508,3.182012,-0.2610386,0.1866277,3.136576,-0.3503296,0.1019391,3.116263,-0.1728899,0.0982854,3.137019,-0.3624377,-0.4856345,3.153855,-0.1633496,-0.5055293,3.157061,-0.3440404,-0.8797809,3.251891,-0.1662468,-0.9363792,3.200773
-0.2396864,0.8973839,3.15581,-0.2519676,0.696434,3.177908,-0.4512492,0.5694807,3.156021,-0.06783552,0.5695039,3.177651,-0.5631689,0.2952122,3.192333,0.03752881,0.3259052,3.162025,-0.633252,0.06847006,3.168443,0.1559965,0.1297649,3.066045,-0.2629606,0.2989031,3.189478,-0.2622819,0.2257368,3.144792,-0.3528867,0.1444996,3.128905,-0.175555,0.1359439,3.143803,-0.378616,-0.3701868,3.102882,-0.1686384,-0.4220254,3.110844,-0.3127201,-0.7869989,3.265471,-0.1872596,-0.8353412,3.25606
-0.2424769,0.9063491,3.145868,-0.2531325,0.7057434,3.172869,-0.4566932,0.5913651,3.157214,-0.0659449,0.5991915,3.181439,-0.5568882,0.3127067,3.199477,0.03335947,0.3282743,3.165711,-0.6190093,0.08469339,3.20943,0.135997,0.1168012,3.116991,-0.2670122,0.3279735,3.193786,-0.2669331,0.2574155,3.152843,-0.3595641,0.1725467,3.139442,-0.1788796,0.1631735,3.153562,-0.3935877,-0.2780942,3.055457,-0.1773229,-0.3333791,3.06904,-0.2946626,-0.6726466,3.249441,-0.2046747,-0.7432927,3.255421
-0.2456304,0.917361,3.140095,-0.2540236,0.7187958,3.165771,-0.4568096,0.6044414,3.158744,-0.06459157,0.6070833,3.181494,-0.5511997,0.3401211,3.217813,0.02573318,0.3428468,3.176482,-0.6203272,0.1207033,3.262871,0.1330161,0.1197298,3.148072,-0.2675674,0.3445017,3.195415,-0.2675973,0.2724827,3.157816,-0.360915,0.1866564,3.146292,-0.1793331,0.1822618,3.162048,-0.3894727,-0.2485858,3.034602,-0.1645865,-0.2483608,3.029073,-0.2898094,-0.6041306,3.287024,-0.2050264,-0.610577,3.287681
-0.2447914,0.9230416,3.137708,-0.2512087,0.7279454,3.166066,-0.456039,0.6100934,3.160418,-0.06325516,0.6096312,3.182734,-0.5476824,0.3553324,3.244344,0.02249207,0.3446727,3.192742,-0.6280985,0.1367611,3.277127,0.1340824,0.1245427,3.226685,-0.2665885,0.3527631,3.196042,-0.2671125,0.2798206,3.16054,-0.3612148,0.1947223,3.149808,-0.1790748,0.1876167,3.164186,-0.3925205,-0.2381323,3.029513,-0.1645155,-0.2395712,3.019973,-0.3017684,-0.5772673,3.304879,-0.2129692,-0.5681766,3.315925
-0.2457345,0.9253847,3.136486,-0.252106,0.7285292,3.165893,-0.4572468,0.6122615,3.164758,-0.06255934,0.6119223,3.185344,-0.5520918,0.3579173,3.266911,0.01858968,0.346301,3.218367,-0.6508075,0.1474211,3.301817,0.138244,0.1219014,3.248611,-0.266338,0.3541128,3.194341,-0.2669245,0.281296,3.160684,-0.3611623,0.1952919,3.149975,-0.1782142,0.1895078,3.164177,-0.3924483,-0.2377185,3.031114,-0.1645902,-0.2376627,3.020453,-0.2951739,-0.5649803,3.317778,-0.202098,-0.5675626,3.317004
-0.2469186,0.9261097,3.136723,-0.2525632,0.7288857,3.167938,-0.4570113,0.612689,3.167368,-0.06369274,0.6135928,3.19127,-0.5611175,0.3663448,3.281455,0.008133547,0.3686573,3.235763,-0.6696186,0.1587791,3.307465,0.1452923,0.1432489,3.283098,-0.2670778,0.3532432,3.192139,-0.2677131,0.2800936,3.158534,-0.3619592,0.1932736,3.143798,-0.179482,0.1887036,3.161914,-0.3927577,-0.2825225,3.059304,-0.1697177,-0.2993498,3.05543,-0.3067934,-0.6642085,3.282086,-0.2116539,-0.6889328,3.277294
-0.2464053,0.9240433,3.137154,-0.2547396,0.7216369,3.176662,-0.4566094,0.6081333,3.172097,-0.06678201,0.6140447,3.198306,-0.5699114,0.3611065,3.300402,0.01512961,0.3511344,3.257689,-0.7023476,0.1646215,3.305193,0.1550181,0.1676466,3.30059,-0.2670736,0.3383875,3.188996,-0.2667324,0.2634709,3.151855,-0.3570589,0.1749494,3.132383,-0.1802663,0.1761566,3.154497,-0.3827526,-0.3898277,3.113533,-0.1694687,-0.3957147,3.093412,-0.3394714,-0.8101197,3.279668,-0.183974,-0.8025674,3.290045
-0.2466836,0.8928765,3.144634,-0.2505848,0.6978654,3.17574,-0.4542377,0.5827859,3.179395,-0.0681261,0.5854474,3.208157,-0.5781498,0.351215,3.304549,0.02558575,0.3211635,3.278458,-0.7503749,0.1872931,3.292382,0.1986075,0.1652975,3.312151,-0.2645165,0.294129,3.178299,-0.2643312,0.2189711,3.138236,-0.3537796,0.1369299,3.119683,-0.1808048,0.1286421,3.138109,-0.3773938,-0.4650478,3.156255,-0.1681157,-0.4754948,3.143354,-0.3659262,-0.9190415,3.245208,-0.1562774,-0.9154758,3.228021
-0.2470548,0.84121,3.155615,-0.2366315,0.656467,3.19721,-0.4552221,0.5323679,3.186766,-0.06791903,0.5353607,3.221715,-0.5939328,0.3066059,3.308162,0.03349132,0.305177,3.27469,-0.7967901,0.1874399,3.259332,0.2264807,0.1710335,3.296454,-0.2587033,0.2595191,3.182858,-0.2586163,0.1856014,3.138693,-0.349014,0.09492586,3.114711,-0.1755035,0.10065,3.137041,-0.3748218,-0.5057282,3.167399,-0.167681,-0.5038624,3.143836,-0.3715901,-0.938588,3.233066,-0.1575921,-0.9346978,3.196307
-0.2593357,0.7774734,3.153824,-0.2379801,0.5954579,3.202691,-0.4457035,0.4689037,3.180638,-0.06590481,0.4759857,3.22311,-0.6020021,0.2591164,3.297842,0.04979437,0.2511562,3.273215,-0.8266062,0.2212783,3.215204,0.2760422,0.1786377,3.268756,-0.2591243,0.195662,3.186388,-0.2582301,0.1232018,3.139569,-0.344732,0.03863297,3.111743,-0.1790749,0.03643472,3.139295,-0.3768968,-0.5483716,3.162333,-0.169447,-0.5589289,3.124154,-0.3794903,-0.9551924,3.233797,-0.1657021,-0.9544906,3.193699
-0.2615514,0.7139174,3.152111,-0.2559949,0.5147657,3.186151,-0.4588866,0.3931895,3.191917,-0.0654914,0.3970897,3.21567,-0.620307,0.202853,3.274577,0.08176028,0.2030449,3.25695,-0.8450994,0.2329528,3.177997,0.318854,0.1878888,3.233471,-0.2644046,0.1249762,3.18699,-0.2631876,0.05322543,3.14163,-0.3537245,-0.03535185,3.120617,-0.1754063,-0.03500856,3.140095,-0.3826291,-0.577791,3.130702,-0.172629,-0.5721517,3.094048,-0.3794736,-0.9684744,3.24719,-0.1806612,-0.9704552,3.202669
-0.2655678,0.6493664,3.150232,-0.2692926,0.4450062,3.19153,-0.4639817,0.3240578,3.192494,-0.06898469,0.3336449,3.210331,-0.6528469,0.1541768,3.216485,0.1266736,0.1599225,3.244133,-0.8533472,0.2494295,3.117082,0.3477515,0.21865,3.1651,-0.2669376,0.0659484,3.202481,-0.2643401,-0.00454735,3.158228,-0.3539165,-0.09421407,3.134497,-0.172791,-0.09395766,3.162984,-0.3838374,-0.5829632,3.12112,-0.1764935,-0.581605,3.079499,-0.3773424,-0.9701499,3.24806,-0.1879474,-0.9789302,3.210395
-0.2652386,0.6098469,3.152812,-0.2665735,0.4167163,3.199205,-0.4651341,0.3052472,3.194595,-0.07577683,0.2996608,3.207287,-0.6505029,0.1037409,3.201713,0.1227608,0.1473975,3.222936,-0.822231,0.231031,3.083448,0.3285577,0.235979,3.129256,-0.2686659,0.04306345,3.207536,-0.2672047,-0.02589528,3.161727,-0.3555723,-0.1131522,3.134141,-0.1792106,-0.1169321,3.169473,-0.3825931,-0.6068452,3.102715,-0.1790781,-0.5910278,3.070474,-0.3549456,-0.9759723,3.24222,-0.2047873,-0.9776373,3.204025
-0.2663358,0.6021649,3.152318,-0.2710766,0.4007221,3.195495,-0.4687611,0.2922037,3.193599,-0.07748158,0.2939028,3.205867,-0.6539146,0.0993844,3.197415,0.1154265,0.1426609,3.189307,-0.8075872,0.2252977,3.042626,0.304985,0.2422597,3.071924,-0.2696829,0.03116208,3.209677,-0.2678632,-0.03774711,3.164456,-0.3568832,-0.1280316,3.142557,-0.1782583,-0.125778,3.169672,-0.3806859,-0.6060826,3.100698,-0.1816726,-0.5939008,3.07007,-0.346519,-0.9779608,3.238116,-0.2101319,-0.9778045,3.203078
-0.26205,0.6070367,3.151027,-0.2720196,0.4026915,3.192651,-0.4664338,0.2958181,3.190958,-0.07700205,0.2965443,3.202911,-0.6518468,0.1082777,3.18932,0.1027915,0.1358784,3.170488,-0.7903316,0.2120946,3.001216,0.278762,0.2446117,3.039301,-0.2699346,0.03226362,3.208973,-0.2680486,-0.03697924,3.163992,-0.3567379,-0.1260777,3.142355,-0.1785326,-0.1250205,3.169065,-0.3718294,-0.5941676,3.108554,-0.1823553,-0.5918248,3.082697,-0.3432011,-0.9786298,3.239845,-0.2148263,-0.9804713,3.210685
-0.2498823,0.6641333,3.146273,-0.266064,0.4652578,3.190717,-0.4679915,0.3689121,3.193182,-0.06987936,0.3618754,3.205489,-0.6359091,0.160983,3.18097,0.07740974,0.1756415,3.155756,-0.7716262,0.1948259,2.97467,0.2395818,0.2430192,2.981498,-0.2670572,0.09255379,3.202439,-0.2655436,0.02377824,3.156201,-0.3551384,-0.0655195,3.134457,-0.1757371,-0.06660515,3.158064,-0.3731495,-0.5735616,3.154389,-0.1728034,-0.5761847,3.132594,-0.3653981,-0.9791369,3.274123,-0.2130166,-0.979673,3.214158
-0.2496458,0.7232016,3.130592,-0.2656795,0.5329032,3.196061,-0.4667149,0.436421,3.193803,-0.07048751,0.4341619,3.209331,-0.6144662,0.245317,3.189613,0.07452268,0.246468,3.171176,-0.7233014,0.1626025,2.98119,0.1996548,0.2174435,2.9572,-0.2650748,0.1542228,3.198149,-0.2628344,0.08577422,3.149051,-0.3510796,-0.0002631545,3.125367,-0.1734555,-0.00638445,3.148288,-0.3772335,-0.5581647,3.215363,-0.1603409,-0.5678173,3.187747,-0.3806456,-0.9703125,3.258823,-0.1854719,-0.9636698,3.206467
-0.2428293,0.7817179,3.133403,-0.250885,0.5918612,3.188143,-0.4616733,0.5008338,3.181159,-0.06665879,0.5040122,3.21696,-0.5930357,0.3039101,3.230434,0.05837926,0.3023717,3.189424,-0.6888096,0.1691114,3.018785,0.1639104,0.2084427,2.984473,-0.2566456,0.2171746,3.196548,-0.2529612,0.1488767,3.14778,-0.3393191,0.05854263,3.12309,-0.1674417,0.060335,3.150382,-0.3764637,-0.5357924,3.215828,-0.1548212,-0.5387784,3.208364,-0.3831993,-0.9583331,3.254507,-0.1669496,-0.9472821,3.191283
-0.2395875,0.8325897,3.111833,-0.2617042,0.6476272,3.177788,-0.463846,0.5553157,3.180766,-0.06764944,0.5601522,3.206147,-0.6012161,0.3433189,3.204903,0.03552014,0.3474104,3.196683,-0.652625,0.1398138,3.05965,0.133616,0.1921402,3.03228,-0.259331,0.2685189,3.190715,-0.2554293,0.1988336,3.142139,-0.3437625,0.1106963,3.116855,-0.164759,0.104109,3.147569,-0.3782232,-0.4868002,3.194385,-0.1556173,-0.4973401,3.202546,-0.380616,-0.8971738,3.284489,-0.172904,-0.9351255,3.203416
-0.2400465,0.8679737,3.097413,-0.2595321,0.6851319,3.166669,-0.4678684,0.5915173,3.174581,-0.06821848,0.6000592,3.196131,-0.5938903,0.3438941,3.208382,0.02196369,0.3627506,3.204321,-0.6367791,0.124691,3.11435,0.09535073,0.1632945,3.084759,-0.2599155,0.3150074,3.190969,-0.2572711,0.2458635,3.146028,-0.3474027,0.1579566,3.130285,-0.1664338,0.1555786,3.148267,-0.3754627,-0.3823594,3.126148,-0.1582084,-0.4479798,3.153334,-0.3318473,-0.8030373,3.29277,-0.1872533,-0.8561614,3.277418
-0.2369584,0.882468,3.070675,-0.2635075,0.699369,3.15825,-0.4663896,0.6022069,3.169129,-0.0701291,0.6151884,3.192984,-0.574612,0.3446739,3.213488,0.01282348,0.356842,3.212242,-0.6176807,0.1128941,3.173306,0.08768401,0.136947,3.140497,-0.2623362,0.3301975,3.191,-0.2592532,0.2597238,3.150123,-0.3492602,0.1720174,3.137112,-0.167909,0.1710698,3.154801,-0.3725694,-0.2851747,3.067821,-0.1632974,-0.3433529,3.103821,-0.2829305,-0.6789281,3.271421,-0.2115842,-0.7595994,3.278626
-0.2360316,0.8841987,3.062325,-0.26125,0.710025,3.149944,-0.4608239,0.6210344,3.162892,-0.06906798,0.622897,3.193024,-0.5546791,0.351541,3.235081,-0.001177566,0.3462118,3.241527,-0.6068001,0.1208104,3.238565,0.07710239,0.1226109,3.215136,-0.2642986,0.353209,3.191245,-0.2616676,0.2841504,3.157305,-0.3532655,0.199446,3.14778,-0.1710513,0.1946326,3.166453,-0.370843,-0.2348474,3.027,-0.1558561,-0.2492283,3.040184,-0.296216,-0.5550318,3.297102,-0.1910686,-0.5948519,3.322313
-0.2358358,0.8876467,3.050774,-0.2602345,0.7115493,3.143036,-0.4589369,0.6238846,3.158829,-0.06559245,0.6302005,3.192755,-0.5482136,0.3635862,3.24341,-0.002382254,0.3508513,3.245297,-0.6084772,0.1368849,3.288658,0.06931826,0.1265767,3.260198,-0.2632595,0.3604012,3.18732,-0.2603561,0.2916271,3.158334,-0.3520914,0.2052449,3.148885,-0.1693598,0.2010071,3.169728,-0.3670248,-0.2257848,3.015994,-0.1494479,-0.2238968,3.017101,-0.2713219,-0.455345,3.225955,-0.200367,-0.5458863,3.321714
-0.2351818,0.8845974,3.043347,-0.2580451,0.7094927,3.132867,-0.4584207,0.6241766,3.158251,-0.06538995,0.6302794,3.192476,-0.5445327,0.3691352,3.264777,-0.002827499,0.3420196,3.262908,-0.6116573,0.1462279,3.296655,0.08386145,0.1262926,3.29628,-0.2623965,0.3622405,3.181978,-0.2598872,0.2927147,3.157116,-0.3517627,0.2058901,3.148144,-0.1689644,0.2020656,3.169273,-0.3650622,-0.2240586,3.011962,-0.1488348,-0.2225087,3.016336,-0.2788649,-0.4270151,3.284918,-0.1997317,-0.5424197,3.32312
-0.2313676,0.8702738,3.03296,-0.2578237,0.7055159,3.127936,-0.4583194,0.6240621,3.157899,-0.06496205,0.6297598,3.192847,-0.5452091,0.3703001,3.268348,-0.001719097,0.3553836,3.27065,-0.6329749,0.1557339,3.305151,0.1105968,0.1514351,3.32969,-0.261925,0.3613429,3.175071,-0.2596578,0.2920217,3.153657,-0.3516372,0.2042308,3.143259,-0.1686591,0.201634,3.167482,-0.3625267,-0.2295965,3.022248,-0.1419849,-0.2301499,3.026623,-0.2799834,-0.5786782,3.291432,-0.1953858,-0.5808985,3.300471
-0.2336533,0.8527237,3.025477,-0.2576183,0.6952602,3.122979,-0.4579712,0.6197,3.155869,-0.06535596,0.6288804,3.193577,-0.5492049,0.3739526,3.270984,0.00191202,0.3629511,3.274677,-0.6602182,0.1703462,3.307626,0.1345033,0.1799596,3.344441,-0.2604598,0.3471294,3.161438,-0.257995,0.2771897,3.141586,-0.3478408,0.187332,3.130013,-0.1681924,0.1889758,3.154663,-0.3561662,-0.3194668,3.062287,-0.1476536,-0.3342381,3.06654,-0.2730854,-0.7191841,3.259267,-0.1883708,-0.7300695,3.281332
-0.2334007,0.8457281,3.02277,-0.2601434,0.6688027,3.116036,-0.4584287,0.6046427,3.151714,-0.06420211,0.6136318,3.193816,-0.5579972,0.3715343,3.271238,0.01908252,0.3458714,3.289119,-0.7013586,0.1841839,3.286535,0.169032,0.1791154,3.352962,-0.2575607,0.3168433,3.146058,-0.2539417,0.2466258,3.127512,-0.3411714,0.1536266,3.111102,-0.1632852,0.1559808,3.141247,-0.3484731,-0.4340667,3.102961,-0.1492085,-0.4447051,3.108854,-0.3077753,-0.8465815,3.235692,-0.1598883,-0.8460633,3.231066
-0.238216,0.8151325,3.020588,-0.2515923,0.6333047,3.11132,-0.4564582,0.5525747,3.146771,-0.06375273,0.5629674,3.195988,-0.5866485,0.3176987,3.269187,0.04206252,0.3202043,3.29833,-0.7652717,0.1627273,3.232402,0.2246979,0.1838983,3.351037,-0.2485544,0.2696938,3.134242,-0.2448422,0.1981032,3.116215,-0.3307596,0.1068557,3.098301,-0.1569633,0.1110952,3.13094,-0.3411782,-0.4959719,3.136421,-0.1509086,-0.4935923,3.14062,-0.3354964,-0.9584085,3.185046,-0.158467,-0.9398125,3.182615
-0.2420707,0.7581844,3.026242,-0.2382253,0.5762355,3.114088,-0.4593311,0.5000386,3.144789,-0.05980676,0.5018755,3.202605,-0.6038941,0.2811775,3.24727,0.05259075,0.3029677,3.293702,-0.8159888,0.179322,3.200337,0.2590905,0.1952727,3.3261,-0.2403371,0.2172919,3.130763,-0.2370946,0.1464664,3.112241,-0.3259808,0.0522444,3.089645,-0.1477238,0.05649515,3.127911,-0.3388572,-0.5500761,3.135493,-0.1494855,-0.5431154,3.136238,-0.346577,-0.9759125,3.180805,-0.1634527,-0.9506344,3.173216
-0.2487206,0.6855448,3.027689,-0.2586825,0.5059465,3.106074,-0.460619,0.4254583,3.148115,-0.06997118,0.4332327,3.185382,-0.6291429,0.2278339,3.21643,0.07620496,0.2423785,3.280612,-0.8501053,0.1841994,3.126697,0.3120765,0.2150706,3.260371,-0.2474281,0.148855,3.122319,-0.2428236,0.07846746,3.104182,-0.3260601,-0.01345547,3.08405,-0.1529434,-0.008695853,3.117525,-0.3412879,-0.5762045,3.109974,-0.1448475,-0.5638405,3.104544,-0.3477663,-0.9809822,3.187618,-0.1736359,-0.9698355,3.179462
-0.2532276,0.6275111,3.027668,-0.2654221,0.4362437,3.110777,-0.4646041,0.3598286,3.146436,-0.06918266,0.3679881,3.182101,-0.6517054,0.1688094,3.187613,0.09114936,0.1946523,3.262464,-0.8663697,0.2019752,3.077263,0.324817,0.2364908,3.240882,-0.2521633,0.08834124,3.127084,-0.247344,0.01975803,3.109585,-0.3318095,-0.07321387,3.092883,-0.1550753,-0.06704091,3.119593,-0.3440101,-0.5856178,3.082621,-0.1442689,-0.5823299,3.076805,-0.3404101,-0.9843112,3.196006,-0.1963988,-0.988306,3.203346
-0.2533498,0.575441,3.041138,-0.2586314,0.3946106,3.121871,-0.4583919,0.2978835,3.133892,-0.06374732,0.3058741,3.171639,-0.6487998,0.1020895,3.174207,0.1270535,0.1674233,3.242162,-0.8222083,0.1999983,3.021599,0.3284688,0.2660687,3.14979,-0.2457693,0.03728882,3.136937,-0.2410357,-0.0325629,3.119477,-0.3263873,-0.1255698,3.0971,-0.1483728,-0.1207719,3.134383,-0.3398136,-0.590963,3.049415,-0.1451754,-0.5961341,3.045605,-0.3231738,-0.9805049,3.179459,-0.1980331,-0.989648,3.193773
-0.2535844,0.5614763,3.043159,-0.2547716,0.3745748,3.123917,-0.4579517,0.2844601,3.132352,-0.05909991,0.2922896,3.171208,-0.6468101,0.1127825,3.118794,0.1393101,0.1508864,3.195845,-0.8137752,0.2021593,2.961312,0.3149453,0.2896473,3.102405,-0.2450973,0.02691689,3.13808,-0.240741,-0.04188915,3.120869,-0.3278955,-0.1353736,3.098641,-0.1469747,-0.1328306,3.135898,-0.3368787,-0.5955189,3.038547,-0.1474631,-0.6068162,3.034885,-0.3173165,-0.9842848,3.173301,-0.2060368,-0.9957351,3.183554
-0.2499985,0.5596786,3.046276,-0.2551971,0.3717845,3.119539,-0.4561336,0.2843328,3.130443,-0.05761044,0.2922303,3.169695,-0.6317069,0.09959545,3.114728,0.1340811,0.1518525,3.175058,-0.768436,0.1877382,2.927598,0.2859282,0.2832765,3.034253,-0.244936,0.02570856,3.135538,-0.2405743,-0.04292678,3.11923,-0.3278198,-0.136165,3.097815,-0.146637,-0.1333894,3.134062,-0.3365286,-0.5949415,3.037555,-0.1488285,-0.6036206,3.030685,-0.3147885,-0.9857739,3.173654,-0.2085,-0.9968011,3.181529
-0.2329527,0.5954016,3.058595,-0.2389721,0.4068929,3.116744,-0.4393566,0.3099256,3.115598,-0.04902365,0.3190664,3.165712,-0.5826557,0.1195359,3.131393,0.1314799,0.1652857,3.144561,-0.7236199,0.1597719,2.898895,0.261149,0.2771516,2.966089,-0.2406821,0.04455834,3.12403,-0.2373217,-0.02525633,3.10545,-0.3245555,-0.112896,3.077602,-0.1471539,-0.1143206,3.118596,-0.3367859,-0.5916533,3.044457,-0.1493415,-0.5986438,3.039545,-0.3137695,-0.9846528,3.174417,-0.2075937,-0.9965431,3.182569
-0.2284909,0.6531491,3.051404,-0.2368868,0.4718815,3.117349,-0.4377293,0.3860015,3.115728,-0.04315506,0.3866711,3.158042,-0.580135,0.1982991,3.114155,0.1068798,0.2035325,3.14277,-0.6885026,0.1375368,2.897911,0.2274915,0.2436225,2.928313,-0.2366718,0.1104021,3.109864,-0.2337723,0.0410048,3.085182,-0.3221423,-0.0489852,3.057775,-0.1441001,-0.04914225,3.09316,-0.3425602,-0.5798487,3.100137,-0.1397016,-0.5824599,3.093394,-0.3236535,-0.9831023,3.188334,-0.1993019,-0.9929335,3.184805
-0.2238112,0.7156784,3.052366,-0.2314137,0.5380773,3.112904,-0.4315047,0.4506934,3.106609,-0.03906668,0.4597564,3.163123,-0.564206,0.2625441,3.134557,0.08445415,0.2578599,3.146439,-0.6388256,0.1410644,2.930978,0.1991559,0.2402572,2.925532,-0.2279252,0.1735825,3.099581,-0.2229878,0.1047154,3.070326,-0.3069917,0.01549609,3.03773,-0.1354728,0.01334296,3.079217,-0.3411219,-0.5722473,3.113715,-0.1384509,-0.5727859,3.116645,-0.356967,-0.9718018,3.171706,-0.1820858,-0.9758549,3.175339
-0.229238,0.7793114,3.040219,-0.2260571,0.5976482,3.109699,-0.4307366,0.506532,3.103242,-0.03527395,0.5104864,3.150578,-0.5417157,0.302552,3.125308,0.09626346,0.3151183,3.147235,-0.6018217,0.1254655,2.965705,0.172261,0.2005205,2.94012,-0.2221002,0.2260864,3.09315,-0.2173656,0.1566944,3.059984,-0.3034174,0.06638348,3.028048,-0.1277591,0.06665953,3.065736,-0.3432405,-0.5297156,3.111906,-0.1357264,-0.5337037,3.129256,-0.362212,-0.9354929,3.170558,-0.1771086,-0.9473479,3.169721
-0.2228509,0.8216144,3.024853,-0.2225646,0.6477047,3.102787,-0.4288957,0.5458083,3.097247,-0.03735351,0.5613881,3.125842,-0.5389266,0.3036715,3.124472,0.06955171,0.3550996,3.143267,-0.5751705,0.09214878,3.010167,0.1372192,0.1888998,2.974513,-0.2204611,0.2640778,3.089566,-0.2174906,0.1925442,3.053963,-0.305501,0.107288,3.022466,-0.1273828,0.1011676,3.059646,-0.3370267,-0.4684725,3.062207,-0.1349687,-0.5013521,3.107299,-0.3442727,-0.8755924,3.201658,-0.1825593,-0.9330953,3.188823
-0.2197275,0.8475219,3.005317,-0.2245159,0.6675243,3.093373,-0.4261549,0.575179,3.084907,-0.03813743,0.590968,3.118224,-0.5106671,0.3080154,3.124442,0.06494729,0.3489589,3.135875,-0.5536565,0.07678841,3.082936,0.134863,0.143319,3.014814,-0.2238184,0.3049411,3.08833,-0.2205541,0.2387642,3.052289,-0.3079413,0.1518828,3.026723,-0.1313152,0.1507527,3.057092,-0.3369654,-0.3496772,2.983862,-0.1327957,-0.3924077,3.026144,-0.3106461,-0.7417983,3.208435,-0.1839168,-0.8023208,3.216339
-0.2169596,0.8617037,2.993533,-0.22095,0.6838424,3.074375,-0.4239247,0.5880342,3.076416,-0.03273869,0.6022989,3.107651,-0.4977821,0.3247684,3.13333,0.06292933,0.3407886,3.135306,-0.53789,0.09459101,3.157386,0.137098,0.1192391,3.080797,-0.2227616,0.3205749,3.087313,-0.2199293,0.2522505,3.053064,-0.3086177,0.1650689,3.031843,-0.1304173,0.1619977,3.058396,-0.3373642,-0.2709493,2.920539,-0.117439,-0.3070729,2.966548,-0.2843468,-0.6346601,3.180843,-0.1826498,-0.6737014,3.220591
-0.2093194,0.8620949,2.981535,-0.215642,0.6851147,3.058099,-0.4201153,0.5978312,3.069863,-0.02850754,0.6030674,3.102421,-0.4927723,0.3342828,3.153592,0.05966276,0.3278126,3.141427,-0.5365289,0.108853,3.197166,0.1452536,0.1069817,3.141136,-0.220716,0.3298268,3.083818,-0.218068,0.2618026,3.053029,-0.308295,0.1751317,3.035056,-0.1282381,0.1700401,3.060598,-0.3389285,-0.2482271,2.879429,-0.1054316,-0.2544489,2.906894,-0.2787151,-0.5591286,3.195072,-0.1916083,-0.5308765,3.212552
-0.2047289,0.8643547,2.967316,-0.2109258,0.6862464,3.047237,-0.4188632,0.5988359,3.067593,-0.02259587,0.6007894,3.092704,-0.4940899,0.3439766,3.163892,0.05971028,0.3268817,3.145636,-0.5528742,0.1292463,3.230457,0.1654596,0.1243312,3.20567,-0.2182525,0.334766,3.078627,-0.2169397,0.2658083,3.05142,-0.3085752,0.1781145,3.035156,-0.1267564,0.1733865,3.06009,-0.326875,-0.2387908,2.860204,-0.1093716,-0.2427258,2.882995,-0.2913073,-0.4958283,3.220792,-0.1902407,-0.5079052,3.231127
-0.1902515,0.8537383,2.948579,-0.2044702,0.6768239,3.033374,-0.4142118,0.5944512,3.061149,-0.01290833,0.5934766,3.088733,-0.4987875,0.3444325,3.177064,0.06894439,0.3233775,3.167473,-0.5699267,0.1369762,3.252394,0.1899231,0.1423716,3.246626,-0.2140052,0.3349343,3.067517,-0.2134349,0.2664431,3.044693,-0.306769,0.1781086,3.02961,-0.1232806,0.1731474,3.055948,-0.3193901,-0.2392625,2.855972,-0.1033507,-0.2410192,2.874869,-0.2936495,-0.4939622,3.218826,-0.1823519,-0.5076739,3.222312
-0.1838589,0.8452528,2.939044,-0.1985194,0.6685922,3.023439,-0.3842124,0.5727674,3.026453,-0.007265948,0.580904,3.078466,-0.5060512,0.3474393,3.187122,0.07380276,0.3236128,3.178101,-0.6267782,0.1573422,3.246683,0.2080698,0.1524924,3.257916,-0.2093276,0.3168148,3.048629,-0.2074853,0.2470247,3.026868,-0.2997677,0.1615401,3.009086,-0.1202158,0.1587473,3.04319,-0.3122387,-0.2651253,2.863033,-0.09569283,-0.2584,2.870953,-0.2695818,-0.6253638,3.129478,-0.1285361,-0.5900505,3.170389
-0.167303,0.8138282,2.921852,-0.1870623,0.6532902,3.01426,-0.3812051,0.566209,3.020921,0.003359072,0.5636886,3.064196,-0.5103267,0.3495743,3.187906,0.09035219,0.3170044,3.185087,-0.6439479,0.1639761,3.236074,0.2331873,0.1534903,3.266,-0.2031143,0.2975872,3.03645,-0.2031427,0.2269785,3.015429,-0.2953217,0.1406188,2.994589,-0.1179049,0.1349505,3.030438,-0.3167572,-0.3537219,2.890657,-0.09460836,-0.3529543,2.901548,-0.2738276,-0.7641817,3.082243,-0.117108,-0.7461318,3.12542
-0.1607054,0.8062328,2.910892,-0.1779705,0.6163076,2.994929,-0.3790948,0.5308965,3.007635,0.01074339,0.5354093,3.051962,-0.527591,0.3371328,3.176568,0.1066329,0.3000998,3.179307,-0.692329,0.1687991,3.18981,0.2821782,0.1611458,3.243171,-0.1996238,0.2551528,3.014586,-0.2008979,0.1837956,2.99437,-0.2942549,0.09872933,2.974766,-0.1173365,0.08953305,3.008217,-0.303068,-0.5051951,2.935013,-0.09826648,-0.4792119,2.936051,-0.2882367,-0.9373773,2.975565,-0.09123738,-0.8937786,3.034343
-0.1515594,0.7541955,2.900127,-0.1742399,0.5703012,2.987727,-0.371852,0.4869535,2.998097,0.001886248,0.5373825,3.054914,-0.5425009,0.2874489,3.154708,0.1218192,0.2686148,3.15494,-0.7369165,0.151483,3.14039,0.3190745,0.1504083,3.198971,-0.1912718,0.2015049,3.004551,-0.1907402,0.1289782,2.984574,-0.2742098,0.04717253,2.962842,-0.1137509,0.04250874,2.999866,-0.3056414,-0.5303791,2.934238,-0.08763383,-0.5443246,2.936248,-0.2952272,-0.9699856,2.961593,-0.08742217,-0.9762323,2.968212
-0.1487055,0.6967914,2.904033,-0.1674175,0.5056366,2.980028,-0.3627642,0.4224605,2.983402,0.0284545,0.4173234,3.040272,-0.5445615,0.2330919,3.122597,0.145007,0.1989285,3.1448,-0.7601899,0.1370265,3.084282,0.3747057,0.1395314,3.133933,-0.1873878,0.1461916,2.993847,-0.1874899,0.0754162,2.973431,-0.27857,-0.008684826,2.951507,-0.1047818,-0.01992558,2.986642,-0.298481,-0.5896801,2.912627,-0.09478831,-0.57986,2.919936,-0.2928709,-0.9874835,2.964377,-0.09580804,-0.9824549,2.970415
-0.1434089,0.6342679,2.910048,-0.1612172,0.4451338,2.978968,-0.3566293,0.347967,2.974394,0.02746204,0.3462208,3.021688,-0.5577084,0.1696743,3.092978,0.1523431,0.146176,3.122912,-0.7784471,0.1164968,3.009717,0.3861961,0.1396053,3.068876,-0.1813764,0.07610454,2.98952,-0.1820694,0.00368607,2.968059,-0.2737533,-0.07950707,2.943341,-0.0987397,-0.08997904,2.982681,-0.292515,-0.5918313,2.898249,-0.1023003,-0.599113,2.894229,-0.2826954,-0.9977279,2.979665,-0.1279006,-1.000985,2.997803
-0.1444527,0.5962996,2.920015,-0.1554974,0.3952114,2.980302,-0.3568887,0.2955931,2.970725,0.03587878,0.2868675,3.0238,-0.5460398,0.1239237,3.058621,0.1635062,0.09532165,3.086072,-0.7633832,0.112244,2.949881,0.382533,0.1399251,2.992202,-0.1769726,0.03562477,2.990092,-0.1775181,-0.03487013,2.96811,-0.2707176,-0.1218784,2.941356,-0.0927166,-0.1328105,2.983922,-0.28281,-0.5886024,2.868545,-0.102154,-0.6004703,2.86934,-0.240226,-0.9869698,2.962733,-0.1359969,-0.9914874,2.981743
-0.1447389,0.568199,2.927457,-0.15522,0.3766895,2.980946,-0.3534867,0.2695135,2.963548,0.03291102,0.2539806,3.013919,-0.5499445,0.09794699,3.024815,0.1766997,0.04216628,3.057747,-0.7505664,0.09942275,2.883891,0.3550997,0.144825,2.925466,-0.174527,0.007400371,2.990422,-0.1745854,-0.06509824,2.967793,-0.2669777,-0.1470555,2.941358,-0.09054758,-0.15698,2.983101,-0.2626235,-0.5986302,2.848427,-0.1018744,-0.6004349,2.858521,-0.2376693,-0.9847221,2.957444,-0.1420723,-0.9844333,2.961793
-0.1447659,0.5673798,2.930352,-0.1565377,0.3721479,2.978832,-0.3531943,0.2683557,2.962668,0.03171043,0.2546083,3.009894,-0.5523129,0.09802928,3.006195,0.1702206,0.06634417,3.022196,-0.7253546,0.09830779,2.827177,0.3373514,0.1484824,2.86101,-0.1745654,0.005924813,2.990281,-0.1746755,-0.06618384,2.967634,-0.2667838,-0.1484882,2.941413,-0.09061405,-0.1582761,2.98307,-0.2624279,-0.5986972,2.848214,-0.101179,-0.6001283,2.8565,-0.2360009,-0.9838859,2.955898,-0.141987,-0.9844631,2.96147
-0.137974,0.5933895,2.948126,-0.1563879,0.3837299,2.975567,-0.3504997,0.2868588,2.962108,0.03581491,0.2764688,3.000234,-0.5372617,0.1265294,2.989488,0.1574638,0.07367451,3.021561,-0.6949888,0.09903122,2.800289,0.2979458,0.1453153,2.830184,-0.1723251,0.01849679,2.986003,-0.1725958,-0.052872,2.962699,-0.2647899,-0.1376412,2.937372,-0.08750317,-0.1453428,2.977307,-0.2639393,-0.5994793,2.862175,-0.0988062,-0.5994447,2.860597,-0.235316,-0.9840744,2.956134,-0.1420306,-0.9844308,2.961447
-0.1360523,0.6505417,2.956319,-0.1531015,0.4604252,2.984811,-0.3499781,0.3608164,2.964468,0.03409822,0.3516437,2.997753,-0.5275294,0.1822599,2.976824,0.1238701,0.1366183,3.013162,-0.6743693,0.1003549,2.79546,0.2783829,0.1392874,2.819142,-0.1630254,0.08416014,2.985371,-0.1622866,0.0116401,2.958302,-0.2514654,-0.07279014,2.932579,-0.07670476,-0.07967486,2.968047,-0.2546863,-0.5840636,2.90398,-0.07839524,-0.5863971,2.90687,-0.2420781,-0.9903152,2.978128,-0.1312318,-0.9866807,2.972951
-0.1356589,0.7251592,2.966189,-0.1614844,0.5328649,2.989321,-0.3484685,0.4298734,2.963792,0.04024971,0.4245191,2.99789,-0.5147394,0.2329302,2.990049,0.1442366,0.2146651,3.005726,-0.6395091,0.1204183,2.808684,0.2609949,0.1487814,2.796071,-0.1627187,0.1494797,2.984084,-0.1599702,0.07653749,2.952968,-0.2474927,-0.008287597,2.926056,-0.07185916,-0.01598858,2.960197,-0.2634263,-0.5733094,2.956179,-0.06737591,-0.5813245,2.949571,-0.2726106,-0.9766052,2.962351,-0.09643012,-0.9824063,2.977939
-0.1341445,0.7952008,2.973981,-0.1530134,0.6005244,2.995298,-0.3476849,0.4861424,2.961996,0.03711975,0.4872202,2.996919,-0.5035178,0.2903255,2.993633,0.1403091,0.2777981,3.00879,-0.5992854,0.1314134,2.832113,0.2399985,0.1451839,2.825453,-0.1582122,0.2019821,2.985686,-0.1559574,0.1267741,2.950817,-0.2426068,0.04385531,2.924612,-0.07039361,0.03499432,2.955349,-0.2733073,-0.5448895,2.972935,-0.06601644,-0.5553916,2.977096,-0.2737449,-0.9531534,2.963745,-0.07562499,-0.974466,2.973299
-0.1360802,0.8465083,2.982772,-0.1428886,0.6527243,2.994164,-0.3452975,0.5407231,2.967313,0.03962917,0.5387037,2.992358,-0.4894243,0.318952,3.000881,0.1311975,0.2953685,3.012096,-0.5700848,0.1211634,2.877989,0.2168761,0.1154363,2.869849,-0.1562931,0.260087,2.985796,-0.1564017,0.1865197,2.948482,-0.2468215,0.1037989,2.925705,-0.0710054,0.09592523,2.948963,-0.2668783,-0.4945571,2.952129,-0.06196157,-0.507533,2.974622,-0.2651616,-0.8908868,3.036507,-0.07545203,-0.9274014,3.036729
-0.1364415,0.8855244,2.97768,-0.1476596,0.6916199,2.993595,-0.3460572,0.5608062,2.969172,0.04129416,0.5634064,2.995237,-0.4774128,0.3192539,3.00889,0.1239193,0.2962759,3.019288,-0.546367,0.1015992,2.93162,0.2014117,0.08683842,2.926094,-0.1557411,0.2966324,2.988989,-0.154635,0.2228293,2.950021,-0.2450825,0.1365142,2.927272,-0.0668957,0.1330499,2.951057,-0.2650674,-0.4045222,2.912182,-0.06026087,-0.429055,2.934352,-0.2570757,-0.8080373,3.08823,-0.08850927,-0.8494118,3.079599
-0.1344368,0.9002385,2.975363,-0.1466021,0.703845,2.992857,-0.3460941,0.5816857,2.971053,0.03962926,0.5782709,2.995749,-0.4501068,0.3288562,3.031898,0.1142521,0.3032617,3.030527,-0.5211602,0.1032212,3.00553,0.1910654,0.08007854,2.99637,-0.1557848,0.3181101,2.995257,-0.1548884,0.2461849,2.956071,-0.2457184,0.1619916,2.934176,-0.06742475,0.1580795,2.959494,-0.2694364,-0.2971382,2.862298,-0.05458008,-0.3294953,2.886893,-0.2316621,-0.6724805,3.111722,-0.1182596,-0.6960154,3.115161
-0.1305094,0.9083776,2.973558,-0.143059,0.7148311,2.993787,-0.3437161,0.5957288,2.972492,0.04602838,0.6017948,3.000185,-0.4405505,0.343461,3.043464,0.1037013,0.3097444,3.044343,-0.4982725,0.1176072,3.071406,0.1765023,0.0864286,3.060965,-0.1518113,0.3383536,3.002084,-0.1505749,0.2677332,2.963012,-0.2421227,0.1807566,2.939401,-0.06310561,0.1764857,2.968342,-0.2677175,-0.2539499,2.824363,-0.04683672,-0.2598551,2.846179,-0.2107456,-0.6078159,3.098154,-0.1051807,-0.5988612,3.136319
-0.1284672,0.9141568,2.970364,-0.1409372,0.7201771,2.994957,-0.3401659,0.599499,2.973035,0.04821924,0.604784,3.001653,-0.4373124,0.3555147,3.061227,0.1055953,0.314256,3.06371,-0.4972281,0.1305162,3.090898,0.1779301,0.1009078,3.122882,-0.1508223,0.3435688,3.006,-0.1496072,0.2726143,2.966738,-0.2409312,0.1871124,2.943538,-0.06223546,0.1817756,2.973811,-0.2627557,-0.2463182,2.823063,-0.04239018,-0.2435981,2.824327,-0.2084028,-0.5679296,3.131832,-0.1173293,-0.5449795,3.147544
-0.1248361,0.9165648,2.970101,-0.1382073,0.7223551,2.994677,-0.3376265,0.6006196,2.973014,0.05137116,0.6074476,3.0055,-0.4349525,0.3572322,3.085041,0.1103662,0.3220482,3.111279,-0.5003456,0.1418705,3.145106,0.2020622,0.111253,3.154808,-0.1503284,0.345049,3.007464,-0.1489478,0.2738648,2.968173,-0.2402783,0.1887522,2.94547,-0.06192355,0.1829089,2.975567,-0.2606482,-0.2441598,2.823386,-0.04301914,-0.2417856,2.824438,-0.2052235,-0.5676974,3.130527,-0.1077678,-0.5442973,3.149085
-0.1211022,0.9141299,2.966999,-0.1361127,0.7198648,2.992749,-0.3335063,0.5984847,2.972872,0.05353683,0.6026961,3.009096,-0.4348654,0.3618854,3.095314,0.1121922,0.3172711,3.115201,-0.511296,0.1502097,3.155666,0.2201498,0.118746,3.172693,-0.1489526,0.3414713,3.006762,-0.1471886,0.2697125,2.967532,-0.2382101,0.1846566,2.945147,-0.06085195,0.1800984,2.975169,-0.2593518,-0.2777627,2.856345,-0.03611911,-0.2755366,2.846152,-0.2308216,-0.631245,3.136025,-0.06056666,-0.6207325,3.135441
-0.1152993,0.9023702,2.960731,-0.1303988,0.7065462,2.990911,-0.3286437,0.5909189,2.973074,0.05580321,0.5938706,3.015188,-0.4378483,0.3641601,3.107024,0.1179842,0.3145664,3.122428,-0.5547333,0.1720999,3.168239,0.2590221,0.1468733,3.206678,-0.1436487,0.3242866,3.00413,-0.1412749,0.2517637,2.964438,-0.2307525,0.1665119,2.941021,-0.05648956,0.1634984,2.97256,-0.2582008,-0.3585632,2.886923,-0.03177318,-0.3512586,2.881438,-0.2422033,-0.7567588,3.107722,-0.061758,-0.7259759,3.135219
-0.1112141,0.8762159,2.955237,-0.1237104,0.677206,2.986608,-0.3194135,0.5615947,2.970372,0.06051482,0.5718333,3.017838,-0.4439072,0.3510691,3.11354,0.1285536,0.3038831,3.131068,-0.5836271,0.1688762,3.158921,0.2911482,0.1465777,3.188153,-0.1391634,0.288567,2.999211,-0.1366403,0.2148031,2.959052,-0.2255694,0.1317866,2.936313,-0.05303597,0.1251068,2.966259,-0.2483969,-0.4716067,2.946032,-0.03836894,-0.4789847,2.945662,-0.2557709,-0.9053081,3.057142,-0.03517563,-0.9303194,3.068582
-0.1084128,0.8215764,2.951371,-0.1174714,0.6328195,2.99247,-0.3167974,0.5141101,2.971553,0.06524575,0.5273903,3.01771,-0.461984,0.297764,3.131087,0.1566247,0.2785195,3.143191,-0.6512045,0.1545568,3.115412,0.348982,0.1465698,3.172508,-0.1337067,0.2434478,3.001793,-0.1314274,0.1701585,2.960075,-0.216421,0.08330005,2.936054,-0.05130726,0.0809916,2.966512,-0.2541903,-0.518853,2.959702,-0.03551547,-0.5217058,2.956174,-0.2527503,-0.958582,3.017242,-0.03614168,-0.9622414,3.028551
-0.1008237,0.7650231,2.959142,-0.11107,0.5674705,2.987743,-0.311725,0.4533363,2.972553,0.07299987,0.4603827,3.021727,-0.4719427,0.2659422,3.116723,0.1826185,0.2219385,3.140499,-0.6811354,0.1557786,3.081469,0.4056672,0.1413975,3.136149,-0.1288071,0.1789495,2.99839,-0.1263323,0.1057843,2.956249,-0.2155499,0.02300321,2.930722,-0.04292275,0.01287385,2.964349,-0.2536955,-0.5450245,2.958338,-0.04377246,-0.5645779,2.95927,-0.2518482,-0.9615176,3.017649,-0.04160306,-0.9590311,3.024928
-0.1073851,0.6870534,2.950311,-0.1087696,0.4951698,2.994562,-0.3063632,0.3787242,2.972568,0.07158744,0.3896706,3.021224,-0.4901448,0.202419,3.097909,0.2001688,0.1704771,3.133472,-0.7165459,0.1615113,3.025124,0.4356113,0.1427958,3.106855,-0.1286356,0.1105073,3.004965,-0.1264982,0.03831513,2.96201,-0.2156911,-0.04506914,2.937965,-0.04397912,-0.05028213,2.968417,-0.2417441,-0.5799442,2.934058,-0.04233156,-0.5969108,2.93984,-0.2433792,-0.9714048,3.031017,-0.05067064,-0.9518876,3.026551
-0.1034986,0.6325019,2.953113,-0.1131761,0.4301945,2.993365,-0.3088391,0.3172126,2.978609,0.07959952,0.3160917,3.026477,-0.5041027,0.1545207,3.071742,0.2148928,0.1379483,3.124854,-0.7233929,0.1727757,2.968444,0.4306183,0.1531422,3.012709,-0.1257187,0.05532816,3.013712,-0.122321,-0.016096,2.973433,-0.2115479,-0.1030774,2.948608,-0.03674033,-0.1070569,2.984608,-0.2340467,-0.5934857,2.916933,-0.04592746,-0.6017129,2.913713,-0.2275812,-0.954457,3.028698,-0.07291803,-1.007198,3.064481
-0.1015891,0.5871685,2.960519,-0.1149901,0.3909752,2.992501,-0.3117693,0.2691334,2.981708,0.08136617,0.2772869,3.026572,-0.5146198,0.1206733,3.035173,0.2276042,0.09377042,3.101027,-0.7093267,0.1685341,2.893897,0.4271796,0.1579644,2.975492,-0.1251607,0.01960653,3.024066,-0.1220528,-0.05342947,2.988741,-0.2131274,-0.1443522,2.971405,-0.03388543,-0.1455626,3.000805,-0.2307657,-0.6015667,2.90509,-0.04888987,-0.6028745,2.896901,-0.2134794,-0.9430068,3.002116,-0.07927612,-0.9881155,3.01796
-0.1014336,0.5757078,2.965844,-0.114253,0.3740907,2.99835,-0.3108569,0.2650327,2.981955,0.08186157,0.2708951,3.026828,-0.5110349,0.110066,3.011158,0.1987007,0.03715976,3.106159,-0.6797192,0.1564347,2.836506,0.3978635,0.1575156,2.911014,-0.1245257,0.0128366,3.025554,-0.121666,-0.05813752,2.99129,-0.2127359,-0.1472868,2.972203,-0.0336528,-0.1497678,3.003778,-0.2283461,-0.6028287,2.902302,-0.04870572,-0.6029516,2.893154,-0.2103577,-0.940403,2.997362,-0.08098979,-0.9885496,3.017519
-0.1001544,0.5758759,2.971612,-0.1144473,0.3755716,2.99932,-0.3104732,0.2675019,2.983567,0.08208705,0.2708592,3.027172,-0.503148,0.1154138,2.99794,0.2066916,0.05331106,3.055191,-0.6533897,0.1364004,2.801212,0.377318,0.1555079,2.858886,-0.1241727,0.013101,3.02465,-0.1215406,-0.05795007,2.991778,-0.2126572,-0.1471034,2.972292,-0.03338623,-0.1496115,3.004476,-0.2266323,-0.6038183,2.903392,-0.0475356,-0.6039892,2.894802,-0.1945766,-0.9964652,3.03092,-0.08223755,-0.9915447,3.021331
-0.09585546,0.636054,3.001803,-0.1096964,0.4302723,3.02044,-0.3022923,0.3222621,2.991403,0.08345323,0.3190132,3.030709,-0.4715573,0.1630577,3.010878,0.200915,0.1126086,3.058986,-0.602468,0.1090024,2.806317,0.3354922,0.1545267,2.853923,-0.1232455,0.05200405,3.028941,-0.121508,-0.02008907,2.992115,-0.2127356,-0.1019654,2.965962,-0.03477126,-0.1104008,3.002092,-0.2213449,-0.5820298,2.919776,-0.03855791,-0.5940728,2.915812,-0.197326,-0.9919994,3.03284,-0.07790305,-0.9920223,3.028085
-0.0888723,0.6963199,3.015644,-0.1109556,0.5014011,3.025793,-0.2985329,0.3876744,2.999287,0.08050012,0.3928214,3.037622,-0.4551215,0.2060388,3.060712,0.1834669,0.179693,3.023692,-0.5599039,0.1235315,2.844565,0.3220063,0.1581873,2.818156,-0.1203756,0.1179828,3.031082,-0.1178811,0.04589511,2.991728,-0.2059655,-0.03769715,2.966687,-0.03242112,-0.04313302,2.998439,-0.2252502,-0.5726374,2.978004,-0.02274767,-0.5560237,2.959452,-0.2186497,-0.9731452,3.036665,-0.05425325,-0.9867323,3.052063
-0.09316586,0.7638867,3.023347,-0.1039621,0.567706,3.042323,-0.2972867,0.4577715,3.002264,0.08222634,0.460438,3.035935,-0.4360497,0.2765604,3.081584,0.1809846,0.2471791,3.038676,-0.5212578,0.1284834,2.876892,0.2925465,0.152608,2.837843,-0.1171876,0.1754302,3.033627,-0.1158276,0.1034517,2.989728,-0.2029829,0.0217274,2.962859,-0.03305972,0.01350669,2.99186,-0.2328618,-0.5600773,3.014356,-0.02181177,-0.5442272,2.994742,-0.2281243,-0.9682578,3.033876,-0.02864195,-0.9616839,3.014213
-0.08941947,0.8272011,3.033501,-0.1050169,0.6361108,3.04713,-0.3012039,0.5194755,3.014994,0.08511645,0.5182057,3.041533,-0.4327183,0.2934463,3.065526,0.1782225,0.299976,3.049726,-0.4971276,0.1166969,2.907099,0.2734849,0.1615729,2.868299,-0.1172181,0.2403117,3.038514,-0.1163788,0.1680161,2.992878,-0.2041,0.08467735,2.968417,-0.03287374,0.07765424,2.991898,-0.2338535,-0.5161811,3.014407,-0.01896942,-0.525986,3.008846,-0.2446913,-0.9321216,3.050223,-0.02870508,-0.9578022,3.020951
-0.09069115,0.8707883,3.025244,-0.1010614,0.6727443,3.05284,-0.2998468,0.549577,3.012191,0.08276819,0.5547507,3.043092,-0.4278888,0.3007169,3.065317,0.170872,0.3183144,3.057465,-0.4853458,0.1034187,2.933001,0.2616564,0.1585954,2.893484,-0.1160843,0.2725706,3.045082,-0.1151994,0.1996043,2.998109,-0.2039852,0.1198026,2.974411,-0.03146845,0.1092062,2.997025,-0.2343152,-0.457625,2.981277,-0.02396898,-0.4952185,3.005256,-0.2309988,-0.8557852,3.103543,-0.03926171,-0.9121193,3.071474
-0.09179343,0.8924053,3.025805,-0.09636941,0.705278,3.059623,-0.30041,0.5804473,3.017249,0.08071744,0.5844401,3.042626,-0.417309,0.3139811,3.069355,0.1652268,0.3210639,3.055228,-0.4665221,0.0895818,2.996827,0.2589164,0.1260059,2.94427,-0.1130508,0.313924,3.057351,-0.1131751,0.2426161,3.010078,-0.2039147,0.1570745,2.986798,-0.02869466,0.1574024,3.009493,-0.2377058,-0.3633742,2.943305,-0.0242799,-0.3888049,2.960305,-0.1992922,-0.7704021,3.147813,-0.06152345,-0.7971649,3.134836
-0.09149759,0.906818,3.026439,-0.09535231,0.7171433,3.059164,-0.2993463,0.5939093,3.019529,0.08114313,0.5972476,3.042786,-0.4129709,0.3181942,3.074589,0.1622548,0.3229274,3.059836,-0.4607216,0.08606461,3.055323,0.2565838,0.1092067,3.005349,-0.1135424,0.3289326,3.06474,-0.1141711,0.2577282,3.017938,-0.205871,0.1763669,3.000177,-0.02973852,0.1703665,3.01656,-0.2385095,-0.2709787,2.904983,-0.0251723,-0.3012314,2.92229,-0.1579777,-0.6556326,3.13596,-0.08582034,-0.6985432,3.1392
-0.09100483,0.9179534,3.028314,-0.09255216,0.7295748,3.060951,-0.2970499,0.6027726,3.022321,0.08072226,0.6009749,3.043371,-0.4043898,0.3308998,3.09432,0.160922,0.328237,3.079387,-0.4586326,0.1001201,3.083113,0.2421369,0.1055827,3.071435,-0.1128151,0.3387063,3.070931,-0.1139116,0.2664891,3.023753,-0.2053999,0.1863394,3.00744,-0.03026261,0.1792124,3.022654,-0.2401536,-0.244884,2.88106,-0.02380152,-0.2500898,2.884332,-0.1449114,-0.5156476,3.039069,-0.06309228,-0.600521,3.168164
-0.09014085,0.918257,3.028427,-0.09199477,0.7303122,3.061206,-0.2963604,0.6057833,3.026103,0.0828371,0.6028472,3.045762,-0.4045105,0.3301223,3.106536,0.1619194,0.3341761,3.117971,-0.4666426,0.1092256,3.152097,0.2534723,0.1082727,3.131437,-0.1116663,0.344099,3.075623,-0.1128886,0.2726314,3.029592,-0.2049567,0.1917186,3.014024,-0.02910087,0.1837925,3.028362,-0.2393413,-0.237897,2.882129,-0.02300093,-0.2433808,2.883423,-0.1691696,-0.5473208,3.20182,-0.06940627,-0.5603679,3.200274
-0.08884699,0.9185222,3.02866,-0.08511788,0.7305395,3.067986,-0.2939251,0.603364,3.028202,0.08644702,0.6026309,3.051478,-0.4030207,0.3381965,3.142369,0.1612144,0.3293576,3.127433,-0.4804605,0.1201555,3.180347,0.2581481,0.1143202,3.157182,-0.1101138,0.3439766,3.079433,-0.1115878,0.2727704,3.032094,-0.204444,0.1916132,3.014725,-0.02805237,0.1839361,3.032173,-0.2373734,-0.2383352,2.88422,-0.02301209,-0.2457857,2.893779,-0.1662584,-0.5552081,3.197364,-0.06290162,-0.5905881,3.184164
-0.08562142,0.9153304,3.031574,-0.08179363,0.7246705,3.073559,-0.2905923,0.5977043,3.034662,0.09113186,0.5999167,3.064097,-0.4110189,0.3463225,3.163322,0.1656379,0.3252973,3.148827,-0.5062864,0.1346169,3.198141,0.2746137,0.1221624,3.190813,-0.1092866,0.3382288,3.081799,-0.1103435,0.2672829,3.033008,-0.2031136,0.1846975,3.01412,-0.02752157,0.1792463,3.032692,-0.2367152,-0.2984134,2.925511,-0.02453162,-0.321031,2.929919,-0.1697479,-0.6780507,3.168716,-0.05714641,-0.7102389,3.165768
-0.07621337,0.8935546,3.039386,-0.07330509,0.707952,3.083155,-0.2871744,0.5863092,3.04362,0.09511435,0.5881842,3.072396,-0.4173628,0.3409353,3.176713,0.1724427,0.3168656,3.170354,-0.5397053,0.1426167,3.207659,0.3068347,0.1288647,3.210271,-0.1040186,0.3132307,3.085018,-0.1059485,0.2409253,3.033657,-0.198612,0.1595338,3.011407,-0.02552315,0.1505094,3.03235,-0.2328901,-0.3989869,2.970854,-0.02219014,-0.4156247,2.963233,-0.1888349,-0.8156763,3.159142,-0.04116719,-0.8234086,3.153189
-0.06863845,0.8621852,3.043835,-0.06741089,0.6666592,3.090394,-0.2744476,0.5486489,3.051761,0.1046494,0.5389467,3.088758,-0.4273259,0.3198666,3.18946,0.1877065,0.287476,3.196807,-0.5989127,0.1584225,3.204716,0.3602639,0.1298221,3.224324,-0.1027965,0.2665457,3.082079,-0.1042552,0.1953266,3.028133,-0.195848,0.1150031,3.002511,-0.02603226,0.1082306,3.026321,-0.2159241,-0.4883448,3.020099,-0.02322952,-0.4962729,3.007859,-0.2023844,-0.9471545,3.108965,-0.01442175,-0.9431407,3.086723
-0.06263501,0.8027498,3.05422,-0.06294559,0.5562828,3.085365,-0.2706212,0.5444874,3.0658,0.1147189,0.49025,3.098485,-0.4235712,0.3065233,3.190176,0.202568,0.2501543,3.200922,-0.6140913,0.1666081,3.199171,0.4035933,0.127494,3.217604,-0.1006401,0.2108404,3.082792,-0.1023419,0.1560362,3.029352,-0.1925745,0.08495568,3.004081,-0.02913637,0.05409622,3.02477,-0.2181302,-0.5182199,3.023405,-0.02129136,-0.5411852,3.013759,-0.2042236,-0.9509472,3.085762,-0.01685385,-0.9845913,3.084782
-0.06689787,0.7362003,3.065477,-0.06195932,0.5523672,3.088435,-0.2672559,0.5360008,3.077209,0.1112084,0.4184392,3.105419,-0.4251756,0.2855701,3.174422,0.2243386,0.1849071,3.204842,-0.6485611,0.1909444,3.166508,0.452282,0.1307359,3.15086,-0.1022943,0.1680584,3.087327,-0.1040854,0.0975146,3.032607,-0.195331,0.02045993,3.007388,-0.03006571,0.0007201523,3.027961,-0.2198518,-0.5431315,3.012388,-0.0226059,-0.5588601,3.002502,-0.2020161,-0.9538674,3.09154,-0.02112557,-0.9846434,3.086722
-0.07047069,0.6684947,3.059215,-0.05831692,0.4757217,3.104135,-0.2730063,0.3549609,3.071103,0.1067792,0.3610709,3.103563,-0.4750113,0.1778093,3.185724,0.2297101,0.1405174,3.180862,-0.7037317,0.2024907,3.111803,0.459817,0.1465539,3.107475,-0.09571581,0.08400387,3.09462,-0.09842952,0.01522042,3.038653,-0.1910205,-0.06660082,3.013809,-0.02057027,-0.07208152,3.03419,-0.2200142,-0.5565464,2.995403,-0.02947418,-0.576999,2.981325,-0.1845669,-0.9724439,3.116223,-0.05134027,-0.9721006,3.10797
-0.07322539,0.6314054,3.06922,-0.06127483,0.4255908,3.104214,-0.2747156,0.3014136,3.069493,0.09970352,0.3256049,3.116451,-0.4793229,0.1434819,3.149475,0.2362057,0.1271209,3.166235,-0.6924109,0.2165896,3.059576,0.4516256,0.1619105,3.052476,-0.09611641,0.04168348,3.106544,-0.0963437,-0.02753959,3.052357,-0.1878889,-0.111636,3.024147,-0.01771954,-0.1152274,3.057088,-0.2172238,-0.578016,2.984002,-0.03465619,-0.5898536,2.971398,-0.1810379,-0.9758496,3.112141,-0.06480582,-0.9758741,3.102641
-0.07561173,0.5884007,3.082169,-0.08841641,0.387346,3.089778,-0.2793863,0.2900666,3.070592,0.1100253,0.2873278,3.11749,-0.4853795,0.1308497,3.117708,0.2517886,0.09591684,3.141684,-0.6715091,0.2338053,2.997562,0.4437499,0.1896565,2.990667,-0.09830137,0.03132096,3.11038,-0.09596676,-0.0371335,3.058305,-0.1872518,-0.1261117,3.033491,-0.01114473,-0.1302982,3.06728,-0.2033847,-0.5928741,2.974685,-0.03366029,-0.5866255,2.967366,-0.172592,-0.9792838,3.104582,-0.06483895,-0.9736235,3.096189
-0.07648462,0.5887429,3.082792,-0.08792537,0.3879104,3.090443,-0.280427,0.2886703,3.071115,0.1104915,0.2859067,3.114763,-0.4891519,0.1257154,3.11301,0.2769805,0.0835226,3.114486,-0.6434673,0.2355886,2.955346,0.417873,0.2055398,2.952878,-0.09815143,0.02908155,3.112308,-0.09580924,-0.03989173,3.061799,-0.1876113,-0.1292328,3.038782,-0.01015162,-0.1319788,3.069211,-0.1987865,-0.5952492,2.978787,-0.03254229,-0.5870377,2.97062,-0.1673306,-0.9848474,3.107024,-0.06970184,-0.9651095,3.090825
-0.07438227,0.6366786,3.097195,-0.08277185,0.4300993,3.099038,-0.2808163,0.3069266,3.073112,0.1052395,0.3048031,3.103793,-0.4841825,0.1458895,3.10623,0.235266,0.1093136,3.137423,-0.6203895,0.2378472,2.920438,0.3936352,0.2273629,2.903074,-0.09907386,0.04229493,3.117283,-0.09820162,-0.02774896,3.067286,-0.1905328,-0.1107435,3.047071,-0.01311977,-0.1179935,3.073396,-0.206999,-0.5699633,3.021557,-0.02715782,-0.5874628,2.995043,-0.1662055,-0.9849453,3.111737,-0.07382306,-0.9774873,3.105403
-0.0832523,0.6911681,3.107782,-0.08345764,0.4990241,3.115864,-0.2827156,0.3910085,3.086107,0.1010114,0.3811408,3.100628,-0.4391819,0.2202412,3.126624,0.2245204,0.1821894,3.111716,-0.5830622,0.2268991,2.923556,0.351584,0.2347997,2.903854,-0.09893081,0.1145973,3.127923,-0.09966242,0.04451857,3.076015,-0.1907783,-0.03974221,3.052615,-0.0147294,-0.0446353,3.078747,-0.2149073,-0.5675595,3.082072,-0.01167539,-0.5540212,3.050144,-0.1728412,-0.981899,3.124965,-0.06139885,-0.975178,3.112836
-0.08125963,0.767689,3.125271,-0.08901116,0.5728704,3.129962,-0.2840612,0.4617727,3.098783,0.09885272,0.4622582,3.113065,-0.4456152,0.2961637,3.123535,0.2310767,0.2671985,3.113044,-0.5764548,0.2099231,2.930991,0.3391615,0.2293024,2.890873,-0.09722155,0.1785749,3.130261,-0.09670587,0.1082648,3.075681,-0.1823806,0.0239033,3.048049,-0.01390456,0.01913055,3.077696,-0.2112169,-0.5624462,3.114841,-0.009596573,-0.5540829,3.086704,-0.2003724,-0.9552296,3.098339,-0.01126371,-0.9674674,3.094856
-0.08200317,0.8292037,3.135644,-0.07745089,0.6347566,3.138721,-0.2861909,0.5254017,3.108258,0.1051635,0.5267407,3.124848,-0.4379172,0.344255,3.155251,0.2113311,0.322665,3.154653,-0.532517,0.2061708,2.972831,0.3104177,0.2283708,2.946517,-0.0953599,0.2330661,3.135411,-0.09649022,0.1617085,3.079695,-0.186032,0.08008624,3.055371,-0.01400355,0.06687292,3.076852,-0.2091081,-0.5195487,3.114596,-0.004886384,-0.5361379,3.10494,-0.196145,-0.9482393,3.106801,0.004111851,-0.9254678,3.080505
