0.04811,0.63422,-0.052644,0.025004,0.46936,0.010497,-0.16812,0.38624,-0.00068286,0.20997,0.37631,0.026167,-0.33584,0.23709,0.010755,0.36181,0.20841,-0.025093,-0.44134,0.15442,-0.18699,0.44765,0.22931,-0.24863,0.0036958,0.11774,0.0054743,0,0.047828,0,-0.091922,-0.032779,-0.020985,0.081691,-0.044046,0.01109,-0.1208,-0.52681,0.01437,0.10979,-0.52493,0.00060095,-0.10979,-0.92314,0.083082,0.1029,-0.91626,0.062319
0.040409,0.69104,-0.057176,0.024192,0.53183,0.02275,-0.1678,0.44884,0.00070381,0.20675,0.44603,0.027839,-0.33048,0.29984,0.029295,0.34129,0.26396,-0.021198,-0.41367,0.15739,-0.14102,0.41052,0.20769,-0.24413,0.0033399,0.17617,0.010476,0,0.10596,0,-0.090151,0.025547,-0.020862,0.080503,0.016546,0.0063314,-0.12002,-0.52054,0.040163,0.10753,-0.51042,0.036365,-0.11796,-0.91481,0.086076,0.13004,-0.90375,0.04749
0.041044,0.74343,-0.061367,0.024145,0.58425,0.010925,-0.16764,0.51039,-0.0005819,0.20713,0.49776,0.022909,-0.31865,0.31408,0.031841,0.32167,0.3014,-0.0076152,-0.39452,0.12176,-0.081334,0.39426,0.1827,-0.20111,0.0033142,0.23832,0.01003,0,0.16986,0,-0.091808,0.089987,-0.015337,0.081937,0.080339,0.0052771,-0.11855,-0.48485,0.028985,0.11467,-0.49529,0.037424,-0.10616,-0.89042,0.091594,0.13635,-0.89907,0.077792
0.041888,0.78073,-0.094695,0.024851,0.62054,-0.0062505,-0.16659,0.53196,-0.019543,0.20436,0.52265,0.010062,-0.31365,0.31925,0.027158,0.3058,0.31558,-0.012878,-0.38324,0.102,-0.027672,0.3766,0.1158,-0.16341,0.0032497,0.26689,0.007199,0,0.19704,0,-0.091279,0.11812,-0.01245,0.081569,0.11072,0.0091114,-0.1204,-0.37835,-0.040875,0.1077,-0.382,-0.026422,-0.091406,-0.76305,0.12449,0.11152,-0.77859,0.11552
0.041179,0.79251,-0.11678,0.022124,0.62932,-0.021379,-0.16623,0.54729,-0.033994,0.20207,0.5355,-0.0075686,-0.29758,0.31674,0.026956,0.28891,0.29506,-0.013915,-0.37449,0.10031,0.038666,0.36044,0.087487,-0.089017,0.0030138,0.28878,0.0026943,0,0.22231,0,-0.090859,0.1418,-0.0090943,0.082604,0.13795,0.013906,-0.12737,-0.27991,-0.10264,0.10841,-0.29398,-0.08051,-0.057989,-0.6255,0.11944,0.064417,-0.65488,0.12507
0.040309,0.79514,-0.12735,0.018756,0.63566,-0.034304,-0.1679,0.55183,-0.0381,0.20231,0.53824,-0.015225,-0.28663,0.324,0.03819,0.26446,0.27301,0.018122,-0.35868,0.1188,0.090712,0.35074,0.063007,-0.0070867,0.0026742,0.30381,-0.00012952,0,0.23816,0,-0.091507,0.15783,-0.0062419,0.084121,0.14981,0.015659,-0.13432,-0.23991,-0.16939,0.11284,-0.24856,-0.14917,-0.024308,-0.54129,0.092687,0.051408,-0.56484,0.11139
0.039561,0.79369,-0.13895,0.018146,0.63737,-0.03997,-0.16903,0.55542,-0.039304,0.20172,0.54013,-0.018585,-0.28186,0.33592,0.054466,0.26298,0.28093,0.028879,-0.36401,0.13904,0.11941,0.3469,0.073616,0.056059,0.0026908,0.30895,-0.0016895,0,0.24354,0,-0.091938,0.16218,-0.0063152,0.084533,0.15626,0.017842,-0.14136,-0.21902,-0.20521,0.11636,-0.22505,-0.18467,-0.026469,-0.49084,0.083401,0.055121,-0.48338,0.12924
0.040689,0.79197,-0.14762,0.018278,0.63362,-0.046548,-0.16935,0.55723,-0.038525,0.19994,0.54312,-0.018027,-0.28334,0.34489,0.075761,0.26019,0.28772,0.039768,-0.37821,0.15772,0.1497,0.3468,0.099997,0.1208,0.0027821,0.31149,-0.0030295,0,0.24669,0,-0.092137,0.16578,-0.0056609,0.08441,0.15972,0.018773,-0.12549,-0.21912,-0.19963,0.11742,-0.22026,-0.1854,-0.022957,-0.47967,0.1024,0.053457,-0.47027,0.13412
0.045094,0.78939,-0.15542,0.018988,0.63106,-0.049557,-0.1685,0.55875,-0.036274,0.19955,0.54477,-0.016401,-0.28973,0.35573,0.087207,0.26106,0.29783,0.066079,-0.40475,0.17714,0.16089,0.35978,0.12077,0.15551,0.0028627,0.31226,-0.0045695,0,0.24786,0,-0.091559,0.16807,-0.0060114,0.083624,0.1606,0.020773,-0.12763,-0.23321,-0.15805,0.10885,-0.22318,-0.17605,0.00023676,-0.51483,0.11654,0.056716,-0.44759,0.16242
0.051335,0.77325,-0.16191,0.023993,0.62447,-0.053343,-0.16252,0.55921,-0.035812,0.20408,0.5428,-0.0077362,-0.29988,0.36687,0.099389,0.27365,0.31621,0.092235,-0.43895,0.20762,0.16965,0.40399,0.15666,0.17499,0.0035823,0.30414,-0.0058724,0,0.23936,0,-0.090752,0.16137,-0.0035619,0.08081,0.15215,0.020653,-0.11704,-0.27005,-0.11772,0.10405,-0.26995,-0.1125,-0.034318,-0.64703,0.049171,0.064684,-0.64687,0.067709
0.058764,0.77137,-0.15096,0.026594,0.61364,-0.057672,-0.15933,0.55258,-0.027149,0.2093,0.53519,0.0033505,-0.31782,0.36188,0.118,0.28773,0.30197,0.13207,-0.4937,0.22201,0.14024,0.43821,0.15007,0.19633,0.0041451,0.28089,-0.0071505,0,0.21297,0,-0.090765,0.1359,-0.00088571,0.079898,0.12357,0.02054,-0.11319,-0.37991,-0.064636,0.10645,-0.39496,-0.058999,-0.057782,-0.79633,0.0097571,0.10843,-0.81,0.013639
0.062256,0.73746,-0.15469,0.030785,0.583,-0.054236,-0.15957,0.51868,-0.033183,0.21218,0.51345,0.0078305,-0.33469,0.34963,0.11872,0.29802,0.29568,0.14232,-0.53346,0.23886,0.11157,0.48798,0.18762,0.19241,0.0046471,0.24731,-0.0073886,0,0.18,0,-0.092391,0.098035,-0.0036829,0.079296,0.092551,0.020205,-0.10282,-0.47845,-0.023656,0.10334,-0.48201,-0.025662,-0.084628,-0.88422,-0.039429,0.1157,-0.88089,-0.04391
0.050942,0.63736,-0.13283,0.024395,0.47274,-0.035355,-0.16844,0.40524,-0.022593,0.20512,0.39813,0.02381,-0.36864,0.26738,0.072064,0.32279,0.21921,0.1339,-0.58951,0.24592,0.0077143,0.549,0.20075,0.10274,0.0035615,0.13385,-0.0045743,0,0.065778,0,-0.089657,-0.015358,-0.012466,0.079406,-0.024097,0.021588,-0.11447,-0.5318,-0.015493,0.085732,-0.55708,-0.025622,-0.11765,-0.93301,0.010486,0.075783,-0.94291,-0.0091638
0.045807,0.57678,-0.13126,0.024703,0.41207,-0.025746,-0.1711,0.34193,-0.016247,0.20618,0.3316,0.021258,-0.38099,0.20377,0.047353,0.35554,0.18158,0.11489,-0.58955,0.22922,-0.053775,0.57463,0.21783,0.051404,0.0037529,0.075854,-0.0033676,0,0.0084507,0,-0.090892,-0.073312,-0.013783,0.080339,-0.082208,0.018953,-0.10936,-0.56533,-0.042439,0.079973,-0.56151,-0.050513,-0.10721,-0.94742,0.034207,0.065412,-0.94448,-0.00040095
0.041212,0.53254,-0.1093,0.026327,0.36047,-0.020253,-0.16906,0.27549,-0.020418,0.21174,0.27241,0.029153,-0.38064,0.15128,0.016795,0.37904,0.13305,0.096762,-0.56774,0.21106,-0.11168,0.56866,0.21357,-0.013478,0.0039561,0.022758,-0.0028333,0,-0.044882,0,-0.091925,-0.12727,-0.018729,0.080541,-0.13778,0.021588,-0.1074,-0.57018,-0.063386,0.069553,-0.58113,-0.098878,-0.06977,-0.95557,0.026846,0.066741,-0.94582,-0.0027781
0.036495,0.51961,-0.10158,0.024243,0.35044,-0.012771,-0.16978,0.25378,-0.019039,0.20797,0.25308,0.024003,-0.37664,0.095382,0.00746,0.37061,0.097152,0.08382,-0.53848,0.18773,-0.1492,0.55017,0.21906,-0.054659,0.0037061,0.01097,-0.0019133,0,-0.057342,0,-0.091066,-0.14061,-0.020869,0.080679,-0.14786,0.020598,-0.093519,-0.57413,-0.09468,0.065013,-0.57702,-0.11065,-0.069914,-0.95706,0.025164,0.047221,-0.94591,-0.030249
0.033261,0.5191,-0.092129,0.018327,0.34611,-0.010707,-0.17112,0.25216,-0.016788,0.20809,0.25132,0.02465,-0.37386,0.095941,0.0065295,0.35868,0.081233,0.09518,-0.52811,0.17786,-0.16626,0.5394,0.22006,-0.10299,0.0031409,0.0095199,-0.0017695,0,-0.058354,0,-0.090845,-0.14168,-0.020547,0.081333,-0.14928,0.019202,-0.092905,-0.57433,-0.093982,0.0661,-0.57699,-0.10967,-0.069564,-0.95592,0.02396,0.049076,-0.94602,-0.02897
0.031473,0.53766,-0.07312,0.01599,0.36358,-0.0016162,-0.18027,0.28173,-0.0040629,0.20695,0.27945,0.030529,-0.33466,0.12478,0.025775,0.36246,0.11799,0.041384,-0.51,0.16559,-0.18739,0.52265,0.23535,-0.13764,0.0025449,0.025357,0.00094095,0,-0.04167,0,-0.091117,-0.12655,-0.02063,0.083592,-0.13357,0.015405,-0.099336,-0.57035,-0.068303,0.076001,-0.57778,-0.086551,-0.068881,-0.95516,0.029744,0.056011,-0.94712,-0.016344
0.027041,0.60889,-0.055187,0.022955,0.44242,0.0097086,-0.17908,0.3552,0.0070276,0.20055,0.35601,0.034214,-0.34024,0.1986,0.032546,0.34716,0.18644,0.044306,-0.50103,0.16182,-0.1866,0.48706,0.24051,-0.13995,0.0034045,0.093868,0.0047333,0,0.024524,0,-0.090141,-0.058361,-0.018465,0.080667,-0.065068,0.0088295,-0.10687,-0.55158,-0.0088828,0.095216,-0.56046,-0.030428,-0.081168,-0.94756,0.043326,0.070305,-0.93774,0.00045428
0.026784,0.67502,-0.043328,0.019952,0.51034,0.017169,-0.17706,0.42414,0.007979,0.19739,0.4258,0.04884,-0.34919,0.27463,0.021446,0.34636,0.25543,0.039917,-0.46062,0.16301,-0.15548,0.4568,0.23599,-0.17112,0.0024181,0.15298,0.00842,0,0.082174,0,-0.088163,0.00055319,-0.021681,0.080197,-0.0071487,0.0093809,-0.10788,-0.53797,0.038044,0.10076,-0.54724,0.021268,-0.099489,-0.92086,0.031349,0.10433,-0.93541,-0.016755
0.024214,0.73594,-0.044003,0.013429,0.56612,0.021438,-0.18062,0.4892,0.010417,0.19203,0.49659,0.042749,-0.34608,0.32555,0.040649,0.32628,0.31753,0.053254,-0.43404,0.17184,-0.1148,0.43106,0.22757,-0.14039,0.0013019,0.21733,0.01179,0,0.14865,0,-0.085503,0.066013,-0.022362,0.080032,0.061217,0.0080724,-0.10866,-0.50556,0.035117,0.10402,-0.51342,0.03328,-0.096546,-0.91223,0.039566,0.1095,-0.91269,0.0035714
0.018902,0.78348,-0.064216,0.011149,0.61925,0.014772,-0.18417,0.52548,-0.00058667,0.1849,0.54485,0.035309,-0.34707,0.33025,0.03695,0.30353,0.3529,0.050666,-0.42674,0.13797,-0.075039,0.39231,0.19942,-0.10441,0.000664,0.26687,0.012408,0,0.19738,0,-0.087837,0.11451,-0.021836,0.083371,0.11129,0.010459,-0.10747,-0.44525,-0.0018419,0.10147,-0.45347,0.00072571,-0.080517,-0.82977,0.096964,0.097276,-0.85411,0.057642
0.018963,0.8,-0.079852,0.015496,0.65271,0.0058857,-0.18502,0.54875,-0.01202,0.18889,0.55937,0.024921,-0.32334,0.34327,0.035868,0.29621,0.35571,0.041615,-0.40446,0.1302,-0.0093505,0.37945,0.15329,-0.056816,0.0013108,0.30146,0.011505,0,0.2321,0,-0.090742,0.14908,-0.018347,0.084386,0.14327,0.01023,-0.11722,-0.32424,-0.069936,0.099999,-0.35099,-0.055912,-0.052509,-0.69692,0.11506,0.067604,-0.73533,0.11519
0.021035,0.81485,-0.086294,0.018244,0.66304,-0.0020343,-0.18532,0.5685,-0.01563,0.19283,0.56055,0.019616,-0.3095,0.34358,0.041865,0.27865,0.34252,0.054001,-0.38032,0.12759,0.069417,0.36561,0.12716,0.0069381,0.001935,0.31935,0.0097009,0,0.2515,0,-0.092871,0.16832,-0.016006,0.085272,0.16147,0.011646,-0.11323,-0.24986,-0.1093,0.10528,-0.26384,-0.098562,-0.018211,-0.58255,0.12508,0.069108,-0.6028,0.14244
0.023245,0.82274,-0.093156,0.0067906,0.66526,-0.023892,-0.18162,0.57454,-0.017849,0.19699,0.56534,0.016072,-0.29036,0.34174,0.078155,0.27495,0.32996,0.069228,-0.35917,0.13354,0.13195,0.36521,0.11712,0.086371,0.0013427,0.33106,0.005459,0,0.26563,0,-0.091039,0.18388,-0.011077,0.086216,0.17712,0.015583,-0.11935,-0.22196,-0.15071,0.1164,-0.22354,-0.13927,-0.012404,-0.50887,0.12967,0.066703,-0.52955,0.13725
0.021154,0.82676,-0.099906,0.0071147,0.66356,-0.030133,-0.18134,0.57946,-0.018181,0.19775,0.56841,0.013668,-0.28013,0.34566,0.10667,0.27099,0.33201,0.079983,-0.34788,0.14217,0.16672,0.35347,0.1412,0.15788,0.0015482,0.33281,0.0028724,0,0.26775,0,-0.091666,0.18628,-0.0071447,0.086377,0.17958,0.016676,-0.095032,-0.21064,-0.17423,0.11604,-0.21115,-0.16297,-0.002215,-0.45565,0.14488,0.060843,-0.4702,0.15394
0.020009,0.82543,-0.10396,0.0061567,0.65897,-0.035258,-0.18124,0.57893,-0.017849,0.19799,0.56819,0.012348,-0.27785,0.34774,0.11865,0.2683,0.32409,0.11778,-0.35485,0.15327,0.19288,0.36618,0.13754,0.18831,0.0015584,0.33233,0.0011152,0,0.26717,0,-0.091628,0.18521,-0.0049514,0.086543,0.17906,0.016713,-0.10215,-0.21123,-0.17204,0.11705,-0.21042,-0.16483,-0.0085129,-0.45866,0.14542,0.062703,-0.4705,0.15175
0.018181,0.81716,-0.11659,0.010198,0.65471,-0.035736,-0.17784,0.57159,-0.022012,0.19586,0.56632,0.010402,-0.28026,0.35415,0.12974,0.2703,0.33423,0.11992,-0.38001,0.17485,0.21308,0.37414,0.17266,0.22718,0.0018425,0.3265,-0.00016476,0,0.26024,0,-0.090405,0.17975,-0.0068219,0.084604,0.17411,0.01711,-0.11521,-0.22997,-0.13041,0.11799,-0.22829,-0.12894,-0.04107,-0.5121,0.14996,0.06713,-0.55007,0.13174
0.016789,0.80235,-0.12182,0.013519,0.64734,-0.03642,-0.18613,0.56293,-0.016233,0.19472,0.56247,0.010876,-0.28136,0.35512,0.13225,0.27775,0.33846,0.12783,-0.40051,0.18496,0.21012,0.39858,0.18074,0.22398,0.002231,0.315,-0.0010924,0,0.24796,0,-0.091477,0.16049,-0.0077114,0.083979,0.16136,0.017984,-0.11612,-0.29919,-0.094939,0.11283,-0.30472,-0.083418,-0.066737,-0.68087,0.080762,0.071495,-0.68797,0.091117
0.018362,0.79245,-0.12153,0.0058913,0.62183,-0.039522,-0.18655,0.54928,-0.0091771,0.1897,0.55294,0.016995,-0.29906,0.34622,0.14065,0.28651,0.32665,0.1431,-0.45069,0.18802,0.1865,0.45109,0.19715,0.21722,0.00031924,0.27605,-0.0024209,0,0.20574,0,-0.086678,0.12541,-0.0064667,0.085142,0.12194,0.018203,-0.10627,-0.41813,-0.040551,0.11197,-0.43198,-0.024009,-0.088411,-0.8309,0.034765,0.087841,-0.8546,0.049819
0.0069087,0.75194,-0.11582,0.0037661,0.59581,-0.032324,-0.19982,0.50222,0.004299,0.18053,0.50918,0.03951,-0.33501,0.30567,0.14362,0.30311,0.29609,0.16591,-0.51545,0.16816,0.14095,0.48772,0.1812,0.21795,9.0476e-06,0.24678,-0.0018305,0,0.1768,0,-0.086052,0.086466,-0.0096971,0.085469,0.08768,0.015915,-0.10859,-0.48812,-0.0015829,0.10171,-0.48749,0.0088667,-0.11828,-0.90557,0.039658,0.090764,-0.90331,0.033233
-0.0078327,0.69835,-0.097857,0.0034794,0.53207,-0.01271,-0.20506,0.44179,0.01581,0.18376,0.44311,0.054268,-0.35757,0.25481,0.1345,0.30166,0.25405,0.16576,-0.5697,0.1758,0.10196,0.52006,0.19647,0.17631,8e-06,0.18312,0.00089047,0,0.11334,0,-0.087678,0.022814,-0.014196,0.086204,0.026543,0.013812,-0.11118,-0.50672,0.0069286,0.09428,-0.51487,0.011028,-0.12647,-0.92642,0.058629,0.084716,-0.912,0.038276
-0.0051038,0.63364,-0.087428,-0.0050824,0.45996,-0.014939,-0.20619,0.37626,0.024839,0.17652,0.38095,0.055211,-0.37068,0.2015,0.11722,0.31291,0.22013,0.15225,-0.58738,0.17343,0.041679,0.53831,0.19629,0.12408,-0.001261,0.12193,-4.9524e-05,0,0.054313,0,-0.085424,-0.035152,-0.015951,0.08762,-0.031553,0.016524,-0.10392,-0.52486,-0.0066648,0.088079,-0.54814,-0.016378,-0.12083,-0.9413,0.093184,0.070772,-0.93262,0.061459
-0.0067381,0.57708,-0.082938,-0.00098076,0.40768,-0.0036524,-0.20646,0.31202,0.022499,0.17988,0.32777,0.046814,-0.39815,0.15018,0.074842,0.3362,0.16175,0.12894,-0.60253,0.17481,-0.034649,0.55116,0.21265,0.062701,-0.00051581,0.067373,0.0023086,0,-0.00052118,0,-0.087972,-0.091305,-0.018735,0.088398,-0.086749,0.014416,-0.10333,-0.56989,-0.038284,0.08754,-0.55865,-0.04243,-0.10904,-0.93987,0.076861,0.053888,-0.93114,0.054163
-0.0049315,0.54887,-0.079285,0.0081688,0.37693,0.0008419,-0.2027,0.27934,0.017958,0.18347,0.27037,0.041635,-0.39059,0.12559,0.041688,0.35481,0.14317,0.097266,-0.58532,0.16634,-0.081255,0.54983,0.21998,-0.0035314,0.0009759,0.035683,0.003879,0,-0.032555,0,-0.089076,-0.11805,-0.020198,0.08548,-0.12434,0.013977,-0.10111,-0.57195,-0.053042,0.085367,-0.56403,-0.06376,-0.076198,-0.93718,0.050208,0.053896,-0.93097,0.043315
-0.0017543,0.53915,-0.064877,0.0059793,0.36128,0.00097047,-0.19847,0.27436,0.016104,0.18596,0.27044,0.039204,-0.38342,0.11829,0.025844,0.35789,0.13752,0.077826,-0.55575,0.16263,-0.12859,0.52808,0.2284,-0.05527,0.0005759,0.025826,0.0047705,0,-0.041164,0,-0.088882,-0.12786,-0.016612,0.086381,-0.1283,0.01133,-0.10014,-0.57206,-0.058526,0.081064,-0.56512,-0.069791,-0.079895,-0.94035,0.049074,0.05024,-0.92669,0.034085
0.0089584,0.55859,-0.045057,0.0066887,0.37052,0.0052828,-0.195,0.27826,0.016764,0.1888,0.27806,0.040052,-0.37369,0.11704,0.032542,0.36107,0.13638,0.054506,-0.53272,0.15682,-0.13781,0.50469,0.23539,-0.10406,0.00055724,0.029655,0.006379,0,-0.037845,0,-0.089123,-0.12408,-0.016664,0.086244,-0.12493,0.010284,-0.10696,-0.56588,-0.049401,0.078361,-0.56506,-0.062728,-0.082741,-0.94015,0.052666,0.050439,-0.92679,0.033781
0.017312,0.62335,-0.022873,0.0091258,0.43803,0.020551,-0.17991,0.35382,0.020902,0.19357,0.35163,0.044948,-0.3498,0.17184,0.018601,0.31737,0.16071,0.052344,-0.49386,0.13828,-0.16685,0.4577,0.22781,-0.12623,0.00080533,0.089901,0.011688,0,0.021342,0,-0.086232,-0.061363,-0.020551,0.082516,-0.065624,0.0066428,-0.11727,-0.53927,-0.0035914,0.09039,-0.5349,-0.017195,-0.089165,-0.93893,0.061738,0.053173,-0.92694,0.043091
0.015726,0.68701,-0.015397,0.0046148,0.51001,0.03075,-0.18507,0.41706,0.022046,0.18829,0.42357,0.049602,-0.34236,0.24015,0.029655,0.30059,0.23136,0.065231,-0.45103,0.12804,-0.14817,0.42961,0.22257,-0.13445,-0.00026124,0.1507,0.01666,0,0.080597,0,-0.085257,-0.0027473,-0.023008,0.083433,-0.0057565,0.0054781,-0.11694,-0.54079,0.047217,0.088334,-0.5339,0.035225,-0.11423,-0.93293,0.058245,0.072455,-0.92675,0.045673
0.016606,0.74953,-0.0070695,0.0089428,0.57714,0.027878,-0.18141,0.47978,0.014854,0.19028,0.48922,0.045413,-0.3306,0.30109,0.046907,0.29852,0.29396,0.05666,-0.40513,0.13798,-0.105,0.40859,0.2163,-0.139,0.00013286,0.20823,0.018873,0,0.13634,0,-0.08446,0.053822,-0.021801,0.081029,0.049773,0.0058876,-0.11822,-0.51535,0.042801,0.08813,-0.52417,0.034012,-0.1159,-0.92293,0.044611,0.089757,-0.91142,0.030602
0.021234,0.80404,-0.026116,0.0072481,0.62789,0.011794,-0.18551,0.52955,0.0080362,0.18839,0.53884,0.033708,-0.32102,0.32584,0.043801,0.29087,0.33405,0.051508,-0.38714,0.13583,-0.073616,0.38263,0.19608,-0.11637,5.7143e-06,0.26475,0.017077,0,0.19336,0,-0.086653,0.10961,-0.019116,0.08381,0.10665,0.0091514,-0.11562,-0.46371,0.013707,0.098433,-0.46667,0.0034705,-0.10186,-0.85992,0.061431,0.084756,-0.86326,0.04586
0.025889,0.82782,-0.031808,0.01108,0.64396,-0.0048238,-0.17795,0.55044,-0.0099952,0.18812,0.55815,0.021285,-0.31223,0.33443,0.040166,0.28812,0.34124,0.03934,-0.37607,0.12599,-0.034389,0.36125,0.15505,-0.080209,0.00056771,0.2894,0.012553,0,0.21998,0,-0.087522,0.14308,-0.011329,0.082422,0.13808,0.012383,-0.11848,-0.35927,-0.051458,0.10158,-0.36869,-0.058316,-0.054593,-0.74746,0.11053,0.067885,-0.77545,0.069203
0.029629,0.84428,-0.04653,0.013921,0.67103,-0.019784,-0.17842,0.57567,-0.02072,0.19404,0.5673,0.0083447,-0.29943,0.339,0.043154,0.28486,0.34175,0.027961,-0.37096,0.1243,0.024931,0.3551,0.13239,-0.035377,0.0011827,0.32454,0.0090028,0,0.25444,0,-0.089723,0.16878,-0.011618,0.084551,0.16341,0.011051,-0.11722,-0.25735,-0.10795,0.10263,-0.28492,-0.10287,-0.034626,-0.6196,0.094033,0.042463,-0.66554,0.075017
0.03015,0.85551,-0.048276,0.018858,0.68673,-0.016975,-0.18097,0.57946,-0.024702,0.19521,0.57042,0.0058686,-0.29714,0.34821,0.05287,0.27458,0.34344,0.036226,-0.37678,0.13852,0.06958,0.35426,0.1167,0.017063,0.0018855,0.33552,0.0079343,0,0.26511,0,-0.091511,0.18071,-0.010942,0.085009,0.17601,0.01225,-0.12227,-0.22643,-0.14404,0.10817,-0.22469,-0.14237,-0.040774,-0.54595,0.11546,0.064318,-0.56102,0.1059
0.028945,0.86887,-0.041027,0.020221,0.69517,-0.01024,-0.17987,0.58488,-0.022425,0.19914,0.57163,0.0084705,-0.29674,0.35257,0.067582,0.2735,0.3197,0.076562,-0.38744,0.14962,0.12534,0.35864,0.11325,0.1001,0.0022011,0.34032,0.0078486,0,0.2695,0,-0.092139,0.1853,-0.012561,0.084899,0.17926,0.012188,-0.1226,-0.22137,-0.14644,0.10465,-0.21657,-0.15539,-0.023121,-0.50416,0.14465,0.042904,-0.49231,0.1243
0.029027,0.87088,-0.03604,0.018858,0.69538,-0.0089552,-0.17855,0.58973,-0.013769,0.20033,0.57932,0.020503,-0.2911,0.36141,0.12526,0.26947,0.32813,0.083692,-0.39395,0.16224,0.14386,0.36698,0.13574,0.13914,0.0018945,0.34204,0.0072857,0,0.27177,0,-0.091238,0.18845,-0.014305,0.084691,0.18174,0.012914,-0.12385,-0.2186,-0.14541,0.10384,-0.21411,-0.15397,-0.031189,-0.50463,0.14484,0.062142,-0.52698,0.12136
0.029603,0.87331,-0.021913,0.016568,0.69582,-0.00077238,-0.17565,0.5879,-0.0041438,0.19932,0.58544,0.033907,-0.29294,0.36483,0.1356,0.27052,0.33827,0.10139,-0.41321,0.18129,0.17824,0.37718,0.15603,0.16979,0.0015507,0.34123,0.0086019,0,0.27045,0,-0.090282,0.18725,-0.01674,0.084458,0.18077,0.011214,-0.11371,-0.25045,-0.10773,0.10415,-0.26572,-0.10536,-0.056672,-0.60698,0.11237,0.053289,-0.61244,0.12962
0.024886,0.87169,-0.0056905,0.01418,0.69033,0.016649,-0.17441,0.58132,0.011659,0.19628,0.58133,0.048329,-0.29845,0.36556,0.15287,0.26968,0.33948,0.11763,-0.43089,0.18968,0.1928,0.40746,0.17371,0.20319,0.00055648,0.32982,0.014118,0,0.2567,0,-0.088133,0.1747,-0.0198,0.083097,0.16917,0.0073343,-0.1189,-0.33083,-0.070047,0.099853,-0.349,-0.061554,-0.072185,-0.71267,0.11213,0.078744,-0.7262,0.13287
0.024898,0.85219,0.026862,0.0093594,0.66887,0.04388,-0.17463,0.5583,0.036308,0.19368,0.56567,0.073745,-0.31197,0.35377,0.1767,0.28467,0.31403,0.1637,-0.48102,0.20617,0.19491,0.44258,0.16846,0.22255,-0.00033362,0.29572,0.022403,0,0.22271,0,-0.085052,0.14358,-0.026247,0.08175,0.13274,0.0030076,-0.11157,-0.43067,-0.020647,0.092744,-0.44208,0.0065752,-0.084736,-0.84138,0.10236,0.11078,-0.85989,0.10999
0.012728,0.80936,0.043797,0.016357,0.6246,0.061608,-0.18519,0.50887,0.061743,0.18991,0.51626,0.090481,-0.32994,0.31326,0.19268,0.29776,0.29529,0.17892,-0.52642,0.20018,0.18103,0.47708,0.16799,0.2204,0.001125,0.25617,0.027686,0,0.18683,0,-0.086393,0.10897,-0.027523,0.080701,0.095626,-0.00062095,-0.10674,-0.46456,0.0039229,0.086409,-0.47907,0.018499,-0.096066,-0.89606,0.083325,0.10154,-0.93582,0.076274
0.012487,0.75152,0.048987,0.012068,0.56916,0.071912,-0.17904,0.44976,0.06151,0.19622,0.45211,0.087966,-0.3371,0.27479,0.18293,0.31107,0.24201,0.16826,-0.55337,0.20942,0.15043,0.52582,0.17199,0.17412,0.00039762,0.19603,0.032497,0,0.12675,0,-0.083443,0.047186,-0.026009,0.078883,0.039119,-0.0063133,-0.10653,-0.51003,0.00064571,0.08821,-0.52432,0.012913,-0.10214,-0.90979,0.077979,0.10043,-0.92963,0.065503
0.0079288,0.67886,0.037462,0.014149,0.49526,0.070253,-0.18167,0.38041,0.050856,0.18434,0.38874,0.081254,-0.36433,0.21616,0.15417,0.33267,0.19198,0.14486,-0.58094,0.21127,0.07377,0.55727,0.17191,0.10764,0.00032067,0.12846,0.03482,0,0.061022,0,-0.083642,-0.019478,-0.031963,0.078258,-0.023725,4.6667e-05,-0.10998,-0.52775,-0.029692,0.087356,-0.55595,-0.042548,-0.090056,-0.93413,0.10683,0.087878,-0.9328,0.057511
0.0042493,0.62211,0.025829,0.015723,0.44173,0.060026,-0.18543,0.31704,0.037183,0.18953,0.32681,0.066537,-0.36991,0.15849,0.11755,0.3497,0.14377,0.11142,-0.57043,0.20789,0.0080409,0.56576,0.17374,0.036009,0.00052162,0.071574,0.035599,0,0.0031693,0,-0.088085,-0.080244,-0.028262,0.082035,-0.082186,-7.9047e-05,-0.1128,-0.55011,-0.060507,0.079936,-0.57124,-0.065616,-0.083,-0.93845,0.097566,0.063063,-0.95081,0.068687
0.0052262,0.57491,0.025646,0.0045268,0.39264,0.047343,-0.18326,0.27691,0.024653,0.19027,0.30673,0.067581,-0.37739,0.099599,0.092893,0.34821,0.12984,0.091007,-0.55647,0.19512,-0.044258,0.54292,0.18459,-0.02499,-0.0019812,0.04361,0.036141,0,-0.021727,0,-0.086731,-0.10648,-0.029564,0.084142,-0.11072,0.0063038,-0.11163,-0.56172,-0.070782,0.076889,-0.57662,-0.078074,-0.075937,-0.93634,0.072402,0.057911,-0.95231,0.059004
0.0094247,0.56997,0.022778,0.0016926,0.37587,0.034306,-0.17809,0.27092,0.019329,0.18775,0.2648,0.054422,-0.37205,0.079561,0.044203,0.34864,0.11173,0.073034,-0.53495,0.18221,-0.10821,0.51487,0.18462,-0.076334,-0.002808,0.020302,0.035163,0,-0.046911,0,-0.084343,-0.12661,-0.026196,0.084518,-0.13226,0.0067581,-0.1049,-0.56095,-0.075675,0.076841,-0.57791,-0.085202,-0.061242,-0.93342,0.055346,0.053827,-0.94976,0.043466
0.0098864,0.57003,0.021537,0.0020277,0.37767,0.032298,-0.17828,0.27089,0.018067,0.18796,0.26813,0.048848,-0.36506,0.091824,0.046432,0.33815,0.077012,0.053886,-0.50543,0.15583,-0.14764,0.47806,0.1782,-0.11104,-0.0024076,0.021129,0.036075,0,-0.046052,0,-0.084762,-0.1259,-0.024565,0.084407,-0.13175,0.0068209,-0.097653,-0.55793,-0.069546,0.07241,-0.58005,-0.07596,-0.058038,-0.93507,0.055362,0.051107,-0.89928,0.017001
0.020111,0.60113,0.022946,0.0078007,0.42402,0.028176,-0.17519,0.31331,0.013149,0.193,0.30835,0.037617,-0.3358,0.15843,0.025319,0.32101,0.12685,0.055256,-0.47224,0.12564,-0.16608,0.45133,0.17757,-0.13653,-0.0010814,0.058087,0.036488,0,-0.010772,0,-0.086439,-0.092747,-0.022849,0.083478,-0.09633,0.0065905,-0.09235,-0.55351,-0.026403,0.089617,-0.56175,-0.03455,-0.055028,-0.93736,0.078662,0.068369,-0.94198,0.054746
0.01913,0.67182,0.028866,0.0096467,0.48928,0.035557,-0.17866,0.38947,0.017577,0.18714,0.38774,0.047986,-0.33326,0.20854,0.025833,0.31774,0.2029,0.027168,-0.45192,0.11977,-0.15894,0.43685,0.16495,-0.1752,-0.0013938,0.12322,0.039031,0,0.054797,0,-0.084866,-0.026293,-0.025379,0.081165,-0.030832,0.0065076,-0.10577,-0.54028,0.030629,0.10468,-0.55088,0.0086752,-0.065333,-0.93643,0.084049,0.089154,-0.93637,0.050274
0.01667,0.74064,0.033961,0.0023472,0.55895,0.034944,-0.18122,0.45589,0.017371,0.18935,0.45674,0.044346,-0.3241,0.27301,0.038614,0.31398,0.27053,0.049044,-0.40004,0.10218,-0.10246,0.40751,0.16245,-0.13999,-0.0023033,0.18292,0.040194,0,0.11255,0,-0.083018,0.032781,-0.023222,0.082133,0.023979,0.0049086,-0.10295,-0.53519,0.041363,0.10145,-0.53798,0.038952,-0.093092,-0.89535,0.050229,0.10846,-0.91852,0.0097476
0.015018,0.79911,0.018532,0.0083339,0.62257,0.027297,-0.17901,0.5137,0.0057324,0.18628,0.51,0.027303,-0.30907,0.29898,0.050461,0.3001,0.31738,0.043445,-0.37778,0.10948,-0.06581,0.39266,0.17336,-0.11803,-0.00086457,0.24055,0.039365,0,0.16816,0,-0.084226,0.088927,-0.018204,0.081197,0.082201,0.0033267,-0.094453,-0.48407,0.02757,0.10244,-0.49236,0.02688,-0.066915,-0.89299,0.07197,0.10826,-0.90969,0.010341
0.022647,0.83031,-0.0019229,0.013581,0.65086,0.0093419,-0.18019,0.54933,-0.0021981,0.19312,0.54177,0.015616,-0.29828,0.31006,0.0498,0.30565,0.32263,0.034981,-0.36254,0.09739,-0.0063486,0.38056,0.13699,-0.083967,0.00035048,0.28928,0.03462,0,0.21771,0,-0.088858,0.13582,-0.013706,0.083976,0.13029,0.0057857,-0.098655,-0.39639,-0.034272,0.099051,-0.41653,-0.022574,-0.023345,-0.80325,0.085676,0.073664,-0.82393,0.075321
0.018155,0.85566,-0.013553,0.014315,0.66682,-0.0013829,-0.18134,0.57074,-0.011271,0.19279,0.56806,0.012063,-0.28683,0.32093,0.055078,0.29735,0.32511,0.027518,-0.34851,0.10382,0.056848,0.37587,0.11973,-0.039335,0.00033838,0.3134,0.030033,0,0.24482,0,-0.089346,0.16287,-0.010862,0.083931,0.15842,0.0068686,-0.10559,-0.27576,-0.092582,0.089089,-0.32999,-0.067463,-0.007652,-0.64212,0.10253,0.087671,-0.71388,0.11946
0.018642,0.87031,-0.020308,0.014034,0.68856,-0.0099619,-0.1797,0.57725,-0.01741,0.19378,0.5782,0.0043181,-0.28096,0.33449,0.069502,0.28326,0.3266,0.038138,-0.35026,0.12318,0.097673,0.36791,0.11676,0.022969,0.00050581,0.33542,0.02631,0,0.26482,0,-0.08991,0.18455,-0.0090324,0.084277,0.17733,0.0082695,-0.11271,-0.22456,-0.13837,0.091411,-0.23105,-0.12557,0.029897,-0.54371,0.10101,0.091423,-0.58887,0.10259
0.016889,0.88081,-0.021637,0.018507,0.70584,-0.0021381,-0.18211,0.58512,-0.013274,0.19269,0.58849,0.0044533,-0.28003,0.34152,0.080121,0.27666,0.3303,0.044777,-0.3502,0.13155,0.11357,0.3645,0.12174,0.074205,0.0014946,0.3447,0.025392,0,0.27364,0,-0.090272,0.19325,-0.0097743,0.083554,0.18451,0.0067438,-0.11105,-0.21379,-0.14568,0.088336,-0.21396,-0.15607,0.012196,-0.38636,0.066203,0.07258,-0.51191,0.13978
0.015812,0.88153,-0.022246,0.018698,0.70636,-0.00039238,-0.18444,0.58954,-0.0020133,0.19352,0.59269,0.0088771,-0.2814,0.35363,0.10097,0.26919,0.34027,0.065351,-0.36687,0.1529,0.14775,0.36904,0.1322,0.11434,0.0022475,0.34758,0.024219,0,0.27721,0,-0.090172,0.19566,-0.010278,0.08349,0.18848,0.0058409,-0.11563,-0.21132,-0.14456,0.09115,-0.21011,-0.15581,-0.016622,-0.48546,0.15787,0.07078,-0.49114,0.15497
0.0093775,0.88607,-0.013754,0.017296,0.70595,0.0036019,-0.1859,0.58993,0.0064343,0.19231,0.59334,0.013194,-0.28407,0.35782,0.11467,0.26879,0.35331,0.086138,-0.38374,0.16129,0.15307,0.37353,0.14613,0.13614,0.0026889,0.34754,0.023803,0,0.27745,0,-0.090082,0.19562,-0.0106,0.082644,0.18965,0.0035638,-0.12552,-0.21684,-0.1204,0.099129,-0.21447,-0.14064,-0.055437,-0.46684,0.10837,0.062245,-0.52326,0.14367
0.010396,0.88493,0.0019448,0.012353,0.70166,0.01335,-0.18432,0.59083,0.022521,0.19104,0.59385,0.027499,-0.28188,0.37053,0.14613,0.27457,0.35937,0.10838,-0.40403,0.1843,0.17346,0.39503,0.17389,0.15914,0.0025076,0.3427,0.025658,0,0.27258,0,-0.089121,0.18822,-0.014215,0.082881,0.18703,0.0028105,-0.11878,-0.30297,-0.065632,0.10149,-0.29059,-0.081483,-0.046594,-0.67484,0.13119,0.06124,-0.64799,0.145
0.006867,0.877,0.012795,0.010104,0.69326,0.025502,-0.19051,0.58192,0.046071,0.18999,0.58437,0.054693,-0.28653,0.3612,0.16259,0.28001,0.35546,0.12379,-0.44407,0.19939,0.16584,0.42488,0.18016,0.18033,0.0015609,0.32997,0.029355,0,0.25933,0,-0.087657,0.17093,-0.018169,0.083021,0.17335,0.00027714,-0.11151,-0.40223,-0.013695,0.10387,-0.37913,-0.040845,-0.06803,-0.79592,0.15147,0.090379,-0.76305,0.1472
-0.00065143,0.84228,0.033909,0.011197,0.66689,0.0452,-0.19597,0.53839,0.064977,0.18161,0.57293,0.07874,-0.32207,0.32195,0.18523,0.29065,0.32329,0.15283,-0.50899,0.19549,0.15214,0.4681,0.18799,0.17819,0.0012255,0.2832,0.035109,0,0.21145,0,-0.085541,0.12548,-0.026169,0.081025,0.12762,0.0026609,-0.10405,-0.44556,0.029725,0.09163,-0.44746,0.0099038,-0.10825,-0.8717,0.11726,0.10153,-0.89265,0.084782
-0.0077753,0.78427,0.032723,0.0053961,0.60687,0.052869,-0.19753,0.48375,0.059146,0.17719,0.51494,0.085106,-0.33227,0.29145,0.17759,0.31434,0.28258,0.15028,-0.53501,0.19966,0.11446,0.51159,0.17697,0.17227,-0.000902,0.22957,0.037662,0,0.15973,0,-0.081938,0.072622,-0.020524,0.079905,0.078339,-0.0045371,-0.10144,-0.49861,0.035949,0.084448,-0.49693,0.0072257,-0.11252,-0.90503,0.10083,0.09787,-0.90621,0.06949
-0.012889,0.72182,0.030733,0.0034342,0.53669,0.03967,-0.1974,0.42306,0.064654,0.18102,0.44157,0.074519,-0.35552,0.23697,0.14506,0.33622,0.25054,0.14857,-0.57376,0.19904,0.083835,0.55656,0.19788,0.13188,-0.00010124,0.17247,0.037444,0,0.1046,0,-0.082347,0.017119,-0.021284,0.080987,0.020992,0.00017714,-0.10325,-0.5386,0.025155,0.087372,-0.53034,-0.0083076,-0.10526,-0.9361,0.1151,0.080097,-0.92332,0.046536
-0.0089235,0.65791,0.019063,0.0019921,0.47344,0.033396,-0.20141,0.35488,0.058001,0.18037,0.36045,0.051936,-0.38007,0.17279,0.10809,0.36092,0.20927,0.12568,-0.59572,0.19223,0.027781,0.58575,0.19712,0.087027,0.00094257,0.10517,0.037769,0,0.03603,0,-0.086553,-0.051751,-0.01412,0.085774,-0.047348,-0.0042819,-0.10346,-0.55427,-0.011209,0.087588,-0.55059,-0.067285,-0.094481,-0.9409,0.10886,0.057152,-0.93529,0.067839
-0.0035353,0.59971,0.0068657,-0.00065819,0.41712,0.028024,-0.19847,0.29088,0.039609,0.18118,0.30509,0.037353,-0.38657,0.13486,0.06284,0.38314,0.15612,0.091465,-0.5893,0.18929,-0.035935,0.59112,0.20597,0.0031895,0.00023086,0.053518,0.037561,0,-0.015076,0,-0.085702,-0.10311,-0.018107,0.085963,-0.098336,0.0015952,-0.1062,-0.55618,-0.04664,0.085801,-0.55148,-0.088051,-0.085553,-0.93643,0.082607,0.049433,-0.93185,0.038748
-0.011569,0.57283,0.0063181,-0.00064381,0.37334,0.028378,-0.19631,0.27201,0.032689,0.18157,0.27838,0.03232,-0.3832,0.11176,0.038648,0.37517,0.13746,0.055402,-0.56891,0.16319,-0.093996,0.57166,0.19908,-0.052504,-2.7905e-05,0.027083,0.038286,0,-0.038317,0,-0.085541,-0.12646,-0.016701,0.085701,-0.11963,0.00043143,-0.10188,-0.55893,-0.066468,0.080918,-0.5505,-0.1003,-0.078606,-0.93547,0.060932,0.04452,-0.92434,0.011659
-0.01036,0.56786,0.0043819,-0.0028485,0.37011,0.020859,-0.19477,0.2682,0.031274,0.18301,0.27311,0.030529,-0.37819,0.10483,0.027666,0.37321,0.12991,0.038429,-0.54108,0.13108,-0.14104,0.55291,0.1911,-0.098618,-0.00016362,0.022109,0.036894,0,-0.044734,0,-0.085668,-0.13268,-0.012697,0.086223,-0.12777,-0.00022857,-0.095872,-0.56118,-0.072647,0.073118,-0.55677,-0.10472,-0.071333,-0.93531,0.049598,0.042676,-0.92299,0.0066238
-0.0037229,0.57462,0.01007,-0.001485,0.38369,0.019316,-0.19238,0.27314,0.02718,0.18237,0.27899,0.029393,-0.36576,0.10948,0.021421,0.36381,0.13823,0.020148,-0.51945,0.094289,-0.15769,0.53724,0.1728,-0.13476,-0.00040609,0.025166,0.036464,0,-0.042741,0,-0.085885,-0.1283,-0.01237,0.086106,-0.12576,-0.00016571,-0.10176,-0.55722,-0.060945,0.063194,-0.56123,-0.091256,-0.069722,-0.93516,0.049753,0.040579,-0.9248,0.013646
0.012022,0.63347,0.006999,0.017622,0.45051,0.024533,-0.18871,0.34285,0.030058,0.18795,0.34361,0.038995,-0.32797,0.12341,0.048207,0.33702,0.17336,0.011319,-0.45923,0.067357,-0.14103,0.51198,0.15854,-0.14506,0.002089,0.087486,0.037314,0,0.018657,0,-0.089446,-0.065855,-0.016429,0.082523,-0.066498,0.0014324,-0.10669,-0.54854,-0.011325,0.082701,-0.55143,-0.041151,-0.067349,-0.94053,0.062317,0.054591,-0.93058,0.032829
0.016484,0.69814,0.017259,0.0019967,0.51341,0.041683,-0.17992,0.41053,0.029799,0.19328,0.41106,0.049721,-0.31876,0.20113,0.03345,0.32624,0.22485,0.017553,-0.42086,0.052022,-0.11627,0.47721,0.14455,-0.14419,-0.0016484,0.14368,0.041409,0,0.075365,0,-0.084555,-0.0076583,-0.017573,0.083792,-0.0089108,-0.0035533,-0.10428,-0.53742,0.036809,0.098518,-0.53612,0.012072,-0.092219,-0.91093,0.082004,0.077418,-0.91983,0.036417
0.010907,0.7638,0.018186,0.013121,0.57207,0.042267,-0.1843,0.46937,0.027875,0.18285,0.4744,0.051112,-0.31602,0.2421,0.040555,0.30556,0.27231,0.020089,-0.39629,0.054397,-0.073186,0.43118,0.14329,-0.1304,-0.000184,0.20149,0.042771,0,0.13318,0,-0.083345,0.052942,-0.017654,0.078425,0.048853,-0.0033076,-0.10769,-0.51769,0.041041,0.09132,-0.52507,0.026532,-0.10013,-0.90392,0.082796,0.082559,-0.91782,0.034289
0.015859,0.81016,0.014692,0.0025601,0.626,0.03757,-0.1837,0.51892,0.025798,0.18201,0.52186,0.038986,-0.301,0.26958,0.05213,0.30202,0.28847,0.02066,-0.37183,0.065256,-0.027831,0.41716,0.13744,-0.11585,-0.0010699,0.2491,0.043272,0,0.17774,0,-0.085039,0.097085,-0.019346,0.083951,0.093605,0.0004219,-0.09657,-0.46251,0.016456,0.093037,-0.48146,0.019509,-0.079049,-0.83789,0.10982,0.090278,-0.89179,0.06114
0.021519,0.85465,0.010493,0.0098231,0.66327,0.031539,-0.17997,0.54236,0.010694,0.18519,0.54238,0.031294,-0.28656,0.28115,0.045277,0.28553,0.31039,0.016412,-0.3533,0.065209,0.022525,0.39836,0.12359,-0.074997,-0.00064638,0.28467,0.042558,0,0.21499,0,-0.08629,0.13762,-0.01513,0.082597,0.12947,-0.0009419,-0.11079,-0.35256,-0.039914,0.089184,-0.40193,-0.032331,-0.048036,-0.74952,0.11493,0.07145,-0.79556,0.10597
0.023292,0.86319,-0.0066428,0.013143,0.67214,0.019072,-0.18072,0.5632,0.0041628,0.19142,0.57066,0.027234,-0.27615,0.29782,0.044413,0.28599,0.31264,0.012255,-0.33531,0.08066,0.053892,0.38374,0.11124,-0.034145,-7.5333e-05,0.31236,0.038993,0,0.24516,0,-0.08822,0.16433,-0.012763,0.08386,0.1554,0.00068476,-0.12062,-0.26485,-0.092748,0.085343,-0.3175,-0.079812,-0.026409,-0.64061,0.091998,0.059294,-0.7079,0.097693
0.020921,0.87368,-0.016877,0.012927,0.68457,0.0075762,-0.1802,0.57566,0.00088381,0.19334,0.57817,0.02255,-0.2701,0.32392,0.05714,0.27936,0.32652,0.017777,-0.33593,0.11496,0.10005,0.38154,0.11403,-0.00928,2.8476e-05,0.3281,0.035809,0,0.25951,0,-0.088874,0.17777,-0.010975,0.084061,0.17358,0.0040305,-0.11607,-0.23675,-0.11735,0.098105,-0.23653,-0.12261,-0.021154,-0.57536,0.12306,0.059591,-0.5815,0.12368
0.021258,0.87909,-0.021745,0.015146,0.69328,0.0052628,-0.17993,0.58104,-0.00011619,0.19415,0.5806,0.021137,-0.26721,0.33841,0.079813,0.27581,0.32826,0.030669,-0.3438,0.13025,0.11104,0.38209,0.11861,0.062995,0.00049905,0.33596,0.033811,0,0.2665,0,-0.089621,0.18545,-0.010221,0.083845,0.17868,0.0034724,-0.11944,-0.22679,-0.12479,0.097711,-0.22816,-0.13387,-0.033006,-0.54978,0.13747,0.051565,-0.54112,0.14799
0.020181,0.88132,-0.023046,0.014113,0.69384,0.0049609,-0.18126,0.58311,0.00388,0.19463,0.58278,0.023486,-0.27159,0.34087,0.10117,0.27192,0.32981,0.054936,-0.3656,0.1404,0.13441,0.38587,0.1161,0.08374,0.00055857,0.33725,0.032054,0,0.2679,0,-0.08975,0.18599,-0.010199,0.084486,0.18048,0.0033267,-0.11955,-0.2264,-0.1234,0.097461,-0.22635,-0.13355,-0.026904,-0.53808,0.14961,0.061739,-0.54053,0.14888
0.019804,0.88201,-0.020772,0.014428,0.69418,0.0089562,-0.18028,0.58351,0.0084133,0.1943,0.58437,0.031177,-0.27943,0.3489,0.11707,0.26271,0.3511,0.073551,-0.38277,0.15122,0.14184,0.39334,0.13643,0.11863,0.00060505,0.33642,0.032005,0,0.26676,0,-0.089758,0.18407,-0.014034,0.084029,0.17972,0.003219,-0.11909,-0.26907,-0.094505,0.093329,-0.28509,-0.098194,-0.037219,-0.63258,0.11767,0.05339,-0.65613,0.1131
0.019359,0.88004,-0.014001,0.011422,0.68727,0.023626,-0.18083,0.57917,0.019278,0.19043,0.5848,0.044239,-0.28874,0.34391,0.14147,0.26844,0.33441,0.10079,-0.41487,0.15678,0.14604,0.40167,0.15966,0.14165,-0.00032495,0.32227,0.035372,0,0.25092,0,-0.086025,0.16662,-0.018545,0.082349,0.16777,0.0025162,-0.1105,-0.37126,-0.036497,0.092632,-0.37687,-0.05566,-0.069275,-0.77154,0.12173,0.078817,-0.76435,0.13161
0.016807,0.85036,0.0060933,0.013092,0.66463,0.035718,-0.18086,0.55503,0.039199,0.18686,0.55757,0.066591,-0.29887,0.33449,0.15839,0.27611,0.30587,0.13354,-0.4629,0.17837,0.14681,0.44089,0.15743,0.16563,-0.00017648,0.28012,0.038155,0,0.20854,0,-0.085189,0.13041,-0.017669,0.079549,0.12252,-0.00012095,-0.10768,-0.4429,0.017161,0.091634,-0.45285,0.0048743,-0.096757,-0.87528,0.10188,0.10291,-0.87188,0.085509
0.011011,0.80115,0.016116,0.020938,0.62521,0.05573,-0.18724,0.50702,0.045784,0.18162,0.50987,0.079068,-0.31935,0.29201,0.1614,0.2782,0.29064,0.12952,-0.51255,0.17851,0.11489,0.462,0.16289,0.15025,-8.2857e-05,0.24716,0.042062,0,0.17676,0,-0.086093,0.090405,-0.02284,0.079155,0.095857,-0.0015733,-0.11067,-0.48165,0.027339,0.086605,-0.47987,0.0048981,-0.10759,-0.89389,0.089879,0.096213,-0.89019,0.05487
-0.001053,0.74045,0.013576,0.019286,0.5671,0.060116,-0.17855,0.44657,0.039113,0.18317,0.45332,0.079563,-0.3274,0.24678,0.15074,0.29336,0.2392,0.12728,-0.54131,0.21074,0.072033,0.50883,0.17013,0.12304,-0.00085162,0.18634,0.044589,0,0.11733,0,-0.082383,0.036793,-0.026501,0.075386,0.0347,-0.00026095,-0.11302,-0.52226,0.02168,0.084555,-0.53231,-0.014681,-0.11549,-0.90971,0.089741,0.088122,-0.90904,0.051552
0.0015583,0.67992,0.0099819,0.0068502,0.49025,0.042401,-0.18638,0.37447,0.047892,0.18828,0.37818,0.070514,-0.34011,0.19319,0.12662,0.32852,0.19338,0.10983,-0.5542,0.22186,0.034635,0.55432,0.17894,0.087467,-0.001159,0.11902,0.0432,0,0.050691,0,-0.086225,-0.033668,-0.020012,0.083601,-0.033341,-0.0014619,-0.11375,-0.55028,-0.010408,0.086246,-0.54491,-0.045316,-0.11075,-0.92235,0.10053,0.078596,-0.92424,0.058132
-0.0011692,0.61844,-0.0076152,-0.0047167,0.42381,0.031716,-0.19013,0.30863,0.032634,0.18605,0.31776,0.049622,-0.37001,0.14683,0.055483,0.37239,0.15231,0.081814,-0.56096,0.23755,-0.039187,0.58294,0.20824,0.0065448,-0.0024738,0.062808,0.042146,0,-0.0043308,0,-0.085311,-0.089728,-0.022601,0.087189,-0.089483,0.0045295,-0.11381,-0.5552,-0.035341,0.083663,-0.55391,-0.07498,-0.10762,-0.92395,0.085554,0.072755,-0.93231,0.049683
0.0018725,0.58081,-0.0084905,0.00060114,0.39687,0.035693,-0.1885,0.29071,0.031303,0.18231,0.28539,0.04339,-0.36505,0.098801,0.038082,0.3714,0.14038,0.058294,-0.5286,0.22003,-0.074551,0.56739,0.22474,-0.030925,-0.0013916,0.041013,0.043628,0,-0.024662,0,-0.084159,-0.10776,-0.026272,0.083804,-0.11136,0.0073771,-0.10989,-0.57795,-0.056202,0.08393,-0.56288,-0.086907,-0.083563,-0.9295,0.07666,0.059445,-0.93108,0.040284
0.0014547,0.57349,-0.01156,-0.0030604,0.38164,0.029561,-0.19133,0.27829,0.027755,0.18132,0.27991,0.039439,-0.36767,0.094652,0.031389,0.36504,0.13587,0.023668,-0.51402,0.21457,-0.11603,0.54557,0.23072,-0.088126,-0.001733,0.029678,0.043068,0,-0.03595,0,-0.084781,-0.12193,-0.020856,0.085338,-0.11979,0.0049676,-0.10745,-0.57722,-0.060722,0.082086,-0.56562,-0.089891,-0.07491,-0.93139,0.070152,0.054982,-0.93124,0.036783
0.0057129,0.57813,-0.012348,-0.0037819,0.38352,0.027294,-0.18894,0.28173,0.025682,0.18195,0.28242,0.037066,-0.36552,0.10312,0.024122,0.35318,0.12941,0.0061867,-0.49741,0.20199,-0.15502,0.52077,0.23296,-0.11875,-0.0017962,0.030727,0.042839,0,-0.035218,0,-0.084466,-0.12007,-0.020607,0.085253,-0.11907,0.0048314,-0.098839,-0.56587,-0.052798,0.081613,-0.56364,-0.077424,-0.071574,-0.93203,0.072241,0.050688,-0.93378,0.044469
0.014915,0.63251,-0.0094552,-0.00049562,0.4431,0.032872,-0.19281,0.35134,0.03522,0.18635,0.34464,0.046941,-0.35273,0.15332,0.023589,0.32662,0.16728,-0.00042381,-0.48198,0.18555,-0.17289,0.48107,0.23145,-0.16638,-0.0014415,0.088146,0.044036,0,0.022646,0,-0.085328,-0.062399,-0.020709,0.08553,-0.063433,0.0017743,-0.10248,-0.54625,-0.0017257,0.088324,-0.54875,-0.022483,-0.095099,-0.93251,0.11231,0.050026,-0.93302,0.055197
0.012561,0.68876,-0.01758,-0.0027096,0.50753,0.044771,-0.19417,0.41564,0.042621,0.18319,0.41349,0.057409,-0.33489,0.23363,0.03863,0.32129,0.23473,0.021071,-0.43854,0.15486,-0.15987,0.44047,0.20709,-0.18271,-0.0021337,0.14688,0.04676,0,0.08169,0,-0.084043,-0.00025062,-0.022556,0.085123,-0.0060804,-0.00072667,-0.10895,-0.53158,0.063154,0.097613,-0.54078,0.036853,-0.1122,-0.92411,0.10454,0.073678,-0.91778,0.054682
0.0096494,0.74449,-0.013692,0.0019773,0.56368,0.038441,-0.19877,0.47698,0.031789,0.17743,0.48001,0.065886,-0.32388,0.28944,0.078718,0.29651,0.28797,0.039661,-0.41509,0.16106,-0.12285,0.39702,0.19852,-0.15553,-0.0035089,0.20683,0.046446,0,0.14179,0,-0.082245,0.055755,-0.023514,0.081447,0.057462,0.0024781,-0.11762,-0.51028,0.064808,0.093467,-0.51312,0.057699,-0.12404,-0.9127,0.10164,0.081916,-0.90217,0.041431
0.015087,0.79294,-0.028863,-0.0059761,0.61679,0.033951,-0.19849,0.52887,0.036788,0.17884,0.53348,0.06096,-0.32932,0.32697,0.059775,0.27709,0.33087,0.051947,-0.37828,0.13316,-0.078561,0.37052,0.18299,-0.10463,-0.0037159,0.25573,0.046263,0,0.18937,0,-0.084127,0.10542,-0.02408,0.086353,0.099151,0.0051714,-0.11695,-0.46362,0.049758,0.095059,-0.47366,0.05753,-0.11923,-0.85445,0.13557,0.078595,-0.89059,0.058359
0.016404,0.82664,-0.0463,-0.0021533,0.65251,0.019658,-0.20057,0.56335,0.027193,0.18005,0.57148,0.047717,-0.32059,0.32752,0.059385,0.26594,0.34548,0.055517,-0.36144,0.11875,-0.030169,0.33583,0.15552,-0.058351,-0.0025185,0.30001,0.042801,0,0.23416,0,-0.085839,0.15043,-0.014993,0.086512,0.14817,0.0021324,-0.11256,-0.36415,-0.018933,0.094345,-0.42665,0.0069581,-0.071025,-0.7648,0.13975,0.066684,-0.81539,0.12513
0.021233,0.84044,-0.075665,-0.0040517,0.66606,0.00774,-0.19727,0.57353,0.018101,0.18012,0.58589,0.04082,-0.30034,0.32826,0.060348,0.25912,0.33985,0.059161,-0.34136,0.10752,0.022079,0.33042,0.13043,-0.0091676,-0.0029362,0.31447,0.03893,0,0.24736,0,-0.085721,0.16383,-0.012391,0.086994,0.16292,0.0044552,-0.10792,-0.27159,-0.078383,0.091386,-0.327,-0.044097,-0.02255,-0.6466,0.11552,0.045399,-0.72343,0.12238
0.024415,0.84209,-0.090457,0.00039771,0.67621,-0.0070105,-0.18967,0.59146,0.0053209,0.18343,0.59323,0.034018,-0.27906,0.3348,0.074072,0.24809,0.32972,0.080211,-0.3287,0.11506,0.07739,0.32264,0.11677,0.055077,-0.0025057,0.33639,0.032324,0,0.27062,0,-0.087236,0.18995,-0.0090714,0.086301,0.18536,0.0087124,-0.10398,-0.22366,-0.1241,0.10077,-0.23736,-0.11154,-0.032903,-0.5286,0.13314,0.067237,-0.56652,0.15715
0.023353,0.84538,-0.10244,0.00011581,0.67766,-0.014569,-0.18912,0.59417,0.00047143,0.18549,0.60019,0.032782,-0.27415,0.34627,0.081025,0.24569,0.33414,0.082822,-0.33154,0.13037,0.12412,0.31398,0.12055,0.097013,-0.0027651,0.34324,0.027606,0,0.27774,0,-0.087367,0.19547,-0.008999,0.086663,0.19143,0.010851,-0.10159,-0.21503,-0.13556,0.10563,-0.21323,-0.13451,-0.010444,-0.43366,0.064401,0.057132,-0.51989,0.1556
0.023529,0.84247,-0.10835,0.0017544,0.67571,-0.023094,-0.18908,0.59445,0.001081,0.18524,0.60027,0.033676,-0.27109,0.35156,0.10253,0.24482,0.32573,0.10075,-0.33502,0.13926,0.13289,0.32738,0.12028,0.13254,-0.0023898,0.34499,0.023678,0,0.27878,0,-0.0875,0.19609,-0.0085447,0.086593,0.19244,0.011578,-0.10017,-0.21339,-0.13824,0.10576,-0.21191,-0.13408,-0.018074,-0.40668,0.12172,0.057291,-0.51659,0.1581
0.026943,0.82883,-0.11495,0.0017468,0.67192,-0.024496,-0.1892,0.59434,0.00404,0.18542,0.59977,0.037324,-0.27195,0.35267,0.10923,0.24566,0.33846,0.11142,-0.35554,0.14832,0.14428,0.35262,0.14422,0.16765,-0.0021592,0.34414,0.020394,0,0.27812,0,-0.087599,0.19451,-0.0099028,0.086665,0.19203,0.013167,-0.09797,-0.21866,-0.12515,0.11207,-0.21919,-0.12098,-0.019358,-0.55112,0.13121,0.061211,-0.55324,0.13982
0.023183,0.81212,-0.11058,0.00035876,0.66215,-0.017721,-0.19045,0.59019,0.013603,0.18347,0.59893,0.049515,-0.27734,0.35614,0.12324,0.24753,0.34567,0.12675,-0.38307,0.16223,0.15813,0.37381,0.17139,0.19319,-0.0023474,0.3306,0.018907,0,0.26399,0,-0.085567,0.17841,-0.011022,0.085526,0.17998,0.012454,-0.093496,-0.30425,-0.075523,0.10509,-0.31832,-0.071472,-0.014372,-0.68494,0.11208,0.066309,-0.6953,0.13309
0.019563,0.80545,-0.099754,-0.0059064,0.63695,-0.01093,-0.19475,0.57585,0.023049,0.1807,0.58441,0.063147,-0.28958,0.35384,0.13688,0.26002,0.3294,0.15391,-0.42611,0.17541,0.15145,0.40283,0.17059,0.21471,-0.0034467,0.30175,0.017663,0,0.23488,0,-0.083076,0.14631,-0.015629,0.086339,0.14855,0.013081,-0.09003,-0.4134,-0.023382,0.099746,-0.42353,-0.017769,-0.05127,-0.80627,0.10303,0.089575,-0.80577,0.098623
0.0063107,0.77632,-0.091073,-0.0064287,0.60315,-0.0046619,-0.20154,0.52626,0.029101,0.17247,0.53616,0.075974,-0.32553,0.30257,0.14569,0.27324,0.30496,0.17344,-0.49565,0.15498,0.11065,0.44718,0.17514,0.22364,-0.0035354,0.25685,0.017169,0,0.18867,0,-0.081826,0.10177,-0.017061,0.083694,0.1058,0.014024,-0.091748,-0.47235,0.019244,0.08946,-0.47009,0.023243,-0.086337,-0.91277,0.065553,0.082262,-0.89506,0.063238
-0.0047391,0.72208,-0.081904,-0.0010769,0.54879,0.001759,-0.21165,0.47623,0.030998,0.16885,0.47798,0.086061,-0.34933,0.26779,0.1286,0.27589,0.28854,0.17282,-0.55133,0.17078,0.083901,0.47256,0.18597,0.20367,-0.0030881,0.20694,0.01764,0,0.13949,0,-0.084653,0.049756,-0.02152,0.085115,0.053805,0.014924,-0.096917,-0.52388,0.022145,0.083437,-0.51725,0.022854,-0.10427,-0.92944,0.065299,0.070135,-0.90536,0.058071
-0.0056162,0.6529,-0.07285,-0.015104,0.48185,0.0018019,-0.20742,0.4052,0.041841,0.16462,0.4126,0.077333,-0.36792,0.21698,0.1069,0.30384,0.23084,0.16803,-0.57836,0.17543,0.021443,0.52848,0.20483,0.14875,-0.0043852,0.14177,0.017273,0,0.074731,0,-0.079273,-0.012815,-0.019173,0.0856,-0.0082818,0.012708,-0.093775,-0.54877,0.0055162,0.09331,-0.53699,0.00034476,-0.099945,-0.93427,0.079463,0.065893,-0.92365,0.071695
-0.0056034,0.59763,-0.078016,-0.017217,0.41547,0.0011352,-0.20691,0.34269,0.035096,0.16968,0.35046,0.069063,-0.38511,0.16077,0.074312,0.32237,0.18538,0.1456,-0.58955,0.19236,-0.030783,0.54491,0.22523,0.12504,-0.0045898,0.084134,0.016666,0,0.018817,0,-0.080443,-0.069727,-0.015907,0.087875,-0.063848,0.0095314,-0.092063,-0.55773,-0.02568,0.098167,-0.5546,-0.031219,-0.088634,-0.93744,0.082306,0.048519,-0.94124,0.089296
-0.011728,0.54804,-0.074608,-0.016758,0.37582,0.00228,-0.20701,0.2837,0.013729,0.16885,0.29131,0.049678,-0.38835,0.097228,0.052124,0.35056,0.15945,0.11684,-0.5535,0.19047,-0.093217,0.54238,0.2534,0.028869,-0.0045082,0.035513,0.016629,0,-0.031012,0,-0.081287,-0.11959,-0.021311,0.08825,-0.11502,0.014196,-0.094074,-0.56282,-0.066726,0.091295,-0.56775,-0.070354,-0.078227,-0.93381,0.057126,0.040955,-0.94252,0.070758
-0.012232,0.53474,-0.074009,-0.013362,0.35674,0.0029029,-0.20687,0.27091,0.010936,0.17299,0.27837,0.047942,-0.38673,0.10741,-0.0019762,0.36195,0.1437,0.071406,-0.54575,0.19253,-0.15196,0.52922,0.27585,-0.017585,-0.0041488,0.025635,0.016391,0,-0.039894,0,-0.083004,-0.12893,-0.021169,0.089301,-0.12651,0.014313,-0.09156,-0.56716,-0.078402,0.088836,-0.57792,-0.081889,-0.072929,-0.93741,0.049935,0.033052,-0.94832,0.0597
-0.0089754,0.53303,-0.06948,-0.013926,0.35408,0.00029429,-0.20529,0.27079,0.010679,0.17425,0.27831,0.048062,-0.37251,0.094853,-0.0042876,0.35681,0.14462,0.053169,-0.50272,0.1788,-0.18251,0.50143,0.26979,-0.08093,-0.004154,0.024484,0.015531,0,-0.040883,0,-0.083091,-0.12968,-0.020395,0.089464,-0.12704,0.014126,-0.091385,-0.56661,-0.077786,0.087377,-0.57488,-0.084328,-0.07068,-0.93883,0.051832,0.030547,-0.94933,0.059332
0.0041609,0.56705,-0.044624,-0.0015718,0.38752,0.010756,-0.19241,0.29517,0.0096647,0.17933,0.30387,0.057392,-0.32889,0.11384,0.024708,0.35124,0.15741,0.037249,-0.46314,0.15216,-0.19672,0.47473,0.26395,-0.13272,-0.0032004,0.042436,0.017695,0,-0.024054,0,-0.08308,-0.10752,-0.026522,0.085874,-0.10888,0.01252,-0.094728,-0.56348,-0.058088,0.083791,-0.57014,-0.062767,-0.072807,-0.93776,0.065683,0.028312,-0.94909,0.073447
0.0050299,0.62205,-0.032169,-0.0029662,0.44941,0.030635,-0.19424,0.36762,0.029091,0.18154,0.36826,0.06939,-0.32987,0.18886,0.027593,0.32443,0.19384,0.054846,-0.43308,0.13099,-0.17835,0.4393,0.23202,-0.1494,-0.0027614,0.10514,0.023507,0,0.039052,0,-0.084162,-0.046652,-0.026102,0.085402,-0.046802,0.0075981,-0.10361,-0.55224,0.014243,0.089591,-0.55472,0.0078209,-0.085601,-0.93629,0.09824,0.032829,-0.94565,0.094879
-0.00078419,0.6816,-0.017105,-0.0080247,0.51245,0.04055,-0.19859,0.42923,0.034555,0.17516,0.43786,0.088378,-0.32497,0.25004,0.061172,0.2928,0.24558,0.072488,-0.39604,0.13435,-0.13271,0.40204,0.22882,-0.1379,-0.0047023,0.16532,0.027862,0,0.099729,0,-0.080004,0.014758,-0.031044,0.083347,0.012708,0.0084676,-0.11251,-0.545,0.041323,0.080511,-0.54551,0.044113,-0.1276,-0.92552,0.096552,0.038954,-0.92938,0.10001
-0.011307,0.7422,-0.018824,-0.0082776,0.56919,0.047348,-0.20321,0.48241,0.041198,0.17342,0.48618,0.08628,-0.3089,0.28814,0.062213,0.29869,0.30011,0.083096,-0.36615,0.11949,-0.089789,0.37107,0.19097,-0.11416,-0.0045091,0.21532,0.031587,0,0.14923,0,-0.081954,0.063222,-0.030415,0.085339,0.063485,0.0054781,-0.11988,-0.50449,0.049449,0.077751,-0.50829,0.065973,-0.13795,-0.89094,0.10531,0.03834,-0.90223,0.10451
-0.005105,0.78249,-0.027724,-0.0048324,0.61686,0.046499,-0.20134,0.51982,0.041223,0.17156,0.53465,0.068456,-0.30613,0.28921,0.067151,0.27337,0.33819,0.085051,-0.34065,0.087761,-0.04171,0.33782,0.1799,-0.075667,-0.002829,0.2515,0.033908,0,0.18338,0,-0.083819,0.10218,-0.029997,0.085817,0.09635,0.0054124,-0.11384,-0.44616,0.0078514,0.078592,-0.47748,0.050796,-0.12074,-0.8339,0.14066,0.033268,-0.88866,0.12844
0.00078724,0.80716,-0.044735,-0.0037731,0.63574,0.039128,-0.19581,0.54779,0.031065,0.17373,0.56283,0.062795,-0.2763,0.29335,0.068717,0.27191,0.33234,0.079606,-0.31724,0.073132,0.029188,0.33849,0.13649,-0.03569,-0.0031089,0.29042,0.034325,0,0.22739,0,-0.083226,0.14465,-0.024349,0.084989,0.14357,0.0045743,-0.11087,-0.33303,-0.065168,0.083579,-0.37372,-0.0249,-0.085802,-0.70647,0.14871,0.034893,-0.76411,0.15624
0.0028283,0.82067,-0.056696,-0.00097209,0.65128,0.020296,-0.19428,0.56003,0.02224,0.17828,0.57362,0.051988,-0.26462,0.3093,0.076444,0.26939,0.32456,0.078326,-0.30282,0.090087,0.099354,0.34003,0.11356,0.026412,-0.0026974,0.30531,0.032618,0,0.24024,0,-0.084465,0.15721,-0.02021,0.085249,0.15428,0.0050781,-0.11184,-0.25805,-0.12621,0.09761,-0.29245,-0.082396,-0.06135,-0.60444,0.12169,0.035504,-0.64162,0.15955
0.008332,0.82104,-0.068089,0.0023105,0.65249,0.0048286,-0.19243,0.56936,0.016032,0.18053,0.57435,0.04704,-0.26162,0.31836,0.095774,0.26451,0.3122,0.084188,-0.3033,0.10367,0.13727,0.34602,0.10189,0.083911,-0.0025219,0.31412,0.029323,0,0.24934,0,-0.08593,0.16679,-0.017117,0.085552,0.16194,0.0072086,-0.11511,-0.23641,-0.16533,0.10727,-0.24233,-0.13918,-0.057759,-0.5325,0.13528,0.0252,-0.5056,0.15193
0.011629,0.82319,-0.080099,0.0057275,0.65357,-0.0039838,-0.19231,0.57032,0.015403,0.18509,0.57218,0.039318,-0.26395,0.3276,0.10712,0.26348,0.31132,0.089729,-0.31994,0.12309,0.17051,0.36419,0.11841,0.1469,-0.0012503,0.31882,0.025911,0,0.25315,0,-0.087272,0.16963,-0.015489,0.085889,0.16513,0.0082571,-0.1047,-0.22742,-0.18211,0.10245,-0.23117,-0.1604,-0.070826,-0.47222,0.16131,0.025428,-0.48372,0.17115
0.022079,0.81308,-0.091537,0.0085378,0.64459,-0.01078,-0.19122,0.56614,0.015672,0.19098,0.56521,0.041943,-0.27176,0.32803,0.12607,0.26893,0.30798,0.11693,-0.33952,0.13045,0.19781,0.38415,0.13559,0.19232,-0.00054314,0.31898,0.021737,0,0.25375,0,-0.088889,0.16963,-0.014365,0.085861,0.1649,0.010719,-0.10091,-0.22787,-0.17973,0.10484,-0.22954,-0.16174,-0.076395,-0.47044,0.16584,0.029603,-0.4835,0.16916
0.022501,0.805,-0.083642,0.0085389,0.63675,-0.0032657,-0.16831,0.54549,-0.00039524,0.19068,0.55324,0.049141,-0.28435,0.33089,0.15262,0.26789,0.3082,0.14403,-0.39933,0.14985,0.20935,0.39577,0.14523,0.22005,-0.0017546,0.30173,0.020725,0,0.23526,0,-0.087888,0.15385,-0.016935,0.083114,0.15119,0.015545,-0.099765,-0.2525,-0.15603,0.10647,-0.24609,-0.14849,-0.059139,-0.59558,0.097724,0.07519,-0.56195,0.13669
0.034133,0.77507,-0.089121,0.015315,0.62218,-0.0011133,-0.16958,0.53925,0.0052305,0.19667,0.53685,0.046445,-0.29256,0.33293,0.16426,0.27952,0.30191,0.16158,-0.41981,0.15617,0.21014,0.41555,0.14618,0.23864,2.7048e-05,0.28342,0.02002,0,0.21617,0,-0.087789,0.13392,-0.019848,0.081179,0.12852,0.014294,-0.1082,-0.33688,-0.11883,0.10337,-0.33615,-0.10846,-0.067319,-0.72779,0.063632,0.081938,-0.7106,0.10475
0.038279,0.76784,-0.079503,0.021836,0.58696,0.00053238,-0.16971,0.50561,0.012633,0.20156,0.50991,0.054849,-0.31114,0.32108,0.17352,0.29289,0.28581,0.17613,-0.46803,0.16076,0.18613,0.46007,0.15347,0.23695,0.0012134,0.243,0.019253,0,0.17504,0,-0.088911,0.094028,-0.01867,0.079582,0.085269,0.013188,-0.097305,-0.48114,-0.05653,0.097744,-0.45639,-0.055542,-0.08318,-0.89274,-0.017909,0.10444,-0.85122,0.038069
0.037315,0.71828,-0.080426,0.015715,0.54314,0.0030029,-0.17249,0.46376,0.012879,0.18345,0.51179,0.06699,-0.33501,0.27376,0.16203,0.29768,0.25582,0.16225,-0.52017,0.14427,0.1484,0.48554,0.14325,0.20419,-0.00050628,0.19191,0.019026,0,0.12284,0,-0.079495,0.044926,-0.020697,0.073323,0.040484,0.014564,-0.10943,-0.50512,-0.047939,0.098196,-0.5184,-0.046025,-0.099511,-0.92379,-0.021887,0.098398,-0.92974,-0.015583
0.036937,0.66361,-0.066093,0.019117,0.48156,0.0062828,-0.16693,0.40234,0.0094962,0.20566,0.39745,0.063658,-0.34007,0.22199,0.14206,0.31666,0.18946,0.16321,-0.54543,0.1305,0.10557,0.53542,0.13289,0.15286,9.7238e-05,0.13923,0.019444,0,0.071825,0,-0.086743,-0.0082712,-0.02088,0.078769,-0.018977,0.012582,-0.10571,-0.5616,-0.057908,0.088287,-0.55225,-0.050948,-0.10036,-0.94046,-0.0086228,0.087316,-0.93567,-0.0028724
0.036819,0.60406,-0.055248,0.019859,0.42394,0.01039,-0.16625,0.3314,0.0060333,0.19955,0.32973,0.051075,-0.35775,0.16159,0.11897,0.31849,0.13921,0.14748,-0.56798,0.11095,0.039674,0.5412,0.13296,0.096016,0.00066,0.07248,0.020439,0,0.0035105,0,-0.087318,-0.075721,-0.023541,0.079361,-0.085694,0.013926,-0.10519,-0.56365,-0.066486,0.07597,-0.57058,-0.070314,-0.095834,-0.95022,0.011053,0.051589,-0.95332,0.028328
0.031491,0.5679,-0.045805,0.020972,0.37639,0.011611,-0.17083,0.28152,0.0024905,0.20323,0.27321,0.053038,-0.35097,0.11802,0.086201,0.32478,0.090782,0.11234,-0.55797,0.1069,-0.017361,0.53338,0.13326,0.022945,0.00051952,0.033928,0.020935,0,-0.03321,0,-0.088761,-0.11607,-0.02548,0.080763,-0.12649,0.015059,-0.10028,-0.56057,-0.094824,0.071775,-0.57188,-0.094067,-0.059722,-0.93997,-0.0051209,0.039544,-0.94427,0.012984
0.028425,0.54114,-0.038415,0.018443,0.35875,0.012527,-0.17038,0.25668,-0.0040429,0.19762,0.24189,0.043929,-0.35748,0.093283,0.054307,0.33456,0.040158,0.08567,-0.54855,0.094688,-0.079907,0.50446,0.13793,-0.040311,5.5619e-05,0.007048,0.021551,0,-0.061998,0,-0.087993,-0.14005,-0.025176,0.080036,-0.1495,0.014579,-0.083846,-0.57012,-0.11368,0.069248,-0.57184,-0.10407,-0.06008,-0.93783,-0.0098562,0.030965,-0.93755,-0.0057143
0.028485,0.54036,-0.035507,0.017274,0.35443,0.010665,-0.17002,0.25558,-0.0047295,0.19656,0.24248,0.040248,-0.35965,0.093361,0.036725,0.32847,0.063185,0.051964,-0.52446,0.093626,-0.13377,0.48764,0.14141,-0.10155,0.00010486,0.0056427,0.021569,0,-0.063032,0,-0.087722,-0.14142,-0.024972,0.080058,-0.15074,0.014701,-0.083574,-0.57019,-0.11373,0.069997,-0.57155,-0.10584,-0.058405,-0.93703,-0.011177,0.031132,-0.93758,-0.0058705
0.032973,0.56513,-0.013879,0.015436,0.36546,0.012255,-0.16943,0.2732,-0.00056286,0.19849,0.2633,0.035748,-0.3473,0.1205,0.025513,0.31434,0.070166,0.056059,-0.49752,0.094315,-0.15468,0.44813,0.1384,-0.1262,0.00025781,0.017616,0.022194,0,-0.050354,0,-0.087804,-0.13109,-0.024121,0.08104,-0.13842,0.013912,-0.086994,-0.57093,-0.095737,0.070276,-0.5709,-0.09724,-0.059733,-0.93721,-0.0062524,0.02911,-0.93755,-0.0011924
0.024985,0.61956,-0.0018886,0.0087477,0.4385,0.025247,-0.17875,0.34363,0.0058724,0.18703,0.3349,0.037572,-0.34785,0.17358,0.01764,0.27253,0.13011,0.052248,-0.4877,0.095576,-0.15509,0.41968,0.13265,-0.13253,-0.00070362,0.080152,0.02578,0,0.011086,0,-0.084932,-0.069324,-0.024498,0.081506,-0.075881,0.0092809,-0.088,-0.55625,-0.051735,0.079896,-0.55847,-0.048983,-0.075992,-0.94316,0.018882,0.029576,-0.93969,0.013951
0.023154,0.69063,0.012591,-0.0014421,0.50749,0.034622,-0.17952,0.4094,0.010309,0.19069,0.4043,0.042783,-0.33787,0.22184,0.035315,0.28972,0.20444,0.050246,-0.4567,0.11468,-0.13741,0.40092,0.1417,-0.14943,-0.0026176,0.14236,0.029634,0,0.072893,0,-0.083355,-0.0078929,-0.02563,0.083915,-0.015227,0.0068847,-0.098529,-0.54601,0.0030581,0.088185,-0.55364,-0.0032352,-0.10728,-0.9301,0.0089362,0.060514,-0.93562,0.023782
0.020774,0.75733,0.022061,0.0028038,0.57193,0.042363,-0.1826,0.46299,0.010647,0.18388,0.46402,0.043907,-0.33101,0.2765,0.040777,0.28216,0.26457,0.055212,-0.42222,0.12516,-0.11305,0.3771,0.13827,-0.11939,-0.0021474,0.19236,0.033209,0,0.12074,0,-0.082523,0.041767,-0.024957,0.081489,0.033328,0.0043162,-0.11176,-0.51894,0.021065,0.085658,-0.52894,0.025028,-0.11218,-0.90776,0.012312,0.076507,-0.92806,0.021411
0.019354,0.8062,0.032657,0.01287,0.62164,0.043507,-0.1799,0.51497,0.017934,0.1867,0.51305,0.041787,-0.31716,0.30376,0.049904,0.2739,0.2813,0.060585,-0.39398,0.11539,-0.067136,0.3555,0.10994,-0.074888,0.00010343,0.2477,0.035537,0,0.17764,0,-0.086114,0.098856,-0.021692,0.08133,0.091357,0.00045809,-0.10522,-0.47101,0.0034733,0.089943,-0.48336,0.024895,-0.10358,-0.84846,0.083833,0.077095,-0.88324,0.084045
0.017327,0.84336,0.026342,0.0066432,0.65868,0.041499,-0.18231,0.5341,0.018239,0.1866,0.53658,0.043063,-0.30741,0.30405,0.056066,0.26529,0.28217,0.065968,-0.37308,0.096761,-0.017525,0.33909,0.082703,-0.022788,-0.0010534,0.28251,0.037112,0,0.21222,0,-0.08614,0.13001,-0.021666,0.083561,0.12671,0.00098666,-0.10517,-0.38526,-0.036037,0.08988,-0.40862,-0.014923,-0.097562,-0.76956,0.13163,0.062977,-0.80896,0.12341
0.019478,0.85737,0.018373,0.0078917,0.67033,0.035034,-0.1821,0.55399,0.014269,0.18525,0.55073,0.037789,-0.28116,0.3132,0.072216,0.25632,0.28882,0.07091,-0.34883,0.098306,0.047104,0.32948,0.076265,0.03838,-0.00085371,0.30296,0.03732,0,0.23446,0,-0.086505,0.15428,-0.020852,0.083299,0.15055,0.00326,-0.10909,-0.28299,-0.089307,0.095532,-0.3138,-0.065884,-0.073118,-0.64046,0.14824,0.034885,-0.66287,0.15151
0.01911,0.86512,0.010044,0.007158,0.68079,0.029309,-0.18394,0.56736,0.0090286,0.18724,0.57314,0.035403,-0.27617,0.32711,0.076621,0.24217,0.29499,0.077458,-0.33114,0.11201,0.10323,0.3115,0.082313,0.093288,-0.0011775,0.32224,0.037211,0,0.25498,0,-0.087188,0.17215,-0.022487,0.083304,0.16808,0.0050762,-0.11156,-0.24186,-0.13205,0.098798,-0.24748,-0.11127,-0.057305,-0.57887,0.12871,0.043232,-0.57034,0.16505
0.020133,0.87062,0.0034533,0.0082571,0.68588,0.026875,-0.18148,0.57095,0.0059971,0.18841,0.57598,0.033252,-0.274,0.33858,0.089989,0.24305,0.29929,0.092354,-0.33107,0.1243,0.11825,0.31194,0.096102,0.14871,-0.0011572,0.32721,0.037392,0,0.25963,0,-0.086975,0.1782,-0.022095,0.083211,0.17312,0.0067362,-0.10776,-0.23459,-0.13683,0.10211,-0.232,-0.13563,-0.055996,-0.54088,0.15723,0.030741,-0.51903,0.1722
0.022963,0.87292,0.0018362,0.010229,0.68796,0.025242,-0.17969,0.57202,0.0046105,0.19078,0.57852,0.035549,-0.27238,0.34022,0.1113,0.24697,0.30671,0.13629,-0.33466,0.13511,0.16851,0.33429,0.10596,0.17775,-0.0013149,0.32862,0.03742,0,0.26082,0,-0.086981,0.17976,-0.021622,0.08288,0.1742,0.0070419,-0.10638,-0.23253,-0.13789,0.10088,-0.23027,-0.13689,-0.053596,-0.54066,0.15462,0.039219,-0.51838,0.1723
0.024844,0.8706,-0.00050762,0.010548,0.68558,0.024016,-0.17745,0.56998,0.0050857,0.19117,0.574,0.039585,-0.27398,0.34465,0.1217,0.24703,0.30216,0.14064,-0.34677,0.14306,0.17917,0.34985,0.11309,0.19539,-0.00168,0.32521,0.037362,0,0.25687,0,-0.086687,0.17586,-0.021319,0.082225,0.17152,0.0072733,-0.10682,-0.26454,-0.10589,0.10578,-0.26242,-0.1156,-0.07965,-0.60118,0.16047,0.082497,-0.59117,0.15991
0.024739,0.8594,-0.0035305,0.010358,0.6729,0.025212,-0.17845,0.56278,0.0082247,0.18769,0.56559,0.048333,-0.28245,0.34682,0.1358,0.24691,0.29959,0.15047,-0.39377,0.1639,0.1941,0.38123,0.13988,0.2307,-0.0022608,0.30884,0.037802,0,0.23977,0,-0.085217,0.15858,-0.022302,0.080748,0.15571,0.0077352,-0.11136,-0.34149,-0.073824,0.10429,-0.33453,-0.079047,-0.096122,-0.72072,0.13646,0.07573,-0.6914,0.16265
0.024215,0.83449,-0.0036333,0.012314,0.64496,0.026244,-0.17407,0.53485,0.010781,0.18777,0.5446,0.055987,-0.29263,0.33435,0.14713,0.25257,0.28941,0.16382,-0.4257,0.16083,0.19035,0.40742,0.1396,0.21819,-0.0024029,0.27483,0.038247,0,0.20457,0,-0.084694,0.12551,-0.021656,0.079623,0.11915,0.0068638,-0.10643,-0.44915,-0.0124,0.093592,-0.45618,-0.012752,-0.11346,-0.8622,0.093419,0.096633,-0.88602,0.10431
0.021919,0.78245,-0.0082895,0.013291,0.60268,0.030852,-0.17654,0.48963,0.010931,0.18731,0.50228,0.05489,-0.31482,0.28358,0.16287,0.27433,0.26526,0.1744,-0.49502,0.1472,0.14794,0.45753,0.13959,0.20232,-0.0021708,0.23185,0.039731,0,0.16206,0,-0.080946,0.079333,-0.022877,0.076305,0.077135,0.0061305,-0.11692,-0.49414,-0.00035524,0.091345,-0.49686,-0.0037152,-0.11555,-0.91293,0.054445,0.090748,-0.91642,0.065215
0.024294,0.72859,0.0027552,0.014535,0.54045,0.029994,-0.17656,0.43175,0.015528,0.18984,0.43846,0.06236,-0.32915,0.25328,0.15283,0.29424,0.21137,0.17548,-0.52838,0.14836,0.11926,0.50667,0.13466,0.17133,-0.0023569,0.17043,0.040134,0,0.10075,0,-0.084969,0.021908,-0.024311,0.079438,0.012261,0.0077143,-0.1213,-0.51907,0.0019895,0.078628,-0.53769,0.0028771,-0.11954,-0.91573,0.058476,0.080694,-0.91336,0.065408
0.018203,0.65434,-0.011142,0.016884,0.47159,0.031002,-0.1713,0.36069,0.010055,0.18865,0.37111,0.056394,-0.34633,0.19278,0.12943,0.31111,0.16236,0.1633,-0.56195,0.15382,0.060108,0.53534,0.136,0.13795,-0.0020356,0.10524,0.040909,0,0.036491,0,-0.084945,-0.042923,-0.0229,0.078589,-0.047888,0.0061019,-0.10976,-0.55233,-0.026621,0.080159,-0.56849,-0.021114,-0.11132,-0.92515,0.065721,0.072217,-0.90656,0.061468
0.017926,0.60238,-0.019352,0.0087094,0.40971,0.018983,-0.17764,0.30211,0.0049295,0.1923,0.30104,0.050518,-0.3636,0.14716,0.093627,0.32116,0.13138,0.14421,-0.57245,0.16455,-0.0047514,0.52661,0.14585,0.037406,-0.0032359,0.052693,0.038361,0,-0.015329,0,-0.084978,-0.098169,-0.023643,0.081505,-0.10196,0.010643,-0.10641,-0.56522,-0.053809,0.072756,-0.57306,-0.056876,-0.10025,-0.90901,0.052633,0.04705,-0.95923,0.086712
0.019489,0.55921,-0.026878,0.0067264,0.37236,0.0035809,-0.18068,0.25632,-0.0066981,0.19373,0.26408,0.036029,-0.37387,0.11493,0.044221,0.33301,0.089305,0.10694,-0.55931,0.16051,-0.090327,0.52308,0.15044,-0.012618,-0.0029599,0.018673,0.033643,0,-0.050885,0,-0.086738,-0.13748,-0.01651,0.083969,-0.13863,0.01149,-0.10354,-0.57292,-0.079667,0.069679,-0.57417,-0.087467,-0.087073,-0.8981,0.012738,0.04074,-0.94106,0.027828
0.019269,0.54829,-0.024234,0.00706,0.35628,0.0067238,-0.18018,0.25241,-0.0088905,0.19384,0.25799,0.033846,-0.37083,0.10482,0.018922,0.30511,0.03539,0.1094,-0.53148,0.14899,-0.14741,0.49479,0.15001,-0.076453,-0.0027235,0.012225,0.032632,0,-0.055369,0,-0.086733,-0.14027,-0.018178,0.083822,-0.14264,0.011893,-0.1016,-0.57412,-0.08475,0.069486,-0.57424,-0.093463,-0.084468,-0.89562,0.0057828,0.038739,-0.94147,0.02498
0.020368,0.54845,-0.019206,0.0067555,0.35769,0.0071828,-0.17994,0.25476,-0.00782,0.19393,0.25796,0.033709,-0.36343,0.10992,0.0058686,0.3126,0.050772,0.060393,-0.50652,0.1299,-0.18149,0.4751,0.1481,-0.12656,-0.0025068,0.012477,0.031307,0,-0.05519,0,-0.086778,-0.1401,-0.018558,0.083956,-0.14249,0.012093,-0.10009,-0.57506,-0.084177,0.070481,-0.57523,-0.092358,-0.069558,-0.94901,0.037278,0.037431,-0.94433,0.028146
0.024431,0.60576,0.0092267,0.011249,0.40978,0.026976,-0.17218,0.30692,-0.00067809,0.1952,0.30382,0.036756,-0.33338,0.15529,0.017869,0.30707,0.10725,0.063687,-0.45806,0.10381,-0.17695,0.43524,0.14717,-0.13161,-0.0016548,0.049528,0.035072,0,-0.019132,0,-0.086883,-0.09711,-0.024908,0.082606,-0.10514,0.0095019,-0.095083,-0.55431,-0.068894,0.079,-0.56578,-0.072669,-0.072207,-0.94476,0.038786,0.041528,-0.94478,0.034257
0.027627,0.66316,0.022777,0.0065957,0.47752,0.032443,-0.17205,0.36921,0.007199,0.18893,0.37411,0.043708,-0.32118,0.19623,0.065699,0.287,0.17114,0.030442,-0.42097,0.11765,-0.14015,0.41894,0.15065,-0.16531,-0.0023757,0.11236,0.03748,0,0.04371,0,-0.08389,-0.035902,-0.023849,0.08139,-0.041079,0.0063914,-0.10226,-0.54537,-0.01307,0.090603,-0.52955,-0.030739,-0.09597,-0.9268,0.042797,0.060598,-0.93974,0.057462
0.021583,0.72751,0.032018,0.0113,0.54067,0.05009,-0.17282,0.43597,0.011939,0.18862,0.43851,0.044007,-0.30497,0.26339,0.087482,0.28268,0.23541,0.046617,-0.38612,0.12236,-0.10746,0.38893,0.14534,-0.14465,-0.0012952,0.16708,0.041808,0,0.098525,0,-0.083005,0.020693,-0.025589,0.078826,0.012863,0.0020305,-0.11146,-0.53341,0.023455,0.089539,-0.51831,0.0047752,-0.10695,-0.92215,0.042046,0.083034,-0.91589,0.023319
0.025676,0.78781,0.038689,0.010821,0.60582,0.051668,-0.17602,0.49474,0.021063,0.1919,0.49353,0.046338,-0.30128,0.27947,0.069188,0.28057,0.28569,0.054141,-0.36262,0.11114,-0.081694,0.3713,0.15388,-0.11865,-0.00079933,0.22887,0.043463,0,0.16002,0,-0.083544,0.080645,-0.023296,0.079528,0.073956,-0.00093333,-0.11188,-0.4916,0.020504,0.092771,-0.50094,0.015208,-0.1222,-0.88773,0.054614,0.083499,-0.91219,0.026736
0.023341,0.82932,0.025843,0.013465,0.64071,0.052125,-0.17585,0.52341,0.013411,0.18854,0.52833,0.042841,-0.2978,0.2864,0.064008,0.27245,0.30316,0.056529,-0.35252,0.098494,-0.062008,0.35891,0.15104,-0.099643,-0.00084276,0.25959,0.044736,0,0.1901,0,-0.084558,0.1141,-0.022569,0.079744,0.10401,-0.0010324,-0.11344,-0.43583,-0.01603,0.086886,-0.47164,0.0068067,-0.11028,-0.81503,0.10041,0.072321,-0.86868,0.069871
0.020363,0.84991,0.014978,0.016005,0.67169,0.047186,-0.17832,0.55281,0.0068295,0.18466,0.55661,0.030998,-0.28965,0.29903,0.056454,0.26514,0.30577,0.043,-0.33652,0.085316,-0.01262,0.35437,0.12001,-0.062674,0.00011838,0.29897,0.045022,0,0.23106,0,-0.086419,0.14959,-0.022171,0.080457,0.14991,-0.00055714,-0.1186,-0.34607,-0.063593,0.084662,-0.37029,-0.047403,-0.082016,-0.73372,0.13118,0.049192,-0.7592,0.11882
0.021594,0.86363,0.0080962,0.017923,0.68299,0.039263,-0.17636,0.56563,0.0015152,0.18601,0.56881,0.023665,-0.28457,0.30304,0.053953,0.26326,0.30755,0.039903,-0.33005,0.081966,0.035605,0.3531,0.10401,-0.01199,0.00059876,0.31327,0.044573,0,0.24545,0,-0.087333,0.16797,-0.016915,0.080412,0.16225,-0.0013124,-0.11842,-0.25807,-0.10758,0.084761,-0.28689,-0.091093,-0.04172,-0.62441,0.1124,0.027001,-0.66528,0.11549
0.021816,0.87424,0.0043438,0.020342,0.69483,0.035427,-0.17442,0.57407,-0.0013638,0.18537,0.57236,0.018684,-0.27665,0.31514,0.067207,0.26175,0.31261,0.052985,-0.32831,0.095352,0.056533,0.33909,0.10055,0.045411,0.0010443,0.32258,0.044931,0,0.2538,0,-0.087132,0.17747,-0.015536,0.079666,0.17068,-0.0010467,-0.12023,-0.23322,-0.1359,0.085819,-0.23818,-0.13278,-0.029524,-0.49109,0.014587,0.048399,-0.57192,0.13753
0.021664,0.87453,-0.0011095,0.019899,0.69553,0.030109,-0.17473,0.57694,-0.0033229,0.18641,0.57414,0.0154,-0.27773,0.3144,0.07328,0.26172,0.31826,0.08417,-0.33691,0.10402,0.11667,0.34891,0.10312,0.096995,0.0011641,0.32771,0.043839,0,0.25965,0,-0.087684,0.18259,-0.014827,0.079798,0.17504,-0.0011714,-0.12043,-0.22657,-0.14044,0.085607,-0.23179,-0.13921,-0.053601,-0.52126,0.16403,0.041412,-0.53368,0.16255
0.021658,0.87478,-0.0032705,0.025209,0.69575,0.034183,-0.17365,0.57463,-0.0037067,0.1886,0.57393,0.018461,-0.27755,0.32209,0.10502,0.25981,0.31367,0.090799,-0.35131,0.11443,0.14119,0.35213,0.10888,0.11913,0.0014038,0.3276,0.045085,0,0.25978,0,-0.088434,0.18249,-0.016542,0.079557,0.17518,7.5238e-05,-0.1198,-0.22699,-0.14083,0.084358,-0.23408,-0.13173,-0.052067,-0.52877,0.1574,0.046368,-0.56246,0.14483
0.023545,0.87174,-0.0013657,0.02719,0.69016,0.03862,-0.17167,0.56924,0.0015752,0.19188,0.57135,0.029609,-0.28636,0.32983,0.12411,0.26284,0.30981,0.1103,-0.37709,0.12821,0.15727,0.36663,0.11634,0.15029,0.0010066,0.32212,0.046468,0,0.25455,0,-0.088352,0.1759,-0.017989,0.078878,0.17071,-0.00030095,-0.12035,-0.2842,-0.10238,0.081725,-0.30574,-0.09818,-0.056576,-0.64576,0.12925,0.050664,-0.67642,0.12644
0.028319,0.851,0.0054562,0.031089,0.67424,0.047141,-0.1726,0.55839,0.0094886,0.19149,0.56017,0.036894,-0.29658,0.3247,0.13624,0.26513,0.30178,0.13019,-0.4131,0.13583,0.16572,0.39313,0.12273,0.1682,0.001838,0.29831,0.048915,0,0.22945,0,-0.088251,0.15194,-0.02119,0.076595,0.14334,-0.0012448,-0.1209,-0.37999,-0.059812,0.07977,-0.39583,-0.06707,-0.078939,-0.77683,0.11951,0.061696,-0.7842,0.11384
0.033921,0.82113,0.014954,0.03509,0.63491,0.059296,-0.16209,0.52252,0.022503,0.19896,0.51328,0.057738,-0.30769,0.30463,0.15364,0.27806,0.27379,0.16064,-0.4711,0.15088,0.16817,0.4424,0.12364,0.18685,0.0013892,0.25385,0.051377,0,0.18603,0,-0.087231,0.10953,-0.024402,0.074498,0.10308,-0.0017257,-0.10635,-0.46509,-0.0076514,0.077167,-0.47264,-0.019309,-0.093456,-0.90205,0.076983,0.085556,-0.89823,0.0558
0.037816,0.76452,0.023684,0.03752,0.52979,0.053346,-0.16027,0.51856,0.034712,0.20672,0.4669,0.065841,-0.30593,0.29193,0.15317,0.29039,0.23824,0.1634,-0.48738,0.15867,0.16173,0.48184,0.12142,0.17929,0.0016208,0.2008,0.050895,0,0.14861,0,-0.085936,0.08091,-0.024068,0.069719,0.05152,-0.0043638,-0.11027,-0.49354,-0.0056638,0.077191,-0.51541,-0.01485,-0.09703,-0.90566,0.053724,0.081417,-0.9377,0.05279
0.035417,0.70114,0.031305,0.04012,0.52606,0.053169,-0.1554,0.51048,0.042478,0.20504,0.39851,0.069345,-0.3058,0.27197,0.13506,0.31278,0.1761,0.16403,-0.51855,0.18185,0.12752,0.52987,0.12451,0.11262,0.0017058,0.16006,0.052114,0,0.092871,0,-0.0869,0.019486,-0.024018,0.070495,0.00068586,-0.0044248,-0.11025,-0.51727,-0.019256,0.077599,-0.53225,-0.028671,-0.093267,-0.90844,0.056127,0.079009,-0.93775,0.051538
0.026627,0.63666,0.019583,0.038202,0.45307,0.062364,-0.16626,0.33806,0.030905,0.19544,0.34388,0.061819,-0.35865,0.16934,0.14007,0.31251,0.13383,0.13544,-0.57648,0.19285,0.069667,0.53166,0.13957,0.065545,0.0025845,0.080004,0.053302,0,0.014496,0,-0.088182,-0.063429,-0.023661,0.074152,-0.068649,-0.0042505,-0.11579,-0.53004,-0.04119,0.065672,-0.54952,-0.054598,-0.082035,-0.92614,0.073876,0.044847,-0.92581,0.066016
0.022017,0.60134,0.01606,0.033399,0.40532,0.049388,-0.16988,0.28706,0.01632,0.18671,0.3101,0.061042,-0.36474,0.13665,0.092493,0.31671,0.12107,0.10846,-0.56768,0.20628,0.0068752,0.52187,0.1542,0.00011333,0.00021647,0.039698,0.051607,0,-0.026228,0,-0.087186,-0.10632,-0.026867,0.07488,-0.10974,0.0045057,-0.11512,-0.55049,-0.0651,0.05875,-0.56176,-0.077104,-0.080661,-0.92938,0.056937,0.030036,-0.9294,0.047889
0.019386,0.56038,0.022728,0.0071908,0.3689,0.029974,-0.17468,0.27625,0.011702,0.19618,0.27365,0.056367,-0.37087,0.12462,0.056574,0.3312,0.091349,0.079408,-0.54813,0.22267,-0.05785,0.51401,0.18062,-0.064417,-0.0022234,0.029829,0.049595,0,-0.035365,0,-0.086938,-0.12011,-0.023632,0.080783,-0.12409,0.0085476,-0.1023,-0.56464,-0.079638,0.059339,-0.55869,-0.086608,-0.072976,-0.93265,0.044073,0.029645,-0.92726,0.03608
0.018404,0.56071,0.019993,0.0075084,0.36944,0.02728,-0.17583,0.27492,0.0088724,0.19648,0.27229,0.050442,-0.37461,0.11973,0.048772,0.35504,0.079545,0.050178,-0.52158,0.22437,-0.10138,0.48922,0.19575,-0.10373,-0.0022307,0.027697,0.048104,0,-0.037992,0,-0.08743,-0.12308,-0.021921,0.081579,-0.12569,0.007059,-0.098073,-0.5669,-0.079059,0.060254,-0.55908,-0.086837,-0.068115,-0.93795,0.043071,0.024864,-0.91915,0.027644
0.022685,0.60636,0.028485,0.014695,0.40962,0.03024,-0.17392,0.29231,0.0055486,0.19375,0.29029,0.034769,-0.3676,0.13894,0.037089,0.31759,0.10411,0.066797,-0.49732,0.22652,-0.13985,0.46842,0.21654,-0.15639,-0.0008307,0.040281,0.047616,0,-0.026428,0,-0.087934,-0.10547,-0.019252,0.08103,-0.11237,0.005819,-0.10362,-0.54282,-0.043551,0.067661,-0.55949,-0.068803,-0.064765,-0.93804,0.042334,0.023218,-0.93094,0.036302
0.015629,0.65825,0.030254,0.015433,0.47526,0.037951,-0.17434,0.37239,0.0096114,0.19112,0.36299,0.023441,-0.32335,0.20975,0.048199,0.30875,0.17351,0.034001,-0.46038,0.21609,-0.1452,0.42976,0.22362,-0.16396,0.00069677,0.10914,0.049436,0,0.042399,0,-0.086777,-0.03785,-0.022286,0.080888,-0.04251,0.0026019,-0.10976,-0.54053,0.0057686,0.083797,-0.52764,-0.024639,-0.069694,-0.93514,0.046619,0.036441,-0.92874,0.035068
0.014711,0.73113,0.047228,0.0073283,0.54559,0.051696,-0.17843,0.43978,0.022002,0.18625,0.44025,0.035604,-0.33229,0.28206,0.045575,0.31217,0.25447,0.035584,-0.4569,0.19993,-0.1378,0.41511,0.21838,-0.17601,-0.00049112,0.17007,0.051981,0,0.10311,0,-0.081595,0.022765,-0.026316,0.078858,0.01822,0.001919,-0.10906,-0.53566,0.037295,0.082961,-0.5277,0.010498,-0.09873,-0.90974,0.021579,0.081373,-0.9214,0.018262
