-0.1172366,0.461306,3.16551,-0.1265693,0.287931,3.167332,-0.3119814,0.1921723,3.156229,0.05805017,0.1711779,3.208188,-0.5557663,0.08022875,3.189011,0.2501982,0.08329053,3.270221,-0.7227792,0.1938177,3.096632,0.4438977,0.1902324,3.2286,-0.1336833,-0.02887085,3.187192,-0.1293081,-0.08903294,3.152046,-0.2136752,-0.1757952,3.122531,-0.04793727,-0.1818146,3.171475,-0.2309347,-0.6150974,3.121221,-0.07019253,-0.6376442,3.145011,-0.2084211,-1.002832,3.240954,-0.1228844,-1.006295,3.252676
-0.1177397,0.4436365,3.177312,-0.1421895,0.2684448,3.18384,-0.3206693,0.1660037,3.162992,0.05767049,0.1628457,3.212794,-0.5595363,0.09783716,3.157682,0.2832484,0.1015057,3.249874,-0.6946908,0.2370982,3.04767,0.4409434,0.232623,3.165956,-0.1403832,-0.04777845,3.194505,-0.134917,-0.1067437,3.157686,-0.2167825,-0.1900025,3.126771,-0.05099271,-0.1971823,3.17252,-0.2361834,-0.6229938,3.114293,-0.07051611,-0.6400948,3.14265,-0.21019,-1.006451,3.244868,-0.1237254,-1.00642,3.25232
-0.1245599,0.4539661,3.208774,-0.1365733,0.2780972,3.194959,-0.3204526,0.1701484,3.165852,0.0556016,0.1662966,3.216289,-0.5413805,0.08659456,3.155544,0.2707469,0.1022996,3.224931,-0.6513881,0.2200359,3.006991,0.4205872,0.2461077,3.089365,-0.1398955,-0.04758942,3.198452,-0.1345277,-0.1064334,3.159598,-0.2165347,-0.1898337,3.128528,-0.05096437,-0.1964874,3.173148,-0.2441175,-0.6240693,3.117985,-0.07036199,-0.6393867,3.1435,-0.2105348,-1.008195,3.245843,-0.1279239,-1.006648,3.253233
-0.1301257,0.5267409,3.242954,-0.1450626,0.3506118,3.228492,-0.3110065,0.2260128,3.175913,0.04772602,0.2307563,3.224709,-0.4950804,0.1113004,3.149756,0.2362748,0.123622,3.195908,-0.6242358,0.1909,2.982075,0.3774914,0.2006361,3.037731,-0.1356109,0.006256423,3.213025,-0.1277827,-0.05439392,3.168578,-0.204131,-0.1361737,3.132449,-0.04441982,-0.1370218,3.175239,-0.2377097,-0.6177944,3.16431,-0.06854663,-0.6215706,3.180378,-0.2100708,-1.010958,3.246385,-0.1306686,-1.006995,3.25315
-0.1200845,0.5920143,3.25307,-0.1342146,0.4171209,3.245771,-0.3062526,0.2929799,3.185964,0.05188771,0.2988347,3.225348,-0.4731672,0.1589694,3.127048,0.2002484,0.1416553,3.184311,-0.5963625,0.1433718,2.936725,0.3480011,0.1322962,3.013332,-0.1301708,0.06128318,3.221716,-0.1245111,-0.0006323829,3.174517,-0.1999386,-0.08090412,3.143644,-0.04534707,-0.08122858,3.173069,-0.2269611,-0.6150308,3.18688,-0.06553968,-0.606619,3.211226,-0.205965,-1.012551,3.247112,-0.132643,-1.005388,3.236536
-0.1244008,0.6394469,3.257866,-0.1314423,0.463128,3.249661,-0.2958651,0.3535861,3.184371,0.04622717,0.347782,3.215847,-0.4555806,0.1693866,3.130198,0.1692597,0.1694639,3.187516,-0.5724658,0.08375619,2.956418,0.2895501,0.07713356,3.020067,-0.1258236,0.09556901,3.225922,-0.1203199,0.03151341,3.17775,-0.1924162,-0.04367235,3.149545,-0.04319394,-0.0409109,3.176098,-0.1953273,-0.5786366,3.195427,-0.06112208,-0.5754843,3.22287,-0.1974054,-1.011041,3.253797,-0.1381751,-1.000786,3.233745
-0.1188433,0.6784248,3.263022,-0.1326163,0.499652,3.248272,-0.2911002,0.383305,3.181291,0.04291553,0.3653086,3.216791,-0.4248522,0.1820254,3.148994,0.1280947,0.1503031,3.199602,-0.5371096,0.02671416,3.035319,0.2505615,0.008382623,3.075952,-0.1302575,0.1345221,3.227556,-0.1242709,0.07048765,3.179196,-0.1955574,-0.002453894,3.146682,-0.04945935,-0.008865384,3.182385,-0.189943,-0.5381991,3.188325,-0.08263965,-0.5449312,3.208925,-0.1848637,-0.9490642,3.270047,-0.1232648,-0.94888,3.271522
-0.1116299,0.6985462,3.254549,-0.1288747,0.5229979,3.241883,-0.2734543,0.4301436,3.178391,0.04345708,0.4024605,3.21658,-0.3989823,0.1701155,3.166317,0.1180349,0.1403656,3.201296,-0.5042262,-0.01474184,3.112309,0.202287,-0.05459346,3.145614,-0.1270781,0.1794271,3.227096,-0.1202005,0.1206623,3.179707,-0.1883537,0.05029153,3.147383,-0.0495395,0.04476407,3.186447,-0.2041136,-0.4841687,3.157596,-0.05998221,-0.4892773,3.189838,-0.1848709,-0.8417611,3.277931,-0.1208313,-0.8765336,3.273281
-0.1054607,0.7133199,3.250019,-0.1178426,0.5385127,3.244856,-0.2727736,0.4307887,3.178265,0.04418365,0.4109608,3.213114,-0.3862111,0.1624378,3.187411,0.1078867,0.1277531,3.230338,-0.472952,-0.03510974,3.196074,0.164142,-0.07988623,3.244596,-0.1213987,0.190919,3.231189,-0.1161249,0.1305957,3.182815,-0.184555,0.06147767,3.151763,-0.04616947,0.0556758,3.188478,-0.2156903,-0.4382349,3.137043,-0.05085914,-0.451901,3.164063,-0.1841788,-0.821069,3.27085,-0.1112835,-0.8381712,3.277423
-0.0981047,0.7177909,3.248751,-0.1188645,0.5424709,3.242504,-0.2687365,0.4319098,3.17698,0.04480477,0.4113574,3.214732,-0.3736444,0.1646906,3.212977,0.1056527,0.1345685,3.250571,-0.4497983,-0.01603945,3.293257,0.1351388,-0.07191177,3.297428,-0.1208479,0.191801,3.232607,-0.1143859,0.1308286,3.184471,-0.1825066,0.06146507,3.152758,-0.0428835,0.05621713,3.193938,-0.2146625,-0.4301935,3.132087,-0.04925423,-0.4500217,3.161637,-0.1818716,-0.8100566,3.273102,-0.09998723,-0.8050463,3.300988
-0.09244605,0.7205086,3.246232,-0.1183151,0.5421824,3.235643,-0.2627528,0.4373925,3.176527,0.05041674,0.4105796,3.217316,-0.3725758,0.1794989,3.239064,0.1044041,0.1399262,3.283059,-0.4513285,-0.006964042,3.320688,0.1611286,-0.04429847,3.370095,-0.1210855,0.1882375,3.233553,-0.1141569,0.1238946,3.186363,-0.1835852,0.05419876,3.160297,-0.04231668,0.04785795,3.193918,-0.2115017,-0.4370593,3.130753,-0.0466717,-0.4569606,3.159538,-0.1763427,-0.8162153,3.27331,-0.09837116,-0.8087929,3.298924
-0.06153385,0.7081841,3.250295,-0.1141924,0.5394437,3.23499,-0.2587171,0.4348654,3.176733,0.06065236,0.3900774,3.225999,-0.3720393,0.1816646,3.248553,0.1165267,0.12845,3.30938,-0.4755364,0.006065848,3.331945,0.1962713,-0.01838022,3.435373,-0.1214219,0.1695158,3.235433,-0.1148718,0.1001002,3.188522,-0.1863101,0.03348965,3.162759,-0.04492898,0.02066387,3.195657,-0.1950895,-0.5024804,3.149807,-0.05309289,-0.5185615,3.177349,-0.1464351,-0.8807142,3.247066,-0.07449982,-0.8104236,3.273457
-0.06878313,0.688574,3.225107,-0.09324558,0.4561017,3.222945,-0.2256791,0.4164921,3.17011,0.06241103,0.3602319,3.223023,-0.3674787,0.1879331,3.263254,0.1361381,0.1378032,3.326525,-0.5207855,0.007261268,3.328567,0.2448,-0.0107065,3.429054,-0.1166219,0.1133384,3.23177,-0.1108474,0.05082181,3.185815,-0.1798761,-0.001998575,3.167347,-0.04808459,-0.01605358,3.188469,-0.1935812,-0.5413339,3.167665,-0.06303351,-0.5553766,3.18789,-0.1342564,-0.9465161,3.216654,-0.09242983,-0.9731917,3.281967
-0.06300022,0.6292442,3.225299,-0.09304178,0.4569151,3.223026,-0.2267498,0.4184412,3.172627,0.06527071,0.3162859,3.218714,-0.3771659,0.1885576,3.251495,0.1574136,0.1157817,3.339967,-0.5791866,-0.001222729,3.295415,0.3162482,0.001702696,3.421473,-0.1163403,0.1134605,3.232121,-0.1108435,0.05092323,3.185756,-0.1794983,-0.007065318,3.162004,-0.04847545,-0.01893528,3.190722,-0.1905967,-0.5465472,3.168763,-0.06200472,-0.5586057,3.188761,-0.1443213,-0.9932965,3.222253,-0.08155945,-0.9665825,3.24433
-0.06036799,0.5901253,3.224377,-0.05634365,0.3998507,3.234997,-0.2098902,0.3973581,3.170867,0.08721216,0.254554,3.251226,-0.3845016,0.1772403,3.231328,0.204961,0.07505488,3.347568,-0.627194,0.01625444,3.256283,0.4104533,0.02026235,3.378241,-0.1146506,0.1072835,3.234255,-0.1075348,0.04950271,3.18756,-0.1752511,-0.0116575,3.161049,-0.04860449,-0.02639937,3.19524,-0.1890227,-0.5513349,3.164279,-0.05886158,-0.5663899,3.183039,-0.1562736,-0.9956661,3.23091,-0.08342174,-0.9725957,3.246669
-0.05425001,0.5113181,3.22771,-0.07197915,0.3405631,3.237898,-0.2348647,0.2637758,3.180269,0.08572757,0.196757,3.259767,-0.4452802,0.07945439,3.245019,0.2333086,0.05358659,3.345517,-0.6684698,0.04323125,3.18786,0.450268,0.06075433,3.328243,-0.1011917,0.02117972,3.24631,-0.09307503,-0.03660575,3.199941,-0.1662246,-0.118799,3.142416,-0.02966422,-0.1285301,3.234077,-0.1923835,-0.6097525,3.153346,-0.03989762,-0.6180611,3.167363,-0.1600354,-0.9989721,3.232197,-0.08460948,-1.010115,3.252494
-0.06729751,0.4808057,3.241566,-0.07783116,0.3015551,3.249496,-0.2322715,0.2090666,3.185531,0.08659057,0.1503267,3.281868,-0.4652823,0.045505,3.233201,0.2623739,0.03562418,3.312609,-0.6660131,0.06931743,3.141133,0.4549103,0.1205655,3.246305,-0.1076519,-0.05388009,3.251509,-0.09701897,-0.1178903,3.20407,-0.1734053,-0.1872124,3.170395,-0.02737831,-0.1993455,3.216213,-0.1960565,-0.6196697,3.147282,-0.03576703,-0.6212385,3.165526,-0.158207,-1.010607,3.250769,-0.08518246,-1.011738,3.256497
-0.08202787,0.4581179,3.246042,-0.0971999,0.2819407,3.253643,-0.2831928,0.1524075,3.206705,0.08587343,0.1518433,3.280235,-0.4841411,0.02824551,3.227319,0.2637511,0.03160071,3.287194,-0.6357203,0.09980254,3.076694,0.4309196,0.1560886,3.178166,-0.104801,-0.05713065,3.254911,-0.09801023,-0.1187523,3.205797,-0.1774783,-0.1954187,3.176016,-0.02597433,-0.2008358,3.216755,-0.1974376,-0.6239533,3.147149,-0.03274768,-0.6245267,3.167593,-0.1635422,-1.010757,3.25429,-0.08486731,-1.010689,3.263354
-0.09895515,0.4884261,3.275807,-0.1040538,0.3101013,3.264929,-0.2815961,0.1852906,3.21151,0.07357706,0.2023491,3.266129,-0.4700792,0.03460116,3.196205,0.229929,0.05189382,3.253769,-0.6155923,0.09918653,3.036056,0.3836132,0.1448623,3.119316,-0.1086711,-0.04048714,3.262898,-0.102819,-0.1020917,3.212855,-0.1819434,-0.1824956,3.183411,-0.02613234,-0.1837244,3.218941,-0.1984674,-0.6254218,3.159572,-0.03157345,-0.6304451,3.17867,-0.1601065,-1.010229,3.252144,-0.08518136,-1.0136,3.265738
-0.105086,0.5571232,3.279872,-0.112979,0.3849208,3.286915,-0.2708693,0.2593348,3.222821,0.07058283,0.2677998,3.272488,-0.4214942,0.1033654,3.194576,0.1878319,0.08542074,3.243578,-0.5654817,0.05915736,3.025853,0.3237385,0.1035176,3.062854,-0.112378,0.0267673,3.27483,-0.1047903,-0.03497788,3.222499,-0.1801718,-0.1110255,3.193601,-0.02640591,-0.1129121,3.223112,-0.1949508,-0.6134834,3.212105,-0.03411005,-0.6218091,3.228688,-0.1575081,-1.007935,3.250122,-0.08424315,-1.013354,3.265662
-0.0963814,0.609922,3.28877,-0.1079064,0.4389999,3.300017,-0.2600738,0.3166268,3.219181,0.07077384,0.3117983,3.273129,-0.4126978,0.1212846,3.193435,0.1486177,0.110376,3.229165,-0.5216976,0.004830055,3.03392,0.2767127,0.07059394,3.046149,-0.1114778,0.06532317,3.28016,-0.1033713,0.0004426232,3.226466,-0.1770502,-0.06966319,3.197158,-0.02763992,-0.0748035,3.226855,-0.1833532,-0.6088063,3.218086,-0.04141175,-0.6143098,3.238438,-0.1509986,-1.005691,3.257563,-0.08406929,-1.012121,3.265244
-0.08960894,0.6509916,3.311984,-0.1104299,0.4759628,3.300758,-0.2501435,0.3503187,3.220846,0.05980619,0.3719975,3.269581,-0.3926264,0.1340977,3.202042,0.1329283,0.1573724,3.244608,-0.4948231,-0.02413015,3.0821,0.2283975,0.02652617,3.087867,-0.1125013,0.1057352,3.284531,-0.1052604,0.04247535,3.231166,-0.1745655,-0.02747282,3.202066,-0.03475263,-0.02387014,3.23431,-0.1723368,-0.5673514,3.217935,-0.05563706,-0.5637735,3.240551,-0.1281027,-0.9834071,3.285767,-0.07900634,-0.9836971,3.284724
-0.09058999,0.6762751,3.306113,-0.1100582,0.5030347,3.305905,-0.2482117,0.3865233,3.223108,0.0585691,0.3765905,3.268709,-0.3816819,0.1357737,3.207932,0.1306494,0.1521321,3.247335,-0.4688296,-0.0540511,3.137295,0.2112883,-0.01979481,3.130109,-0.1143077,0.1530325,3.289437,-0.1069403,0.09312694,3.235713,-0.174851,0.0255173,3.200123,-0.03769634,0.01567874,3.242032,-0.176194,-0.5041491,3.198906,-0.0474214,-0.5061547,3.222098,-0.1327441,-0.9008677,3.296695,-0.09258197,-0.9071936,3.304234
-0.08706173,0.7009686,3.304335,-0.1083863,0.528123,3.305285,-0.2414052,0.4138409,3.228922,0.05919223,0.4139336,3.281146,-0.3565808,0.1452123,3.229553,0.1082843,0.1246736,3.255054,-0.4523731,-0.04933056,3.214584,0.1854835,-0.07041718,3.187483,-0.1120247,0.1665568,3.29113,-0.1035372,0.10503,3.237771,-0.1702498,0.03925772,3.204914,-0.03367317,0.03503161,3.244223,-0.1869029,-0.473223,3.197256,-0.03540358,-0.471501,3.215354,-0.1568508,-0.8372741,3.315026,-0.08703675,-0.8301582,3.341447
-0.08374594,0.7078787,3.303236,-0.1051407,0.5345757,3.302439,-0.2381365,0.4216396,3.230983,0.06419521,0.4144554,3.294805,-0.3518424,0.1562343,3.258994,0.1102582,0.1245369,3.271519,-0.4386575,-0.03939315,3.290795,0.1734899,-0.08300813,3.256201,-0.110699,0.1740185,3.292605,-0.100315,0.1119274,3.240404,-0.1675667,0.04357824,3.206104,-0.03121464,0.04038876,3.249513,-0.1886496,-0.4704531,3.197793,-0.03446966,-0.4697348,3.215732,-0.1582095,-0.8361171,3.316286,-0.08773652,-0.8287517,3.343834
-0.08059929,0.7096496,3.304907,-0.104587,0.5361931,3.302177,-0.2454452,0.4291251,3.241236,0.06496054,0.4144191,3.299642,-0.3532012,0.1617063,3.272383,0.1141609,0.1258241,3.298479,-0.4389182,-0.03418721,3.308344,0.1942058,-0.07238157,3.35578,-0.1094692,0.176072,3.29426,-0.09988886,0.1138087,3.242206,-0.1674702,0.04511134,3.208551,-0.03075032,0.04069906,3.250824,-0.1928353,-0.4830989,3.206936,-0.03576228,-0.4829509,3.229105,-0.1659509,-0.871421,3.334017,-0.09201524,-0.8503828,3.331983
-0.07750716,0.7013642,3.307988,-0.0948152,0.4897903,3.30602,-0.2438095,0.4272188,3.243968,0.05905171,0.4204081,3.298734,-0.3600558,0.1691165,3.297227,0.1179091,0.1375448,3.326442,-0.4567432,-0.02709052,3.360358,0.2114457,-0.0575881,3.39462,-0.1067445,0.163172,3.298814,-0.09849479,0.1051648,3.246415,-0.1643431,0.03744917,3.21813,-0.03136276,0.03682425,3.251595,-0.1903374,-0.5028687,3.232862,-0.04534962,-0.5043311,3.256989,-0.1552614,-0.9334401,3.306066,-0.0977735,-0.9523994,3.335618
-0.06896459,0.6881828,3.314521,-0.09296664,0.4731676,3.307792,-0.2384894,0.4281912,3.254724,0.06775589,0.3623792,3.305242,-0.359574,0.1714684,3.305759,0.1414879,0.1069286,3.370405,-0.4702933,-0.01635977,3.351987,0.2437423,-0.07846963,3.406095,-0.1089496,0.1471877,3.302572,-0.1007357,0.09161759,3.250452,-0.1670712,0.02600302,3.2201,-0.03713756,0.0134856,3.257871,-0.1925573,-0.5144565,3.238562,-0.04390893,-0.5282135,3.260475,-0.1647801,-0.9195029,3.314027,-0.109144,-0.9323136,3.321351
-0.03487264,0.6261501,3.336156,-0.07985608,0.4338257,3.318554,-0.2030265,0.4376727,3.258106,0.0709859,0.3408078,3.299436,-0.3463044,0.1914039,3.304681,0.141189,0.08970681,3.371017,-0.5373363,-0.02712992,3.337208,0.3026834,-0.03721674,3.428685,-0.1094876,0.09404842,3.307478,-0.1041104,0.0363913,3.254519,-0.1704376,-0.01992075,3.227322,-0.04605648,-0.03642477,3.255711,-0.1980729,-0.5608323,3.240624,-0.04678957,-0.578339,3.261823,-0.1681615,-0.9891146,3.329451,-0.1017835,-0.9799787,3.340432
-0.06079499,0.5831424,3.332238,-0.06079015,0.3736458,3.321406,-0.2147921,0.4195258,3.273584,0.07025349,0.2631979,3.318597,-0.359533,0.1706086,3.30661,0.1594406,0.04273946,3.385164,-0.5833007,-0.0192337,3.306674,0.3554574,-0.03855454,3.418283,-0.1138293,0.08103326,3.310605,-0.1081347,0.02842553,3.257905,-0.1843254,-0.0366248,3.247042,-0.05505905,-0.05601572,3.2467,-0.202583,-0.5786715,3.238509,-0.04871903,-0.5978257,3.25779,-0.1753403,-0.9747778,3.346106,-0.09167837,-1.001491,3.35456
-0.03254966,0.5469034,3.325986,-0.06022523,0.3737523,3.322481,-0.1713446,0.3794324,3.263037,0.0667835,0.2011785,3.31072,-0.3454972,0.1513864,3.300724,0.1877567,-0.0166288,3.372966,-0.5988803,0.005159169,3.261955,0.4011406,0.01729813,3.339183,-0.1182535,-0.000430041,3.312097,-0.1144541,-0.06818191,3.258899,-0.1856118,-0.1227369,3.224483,-0.06082103,-0.1489747,3.268205,-0.211058,-0.6104161,3.235285,-0.04853566,-0.6171599,3.251378,-0.1746669,-1.001825,3.35061,-0.09166935,-1.001568,3.354311
-0.07605405,0.4732177,3.330849,-0.08754601,0.3021574,3.343123,-0.2119282,0.2609318,3.280529,0.06611683,0.1699828,3.33351,-0.4110953,0.05085313,3.30472,0.2061431,-0.01572257,3.365734,-0.6227768,0.008896651,3.202702,0.4074428,0.04084694,3.294847,-0.1185894,-0.05279128,3.323215,-0.1114433,-0.1099353,3.268326,-0.1797413,-0.1715835,3.237128,-0.05219488,-0.1808649,3.272289,-0.2176199,-0.6235411,3.230787,-0.04972399,-0.6250229,3.243291,-0.1742798,-1.002579,3.35103,-0.09229977,-1.001768,3.35342
-0.08591747,0.4610809,3.334756,-0.1111805,0.2784938,3.335008,-0.2804532,0.1586666,3.289298,0.06814517,0.161054,3.336354,-0.4731686,-0.01527732,3.301093,0.2051677,-0.0148304,3.343371,-0.615692,0.05738164,3.141734,0.3957531,0.09994794,3.196542,-0.1156133,-0.05905868,3.325851,-0.1120074,-0.1169705,3.271372,-0.1871497,-0.195207,3.243512,-0.03980746,-0.2013043,3.276531,-0.2210996,-0.6355422,3.234862,-0.04970924,-0.6311233,3.242936,-0.1748702,-1.006746,3.35873,-0.09250403,-1.00215,3.353413
-0.0997842,0.4727079,3.350173,-0.1118859,0.288227,3.339871,-0.2810755,0.1732774,3.292562,0.05807232,0.1801203,3.329572,-0.4556611,-0.01390964,3.292565,0.1716309,-0.004688963,3.308422,-0.5711054,0.0511691,3.108064,0.3535128,0.03169928,3.183168,-0.1157557,-0.05758324,3.328102,-0.1128651,-0.1159095,3.273445,-0.1884553,-0.1930835,3.245352,-0.03999172,-0.1979524,3.278009,-0.2209066,-0.635488,3.243375,-0.05158009,-0.6341218,3.251104,-0.1734421,-1.009551,3.362702,-0.09691003,-1.007766,3.369863
-0.1008104,0.5405246,3.374948,-0.1145837,0.3634028,3.354995,-0.2833373,0.2467258,3.302981,0.05530067,0.2472745,3.330155,-0.4152731,0.05731155,3.288849,0.1205755,0.01916616,3.279602,-0.5363757,0.02487856,3.09912,0.3028178,0.03023904,3.149781,-0.1197646,0.005705044,3.336386,-0.1164205,-0.05447137,3.280964,-0.1929482,-0.1286489,3.250714,-0.0405609,-0.1322789,3.279654,-0.2055873,-0.6233664,3.296678,-0.05140672,-0.6154436,3.300626,-0.1736346,-1.009513,3.364804,-0.09524947,-1.005587,3.367529
-0.1026973,0.6027206,3.374639,-0.1122244,0.4273704,3.369531,-0.2773515,0.3075101,3.301152,0.06015825,0.3052102,3.337231,-0.38174,0.09928135,3.282851,0.1048718,0.09377702,3.288645,-0.5009688,-0.0009783506,3.119303,0.2434518,-0.01114986,3.146304,-0.1164381,0.06014762,3.340931,-0.111373,-0.0007648468,3.28386,-0.1863911,-0.07566614,3.253976,-0.03605613,-0.07610007,3.279208,-0.197157,-0.6139305,3.30759,-0.04916782,-0.6153456,3.323824,-0.172379,-1.002707,3.36367,-0.09405068,-1.00377,3.366053
-0.09994081,0.6382857,3.375775,-0.1121492,0.4276233,3.368595,-0.2677073,0.3640005,3.299788,0.04961037,0.3604192,3.331427,-0.3411924,0.1311675,3.282406,0.1063488,0.109288,3.29242,-0.4622731,-0.01938662,3.171288,0.2194549,-0.03009576,3.158087,-0.116905,0.08598779,3.340495,-0.1125369,0.03692272,3.284567,-0.1828855,-0.02496761,3.256642,-0.04236199,-0.03431838,3.27955,-0.1930666,-0.5638995,3.307936,-0.05383886,-0.5739144,3.324742,-0.1677277,-0.9688171,3.363257,-0.1020384,-0.9937201,3.363226
-0.09842938,0.6932623,3.373304,-0.1077623,0.517606,3.36701,-0.2612854,0.3857567,3.296972,0.05139564,0.3819214,3.320224,-0.3584017,0.127943,3.287398,0.1062984,0.127588,3.301687,-0.4617298,-0.05823603,3.233661,0.1824057,-0.06448975,3.223112,-0.1160898,0.1520658,3.345703,-0.113529,0.09049244,3.289628,-0.1815742,0.02528021,3.272288,-0.04733047,0.01892506,3.278105,-0.1872474,-0.5163932,3.298611,-0.0687767,-0.5210583,3.319455,-0.1806626,-0.8794095,3.382771,-0.09502176,-0.926361,3.378624
-0.09678827,0.7142943,3.363625,-0.1099034,0.541232,3.368754,-0.2475294,0.4353891,3.290524,0.05241283,0.3991792,3.325097,-0.3480017,0.1606722,3.289784,0.1054982,0.127553,3.30805,-0.4340318,-0.03757959,3.308571,0.1580286,-0.08229709,3.278844,-0.118862,0.1796715,3.345803,-0.1128981,0.1192393,3.289769,-0.179226,0.05604244,3.262509,-0.04732723,0.04967155,3.287473,-0.1984002,-0.4859698,3.282438,-0.05430562,-0.4927343,3.305708,-0.174991,-0.8736571,3.387057,-0.09429131,-0.8485224,3.375515
-0.09771436,0.7205778,3.358829,-0.1073861,0.5470514,3.363304,-0.2477871,0.4355375,3.290538,0.05391638,0.4075105,3.323099,-0.3493083,0.162075,3.299613,0.1110235,0.1243961,3.344009,-0.4324988,-0.03268346,3.334494,0.1540883,-0.08647048,3.359562,-0.1177995,0.1801811,3.3461,-0.1123233,0.1183654,3.29021,-0.1795773,0.05435954,3.263355,-0.04485533,0.04700068,3.289581,-0.2015719,-0.4698091,3.276655,-0.05383337,-0.4756866,3.296677,-0.1835924,-0.8078913,3.396677,-0.09296051,-0.8281392,3.40006
-0.09116746,0.7241112,3.359,-0.1043614,0.5496914,3.358933,-0.2498677,0.4391677,3.292562,0.05955151,0.4274862,3.346041,-0.3598354,0.1719418,3.32087,0.1063748,0.1402946,3.361954,-0.4413752,-0.01438995,3.385457,0.1596856,-0.06764713,3.382237,-0.1192318,0.1847926,3.346641,-0.1117881,0.1227452,3.292182,-0.1805236,0.0588849,3.26852,-0.04447161,0.04918867,3.290439,-0.202008,-0.4698307,3.276213,-0.05413298,-0.4737717,3.295602,-0.1808311,-0.816101,3.395774,-0.09355807,-0.8254377,3.39984
-0.09388677,0.7236991,3.353944,-0.1050508,0.550291,3.358514,-0.2501597,0.4391114,3.29274,0.06268277,0.4166751,3.339509,-0.3676539,0.1815754,3.346338,0.1078935,0.1337276,3.379358,-0.4692678,-0.00434304,3.440676,0.2070728,-0.04488418,3.440193,-0.1192557,0.1862539,3.347445,-0.1127355,0.1241675,3.293217,-0.1814757,0.05960731,3.26923,-0.04534674,0.04967757,3.291738,-0.2035827,-0.4834464,3.277172,-0.05778147,-0.4936077,3.299296,-0.1692548,-0.8580083,3.378658,-0.09452402,-0.8380816,3.39857
-0.08764723,0.7103353,3.352404,-0.109846,0.4832602,3.330202,-0.2482682,0.4387749,3.293502,0.06282115,0.4122332,3.339212,-0.366197,0.1873133,3.364128,0.1176712,0.1349226,3.394064,-0.4905822,0.004575343,3.416289,0.2407328,-0.02565917,3.460125,-0.1219002,0.1694768,3.346837,-0.1151909,0.1118881,3.295224,-0.1829276,0.04739084,3.277693,-0.04974768,0.03709868,3.292566,-0.200505,-0.4956435,3.296239,-0.06598485,-0.5057601,3.314677,-0.1580839,-0.9410077,3.351126,-0.1228625,-0.9501172,3.397424
-0.07685575,0.6813816,3.34773,-0.09025736,0.4533256,3.348502,-0.2313659,0.4352017,3.292123,0.0679732,0.3530503,3.338564,-0.372977,0.1963394,3.362813,0.1397252,0.1082682,3.41614,-0.5726186,-0.0007972605,3.409401,0.3037921,-0.02113819,3.462279,-0.1156711,0.1107364,3.350347,-0.1104932,0.050925,3.298538,-0.1796181,-0.01006337,3.274581,-0.04896602,-0.02281219,3.300597,-0.2251985,-0.5131927,3.282455,-0.06528674,-0.5661753,3.316667,-0.1703185,-0.9202857,3.344077,-0.1068145,-0.9781674,3.360803
-0.09127242,0.6161254,3.348263,-0.07021018,0.4059414,3.352005,-0.2305228,0.4289174,3.295789,0.06337485,0.2934451,3.330899,-0.377621,0.1885042,3.35331,0.1628472,0.07396708,3.412918,-0.6050642,0.01417009,3.340523,0.3718833,0.01581067,3.393552,-0.1152979,0.1067659,3.350646,-0.1107624,0.05007258,3.29875,-0.1814405,-0.01558715,3.269041,-0.05286588,-0.02868882,3.305578,-0.2029227,-0.5588503,3.28753,-0.06799801,-0.572823,3.309004,-0.1854856,-1.007095,3.38647,-0.1071327,-1.008851,3.382005
-0.07570878,0.5804189,3.349973,-0.07771337,0.4044669,3.345223,-0.2372952,0.4229605,3.291749,0.06823689,0.2404522,3.350805,-0.3913843,0.1792849,3.323878,0.1745474,0.04276267,3.397462,-0.6415173,0.03361133,3.282913,0.3901491,0.04281732,3.358007,-0.1206505,0.100484,3.349713,-0.1126036,0.04425464,3.299438,-0.1851504,-0.02912271,3.266844,-0.05553186,-0.04929921,3.311206,-0.2087056,-0.572543,3.283124,-0.066613,-0.593856,3.304684,-0.1867524,-0.9993383,3.37703,-0.1080346,-1.003214,3.381731
-0.07996836,0.5111334,3.346228,-0.08931471,0.3406627,3.362558,-0.1832624,0.3445933,3.303745,0.0674306,0.182832,3.352217,-0.3832403,0.1323861,3.315392,0.2112871,0.006451954,3.373986,-0.6247956,0.06506701,3.227172,0.4061647,0.0727626,3.291861,-0.1196562,0.0305789,3.364773,-0.1101211,-0.02336211,3.314588,-0.1701197,-0.1015621,3.24012,-0.06042369,-0.1253902,3.358985,-0.2184222,-0.6242139,3.273819,-0.06233281,-0.6274272,3.296089,-0.178377,-1.009237,3.381792,-0.1041142,-1.006906,3.384421
-0.09822232,0.4722949,3.369119,-0.1181278,0.2957118,3.354275,-0.2809698,0.1822708,3.30439,0.06536466,0.1800562,3.353556,-0.4651873,0.02606049,3.31779,0.1938494,-0.04796423,3.361958,-0.6081595,0.08294293,3.151704,0.3549366,0.09120177,3.241665,-0.1243841,-0.05451967,3.358596,-0.1177155,-0.1165058,3.307154,-0.1954626,-0.1922874,3.279079,-0.0398129,-0.1960627,3.312661,-0.2214949,-0.6295106,3.274542,-0.05960868,-0.6336696,3.296335,-0.1778853,-1.011301,3.38267,-0.1021352,-1.009583,3.386841
-0.1001976,0.4749878,3.371023,-0.1190373,0.2982189,3.354981,-0.2839004,0.1848207,3.307153,0.06192598,0.1878381,3.353661,-0.4532061,0.02303577,3.290073,0.1825256,-0.007957831,3.294866,-0.5820262,0.09595205,3.118414,0.3392386,0.107527,3.185858,-0.1247155,-0.05102764,3.359361,-0.1184492,-0.1127469,3.307845,-0.1964506,-0.1889522,3.280516,-0.04012243,-0.1926418,3.312425,-0.2255178,-0.6306042,3.28072,-0.0580861,-0.6356574,3.299695,-0.1848625,-1.002429,3.383788,-0.1001183,-1.005623,3.390234
-0.105785,0.540313,3.384796,-0.1195241,0.3645508,3.378902,-0.2854617,0.2460708,3.32132,0.05015839,0.2553449,3.356377,-0.4129558,0.04863465,3.292381,0.13996,0.05893622,3.309245,-0.52452,0.07557721,3.095343,0.2799279,0.06231834,3.130569,-0.1244093,0.006612932,3.364764,-0.11991,-0.0541651,3.309769,-0.1948912,-0.1280069,3.282687,-0.04506746,-0.1306803,3.307441,-0.2237449,-0.6261017,3.304273,-0.05891516,-0.6304685,3.317599,-0.1829369,-1.013072,3.392664,-0.1016219,-1.009464,3.393848
-0.09741684,0.6083823,3.395591,-0.1100386,0.4322378,3.388402,-0.2757473,0.3102298,3.316804,0.05993971,0.3090879,3.357465,-0.38631,0.1235654,3.288588,0.08621603,0.09492633,3.309544,-0.4844957,0.00575538,3.122328,0.2395733,0.02849562,3.1584,-0.1221827,0.06198312,3.363246,-0.117916,-0.0001464486,3.306396,-0.1932389,-0.07342824,3.278582,-0.04531524,-0.07628647,3.301457,-0.2076092,-0.6149454,3.324885,-0.05651224,-0.6190634,3.335643,-0.181913,-1.000724,3.38581,-0.10227,-1.008782,3.393631
-0.1006277,0.6406615,3.41441,-0.1092707,0.4317041,3.386034,-0.2670768,0.3592354,3.309349,0.05593672,0.3517378,3.353242,-0.3817831,0.1299364,3.288857,0.1050232,0.1226772,3.315481,-0.4746039,-0.0103756,3.139102,0.2184278,-5.992502E-05,3.164353,-0.1222926,0.08225679,3.362043,-0.1173611,0.03032851,3.306562,-0.1907127,-0.03776709,3.278274,-0.04757345,-0.0426032,3.303514,-0.1933512,-0.5798087,3.324901,-0.06246003,-0.5857919,3.336226,-0.1678486,-0.9933859,3.373849,-0.1088218,-1.010299,3.380215
-0.09866998,0.6849778,3.395613,-0.114504,0.4573543,3.379167,-0.2587484,0.3780569,3.308206,0.0522746,0.3761113,3.350162,-0.3780922,0.1306496,3.290972,0.1056064,0.1259402,3.316878,-0.4606892,-0.05706511,3.207358,0.1803925,-0.06356111,3.229447,-0.1228552,0.1242068,3.36108,-0.1168562,0.06592939,3.306166,-0.1851807,0.001266124,3.277555,-0.0489918,-0.003427562,3.305436,-0.1891374,-0.5396615,3.301974,-0.08692061,-0.546863,3.321396,-0.1543128,-0.9240217,3.355564,-0.1050057,-0.9338288,3.360115
-0.09564447,0.7174362,3.386208,-0.1057883,0.5416198,3.382345,-0.2523474,0.4084943,3.307104,0.05311973,0.39114,3.347276,-0.3691309,0.1397587,3.301294,0.1055247,0.1251906,3.330786,-0.4514402,-0.05832082,3.321645,0.1694894,-0.08180261,3.304963,-0.1184639,0.1532876,3.361626,-0.113318,0.08589167,3.305841,-0.1831197,0.02173032,3.276657,-0.04528014,0.01165582,3.306539,-0.2003804,-0.5059717,3.283036,-0.0719834,-0.4997665,3.297037,-0.1638749,-0.8622766,3.371729,-0.08965212,-0.8723019,3.35993
-0.09384021,0.7193505,3.374845,-0.1042627,0.5457265,3.381082,-0.2471042,0.4238131,3.303171,0.05701277,0.4139968,3.355541,-0.3620477,0.1559319,3.314692,0.1061502,0.1299878,3.367469,-0.448339,-0.02878214,3.376667,0.1668824,-0.07535793,3.390722,-0.1171064,0.1774974,3.361632,-0.1099593,0.1173132,3.306668,-0.179574,0.0484059,3.271539,-0.04307265,0.04469535,3.31466,-0.2158159,-0.4733584,3.264003,-0.06349654,-0.4815119,3.287052,-0.1824308,-0.8291872,3.37794,-0.09139147,-0.8475319,3.375866
-0.08706398,0.7208344,3.378683,-0.1042054,0.5467608,3.381222,-0.2478583,0.4250661,3.302654,0.05823705,0.4155378,3.355616,-0.3752508,0.1747062,3.364048,0.1151557,0.1379903,3.396865,-0.4597517,-0.01080397,3.426372,0.1801753,-0.06047285,3.443916,-0.1171743,0.1784836,3.361855,-0.1099915,0.1177132,3.306772,-0.1799589,0.04876771,3.271023,-0.04279544,0.04465839,3.315014,-0.2165711,-0.47258,3.261834,-0.06151283,-0.4818571,3.284755,-0.1822529,-0.8322203,3.363471,-0.0910489,-0.8459752,3.375396
-0.08825691,0.7187916,3.376748,-0.09813051,0.5430958,3.374791,-0.2492474,0.4174687,3.302568,0.0628766,0.4117804,3.356839,-0.3774253,0.1740775,3.38142,0.1170194,0.1341091,3.412001,-0.4824577,-0.001109928,3.44293,0.2128696,-0.03207903,3.501374,-0.1168581,0.1714206,3.359132,-0.1109429,0.1067579,3.30393,-0.1838785,0.03691687,3.270734,-0.04312364,0.02861613,3.309229,-0.2133797,-0.5027817,3.258569,-0.05845163,-0.517365,3.286043,-0.1717319,-0.8637984,3.331231,-0.08770435,-0.8953471,3.350332
-0.08469749,0.7009306,3.3764,-0.09425597,0.4692361,3.355557,-0.2573911,0.4010453,3.305762,0.06929347,0.3889243,3.359811,-0.3862445,0.1610814,3.391857,0.1406295,0.1267939,3.447622,-0.5359708,0.02094865,3.451377,0.2642587,-0.03348595,3.514269,-0.1160427,0.1530223,3.353404,-0.1107534,0.0976657,3.300834,-0.1842543,0.02873583,3.272765,-0.04278174,0.01542794,3.298101,-0.201343,-0.5175617,3.265528,-0.06235977,-0.5307952,3.289877,-0.1605227,-0.9712226,3.302036,-0.1104656,-0.992138,3.322897
-0.09573693,0.6578089,3.365946,-0.0926625,0.4820881,3.365629,-0.2686743,0.3521743,3.31283,0.06990618,0.347435,3.357134,-0.4198264,0.1289055,3.405681,0.1456723,0.1125323,3.44489,-0.5955879,0.0062126,3.429908,0.3136143,-0.01496027,3.485551,-0.1133763,0.1239357,3.352496,-0.1100429,0.05120743,3.295944,-0.1884492,-0.02274142,3.262447,-0.03828962,-0.02899684,3.297812,-0.2083232,-0.5691718,3.258341,-0.06327647,-0.5752829,3.286965,-0.1682802,-0.9763243,3.303092,-0.109008,-0.9923267,3.325129
-0.07541002,0.6079358,3.371986,-0.04351724,0.4381682,3.383925,-0.2225024,0.3434583,3.298925,0.07343885,0.2906268,3.368826,-0.4040819,0.1369075,3.379018,0.1692745,0.06076106,3.419673,-0.6206079,0.01299389,3.358425,0.3789914,0.002692848,3.410497,-0.1062606,0.096378,3.355865,-0.1050073,0.04082854,3.298541,-0.1814585,-0.02934388,3.25679,-0.04299349,-0.04238797,3.309923,-0.217158,-0.5751873,3.24197,-0.06660213,-0.588262,3.270911,-0.1725089,-0.9810707,3.308235,-0.1091675,-0.9941869,3.316507
-0.1205076,0.534626,3.363169,-0.03909468,0.387264,3.388575,-0.1844177,0.348264,3.301399,0.0792794,0.2107079,3.384511,-0.3755937,0.1357625,3.347564,0.1737755,0.01957041,3.403549,-0.6205894,0.01667916,3.295828,0.388754,0.01387293,3.35664,-0.1217643,0.01482296,3.349652,-0.1172085,-0.05059409,3.293095,-0.1940582,-0.1014387,3.25985,-0.06336254,-0.128695,3.294455,-0.2220883,-0.5977108,3.222773,-0.06762283,-0.6104922,3.255295,-0.1721198,-0.9860663,3.309403,-0.1066807,-0.9947957,3.296664
-0.09945411,0.4909399,3.377249,-0.09301738,0.314548,3.373522,-0.2056772,0.2619527,3.301754,0.06754287,0.1761597,3.370322,-0.4074934,0.05404231,3.330459,0.1909323,-0.01328188,3.370685,-0.6092825,0.01425754,3.226972,0.3732504,0.050696,3.257314,-0.1267564,-0.04541263,3.350345,-0.1168429,-0.106889,3.295605,-0.1861567,-0.1622813,3.264163,-0.05483686,-0.1807585,3.299225,-0.2237901,-0.6063055,3.218446,-0.06553783,-0.61776,3.247245,-0.1779307,-0.9942957,3.319339,-0.1059103,-0.995676,3.291085
-0.09750412,0.4699501,3.3787,-0.1078704,0.2909293,3.375294,-0.2647481,0.1707469,3.312526,0.06596084,0.1679104,3.368411,-0.4494417,-0.01100637,3.32937,0.1758794,-0.02061168,3.345551,-0.5908883,0.01939521,3.153781,0.341967,0.03083414,3.201601,-0.1232942,-0.05789497,3.354261,-0.1179583,-0.1166379,3.298337,-0.192567,-0.188447,3.268758,-0.04995607,-0.1955742,3.300571,-0.2258093,-0.6195067,3.220384,-0.0592935,-0.6260476,3.245273,-0.1778995,-0.994521,3.31956,-0.09794141,-0.9998111,3.331545
-0.09764539,0.4696506,3.389426,-0.1078743,0.2914712,3.376321,-0.2686626,0.1752394,3.313308,0.06169889,0.1735447,3.368296,-0.437823,-0.01400193,3.319249,0.1640549,-0.01857494,3.322026,-0.5433319,0.01404925,3.118055,0.2801861,0.0524945,3.139302,-0.1229812,-0.05782566,3.355599,-0.1175776,-0.1165846,3.299791,-0.192583,-0.1884145,3.269246,-0.04810539,-0.1951705,3.302175,-0.2253441,-0.6203154,3.223582,-0.0563123,-0.6288831,3.247205,-0.1773966,-0.9957597,3.321792,-0.06822853,-0.9455162,3.318575
-0.1006623,0.5324159,3.404795,-0.1055542,0.3562086,3.401775,-0.2694239,0.2283407,3.318939,0.05518521,0.2325626,3.376144,-0.3873237,0.03020628,3.30093,0.112583,0.0130445,3.313751,-0.5096455,-0.006148363,3.111773,0.2214895,0.0242361,3.112802,-0.1206322,-0.01346878,3.367078,-0.1144662,-0.07684258,3.308344,-0.1888052,-0.1470564,3.27396,-0.04293627,-0.1496073,3.308072,-0.223253,-0.6172003,3.259415,-0.0490932,-0.6228136,3.274387,-0.1807542,-0.9917262,3.32077,-0.1057384,-0.9968125,3.346063
-0.1004935,0.591423,3.423554,-0.1129459,0.4137853,3.410151,-0.2689942,0.2905124,3.332281,0.0550462,0.3002989,3.380279,-0.3708132,0.07896431,3.292526,0.09014028,0.07102694,3.317487,-0.477472,-0.03650504,3.129202,0.1671664,0.005529612,3.111958,-0.1184409,0.04749864,3.371348,-0.1119005,-0.01156276,3.312248,-0.1835371,-0.0826415,3.282828,-0.0399127,-0.08338901,3.304473,-0.2053394,-0.6068668,3.287772,-0.05046241,-0.6155406,3.304204,-0.18073,-0.9917274,3.320804,-0.1025819,-0.998318,3.346932
-0.1010763,0.625572,3.428484,-0.1103039,0.4137788,3.40801,-0.2606846,0.3422371,3.32672,0.05456177,0.316902,3.363698,-0.3542999,0.08886576,3.290971,0.09023067,0.08615902,3.301079,-0.4638004,-0.05610412,3.158348,0.1472195,-0.01104555,3.102084,-0.1176859,0.06155252,3.371142,-0.112225,0.008983329,3.313055,-0.183935,-0.05758873,3.281707,-0.04261469,-0.06335641,3.307788,-0.187024,-0.60414,3.295015,-0.05293594,-0.6102082,3.310998,-0.1763808,-0.9885266,3.326339,-0.1029654,-0.9993016,3.346973
-0.09500654,0.6762244,3.420886,-0.1159108,0.5008664,3.416991,-0.2561064,0.3799829,3.32775,0.04568396,0.3661002,3.360999,-0.3561687,0.1030751,3.296185,0.09056338,0.107436,3.297206,-0.4458322,-0.08419085,3.217948,0.132946,-0.07052058,3.166397,-0.1200829,0.1206188,3.378665,-0.1142441,0.05796247,3.319342,-0.18223,-0.006069642,3.285988,-0.04577513,-0.01296431,3.318957,-0.1751991,-0.5332415,3.277129,-0.06312155,-0.5506092,3.308003,-0.1536094,-0.9278356,3.361464,-0.1017754,-0.951773,3.372869
-0.107146,0.6933025,3.421378,-0.1109377,0.5122526,3.415075,-0.2560821,0.3921542,3.32696,0.04138163,0.3811988,3.357241,-0.353765,0.1144306,3.3021,0.09087791,0.1093811,3.304799,-0.4364091,-0.08703616,3.289247,0.1320538,-0.09325632,3.223712,-0.1169534,0.1344273,3.379004,-0.1120568,0.07246245,3.320053,-0.1808532,0.01000716,3.286246,-0.04364437,0.001758775,3.3211,-0.1834883,-0.4827475,3.260255,-0.04772832,-0.4718466,3.276634,-0.1683697,-0.8516441,3.383921,-0.09865311,-0.8733557,3.370748
-0.1065871,0.7062003,3.418898,-0.1093282,0.5295001,3.414416,-0.2559296,0.3988688,3.327928,0.05224662,0.4011459,3.385939,-0.3535104,0.1266921,3.317283,0.09541322,0.1108145,3.334057,-0.4353761,-0.06338491,3.372494,0.1515344,-0.09928812,3.308372,-0.1155326,0.1549043,3.382357,-0.1065369,0.09295307,3.324749,-0.1781002,0.022422,3.287513,-0.03481042,0.02084841,3.329253,-0.1843188,-0.4789456,3.260937,-0.04675111,-0.4711519,3.278077,-0.1693476,-0.8512101,3.383578,-0.1044884,-0.8422642,3.397597
-0.1023208,0.71917,3.417072,-0.1105265,0.5448172,3.42284,-0.2507081,0.4150429,3.330121,0.05298185,0.4046457,3.385427,-0.3697718,0.1542058,3.373759,0.09645044,0.1237316,3.366145,-0.4455302,-0.04492991,3.406821,0.1670361,-0.08214074,3.364874,-0.1166651,0.1568678,3.384754,-0.1073957,0.09401157,3.326507,-0.1799735,0.0262047,3.29192,-0.03524902,0.02180959,3.329991,-0.185704,-0.482353,3.26637,-0.04415897,-0.4833339,3.291541,-0.172287,-0.8513892,3.379327,-0.1029611,-0.8425775,3.392264
-0.1008142,0.7188963,3.418795,-0.1087691,0.5435963,3.420913,-0.2518458,0.4123704,3.329319,0.0507195,0.4055173,3.386772,-0.3810123,0.162595,3.393346,0.103693,0.1186863,3.382461,-0.4636634,-0.02860139,3.444997,0.2116124,-0.06287719,3.423788,-0.1160542,0.1573738,3.385735,-0.1065151,0.09418458,3.328027,-0.1781678,0.02604509,3.293291,-0.03486292,0.0229075,3.33303,-0.184401,-0.5218633,3.292408,-0.05244675,-0.5248588,3.314944,-0.1955631,-0.8649088,3.360923,-0.08760329,-0.8653582,3.378571
-0.1020465,0.7124903,3.417398,-0.1094964,0.5366057,3.417414,-0.2502361,0.40732,3.331599,0.05182602,0.3979782,3.389646,-0.38098,0.1625818,3.407059,0.1111739,0.1177743,3.401454,-0.4924405,-0.01919822,3.440343,0.2457825,-0.04136283,3.453045,-0.1182591,0.1439154,3.387236,-0.1092234,0.07634196,3.330548,-0.178805,0.00902673,3.29949,-0.03944107,0.007321189,3.333305,-0.2045617,-0.514207,3.281082,-0.03328966,-0.5289047,3.321688,-0.2229027,-0.8518077,3.344296,-0.1029545,-0.9378359,3.374881
-0.1148951,0.6829554,3.42064,-0.09824843,0.5085564,3.424747,-0.2780245,0.3537924,3.341422,0.04767252,0.3649538,3.395763,-0.4115887,0.1127713,3.422345,0.12894,0.09340123,3.434392,-0.5735313,-0.03105417,3.43636,0.3132423,-0.01749986,3.458516,-0.1114861,0.1309383,3.393183,-0.1053011,0.0671189,3.335341,-0.1764813,-0.01570852,3.289528,-0.03021647,-0.01671652,3.355142,-0.2094608,-0.5122209,3.278987,-0.05385959,-0.5639743,3.316877,-0.1890146,-0.9215091,3.355892,-0.1074237,-1.017481,3.395421
-0.1249063,0.6133553,3.421534,-0.08053163,0.4465468,3.435521,-0.251478,0.3101342,3.337456,0.05577959,0.291889,3.399584,-0.4262395,0.09521902,3.414847,0.1403558,0.0532505,3.439574,-0.6133512,-0.01708852,3.395506,0.3514374,0.006845783,3.395806,-0.1093391,0.08458574,3.402968,-0.1034518,0.02805675,3.344644,-0.1777474,-0.05559162,3.27783,-0.03679392,-0.05388037,3.373288,-0.2084332,-0.5913367,3.284086,-0.04778964,-0.5839405,3.305425,-0.177997,-0.9628342,3.383235,-0.09649147,-0.9771158,3.396443
-0.1374519,0.5508686,3.414037,-0.1136526,0.3785135,3.423468,-0.250659,0.2844771,3.336975,0.0492518,0.2288884,3.392786,-0.4337386,0.07396564,3.409106,0.1529674,0.009379416,3.411386,-0.6427987,0.008018876,3.329632,0.3702164,0.03120921,3.393955,-0.1252799,0.006111674,3.395983,-0.1152786,-0.05632475,3.339378,-0.1876038,-0.1242684,3.293277,-0.04349156,-0.1323213,3.353397,-0.2098804,-0.6059166,3.285688,-0.04148585,-0.5921175,3.303319,-0.1761861,-0.9887897,3.407448,-0.09581679,-0.9773937,3.39779
-0.09511821,0.5150435,3.422688,-0.1003772,0.338617,3.421933,-0.2340798,0.2806276,3.346951,0.05101702,0.1993422,3.405192,-0.4315507,0.0671761,3.374838,0.1686345,0.005805097,3.399043,-0.6306741,0.03782181,3.27703,0.3703404,0.05618091,3.319055,-0.1250985,-0.03034583,3.396794,-0.1156589,-0.09329578,3.340914,-0.1845941,-0.1488244,3.304729,-0.0513138,-0.1653147,3.346721,-0.2157709,-0.621555,3.288413,-0.03908198,-0.6276011,3.308414,-0.1748891,-0.9982678,3.409383,-0.09538731,-0.9948267,3.407591
-0.1036508,0.4831164,3.430133,-0.132159,0.3085977,3.427626,-0.2810923,0.1870423,3.36395,0.04918532,0.1900887,3.407539,-0.4845659,0.01219366,3.350604,0.1789622,-0.0002201369,3.370997,-0.6335997,0.08850801,3.197447,0.3460059,0.09523223,3.254671,-0.1224552,-0.04230021,3.401634,-0.1163059,-0.1013368,3.344641,-0.1875364,-0.1765868,3.31076,-0.04506087,-0.1780909,3.350824,-0.2168386,-0.6250256,3.29154,-0.03891783,-0.6281343,3.312528,-0.1748787,-0.9806205,3.400487,-0.09545173,-0.9894381,3.409851
-0.115322,0.4923565,3.438049,-0.1313341,0.3141427,3.42834,-0.283469,0.2016404,3.363458,0.04654224,0.1966502,3.404402,-0.4739676,0.01868895,3.339106,0.1878209,0.02664066,3.329839,-0.5872797,0.09774965,3.157088,0.3037656,0.1322657,3.164973,-0.1234409,-0.03995718,3.403481,-0.1170341,-0.0990567,3.346735,-0.1886351,-0.1741672,3.311879,-0.04440893,-0.1755371,3.352718,-0.2171168,-0.625379,3.30787,-0.04283429,-0.6252141,3.325541,-0.1758872,-0.9786493,3.40152,-0.09693138,-0.9869038,3.413885
-0.1245346,0.5578567,3.449697,-0.1413582,0.3790834,3.43404,-0.2957425,0.2610167,3.360572,0.03479704,0.267075,3.396315,-0.4226387,0.06935871,3.335077,0.1232062,0.07158405,3.330535,-0.5440428,0.05556795,3.141269,0.2478348,0.06545585,3.138507,-0.1267615,0.02088713,3.411865,-0.1180925,-0.0383007,3.355287,-0.1881342,-0.1147904,3.323329,-0.03978431,-0.11011,3.354702,-0.2078785,-0.6199813,3.35221,-0.04665313,-0.6068639,3.361559,-0.1768514,-0.9811297,3.403656,-0.09712979,-0.9865528,3.414193
-0.1306656,0.6199427,3.446369,-0.1340488,0.4422047,3.438001,-0.2868768,0.3071179,3.366625,0.04503724,0.3248937,3.412738,-0.388898,0.1158473,3.367119,0.08468671,0.1042119,3.290166,-0.5066096,0.0548628,3.180848,0.228314,0.03986915,3.12605,-0.1272628,0.07344533,3.413084,-0.1189061,0.01209304,3.356078,-0.1889978,-0.06363175,3.326823,-0.04358548,-0.06055508,3.352677,-0.1979901,-0.6103925,3.359135,-0.05344667,-0.6077007,3.379853,-0.1753776,-0.9870087,3.409204,-0.09865814,-0.9906024,3.411311
-0.1315033,0.6577135,3.450624,-0.1402554,0.4809822,3.447136,-0.2696397,0.3583636,3.36322,0.03410672,0.3717369,3.393851,-0.3917997,0.1435683,3.353876,0.09253607,0.1598123,3.291374,-0.4907408,0.006754249,3.202722,0.1712362,0.02248724,3.128247,-0.1305094,0.1087334,3.415603,-0.1236066,0.0476796,3.357327,-0.1894638,-0.01260795,3.327883,-0.05359754,-0.01766566,3.354552,-0.1853522,-0.5603189,3.351643,-0.06709667,-0.5651836,3.378937,-0.1663851,-0.9695472,3.42045,-0.09414686,-0.9850661,3.42398
-0.1357387,0.6830823,3.450065,-0.1216925,0.5052767,3.438842,-0.2717217,0.3735661,3.355604,0.03193653,0.3845578,3.390024,-0.3914501,0.14338,3.353401,0.09401555,0.1619419,3.302117,-0.4860401,-0.03240083,3.252331,0.1283474,-0.004834324,3.152755,-0.1322507,0.1259108,3.415351,-0.1274504,0.06329495,3.357879,-0.1956426,-0.002434631,3.329211,-0.05835926,-0.005467888,3.356082,-0.1870766,-0.4848319,3.319416,-0.07867978,-0.5171717,3.352661,-0.1636151,-0.875824,3.434788,-0.09569876,-0.9145315,3.46393
-0.1261831,0.7066214,3.447324,-0.128364,0.5284061,3.437394,-0.2635111,0.3983375,3.347893,0.03370764,0.3993769,3.390048,-0.3812212,0.1416265,3.351463,0.08634427,0.1525512,3.319796,-0.46336,-0.05919924,3.314829,0.110755,-0.0482111,3.224838,-0.135125,0.1678617,3.417745,-0.128182,0.1069436,3.361834,-0.1958029,0.04209552,3.328272,-0.05957326,0.03544752,3.367246,-0.2128388,-0.434011,3.289587,-0.06251749,-0.4649959,3.327248,-0.1495555,-0.7997624,3.467381,-0.07629427,-0.78993,3.464982
-0.1280739,0.7148722,3.44448,-0.1209382,0.5372578,3.437713,-0.2628758,0.4079045,3.351063,0.03266648,0.3988807,3.387912,-0.3773144,0.1382087,3.362833,0.07993992,0.1422922,3.328124,-0.4529091,-0.06608234,3.364673,0.09956464,-0.06802642,3.260085,-0.1343213,0.1669543,3.417698,-0.1284097,0.1039108,3.361435,-0.1976327,0.03992661,3.331415,-0.05994251,0.03221919,3.363504,-0.2208183,-0.4095503,3.271111,-0.05860191,-0.4242678,3.311665,-0.1735714,-0.7714941,3.460151,-0.09673112,-0.7818927,3.50959
-0.1283305,0.7167904,3.437318,-0.1269016,0.5389252,3.430267,-0.2792119,0.4015014,3.354362,0.03379364,0.3993479,3.389584,-0.3732721,0.1374604,3.380412,0.07478715,0.1069428,3.353191,-0.4461296,-0.0664563,3.395957,0.1042164,-0.1073056,3.309878,-0.133691,0.1675462,3.417766,-0.1284526,0.1037914,3.361462,-0.199189,0.03756112,3.33293,-0.05849053,0.03063797,3.363177,-0.223968,-0.4078607,3.269997,-0.05944625,-0.4299619,3.312948,-0.1749488,-0.7695026,3.459505,-0.09748787,-0.7864723,3.513003
-0.1296846,0.7137678,3.434949,-0.1149255,0.5364059,3.427645,-0.2797407,0.4009964,3.35512,0.0303315,0.3959813,3.386355,-0.3750044,0.1339472,3.395811,0.07580549,0.1047671,3.362543,-0.4436911,-0.06321505,3.447274,0.1336582,-0.1055647,3.361563,-0.1333731,0.160245,3.417477,-0.1310328,0.09297742,3.361891,-0.2041593,0.02771894,3.334939,-0.06318741,0.01825636,3.363858,-0.2245491,-0.43949,3.279378,-0.05857829,-0.4705059,3.321898,-0.1752202,-0.8222646,3.428734,-0.09817882,-0.8070819,3.508266
-0.1289097,0.7051635,3.424987,-0.1129681,0.5298836,3.427874,-0.2789339,0.3987567,3.357258,0.02829319,0.3858038,3.386615,-0.3891289,0.1396729,3.422535,0.07982127,0.09590021,3.388959,-0.4782737,-0.08516967,3.489511,0.1477446,-0.1118255,3.380229,-0.1321699,0.144493,3.417482,-0.1303597,0.07664043,3.362227,-0.2031394,0.0124552,3.334665,-0.06337836,0.003177613,3.365403,-0.206027,-0.5368345,3.320461,-0.08349621,-0.5457036,3.359894,-0.1854827,-0.9427756,3.414884,-0.1078283,-0.9311605,3.498203
-0.1354216,0.648663,3.417954,-0.1260131,0.4720363,3.417239,-0.2752202,0.3690931,3.360047,0.02256242,0.3519388,3.3871,-0.391329,0.1160449,3.435075,0.08977205,0.06677434,3.403477,-0.5178771,-0.09343714,3.496131,0.2082547,-0.1162304,3.408242,-0.1343992,0.1267724,3.414353,-0.1312786,0.06547114,3.360431,-0.2006689,-0.002222476,3.329347,-0.06538785,-0.006398736,3.366568,-0.2189639,-0.5514001,3.324134,-0.08203835,-0.5556549,3.359151,-0.1864494,-0.9747442,3.416065,-0.1007438,-0.9353008,3.481479
-0.1629691,0.5939341,3.418941,-0.1214206,0.4223451,3.41948,-0.261784,0.4057701,3.36499,0.04006874,0.2847545,3.388529,-0.3831557,0.1478243,3.418961,0.1045121,0.02704971,3.415353,-0.5682264,-0.07773192,3.455241,0.2833228,-0.1056284,3.425445,-0.1388017,0.1208179,3.4141,-0.1326356,0.06425028,3.360631,-0.201076,-0.002701635,3.32978,-0.07155835,-0.01321314,3.364373,-0.2205203,-0.5519968,3.322718,-0.08214419,-0.5627544,3.356907,-0.2006731,-0.9904362,3.409564,-0.1227953,-0.9817468,3.422109
-0.1452284,0.560749,3.404801,-0.1018915,0.3920906,3.415264,-0.2458778,0.3450043,3.357666,0.03824656,0.2009525,3.380824,-0.3929137,0.1014015,3.413404,0.1393558,-0.02843016,3.419676,-0.6137476,-0.08753039,3.436168,0.3459885,-0.09050398,3.371276,-0.1347856,0.0489197,3.413906,-0.1331543,-0.01008048,3.361209,-0.2017314,-0.08481634,3.306233,-0.07884072,-0.09864455,3.388957,-0.2282509,-0.6121448,3.317663,-0.08314158,-0.5901403,3.345028,-0.2054617,-0.9942451,3.415149,-0.124169,-0.9805244,3.419327
-0.111719,0.4945167,3.41892,-0.0929812,0.3213768,3.429042,-0.248466,0.2735308,3.357781,0.03913052,0.1768265,3.393119,-0.4226682,0.05003805,3.41734,0.1453326,-0.02913037,3.409545,-0.6463206,-0.05085849,3.369205,0.3600343,-0.02757804,3.355499,-0.1358313,-0.02696611,3.415569,-0.1342569,-0.08666541,3.360739,-0.2085355,-0.1425245,3.344027,-0.07360678,-0.165535,3.350653,-0.2314357,-0.6205076,3.311725,-0.07695462,-0.6014604,3.335588,-0.2054116,-0.9941372,3.415131,-0.1243005,-0.9813422,3.419418
-0.1275257,0.4554387,3.424589,-0.1414065,0.277909,3.416783,-0.2953392,0.1684779,3.362241,0.03684094,0.169631,3.39774,-0.4919834,-0.02659829,3.425584,0.1779296,-0.03099265,3.380781,-0.6731005,-0.007727057,3.291699,0.3798348,0.0200469,3.30132,-0.1436179,-0.06706003,3.417388,-0.1387669,-0.1267302,3.364331,-0.2133926,-0.2046107,3.334142,-0.06462538,-0.2072178,3.370813,-0.2422082,-0.6324455,3.308843,-0.07586979,-0.6208978,3.327375,-0.2070221,-0.9937273,3.415423,-0.1264189,-0.983591,3.42039
-0.131876,0.4658887,3.426535,-0.1424054,0.288465,3.420128,-0.307735,0.1754868,3.377319,0.0359811,0.1706752,3.397506,-0.462641,0.005176218,3.39641,0.1643897,-0.0103912,3.364772,-0.6261687,0.03297504,3.241203,0.3427243,0.0571956,3.242149,-0.1428005,-0.06113145,3.417239,-0.1398463,-0.121235,3.363644,-0.2157698,-0.1988741,3.334177,-0.06403998,-0.1991481,3.367145,-0.2431352,-0.6327661,3.310085,-0.07903617,-0.6233187,3.331367,-0.2111225,-0.9915982,3.416292,-0.1304766,-0.9843017,3.422365
-0.1442963,0.5385093,3.444052,-0.1448927,0.3604692,3.436241,-0.3110123,0.2356797,3.391277,0.03260138,0.2357814,3.399064,-0.450341,0.05196095,3.389972,0.1426919,0.04893276,3.347232,-0.6004105,0.04900699,3.218333,0.3114417,0.04618342,3.195606,-0.142527,0.003641472,3.419789,-0.1407899,-0.0562524,3.363718,-0.2161708,-0.1339851,3.332574,-0.06388754,-0.1330505,3.363199,-0.24021,-0.6258503,3.339643,-0.08077602,-0.6100747,3.350045,-0.2208864,-0.9874655,3.437756,-0.1332064,-0.9844737,3.422842
-0.1432213,0.5992164,3.456672,-0.1479261,0.4200896,3.440349,-0.2971478,0.299963,3.373797,0.01901446,0.3053226,3.388644,-0.4250718,0.1172118,3.389713,0.08637488,0.09968182,3.333742,-0.5551838,0.03871686,3.219959,0.2471076,0.04611719,3.183034,-0.1455892,0.05247151,3.416931,-0.1426384,-0.01068284,3.359795,-0.2135597,-0.0815171,3.334984,-0.07018132,-0.07599731,3.353629,-0.2203442,-0.6274293,3.384768,-0.08536532,-0.5929258,3.389478,-0.2182188,-0.9836017,3.447856,-0.1333303,-0.9845661,3.422946
-0.1321485,0.6524834,3.459071,-0.1442534,0.4736082,3.44251,-0.2937114,0.3516127,3.369159,0.02331099,0.3650584,3.388282,-0.4248521,0.1254729,3.383973,0.1086386,0.1559511,3.332376,-0.5443092,0.008408546,3.230679,0.2165138,0.02485578,3.182138,-0.1436471,0.1023373,3.416037,-0.1406988,0.04059514,3.358226,-0.2105857,-0.02960488,3.332797,-0.06969757,-0.03344831,3.352211,-0.2051625,-0.5763792,3.376896,-0.09080347,-0.5804458,3.390187,-0.2105805,-0.9678748,3.461016,-0.1352062,-0.9823331,3.425619
-0.1430526,0.6865188,3.444667,-0.1397239,0.5097909,3.443832,-0.2916243,0.3929861,3.370801,0.02257448,0.3798236,3.385314,-0.418398,0.1326313,3.383424,0.106845,0.1614881,3.336129,-0.534744,-0.02990372,3.282543,0.1804117,0.002237305,3.193154,-0.1473868,0.1328532,3.417032,-0.1456988,0.07007234,3.359131,-0.218596,0.007279253,3.334584,-0.07564227,-0.002046851,3.352829,-0.2092178,-0.5286804,3.351181,-0.103694,-0.5454947,3.382481,-0.1804435,-0.9348211,3.44557,-0.1354748,-0.9295532,3.450219
-0.1337107,0.7107471,3.437027,-0.129059,0.5347269,3.439576,-0.273709,0.4161493,3.358331,0.02604163,0.404253,3.385251,-0.4065577,0.1581002,3.388931,0.09561445,0.1593245,3.341715,-0.5142718,-0.02932931,3.344535,0.1504713,-0.03394736,3.243036,-0.1442239,0.1554609,3.416056,-0.1416543,0.09125666,3.358754,-0.2137009,0.02927755,3.333082,-0.07316697,0.02132245,3.355671,-0.2263611,-0.4542815,3.318574,-0.08048225,-0.4791315,3.350713,-0.1992485,-0.8306904,3.478799,-0.1064699,-0.8282262,3.521641
-0.1367391,0.7210233,3.435294,-0.1340744,0.5446258,3.436643,-0.2729733,0.4195888,3.357965,0.02660979,0.4062274,3.386433,-0.402567,0.1627797,3.400991,0.08704518,0.1483883,3.35665,-0.4978541,-0.0316782,3.41744,0.134735,-0.05961552,3.296728,-0.1432347,0.1819264,3.417369,-0.1384307,0.1225638,3.361515,-0.2081502,0.05465794,3.333578,-0.06940652,0.05405664,3.362373,-0.243744,-0.4263639,3.305644,-0.08041602,-0.4514734,3.331688,-0.197597,-0.7974313,3.481593,-0.1106388,-0.81171,3.518319
-0.1424039,0.722025,3.428325,-0.1254014,0.5479831,3.436305,-0.2739163,0.4206622,3.357753,0.02670001,0.4079729,3.38662,-0.3988364,0.1639284,3.409627,0.08512865,0.1367441,3.364095,-0.4860043,-0.03317678,3.433315,0.1115995,-0.08019704,3.355848,-0.1414761,0.1782112,3.417031,-0.1375108,0.1149864,3.360738,-0.2104154,0.04910804,3.334422,-0.0669288,0.04342834,3.359362,-0.2458426,-0.4148842,3.296983,-0.07813984,-0.4406512,3.324617,-0.1934714,-0.7796032,3.483069,-0.1071792,-0.8035786,3.517049
-0.1421407,0.7239065,3.427003,-0.1231039,0.5496072,3.433449,-0.2804889,0.4208601,3.359434,0.02667646,0.4079865,3.386558,-0.3995116,0.1629115,3.416733,0.08079945,0.1310057,3.378328,-0.4749179,-0.02372777,3.489263,0.1209755,-0.08371818,3.375164,-0.1407499,0.177613,3.41682,-0.1375131,0.1135595,3.360601,-0.2116347,0.04704655,3.335037,-0.06659192,0.04037836,3.358892,-0.2453583,-0.4174033,3.296181,-0.08227715,-0.4514931,3.324392,-0.1815922,-0.7846354,3.474931,-0.1054772,-0.8029549,3.511955
-0.1306495,0.7209426,3.418559,-0.1212032,0.5474445,3.431085,-0.2809008,0.4201686,3.359872,0.03157777,0.399289,3.381721,-0.3938011,0.1690724,3.44324,0.08217403,0.1137414,3.394597,-0.4793501,-0.01971921,3.500335,0.1570555,-0.08972324,3.410912,-0.1394107,0.1723214,3.416155,-0.1376147,0.107212,3.360286,-0.2134166,0.03970202,3.333443,-0.06654949,0.0297287,3.360792,-0.2284484,-0.4825543,3.309103,-0.07993602,-0.4994918,3.336584,-0.1692198,-0.874677,3.436731,-0.1132846,-0.853119,3.494015
-0.1238277,0.6992814,3.410051,-0.1163843,0.5253637,3.421759,-0.2817194,0.4138099,3.361275,0.03094677,0.3844631,3.377287,-0.3931534,0.16129,3.443188,0.09195721,0.09946951,3.404269,-0.4859626,-0.02374728,3.501342,0.1933217,-0.0931143,3.414521,-0.1372139,0.1454138,3.41101,-0.1374487,0.07919782,3.355901,-0.2136269,0.01391556,3.331673,-0.06785986,0.00498599,3.355832,-0.22414,-0.5365411,3.329198,-0.08456564,-0.5453847,3.348811,-0.1818961,-0.9465277,3.408246,-0.1156785,-0.9536445,3.481601
-0.1335899,0.6386479,3.395222,-0.08170304,0.4725201,3.407253,-0.2771772,0.3473924,3.348234,0.03548473,0.32401,3.383383,-0.4059038,0.1121009,3.448729,0.1097105,0.06204915,3.413918,-0.5545086,-0.0422529,3.480933,0.2757708,-0.07908328,3.379892,-0.1248169,0.0853128,3.404324,-0.1265309,0.01574329,3.350669,-0.2092229,-0.05660745,3.317601,-0.05804781,-0.05668904,3.361718,-0.2296088,-0.6064581,3.33155,-0.08950029,-0.579163,3.345848,-0.1840562,-0.9791696,3.410632,-0.110818,-0.9572197,3.469178
-0.1482262,0.5829355,3.406267,-0.06790247,0.4290246,3.420041,-0.272013,0.3249573,3.341526,0.04286633,0.2878592,3.377029,-0.4118243,0.09279422,3.436228,0.1419471,0.03297779,3.402727,-0.6076464,-0.04300828,3.447079,0.346961,-0.04271353,3.374628,-0.1237992,0.08083285,3.40545,-0.1260007,0.01526692,3.351215,-0.2074357,-0.05891377,3.313158,-0.05945256,-0.06047382,3.366945,-0.2293067,-0.6086352,3.33085,-0.09619953,-0.5837555,3.338809,-0.1867558,-0.9839869,3.410251,-0.1207744,-0.9850636,3.4129
-0.1452779,0.544299,3.38981,-0.09967702,0.37569,3.400124,-0.2448525,0.273064,3.333244,0.05065436,0.2078997,3.382657,-0.4150191,0.05635889,3.417076,0.1759935,-0.00867169,3.396347,-0.6304609,-0.02814796,3.396632,0.3893513,0.01187277,3.338323,-0.1419132,-0.001560051,3.398546,-0.1394157,-0.06957769,3.345729,-0.215255,-0.1282271,3.324994,-0.07567443,-0.1464867,3.345981,-0.2375454,-0.6229879,3.322339,-0.09322678,-0.5905561,3.328852,-0.1947365,-0.9903108,3.408971,-0.1186773,-0.9841424,3.413195
-0.1110368,0.4897624,3.399873,-0.1029755,0.3131764,3.401997,-0.2371405,0.268949,3.337982,0.0492523,0.1800982,3.384933,-0.4139235,0.05199347,3.409978,0.1860774,-0.005630408,3.382946,-0.6332623,0.004227486,3.318954,0.3964732,0.03236557,3.322626,-0.1429999,-0.04030113,3.399663,-0.1394871,-0.1014816,3.34685,-0.2118272,-0.1589192,3.323403,-0.07848351,-0.1736215,3.349137,-0.2441869,-0.6206887,3.323561,-0.08161707,-0.6046776,3.318851,-0.1978557,-0.9864128,3.427493,-0.1074287,-0.9757756,3.40773
-0.111697,0.4880672,3.399993,-0.110469,0.3102748,3.397627,-0.2909592,0.1902815,3.358255,0.0488573,0.1801327,3.382838,-0.4515678,-0.0004496237,3.397375,0.183514,-0.01849787,3.375124,-0.6135586,0.03471372,3.241399,0.3504292,0.09710199,3.236838,-0.1370176,-0.04180203,3.400448,-0.1388575,-0.1034701,3.3472,-0.2144737,-0.1735579,3.325867,-0.07108232,-0.1804797,3.348943,-0.2500824,-0.6280193,3.332453,-0.07858987,-0.6128961,3.32178,-0.1991692,-0.9868425,3.432936,-0.1064598,-0.9766365,3.410724
-0.1236828,0.5329169,3.410486,-0.1276054,0.3545145,3.405065,-0.2942156,0.2183298,3.359869,0.04274229,0.2350612,3.377343,-0.4314397,0.03878891,3.371922,0.1786942,0.01251585,3.340838,-0.5825138,0.02908892,3.200849,0.3384056,0.0998765,3.206294,-0.1356637,-0.01602404,3.401652,-0.1360781,-0.08001579,3.347875,-0.2132261,-0.1568896,3.325458,-0.06274316,-0.1547483,3.346959,-0.2464875,-0.630553,3.34762,-0.0797286,-0.6219001,3.334105,-0.1989405,-0.9908655,3.431849,-0.1066944,-0.98503,3.413901
-0.1190473,0.5826318,3.40362,-0.1252262,0.4059461,3.406424,-0.2942258,0.2849712,3.353158,0.0407415,0.2899702,3.366464,-0.3812838,0.06490193,3.339363,0.1391605,0.08347373,3.284085,-0.5320312,0.0108822,3.177215,0.3254052,0.06087233,3.158401,-0.1367501,0.04347195,3.403389,-0.1369498,-0.01982187,3.349484,-0.2141879,-0.09594049,3.325729,-0.0638567,-0.09423473,3.348549,-0.235029,-0.6261328,3.372714,-0.07707792,-0.6168725,3.351038,-0.19778,-0.9913483,3.432083,-0.1066336,-0.9865626,3.414785
-0.1176808,0.6322577,3.407861,-0.1151665,0.4559687,3.412956,-0.2905143,0.3205545,3.347883,0.04212545,0.3332284,3.360582,-0.4004219,0.114417,3.325349,0.1362912,0.1372354,3.310691,-0.4995144,-0.02223206,3.173197,0.2507763,0.01845583,3.154027,-0.1309205,0.07697405,3.403921,-0.1321728,0.0110528,3.349115,-0.2085978,-0.06107615,3.323596,-0.06065815,-0.06543773,3.348558,-0.2275955,-0.6085732,3.371826,-0.06964488,-0.6103193,3.358974,-0.1926621,-0.9908303,3.429576,-0.1064854,-0.9870452,3.414432
-0.118813,0.6567414,3.411481,-0.1204255,0.4796667,3.413598,-0.2868026,0.3770335,3.339578,0.03938041,0.3612023,3.36303,-0.3960408,0.1170598,3.322675,0.1322873,0.1499018,3.314336,-0.4943302,-0.04229829,3.196515,0.2062877,-0.002505124,3.162945,-0.1319243,0.1237676,3.401695,-0.1291803,0.06256905,3.346295,-0.2028632,-0.00875212,3.316599,-0.05772607,-0.01339393,3.348258,-0.206937,-0.558805,3.342939,-0.08732108,-0.5637188,3.354883,-0.1770988,-0.9671555,3.434004,-0.108226,-0.980303,3.418961
-0.1203597,0.675932,3.401766,-0.1165558,0.4934693,3.404955,-0.2846139,0.3854322,3.335691,0.03790925,0.3779075,3.363518,-0.3874699,0.1217038,3.321906,0.1206773,0.1469202,3.314056,-0.4836471,-0.07765466,3.258302,0.1621189,-0.04181437,3.198426,-0.1315596,0.1335854,3.398365,-0.1290268,0.07138959,3.343596,-0.2032757,0.003429164,3.315832,-0.05832016,-0.004639248,3.344921,-0.2288362,-0.4639803,3.28691,-0.0890367,-0.4970278,3.323988,-0.1706061,-0.8577183,3.412978,-0.1097997,-0.880636,3.436557
-0.1140803,0.6832234,3.392297,-0.1182542,0.5075555,3.399512,-0.2798922,0.3953364,3.3315,0.0388317,0.3793172,3.363472,-0.3813204,0.1182416,3.325123,0.1001726,0.1257374,3.330909,-0.4632801,-0.08874242,3.322956,0.1485416,-0.09432277,3.242818,-0.1316909,0.1466051,3.394454,-0.1280872,0.08382975,3.340231,-0.2031149,0.01711696,3.31326,-0.05618655,0.006699735,3.341968,-0.235984,-0.4429114,3.27118,-0.08904639,-0.4679843,3.299764,-0.1881163,-0.8240952,3.429827,-0.09952199,-0.8232278,3.474218
-0.1161382,0.6843657,3.387786,-0.1169125,0.5084378,3.397255,-0.2785382,0.3959021,3.328849,0.03950862,0.38116,3.359976,-0.3760404,0.1250374,3.338435,0.08820952,0.1039626,3.339664,-0.4585371,-0.07033661,3.379935,0.1224704,-0.1118985,3.31387,-0.1312519,0.1477894,3.392821,-0.1280036,0.08497301,3.338701,-0.2030861,0.01826047,3.311268,-0.05640495,0.007798263,3.341109,-0.2365415,-0.4415826,3.266962,-0.08307772,-0.4684823,3.293921,-0.1876205,-0.826645,3.41737,-0.09940609,-0.8232489,3.472383
-0.1217733,0.6818804,3.377147,-0.1164778,0.5076058,3.391877,-0.2766736,0.3921988,3.324859,0.03815377,0.3796872,3.354738,-0.377301,0.1223588,3.36931,0.09031081,0.08960244,3.360051,-0.480226,-0.08919657,3.44668,0.1308974,-0.1253628,3.357805,-0.1312586,0.1432735,3.390044,-0.1284328,0.07876104,3.33623,-0.2035387,0.01252712,3.310224,-0.05694193,0.004021958,3.33962,-0.2352238,-0.4514405,3.261758,-0.08002484,-0.4810174,3.292456,-0.1906272,-0.8424354,3.400051,-0.1095196,-0.8486504,3.402062
-0.117651,0.6695364,3.365964,-0.1088027,0.4948593,3.376026,-0.2799463,0.37647,3.314625,0.03768126,0.369844,3.343613,-0.3949723,0.1275585,3.402079,0.09847414,0.08553064,3.376405,-0.4806303,-0.05970991,3.464133,0.1491677,-0.1182331,3.429899,-0.1270342,0.1281638,3.38357,-0.1252122,0.06181763,3.331296,-0.2009903,-0.01003339,3.306232,-0.05431959,-0.01197243,3.336455,-0.2272959,-0.5379263,3.263821,-0.08507469,-0.5538827,3.289642,-0.1766717,-0.9354689,3.383814,-0.1119048,-0.9266626,3.391565
-0.1223759,0.6321813,3.349413,-0.1001805,0.4578119,3.356519,-0.2776855,0.3255584,3.304087,0.03740007,0.3201132,3.323352,-0.4049042,0.1056494,3.410828,0.1080656,0.05734641,3.388355,-0.5184195,-0.06709994,3.470857,0.2001558,-0.1258478,3.452953,-0.1221214,0.1017129,3.376809,-0.1227448,0.03571271,3.327173,-0.1951165,-0.04243438,3.300895,-0.05638634,-0.0333279,3.336931,-0.2183807,-0.5937192,3.275587,-0.09052292,-0.5834337,3.295248,-0.1820301,-0.9874172,3.365635,-0.1100019,-1.004989,3.369364
-0.1044175,0.5869406,3.354745,-0.1026539,0.4029956,3.349328,-0.2605813,0.2988453,3.289832,0.05090233,0.2742734,3.341126,-0.4132811,0.08672948,3.404943,0.1327783,0.01929853,3.410424,-0.5704217,-0.04963845,3.461358,0.2810689,-0.1221973,3.475517,-0.1251229,0.0428496,3.365174,-0.1200508,-0.02357687,3.316094,-0.1946105,-0.09544528,3.285897,-0.05139035,-0.09635663,3.330644,-0.2221868,-0.6045337,3.26887,-0.0897191,-0.6124529,3.285204,-0.2024548,-0.9849531,3.353402,-0.1140365,-0.989725,3.355113
-0.1083081,0.5489862,3.341696,-0.1123528,0.3711652,3.33982,-0.2528454,0.2649463,3.274625,0.0709165,0.1918897,3.35523,-0.4247298,0.07007478,3.392772,0.1685089,-0.01808398,3.418315,-0.6389019,-0.03774185,3.441191,0.3755076,-0.08430275,3.435421,-0.1340372,0.02745489,3.357392,-0.1240322,-0.03679822,3.310242,-0.19802,-0.1066716,3.28293,-0.05615079,-0.1200056,3.318633,-0.2282988,-0.6087674,3.259303,-0.08397564,-0.6157361,3.279434,-0.1995424,-0.9872477,3.359134,-0.1130938,-0.9886971,3.3559
-0.1112074,0.4912252,3.344741,-0.1069008,0.3143179,3.347242,-0.253381,0.207386,3.276202,0.06031389,0.1808564,3.350681,-0.4542346,0.03769454,3.38849,0.1891302,-0.02633328,3.411509,-0.6669747,-0.01434483,3.387908,0.4081764,-0.02437545,3.387056,-0.133608,-0.04493679,3.350451,-0.1255315,-0.1097474,3.300241,-0.2016774,-0.1766096,3.270247,-0.05561547,-0.1846859,3.310202,-0.235961,-0.6155053,3.255946,-0.0764917,-0.6242449,3.269543,-0.1990791,-0.9869384,3.359996,-0.1102424,-0.9863371,3.354566
-0.1067908,0.4732808,3.348881,-0.107913,0.2952715,3.346778,-0.2683561,0.184807,3.29232,0.06031791,0.1668756,3.353673,-0.4830091,0.0211475,3.390577,0.2311264,-0.01018835,3.391168,-0.6914104,0.03744203,3.310933,0.4374331,0.05528682,3.342191,-0.1312698,-0.05014647,3.349537,-0.1254361,-0.1127847,3.298824,-0.2026616,-0.1824044,3.268306,-0.05420331,-0.1915755,3.306327,-0.240339,-0.6222116,3.256998,-0.07559006,-0.6278543,3.268761,-0.1936708,-0.9923167,3.371631,-0.104895,-0.9865885,3.35529
-0.103366,0.4848556,3.358953,-0.1118234,0.3053366,3.347492,-0.2802101,0.1965486,3.30017,0.06199329,0.1766937,3.354004,-0.4720944,0.03760051,3.362379,0.2173757,0.02321797,3.367704,-0.6627977,0.08171101,3.250365,0.4045274,0.09465587,3.265317,-0.1305339,-0.04215845,3.34819,-0.1252925,-0.1033629,3.296549,-0.2034635,-0.1782061,3.266865,-0.05180854,-0.1845055,3.302664,-0.2411209,-0.6224511,3.260448,-0.07208038,-0.631338,3.270504,-0.1936854,-0.9922384,3.371732,-0.105591,-0.9897952,3.363822
-0.1060081,0.5623566,3.384518,-0.11545,0.3823056,3.369342,-0.2873066,0.2658139,3.314151,0.05852485,0.2677113,3.350141,-0.4504167,0.09025565,3.336629,0.1625075,0.04378115,3.349859,-0.6101211,0.09996117,3.173635,0.3482226,0.1029491,3.220903,-0.1260929,0.02912898,3.348917,-0.122572,-0.02972076,3.293082,-0.1985714,-0.105087,3.266699,-0.04922552,-0.1078276,3.286249,-0.2365364,-0.6187208,3.286196,-0.06893779,-0.62513,3.282869,-0.194701,-0.9920059,3.373026,-0.1044983,-0.9931741,3.364072
-0.1062849,0.6222839,3.385447,-0.1129224,0.4422839,3.37206,-0.2812932,0.3198351,3.308228,0.06055266,0.3246234,3.347025,-0.4244418,0.1272326,3.336248,0.1470384,0.1083916,3.324529,-0.5638759,0.08450295,3.159507,0.3178133,0.08896681,3.175359,-0.1227687,0.07570457,3.346769,-0.1188414,0.01272819,3.290123,-0.1944353,-0.06220607,3.262102,-0.04515555,-0.06284501,3.284192,-0.2211785,-0.6110514,3.302521,-0.06548604,-0.6086128,3.303046,-0.1890035,-0.9873849,3.358646,-0.1073252,-0.9956337,3.362194
-0.1057896,0.6583135,3.390133,-0.1103929,0.4771776,3.367705,-0.2719005,0.366154,3.301778,0.0595528,0.3587313,3.340796,-0.3899751,0.1569656,3.338683,0.157641,0.1629535,3.326639,-0.5146773,0.05204023,3.179082,0.2928119,0.07027569,3.168065,-0.1218202,0.1062644,3.343334,-0.1173293,0.04496033,3.286531,-0.1907868,-0.02334188,3.257183,-0.04583303,-0.03278121,3.282857,-0.1995919,-0.5729231,3.298666,-0.06874093,-0.5834514,3.306187,-0.1789304,-0.9799263,3.355275,-0.1115908,-0.991226,3.360925
-0.09703165,0.7021719,3.380505,-0.1134135,0.5225914,3.366375,-0.2624309,0.4005929,3.288553,0.05411437,0.3894528,3.329324,-0.3704526,0.1936747,3.306485,0.1471951,0.1755638,3.317517,-0.4920236,0.0268877,3.197531,0.2484462,0.02541506,3.181077,-0.1247514,0.1614537,3.342277,-0.1194946,0.1008622,3.285732,-0.1887248,0.03622276,3.261776,-0.0522128,0.02637245,3.279001,-0.1862327,-0.515768,3.272537,-0.08663814,-0.52455,3.289751,-0.146634,-0.9180477,3.350172,-0.1078081,-0.9228106,3.35214
-0.09678887,0.7122528,3.374593,-0.1090891,0.5327761,3.363882,-0.2612508,0.4168311,3.28514,0.0541707,0.4182369,3.339839,-0.3767083,0.1759257,3.30445,0.1411114,0.1754443,3.317093,-0.476473,-0.01764168,3.266255,0.2165461,-0.009136051,3.213068,-0.1257409,0.1674502,3.340227,-0.1193803,0.1061631,3.283846,-0.1909869,0.0420859,3.254124,-0.05138393,0.0306244,3.280539,-0.1923901,-0.4783409,3.249939,-0.08269356,-0.485027,3.26658,-0.1645854,-0.8595014,3.340131,-0.1074019,-0.8644403,3.352569
-0.09389505,0.7271448,3.367047,-0.1079884,0.5484438,3.360632,-0.2598369,0.4260736,3.277417,0.05719154,0.4317004,3.338129,-0.3741969,0.168509,3.306365,0.1269264,0.1640974,3.315763,-0.4525116,-0.03533977,3.313322,0.1867807,-0.03865573,3.244603,-0.1245413,0.1838609,3.336405,-0.1174929,0.1226923,3.280049,-0.1891652,0.05557881,3.251675,-0.04927196,0.04723412,3.276667,-0.2021327,-0.4622802,3.240009,-0.07643521,-0.4725185,3.261145,-0.1682791,-0.8420861,3.332821,-0.1048064,-0.846974,3.345186
-0.08948494,0.7345871,3.36609,-0.1060873,0.5556267,3.357353,-0.2527922,0.4322439,3.266896,0.05093497,0.4327321,3.306398,-0.370262,0.1681874,3.308978,0.1187251,0.1527396,3.320651,-0.4403981,-0.02609918,3.369878,0.1803909,-0.05484614,3.272763,-0.1215213,0.1852963,3.33524,-0.1172141,0.1233505,3.278596,-0.1876252,0.05702604,3.248575,-0.04988536,0.0492585,3.276313,-0.203526,-0.4634893,3.237392,-0.07525286,-0.4713101,3.258948,-0.1693199,-0.8478432,3.305522,-0.1075743,-0.8454182,3.319703
-0.0880411,0.7342719,3.358019,-0.1031356,0.5543771,3.344427,-0.2484892,0.4299108,3.25802,0.05982812,0.4265991,3.318389,-0.3669868,0.169577,3.312094,0.1144735,0.1470458,3.331112,-0.4374457,-0.01463099,3.410321,0.1805776,-0.05945733,3.351835,-0.1226326,0.1848244,3.330385,-0.1154756,0.1215511,3.275096,-0.1853439,0.0535383,3.242281,-0.04893197,0.04808193,3.276095,-0.2060156,-0.4822261,3.228531,-0.07297669,-0.4867223,3.25064,-0.1701796,-0.8530176,3.299158,-0.1052142,-0.8517659,3.30769
-0.09841783,0.7174103,3.348553,-0.1012529,0.5366246,3.333311,-0.2515249,0.399105,3.242014,0.05597946,0.4169574,3.311266,-0.3771551,0.1566664,3.3334,0.1133922,0.1312858,3.343244,-0.4473197,-0.02721594,3.417661,0.1927198,-0.06837542,3.37531,-0.119479,0.1498563,3.316339,-0.1112146,0.08156154,3.261128,-0.1817104,0.01121451,3.229381,-0.044415,0.01420078,3.267857,-0.1943635,-0.5416796,3.22918,-0.07749487,-0.5378292,3.241405,-0.1595178,-0.9260735,3.271853,-0.1070343,-0.9263114,3.281243
-0.08702645,0.6967227,3.3331,-0.1018401,0.5169725,3.321616,-0.2405623,0.3852803,3.232546,0.06558464,0.3589574,3.300787,-0.3713014,0.1519916,3.33656,0.1227018,0.09740022,3.357944,-0.4961706,-0.01475967,3.406416,0.2361416,-0.08461536,3.392133,-0.1164369,0.1127503,3.308515,-0.1061304,0.04063778,3.254719,-0.1779278,-0.0363817,3.214062,-0.03458572,-0.03332758,3.271238,-0.1841134,-0.5894282,3.222595,-0.08267505,-0.5843641,3.238157,-0.1620425,-1.003951,3.277815,-0.1019328,-0.9893191,3.275489
-0.08035459,0.6375315,3.334932,-0.09317191,0.4556599,3.302557,-0.242744,0.3136598,3.219774,0.07146861,0.2982877,3.297287,-0.3979612,0.1103897,3.345822,0.1375292,0.05001975,3.367128,-0.5560579,-0.02991925,3.392747,0.3124925,-0.07745667,3.391638,-0.1148149,0.09651974,3.304013,-0.1048529,0.03060159,3.252119,-0.1774987,-0.04818595,3.20794,-0.03386799,-0.04668699,3.271719,-0.2004427,-0.6011842,3.211309,-0.07637225,-0.5980388,3.230429,-0.1754013,-1.020675,3.288281,-0.1029319,-0.9903588,3.263833
-0.07114615,0.5763956,3.331215,-0.1027953,0.3971945,3.306622,-0.2470214,0.290127,3.227972,0.06968805,0.2318315,3.285769,-0.4125149,0.0829735,3.337191,0.1716475,0.004653626,3.369288,-0.6235284,-0.0255654,3.333889,0.3841575,-0.05005661,3.368705,-0.1173619,0.04977424,3.30268,-0.1082515,-0.007456306,3.250117,-0.1798485,-0.09162423,3.193948,-0.03992121,-0.09793287,3.27817,-0.2081016,-0.6122236,3.200143,-0.06779782,-0.6222521,3.219548,-0.1814908,-1.016961,3.283169,-0.1024484,-1.010718,3.29172
-0.05664389,0.5167883,3.346619,-0.08553289,0.3365377,3.307944,-0.2409154,0.2129266,3.232806,0.07971169,0.1816319,3.312044,-0.4528795,0.03434695,3.315378,0.219466,-0.01541118,3.361304,-0.6695282,0.008323472,3.275562,0.4316576,0.0239757,3.306417,-0.1123303,0.01919565,3.303794,-0.1027872,-0.03533144,3.25163,-0.1771185,-0.1210912,3.183933,-0.03388596,-0.1322775,3.288963,-0.2163649,-0.6189095,3.18862,-0.06082768,-0.6189061,3.210058,-0.1835197,-1.005197,3.278575,-0.1023199,-0.9941949,3.285053
-0.07040838,0.4688466,3.319702,-0.09530908,0.2900073,3.308556,-0.2438362,0.1831665,3.231955,0.07763371,0.1778293,3.310102,-0.4714131,0.02178602,3.309911,0.2203498,-0.01267383,3.357948,-0.6635823,0.06079714,3.197435,0.404754,0.06654524,3.255132,-0.1127272,-0.06843597,3.294414,-0.1027075,-0.1295264,3.24011,-0.1792036,-0.1983708,3.20836,-0.02867565,-0.2048764,3.243803,-0.2181307,-0.6252086,3.18441,-0.05260753,-0.6275973,3.200083,-0.181761,-1.01475,3.28564,-0.1022029,-1.001128,3.287057
-0.07858918,0.4745136,3.321836,-0.09755336,0.2943307,3.30668,-0.2534978,0.1885297,3.242624,0.0777908,0.1781883,3.309521,-0.4683938,0.02680249,3.299136,0.2203427,0.01570465,3.324393,-0.6261229,0.08807927,3.145802,0.3871589,0.09915347,3.195038,-0.1144732,-0.05729035,3.294431,-0.10639,-0.116704,3.240223,-0.183179,-0.1890689,3.21026,-0.03120693,-0.1961066,3.242105,-0.2186226,-0.62744,3.18454,-0.05285614,-0.6276829,3.199091,-0.183175,-1.014624,3.286161,-0.1020956,-1.001026,3.288882
-0.09167312,0.5394037,3.338496,-0.09920494,0.3570645,3.309183,-0.2730519,0.2365957,3.259093,0.0770559,0.2411605,3.310287,-0.4272223,0.0582428,3.303445,0.1804564,0.04120036,3.33117,-0.5888251,0.08289935,3.14353,0.3470501,0.08304809,3.181043,-0.1102249,0.006264987,3.294059,-0.104447,-0.05266635,3.238609,-0.1832335,-0.1300526,3.207128,-0.02767567,-0.1327855,3.237985,-0.2175966,-0.6244882,3.195281,-0.05096561,-0.6267585,3.20399,-0.1890468,-1.013389,3.300961,-0.1027932,-1.003357,3.289907
