0.012117,0.46305,0.013515,0.0027491,0.28902,0.015344,-0.18336,0.1929,0.0041988,0.18807,0.17182,0.056354,-0.42807,0.080532,0.037105,0.38094,0.083605,0.11862,-0.59571,0.19455,-0.055623,0.57537,0.19095,0.076843,-0.0043917,-0.02898,0.035279,0,-0.089369,0,-0.084686,-0.17646,-0.029626,0.081678,-0.1825,0.019502,-0.10201,-0.61742,-0.030941,0.059339,-0.64005,-0.0070616,-0.079412,-1.0066,0.089244,0.0064479,-1.0101,0.10101
0.017242,0.44531,0.0197,-0.0073,0.26946,0.026253,-0.18645,0.16663,0.005326,0.19331,0.16346,0.055316,-0.42622,0.098207,-4.0151e-06,0.41974,0.10189,0.092536,-0.56189,0.23799,-0.11043,0.57803,0.2335,0.0083012,-0.0054868,-0.047959,0.036958,0,-0.10715,0,-0.082175,-0.19072,-0.031032,0.084241,-0.19793,0.01489,-0.10165,-0.62535,-0.043557,0.064644,-0.64251,-0.015093,-0.075557,-1.0103,0.087511,0.011234,-1.0102,0.094991
0.010005,0.45568,0.049362,-0.0020533,0.27915,0.035494,-0.18663,0.17079,0.0062776,0.19085,0.16692,0.056905,-0.40839,0.086921,-0.0040693,0.4068,0.10269,0.06558,-0.51881,0.22087,-0.15318,0.55721,0.24704,-0.070498,-0.0053881,-0.047769,0.039001,0,-0.10684,0,-0.082317,-0.19055,-0.031187,0.083879,-0.19723,0.013601,-0.11,-0.62643,-0.04177,0.064408,-0.6418,-0.016159,-0.076294,-1.012,0.086571,0.0066287,-1.0104,0.093988
-0.0023518,0.52873,0.074657,-0.017345,0.35194,0.06014,-0.18392,0.22687,0.0073627,0.17617,0.23163,0.056343,-0.36868,0.11172,-0.018893,0.36543,0.12409,0.027433,-0.49833,0.19162,-0.18721,0.50718,0.20139,-0.13134,-0.0078578,0.00628,0.044615,0,-0.054599,0,-0.076637,-0.13669,-0.036265,0.083678,-0.13754,0.0066861,-0.11034,-0.62013,-0.0042841,0.05946,-0.62392,0.011845,-0.082599,-1.0148,0.078101,-0.0028968,-1.0108,0.084891
0.0044433,0.59425,0.07885,-0.0097401,0.4187,0.071523,-0.18243,0.29409,0.01149,0.17706,0.29996,0.051023,-0.34997,0.15957,-0.047648,0.32599,0.14219,0.009831,-0.47363,0.14391,-0.23869,0.4743,0.1328,-0.16179,-0.0056811,0.061515,0.047377,0,-0.00063477,0,-0.075712,-0.08121,-0.03099,0.079463,-0.081535,-0.0014535,-0.10284,-0.61735,0.01241,0.059194,-0.60891,0.036848,-0.081761,-1.0164,0.072869,-0.0081626,-1.0092,0.062253
-0.0040963,0.64186,0.080418,-0.011164,0.46488,0.072182,-0.17621,0.35492,0.006646,0.16718,0.34909,0.038241,-0.33653,0.17003,-0.047732,0.29067,0.1701,0.0098029,-0.45385,0.084072,-0.22217,0.41142,0.077425,-0.15828,-0.0055245,0.09593,0.048354,0,0.031632,0,-0.072368,-0.043837,-0.028311,0.077417,-0.041065,-0.0016582,-0.075291,-0.58082,0.017744,0.059421,-0.57766,0.04529,-0.077377,-1.0149,0.076334,-0.017923,-1.0046,0.056206
0.0054481,0.68099,0.084142,-0.0083769,0.50154,0.069337,-0.16746,0.38475,0.0021029,0.16782,0.36669,0.037737,-0.30172,0.18271,-0.030316,0.25332,0.15087,0.020483,-0.4144,0.026815,-0.14442,0.37625,0.0084143,-0.10363,-0.0060092,0.13503,0.048543,0,0.070754,0,-0.071556,-0.0024632,-0.032637,0.075094,-0.0088989,0.003201,-0.06592,-0.54023,0.0091635,0.041788,-0.54699,0.029841,-0.060822,-0.95265,0.091194,0.0010099,-0.95246,0.092675
0.008603,0.70118,0.075125,-0.0087069,0.52497,0.062411,-0.15383,0.43177,-0.001321,0.16428,0.40398,0.037012,-0.27983,0.17076,-0.013441,0.23913,0.1409,0.02167,-0.38548,-0.014797,-0.067652,0.3237,-0.0548,-0.034222,-0.0069036,0.1801,0.047568,0,0.12112,0,-0.06841,0.050481,-0.032446,0.070928,0.044933,0.0067654,-0.08423,-0.486,-0.022194,0.060446,-0.49112,0.010169,-0.064915,-0.84494,0.098595,-0.00063318,-0.87984,0.093927
0.010704,0.71601,0.067458,-0.0017242,0.54055,0.062275,-0.15724,0.43241,-0.0045672,0.16091,0.41251,0.030413,-0.27111,0.16305,0.0046134,0.22486,0.12824,0.047702,-0.35817,-0.035242,0.013309,0.28132,-0.080188,0.062014,-0.0052937,0.19164,0.048557,0,0.13109,0,-0.068688,0.06171,-0.031169,0.07022,0.055886,0.0056844,-0.099941,-0.43989,-0.045945,0.065512,-0.45361,-0.018823,-0.068311,-0.82417,0.088367,0.0048597,-0.84134,0.094965
0.016343,0.7205,0.064523,-0.0044955,0.54452,0.058252,-0.15493,0.43354,-0.0075193,0.15979,0.41291,0.030375,-0.26024,0.16531,0.028614,0.22087,0.13508,0.06635,-0.33668,-0.0161,0.1092,0.25047,-0.072183,0.11338,-0.0064864,0.19253,0.048318,0,0.13132,0,-0.068378,0.061697,-0.031833,0.071772,0.056429,0.0095027,-0.10066,-0.43182,-0.052582,0.065378,-0.45172,-0.02292,-0.06774,-0.81311,0.088966,0.014453,-0.80809,0.11696
0.021793,0.72323,0.060095,-0.0041739,0.54423,0.049466,-0.14916,0.43904,-0.0098731,0.16519,0.41213,0.03107,-0.25939,0.18018,0.0529,0.21939,0.14045,0.097061,-0.33844,-0.0069903,0.13483,0.27632,-0.044466,0.18443,-0.0069548,0.18895,0.047368,0,0.12436,0,-0.06969,0.054403,-0.026164,0.072111,0.048039,0.0075835,-0.097712,-0.43871,-0.05582,0.06774,-0.45869,-0.026926,-0.062421,-0.8193,0.087275,0.015845,-0.81185,0.11299
0.053539,0.71086,0.062006,0.00068196,0.54148,0.046643,-0.14439,0.43651,-0.011834,0.17619,0.39155,0.037618,-0.25814,0.18235,0.060258,0.23227,0.12893,0.12131,-0.36203,0.0060887,0.14396,0.31232,-0.01845,0.24778,-0.0065748,0.17016,0.047088,0,0.10048,0,-0.071708,0.033616,-0.02586,0.070207,0.020742,0.0071619,-0.080521,-0.50438,-0.038861,0.062012,-0.52052,-0.011215,-0.031682,-0.88404,0.058765,0.040524,-0.81348,0.085256
0.042223,0.69117,0.03944,0.017668,0.45782,0.03727,-0.11527,0.41806,-0.015764,0.17391,0.36159,0.037348,-0.2576,0.18864,0.077731,0.24792,0.13832,0.14124,-0.41149,0.0072887,0.14329,0.35699,-0.010747,0.24416,-0.0057963,0.11377,0.046128,0,0.051014,0,-0.069289,-0.0020061,-0.018538,0.063,-0.016114,0.002664,-0.083046,-0.54338,-0.018219,0.047994,-0.55747,0.0020828,-0.023497,-0.95009,0.030955,0.018487,-0.97687,0.096515
0.048024,0.63162,0.039692,0.017869,0.45864,0.037411,-0.11634,0.42002,-0.013179,0.17678,0.31748,0.033082,-0.26733,0.18927,0.065987,0.26927,0.11622,0.15479,-0.47011,-0.0012273,0.11007,0.4287,0.0017091,0.23661,-0.0055176,0.11389,0.04654,0,0.051115,0,-0.068914,-0.007092,-0.023842,0.062603,-0.019007,0.0049847,-0.080054,-0.54861,-0.017057,0.049023,-0.56071,0.0030163,-0.033604,-0.99705,0.036635,0.029395,-0.97023,0.058795
0.047345,0.59235,0.036956,0.051384,0.40136,0.047616,-0.10274,0.39886,-0.016756,0.19548,0.25551,0.063906,-0.27801,0.17791,0.043933,0.31368,0.075338,0.16061,-0.52162,0.016316,0.068982,0.51994,0.020339,0.1914,-0.0071427,0.10769,0.046871,0,0.04969,0,-0.067972,-0.011702,-0.026611,0.059153,-0.026499,0.007709,-0.081796,-0.55342,-0.023369,0.048857,-0.56853,-0.0045381,-0.048923,-0.99942,0.043514,0.024204,-0.97627,0.059332
0.038972,0.51325,0.027874,0.021176,0.34185,0.0381,-0.14232,0.26477,-0.019746,0.17948,0.1975,0.060052,-0.35353,0.079754,0.045248,0.32762,0.053789,0.14613,-0.57757,0.043394,-0.012127,0.54539,0.060984,0.12879,-0.0081473,0.02126,0.046544,0,-0.036744,0,-0.073426,-0.11925,-0.057742,0.06365,-0.12902,0.034265,-0.099683,-0.61205,-0.046771,0.053378,-0.62039,-0.032701,-0.067213,-1.0027,0.032378,0.0084975,-1.0139,0.052751
0.029834,0.48262,0.037638,0.01926,0.30269,0.045597,-0.13576,0.20986,-0.018609,0.1843,0.15089,0.078092,-0.36965,0.045677,0.029241,0.36075,0.035759,0.10895,-0.57114,0.069579,-0.063175,0.55401,0.12102,0.042394,-0.010673,-0.054083,0.047618,0,-0.11834,0,-0.076675,-0.18792,-0.033802,0.069904,-0.2001,0.012189,-0.099411,-0.62201,-0.057002,0.061483,-0.62358,-0.03869,-0.061419,-1.0144,0.046875,0.011881,-1.0156,0.052625
0.016043,0.45985,0.040397,0.00081339,0.28301,0.048027,-0.18588,0.15298,0.00091143,0.18458,0.15242,0.074719,-0.38759,0.028352,0.021603,0.36313,0.03172,0.081704,-0.53974,0.10018,-0.12959,0.53093,0.15668,-0.027735,-0.0068164,-0.057346,0.049299,0,-0.1192,0,-0.079768,-0.19616,-0.029893,0.072308,-0.20159,0.010999,-0.099803,-0.62631,-0.058869,0.065509,-0.62688,-0.038348,-0.065779,-1.0146,0.048676,0.013193,-1.0145,0.057774
0.0038784,0.49027,0.06319,-0.0012395,0.31127,0.052271,-0.17945,0.18599,-0.0013501,0.17706,0.20311,0.053475,-0.36865,0.034732,-0.016713,0.334,0.05209,0.041068,-0.51471,0.099561,-0.17747,0.48827,0.14541,-0.093892,-0.0058742,-0.04064,0.050232,0,-0.10248,0,-0.079423,-0.18318,-0.029555,0.076976,-0.18442,0.006109,-0.096009,-0.62778,-0.053484,0.071515,-0.63283,-0.034314,-0.057504,-1.014,0.039437,0.017704,-1.0174,0.053083
-0.00029682,0.55923,0.05759,-0.0082196,0.38637,0.064659,-0.16671,0.26031,0.00032322,0.17604,0.26881,0.050178,-0.3179,0.10376,-0.028028,0.29373,0.085743,0.021159,-0.46243,0.059381,-0.19739,0.43015,0.10391,-0.16025,-0.0076163,0.026868,0.052529,0,-0.03511,0,-0.075666,-0.11144,-0.029007,0.07868,-0.11334,0.00061531,-0.090501,-0.6158,-0.010433,0.070947,-0.62416,0.0062124,-0.052917,-1.0117,0.027727,0.020625,-1.0172,0.043326
0.0070163,0.61222,0.062539,-0.0045522,0.44066,0.073829,-0.15729,0.31782,-0.0073125,0.1748,0.31298,0.046839,-0.31049,0.12174,-0.033156,0.25294,0.11079,0.0027092,-0.41991,0.0048483,-0.19327,0.38152,0.07086,-0.181,-0.0081371,0.06557,0.053897,0,0.00044429,0,-0.073957,-0.069926,-0.029419,0.076017,-0.075086,0.00039047,-0.080284,-0.6111,-0.0084116,0.062193,-0.61663,0.012017,-0.047807,-1.0095,0.031214,0.019375,-1.0159,0.038924
0.015711,0.65345,0.081123,-0.005189,0.47776,0.069855,-0.14543,0.35164,-0.010359,0.16569,0.3734,0.03856,-0.28845,0.1346,-0.029234,0.23909,0.15797,0.013493,-0.39103,-0.024221,-0.14963,0.33492,0.026626,-0.14384,-0.0072682,0.10613,0.053566,0,0.042636,0,-0.069567,-0.027577,-0.02921,0.070774,-0.02396,0.0031559,-0.06733,-0.56949,-0.013281,0.049811,-0.5659,0.0094204,-0.022929,-0.98712,0.054807,0.026353,-0.98741,0.05376
0.016412,0.67883,0.070666,-0.0031297,0.50493,0.070457,-0.1418,0.38798,-0.012653,0.16613,0.37801,0.033121,-0.27578,0.13629,-0.027886,0.23849,0.15271,0.011666,-0.36326,-0.054255,-0.09879,0.31943,-0.01987,-0.106,-0.0073952,0.15361,0.053927,0,0.093478,0,-0.068167,0.025614,-0.035724,0.069505,0.015738,0.0063429,-0.069515,-0.50605,-0.036946,0.059744,-0.50807,-0.013666,-0.025901,-0.90427,0.061212,0.014413,-0.91062,0.06878
0.016538,0.70361,0.066815,-0.0048674,0.53012,0.067769,-0.13839,0.4154,-0.0088824,0.16334,0.4155,0.043539,-0.254,0.14576,-0.008249,0.21262,0.12514,0.017348,-0.35015,-0.049517,-0.023275,0.29011,-0.070683,-0.050478,-0.0085195,0.16719,0.05356,0,0.10543,0,-0.066964,0.039406,-0.032981,0.070128,0.035164,0.0064764,-0.08368,-0.47501,-0.040668,0.068391,-0.47328,-0.022502,-0.053515,-0.84043,0.077547,0.016563,-0.83329,0.10407
0.016632,0.71055,0.063069,-0.0048439,0.53659,0.062269,-0.13834,0.42323,-0.0094566,0.16513,0.41602,0.054606,-0.25248,0.15682,0.01866,0.21137,0.12501,0.031232,-0.33962,-0.039542,0.050581,0.27484,-0.083321,0.015857,-0.010423,0.17468,0.052398,0,0.11235,0,-0.067506,0.043743,-0.034429,0.069361,0.040541,0.0091434,-0.088668,-0.47223,-0.042772,0.066094,-0.47151,-0.024765,-0.058113,-0.83927,0.076168,0.012626,-0.83188,0.10382
0.019362,0.71233,0.062938,-0.0047159,0.53822,0.060197,-0.14611,0.43075,-0.00097366,0.16547,0.41598,0.057653,-0.25427,0.16232,0.030291,0.21486,0.1263,0.056485,-0.34031,-0.034316,0.066388,0.2952,-0.072655,0.114,-0.0096165,0.17674,0.052251,0,0.11424,0,-0.067836,0.045282,-0.033782,0.0694,0.040853,0.0086505,-0.093297,-0.48492,-0.035403,0.064369,-0.48477,-0.01315,-0.066311,-0.87471,0.092158,0.0079033,-0.85359,0.090116
0.021067,0.70401,0.061805,0.0036935,0.49164,0.05983,-0.14586,0.42883,-0.0024562,0.15814,0.422,0.052517,-0.26255,0.16975,0.051004,0.21722,0.13806,0.080329,-0.3596,-0.027193,0.11437,0.31111,-0.057805,0.14876,-0.0082809,0.16379,0.052597,0,0.10556,0,-0.066097,0.037591,-0.028392,0.067385,0.036963,0.0051996,-0.092189,-0.50477,-0.013604,0.053346,-0.50623,0.010614,-0.056981,-0.93696,0.059876,0.00072401,-0.95599,0.08954
0.031891,0.69078,0.064311,0.0077984,0.47495,0.057556,-0.13827,0.42981,0.0042881,0.16913,0.36375,0.054997,-0.25982,0.17212,0.055516,0.24314,0.10733,0.12041,-0.37095,-0.016422,0.10192,0.34578,-0.078766,0.15623,-0.0082449,0.14774,0.052317,0,0.091963,0,-0.066586,0.026101,-0.030467,0.063838,0.013537,0.007447,-0.092168,-0.5164,-0.011935,0.057041,-0.53021,0.010061,-0.064286,-0.92297,0.063815,-0.00844,-0.93583,0.071167
0.069499,0.62851,0.081945,0.024346,0.43546,0.064277,-0.09929,0.43932,0.0036005,0.17576,0.34209,0.045087,-0.24311,0.19213,0.050351,0.24623,0.090045,0.11694,-0.43486,-0.027232,0.083001,0.40833,-0.037357,0.17482,-0.0053975,0.094403,0.053159,0,0.036529,0,-0.066578,-0.019996,-0.0273,0.058273,-0.036562,0.0011965,-0.094317,-0.56295,-0.013947,0.057537,-0.58052,0.0073316,-0.064293,-0.99285,0.075215,0.0023357,-0.98368,0.086237
0.047518,0.58534,0.074614,0.047523,0.37506,0.063741,-0.10706,0.42111,0.015738,0.17906,0.26419,0.060921,-0.25235,0.17125,0.048889,0.26859,0.042901,0.12774,-0.47696,-0.019306,0.048953,0.46534,-0.0387,0.16098,-0.0057161,0.081339,0.052899,0,0.028533,0,-0.076478,-0.036763,-0.010904,0.053276,-0.056227,-0.011247,-0.094805,-0.58086,-0.019469,0.05964,-0.60008,-0.00011543,-0.067459,-0.97846,0.088534,0.016518,-1.0053,0.09702
0.082214,0.54897,0.06734,0.054434,0.37516,0.063822,-0.057105,0.38086,0.0041536,0.18192,0.20194,0.052017,-0.23192,0.15196,0.041983,0.30335,-0.016692,0.1145,-0.48625,0.0051786,0.0030675,0.51754,0.017363,0.080587,-0.0038137,-0.00043166,0.053399,0,-0.068439,0,-0.071426,-0.1232,-0.034546,0.053836,-0.14954,0.0093411,-0.096969,-0.61272,-0.023703,0.066167,-0.61949,-0.0075494,-0.06044,-1.0056,0.092057,0.022871,-1.0053,0.095772
0.035523,0.475,0.062759,0.023988,0.3033,0.075079,-0.10086,0.26192,0.012249,0.17823,0.17062,0.06543,-0.30078,0.051045,0.036531,0.31879,-0.015782,0.097776,-0.51326,0.0089302,-0.065872,0.52084,0.041001,0.026621,-0.0071731,-0.052991,0.055096,0,-0.11035,0,-0.068556,-0.17223,-0.031316,0.059472,-0.18155,0.003978,-0.10658,-0.6259,-0.037681,0.061952,-0.62738,-0.02513,-0.063074,-1.0064,0.083016,0.019216,-1.0055,0.085415
0.026188,0.46282,0.063623,0.00083002,0.27955,0.063876,-0.16908,0.15927,0.017994,0.18083,0.16166,0.065227,-0.36252,-0.015335,0.029833,0.31837,-0.014886,0.072271,-0.50559,0.057598,-0.13013,0.50968,0.10033,-0.075112,-0.0036195,-0.059282,0.054685,0,-0.11741,0,-0.075426,-0.19594,-0.027965,0.072472,-0.20206,0.0051785,-0.1095,-0.63794,-0.036648,0.062533,-0.63351,-0.028543,-0.0631,-1.0105,0.087688,0.019577,-1.0059,0.082351
0.01313,0.47449,0.077018,0.0009829,0.28932,0.066677,-0.16885,0.17393,0.019189,0.17158,0.1808,0.056339,-0.34409,-0.013962,0.019192,0.28557,-0.0047067,0.035109,-0.45997,0.051362,-0.16601,0.46814,0.031819,-0.090618,-0.0029015,-0.057801,0.054863,0,-0.11635,0,-0.075876,-0.19381,-0.028199,0.073148,-0.1987,0.0045812,-0.10845,-0.63789,-0.030184,0.061516,-0.63652,-0.022425,-0.060806,-1.0134,0.089594,0.016015,-1.0116,0.096782
0.015669,0.54257,0.094339,0.0018437,0.36477,0.07431,-0.16755,0.24766,0.0221,0.17237,0.24821,0.049377,-0.29998,0.057528,0.0079148,0.23789,0.019239,-0.0013671,-0.42154,0.024972,-0.18253,0.42082,0.030353,-0.13168,-0.0033567,0.0057266,0.055631,0,-0.054677,0,-0.076817,-0.12913,-0.030364,0.076146,-0.13278,-0.0013149,-0.089503,-0.62572,0.015773,0.065259,-0.61777,0.019736,-0.05743,-1.0133,0.084157,0.021251,-1.0094,0.086892
0.0087085,0.605,0.091122,-0.00085461,0.42898,0.085994,-0.16661,0.30867,0.017357,0.17218,0.30636,0.053572,-0.27139,0.099656,-0.0010128,0.21706,0.094131,0.0048031,-0.39107,-0.00098204,-0.16518,0.35616,-0.011192,-0.13808,-0.0050842,0.060375,0.057286,0,-0.00076773,0,-0.075301,-0.075952,-0.029997,0.075601,-0.076387,-0.0046696,-0.086108,-0.61625,0.02382,0.06244,-0.61767,0.040115,-0.061236,-1.0065,0.080111,0.017388,-1.0076,0.082503
0.012644,0.6407,0.091552,0.00038916,0.42924,0.084345,-0.15576,0.36537,0.015278,0.16276,0.36178,0.047037,-0.22952,0.13166,-0.0021692,0.21971,0.1097,0.0078826,-0.35106,-0.01946,-0.11371,0.33325,-0.030209,-0.12696,-0.0043846,0.086312,0.056139,0,0.037062,0,-0.070614,-0.025062,-0.02803,0.07044,-0.034448,-0.0050359,-0.080834,-0.56603,0.023457,0.05892,-0.57608,0.040327,-0.055399,-0.97247,0.078987,0.010538,-0.99747,0.078956
0.015157,0.69588,0.083992,0.0057885,0.51956,0.077674,-0.14831,0.38721,0.0073717,0.16555,0.38336,0.030712,-0.2458,0.12843,-0.0022384,0.22066,0.12807,0.012105,-0.34952,-0.058456,-0.056178,0.29705,-0.064733,-0.066767,-0.0025705,0.15264,0.056287,0,0.090834,0,-0.068302,0.025376,-0.017405,0.066448,0.018997,-0.011567,-0.073997,-0.51834,0.0090169,0.044921,-0.52303,0.02994,-0.067387,-0.88273,0.093495,0.018577,-0.92986,0.089332
0.016171,0.71699,0.074135,0.003006,0.54328,0.079283,-0.13514,0.43703,0.00075785,0.16593,0.40069,0.035461,-0.23599,0.16128,1.5057e-05,0.21922,0.12803,0.01835,-0.32235,-0.037721,0.018873,0.27195,-0.082608,-0.010966,-0.0059864,0.18035,0.056246,0,0.11969,0,-0.066578,0.056254,-0.027363,0.065818,0.049859,-0.0023047,-0.085825,-0.4878,-0.0073587,0.058814,-0.49459,0.015999,-0.062327,-0.87696,0.097655,0.018677,-0.85173,0.08607
0.014664,0.7233,0.068878,0.0049558,0.54912,0.07337,-0.13598,0.43718,0.00032924,0.16687,0.40905,0.033013,-0.23788,0.16269,0.0094385,0.22419,0.12487,0.054002,-0.32138,-0.032807,0.044451,0.26742,-0.086797,0.069614,-0.0054969,0.18086,0.056101,0,0.11881,0,-0.067508,0.054565,-0.026956,0.067723,0.047178,-0.00063137,-0.089586,-0.47158,-0.013606,0.058711,-0.47748,0.0064914,-0.071538,-0.81094,0.10687,0.019436,-0.83127,0.11026
0.020698,0.72684,0.06707,0.0074547,0.55177,0.067003,-0.1386,0.44083,0.00038143,0.17199,0.4291,0.054062,-0.24898,0.17259,0.028796,0.21899,0.14082,0.070035,-0.33083,-0.014444,0.093627,0.2725,-0.067903,0.090395,-0.0074718,0.18549,0.054665,0,0.12321,0,-0.068995,0.059107,-0.023751,0.067571,0.049374,-0.0017496,-0.09056,-0.4716,-0.016029,0.057873,-0.47556,0.0034329,-0.069304,-0.81918,0.10398,0.018299,-0.82855,0.10806
0.01892,0.72643,0.060956,0.0077137,0.55237,0.065544,-0.13794,0.44077,-0.0004788,0.17608,0.41825,0.046467,-0.25588,0.18226,0.053322,0.22146,0.13423,0.086466,-0.35788,-0.0043594,0.14802,0.32102,-0.045054,0.14753,-0.0065448,0.18696,0.054433,0,0.12464,0,-0.069,0.059832,-0.024078,0.067643,0.049865,-0.0014846,-0.09119,-0.48527,-0.016106,0.055161,-0.49547,0.0061019,-0.056733,-0.86125,0.085764,0.01828,-0.84125,0.10575
0.027648,0.71302,0.057396,0.0053651,0.48508,0.03511,-0.13358,0.44043,-0.0017285,0.17868,0.41379,0.044154,-0.25195,0.18802,0.069164,0.23374,0.13543,0.099213,-0.37681,0.0045926,0.12152,0.35727,-0.025756,0.16552,-0.0067346,0.17012,0.051808,0,0.11231,0,-0.067992,0.04757,-0.017597,0.06569,0.037239,-0.002668,-0.085636,-0.49751,0.0010188,0.049392,-0.50767,0.019526,-0.043055,-0.94456,0.056113,-0.0077006,-0.9537,0.10259
0.033764,0.68395,0.049378,0.020312,0.45504,0.050153,-0.12133,0.43684,-0.0064392,0.17914,0.35438,0.040177,-0.26347,0.19708,0.064518,0.25116,0.10868,0.11805,-0.46387,-0.00080027,0.11128,0.41585,-0.021218,0.16436,-0.0051974,0.11115,0.052005,0,0.051117,0,-0.069386,-0.010101,-0.024047,0.061759,-0.022898,0.0020668,-0.11514,-0.51513,-0.016144,0.045377,-0.56831,0.018197,-0.060051,-0.92376,0.045711,0.0036926,-0.98186,0.0625
0.019564,0.61845,0.0497,0.040705,0.40747,0.053456,-0.12021,0.43054,-0.0029722,0.17479,0.29455,0.03227,-0.26787,0.18922,0.054766,0.27464,0.074246,0.1146,-0.49617,0.014224,0.041931,0.48447,0.01587,0.09516,-0.0045526,0.10717,0.052092,0,0.050262,0,-0.070945,-0.015646,-0.029821,0.058115,-0.028797,0.0068538,-0.092508,-0.56096,-0.011262,0.042926,-0.57499,0.010293,-0.075005,-1.0109,0.088051,0.0036434,-1.0127,0.083569
0.037034,0.58261,0.050726,0.035022,0.40599,0.045958,-0.12516,0.42456,-0.007718,0.18152,0.24136,0.051561,-0.27983,0.17996,0.024532,0.28824,0.042924,0.098394,-0.53091,0.033738,-0.016587,0.50465,0.042979,0.05879,-0.0080773,0.10086,0.050465,0,0.044422,0,-0.072821,-0.029233,-0.032717,0.057287,-0.049485,0.011812,-0.096465,-0.5747,-0.016376,0.046164,-0.5961,0.0052658,-0.074429,-1.0031,0.077885,0.0045862,-1.007,0.082604
0.030267,0.51306,0.031759,0.020885,0.34195,0.048151,-0.073417,0.34589,-0.010884,0.17822,0.18352,0.037771,-0.27415,0.13289,0.00080704,0.32262,0.0064763,0.059622,-0.51662,0.065313,-0.087746,0.51823,0.073037,-0.022813,-0.0095711,0.030694,0.050374,0,-0.02345,0,-0.060225,-0.10195,-0.074749,0.049885,-0.12586,0.044565,-0.10871,-0.62657,-0.040923,0.047969,-0.6298,-0.018569,-0.068514,-1.013,0.067458,0.0060296,-1.0107,0.070097
0.019567,0.47408,0.062199,-0.00041386,0.29683,0.047299,-0.16387,0.18296,-0.0027744,0.18377,0.18074,0.046577,-0.34878,0.026159,0.010676,0.31274,-0.048145,0.055011,-0.4923,0.083256,-0.15604,0.47444,0.091546,-0.065736,-0.0066938,-0.054725,0.051636,0,-0.11695,0,-0.078041,-0.19301,-0.028181,0.078197,-0.1968,0.0055278,-0.10417,-0.63189,-0.032735,0.058326,-0.63606,-0.01086,-0.060397,-1.0151,0.075801,0.015639,-1.0134,0.079988
0.018321,0.47678,0.063417,-0.00059032,0.29934,0.047314,-0.16608,0.18552,-0.00069461,0.18106,0.18855,0.045989,-0.33602,0.023123,-0.017839,0.30211,-0.0079879,-0.013028,-0.46533,0.096314,-0.19015,0.45942,0.10793,-0.12245,-0.00629,-0.05122,0.05171,0,-0.11317,0,-0.078296,-0.18967,-0.027432,0.078622,-0.19337,0.0045973,-0.10747,-0.63298,-0.027227,0.060591,-0.63806,-0.0081808,-0.066664,-1.0062,0.07623,0.0184,-1.0094,0.0827
0.014178,0.54235,0.07531,0.00038736,0.36593,0.069394,-0.16618,0.247,0.011595,0.17071,0.25631,0.046784,-0.29415,0.048818,-0.017454,0.26085,0.059159,-0.00052598,-0.40614,0.075863,-0.21524,0.40135,0.062554,-0.17988,-0.0045163,0.0066379,0.055203,0,-0.05437,0,-0.075264,-0.12849,-0.027184,0.075125,-0.13117,-0.0023368,-0.10423,-0.62847,-0.0055167,0.061225,-0.63285,0.0078596,-0.063265,-1.0169,0.083208,0.018357,-1.0133,0.084396
0.020577,0.61068,0.089532,0.0079071,0.43387,0.082316,-0.15843,0.3114,0.010447,0.17853,0.31025,0.051262,-0.26941,0.12403,-0.017875,0.2049,0.095285,0.0031599,-0.36796,0.0057771,-0.18476,0.35884,0.028603,-0.14855,-0.0042828,0.062217,0.057065,0,-0.000147,0,-0.075607,-0.073705,-0.027919,0.072875,-0.076574,-0.0049576,-0.090032,-0.61727,0.018559,0.061636,-0.6214,0.029357,-0.064239,-1.0045,0.079714,0.015705,-1.0126,0.087564
0.016797,0.64308,0.10826,0.0081209,0.43333,0.079772,-0.15028,0.36059,0.0027975,0.17395,0.35307,0.046856,-0.26542,0.13043,-0.017772,0.22322,0.12314,0.0089527,-0.35859,-0.010415,-0.16809,0.33706,-6.0151e-05,-0.14275,-0.0049501,0.082567,0.05569,0,0.030443,0,-0.073629,-0.03791,-0.028395,0.070051,-0.042764,-0.0030595,-0.076277,-0.582,0.018408,0.055108,-0.588,0.029776,-0.050678,-0.99714,0.067541,0.0085715,-1.0141,0.073931
0.018255,0.68756,0.089785,0.0023611,0.45908,0.073277,-0.14243,0.37948,0.0020477,0.16977,0.37753,0.044162,-0.26222,0.13114,-0.015251,0.2233,0.12642,0.010752,-0.34513,-0.057281,-0.099181,0.29837,-0.063801,-0.077009,-0.0060216,0.12468,0.055121,0,0.066178,0,-0.068582,0.0012709,-0.028719,0.068121,-0.0034405,-0.00073276,-0.072554,-0.5417,-0.0042078,0.030049,-0.54893,0.015287,-0.037598,-0.92751,0.049584,0.011895,-0.93735,0.054153
0.01774,0.72014,0.08067,0.0075581,0.54366,0.076793,-0.13955,0.41004,0.0012678,0.16707,0.39262,0.041591,-0.25678,0.14029,-0.0045642,0.21967,0.12566,0.025039,-0.3394,-0.058541,0.015864,0.28388,-0.082111,-0.00088131,-0.0051653,0.15387,0.055996,0,0.086216,0,-0.070065,0.021812,-0.029294,0.068295,0.0117,0.00070063,-0.087391,-0.50788,-0.022891,0.041491,-0.50165,-0.0088372,-0.050748,-0.86553,0.066137,0.023755,-0.87559,0.054293
0.01618,0.72207,0.068434,0.0057181,0.54779,0.074695,-0.13766,0.42541,-0.0035102,0.1676,0.41556,0.049057,-0.25304,0.15652,0.0080543,0.21693,0.13048,0.061031,-0.33966,-0.028891,0.070263,0.27789,-0.075642,0.084371,-0.0071741,0.17817,0.055171,0,0.11776,0,-0.069877,0.048589,-0.035262,0.067139,0.044864,0.0080222,-0.10626,-0.47515,-0.042826,0.046638,-0.48333,-0.01969,-0.072745,-0.83232,0.071541,0.018638,-0.85073,0.069459
0.023014,0.72356,0.072182,0.0058079,0.54882,0.074731,-0.13839,0.42667,-0.0041335,0.16886,0.41711,0.049028,-0.26626,0.17537,0.057492,0.226,0.13851,0.090433,-0.35108,-0.010845,0.12005,0.29126,-0.060701,0.13766,-0.0072099,0.17916,0.055291,0,0.11816,0,-0.070232,0.048952,-0.035884,0.06745,0.044827,0.0082731,-0.10698,-0.47436,-0.045108,0.048662,-0.48368,-0.0221,-0.072534,-0.83536,0.056913,0.019014,-0.84917,0.068883
0.022772,0.72151,0.073093,0.012861,0.54515,0.071129,-0.13883,0.41904,-0.0013671,0.17448,0.41333,0.053109,-0.26749,0.17473,0.077783,0.22882,0.13462,0.10848,-0.37292,-0.0011141,0.13952,0.32503,-0.0322,0.19819,-0.0059375,0.17207,0.05541,0,0.10716,0,-0.073211,0.037056,-0.033321,0.068075,0.028724,0.005319,-0.10282,-0.50468,-0.045532,0.052689,-0.51932,-0.017955,-0.061018,-0.86706,0.027404,0.023326,-0.89873,0.046577
0.026154,0.70358,0.075851,0.01656,0.47101,0.05493,-0.14719,0.40256,0.0049466,0.18073,0.39039,0.0592,-0.27653,0.16169,0.091367,0.25233,0.12727,0.14734,-0.42682,0.021028,0.15111,0.37643,-0.033612,0.21424,-0.0053093,0.1536,0.052768,0,0.098034,0,-0.073778,0.028844,-0.028175,0.068228,0.015486,-0.0027433,-0.090932,-0.51952,-0.035439,0.048576,-0.5328,-0.010998,-0.049957,-0.97489,0.0012065,0.00028889,-0.99588,0.022146
0.01436,0.66029,0.070266,0.017446,0.48391,0.069948,-0.15923,0.3535,0.01695,0.18063,0.34875,0.061421,-0.31095,0.12939,0.11015,0.25668,0.11296,0.14951,-0.48738,0.0062361,0.13447,0.42526,-0.015017,0.19032,-0.003346,0.1244,0.056765,0,0.051401,0,-0.078702,-0.022827,-0.033623,0.072024,-0.029106,0.0018751,-0.098651,-0.57132,-0.037745,0.046943,-0.57745,-0.0090129,-0.058457,-0.98001,0.007175,0.0010388,-0.99607,0.029295
0.029709,0.61023,0.073722,0.061722,0.43982,0.085706,-0.11794,0.34475,0.00038545,0.17912,0.29172,0.07055,-0.3002,0.13742,0.080781,0.27532,0.06099,0.12159,-0.51755,0.013043,0.06011,0.48583,0.002703,0.11238,-0.001258,0.096742,0.05754,0,0.040983,0,-0.07674,-0.029455,-0.041909,0.062248,-0.042548,0.011425,-0.11257,-0.57736,-0.056785,0.03855,-0.59048,-0.027734,-0.067756,-0.98477,0.0097306,-0.0041759,-0.99794,0.018034
-0.0033116,0.53664,0.070339,0.078409,0.38873,0.09584,-0.067463,0.34958,0.0083353,0.19723,0.2115,0.091761,-0.25936,0.13628,0.054675,0.29208,0.019644,0.11087,-0.50528,0.016742,0.0027433,0.50787,0.013925,0.063785,-0.004573,0.014879,0.056771,0,-0.050785,0,-0.07714,-0.10182,-0.033371,0.054049,-0.12918,0.0013651,-0.10528,-0.59997,-0.070587,0.049773,-0.6128,-0.037943,-0.055119,-0.98979,0.01637,0.010568,-0.99855,0.0035825
0.017454,0.49279,0.081952,0.023915,0.31574,0.078211,-0.08917,0.26294,0.0061722,0.18508,0.17682,0.074999,-0.29175,0.054246,0.034986,0.30894,-0.013332,0.075363,-0.4943,0.014311,-0.068892,0.49194,0.050887,-0.038436,-0.0099509,-0.045584,0.054947,0,-0.10729,0,-0.069575,-0.16289,-0.031561,0.06224,-0.18144,0.0036337,-0.10735,-0.60859,-0.07745,0.051499,-0.62009,-0.048543,-0.061318,-0.99805,0.023824,0.010974,-0.99943,-0.0045371
0.020531,0.47172,0.080666,0.010126,0.29203,0.077248,-0.14734,0.17139,0.014243,0.18461,0.16854,0.070339,-0.33273,-0.011048,0.03115,0.29495,-0.020689,0.047392,-0.47472,0.019468,-0.1451,0.46166,0.030951,-0.097101,-0.005356,-0.058114,0.056135,0,-0.11708,0,-0.07489,-0.18916,-0.029691,0.068259,-0.19631,0.0022424,-0.10826,-0.62185,-0.078247,0.058886,-0.62841,-0.053264,-0.060167,-0.99828,0.021303,0.020092,-1.0036,0.033333
0.020007,0.47142,0.089973,0.0097399,0.29257,0.076819,-0.15166,0.1759,0.013568,0.17995,0.1742,0.068764,-0.32145,-0.014055,0.019531,0.2827,-0.018645,0.022319,-0.42736,0.014102,-0.18242,0.39927,0.052693,-0.16109,-0.005424,-0.058044,0.056019,0,-0.11702,0,-0.075289,-0.18913,-0.03066,0.069734,-0.19591,0.002393,-0.10817,-0.62266,-0.076497,0.061497,-0.63126,-0.052785,-0.060045,-0.99952,0.022084,0.049535,-0.94909,0.018855
0.013856,0.53443,0.096815,0.0089456,0.35755,0.093784,-0.15554,0.2292,0.010635,0.17029,0.23344,0.068056,-0.27389,0.03032,-0.007442,0.22791,0.013094,0.0054274,-0.39667,-0.0061716,-0.19731,0.33722,0.024328,-0.19628,-0.0061893,-0.01352,0.058956,0,-0.077133,0,-0.07462,-0.14761,-0.034514,0.0718,-0.15017,-0.00027303,-0.1092,-0.61953,-0.049114,0.06562,-0.62516,-0.034085,-0.066538,-0.99547,0.012473,0.0087607,-1.0006,0.037861
0.01145,0.59366,0.11173,-0.0010493,0.41535,0.098273,-0.15769,0.29161,0.020109,0.16758,0.30143,0.068288,-0.25989,0.079262,-0.019796,0.2028,0.071295,0.0052588,-0.36695,-0.036643,-0.18374,0.28012,0.0055505,-0.20105,-0.0065651,0.047678,0.059323,0,-0.011606,0,-0.071907,-0.082953,-0.029531,0.07226,-0.083704,-0.0078044,-0.093792,-0.60916,-0.024568,0.06167,-0.61786,-0.0080744,-0.069089,-0.99547,0.0085883,0.0093538,-1.0021,0.034815
0.011191,0.62793,0.11586,0.0019284,0.41534,0.095313,-0.14902,0.34353,0.013717,0.16742,0.3181,0.050834,-0.24299,0.089201,-0.022167,0.20322,0.086484,-0.012021,-0.3529,-0.056316,-0.15529,0.26042,-0.011087,-0.21177,-0.0054815,0.061785,0.058306,0,0.0090172,0,-0.071981,-0.057806,-0.031466,0.069873,-0.063596,-0.0052869,-0.075081,-0.60642,-0.018108,0.059513,-0.61251,-0.0020648,-0.064398,-0.99226,0.013334,0.0092946,-1.0031,0.034046
0.01931,0.67878,0.10193,-0.001673,0.50276,0.098018,-0.1424,0.38142,0.0084397,0.16053,0.36748,0.041814,-0.24284,0.10346,-0.023244,0.20558,0.10784,-0.02222,-0.33284,-0.084509,-0.10178,0.24812,-0.070787,-0.15352,-0.0058608,0.12107,0.059547,0,0.058181,0,-0.068243,-0.0060926,-0.03348,0.068727,-0.013013,-0.00038645,-0.061185,-0.53525,-0.042372,0.051316,-0.55269,-0.011382,-0.039514,-0.93134,0.042281,0.012516,-0.95537,0.053729
0.0049293,0.69592,0.10171,0.0011233,0.51419,0.095381,-0.14457,0.39363,0.0069331,0.15402,0.38264,0.037328,-0.24262,0.11486,-0.018021,0.2037,0.10979,-0.015312,-0.32558,-0.087365,-0.030922,0.24503,-0.093608,-0.096705,-0.0049151,0.13493,0.059174,0,0.072736,0,-0.069056,0.010045,-0.033935,0.068671,0.0017654,0.001051,-0.071701,-0.48457,-0.060024,0.064571,-0.47363,-0.043583,-0.056525,-0.85486,0.064109,0.013454,-0.87665,0.050886
-5.039e-05,0.70887,0.094504,-0.0028018,0.5315,0.090005,-0.14996,0.40037,0.003191,0.15938,0.40266,0.061421,-0.24791,0.12717,-0.0074942,0.20271,0.11123,0.0093431,-0.33008,-0.063624,0.047925,0.25905,-0.099663,-0.016439,-0.0090297,0.15549,0.057825,0,0.093304,0,-0.071833,0.022507,-0.037377,0.071997,0.020927,0.004521,-0.078076,-0.48075,-0.064053,0.060011,-0.47293,-0.046848,-0.063048,-0.85442,0.059051,0.0020562,-0.84544,0.073123
0.0050941,0.72188,0.090907,-0.0031426,0.54687,0.096697,-0.14385,0.41661,0.0036276,0.16098,0.40617,0.059142,-0.26337,0.15479,0.04743,0.20462,0.1242,0.039788,-0.33941,-0.0451,0.080617,0.27547,-0.082451,0.038512,-0.0093044,0.15746,0.058467,0,0.094366,0,-0.072852,0.026304,-0.034718,0.072419,0.021892,0.0034972,-0.078604,-0.48417,-0.060364,0.063475,-0.48516,-0.035098,-0.065136,-0.8546,0.053019,0.0044513,-0.84576,0.066005
0.0057224,0.72161,0.091111,-0.0022625,0.54565,0.093237,-0.14588,0.41393,0.0012969,0.15783,0.40705,0.058967,-0.27553,0.16321,0.065566,0.211,0.11913,0.054639,-0.3585,-0.028709,0.11741,0.31933,-0.063115,0.096123,-0.0095751,0.15797,0.057926,0,0.09454,0,-0.071923,0.026143,-0.034867,0.071923,0.022994,0.0050219,-0.07818,-0.52383,-0.035753,0.054272,-0.52684,-0.013132,-0.089384,-0.86817,0.03302,0.018983,-0.86862,0.050735
0.007204,0.71518,0.087178,-0.00027403,0.53863,0.087194,-0.14155,0.40886,0.001055,0.16166,0.39948,0.059321,-0.27278,0.1632,0.0768,0.22123,0.11822,0.071174,-0.38466,-0.019271,0.11021,0.35635,-0.041519,0.12296,-0.0090698,0.14446,0.056902,0,0.07663,0,-0.069844,0.0090608,-0.031175,0.070046,0.0073488,0.0027674,-0.095698,-0.51615,-0.049653,0.07622,-0.5309,-0.0088934,-0.11411,-0.85502,0.0138,0.0062926,-0.94138,0.0445
-0.0096302,0.68553,0.085621,0.0070793,0.51048,0.089744,-0.17338,0.35513,0.006104,0.15355,0.36633,0.06065,-0.30744,0.1132,0.087332,0.23513,0.093754,0.099425,-0.47,-0.031171,0.1014,0.42012,-0.017566,0.12364,-0.0062083,0.13143,0.05806,0,0.067372,0,-0.071449,-0.015768,-0.045986,0.075368,-0.01678,0.019876,-0.10455,-0.51415,-0.056567,0.051636,-0.5661,-0.018534,-0.08403,-0.92499,0.020629,-0.0021306,-1.0213,0.060307
-0.021535,0.61567,0.07718,0.023007,0.44823,0.09122,-0.14859,0.3113,-0.0072151,0.15983,0.29299,0.055147,-0.32401,0.095578,0.070468,0.24473,0.053452,0.095288,-0.51182,-0.017153,0.051054,0.45661,0.0068716,0.051355,-0.0059095,0.084905,0.058544,0,0.028163,0,-0.074576,-0.055801,-0.067066,0.06691,-0.054084,0.028752,-0.10538,-0.59357,-0.060787,0.055872,-0.58614,-0.039367,-0.074827,-0.96647,0.038737,0.0069866,-0.9808,0.051995
-0.022257,0.55295,0.074941,0.0016321,0.37994,0.084407,-0.13589,0.28555,-0.0024121,0.16515,0.22975,0.05361,-0.31966,0.074245,0.069991,0.26926,0.0094148,0.07228,-0.52951,0.0080491,-0.0097828,0.48733,0.031327,0.054783,-0.010039,0.0061347,0.056819,0,-0.056537,0,-0.072598,-0.12474,-0.046275,0.072058,-0.13282,0.014072,-0.094959,-0.6082,-0.053893,0.074071,-0.59435,-0.036195,-0.061137,-0.99252,0.068327,0.019535,-0.98108,0.058633
0.020618,0.51699,0.082083,0.015339,0.3399,0.081325,-0.11887,0.28169,0.0060598,0.16731,0.20009,0.064521,-0.31708,0.06743,0.034052,0.28537,0.005827,0.058348,-0.51696,0.037965,-0.064125,0.48783,0.056393,-0.021942,-0.0094752,-0.03046,0.056091,0,-0.093648,0,-0.069195,-0.14939,-0.036322,0.064588,-0.16594,0.0058289,-0.10049,-0.6239,-0.052699,0.076866,-0.62997,-0.032623,-0.059454,-1.002,0.068727,0.020348,-0.99858,0.066929
0.012703,0.48494,0.085815,-0.015913,0.30976,0.083298,-0.16541,0.18775,0.019382,0.16612,0.19081,0.063135,-0.36965,0.01224,0.0059855,0.29638,-0.00022097,0.026455,-0.51925,0.088842,-0.14775,0.46406,0.095592,-0.09031,-0.0061725,-0.04246,0.057208,0,-0.10172,0,-0.071499,-0.17725,-0.034009,0.071514,-0.17876,0.0062063,-0.10091,-0.62739,-0.053301,0.07768,-0.63051,-0.032234,-0.058794,-0.98432,0.056057,0.020933,-0.99317,0.065456
0.0017186,0.49422,0.091659,-0.014354,0.31533,0.081913,-0.16706,0.2024,0.016786,0.16419,0.19739,0.057885,-0.35828,0.01876,-0.0076578,0.30601,0.026741,-0.01696,-0.47202,0.098119,-0.19036,0.42239,0.13277,-0.18245,-0.006431,-0.040108,0.05696,0,-0.099431,0,-0.071871,-0.17482,-0.034988,0.072899,-0.1762,0.0060056,-0.10046,-0.62774,-0.039012,0.07448,-0.62757,-0.021274,-0.059075,-0.98234,0.054992,0.020179,-0.99063,0.067403
-0.0064664,0.55996,0.094766,-0.023354,0.38051,0.07905,-0.17832,0.262,0.005305,0.15347,0.26808,0.041183,-0.3057,0.069621,-0.020286,0.24221,0.071854,-0.024845,-0.42756,0.055778,-0.21483,0.36731,0.065703,-0.2176,-0.0087017,0.020966,0.056792,0,-0.038445,0,-0.070306,-0.11522,-0.032079,0.078604,-0.11053,-0.00058721,-0.090125,-0.62232,-0.0030886,0.071709,-0.60915,0.0062957,-0.058981,-0.98483,0.048552,0.021042,-0.99028,0.059128
-0.011804,0.62228,0.090632,-0.0152,0.44387,0.082232,-0.1686,0.30828,0.010587,0.16456,0.32612,0.056874,-0.27101,0.11628,0.011083,0.20436,0.10461,-0.066161,-0.38917,0.05507,-0.17589,0.34853,0.04002,-0.2309,-0.0083882,0.073723,0.057221,0,0.012139,0,-0.070356,-0.063872,-0.029365,0.075605,-0.060784,-0.0034138,-0.079383,-0.6127,0.0030685,0.065707,-0.60999,0.023865,-0.056685,-0.99073,0.053327,0.020324,-0.99434,0.055442
-0.0079265,0.6602,0.093649,-0.016712,0.4828,0.090148,-0.14658,0.35972,0.0059152,0.15831,0.37314,0.036662,-0.26921,0.14411,-0.003464,0.21696,0.16042,-0.066202,-0.36852,0.0067797,-0.15519,0.29596,0.022572,-0.22994,-0.0069289,0.10914,0.058496,0,0.04786,0,-0.066106,-0.012656,-0.029555,0.070273,-0.017732,-0.0027855,-0.061979,-0.56243,-0.0057055,0.056723,-0.56732,0.021692,-0.04294,-0.97321,0.063361,0.029571,-0.98878,0.066905
-0.0083196,0.68566,0.092534,0.0057796,0.50718,0.081269,-0.14482,0.37498,-0.0022836,0.15999,0.38601,0.032266,-0.265,0.14392,-0.0044949,0.2223,0.16255,-0.055973,-0.35994,-0.032523,-0.10595,0.25676,-0.0048526,-0.2059,-0.0048184,0.12639,0.057689,0,0.063534,0,-0.06845,-0.0024438,-0.028776,0.069352,-0.0054885,-0.0018038,-0.059851,-0.48666,-0.038608,0.048955,-0.51912,-0.0052377,-0.036301,-0.87913,0.077199,0.031872,-0.91798,0.10645
0.0020064,0.70929,0.085813,-0.00018269,0.5304,0.075845,-0.13584,0.39984,-0.013994,0.1625,0.40088,0.028321,-0.25399,0.14216,-0.01041,0.21534,0.15313,-0.042197,-0.33644,-0.059423,-0.047182,0.23984,-0.048393,-0.13751,-0.0069692,0.1685,0.056122,0,0.10735,0,-0.067876,0.042254,-0.033689,0.068868,0.035581,0.0054324,-0.084976,-0.43565,-0.07252,0.065912,-0.46675,-0.034717,-0.021454,-0.80278,0.10595,0.052084,-0.79291,0.10354
0.00033707,0.71757,0.083358,0.0074997,0.53929,0.076566,-0.13497,0.40944,-0.010411,0.16168,0.40039,0.026577,-0.24984,0.13873,0.0014033,0.20914,0.14283,-0.033437,-0.32572,-0.066332,0.0032502,0.22883,-0.068283,-0.10173,-0.0059339,0.16758,0.056475,0,0.1043,0,-0.069484,0.040077,-0.030133,0.068726,0.032341,0.0020768,-0.092757,-0.4111,-0.090665,0.070071,-0.42587,-0.049958,-0.045332,-0.77441,0.099089,0.031798,-0.78484,0.14871
0.00012256,0.7195,0.076142,0.0015569,0.54096,0.069065,-0.15133,0.40302,-0.0071268,0.16286,0.40086,0.028228,-0.24574,0.13798,0.019022,0.20401,0.10735,-0.0083022,-0.31888,-0.066707,0.034625,0.23355,-0.10771,-0.051779,-0.0052582,0.16818,0.056517,0,0.10418,0,-0.071003,0.037703,-0.02864,0.070226,0.030754,0.0017215,-0.095876,-0.4094,-0.09181,0.069267,-0.43159,-0.048697,-0.046672,-0.77241,0.098413,0.031082,-0.78944,0.15211
0.0013533,0.71646,0.073334,0.016168,0.53843,0.066002,-0.14927,0.40251,-0.0067966,0.16197,0.39748,0.024556,-0.24489,0.13445,0.034048,0.20762,0.10516,0.00065446,-0.31384,-0.063454,0.085705,0.26569,-0.10596,-0.00032924,-0.0023491,0.16085,0.055796,0,0.093328,0,-0.073403,0.027824,-0.027054,0.068102,0.018325,0.0019744,-0.093869,-0.44115,-0.082824,0.072728,-0.47228,-0.040144,-0.044354,-0.82537,0.067095,0.032978,-0.81013,0.14693
0.0014555,0.70783,0.062997,0.017457,0.53188,0.065895,-0.14914,0.40026,-0.0049878,0.15925,0.38726,0.02448,-0.25975,0.1402,0.060536,0.21097,0.096262,0.026833,-0.34923,-0.085491,0.12776,0.27915,-0.11225,0.01807,-0.001817,0.14504,0.055464,0,0.07693,0,-0.073054,0.012502,-0.027666,0.067234,0.0031896,0.003188,-0.075953,-0.53886,-0.041924,0.04704,-0.54776,-0.0023418,-0.055331,-0.94633,0.052856,0.022616,-0.93468,0.13649
-0.0041586,0.65111,0.05774,0.0052854,0.47382,0.057022,-0.14448,0.37049,-0.00038545,0.15442,0.35327,0.02677,-0.26103,0.11648,0.074926,0.22189,0.067026,0.043209,-0.38806,-0.09379,0.13621,0.34082,-0.11667,0.047991,-0.0031324,0.12725,0.054126,0,0.065718,0,-0.069652,-0.0022309,-0.031201,0.066139,-0.0064229,0.0061602,-0.088016,-0.55348,-0.036434,0.049426,-0.55775,-0.0012848,-0.055379,-0.97842,0.055844,0.03065,-0.93883,0.1215
-0.030448,0.59618,0.05853,0.011257,0.42394,0.059071,-0.12964,0.4073,0.0043755,0.17336,0.28583,0.028003,-0.25147,0.14838,0.05855,0.23804,0.027152,0.054929,-0.43724,-0.078025,0.094967,0.41753,-0.10603,0.065059,-0.0061894,0.12127,0.053671,0,0.064493,0,-0.068699,-0.0027118,-0.030967,0.061308,-0.013263,0.0037561,-0.088216,-0.55408,-0.038056,0.050682,-0.56488,-0.0037381,-0.068294,-0.99418,0.049118,0.0098774,-0.98545,0.06171
-0.01212,0.56287,0.043757,0.031381,0.39357,0.054259,-0.11315,0.34631,-0.0035564,0.17205,0.20171,0.019689,-0.26074,0.10178,0.052392,0.27354,-0.028537,0.058688,-0.48241,-0.087861,0.075242,0.48095,-0.090846,0.010105,-0.0016375,0.049104,0.052896,0,-0.010119,0,-0.068836,-0.085137,-0.055184,0.054519,-0.099017,0.027853,-0.095456,-0.61446,-0.04371,0.050202,-0.59237,-0.016242,-0.07258,-0.998,0.054144,0.0090192,-0.98423,0.058337
0.022623,0.49638,0.058401,0.041432,0.32259,0.068561,-0.11464,0.27456,-0.0029692,0.17404,0.17749,0.032502,-0.2895,0.050227,0.056815,0.28064,-0.02924,0.04899,-0.514,-0.05105,0.008498,0.49616,-0.027682,-0.0052598,-0.0015803,-0.027068,0.055037,0,-0.086993,0,-0.074559,-0.14306,-0.016775,0.060879,-0.16616,-0.010124,-0.097546,-0.62285,-0.049199,0.057519,-0.60373,-0.025246,-0.071423,-0.99789,0.054597,0.009994,-0.98505,0.058901
0.011284,0.45716,0.060485,-0.0026496,0.27896,0.05265,-0.15716,0.16911,-0.0020979,0.17627,0.17027,0.033535,-0.35455,-0.026699,0.061484,0.31789,-0.03111,0.016512,-0.53635,-0.0077562,-0.072906,0.52056,0.020123,-0.063249,-0.0048693,-0.067313,0.053257,0,-0.12721,0,-0.074907,-0.20538,-0.030303,0.074421,-0.208,0.0065065,-0.10383,-0.63483,-0.055697,0.063135,-0.62324,-0.037096,-0.068513,-0.99748,0.051285,0.012395,-0.9873,0.056271
0.0080004,0.46765,0.063128,-0.0025688,0.28955,0.056697,-0.16852,0.17615,0.013727,0.17649,0.17132,0.03399,-0.32401,0.0051958,0.03289,0.30538,-0.01043,0.0011323,-0.48816,0.0331,-0.1229,0.48439,0.057412,-0.12195,-0.0029654,-0.061362,0.053797,0,-0.12169,0,-0.07621,-0.19962,-0.029578,0.076092,-0.1999,0.0035142,-0.10368,-0.63515,-0.053761,0.06104,-0.62567,-0.032399,-0.071545,-0.99534,0.052847,0.0094051,-0.98802,0.058943
-0.0035196,0.54054,0.080637,-0.0041183,0.36183,0.072797,-0.17086,0.23657,0.027663,0.17405,0.23667,0.035479,-0.31072,0.052157,0.026353,0.28455,0.049117,-0.016548,-0.46136,0.049192,-0.14593,0.45394,0.046358,-0.16875,-0.0017437,0.0036552,0.056283,0,-0.056465,0,-0.075665,-0.13449,-0.031262,0.077193,-0.13355,-0.00052096,-0.099795,-0.62821,-0.024166,0.06024,-0.61238,-0.013725,-0.080399,-0.99119,0.074317,0.0076121,-0.98819,0.059347
-0.0005851,0.60148,0.097243,-0.0053077,0.42168,0.080858,-0.15509,0.3011,0.014055,0.16226,0.30648,0.028958,-0.2835,0.11765,0.030031,0.22988,0.10006,-0.026151,-0.4141,0.038863,-0.14036,0.39122,0.046291,-0.17743,-0.0029619,0.05267,0.057352,0,-0.010723,0,-0.071189,-0.081825,-0.024905,0.072731,-0.076284,-0.0061893,-0.077999,-0.6298,0.025067,0.057489,-0.59516,0.029795,-0.075866,-0.98731,0.088393,0.0093432,-0.98828,0.063389
0.0085826,0.65495,0.10123,-0.003568,0.4754,0.084602,-0.15359,0.35294,0.010974,0.16463,0.36644,0.030169,-0.28523,0.12595,0.025844,0.25028,0.15654,-0.025948,-0.40513,0.0084403,-0.12803,0.35856,0.02495,-0.17675,-0.0029594,0.10272,0.058029,0,0.040748,0,-0.070151,-0.029717,-0.025525,0.071269,-0.033575,-0.0060377,-0.064707,-0.57856,0.01874,0.050084,-0.58264,0.032082,-0.070146,-0.97153,0.10318,0.0055133,-0.98604,0.067647
0.0026562,0.68911,0.085859,0.0059975,0.51172,0.085021,-0.14648,0.39447,0.011714,0.16891,0.38126,0.026282,-0.27373,0.13313,0.024385,0.2535,0.1621,-0.023089,-0.39051,-0.030017,-0.076877,0.32734,0.0022458,-0.1666,-0.0016944,0.13335,0.05812,0,0.070337,0,-0.073172,0.0073067,-0.02464,0.070321,-0.0020546,-0.0063258,-0.063759,-0.53068,-0.00798,0.042163,-0.54755,0.023438,-0.034876,-0.93835,0.086765,0.010263,-0.93306,0.091432
0.0079736,0.71343,0.078568,0.012643,0.53675,0.081127,-0.13255,0.41772,-0.0004246,0.16833,0.40578,0.026597,-0.2659,0.1587,0.030291,0.23816,0.15993,-0.017103,-0.37402,-0.02944,-0.014273,0.29323,-0.034076,-0.11615,-0.0025793,0.15605,0.057518,0,0.091601,0,-0.072319,0.029388,-0.025769,0.068746,0.021403,-0.0030946,-0.085027,-0.456,-0.040332,0.061403,-0.48094,-0.0080714,-0.057812,-0.83383,0.1205,0.035317,-0.83135,0.1635
0.001698,0.72375,0.074058,0.0043727,0.54668,0.075412,-0.13505,0.42117,-0.0035634,0.16566,0.40776,0.025012,-0.26513,0.16339,0.039625,0.22633,0.14895,-0.0048834,-0.36078,-0.031798,0.056136,0.2742,-0.059841,-0.065032,-0.0048221,0.18261,0.056065,0,0.12303,0,-0.069983,0.054864,-0.028042,0.069285,0.054261,0.00086124,-0.10571,-0.42797,-0.056082,0.058234,-0.45318,-0.02994,-0.05939,-0.80044,0.12053,0.027897,-0.81477,0.1574
-0.0049116,0.72475,0.067842,0.012155,0.55005,0.075852,-0.13692,0.42225,-0.0029963,0.16483,0.40951,0.02598,-0.26231,0.16455,0.049074,0.22348,0.13726,0.0033697,-0.34981,-0.033302,0.072851,0.25005,-0.0805,-0.0049085,-0.0039803,0.17888,0.056506,0,0.11542,0,-0.07318,0.049293,-0.026415,0.070848,0.043592,-0.0013812,-0.10874,-0.41645,-0.063996,0.059595,-0.44231,-0.036257,-0.056172,-0.78255,0.12279,0.030446,-0.80661,0.1569
-0.0046451,0.72664,0.066653,0.014464,0.55168,0.073123,-0.14352,0.42245,-0.0011714,0.16481,0.40953,0.026055,-0.26299,0.16353,0.056344,0.21914,0.1315,0.017794,-0.33868,-0.023817,0.12915,0.25946,-0.084034,0.014618,-0.003249,0.17828,0.056431,0,0.11399,0,-0.074401,0.047224,-0.025661,0.071189,0.040531,-0.0017155,-0.10825,-0.41898,-0.064663,0.055444,-0.4532,-0.036346,-0.044246,-0.7876,0.11476,0.032157,-0.80599,0.15193
0.0069915,0.72366,0.058493,0.016473,0.54951,0.071066,-0.14383,0.42175,-0.00041556,0.16983,0.4008,0.021516,-0.25715,0.16971,0.083267,0.22062,0.11417,0.034441,-0.34303,-0.019794,0.14058,0.29578,-0.090062,0.050817,-0.0018028,0.17297,0.05608,0,0.10762,0,-0.076088,0.039852,-0.026944,0.071333,0.029841,0.00050791,-0.091177,-0.48438,-0.051376,0.057896,-0.50138,-0.023791,-0.031724,-0.87798,0.076734,0.024422,-0.85634,0.13423
0.013672,0.70192,0.054354,0.021144,0.52735,0.066107,-0.14482,0.41537,0.0053943,0.16903,0.38591,0.021467,-0.25667,0.1619,0.087617,0.23027,0.099845,0.048551,-0.34983,-0.023837,0.14599,0.33202,-0.093466,0.058841,0.00023569,0.14596,0.055317,0,0.079497,0,-0.076466,0.013968,-0.024319,0.069852,0.0050048,-6.926e-05,-0.087019,-0.53857,-0.026804,0.053083,-0.54744,-0.0071168,-0.044615,-0.9501,0.052543,0.021852,-0.95724,0.12617
-0.0070856,0.64106,0.044721,0.044997,0.4743,0.056798,-0.15121,0.3487,-0.0024442,0.16263,0.32523,0.032837,-0.28043,0.11252,0.09843,0.23713,0.062283,0.063488,-0.42959,-0.042412,0.13076,0.40382,-0.079382,0.029333,0.0017205,0.085635,0.053858,0,0.015803,0,-0.083004,-0.056821,-0.033193,0.068742,-0.056903,0.011091,-0.10347,-0.60875,-0.019191,0.03717,-0.58135,-0.0048392,-0.057742,-0.98287,0.060189,0.015772,-0.96083,0.11896
-0.022309,0.58514,0.05526,0.058318,0.43064,0.069086,-0.14656,0.32618,-0.0097256,0.1695,0.28895,0.025911,-0.2869,0.093145,0.085334,0.26896,0.033102,0.051706,-0.48346,-0.043171,0.096226,0.47475,-0.042875,0.023501,0.0022098,0.081138,0.05444,0,0.015325,0,-0.081742,-0.059136,-0.038201,0.066799,-0.060702,0.015789,-0.1037,-0.61093,-0.020442,0.029914,-0.58596,-0.012453,-0.060984,-0.9877,0.059259,0.005246,-0.98878,0.061918
-0.0058843,0.54635,0.044247,0.039889,0.37711,0.0546,-0.10583,0.27409,-0.012532,0.19079,0.20868,0.037067,-0.27664,0.056572,0.071616,0.3166,-0.0087044,0.050809,-0.4929,-0.028254,0.051095,0.53076,0.011918,-0.007434,-0.0025069,-0.0015659,0.053016,0,-0.06984,0,-0.076126,-0.12871,-0.020813,0.063982,-0.14704,0.00025295,-0.0985,-0.62534,-0.023478,0.046363,-0.59279,-0.016941,-0.05553,-0.99405,0.063481,0.020817,-0.98786,0.067721
0.028558,0.49161,0.053223,0.036649,0.31436,0.055355,-0.098022,0.26996,-0.0089015,0.18945,0.18078,0.038227,-0.27547,0.05219,0.063366,0.32679,-0.0056517,0.036232,-0.49564,0.0042434,-0.028001,0.53798,0.032488,-0.024315,-0.0035261,-0.040453,0.053012,0,-0.10186,0,-0.072613,-0.15952,-0.023536,0.061234,-0.17428,0.0022956,-0.1051,-0.62303,-0.023377,0.058088,-0.60696,-0.028105,-0.058589,-0.99014,0.080947,0.032179,-0.97946,0.06111
0.027263,0.48991,0.052992,0.028496,0.31145,0.050617,-0.15268,0.191,0.011097,0.18842,0.18081,0.035773,-0.31389,-0.00045132,0.050364,0.32359,-0.018568,0.028029,-0.47649,0.034845,-0.1062,0.49113,0.097469,-0.11078,0.0018468,-0.04196,0.053449,0,-0.10386,0,-0.075902,-0.17421,-0.021414,0.068031,-0.18116,0.0017496,-0.11164,-0.63039,-0.014803,0.060495,-0.61521,-0.025516,-0.060539,-0.99057,0.08606,0.03252,-0.98032,0.063764
0.012442,0.53493,0.062847,0.0085047,0.35585,0.057406,-0.15873,0.21915,0.012039,0.1795,0.23595,0.029579,-0.29648,0.038935,0.024138,0.31596,0.012563,-0.0070636,-0.44812,0.029199,-0.14758,0.47627,0.10025,-0.14212,0.00041596,-0.016085,0.05398,0,-0.080318,0,-0.077439,-0.15748,-0.022502,0.073612,-0.15533,-0.00091946,-0.11083,-0.63293,-0.00025596,0.056562,-0.62425,-0.013822,-0.0631,-0.99461,0.084291,0.029495,-0.98875,0.066275
0.01797,0.58483,0.05434,0.011768,0.40748,0.057155,-0.15787,0.28605,0.0036879,0.17836,0.29106,0.017044,-0.24526,0.065147,-0.010159,0.27715,0.083789,-0.065646,-0.39657,0.010923,-0.17292,0.4641,0.061102,-0.1918,0.00020045,0.043636,0.054108,0,-0.019897,0,-0.07753,-0.096303,-0.023845,0.073369,-0.09459,-0.00093853,-0.098449,-0.6285,0.023318,0.060098,-0.6192,0.0015599,-0.06106,-0.99509,0.082911,0.030431,-0.99029,0.065548
0.014547,0.63464,0.058968,0.01707,0.45769,0.064082,-0.15894,0.32176,-0.0012367,0.17496,0.33449,0.01151,-0.26926,0.11485,-0.023856,0.26948,0.13775,-0.038569,-0.36873,-0.022316,-0.17658,0.38439,0.018526,-0.19582,0.001257,0.077265,0.055013,0,0.011095,0,-0.076714,-0.061307,-0.025615,0.071785,-0.065685,-0.0005591,-0.095783,-0.61087,0.022797,0.062764,-0.61262,0.0098962,-0.060718,-0.99457,0.080765,0.025784,-0.99077,0.065564
0.010406,0.65922,0.065432,0.0087878,0.48148,0.067557,-0.15822,0.37846,-0.0067424,0.1692,0.36257,0.016798,-0.26787,0.1175,-0.023709,0.26245,0.15047,-0.03208,-0.36653,-0.042458,-0.15035,0.33673,-0.0025146,-0.18404,-0.0027544,0.12423,0.055609,0,0.062805,0,-0.073961,-0.0087852,-0.029808,0.071724,-0.013444,0.0019704,-0.07805,-0.56091,-0.0033687,0.042017,-0.56585,0.0086204,-0.048099,-0.97081,0.08804,0.021033,-0.984,0.07294
0.0086998,0.67848,0.05839,0.012518,0.49533,0.061591,-0.15617,0.38689,-0.0079348,0.16757,0.37933,0.019997,-0.25942,0.12216,-0.021772,0.25065,0.14747,-0.029652,-0.35596,-0.077948,-0.085616,0.29224,-0.041972,-0.14572,-0.0025424,0.13409,0.054976,0,0.071659,0,-0.074529,0.0034421,-0.027869,0.070974,-0.0046568,0.00133,-0.10019,-0.46573,-0.0569,0.040141,-0.4989,-0.019682,-0.041736,-0.86096,0.069644,0.0193,-0.88396,0.093312
0.01406,0.6858,0.052263,0.0098701,0.50947,0.059505,-0.15238,0.39683,-0.008764,0.16755,0.38075,0.023329,-0.25419,0.11869,-0.015165,0.22912,0.12621,-0.0093572,-0.33646,-0.089077,-0.01734,0.27767,-0.094679,-0.097781,-0.0036173,0.14716,0.054428,0,0.084146,0,-0.075311,0.017182,-0.027073,0.072172,0.006725,0.0017436,-0.1083,-0.44458,-0.069312,0.039188,-0.46975,-0.04062,-0.060256,-0.82721,0.089934,0.028673,-0.82634,0.13449
0.01191,0.68695,0.04927,0.011133,0.51036,0.058775,-0.1511,0.3974,-0.0098892,0.16814,0.3826,0.021355,-0.24897,0.12551,-0.000267,0.21703,0.10436,0.00096664,-0.33178,-0.070602,0.04139,0.25142,-0.11232,-0.024925,-0.0032606,0.14835,0.054324,0,0.085294,0,-0.075366,0.018329,-0.027537,0.071869,0.0078277,0.0024171,-0.10895,-0.44325,-0.07201,0.045095,-0.47025,-0.044949,-0.059842,-0.82977,0.078966,0.028705,-0.82636,0.13419
0.0066846,0.68445,0.041071,0.012,0.50952,0.055857,-0.1488,0.39368,-0.011414,0.16722,0.38112,0.018578,-0.24981,0.12282,0.033205,0.21957,0.089941,0.023911,-0.35312,-0.089533,0.11087,0.26031,-0.12584,0.021656,-0.0028365,0.14381,0.054017,0,0.079058,0,-0.075389,0.012574,-0.026104,0.071761,0.0040371,0.0034028,-0.10719,-0.45314,-0.074753,0.048591,-0.48283,-0.043939,-0.062429,-0.84562,0.064062,0.018985,-0.85185,0.066081
0.0075897,0.67206,0.034799,0.016471,0.49673,0.044899,-0.15532,0.37789,-0.016734,0.16351,0.37124,0.012363,-0.27078,0.12804,0.07105,0.22453,0.085854,0.045279,-0.35676,-0.059935,0.13334,0.27542,-0.11868,0.098975,-0.0018289,0.12865,0.052471,0,0.062051,0,-0.076064,-0.010071,-0.025159,0.07116,-0.012018,0.0051785,-0.10247,-0.53996,-0.06773,0.040289,-0.55597,-0.041811,-0.051654,-0.939,0.052716,0.013358,-0.93016,0.060497
0.00037029,0.63457,0.022324,0.022649,0.45954,0.029457,-0.15553,0.32679,-0.023173,0.16075,0.32132,-0.0038354,-0.28322,0.10605,0.083971,0.23168,0.057563,0.061413,-0.39717,-0.067353,0.14423,0.32412,-0.12632,0.12625,0.00062575,0.1021,0.049823,0,0.035848,0,-0.072645,-0.042595,-0.026377,0.066609,-0.033454,0.0097948,-0.095997,-0.59596,-0.051781,0.032344,-0.58564,-0.032046,-0.059509,-0.99114,0.038607,0.012791,-1.0088,0.04235
0.015692,0.58916,0.038797,0.017463,0.40452,0.033359,-0.14106,0.29997,-0.026361,0.1716,0.27531,0.025126,-0.29434,0.087057,0.089184,0.25378,0.019371,0.094686,-0.45207,-0.049826,0.14581,0.40263,-0.12266,0.16002,-0.0050912,0.043011,0.049265,0,-0.023666,0,-0.074841,-0.095806,-0.030311,0.06892,-0.09672,0.014605,-0.10252,-0.60682,-0.047402,0.030446,-0.61476,-0.031007,-0.082715,-0.98867,0.037449,0.006037,-0.99346,0.039166
0.015783,0.55106,0.031573,0.011723,0.37257,0.02969,-0.1293,0.26595,-0.035751,0.19568,0.19261,0.045158,-0.30183,0.070339,0.082842,0.29365,-0.018152,0.10848,-0.51681,-0.037884,0.13144,0.50143,-0.084621,0.12565,-0.010043,0.027559,0.047328,0,-0.036937,0,-0.074267,-0.10707,-0.027415,0.068138,-0.12046,0.0084227,-0.10466,-0.61107,-0.051131,0.040208,-0.61806,-0.030924,-0.075795,-0.99097,0.049077,0.01098,-0.99243,0.04583
0.014378,0.49308,0.044668,0.018701,0.3155,0.047178,-0.12833,0.20817,-0.02413,0.18655,0.18154,0.05063,-0.32994,0.037837,0.088582,0.31585,-0.026433,0.11169,-0.54349,-0.014399,0.087998,0.53572,-0.024467,0.087143,-0.008107,-0.045106,0.0504,0,-0.11016,0,-0.076433,-0.17728,-0.030107,0.07018,-0.18538,0.0099986,-0.11085,-0.61783,-0.044462,0.049225,-0.6266,-0.030814,-0.073825,-0.99066,0.059981,0.015347,-0.99006,0.05453
0.018716,0.47507,0.050246,0.017589,0.29639,0.048135,-0.14346,0.1855,-0.0065286,0.18646,0.16751,0.055056,-0.35892,0.021227,0.092099,0.35791,-0.010227,0.092693,-0.56811,0.037583,0.012155,0.56499,0.055496,0.043531,-0.0058557,-0.050336,0.050904,0,-0.11321,0,-0.077517,-0.18309,-0.030633,0.071502,-0.1923,0.0075313,-0.11534,-0.62456,-0.041984,0.050034,-0.63022,-0.030176,-0.068492,-0.99606,0.073082,0.020619,-0.99031,0.056679
0.022009,0.48669,0.06264,0.01352,0.30649,0.051135,-0.1555,0.19729,0.0036347,0.18799,0.17736,0.057672,-0.34811,0.037742,0.066079,0.34396,0.023306,0.071424,-0.53953,0.082019,-0.046358,0.53182,0.095013,-0.03135,-0.0052612,-0.042318,0.051836,0,-0.10375,0,-0.078466,-0.17888,-0.029796,0.073761,-0.1852,0.0061381,-0.11627,-0.6248,-0.036237,0.053413,-0.63372,-0.026143,-0.068651,-0.99598,0.075467,0.019776,-0.99353,0.067527
0.016626,0.56448,0.091781,0.0071489,0.38375,0.076548,-0.16536,0.26682,0.021149,0.18178,0.26872,0.057274,-0.32908,0.090596,0.043711,0.28616,0.043946,0.056991,-0.48939,0.10034,-0.1199,0.47257,0.10334,-0.072451,-0.0035342,0.029239,0.056046,0,-0.029833,0,-0.076286,-0.10548,-0.026483,0.073623,-0.10823,-0.0068588,-0.11439,-0.62106,-0.006912,0.053837,-0.62749,-0.010252,-0.072401,-0.99575,0.080246,0.018142,-0.99692,0.071258
0.012604,0.62463,0.095684,0.0059413,0.44395,0.082246,-0.16307,0.32104,0.018173,0.18007,0.32585,0.057117,-0.30675,0.12771,0.046299,0.26688,0.1088,0.034536,-0.44671,0.084822,-0.13111,0.4383,0.089303,-0.1152,-0.0039421,0.07599,0.05686,0,0.012776,0,-0.075879,-0.062441,-0.028127,0.073964,-0.063082,-0.0059534,-0.10272,-0.61336,0.012445,0.053557,-0.61091,0.012972,-0.070427,-0.99111,0.068782,0.01156,-0.99939,0.072343
0.011583,0.6608,0.10399,0.0069626,0.47898,0.08148,-0.15515,0.36754,0.015305,0.17755,0.36009,0.05447,-0.27368,0.15756,0.052349,0.27601,0.16357,0.040259,-0.39885,0.052237,-0.10785,0.41169,0.070541,-0.11891,-0.0045079,0.10667,0.057017,0,0.04513,0,-0.073735,-0.02343,-0.029459,0.071766,-0.032905,-0.0036879,-0.082573,-0.57509,0.012181,0.048772,-0.58565,0.01973,-0.061834,-0.98363,0.069004,0.0057602,-0.99497,0.074675
0.022548,0.70482,0.095131,0.0061041,0.52456,0.080947,-0.14348,0.40211,0.0028316,0.17426,0.39092,0.043757,-0.25191,0.19441,0.020831,0.2677,0.17623,0.031905,-0.37394,0.026989,-0.088534,0.36933,0.025511,-0.10505,-0.0052766,0.16206,0.056758,0,0.10124,0,-0.069492,0.03636,-0.024046,0.067536,0.026472,-0.0067564,-0.06699,-0.51772,-0.013245,0.03298,-0.52653,0.0040342,-0.027242,-0.92151,0.064683,0.011731,-0.92629,0.066659
0.022677,0.71494,0.09109,0.01033,0.53479,0.080338,-0.14241,0.4184,0.0012989,0.17421,0.41982,0.056204,-0.2583,0.17659,0.020682,0.26148,0.17611,0.033373,-0.35844,-0.017708,-0.017657,0.33719,-0.0091705,-0.071045,-0.0063846,0.16808,0.056594,0,0.10656,0,-0.071877,0.042245,-0.029834,0.068253,0.03074,-0.0033195,-0.073285,-0.48015,-0.034035,0.036825,-0.48686,-0.017331,-0.045376,-0.86275,0.056497,0.012024,-0.8677,0.068982
0.023687,0.72989,0.087326,0.0095404,0.55051,0.080887,-0.14288,0.42768,-0.0026419,0.17534,0.43333,0.058299,-0.25767,0.16915,0.026415,0.24534,0.16472,0.035849,-0.33628,-0.035473,0.033399,0.30542,-0.038802,-0.03558,-0.007075,0.18455,0.056569,0,0.12316,0,-0.071943,0.055789,-0.028481,0.068478,0.047412,-0.0033948,-0.084959,-0.46403,-0.040191,0.041213,-0.4743,-0.018975,-0.050978,-0.84527,0.052971,0.012734,-0.85017,0.065383
0.027834,0.73736,0.087824,0.011169,0.55772,0.079054,-0.13609,0.43388,-0.011744,0.16878,0.43437,0.027907,-0.254,0.16882,0.030497,0.23683,0.15332,0.042214,-0.3244,-0.026198,0.091627,0.29873,-0.055053,-0.005855,-0.0043235,0.186,0.056858,0,0.12382,0,-0.070677,0.057241,-0.030134,0.067583,0.049444,-0.0022916,-0.086638,-0.46524,-0.04136,0.04212,-0.47309,-0.019722,-0.052303,-0.85104,0.027028,0.0096762,-0.84861,0.041262
0.027538,0.73704,0.083236,0.012387,0.55647,0.069593,-0.13352,0.43153,-0.01714,0.17597,0.42821,0.043456,-0.25246,0.17022,0.037138,0.23082,0.1476,0.056227,-0.32319,-0.014686,0.13574,0.29717,-0.059682,0.077029,-0.007184,0.18552,0.055498,0,0.12201,0,-0.070132,0.05374,-0.032939,0.066795,0.048263,0.0010028,-0.090882,-0.48405,-0.046741,0.042659,-0.48856,-0.024548,-0.054911,-0.85624,0.024153,0.0103,-0.85498,0.032717
0.012845,0.72012,0.087755,0.0099993,0.53865,0.072455,-0.14084,0.40061,-0.019186,0.16783,0.41853,0.050327,-0.26694,0.15726,0.072545,0.22545,0.13178,0.082426,-0.33737,-0.027319,0.15712,0.30508,-0.068634,0.11461,-0.0082956,0.15042,0.055419,0,0.081869,0,-0.070762,0.011257,-0.031867,0.067052,0.014254,0.0067544,-0.083463,-0.54372,-0.032069,0.033847,-0.53986,-0.019797,-0.048486,-0.92957,0.010765,0.0041961,-0.92981,0.020191
0.019176,0.69935,0.078677,0.0043065,0.51892,0.06715,-0.13494,0.38673,-0.022257,0.17236,0.36031,0.046242,-0.26617,0.15257,0.08215,0.2297,0.097768,0.10361,-0.39151,-0.014815,0.15227,0.34356,-0.084935,0.13793,-0.010345,0.11318,0.053999,0,0.040791,0,-0.072068,-0.036519,-0.04081,0.071815,-0.033453,0.016581,-0.078277,-0.59165,-0.032245,0.023544,-0.58657,-0.016625,-0.056123,-1.0077,0.023183,0.0042134,-0.99305,0.020848
0.024591,0.63994,0.083126,0.011725,0.45738,0.050628,-0.13841,0.31484,-0.032467,0.17699,0.29941,0.045339,-0.29421,0.11081,0.094057,0.2433,0.050209,0.11544,-0.45291,-0.030032,0.14116,0.41892,-0.077749,0.14005,-0.0099996,0.096884,0.05209,0,0.030717,0,-0.07292,-0.048368,-0.044346,0.071253,-0.046863,0.019674,-0.095951,-0.60345,-0.040964,0.028588,-0.6003,-0.021772,-0.070815,-1.0245,0.036299,0.0019283,-0.9941,0.011758
0.037245,0.57857,0.081404,0.0054768,0.39869,0.056718,-0.13929,0.29122,-0.022229,0.17861,0.23271,0.035787,-0.30541,0.083287,0.087403,0.28096,0.0046712,0.11962,-0.51722,-0.025662,0.084088,0.49427,-0.050246,0.11904,-0.0091448,0.049962,0.052761,0,-0.0074845,0,-0.071867,-0.09197,-0.056381,0.068588,-0.098303,0.028159,-0.10023,-0.61453,-0.050163,0.040606,-0.6246,-0.030684,-0.073516,-1.0208,0.033177,0.005825,-1.0145,0.04176
0.046318,0.51874,0.095348,0.017319,0.33781,0.056527,-0.13865,0.21373,-0.018895,0.18319,0.18232,0.060642,-0.35141,0.034477,0.063989,0.32347,-0.015469,0.11009,-0.56888,0.0083549,0.024022,0.53646,0.024066,0.054994,-0.0095791,0.019268,0.052361,0,-0.035465,0,-0.074612,-0.12155,-0.067953,0.069161,-0.13278,0.037474,-0.11401,-0.62125,-0.063248,0.042118,-0.62124,-0.041729,-0.081037,-1.009,0.027047,0.00046906,-0.99795,0.033549
0.032421,0.47062,0.079892,0.0074263,0.2911,0.068704,-0.14166,0.18386,-0.0081858,0.18102,0.1785,0.070256,-0.3701,0.021868,0.070065,0.32428,-0.012722,0.11828,-0.56299,0.061027,-0.042836,0.50938,0.066796,0.015079,-0.010058,-0.068694,0.054509,0,-0.13002,0,-0.076785,-0.19912,-0.03187,0.074311,-0.20565,0.0037069,-0.11586,-0.62757,-0.05591,0.050289,-0.62997,-0.040178,-0.079352,-1.0186,0.045702,0.0005065,-1.0049,0.047124
0.027906,0.4763,0.081921,0.00887,0.29544,0.066708,-0.14766,0.18924,0.0024101,0.18488,0.17886,0.06956,-0.36337,0.026904,0.059135,0.32797,0.015764,0.084488,-0.52169,0.088412,-0.094777,0.49541,0.099528,-0.045356,-0.0081137,-0.057507,0.054413,0,-0.11714,0,-0.077079,-0.18978,-0.030076,0.075467,-0.19685,0.0018891,-0.11266,-0.62981,-0.055893,0.053736,-0.63005,-0.041287,-0.077075,-1.0185,0.046111,0.0043106,-1.0048,0.048843
0.012822,0.54144,0.10026,0.0052618,0.35841,0.07084,-0.16924,0.23749,0.020561,0.18219,0.24207,0.071949,-0.32399,0.058463,0.065081,0.28598,0.041356,0.09291,-0.48621,0.083212,-0.095438,0.4532,0.083362,-0.057783,-0.0057997,0.0062886,0.055659,0,-0.052865,0,-0.079084,-0.13054,-0.0316,0.077061,-0.13329,-0.00062636,-0.11358,-0.62685,-0.043492,0.053683,-0.62912,-0.03475,-0.084919,-1.0172,0.062587,0.00166,-1.0071,0.051492
