-0.07099125,0.471238,3.246755,-0.06321086,0.2861382,3.219169,-0.2393184,0.1577308,3.179564,0.1094344,0.1533385,3.249862,-0.460925,0.03198783,3.257343,0.2801344,0.02333764,3.288847,-0.6331901,0.1009562,3.162174,0.4505006,0.1278509,3.222144,-0.07235694,-0.04582079,3.250192,-0.06794433,-0.112028,3.228548,-0.15053,-0.1936396,3.208309,0.01272413,-0.191687,3.247438,-0.1429893,-0.6183963,3.158863,-0.003539518,-0.6119954,3.166126,-0.1158571,-1.009367,3.26622,-0.009306659,-0.9364294,3.222327
-0.06725958,0.4444127,3.251881,-0.05621567,0.2716986,3.222021,-0.2479942,0.150861,3.190412,0.1141115,0.1456121,3.256597,-0.4667554,0.02266281,3.225107,0.3135615,0.03512697,3.247762,-0.6066911,0.128948,3.110641,0.4584309,0.1469167,3.147025,-0.07052882,-0.04845599,3.249129,-0.06750614,-0.1134021,3.229154,-0.1508285,-0.1960791,3.209316,0.01323635,-0.1967134,3.247956,-0.1484341,-0.6332359,3.141037,-0.001301696,-0.6164824,3.158265,-0.1254301,-1.009676,3.262986,-0.04929172,-0.9973223,3.260887
-0.06487418,0.4401633,3.255602,-0.06151951,0.2676039,3.23316,-0.2459413,0.1517251,3.192915,0.1144264,0.144435,3.261724,-0.4582921,0.0384153,3.196456,0.2942806,0.03867425,3.240859,-0.5847276,0.1291205,3.053303,0.4262376,0.1419974,3.082765,-0.07174733,-0.05414216,3.252062,-0.06837553,-0.1182001,3.232093,-0.1508011,-0.1993952,3.210916,0.01196375,-0.2010603,3.249413,-0.1530549,-0.6404415,3.137775,0.0009755723,-0.621788,3.154242,-0.1261039,-1.010251,3.263162,-0.05099616,-0.9971923,3.261792
-0.06591511,0.4758237,3.291251,-0.06164175,0.3037868,3.273884,-0.2458851,0.1791691,3.224908,0.1116944,0.1781766,3.272963,-0.4374546,0.06819518,3.181019,0.2853127,0.04098493,3.208639,-0.5590157,0.1100276,3.011155,0.3991309,0.1361647,3.001755,-0.07077923,-0.04432006,3.26042,-0.06844949,-0.1087222,3.234351,-0.1504158,-0.1894772,3.213072,0.01097911,-0.1885411,3.243879,-0.1557817,-0.6329821,3.145713,0.002368979,-0.622606,3.15821,-0.129669,-1.004002,3.258139,-0.03077505,-0.9733697,3.241299
-0.07136568,0.5447699,3.317622,-0.06775892,0.3723509,3.297082,-0.2440617,0.2400929,3.241524,0.1093196,0.2546988,3.28412,-0.4182073,0.09832443,3.195307,0.2431098,0.08761466,3.177575,-0.5379114,0.0922705,3.018718,0.368466,0.09124427,3.005194,-0.07106578,0.02572536,3.271422,-0.06804159,-0.03781068,3.236836,-0.1473245,-0.117224,3.210093,0.01113189,-0.1171556,3.23534,-0.1559491,-0.6176193,3.184501,0.003013973,-0.617933,3.192128,-0.1289073,-1.005343,3.258502,-0.02663979,-0.9697071,3.24776
-0.06495132,0.6086107,3.336442,-0.06857416,0.4366212,3.319948,-0.2326425,0.3093172,3.251138,0.102718,0.3187487,3.29282,-0.3806377,0.1471731,3.224338,0.2256572,0.1122453,3.160637,-0.503608,0.08068007,3.064388,0.3558382,0.05859003,3.00165,-0.0711363,0.07653524,3.278974,-0.06757005,0.0121139,3.239348,-0.1420964,-0.06227367,3.211208,0.00730968,-0.06282013,3.234665,-0.153224,-0.6146939,3.195595,-0.004947038,-0.614916,3.217764,-0.1158195,-1.009725,3.252948,-0.02494077,-0.9670159,3.255489
-0.07644902,0.6589498,3.350625,-0.07573488,0.4856313,3.315835,-0.2249586,0.3597898,3.25083,0.1011567,0.3530505,3.29871,-0.3722436,0.1577579,3.230882,0.1799646,0.1683115,3.244097,-0.4918706,0.04909981,3.095282,0.2674057,0.05500294,3.087392,-0.07470588,0.1106958,3.27816,-0.06916064,0.04368559,3.23719,-0.1402783,-0.02504057,3.211835,0.003685272,-0.02912194,3.231395,-0.1356367,-0.5840629,3.208934,-0.02094144,-0.5876967,3.222085,-0.1106905,-1.00687,3.25866,-0.02771996,-0.966522,3.274529
-0.06966294,0.6829118,3.354918,-0.06756499,0.5081048,3.324283,-0.225366,0.3849117,3.249641,0.0955511,0.3752084,3.287955,-0.3714646,0.1584651,3.234464,0.179839,0.154957,3.233708,-0.49226,0.01340735,3.146988,0.2631068,0.007855035,3.107512,-0.07378452,0.128503,3.280888,-0.07001096,0.06153878,3.237207,-0.1416284,-0.006584293,3.211794,0.001039119,-0.01092773,3.230481,-0.1282433,-0.5654557,3.213128,-0.02006231,-0.569726,3.221346,-0.1043577,-0.9828364,3.291499,-0.03255853,-0.9503664,3.310811
-0.06700792,0.7015442,3.358785,-0.05819757,0.5287997,3.333232,-0.2157162,0.4073302,3.245001,0.09930235,0.3935192,3.300414,-0.3597412,0.1748163,3.2459,0.1658182,0.1442071,3.25912,-0.4859042,-0.009403782,3.212122,0.2549472,-0.02323142,3.17393,-0.07167833,0.1762664,3.291041,-0.06779774,0.1136493,3.245495,-0.1379489,0.04829016,3.208762,-0.002224905,0.03665127,3.247213,-0.1528786,-0.5006841,3.192421,-0.00461958,-0.4939514,3.208755,-0.1025764,-0.8982615,3.287981,-0.05043567,-0.90001,3.291961
-0.05094036,0.7128192,3.363543,-0.05750086,0.5397464,3.333679,-0.2113793,0.4345538,3.248763,0.0985174,0.4177389,3.316025,-0.3447625,0.19937,3.272776,0.1553795,0.149212,3.278411,-0.4786921,-0.007819583,3.268762,0.2391378,-0.03389774,3.2392,-0.07245985,0.181259,3.293199,-0.06656529,0.1187611,3.247114,-0.1369946,0.0514333,3.208142,0.0002368429,0.04308535,3.253131,-0.1546287,-0.4882884,3.189244,-0.002563028,-0.4854793,3.207063,-0.1165984,-0.8630922,3.287597,-0.05544218,-0.8717503,3.28665
-0.05153794,0.7163908,3.363763,-0.05538418,0.5433982,3.337279,-0.2133887,0.4331481,3.247324,0.09893693,0.420893,3.320219,-0.3454961,0.2006755,3.285877,0.157884,0.1553324,3.334403,-0.4730472,-0.0004933589,3.322371,0.2407817,-0.03006445,3.317378,-0.07162363,0.1840156,3.297037,-0.0649718,0.1218161,3.250056,-0.1366802,0.05218655,3.208929,0.003191446,0.04628371,3.257221,-0.1544064,-0.4885692,3.189484,-0.003174995,-0.4870269,3.208068,-0.1176868,-0.8633901,3.286982,-0.0545657,-0.8710973,3.286236
-0.04893385,0.7134145,3.364863,-0.05866392,0.4935816,3.326564,-0.2134006,0.4256124,3.244791,0.09904446,0.4170899,3.322699,-0.3414196,0.1954189,3.298446,0.158292,0.1542324,3.352087,-0.4772551,0.008123766,3.346892,0.2591728,-0.02018976,3.365415,-0.07239776,0.1753009,3.299145,-0.06476313,0.1170872,3.251904,-0.1358134,0.0486973,3.211164,0.003088882,0.03897431,3.259717,-0.1456675,-0.5105701,3.202773,-0.01453275,-0.5193387,3.217478,-0.1082654,-0.9249509,3.257709,-0.06410566,-0.9544907,3.289188
-0.07025596,0.7030468,3.358533,-0.05822649,0.4847367,3.3296,-0.2040296,0.4150017,3.232926,0.1100213,0.3709187,3.346545,-0.3380559,0.1953967,3.304871,0.1641094,0.1176693,3.371045,-0.5086582,0.005361438,3.393945,0.301165,-0.02267353,3.411337,-0.0759469,0.1561121,3.302915,-0.06319143,0.09977317,3.256984,-0.1315609,0.02890475,3.212387,0.003079004,0.0185573,3.269313,-0.1501211,-0.5301413,3.20998,-0.02555224,-0.5392952,3.225549,-0.1117281,-1.003209,3.26587,-0.06956288,-1.012208,3.276797
-0.08015454,0.6655959,3.363986,-0.04936165,0.4856063,3.336578,-0.2224882,0.3478495,3.257676,0.09882499,0.3425132,3.331142,-0.3657684,0.1396969,3.341084,0.1774504,0.09465389,3.379617,-0.5396557,0.005720723,3.384273,0.3409622,-0.02075699,3.402193,-0.06718697,0.1051346,3.307736,-0.06216699,0.0378025,3.258093,-0.13953,-0.03870874,3.203132,0.007241657,-0.04379368,3.278214,-0.1535062,-0.5977781,3.207866,-0.02379012,-0.6005664,3.219679,-0.1140654,-1.003732,3.261561,-0.07138619,-1.016519,3.280983
-0.1045797,0.5993706,3.363398,-0.03349845,0.4405316,3.352712,-0.2207136,0.3159818,3.260958,0.09372824,0.2844195,3.332187,-0.3855499,0.1159365,3.327832,0.1942147,0.06581998,3.381766,-0.5767804,0.006934905,3.33204,0.3929407,0.02274713,3.349757,-0.06908015,0.07957585,3.310169,-0.06424033,0.01667057,3.259379,-0.1395298,-0.04763717,3.208506,0.0002500581,-0.07058202,3.271487,-0.158845,-0.6068529,3.19841,-0.01789422,-0.5964029,3.209543,-0.1235853,-1.000077,3.24792,-0.07044251,-1.007212,3.287897
-0.1188458,0.5402621,3.371443,-0.02368178,0.3968216,3.355422,-0.1641254,0.3355064,3.282421,0.1125527,0.2085477,3.344756,-0.336265,0.1284138,3.313405,0.2385594,0.01141895,3.373784,-0.5864622,0.01585609,3.281161,0.4371077,0.03963178,3.327739,-0.07417107,0.01715812,3.31796,-0.06987836,-0.04936226,3.26737,-0.1431721,-0.1105857,3.226546,-0.01125929,-0.127459,3.27651,-0.1614189,-0.6214986,3.189245,-0.0102901,-0.6193735,3.197084,-0.127489,-0.999543,3.244898,-0.07058249,-1.013577,3.293673
-0.02328234,0.4973088,3.390384,-0.04178443,0.2920068,3.368207,-0.2530571,0.1892664,3.297428,0.1032415,0.1740741,3.361904,-0.4386202,-0.006952941,3.324618,0.24362,0.001162781,3.355693,-0.6098597,0.04610856,3.216022,0.4174958,0.06386644,3.258319,-0.06620315,-0.02875839,3.336729,-0.06356296,-0.07529897,3.282511,-0.1470919,-0.1587558,3.240395,0.01476597,-0.1686442,3.292117,-0.1629245,-0.6188631,3.186639,-0.009940859,-0.6178893,3.196253,-0.1461993,-0.9803413,3.285328,-0.05471706,-0.9881051,3.296192
-0.0721331,0.4660719,3.383287,-0.06205373,0.2942013,3.367209,-0.2424486,0.1796495,3.294669,0.1032863,0.17116,3.36448,-0.4410633,-0.008616596,3.297434,0.236168,-0.002135102,3.323815,-0.5773302,0.07049347,3.156237,0.4156481,0.11363,3.194207,-0.07473397,-0.04404045,3.341513,-0.06949276,-0.1072372,3.292067,-0.1467935,-0.1791219,3.253242,0.01019996,-0.1816057,3.29497,-0.1635538,-0.620325,3.186123,-0.009523598,-0.6182554,3.196544,-0.1430897,-0.9915956,3.297233,-0.05394298,-0.9893192,3.298829
-0.06580853,0.4743571,3.393803,-0.07007921,0.3011282,3.365504,-0.2432665,0.1865847,3.305178,0.1027215,0.174219,3.364435,-0.3940403,-0.0170095,3.319257,0.235148,-0.009709288,3.307087,-0.5172065,0.06102827,3.159041,0.3923623,0.1366862,3.122574,-0.07612921,-0.04253802,3.343464,-0.07102665,-0.1047599,3.293491,-0.1491985,-0.1769059,3.258589,0.00922447,-0.1808987,3.295293,-0.1678552,-0.6278914,3.19219,-0.007982627,-0.6274682,3.205067,-0.1468632,-1.01242,3.308335,-0.03905765,-0.9846165,3.299721
-0.07976063,0.5402943,3.41181,-0.06883693,0.3689673,3.399631,-0.2496252,0.231256,3.328017,0.09318861,0.2377146,3.372189,-0.3539743,0.05520183,3.302433,0.1791567,0.03557833,3.288407,-0.5011731,0.06933349,3.121576,0.3236366,0.1048905,3.150585,-0.07394278,0.006986557,3.365575,-0.06875048,-0.05353244,3.311914,-0.1464354,-0.130092,3.284279,0.008965428,-0.1282601,3.303586,-0.1669099,-0.6300038,3.219185,-0.009389725,-0.6271696,3.226024,-0.1456094,-1.012489,3.308076,-0.03416713,-0.9773437,3.307628
-0.07963572,0.5969487,3.423028,-0.06655792,0.4269505,3.417896,-0.2366884,0.2989796,3.338686,0.09794009,0.2977695,3.381798,-0.3441329,0.1099388,3.300455,0.1573859,0.09160978,3.288832,-0.4746587,0.04845289,3.144531,0.3066246,0.08905642,3.138104,-0.07569052,0.05992417,3.373499,-0.07101537,-0.0003023297,3.317634,-0.1482236,-0.07374027,3.287287,0.004658541,-0.07393675,3.309091,-0.1599973,-0.6192224,3.271152,-0.01139952,-0.6171553,3.280427,-0.1403233,-1.009845,3.298954,-0.0332297,-0.9722011,3.318578
-0.0736969,0.6441832,3.426929,-0.07137416,0.4744549,3.425639,-0.2294838,0.3459375,3.34384,0.1050255,0.338552,3.394828,-0.341981,0.1209972,3.300303,0.1756459,0.1278195,3.26871,-0.4707561,0.03455837,3.156157,0.3235362,0.03110754,3.155478,-0.07876522,0.1052225,3.382569,-0.07229546,0.04447027,3.326696,-0.1460378,-0.02616863,3.297625,0.001263339,-0.03204678,3.317524,-0.1498604,-0.5857794,3.279263,-0.02161416,-0.5910301,3.289805,-0.1316456,-0.9941315,3.296414,-0.03576725,-0.96102,3.332286
-0.07992744,0.6768895,3.440864,-0.07263561,0.5041789,3.43172,-0.2204775,0.3685778,3.345833,0.1039479,0.3747847,3.398627,-0.3431885,0.1289584,3.303696,0.1570659,0.1737342,3.331928,-0.4689931,-0.01165874,3.215292,0.2455747,0.05674674,3.178467,-0.076958,0.14909,3.394315,-0.06965906,0.09140063,3.339336,-0.136597,0.02352521,3.321671,-0.001530141,0.02080469,3.321904,-0.1361887,-0.5355241,3.2818,-0.02483053,-0.5381505,3.291872,-0.1215753,-0.9681672,3.309651,-0.04684624,-0.937679,3.363838
-0.07457056,0.6935167,3.441673,-0.0687696,0.521973,3.430294,-0.2126153,0.392647,3.348284,0.1002372,0.387352,3.398435,-0.3411629,0.1494821,3.323992,0.1519684,0.1743769,3.350414,-0.4587221,-0.0125958,3.276037,0.22633,0.02441528,3.222312,-0.07686263,0.1688148,3.399184,-0.07003049,0.1105682,3.344923,-0.1364021,0.04480546,3.322014,-0.004506911,0.04350672,3.337744,-0.156972,-0.4987582,3.271708,-0.01220529,-0.4908102,3.289667,-0.1320962,-0.9264071,3.325882,-0.06954631,-0.8744962,3.361118
-0.07644388,0.6995159,3.44374,-0.05727201,0.5278219,3.432571,-0.2108332,0.3986979,3.349783,0.1023682,0.3961788,3.406629,-0.3446385,0.1601094,3.353821,0.1508242,0.1384885,3.375725,-0.4502714,-0.01600414,3.33591,0.2324132,-0.02139567,3.267507,-0.07629922,0.16673,3.40032,-0.0692839,0.1063222,3.346017,-0.1389315,0.03857746,3.318772,-0.001648229,0.03251091,3.344862,-0.1593516,-0.4877265,3.272714,-0.01112815,-0.485811,3.292356,-0.1334404,-0.8633798,3.373425,-0.06635509,-0.8695179,3.377005
-0.0745502,0.7043531,3.445126,-0.0597503,0.5321341,3.43847,-0.2070333,0.4050222,3.352918,0.1070162,0.4004273,3.425884,-0.3437102,0.1752633,3.392921,0.1525114,0.129146,3.406206,-0.4619151,-0.01766331,3.400323,0.2475083,-0.04041094,3.333674,-0.07738584,0.1725514,3.408569,-0.06796917,0.1121357,3.354648,-0.1391633,0.04221635,3.318878,0.003464198,0.03648593,3.366442,-0.1611743,-0.4869,3.276847,-0.0106632,-0.4850308,3.294742,-0.131928,-0.8629009,3.380708,-0.06104033,-0.8703814,3.396718
-0.0471086,0.7059546,3.452587,-0.05776189,0.5319126,3.441477,-0.1973221,0.4156054,3.358202,0.1085929,0.4061414,3.432979,-0.3339297,0.1864695,3.400722,0.1648231,0.1410179,3.455629,-0.4733856,-0.007262188,3.460333,0.2670991,-0.03097741,3.406518,-0.07626577,0.1726172,3.413735,-0.06654106,0.1120039,3.359954,-0.1379791,0.04345291,3.321593,0.003431885,0.03603068,3.370581,-0.1630484,-0.515829,3.30388,-0.007287867,-0.5094687,3.316249,-0.1126869,-0.9240517,3.392828,-0.05877022,-0.8753343,3.406774
-0.06370383,0.6916365,3.461767,-0.05626087,0.5197004,3.447555,-0.1986826,0.399975,3.366084,0.1184498,0.3875106,3.489655,-0.334518,0.1714266,3.412276,0.1746666,0.1186175,3.481603,-0.485501,-0.002630821,3.465937,0.305777,-0.03561457,3.448734,-0.07983663,0.1480963,3.422991,-0.06466447,0.08296879,3.371525,-0.1356637,0.015695,3.336303,0.003567801,0.003735176,3.376845,-0.1623008,-0.5434973,3.313749,-0.00826926,-0.5551497,3.332346,-0.1072014,-0.9538449,3.42452,-0.06118857,-0.9404421,3.441895
-0.07219439,0.6494718,3.4654,-0.04622909,0.4806677,3.459474,-0.1993174,0.3378976,3.37695,0.09590538,0.3462996,3.452478,-0.3556641,0.1284469,3.438334,0.1706042,0.09028462,3.495681,-0.5430779,-0.002015362,3.485199,0.3328218,-0.03247279,3.486321,-0.06997897,0.08774407,3.427513,-0.06192173,0.02074585,3.372032,-0.1330578,-0.04636818,3.332925,0.004198808,-0.05000413,3.380555,-0.1614856,-0.5633385,3.314968,-0.008679439,-0.575647,3.33674,-0.1562838,-0.9355879,3.407619,-0.06778897,-0.9847766,3.449562
-0.1049143,0.6041143,3.47593,-0.04040155,0.4444934,3.461613,-0.1950573,0.3111969,3.370091,0.1305009,0.2610971,3.488257,-0.3051389,0.09515991,3.409738,0.1946872,0.0287122,3.513229,-0.5606982,0.01317239,3.45819,0.3901051,-0.01987307,3.471381,-0.07399602,0.073135,3.431922,-0.06071292,0.007597203,3.378595,-0.1354946,-0.05997157,3.335185,0.01045888,-0.08667451,3.397325,-0.1629174,-0.5717131,3.315584,-0.009874968,-0.5793831,3.336547,-0.1567588,-0.9380864,3.409681,-0.06766378,-0.987576,3.452736
-0.09130484,0.5527117,3.488618,-0.0535945,0.3841337,3.469754,-0.1490287,0.2967413,3.366882,0.1274825,0.2052733,3.484178,-0.3230675,0.1006504,3.425877,0.203846,-0.004418967,3.500691,-0.5738769,0.02583302,3.437777,0.3983458,-0.00361533,3.42817,-0.08358851,0.01787352,3.444319,-0.06580837,-0.04598536,3.393611,-0.1330643,-0.103044,3.352251,7.020403E-05,-0.1161724,3.404413,-0.1702308,-0.6212366,3.322883,-0.008822242,-0.5998904,3.340566,-0.1356876,-0.9838585,3.458063,-0.05879293,-0.9960001,3.490283
-0.04847861,0.4918773,3.484496,-0.04547054,0.3210111,3.478388,-0.2071324,0.1920873,3.41355,0.1155328,0.1725793,3.489045,-0.3964279,0.0004259199,3.445405,0.2012246,-0.02531509,3.491906,-0.5880919,0.05347684,3.389559,0.3846135,0.01176972,3.399168,-0.06930234,-0.02741706,3.466227,-0.06135223,-0.0855713,3.41314,-0.1349068,-0.1601106,3.371183,0.006920228,-0.1687323,3.428819,-0.1707937,-0.6284372,3.32462,-0.006815289,-0.6009405,3.342597,-0.1451474,-0.9799072,3.462111,-0.05304277,-0.988814,3.48612
-0.04233103,0.4691724,3.493067,-0.05803017,0.2988008,3.485958,-0.2089266,0.1942773,3.415697,0.1133402,0.1727017,3.490129,-0.3829826,-0.002633702,3.436527,0.2051589,-0.02817595,3.478024,-0.5582795,0.05544927,3.338319,0.3607382,0.03884895,3.352548,-0.07252792,-0.03802103,3.472983,-0.06346087,-0.09567947,3.420753,-0.1380903,-0.1678879,3.388616,0.007225508,-0.1730227,3.42926,-0.1681193,-0.6257725,3.327588,-5.040283E-05,-0.6321583,3.3531,-0.1436055,-0.9812305,3.463913,-0.05128402,-0.9932092,3.491591
-0.04659967,0.4687226,3.496392,-0.06121499,0.2977808,3.486627,-0.2401202,0.1805446,3.453776,0.1080328,0.1781262,3.489777,-0.3758686,-0.00201215,3.43294,0.197963,-0.01997747,3.458443,-0.5254123,0.04800057,3.291602,0.3514093,0.02703875,3.32062,-0.07078511,-0.04043395,3.478954,-0.06750254,-0.09858212,3.426511,-0.147393,-0.1742528,3.406443,0.006606843,-0.1741716,3.429368,-0.1658556,-0.6314174,3.331745,-0.0004399387,-0.6322638,3.356283,-0.1369444,-0.985877,3.465717,-0.05139083,-0.9927227,3.491731
-0.05756272,0.5239589,3.511839,-0.05738675,0.3525535,3.503163,-0.231859,0.2259557,3.45222,0.1106959,0.2371767,3.512921,-0.3451898,0.02710397,3.440322,0.171523,-0.01298738,3.456982,-0.4941371,0.02591753,3.288958,0.3319991,0.01955955,3.323445,-0.07252644,-0.004124448,3.487912,-0.066386,-0.06570096,3.434174,-0.1451935,-0.1399252,3.410639,0.008572222,-0.145862,3.430219,-0.1619664,-0.6205478,3.373257,-0.001465599,-0.6194659,3.386288,-0.1367428,-0.9858478,3.465869,-0.05697563,-1.001671,3.494744
-0.05616418,0.5862433,3.519496,-0.05661986,0.4135948,3.502331,-0.2314377,0.2882246,3.459199,0.1058541,0.2926331,3.496018,-0.3253434,0.0829571,3.435627,0.1408519,0.08095387,3.487308,-0.4781533,0.004232362,3.314025,0.2720868,0.01215342,3.335132,-0.07002828,0.0576647,3.487346,-0.06691591,-0.002976105,3.43312,-0.1443709,-0.07594533,3.410139,0.006835482,-0.07985248,3.426627,-0.157675,-0.6066135,3.408149,-0.008775289,-0.6083771,3.425866,-0.1350966,-0.985958,3.465034,-0.05863657,-1.002879,3.496488
-0.06489288,0.6356718,3.504715,-0.04927031,0.4680964,3.510736,-0.2227113,0.3317566,3.448186,0.1121629,0.3550639,3.503019,-0.3336784,0.09423421,3.435615,0.1613042,0.1204431,3.48731,-0.4708126,-0.04398232,3.363765,0.2657352,0.007228151,3.34161,-0.06880586,0.1074011,3.492359,-0.0646347,0.04516063,3.437614,-0.141091,-0.03294729,3.407564,0.006164791,-0.02942761,3.437321,-0.151705,-0.5923545,3.41857,-0.01307604,-0.589074,3.430763,-0.1211853,-0.9862133,3.464855,-0.06150986,-1.002133,3.499991
-0.06166945,0.6678159,3.518833,-0.05059324,0.4972865,3.513429,-0.2155985,0.3739697,3.438557,0.1154014,0.3694847,3.507083,-0.3306483,0.1258335,3.434586,0.1644841,0.1217937,3.490651,-0.4548884,-0.03517357,3.429091,0.2619683,-0.01018062,3.357545,-0.07179596,0.1294744,3.49626,-0.06482082,0.06640465,3.442217,-0.1396745,-0.0050438,3.414163,0.005141548,-0.01064893,3.441521,-0.1408457,-0.5646991,3.423186,-0.01936083,-0.5701857,3.431401,-0.118729,-0.9909588,3.475976,-0.07043348,-0.9977015,3.501697
-0.05162315,0.6954691,3.517871,-0.04667108,0.522921,3.510085,-0.2085416,0.404525,3.440759,0.120824,0.4228103,3.522426,-0.3178166,0.1576171,3.439536,0.1642339,0.1509766,3.503914,-0.4513637,-0.02917328,3.470644,0.2599379,-0.02418426,3.451425,-0.06945369,0.1827398,3.503251,-0.0615084,0.1217947,3.451592,-0.1353485,0.04756083,3.415517,0.006236905,0.04273662,3.461578,-0.1437819,-0.5122222,3.420721,-0.01607084,-0.5154543,3.421426,-0.1055592,-0.9007163,3.501544,-0.05954525,-0.8916604,3.523776
-0.0508744,0.7050568,3.514867,-0.05012457,0.5337553,3.50742,-0.2073745,0.4075416,3.439536,0.1204824,0.4211866,3.520069,-0.3194818,0.1616317,3.467482,0.1664377,0.151033,3.522409,-0.4541523,-0.01170835,3.524624,0.264771,-0.02357386,3.473955,-0.06996679,0.1827652,3.503291,-0.062009,0.1207876,3.451597,-0.1363391,0.04731067,3.416914,0.006386857,0.04167318,3.460956,-0.1505468,-0.4994467,3.415128,-0.01067353,-0.4990383,3.421521,-0.1177299,-0.8724235,3.513637,-0.06015173,-0.8773738,3.529668
-0.05220244,0.7123463,3.515787,-0.04865091,0.5392404,3.507386,-0.2072738,0.4094664,3.439832,0.1198059,0.4213102,3.520595,-0.3309985,0.1761526,3.493091,0.1692198,0.1544024,3.542343,-0.4660212,0.002770063,3.542306,0.2898057,-0.02059287,3.515036,-0.06988344,0.1828596,3.504234,-0.06165372,0.1199097,3.453089,-0.1363074,0.04687819,3.420498,0.007254374,0.04101183,3.462282,-0.1505606,-0.4975909,3.415522,-0.008350926,-0.4965565,3.424588,-0.1177257,-0.8712665,3.512195,-0.05626369,-0.882031,3.526848
-0.04519513,0.7128043,3.512418,-0.04854185,0.541995,3.5077,-0.1961144,0.4230208,3.440887,0.1224234,0.4172593,3.522952,-0.3268661,0.1959355,3.500923,0.175129,0.1538127,3.558879,-0.4730164,0.02871407,3.555889,0.2928712,-0.01186712,3.533978,-0.07086314,0.1822319,3.505566,-0.06180224,0.1178018,3.455245,-0.1363129,0.04629719,3.425373,0.007237551,0.03934638,3.46344,-0.1481554,-0.5100487,3.423641,-0.003446717,-0.5106623,3.436462,-0.1147393,-0.8897911,3.501218,-0.04680938,-0.9310991,3.518411
-0.05026825,0.7025162,3.512506,-0.03632328,0.5261542,3.506525,-0.2016673,0.3977187,3.442309,0.119672,0.4083725,3.522345,-0.3321663,0.1706592,3.502907,0.1749483,0.1504477,3.57692,-0.4997387,0.03020109,3.556456,0.313372,0.001693085,3.550691,-0.06440048,0.1547921,3.511928,-0.05715407,0.08596039,3.462523,-0.1317307,0.01411939,3.432332,0.008976406,0.008541951,3.473554,-0.1374538,-0.5458028,3.440419,-0.01273155,-0.5513727,3.462632,-0.108888,-0.9813938,3.491155,-0.05337299,-1.010644,3.521063
-0.0660852,0.666098,3.507215,-0.03695218,0.4977022,3.502459,-0.1951619,0.3821659,3.437346,0.1298036,0.3658155,3.533536,-0.3367533,0.1646141,3.504887,0.1969505,0.1019613,3.551105,-0.5502254,0.0449977,3.537777,0.3673161,-0.008223981,3.520449,-0.06683276,0.1292583,3.513582,-0.05681796,0.06119857,3.465408,-0.1324105,-0.01337559,3.435142,0.01151526,-0.01556951,3.478702,-0.1441757,-0.5734559,3.436992,-0.01179983,-0.5754419,3.459629,-0.1100263,-0.9851482,3.492055,-0.05604298,-1.010279,3.525684
-0.08900721,0.6134815,3.509094,-0.02643234,0.4520741,3.503553,-0.1925685,0.3173122,3.43559,0.127684,0.278907,3.530461,-0.3157688,0.09328999,3.491534,0.1965165,0.0613216,3.542745,-0.5413363,0.05594682,3.473133,0.3892322,0.03500267,3.469545,-0.05907579,0.1002674,3.516741,-0.04907492,0.03447689,3.468894,-0.1245987,-0.04627395,3.430776,0.02056283,-0.04623277,3.490676,-0.1527928,-0.6057605,3.434532,-0.0121956,-0.5956206,3.457769,-0.1330778,-0.9910459,3.51592,-0.06549815,-0.9909129,3.531989
-0.05518673,0.5630062,3.519904,-0.04266525,0.3905555,3.502501,-0.1859984,0.2905475,3.438492,0.1222272,0.2330285,3.534658,-0.3535174,0.08789457,3.496114,0.1944198,0.005560698,3.527819,-0.5534562,0.06510068,3.45175,0.3809242,0.0474989,3.444709,-0.07603665,0.02271992,3.517148,-0.06530979,-0.0462755,3.470151,-0.141053,-0.1145254,3.449066,0.003131286,-0.1188905,3.476698,-0.1541773,-0.6179953,3.433512,-0.01034578,-0.5943809,3.453487,-0.1315518,-0.9843659,3.518145,-0.05520142,-0.9844629,3.540371
-0.03508987,0.5253375,3.538103,-0.03716715,0.3514819,3.509669,-0.1898451,0.2211899,3.424085,0.1213107,0.1961903,3.537651,-0.3743114,0.03463924,3.483586,0.2131482,-0.03436549,3.492925,-0.5477567,0.0745603,3.371731,0.3778241,0.06165348,3.408328,-0.07292958,0.001309888,3.525326,-0.06078045,-0.06522934,3.479471,-0.136501,-0.1380847,3.452993,0.008487632,-0.1415464,3.494984,-0.1576836,-0.6315719,3.428824,-0.003751498,-0.5969927,3.446333,-0.1307319,-0.9855382,3.523077,-0.05125882,-0.9852622,3.543434
-0.04044147,0.4839598,3.533022,-0.05014474,0.3100929,3.523978,-0.1934727,0.2226824,3.437214,0.1211231,0.1962912,3.537915,-0.3793424,0.02793166,3.4714,0.2087172,-0.03684825,3.491238,-0.5213073,0.09398796,3.328322,0.3320533,0.07777757,3.363803,-0.07419152,-0.01804613,3.533244,-0.06234626,-0.078644,3.485758,-0.1385687,-0.1470678,3.458573,0.008729652,-0.155255,3.497651,-0.1587185,-0.6219595,3.428463,-0.0007143507,-0.5972449,3.445817,-0.1340023,-0.9772522,3.524226,-0.04912497,-0.9806802,3.543878
-0.04253036,0.4857502,3.535661,-0.05194915,0.3122992,3.524221,-0.230688,0.1970305,3.469832,0.1168868,0.1992052,3.531994,-0.3912115,0.007972836,3.480266,0.1943724,-0.03418783,3.499206,-0.4817552,0.07370695,3.297268,0.2967634,0.06963045,3.342066,-0.06800032,-0.0197825,3.534989,-0.06215847,-0.0807585,3.485864,-0.1397302,-0.1543094,3.461678,0.01170559,-0.1591025,3.493847,-0.1590829,-0.6264812,3.430612,0.003584498,-0.6029652,3.450114,-0.1341589,-0.9757074,3.523421,-0.04929905,-0.9808965,3.544584
-0.05722426,0.5524697,3.548411,-0.0560884,0.3807093,3.539122,-0.2260262,0.2449635,3.48802,0.1062764,0.2750543,3.54005,-0.365566,0.052627,3.457798,0.1461668,0.02062362,3.520432,-0.4946078,0.07234757,3.288634,0.2662805,0.04672702,3.34521,-0.06421191,0.0171386,3.536503,-0.05853597,-0.0482911,3.484914,-0.1342613,-0.1264634,3.462724,0.01629137,-0.1159156,3.483076,-0.1567852,-0.6291258,3.441585,0.004686484,-0.6035455,3.460283,-0.1324226,-0.9959885,3.530081,-0.06658043,-1.002783,3.545307
-0.05408059,0.6074495,3.557556,-0.06119512,0.4366289,3.55282,-0.2292858,0.3071342,3.49514,0.1100387,0.3238434,3.529608,-0.3541479,0.1258078,3.494409,0.1560903,0.1231065,3.499929,-0.4421082,0.02455123,3.32613,0.2666785,0.03561097,3.340158,-0.06553928,0.07583337,3.539498,-0.06136308,0.01406968,3.485241,-0.1365599,-0.06370435,3.460509,0.01377344,-0.05982314,3.481148,-0.1516125,-0.6231565,3.477952,-0.001139345,-0.6130129,3.494845,-0.1317296,-0.9984579,3.533764,-0.06658769,-1.003519,3.543842
-0.06698693,0.6583503,3.558713,-0.04393779,0.4879347,3.548428,-0.2200993,0.3553463,3.493387,0.1172944,0.3742652,3.535498,-0.3422602,0.1468001,3.474115,0.1623406,0.1338286,3.495626,-0.450144,-0.001932248,3.373369,0.2613809,0.0209,3.345253,-0.06071408,0.1234915,3.537355,-0.05775576,0.05979203,3.483493,-0.1343446,-0.01512431,3.457712,0.01422815,-0.01675764,3.481494,-0.1371742,-0.5746619,3.478297,-0.006438264,-0.5762681,3.495619,-0.1170418,-0.9971537,3.561747,-0.05621074,-0.9961357,3.542825
-0.07480203,0.6773285,3.556002,-0.04639542,0.5074022,3.54777,-0.2138031,0.3835088,3.47622,0.1143637,0.3835739,3.528308,-0.341433,0.1500537,3.477432,0.1708199,0.1380766,3.510514,-0.4548222,-0.01398775,3.422927,0.2695187,-0.008165106,3.395881,-0.06295148,0.1262983,3.5367,-0.05785539,0.06092221,3.483099,-0.1348729,-0.01380149,3.455773,0.01484147,-0.01350979,3.483002,-0.1249877,-0.5663892,3.473586,-0.01220953,-0.5730124,3.4927,-0.1067895,-0.9824721,3.578164,-0.04930137,-0.9815599,3.557765
-0.0725454,0.7022069,3.553596,-0.05619655,0.5318615,3.54812,-0.2035435,0.3984402,3.46943,0.1141883,0.4140755,3.537785,-0.3381042,0.1624267,3.491295,0.1744098,0.1452838,3.524169,-0.4579543,-0.00570039,3.478491,0.2817368,-0.01843366,3.454864,-0.07492732,0.1756316,3.533695,-0.06680841,0.1126993,3.47986,-0.1412866,0.04430823,3.449072,0.005379612,0.03915912,3.483769,-0.1461153,-0.500261,3.454703,-0.002437076,-0.4883073,3.466888,-0.1114899,-0.8923814,3.573575,-0.06132713,-0.8948238,3.564023
-0.07261355,0.7086763,3.554172,-0.04620518,0.5348752,3.546505,-0.201058,0.4024719,3.46493,0.1141964,0.4144911,3.537569,-0.336804,0.1708311,3.502736,0.1782747,0.1469844,3.531622,-0.4709984,-0.00569858,3.536438,0.2993351,-0.02238984,3.521468,-0.07281802,0.1770818,3.533818,-0.06492186,0.1138151,3.480181,-0.1402424,0.04441297,3.447475,0.00729551,0.04061435,3.487071,-0.1465255,-0.4991505,3.454487,0.001701783,-0.485424,3.466685,-0.1222426,-0.8421491,3.561642,-0.0466489,-0.8776981,3.571732
-0.06671932,0.7155253,3.555117,-0.04329693,0.5380731,3.548492,-0.2007799,0.4033852,3.46462,0.1165161,0.4139321,3.538645,-0.3378265,0.1753493,3.512211,0.1855433,0.1508828,3.559381,-0.474629,0.001170064,3.551868,0.3096632,-0.01076445,3.550155,-0.07050589,0.1766435,3.535049,-0.06277151,0.11313,3.481343,-0.1394831,0.04322471,3.447495,0.01074809,0.03866816,3.489612,-0.1463814,-0.4993605,3.454454,0.002693088,-0.4856336,3.466553,-0.116922,-0.8662528,3.545766,-0.04084262,-0.8800608,3.565751
-0.06305583,0.7144561,3.551397,-0.0436505,0.5382052,3.547791,-0.2041335,0.4015781,3.465048,0.1170117,0.4136735,3.539032,-0.338502,0.1741842,3.519499,0.1983469,0.1690185,3.612031,-0.4922506,0.005462002,3.56819,0.3293959,0.002898423,3.593508,-0.06761916,0.1735358,3.535698,-0.05903527,0.1087513,3.482547,-0.1331489,0.03296391,3.448329,0.01474736,0.03221559,3.491896,-0.1213196,-0.5267544,3.468725,0.007663964,-0.5285392,3.484279,-0.1285715,-0.8910123,3.534699,-0.0541212,-0.9451021,3.573143
-0.05899203,0.6943233,3.550256,-0.04727646,0.523888,3.545938,-0.1977795,0.4001079,3.457062,0.1160378,0.3978361,3.540133,-0.3358014,0.1777862,3.51936,0.1904994,0.1479257,3.605123,-0.5073277,0.006629732,3.559679,0.3349291,0.004006013,3.591532,-0.06539525,0.1586657,3.536289,-0.05426759,0.09454833,3.483905,-0.1268675,0.02259183,3.446294,0.01752082,0.01817827,3.496987,-0.1325153,-0.5375128,3.462681,0.01031916,-0.5426651,3.484525,-0.1425397,-0.9528278,3.524677,-0.06129336,-0.9613529,3.559022
-0.02499371,0.6627868,3.555678,-0.04926823,0.4910633,3.53321,-0.1845225,0.3612441,3.438351,0.1340659,0.3294458,3.551928,-0.3374853,0.154387,3.513042,0.203414,0.07364812,3.586434,-0.5526951,0.007434132,3.538065,0.3942265,0.01694337,3.529379,-0.06591611,0.1253858,3.532786,-0.04973375,0.05949181,3.483498,-0.1201825,-0.02785797,3.441475,0.02171188,-0.0137139,3.502507,-0.1351313,-0.5880328,3.453877,0.01495534,-0.5723268,3.477105,-0.1420803,-0.9532171,3.517178,-0.061412,-0.9810443,3.559357
-0.03006997,0.6037568,3.556897,-0.04084975,0.4302108,3.528426,-0.1935104,0.3037059,3.435633,0.1374825,0.263857,3.564576,-0.3506447,0.1051404,3.520246,0.1985876,0.0573981,3.561553,-0.5510294,0.01997363,3.478067,0.3909211,0.03307409,3.485492,-0.06184389,0.06972673,3.530005,-0.04501936,0.004667804,3.481644,-0.1226707,-0.07552017,3.442922,0.0311476,-0.07144136,3.498316,-0.1374316,-0.5920618,3.445922,0.01742239,-0.5751884,3.469537,-0.1462665,-0.9436507,3.483776,-0.0543562,-0.9791199,3.554347
-0.05543902,0.5471528,3.557446,-0.03343609,0.3752846,3.537171,-0.2082245,0.2272649,3.444468,0.118045,0.1989308,3.527411,-0.3692825,0.02303576,3.503547,0.2113284,0.001779421,3.53591,-0.5688944,0.02960044,3.449492,0.393447,0.05174837,3.446159,-0.05825677,0.01028332,3.538799,-0.04885985,-0.05549417,3.488215,-0.1254325,-0.1335524,3.451086,0.0221944,-0.1315628,3.503271,-0.144871,-0.6384627,3.430182,0.01881271,-0.5916798,3.458081,-0.1265495,-0.975367,3.527273,-0.04975127,-0.9786447,3.554047
-0.06246663,0.4813477,3.553594,-0.04759837,0.3083291,3.529213,-0.2204173,0.1703903,3.45347,0.1149701,0.1899072,3.533341,-0.3882805,-0.01239158,3.479377,0.2119975,-0.06645921,3.495744,-0.5590174,0.03197438,3.364261,0.364848,0.05624877,3.426615,-0.06303605,-0.02251734,3.539855,-0.05337964,-0.08024366,3.490022,-0.1297576,-0.1627654,3.452173,0.0188494,-0.1574243,3.50723,-0.1453267,-0.6373695,3.429624,0.01652672,-0.6026896,3.452166,-0.1243927,-0.9614396,3.511636,-0.04851226,-0.9759709,3.551538
-0.05947627,0.4757352,3.553077,-0.06068103,0.3021274,3.529486,-0.2244316,0.1702817,3.46101,0.1127099,0.1892975,3.534185,-0.3865566,-0.004412869,3.44876,0.1905443,-0.06474507,3.487845,-0.5298431,0.07331821,3.306742,0.3210237,0.04798027,3.36615,-0.06935287,-0.038675,3.538244,-0.05994631,-0.100833,3.487926,-0.1343032,-0.1775068,3.457867,0.01569149,-0.1772529,3.496135,-0.1457818,-0.637948,3.429563,0.01680936,-0.6062075,3.45257,-0.1251927,-0.9626639,3.511634,-0.04711567,-0.9761183,3.552194
-0.06747631,0.488136,3.544887,-0.06327209,0.3129174,3.532701,-0.2350791,0.1975415,3.482492,0.1048528,0.1966432,3.523422,-0.3843768,-0.002191828,3.449713,0.1768234,-0.01501696,3.492563,-0.5006312,0.04530692,3.276253,0.3201233,0.04082119,3.345848,-0.06698791,-0.03482687,3.537306,-0.06146294,-0.09638772,3.485771,-0.1372471,-0.1718244,3.458529,0.01475184,-0.1702176,3.487632,-0.1470219,-0.627415,3.433472,0.01939142,-0.60873,3.456203,-0.1255236,-0.96329,3.51581,-0.04703225,-0.9768466,3.553884
-0.06648801,0.5611551,3.552274,-0.07319312,0.3888222,3.538696,-0.2317987,0.2584786,3.477131,0.09496385,0.2786908,3.513446,-0.3440644,0.07142667,3.45398,0.1676397,0.07347695,3.506674,-0.4841194,0.01759626,3.303098,0.2883104,0.006583527,3.343733,-0.07049528,0.03048399,3.527313,-0.06446625,-0.03074192,3.472945,-0.1375548,-0.1046286,3.448834,0.01166419,-0.103101,3.469697,-0.1482836,-0.6179786,3.44331,0.01954246,-0.5989031,3.467002,-0.1247663,-0.9667546,3.522974,-0.04709161,-0.9767779,3.553919
-0.06636889,0.6249902,3.556913,-0.06539359,0.4518835,3.538321,-0.2256489,0.3209115,3.466056,0.09949189,0.3330468,3.508092,-0.3595716,0.1148402,3.455893,0.1692827,0.1234844,3.50413,-0.4784879,-0.02122889,3.348605,0.2744899,0.006772198,3.361371,-0.06857123,0.08615719,3.520167,-0.0625179,0.02415275,3.464696,-0.1346592,-0.05075882,3.441952,0.01059464,-0.04538955,3.458274,-0.1443873,-0.6108559,3.458597,0.01541631,-0.5939857,3.475892,-0.1232638,-0.9708564,3.532262,-0.0506639,-0.9782441,3.550798
-0.07063549,0.6549106,3.535308,-0.06009749,0.4838902,3.528888,-0.2245675,0.3516682,3.456312,0.1068482,0.3835076,3.509236,-0.3597248,0.121167,3.459944,0.1695372,0.1248473,3.504962,-0.474806,-0.04411775,3.414959,0.2723648,-0.008685753,3.37734,-0.06715732,0.1220817,3.514952,-0.06082321,0.06038636,3.460349,-0.1347315,-0.01513979,3.435393,0.01255614,-0.01526804,3.457252,-0.1276686,-0.5751041,3.456362,-0.00047665,-0.57238,3.471437,-0.114681,-0.9684784,3.544381,-0.05752028,-0.9778869,3.549529
-0.0692153,0.6969311,3.529982,-0.05962288,0.5241583,3.512335,-0.2175922,0.4035251,3.452749,0.1057787,0.3913381,3.500742,-0.3404385,0.1595347,3.467106,0.171204,0.125525,3.506536,-0.4649343,-0.02618068,3.471542,0.2845066,-0.03713897,3.44566,-0.06911446,0.1509133,3.506892,-0.06240106,0.08549765,3.45351,-0.1355525,0.01754615,3.428002,0.009642203,0.01087212,3.452586,-0.1176371,-0.5424663,3.445147,-0.006276018,-0.5494269,3.465136,-0.1110274,-0.963497,3.547327,-0.0632596,-0.9616752,3.571263
-0.06836367,0.7064725,3.516385,-0.05813326,0.5312331,3.510645,-0.2174039,0.4078424,3.44784,0.1114336,0.4178073,3.505936,-0.3438335,0.1708775,3.486559,0.1745073,0.1513272,3.515687,-0.4646119,-0.003380666,3.535155,0.2845955,-0.02043656,3.500499,-0.06674279,0.1941551,3.504723,-0.05931396,0.1377445,3.452204,-0.1347645,0.05850479,3.419083,0.01472252,0.06054528,3.460314,-0.1389441,-0.4774585,3.404927,0.01380403,-0.4829235,3.43065,-0.1071645,-0.8801272,3.542782,-0.05451181,-0.8842894,3.56271
-0.06772168,0.7133482,3.511672,-0.05358798,0.5398417,3.508408,-0.2120745,0.4182986,3.432637,0.1072403,0.4255297,3.496723,-0.337381,0.1879233,3.493975,0.1767064,0.1624223,3.518397,-0.4729464,0.006328519,3.562564,0.297981,-0.01012477,3.514035,-0.06805639,0.1948073,3.503414,-0.05990291,0.1371695,3.450596,-0.1350594,0.05959029,3.417615,0.01257717,0.0609127,3.457706,-0.1448597,-0.4554086,3.387726,0.01598491,-0.4717698,3.420573,-0.1193202,-0.8382579,3.534191,-0.03221704,-0.8557423,3.547561
-0.06322416,0.717235,3.507775,-0.04751709,0.5442985,3.497278,-0.2127074,0.4192979,3.428763,0.1073532,0.4270018,3.486974,-0.3373643,0.1918331,3.498516,0.1822541,0.170735,3.53251,-0.477021,0.02568224,3.558719,0.3113416,0.01367891,3.537979,-0.06614769,0.191143,3.498701,-0.05947079,0.1290207,3.445472,-0.1356095,0.05647798,3.416424,0.01300496,0.05296235,3.451624,-0.1465723,-0.458269,3.382276,0.01511652,-0.4764686,3.418335,-0.1135357,-0.8455841,3.5207,-0.03210247,-0.8600696,3.538547
-0.06772273,0.7178862,3.49711,-0.05832546,0.5447892,3.47586,-0.2060717,0.4192154,3.408387,0.1077479,0.4269362,3.481227,-0.3329669,0.2001123,3.493737,0.1824506,0.1732432,3.535888,-0.4842163,0.04414505,3.538596,0.3229002,0.02556399,3.535071,-0.06999999,0.1899246,3.491123,-0.06019865,0.1259079,3.44064,-0.1346348,0.05376071,3.41268,0.01227042,0.05184934,3.449484,-0.1427796,-0.5068582,3.374075,0.01266721,-0.5092646,3.423338,-0.1030218,-0.8903565,3.465999,-0.02867364,-0.8916408,3.510996
-0.06889538,0.7070718,3.485069,-0.04780722,0.5223891,3.470256,-0.2165625,0.3846831,3.400579,0.1078237,0.4124429,3.476444,-0.3464146,0.1738059,3.497981,0.186261,0.157942,3.524869,-0.5108708,0.05002003,3.474356,0.3604204,0.05249762,3.496547,-0.06389102,0.1387902,3.472883,-0.05576374,0.07103777,3.42222,-0.1319189,-0.005171695,3.399284,0.01630588,-0.0008336395,3.425565,-0.1395994,-0.5577531,3.377541,0.002281077,-0.5619621,3.418931,-0.1039554,-0.9731379,3.434011,-0.04148697,-0.9672365,3.478748
-0.07763211,0.656255,3.469161,-0.05896322,0.4860191,3.46323,-0.2061504,0.3485306,3.377914,0.1143783,0.3618455,3.492985,-0.3509994,0.1388319,3.459581,0.1998704,0.1014683,3.503051,-0.5426766,0.05349272,3.438704,0.391815,0.05720362,3.436444,-0.06854203,0.1310382,3.469426,-0.05369206,0.06493998,3.420549,-0.1244114,-0.01960145,3.387355,0.01906907,-0.006476969,3.428849,-0.1409901,-0.5606961,3.372564,0.004254976,-0.5676502,3.414021,-0.1068779,-0.9757242,3.43321,-0.04340522,-0.9838576,3.46455
-0.110336,0.6074851,3.464579,-0.06391482,0.4373442,3.452389,-0.2049671,0.2997317,3.36372,0.08768962,0.3371816,3.454714,-0.3538967,0.08715148,3.433492,0.1935942,0.08695027,3.479933,-0.5505105,0.04710848,3.382624,0.3750456,0.07133776,3.374747,-0.06146351,0.07003772,3.460735,-0.04517483,0.003894992,3.411696,-0.1116918,-0.07269477,3.380075,0.02733679,-0.05817045,3.426224,-0.1449162,-0.5793517,3.355415,0.00497499,-0.6115623,3.377129,-0.1126659,-0.9791087,3.423648,-0.0433106,-0.9864653,3.460542
-0.1002613,0.5477509,3.467116,-0.0655563,0.377369,3.440398,-0.2034209,0.2980902,3.363465,0.114748,0.2131075,3.44874,-0.357649,0.0811774,3.412781,0.1856793,-0.005774185,3.455801,-0.5455117,0.05538563,3.32414,0.3926565,0.09467697,3.289979,-0.07826709,0.02703415,3.450231,-0.06393968,-0.035191,3.401823,-0.1372643,-0.1092524,3.37454,0.008686672,-0.1112036,3.40978,-0.1479103,-0.5840813,3.34696,0.006128914,-0.6104126,3.371684,-0.1182529,-0.9820819,3.429015,-0.0400527,-0.9878132,3.46073
-0.09069893,0.4966899,3.456864,-0.06006099,0.3262788,3.438715,-0.2139409,0.2153088,3.350963,0.1114709,0.1975879,3.443482,-0.3789994,0.006676694,3.395998,0.2111172,-0.03269763,3.393441,-0.5433465,0.06556938,3.277215,0.3595969,0.08056754,3.297947,-0.07437944,-0.00989759,3.450159,-0.06133666,-0.07114975,3.401615,-0.1349597,-0.1462304,3.368492,0.01215144,-0.1507808,3.416076,-0.1524123,-0.5959201,3.340699,0.007433686,-0.6083885,3.362272,-0.1195527,-0.9815356,3.430375,-0.03767474,-0.9880629,3.461963
-0.0598584,0.4952512,3.466362,-0.06815698,0.3212981,3.435014,-0.2206233,0.2085888,3.366227,0.1063109,0.19715,3.432685,-0.3813997,-0.005821398,3.402167,0.2088208,-0.034113,3.392539,-0.4858909,0.06371062,3.228253,0.3328006,0.08154011,3.265856,-0.07505334,-0.02444259,3.443821,-0.06468026,-0.08713563,3.393515,-0.1374052,-0.1576385,3.366867,0.01087017,-0.165602,3.399804,-0.1599485,-0.6194524,3.34131,0.01123098,-0.6123824,3.360779,-0.1200711,-0.9813435,3.430519,-0.03753274,-0.9882976,3.461938
-0.0630795,0.5176359,3.45973,-0.07352679,0.3441108,3.434474,-0.227493,0.220225,3.37771,0.09890744,0.2369985,3.430568,-0.3472409,0.009265106,3.369146,0.163631,0.003350589,3.382763,-0.4892371,0.05772872,3.217774,0.3035797,0.04434792,3.226969,-0.07313499,-0.008089101,3.434963,-0.06452402,-0.06905689,3.382453,-0.1371843,-0.1442068,3.360249,0.01202176,-0.1386034,3.377478,-0.1591448,-0.6167146,3.342066,0.01159279,-0.6150302,3.363357,-0.1195237,-0.9821395,3.430962,-0.03976946,-0.991173,3.461607
-0.06785805,0.5808977,3.448612,-0.0709267,0.4092944,3.441283,-0.2345401,0.2731115,3.384676,0.1012689,0.2969847,3.422601,-0.2902767,0.05938163,3.350765,0.158881,0.07834985,3.378711,-0.4676217,0.03944667,3.238638,0.2928151,0.02571222,3.220995,-0.07003482,0.05160185,3.425716,-0.06440965,-0.008817099,3.37049,-0.1380921,-0.08463077,3.346659,0.01160531,-0.08265167,3.364421,-0.1523026,-0.6022401,3.358224,0.01076056,-0.6032598,3.373076,-0.1176908,-0.9834065,3.429551,-0.04169991,-0.9920982,3.463288
-0.06926174,0.6402823,3.434721,-0.06382281,0.4687827,3.427753,-0.2353746,0.3314585,3.381681,0.0974404,0.3342663,3.400601,-0.3494376,0.125443,3.370717,0.1531827,0.1100205,3.382463,-0.4580575,0.008115731,3.23085,0.266982,0.01308173,3.230518,-0.06715029,0.1015421,3.416595,-0.06472371,0.0360789,3.362239,-0.1387766,-0.04201935,3.340459,0.009037951,-0.03311394,3.356671,-0.1432742,-0.5879096,3.354208,8.785259E-05,-0.5895712,3.373816,-0.1171405,-0.9836655,3.429696,-0.04483748,-0.9908495,3.462833
-0.07348481,0.6556298,3.429365,-0.059722,0.485343,3.426399,-0.2228762,0.3630382,3.35423,0.1007204,0.3637317,3.39833,-0.3438409,0.1338033,3.363207,0.1584733,0.1205686,3.384778,-0.4513052,-0.01755525,3.252508,0.238796,-0.02249701,3.250342,-0.07113788,0.1156923,3.414942,-0.06590774,0.05201355,3.360585,-0.1404463,-0.0194898,3.335965,0.006601833,-0.02040909,3.357511,-0.1300011,-0.5737391,3.342996,-0.00446433,-0.5813716,3.366299,-0.1128905,-0.9854201,3.440971,-0.05236449,-0.9966676,3.468656
-0.06855348,0.6901804,3.425993,-0.06459478,0.5054823,3.42093,-0.215639,0.380707,3.343549,0.09525312,0.3847471,3.395099,-0.3391865,0.1362665,3.355683,0.1601469,0.1219846,3.38346,-0.4501993,-0.06278399,3.332101,0.2459628,-0.05282442,3.308959,-0.07560688,0.1385819,3.410229,-0.06876696,0.07495176,3.35624,-0.1420933,0.01209412,3.324213,0.003162964,0.0005509914,3.360382,-0.1490755,-0.4932038,3.301651,0.0005480655,-0.4904848,3.316144,-0.09793414,-0.8959864,3.437424,-0.04984512,-0.8896058,3.461026
-0.07217378,0.6937608,3.412662,-0.05869604,0.5159255,3.412823,-0.2107013,0.3951805,3.336093,0.09710132,0.3889777,3.392766,-0.3316765,0.1501506,3.352791,0.1604085,0.120431,3.384775,-0.4382503,-0.04741476,3.387762,0.2536356,-0.06082156,3.357783,-0.07721399,0.1546301,3.403487,-0.0708027,0.09247839,3.349759,-0.1452758,0.02562264,3.322333,-0.0003988713,0.02074139,3.351177,-0.1524309,-0.4784791,3.287999,0.002961732,-0.4806403,3.310266,-0.1109027,-0.8707064,3.423477,-0.05807848,-0.8816295,3.447166
-0.07364774,0.6973813,3.398201,-0.06071655,0.5227083,3.403296,-0.2127997,0.3981507,3.326908,0.1022395,0.3921032,3.395904,-0.3298649,0.154875,3.361461,0.1620356,0.1254548,3.412829,-0.4325213,-0.03524906,3.427641,0.2635409,-0.05148134,3.412271,-0.07745302,0.1694514,3.399096,-0.06859823,0.1085719,3.346818,-0.1443257,0.03443084,3.318333,0.003731108,0.03310554,3.352345,-0.1533349,-0.4790973,3.280631,0.002261519,-0.4741423,3.298116,-0.1131284,-0.8567984,3.40741,-0.04070299,-0.8657855,3.422688
-0.06992896,0.6972581,3.385648,-0.06329549,0.5241373,3.392663,-0.2140404,0.3992291,3.318746,0.1028354,0.3946571,3.393141,-0.3249479,0.1561926,3.365052,0.1629695,0.1302881,3.422414,-0.4337379,-0.0144891,3.456038,0.2852741,-0.02576773,3.45923,-0.07843464,0.1713854,3.396114,-0.06869758,0.1092716,3.344824,-0.1443514,0.03574735,3.314564,0.00386515,0.03333855,3.35204,-0.1520958,-0.5009355,3.268686,0.00350503,-0.5005226,3.290602,-0.145668,-0.8565329,3.35574,-0.05433487,-0.8855711,3.376109
-0.07421665,0.6879087,3.373833,-0.07249256,0.5113672,3.357022,-0.2025809,0.3813033,3.28062,0.1008174,0.3815598,3.379756,-0.3204925,0.153955,3.359902,0.1670211,0.1238135,3.429925,-0.4521114,0.001302325,3.473054,0.3123464,-0.007390186,3.475852,-0.08242614,0.1249965,3.369625,-0.0666792,0.05379485,3.322669,-0.1378794,-0.01770443,3.297093,0.006676613,-0.01439219,3.335264,-0.1501338,-0.5743881,3.264428,-0.004916054,-0.5728341,3.293569,-0.1380466,-0.9408647,3.333919,-0.06770201,-0.9884217,3.322978
-0.1121774,0.6466399,3.356318,-0.06169358,0.4761941,3.342125,-0.2214927,0.3321593,3.271296,0.08086786,0.3498726,3.339576,-0.3533074,0.1287948,3.379547,0.1807722,0.1130597,3.416696,-0.510649,0.0003802901,3.461836,0.3606969,0.02540036,3.445578,-0.07470123,0.1188481,3.365671,-0.06461575,0.04927288,3.31947,-0.134436,-0.02791252,3.290593,0.007315471,-0.01638655,3.333977,-0.1462359,-0.5892446,3.259548,-0.01138412,-0.5766882,3.28545,-0.1422394,-0.9555686,3.305733,-0.07012844,-0.9950161,3.312135
-0.1107097,0.6155211,3.346736,-0.05479532,0.4422691,3.326373,-0.2105014,0.3069745,3.244528,0.1001308,0.2770837,3.347462,-0.3570194,0.1187226,3.359525,0.1915473,0.06793459,3.414968,-0.5862407,-0.0008132702,3.418124,0.3929958,0.04836214,3.373317,-0.07657123,0.09476467,3.350896,-0.06361421,0.0291056,3.309108,-0.1325128,-0.0533738,3.270252,0.003308433,-0.04853962,3.331314,-0.1538237,-0.6070662,3.247526,-0.01667432,-0.6078836,3.270206,-0.1437149,-0.9553589,3.27767,-0.07001181,-1.002355,3.30978
-0.113717,0.5471113,3.343237,-0.06990661,0.3741181,3.314976,-0.2065856,0.2515164,3.233306,0.1050605,0.205268,3.343997,-0.3823711,0.09315191,3.351651,0.2214051,0.02445765,3.381503,-0.5993023,0.01119633,3.351421,0.4170261,0.06315363,3.323507,-0.08571613,0.03402487,3.337473,-0.07114302,-0.03033337,3.296686,-0.1395569,-0.1095044,3.253402,-0.003217354,-0.110873,3.327714,-0.1600781,-0.6223714,3.216915,-0.01768617,-0.6227774,3.23756,-0.1463318,-0.960724,3.26727,-0.06917994,-1.006522,3.307019
-0.1237069,0.4872763,3.341705,-0.05995328,0.3220591,3.325092,-0.2182716,0.2004583,3.22983,0.1030817,0.1792314,3.339154,-0.4077664,0.04227816,3.329793,0.2344515,0.004717846,3.35743,-0.6107707,0.02786611,3.286725,0.4066343,0.1047398,3.214941,-0.0847187,-0.03373997,3.335767,-0.07271172,-0.1001109,3.292095,-0.1503211,-0.1727312,3.258171,0.0003120652,-0.1792271,3.309576,-0.1666139,-0.6240203,3.214181,-0.01638818,-0.6245017,3.230709,-0.1500762,-0.9531734,3.252689,-0.06151292,-1.004699,3.306544
-0.08738138,0.4920028,3.346956,-0.0666722,0.3196829,3.326217,-0.2307186,0.20557,3.253093,0.1010387,0.1840414,3.335508,-0.4332242,0.03833985,3.315198,0.2193331,-0.02694991,3.312178,-0.6113887,0.06204357,3.204853,0.354631,0.08756221,3.197394,-0.08274101,-0.03367423,3.336963,-0.07371616,-0.09917279,3.291814,-0.1508679,-0.1720752,3.25913,-0.0009207812,-0.1773785,3.306313,-0.1707224,-0.6240333,3.215253,-0.01447786,-0.6236041,3.229031,-0.1516849,-1.002241,3.30361,-0.05264709,-0.9968098,3.304055
-0.08181601,0.525496,3.356856,-0.08245758,0.3401365,3.330089,-0.2573344,0.219505,3.29717,0.0840859,0.2360811,3.32572,-0.4264217,0.04986156,3.289227,0.2003709,0.04621494,3.280137,-0.5751156,0.07002771,3.137514,0.3385284,0.1008522,3.126836,-0.08300405,-0.00926622,3.336402,-0.0793737,-0.07158688,3.288447,-0.1551807,-0.1508721,3.265812,-0.002322937,-0.1412622,3.286381,-0.1726394,-0.6234961,3.220122,-0.01250271,-0.6219301,3.232699,-0.140377,-0.9966786,3.298296,-0.05266409,-0.9954777,3.303903
-0.09015241,0.5838143,3.350183,-0.08757953,0.4073387,3.346406,-0.2533318,0.2754268,3.298268,0.08894972,0.2846073,3.32951,-0.3655918,0.0947082,3.306939,0.1609804,0.05978916,3.26965,-0.5164241,0.0593855,3.160674,0.3057447,0.09597418,3.11705,-0.08728009,0.05047225,3.334265,-0.08271269,-0.01132361,3.282758,-0.1579674,-0.0884329,3.261191,-0.005686448,-0.08660968,3.276515,-0.1597717,-0.6155456,3.247673,-0.01768894,-0.6118257,3.254564,-0.1541167,-0.9659078,3.277529,-0.06361802,-1.003318,3.298885
-0.0904451,0.6190955,3.343532,-0.08161689,0.4516659,3.353833,-0.2488284,0.3138737,3.301395,0.08800099,0.3260332,3.328678,-0.3577354,0.1315908,3.318192,0.1375912,0.1116594,3.258566,-0.4796052,0.06001823,3.157641,0.2893179,0.08044767,3.112306,-0.08741958,0.07872019,3.337076,-0.08435254,0.01451904,3.284515,-0.1596764,-0.05967989,3.265188,-0.009742133,-0.05824147,3.275816,-0.1545458,-0.612999,3.250896,-0.0237723,-0.6099945,3.264448,-0.1536189,-0.9652044,3.277748,-0.06441338,-1.002697,3.296429
-0.09810638,0.6585131,3.359203,-0.0785749,0.4821472,3.350137,-0.2406448,0.3498685,3.29666,0.09506487,0.3756807,3.343529,-0.3622583,0.1487504,3.306946,0.1509189,0.1608799,3.260465,-0.4756899,0.04484728,3.159453,0.2656333,0.03020816,3.140087,-0.08965822,0.1271075,3.339435,-0.08540469,0.06495246,3.287993,-0.1608639,-0.007854575,3.268229,-0.01247241,-0.01406409,3.28151,-0.1511361,-0.5669457,3.246382,-0.03349286,-0.5755522,3.265315,-0.1485205,-0.9559221,3.287632,-0.06715418,-0.9984976,3.300186
-0.0912708,0.6775273,3.356977,-0.08223405,0.4994737,3.352885,-0.236325,0.3630128,3.291438,0.09315434,0.3804575,3.33438,-0.3494036,0.1709186,3.301768,0.1538956,0.1626605,3.264406,-0.4667317,0.01901764,3.191677,0.2478721,0.03718154,3.120358,-0.08956,0.1284324,3.340101,-0.08533392,0.0653807,3.288164,-0.1611914,-0.007831072,3.267887,-0.009731943,-0.008378126,3.284391,-0.1594439,-0.5076898,3.226532,-0.02760697,-0.5109524,3.246619,-0.1031421,-0.9117129,3.298708,-0.06001216,-0.9151202,3.309724
-0.09171246,0.681052,3.357197,-0.08061597,0.5051619,3.354358,-0.223531,0.398711,3.285716,0.09162257,0.39036,3.332694,-0.3556358,0.1591077,3.301774,0.1535195,0.165119,3.284009,-0.4773308,-0.008878831,3.222925,0.2274009,-0.0005055281,3.151542,-0.09655282,0.1807128,3.345218,-0.09219534,0.1237185,3.293077,-0.16273,0.05647637,3.267215,-0.02686356,0.05121114,3.291569,-0.1657782,-0.4876611,3.219466,-0.01475661,-0.485402,3.24047,-0.1158046,-0.8704639,3.312572,-0.04555199,-0.8653233,3.335693
-0.0947867,0.6838254,3.356641,-0.07804907,0.5119033,3.35567,-0.2225114,0.3976788,3.284754,0.09239501,0.3988059,3.342202,-0.3537944,0.1586885,3.306806,0.1500421,0.1316729,3.30994,-0.4855159,-0.03159657,3.295402,0.2257418,-0.03439619,3.204878,-0.09670067,0.1810989,3.345789,-0.09092114,0.1238067,3.293781,-0.1614228,0.05624456,3.265694,-0.0231212,0.04957576,3.297892,-0.1709097,-0.4725453,3.212339,-0.01612579,-0.4801309,3.235096,-0.1221589,-0.8622042,3.310674,-0.04718663,-0.8650198,3.334626
-0.09344104,0.6850848,3.356621,-0.07787248,0.5121062,3.358035,-0.2229305,0.3977033,3.283589,0.08875882,0.3936948,3.339321,-0.3522914,0.1611812,3.32112,0.1450289,0.1227886,3.320187,-0.4874225,-0.02678298,3.316363,0.2407984,-0.06062334,3.268847,-0.09494226,0.1736158,3.348017,-0.08853003,0.1138201,3.295699,-0.1586865,0.04220771,3.261555,-0.02059954,0.03935144,3.303404,-0.1731919,-0.4717563,3.207877,-0.01904101,-0.4792993,3.228712,-0.1285483,-0.856647,3.305282,-0.04882684,-0.8638244,3.334174
-0.09538113,0.676034,3.352338,-0.0753862,0.4971756,3.354311,-0.2289649,0.3472142,3.276635,0.07228444,0.3644212,3.334462,-0.3639689,0.1280707,3.353418,0.1521241,0.1035991,3.356483,-0.5092578,-0.02758952,3.38308,0.258188,-0.06686708,3.304378,-0.0984679,0.1094168,3.343638,-0.09369217,0.04270285,3.291712,-0.1659773,-0.02130383,3.266769,-0.02758997,-0.02829944,3.294572,-0.1752069,-0.5033435,3.194511,-0.02110623,-0.5085596,3.217118,-0.1332166,-0.9151902,3.309166,-0.06909537,-0.923521,3.320138
-0.1404742,0.6125053,3.351377,-0.06341062,0.4570008,3.351281,-0.2380706,0.3223698,3.272307,0.06595353,0.3241485,3.330555,-0.3704577,0.1100572,3.365643,0.160929,0.07097077,3.364642,-0.5258189,-0.02845671,3.404156,0.3081117,-0.06969191,3.331713,-0.0853967,0.07829338,3.341733,-0.07888956,0.009585069,3.289331,-0.1501942,-0.0696563,3.25818,-0.01065576,-0.05701404,3.295909,-0.1713526,-0.5641579,3.193139,-0.0167399,-0.5050761,3.216023,-0.1198773,-0.9726188,3.314377,-0.06798887,-0.9232197,3.306813
-0.09112899,0.5787541,3.352883,-0.08772574,0.4058957,3.337786,-0.2284459,0.2897674,3.257611,0.08463796,0.2711423,3.336111,-0.3795626,0.09527229,3.358864,0.1721164,0.03432053,3.372421,-0.586974,-0.04510179,3.402023,0.346583,-0.07092076,3.341205,-0.09286963,0.05874696,3.339191,-0.08110258,-0.003581285,3.288758,-0.1516403,-0.07644837,3.256613,-0.01070974,-0.07924078,3.299213,-0.1749688,-0.5888923,3.188109,-0.01634124,-0.5051118,3.215819,-0.1351606,-0.9941254,3.312243,-0.06765434,-0.9234899,3.30596
-0.1260259,0.5311717,3.342984,-0.07594433,0.3673584,3.337922,-0.2237705,0.2483324,3.251508,0.09843465,0.1850592,3.344644,-0.3844353,0.05937657,3.349423,0.1875054,-0.02168963,3.364564,-0.6062235,-0.03950614,3.351743,0.3899085,-0.03161545,3.323505,-0.100575,0.002434557,3.335741,-0.08916489,-0.06228992,3.28599,-0.1670712,-0.1326981,3.255711,-0.01637898,-0.141412,3.293519,-0.1767639,-0.5886407,3.188862,-0.02074035,-0.6016106,3.210639,-0.1369189,-0.9916056,3.309443,-0.07451469,-0.9922674,3.323501
-0.1004774,0.474495,3.347128,-0.09035189,0.3015206,3.329252,-0.2262395,0.2382492,3.255908,0.08626646,0.1697699,3.327498,-0.382669,0.03357491,3.332212,0.1968254,-0.040571,3.352592,-0.6001301,-0.02944219,3.316448,0.382504,-0.006536335,3.260908,-0.1015263,-0.02326447,3.33434,-0.09048254,-0.08047634,3.284929,-0.1668158,-0.149833,3.250444,-0.01640438,-0.1604328,3.297417,-0.1775752,-0.5961238,3.190619,-0.02284884,-0.6078746,3.209961,-0.1419785,-0.987471,3.307232,-0.07203861,-0.9968795,3.325844
-0.09032407,0.4658438,3.347488,-0.09322724,0.2925571,3.329402,-0.2439488,0.1905486,3.282856,0.07807648,0.1544293,3.326546,-0.3974707,-0.02978122,3.32507,0.2083323,-0.03578335,3.315124,-0.594085,-0.009078577,3.25957,0.3785658,0.03673066,3.215018,-0.1007264,-0.04898615,3.334264,-0.09398268,-0.1102958,3.283634,-0.1671946,-0.1780218,3.258519,-0.02057995,-0.1864435,3.287552,-0.1770045,-0.6039953,3.191071,-0.02323494,-0.614453,3.210277,-0.1435604,-0.9870177,3.306823,-0.071008,-0.9972868,3.325962
-0.08896087,0.4674511,3.357253,-0.09434348,0.2934102,3.329976,-0.2511479,0.1799828,3.2881,0.07365823,0.1727168,3.319658,-0.3975509,-0.02858623,3.315394,0.1856616,-0.02120918,3.298259,-0.5668586,0.007899701,3.187632,0.3398418,0.05879041,3.177353,-0.09843773,-0.04912785,3.334589,-0.09395649,-0.1103237,3.283561,-0.1671285,-0.1789063,3.25877,-0.02012235,-0.1862185,3.286389,-0.1819138,-0.6154575,3.192118,-0.02407721,-0.6169071,3.211108,-0.1428583,-0.9880184,3.307297,-0.07052743,-0.9980338,3.326561
-0.09993611,0.5312607,3.372073,-0.09709204,0.3573724,3.348111,-0.2738872,0.220062,3.318205,0.07099604,0.2378615,3.32867,-0.3702724,0.01323733,3.301087,0.1488995,0.001135506,3.272058,-0.5407676,0.01828392,3.17531,0.3209015,0.05486265,3.162366,-0.09824937,0.002068711,3.330705,-0.09739986,-0.05774672,3.275594,-0.1746002,-0.1377213,3.254247,-0.01964197,-0.1342437,3.265965,-0.1836771,-0.6145065,3.198785,-0.02727149,-0.6176652,3.220828,-0.1412331,-0.9930389,3.326467,-0.07076037,-0.9980312,3.326559
-0.09457867,0.5922272,3.37761,-0.09914829,0.419642,3.36505,-0.2664597,0.2838939,3.311227,0.07255123,0.2985698,3.329447,-0.378514,0.06720616,3.307547,0.140568,0.07783049,3.266397,-0.5280304,0.01325422,3.165943,0.3004772,0.04953735,3.129157,-0.09801617,0.0645597,3.331044,-0.09547286,0.007323131,3.273152,-0.169303,-0.06533916,3.248276,-0.02031834,-0.06859026,3.260316,-0.1803386,-0.5999869,3.235677,-0.027453,-0.6110043,3.246861,-0.1476424,-0.9851512,3.308009,-0.07156832,-0.9970213,3.322796
-0.1017734,0.6372095,3.38806,-0.09877902,0.4641559,3.372508,-0.2660547,0.3120695,3.311258,0.07206959,0.3293397,3.333431,-0.3771285,0.1130646,3.301593,0.1526499,0.1404683,3.302283,-0.5169029,0.003970407,3.186738,0.2544622,0.03827115,3.144432,-0.1002965,0.08443213,3.331357,-0.09751706,0.0236537,3.272571,-0.1716458,-0.05126245,3.247645,-0.02296487,-0.04856365,3.259009,-0.1770101,-0.5975333,3.240672,-0.03387026,-0.6061478,3.25864,-0.1476069,-0.9848785,3.307999,-0.07343752,-0.9983646,3.31874
-0.1145167,0.6683651,3.372642,-0.09898674,0.4580684,3.363983,-0.2624905,0.342627,3.297096,0.06448568,0.3848839,3.326788,-0.3797535,0.1195974,3.302792,0.1163745,0.1564058,3.317109,-0.5123961,-0.02370481,3.228932,0.2294579,0.03206753,3.187667,-0.1033505,0.1045853,3.328329,-0.1018619,0.05499948,3.270662,-0.1747495,-0.01859632,3.242939,-0.03043375,-0.0144561,3.261861,-0.1693655,-0.5804473,3.242998,-0.07017467,-0.5747871,3.266983,-0.1392806,-0.9819236,3.314257,-0.07563884,-0.99877,3.327434
-0.1185123,0.7001534,3.37765,-0.1052098,0.5284809,3.368329,-0.2519558,0.3970259,3.292974,0.06157419,0.3902679,3.326289,-0.3752663,0.152958,3.311137,0.1252588,0.1557897,3.317896,-0.5068394,-0.02707322,3.28371,0.2141225,-0.002890021,3.211359,-0.113497,0.1661299,3.331689,-0.1091064,0.1074514,3.273359,-0.1770736,0.04381005,3.254399,-0.04238318,0.03668407,3.257929,-0.1732016,-0.4922247,3.215286,-0.05195189,-0.5204658,3.24333,-0.115731,-0.9081845,3.311823,-0.07519863,-0.9115849,3.338665
-0.1132096,0.706201,3.374433,-0.1017256,0.5345542,3.366146,-0.2524618,0.3969358,3.29249,0.05535718,0.4008843,3.326228,-0.3785824,0.1576262,3.326457,0.1254245,0.148415,3.318401,-0.5028405,-0.01803288,3.350852,0.212164,-0.03208049,3.263488,-0.113198,0.1657235,3.331418,-0.1093466,0.105273,3.27277,-0.1787331,0.03781194,3.252192,-0.04245595,0.03626496,3.25829,-0.1761808,-0.48642,3.213952,-0.04619043,-0.502707,3.241734,-0.1614376,-0.8419282,3.30584,-0.07548896,-0.8821836,3.338774
-0.1145515,0.7115568,3.371343,-0.1023346,0.5356042,3.366111,-0.2533651,0.4071588,3.290868,0.06068105,0.4074886,3.331073,-0.3842877,0.1848546,3.366441,0.1266116,0.1402264,3.336167,-0.4941151,0.004634328,3.400305,0.2242648,-0.04576097,3.317141,-0.1136841,0.1806691,3.333056,-0.1084371,0.1253881,3.275548,-0.1772834,0.05763641,3.247391,-0.04113435,0.05068603,3.26713,-0.1817391,-0.4852342,3.210981,-0.04454587,-0.4999133,3.240885,-0.1582568,-0.8700068,3.321178,-0.0800136,-0.8745989,3.331274
-0.1307546,0.7110673,3.367034,-0.0993869,0.5370179,3.36498,-0.2560712,0.4011333,3.287961,0.05215392,0.4077444,3.326575,-0.3836152,0.1804192,3.371216,0.1327582,0.147462,3.351204,-0.5020879,0.005325338,3.408514,0.2310376,-0.0445456,3.336599,-0.1092155,0.1647521,3.331081,-0.1041631,0.09761059,3.272712,-0.1750864,0.02461043,3.23872,-0.03695246,0.03251705,3.272254,-0.181492,-0.4941791,3.209268,-0.04491893,-0.5073409,3.239885,-0.1481299,-0.9012594,3.290944,-0.07049029,-0.8681998,3.336485
-0.1347362,0.7059898,3.365321,-0.1000711,0.5339234,3.36054,-0.259075,0.3937669,3.282685,0.05219154,0.4072453,3.326497,-0.3823398,0.1756753,3.375894,0.1334381,0.1487567,3.359121,-0.5327974,0.003058047,3.410967,0.2418714,-0.02932513,3.344019,-0.1073366,0.1490673,3.328761,-0.1015314,0.08348099,3.271606,-0.1724054,0.006191012,3.239744,-0.03133922,0.01714272,3.271915,-0.1886066,-0.4911362,3.201967,-0.009404141,-0.51206,3.267257,-0.156032,-0.9131469,3.286566,-0.07029261,-0.9337949,3.340235
-0.1201068,0.68189,3.364343,-0.1014491,0.4853916,3.345088,-0.2434257,0.3550645,3.250857,0.05702164,0.3734293,3.318942,-0.3815287,0.1581566,3.363265,0.1432594,0.1191734,3.362134,-0.5795993,-0.004991345,3.411009,0.2901491,-0.0242204,3.347486,-0.1130173,0.107076,3.326459,-0.1036448,0.04241376,3.271516,-0.1735835,-0.02385887,3.243025,-0.03418627,-0.02236209,3.272685,-0.2071363,-0.5036893,3.194219,-0.03925945,-0.5080746,3.231585,-0.1695426,-0.9258608,3.276519,-0.09325694,-0.9334903,3.291811
-0.1190195,0.6401464,3.364533,-0.10851,0.4664448,3.341251,-0.2552062,0.3252702,3.25922,0.05177931,0.3184011,3.326602,-0.3943174,0.1238505,3.363843,0.1499889,0.07052117,3.35772,-0.5963484,0.004295688,3.343443,0.327574,-0.02942854,3.325043,-0.113534,0.1032909,3.327055,-0.1032571,0.03979842,3.272509,-0.171851,-0.03586941,3.235335,-0.03155851,-0.03505374,3.286736,-0.2041446,-0.5040169,3.19241,-0.03938123,-0.5082916,3.229151,-0.1789973,-0.9278677,3.271646,-0.0966823,-0.9330046,3.290663
-0.1288614,0.5710192,3.363091,-0.103338,0.398782,3.338819,-0.246308,0.2734754,3.23855,0.05142613,0.2453944,3.316431,-0.3926464,0.08066827,3.348311,0.1685129,-0.001364872,3.337908,-0.5894302,0.00695192,3.29154,0.3638475,0.00948804,3.264612,-0.116809,0.01502289,3.322375,-0.1045684,-0.05191467,3.268649,-0.1775658,-0.1195891,3.238882,-0.03194181,-0.1200808,3.27342,-0.204735,-0.6079873,3.191157,-0.04927985,-0.5332965,3.220829,-0.1759725,-0.9894823,3.286186,-0.09923814,-0.9576899,3.28847
-0.1488251,0.5262901,3.362372,-0.1175084,0.354687,3.333519,-0.254195,0.2233191,3.240049,0.05908153,0.1796232,3.325255,-0.4248371,0.03037989,3.317144,0.1645256,-0.01691701,3.326714,-0.6159613,0.01092799,3.233397,0.3422815,0.03295577,3.225288,-0.1205665,0.008464765,3.323334,-0.1063427,-0.0547863,3.27004,-0.1778502,-0.1224201,3.242798,-0.03580383,-0.1273285,3.27264,-0.2083427,-0.6148497,3.192163,-0.05297006,-0.5402195,3.217034,-0.1941274,-1.002068,3.296756,-0.09835221,-0.9642305,3.288908
-0.09274098,0.4822844,3.356424,-0.119749,0.3105586,3.335784,-0.2547807,0.1916848,3.255788,0.05790262,0.1770275,3.327631,-0.4383943,0.002468452,3.316008,0.1704061,-0.02136102,3.300664,-0.594399,0.03656428,3.174984,0.3220362,0.05066074,3.169874,-0.1233161,-0.05278049,3.329468,-0.1111054,-0.1155359,3.277078,-0.1823948,-0.1806742,3.251881,-0.03691344,-0.1902595,3.278615,-0.2102777,-0.6224294,3.194184,-0.05298178,-0.6301858,3.223305,-0.1932777,-1.003483,3.29752,-0.1034105,-1.003408,3.309297
-0.09556752,0.4842044,3.361115,-0.1195398,0.3116963,3.336969,-0.2763828,0.2087126,3.299587,0.05685125,0.1852492,3.326358,-0.3910234,-0.0248592,3.313599,0.1669648,-0.01291368,3.288522,-0.5380032,0.02517546,3.167248,0.3103182,0.06078196,3.149383,-0.1192122,-0.04261364,3.331706,-0.1144208,-0.1024383,3.278032,-0.1866343,-0.1723053,3.251492,-0.03933506,-0.1806809,3.278747,-0.2118153,-0.6231515,3.20004,-0.05229602,-0.627423,3.226806,-0.1932541,-1.003186,3.298439,-0.1025433,-1.001863,3.311777
-0.1135555,0.553018,3.37812,-0.1129614,0.3739566,3.356825,-0.2797624,0.2401927,3.306094,0.05027732,0.2589135,3.317122,-0.3793265,0.04361909,3.315943,0.1056144,0.009521827,3.266406,-0.5184466,0.01732609,3.155172,0.274826,0.03620764,3.141361,-0.116258,0.0154295,3.340338,-0.1157018,-0.0450627,3.284745,-0.1903311,-0.118554,3.259596,-0.04203698,-0.1190325,3.280034,-0.2035667,-0.6233829,3.221033,-0.05516887,-0.6178994,3.241147,-0.1867912,-1.002128,3.294515,-0.1065905,-1.002925,3.321675
-0.1033564,0.6140131,3.386469,-0.1075094,0.4399689,3.363246,-0.2780838,0.3082563,3.315158,0.06310811,0.313714,3.340829,-0.3731055,0.09385828,3.307936,0.1012606,0.09532124,3.312226,-0.5033644,0.006069034,3.163738,0.2440069,0.0307322,3.167549,-0.1136326,0.07539002,3.344061,-0.1108805,0.01384981,3.288072,-0.1867112,-0.06065629,3.26492,-0.0362458,-0.06283169,3.280023,-0.1940647,-0.6188695,3.244769,-0.07165967,-0.6131192,3.274987,-0.1854725,-1.001097,3.290412,-0.1096685,-1.003867,3.330312
-0.1032637,0.6638905,3.37997,-0.1009062,0.4920567,3.373712,-0.2577471,0.3579324,3.303833,0.05605728,0.3550983,3.338342,-0.3830018,0.1134763,3.304923,0.1118493,0.1445076,3.32126,-0.502497,-0.01594029,3.187645,0.2123013,0.01773556,3.182841,-0.1119932,0.1002733,3.348417,-0.1079915,0.03398284,3.291587,-0.179085,-0.03075918,3.26717,-0.03716054,-0.03579314,3.287675,-0.1806482,-0.5929246,3.256885,-0.07456086,-0.5966501,3.283816,-0.1826149,-0.9972103,3.292091,-0.1139734,-1.002385,3.325453
-0.1020872,0.681574,3.380207,-0.1023163,0.5054909,3.3701,-0.2501294,0.3768679,3.297591,0.05887057,0.3792256,3.340729,-0.380049,0.1346938,3.308174,0.1121678,0.1468499,3.323603,-0.5040875,-0.02607578,3.26851,0.1899973,-0.01111555,3.206215,-0.117254,0.1365526,3.352864,-0.1127565,0.07442655,3.298363,-0.1839742,0.005550504,3.273664,-0.04412158,0.00464014,3.297302,-0.1788883,-0.5491773,3.256863,-0.07796954,-0.5430313,3.282357,-0.1543825,-0.9348942,3.314718,-0.1255013,-0.951277,3.337762
-0.09728239,0.6998203,3.381007,-0.1063248,0.5262449,3.373743,-0.2463734,0.3932032,3.299102,0.06022161,0.3890059,3.347202,-0.3800839,0.1549235,3.320467,0.1108904,0.1437335,3.328981,-0.5065634,-0.02249418,3.326413,0.1957017,-0.0340149,3.259861,-0.1162062,0.1669408,3.359978,-0.1092449,0.1052581,3.305516,-0.1802735,0.03639927,3.270621,-0.03868562,0.03235859,3.313681,-0.1939632,-0.4914212,3.242537,-0.06538299,-0.4921106,3.272319,-0.1694566,-0.8718762,3.333015,-0.1076909,-0.8739096,3.353315
-0.09547344,0.7084041,3.379879,-0.1006058,0.5352944,3.379703,-0.2483639,0.4110276,3.300152,0.06687468,0.4110533,3.36716,-0.3768857,0.1726349,3.334123,0.1190813,0.1398458,3.358853,-0.5055945,-0.009045749,3.371897,0.2102403,-0.04050708,3.312345,-0.1153255,0.1754944,3.362799,-0.1065046,0.114208,3.308317,-0.1790136,0.04267441,3.271479,-0.0361951,0.03894456,3.316172,-0.1949296,-0.4887796,3.242334,-0.06022424,-0.4872813,3.2743,-0.1724898,-0.8684291,3.334775,-0.1074182,-0.8683106,3.353084
-0.0929878,0.7111186,3.379891,-0.09965952,0.5365231,3.382199,-0.2479735,0.4156508,3.301271,0.06691668,0.4114994,3.368121,-0.3759065,0.1852313,3.362197,0.1204389,0.1414056,3.375293,-0.5115162,0.002847208,3.392453,0.222477,-0.0360429,3.3532,-0.1139999,0.1775736,3.365489,-0.105039,0.1164786,3.310989,-0.1774927,0.04462934,3.273248,-0.03465155,0.04153871,3.319636,-0.1964997,-0.491273,3.246334,-0.0616186,-0.4978873,3.285311,-0.1719989,-0.8787766,3.329973,-0.1067489,-0.8638689,3.351944
-0.09089422,0.7112526,3.379031,-0.09674329,0.534619,3.385385,-0.2470323,0.4159141,3.301535,0.06711102,0.4105842,3.37681,-0.3829171,0.2002603,3.385609,0.1219623,0.1421672,3.391296,-0.5282985,0.01480117,3.410322,0.2441675,-0.02235471,3.377876,-0.1132092,0.1767062,3.368371,-0.1032513,0.1157358,3.314071,-0.1755408,0.04388531,3.275181,-0.03333933,0.04101801,3.324196,-0.1921189,-0.5182556,3.258947,-0.0708828,-0.5197995,3.292362,-0.1785192,-0.931775,3.314919,-0.09750726,-0.8698505,3.356533
-0.07997398,0.6987177,3.375831,-0.09989328,0.5288094,3.385437,-0.2323534,0.4213253,3.304262,0.06951275,0.391535,3.383902,-0.3770557,0.2088394,3.383226,0.1355014,0.1268929,3.409048,-0.5728699,0.02219813,3.431555,0.2746456,-0.02362168,3.397664,-0.1171459,0.1664769,3.371054,-0.1053069,0.1036341,3.317848,-0.1744941,0.03597734,3.281116,-0.03729589,0.03180391,3.326816,-0.1863606,-0.5263626,3.266229,-0.05905268,-0.5300758,3.300283,-0.1742958,-0.9852927,3.335732,-0.09200868,-0.9228504,3.362178
-0.1318036,0.6543441,3.362049,-0.1016132,0.4946815,3.388745,-0.2450629,0.4257037,3.326742,0.07507297,0.3360097,3.38524,-0.3826423,0.2008495,3.387952,0.1430229,0.1034239,3.40932,-0.5877614,0.02949729,3.412119,0.3180137,-0.00332728,3.399868,-0.1175472,0.1500057,3.377117,-0.1077609,0.09042692,3.323452,-0.1800237,0.01833419,3.285928,-0.03890463,0.001324109,3.336667,-0.1875491,-0.5441079,3.266562,-0.0617703,-0.5602103,3.299453,-0.1721999,-0.9886059,3.350223,-0.08859774,-0.9324504,3.365027
-0.08384758,0.5990151,3.374661,-0.07851122,0.4301435,3.381875,-0.2463644,0.3094646,3.303325,0.07527067,0.2591609,3.382244,-0.4130664,0.1202577,3.393829,0.163705,0.05136784,3.401393,-0.6082438,0.04348997,3.342444,0.3629876,0.01111517,3.362117,-0.1066867,0.08322012,3.382881,-0.09781373,0.02147476,3.331945,-0.1732467,-0.05934342,3.276697,-0.03025697,-0.06446145,3.361609,-0.1945071,-0.6051612,3.26231,-0.06314775,-0.609362,3.293733,-0.1752411,-1.002774,3.367125,-0.08032887,-0.9430567,3.363681
-0.1142367,0.5395579,3.382921,-0.05812131,0.3555883,3.391383,-0.2454569,0.2632893,3.310441,0.0774883,0.2027113,3.403276,-0.4251089,0.0747374,3.380934,0.1750708,-0.004646682,3.392452,-0.6234257,0.06494545,3.298621,0.3640285,0.04577422,3.318067,-0.1104444,0.05619682,3.389778,-0.1020774,0.00420289,3.338183,-0.1782906,-0.07390831,3.287416,-0.04218051,-0.08153713,3.362175,-0.2113658,-0.6136659,3.255801,-0.05839984,-0.5952995,3.289245,-0.1866944,-0.9857894,3.361436,-0.1045419,-0.9712797,3.38987
-0.1043988,0.504562,3.404471,-0.09267633,0.3315091,3.388898,-0.2330958,0.2502307,3.30685,0.07320721,0.174751,3.395943,-0.4127169,0.05156484,3.354171,0.1767005,-0.01359301,3.385728,-0.5985929,0.06930614,3.256628,0.361419,0.007672734,3.286483,-0.1228808,-0.02231123,3.390489,-0.110994,-0.08555365,3.340454,-0.1831421,-0.1522194,3.305177,-0.04412347,-0.1624366,3.354629,-0.2145776,-0.6203635,3.255896,-0.05596147,-0.6282954,3.287929,-0.1869639,-1.003493,3.382794,-0.10566,-1.007131,3.409502
-0.08946855,0.4651803,3.404741,-0.09864444,0.2937693,3.400202,-0.2395467,0.2069332,3.33555,0.07339148,0.1745978,3.395893,-0.4391424,0.01998872,3.357299,0.1671417,-0.02103326,3.376897,-0.5952357,0.07975654,3.225713,0.3476842,0.01842964,3.275236,-0.1161372,-0.03387709,3.39553,-0.1087426,-0.09216732,3.343601,-0.1818434,-0.1604461,3.310565,-0.03933506,-0.1693259,3.354917,-0.2134083,-0.621014,3.256157,-0.04605475,-0.6032584,3.291133,-0.185403,-0.9972779,3.382823,-0.09758909,-0.9933158,3.406484
-0.0899363,0.4661509,3.403849,-0.1004089,0.2952011,3.401142,-0.257164,0.1999969,3.343437,0.06809226,0.1861841,3.396511,-0.4443936,0.01517509,3.335221,0.1645486,-0.01281618,3.36546,-0.5524294,0.09589226,3.167958,0.3024415,0.05673459,3.217771,-0.1148534,-0.03553839,3.397126,-0.1088788,-0.09392183,3.344829,-0.182806,-0.1649472,3.314374,-0.03856581,-0.1708081,3.354417,-0.2132435,-0.6255871,3.260881,-0.04886374,-0.6168791,3.292706,-0.18528,-0.9939934,3.38204,-0.1003014,-0.9942505,3.406677
-0.09548284,0.5216812,3.395405,-0.09717026,0.3527919,3.410988,-0.268713,0.2185557,3.358893,0.06723417,0.2383383,3.396445,-0.4045348,0.0548597,3.35805,0.1101549,0.002867766,3.372841,-0.5186182,0.06257186,3.175052,0.2644571,0.04096695,3.230491,-0.1089276,-0.008814828,3.402346,-0.1058335,-0.07056229,3.348523,-0.1829156,-0.1463285,3.321959,-0.03138581,-0.1461925,3.348971,-0.2035654,-0.6202091,3.287452,-0.04801705,-0.6258495,3.312793,-0.1851805,-0.9933741,3.381503,-0.1046436,-1.001586,3.407998
