0.012072,0.46131,0.013464,0.0027388,0.28793,0.015286,-0.18267,0.19217,0.004183,0.18736,0.17118,0.056142,-0.42646,0.080229,0.036965,0.37951,0.083291,0.11817,-0.59347,0.19382,-0.055414,0.57321,0.19023,0.076554,-0.0043752,-0.028871,0.035146,0,-0.089033,0,-0.084367,-0.1758,-0.029515,0.081371,-0.18181,0.019429,-0.10163,-0.6151,-0.030825,0.059116,-0.63764,-0.007035,-0.079113,-1.0028,0.088908,0.0064237,-1.0063,0.10063
0.017177,0.44364,0.019626,-0.0072725,0.26844,0.026154,-0.18575,0.166,0.005306,0.19259,0.16285,0.055108,-0.42462,0.097837,-4e-06,0.41817,0.10151,0.092188,-0.55977,0.2371,-0.11002,0.57586,0.23262,0.00827,-0.0054662,-0.047778,0.036819,0,-0.10674,0,-0.081865,-0.19,-0.030915,0.083924,-0.19718,0.014834,-0.10127,-0.62299,-0.043393,0.064401,-0.64009,-0.015036,-0.075273,-1.0065,0.087182,0.011192,-1.0064,0.094634
0.0099678,0.45397,0.049176,-0.0020456,0.2781,0.035361,-0.18592,0.17015,0.006254,0.19013,0.1663,0.056691,-0.40685,0.086595,-0.004054,0.40527,0.1023,0.065333,-0.51686,0.22004,-0.15261,0.55511,0.24611,-0.070233,-0.0053678,-0.047589,0.038854,0,-0.10643,0,-0.082007,-0.18983,-0.03107,0.083563,-0.19649,0.01355,-0.10959,-0.62407,-0.041613,0.064166,-0.63939,-0.016098,-0.076007,-1.0082,0.086245,0.0066038,-1.0066,0.093635
-0.002343,0.52674,0.074376,-0.01728,0.35061,0.059914,-0.18322,0.22601,0.007335,0.17551,0.23076,0.056131,-0.3673,0.1113,-0.018822,0.36406,0.12362,0.02733,-0.49645,0.1909,-0.1865,0.50527,0.20064,-0.13085,-0.0078282,0.0062564,0.044447,0,-0.054394,0,-0.076348,-0.13617,-0.036129,0.083363,-0.13702,0.006661,-0.10993,-0.61779,-0.004268,0.059236,-0.62157,0.0118,-0.082288,-1.011,0.077807,-0.0028859,-1.007,0.084572
0.0044266,0.59201,0.078553,-0.0097035,0.41712,0.071254,-0.18174,0.29298,0.011447,0.1764,0.29883,0.050831,-0.34866,0.15897,-0.047469,0.32476,0.14166,0.009794,-0.47185,0.14337,-0.23779,0.47251,0.1323,-0.16118,-0.0056597,0.061283,0.047199,0,-0.00063238,0,-0.075427,-0.080904,-0.030873,0.079164,-0.081229,-0.001448,-0.10245,-0.61503,0.012363,0.058971,-0.60662,0.036709,-0.081454,-1.0126,0.072595,-0.0081319,-1.0054,0.062019
-0.0040809,0.63945,0.080116,-0.011122,0.46313,0.071911,-0.17555,0.35359,0.006621,0.16655,0.34778,0.038097,-0.33526,0.16939,-0.047552,0.28958,0.16946,0.009766,-0.45215,0.083756,-0.22133,0.40987,0.077134,-0.15768,-0.0055037,0.095569,0.048172,0,0.031513,0,-0.072096,-0.043672,-0.028205,0.077126,-0.040911,-0.001652,-0.075007,-0.57864,0.017677,0.059198,-0.57548,0.04512,-0.077086,-1.011,0.076047,-0.017855,-1.0008,0.055995
0.0054276,0.67842,0.083826,-0.0083454,0.49965,0.069076,-0.16683,0.38331,0.002095,0.16719,0.36531,0.037595,-0.30058,0.18203,-0.030202,0.25237,0.1503,0.020406,-0.41284,0.026714,-0.14388,0.37483,0.0083826,-0.10324,-0.0059866,0.13452,0.04836,0,0.070488,0,-0.071286,-0.0024539,-0.032514,0.074812,-0.0088654,0.003189,-0.065672,-0.5382,0.009129,0.041631,-0.54493,0.029729,-0.060593,-0.94906,0.090851,0.0010061,-0.94888,0.092326
0.0085706,0.69855,0.074842,-0.0086742,0.523,0.062176,-0.15325,0.43014,-0.001316,0.16366,0.40246,0.036873,-0.27878,0.17012,-0.01339,0.23824,0.14037,0.021589,-0.38403,-0.014742,-0.067398,0.32249,-0.054593,-0.034093,-0.0068776,0.17943,0.047389,0,0.12066,0,-0.068153,0.050292,-0.032324,0.070661,0.044764,0.00674,-0.083913,-0.48417,-0.022111,0.060218,-0.48928,0.010131,-0.06467,-0.84176,0.098224,-0.0006308,-0.87653,0.093574
0.010664,0.71332,0.067204,-0.0017177,0.53851,0.062041,-0.15665,0.43079,-0.00455,0.16031,0.41096,0.030299,-0.27009,0.16244,0.004596,0.22401,0.12775,0.047523,-0.35683,-0.03511,0.013259,0.28027,-0.079886,0.061781,-0.0052738,0.19092,0.048374,0,0.1306,0,-0.06843,0.061478,-0.031052,0.069955,0.055676,0.005663,-0.099565,-0.43823,-0.045772,0.065266,-0.4519,-0.018752,-0.068054,-0.82107,0.088035,0.0048414,-0.83817,0.094608
0.016281,0.71779,0.06428,-0.0044786,0.54247,0.058033,-0.15435,0.43191,-0.007491,0.15919,0.41136,0.030261,-0.25926,0.16469,0.028506,0.22004,0.13457,0.0661,-0.33541,-0.016039,0.10879,0.24952,-0.071912,0.11296,-0.006462,0.1918,0.048136,0,0.13083,0,-0.068121,0.061465,-0.031713,0.071502,0.056217,0.009467,-0.10028,-0.43019,-0.052384,0.065132,-0.45002,-0.022834,-0.067486,-0.81006,0.088631,0.014399,-0.80505,0.11652
0.021711,0.72051,0.059869,-0.0041582,0.54218,0.04928,-0.1486,0.43739,-0.009836,0.16457,0.41058,0.030953,-0.25842,0.1795,0.052701,0.21856,0.13993,0.096696,-0.33717,-0.006964,0.13433,0.27529,-0.044298,0.18373,-0.0069286,0.18824,0.04719,0,0.12389,0,-0.069428,0.054199,-0.026066,0.07184,0.047858,0.007555,-0.097345,-0.43706,-0.05561,0.067485,-0.45696,-0.026825,-0.062186,-0.81622,0.086947,0.015786,-0.80879,0.11256
0.053338,0.70818,0.061773,0.0006794,0.53944,0.046468,-0.14385,0.43487,-0.011789,0.17552,0.39008,0.037477,-0.25717,0.18166,0.060031,0.2314,0.12845,0.12086,-0.36066,0.0060658,0.14342,0.31114,-0.01838,0.24685,-0.0065501,0.16952,0.046911,0,0.1001,0,-0.071438,0.03349,-0.025763,0.069943,0.020664,0.007135,-0.080218,-0.50248,-0.038715,0.061779,-0.51856,-0.011173,-0.031563,-0.88071,0.058544,0.040372,-0.81042,0.084935
0.042064,0.68857,0.039292,0.017602,0.4561,0.03713,-0.11483,0.41649,-0.015705,0.17326,0.36023,0.037208,-0.25663,0.18793,0.077439,0.24699,0.1378,0.14071,-0.40994,0.0072613,0.14275,0.35565,-0.010707,0.24324,-0.0057745,0.11334,0.045955,0,0.050822,0,-0.069029,-0.0019986,-0.018468,0.062763,-0.016054,0.002654,-0.082734,-0.54133,-0.01815,0.047814,-0.55538,0.002075,-0.023409,-0.94652,0.030839,0.018418,-0.97319,0.096152
0.047843,0.62924,0.039543,0.017802,0.45692,0.03727,-0.11591,0.41844,-0.013129,0.17611,0.31629,0.032958,-0.26632,0.18856,0.065739,0.26826,0.11578,0.15421,-0.46834,-0.0012227,0.10966,0.42709,0.0017027,0.23572,-0.0054968,0.11346,0.046365,0,0.050923,0,-0.068655,-0.0070653,-0.023752,0.062368,-0.018935,0.004966,-0.079753,-0.54655,-0.016993,0.048839,-0.55861,0.003005,-0.033478,-0.9933,0.036497,0.029284,-0.96658,0.058574
0.047167,0.59013,0.036817,0.051191,0.39985,0.047437,-0.10236,0.39736,-0.016693,0.19475,0.25455,0.063666,-0.27697,0.17724,0.043768,0.3125,0.075055,0.16001,-0.51966,0.016254,0.068723,0.51799,0.020262,0.19068,-0.0071158,0.10728,0.046695,0,0.049503,0,-0.067716,-0.011657,-0.026511,0.05893,-0.026399,0.00768,-0.081488,-0.55133,-0.023281,0.048673,-0.56639,-0.004521,-0.048739,-0.99567,0.04335,0.024113,-0.9726,0.059109
0.038825,0.51132,0.027769,0.021096,0.34056,0.037957,-0.14179,0.26378,-0.019672,0.1788,0.19676,0.059826,-0.35221,0.079454,0.045078,0.32638,0.053587,0.14558,-0.57539,0.043231,-0.012081,0.54334,0.060754,0.1283,-0.0081167,0.02118,0.046369,0,-0.036606,0,-0.07315,-0.1188,-0.057525,0.063411,-0.12853,0.034136,-0.099308,-0.60975,-0.046595,0.053177,-0.61806,-0.032578,-0.06696,-0.99897,0.032256,0.0084656,-1.0101,0.052553
0.029721,0.48081,0.037496,0.019188,0.30156,0.045426,-0.13525,0.20907,-0.018539,0.18361,0.15033,0.077798,-0.36826,0.045505,0.029131,0.35939,0.035624,0.10854,-0.56899,0.069317,-0.062937,0.55193,0.12057,0.042235,-0.010633,-0.05388,0.047439,0,-0.11789,0,-0.076386,-0.18721,-0.033675,0.069641,-0.19935,0.012143,-0.099038,-0.61967,-0.056788,0.061252,-0.62124,-0.038544,-0.061188,-1.0106,0.046699,0.011837,-1.0117,0.052427
0.015982,0.45812,0.040245,0.00081033,0.28194,0.047846,-0.18518,0.15241,0.000908,0.18388,0.15184,0.074438,-0.38613,0.028246,0.021522,0.36176,0.031601,0.081397,-0.53771,0.099803,-0.1291,0.52893,0.15609,-0.027631,-0.0067908,-0.057131,0.049114,0,-0.11875,0,-0.079468,-0.19542,-0.029781,0.072036,-0.20084,0.010958,-0.099427,-0.62395,-0.058648,0.065263,-0.62453,-0.038204,-0.065532,-1.0108,0.048493,0.013143,-1.0107,0.057557
0.0038638,0.48843,0.062952,-0.0012348,0.3101,0.052074,-0.17878,0.18529,-0.001345,0.1764,0.20235,0.053274,-0.36726,0.034601,-0.01665,0.33275,0.051894,0.040914,-0.51277,0.099187,-0.1768,0.48643,0.14486,-0.093539,-0.0058521,-0.040487,0.050043,0,-0.10209,0,-0.079124,-0.1825,-0.029444,0.076687,-0.18372,0.006086,-0.095648,-0.62542,-0.053283,0.071246,-0.63045,-0.034185,-0.057288,-1.0102,0.039289,0.017638,-1.0136,0.052883
-0.0002957,0.55712,0.057373,-0.0081887,0.38492,0.064416,-0.16608,0.25933,0.000322,0.17537,0.2678,0.049989,-0.3167,0.10337,-0.027923,0.29262,0.085421,0.021079,-0.46069,0.059157,-0.19665,0.42853,0.10352,-0.15964,-0.0075877,0.026767,0.052331,0,-0.034978,0,-0.075381,-0.11103,-0.028898,0.078384,-0.11291,0.000613,-0.090161,-0.61348,-0.010394,0.07068,-0.62181,0.006189,-0.052718,-1.0079,0.027623,0.020547,-1.0134,0.043163
0.0069899,0.60992,0.062304,-0.0045351,0.439,0.073551,-0.1567,0.31663,-0.007285,0.17415,0.3118,0.046663,-0.30933,0.12128,-0.033031,0.25199,0.11038,0.002699,-0.41833,0.0048301,-0.19255,0.38008,0.070594,-0.18032,-0.0081065,0.065323,0.053694,0,0.00044262,0,-0.073679,-0.069663,-0.029308,0.075731,-0.074803,0.000389,-0.079982,-0.60881,-0.00838,0.06196,-0.61431,0.011972,-0.047627,-1.0057,0.031097,0.019302,-1.0121,0.038778
0.015651,0.65099,0.080818,-0.0051695,0.47596,0.069592,-0.14488,0.35032,-0.01032,0.16507,0.372,0.038415,-0.28737,0.1341,-0.029124,0.23819,0.15737,0.013442,-0.38956,-0.02413,-0.14907,0.33366,0.026526,-0.1433,-0.0072409,0.10574,0.053365,0,0.042475,0,-0.069305,-0.027473,-0.0291,0.070508,-0.02387,0.003144,-0.067076,-0.56735,-0.013231,0.049623,-0.56377,0.009385,-0.022842,-0.98341,0.054601,0.026254,-0.9837,0.053558
0.01635,0.67628,0.0704,-0.0031179,0.50303,0.070192,-0.14127,0.38652,-0.012605,0.16551,0.37659,0.032996,-0.27474,0.13577,-0.027781,0.23759,0.15213,0.011622,-0.36189,-0.054051,-0.098418,0.31823,-0.019795,-0.1056,-0.0073674,0.15303,0.053724,0,0.093127,0,-0.067911,0.025517,-0.03559,0.069244,0.015679,0.006319,-0.069254,-0.50415,-0.036807,0.059519,-0.50615,-0.013615,-0.025804,-0.90087,0.060982,0.014358,-0.90719,0.068521
0.016475,0.70097,0.066564,-0.0048491,0.52812,0.067514,-0.13787,0.41384,-0.008849,0.16273,0.41393,0.043375,-0.25304,0.14521,-0.008218,0.21182,0.12467,0.017283,-0.34884,-0.049331,-0.023187,0.28902,-0.070417,-0.050288,-0.0084875,0.16656,0.053359,0,0.10503,0,-0.066713,0.039258,-0.032857,0.069864,0.035032,0.006452,-0.083366,-0.47322,-0.040515,0.068134,-0.4715,-0.022417,-0.053314,-0.83727,0.077255,0.0165,-0.83016,0.10368
0.016569,0.70788,0.062832,-0.0048257,0.53458,0.062035,-0.13782,0.42164,-0.009421,0.16451,0.41446,0.054401,-0.25153,0.15623,0.01859,0.21057,0.12454,0.031115,-0.33834,-0.039393,0.050391,0.2738,-0.083008,0.015797,-0.010384,0.17402,0.052201,0,0.11193,0,-0.067252,0.043578,-0.0343,0.0691,0.040389,0.009109,-0.088335,-0.47045,-0.042611,0.065845,-0.46973,-0.024672,-0.057895,-0.83612,0.075882,0.012578,-0.82875,0.10343
0.01929,0.70965,0.062701,-0.0046981,0.53619,0.059971,-0.14556,0.42913,-0.00097,0.16485,0.41442,0.057436,-0.25331,0.16171,0.030177,0.21405,0.12582,0.056273,-0.33903,-0.034187,0.066138,0.29409,-0.072382,0.11357,-0.0095803,0.17607,0.052054,0,0.11381,0,-0.067581,0.045111,-0.033655,0.069139,0.040699,0.008618,-0.092946,-0.4831,-0.03527,0.064127,-0.48295,-0.013101,-0.066062,-0.87142,0.091811,0.0078736,-0.85038,0.089777
0.020988,0.70136,0.061573,0.0036796,0.48979,0.059605,-0.14531,0.42722,-0.002447,0.15755,0.42041,0.052319,-0.26156,0.16912,0.050812,0.2164,0.13754,0.080027,-0.35825,-0.027091,0.11394,0.30994,-0.057588,0.14821,-0.0082497,0.16317,0.052399,0,0.10516,0,-0.065848,0.037449,-0.028285,0.067132,0.036824,0.00518,-0.091843,-0.50287,-0.013553,0.053145,-0.50433,0.010574,-0.056767,-0.93344,0.059651,0.00072129,-0.9524,0.089203
0.031771,0.68818,0.064069,0.0077691,0.47317,0.05734,-0.13775,0.42819,0.004272,0.16849,0.36238,0.05479,-0.25884,0.17147,0.055307,0.24222,0.10693,0.11995,-0.36956,-0.01636,0.10153,0.34448,-0.07847,0.15564,-0.0082139,0.14719,0.05212,0,0.091618,0,-0.066336,0.026003,-0.030352,0.063598,0.013486,0.007419,-0.091822,-0.51446,-0.01189,0.056827,-0.52821,0.010023,-0.064044,-0.9195,0.063575,-0.0084083,-0.93231,0.070899
0.069238,0.62615,0.081637,0.024254,0.43383,0.064035,-0.098916,0.43767,0.003587,0.1751,0.34081,0.044917,-0.24219,0.1914,0.050162,0.2453,0.089707,0.1165,-0.43323,-0.02713,0.082689,0.40679,-0.037217,0.17417,-0.0053772,0.094048,0.052959,0,0.036391,0,-0.066327,-0.019921,-0.027197,0.058054,-0.036425,0.001192,-0.093962,-0.56083,-0.013895,0.057321,-0.57834,0.007304,-0.064051,-0.98911,0.074932,0.0023269,-0.97998,0.085913
0.04734,0.58314,0.074333,0.047345,0.37365,0.063501,-0.10666,0.41953,0.015679,0.17839,0.2632,0.060692,-0.2514,0.17061,0.048705,0.26758,0.042739,0.12726,-0.47517,-0.019234,0.048769,0.46359,-0.038555,0.16038,-0.0056946,0.081033,0.0527,0,0.028426,0,-0.076191,-0.036625,-0.010863,0.053076,-0.056016,-0.011205,-0.094448,-0.57867,-0.019396,0.059416,-0.59783,-0.000115,-0.067206,-0.97478,0.088201,0.016456,-1.0015,0.096655
0.081904,0.5469,0.067087,0.054229,0.37375,0.063582,-0.056891,0.37943,0.004138,0.18124,0.20118,0.051821,-0.23104,0.15139,0.041825,0.30221,-0.016629,0.11407,-0.48443,0.0051592,0.003056,0.51559,0.017298,0.080284,-0.0037994,-0.00043004,0.053198,0,-0.068182,0,-0.071158,-0.12274,-0.034416,0.053633,-0.14897,0.009306,-0.096604,-0.61042,-0.023614,0.065918,-0.61716,-0.007521,-0.060213,-1.0018,0.091711,0.022785,-1.0016,0.095412
0.035389,0.47322,0.062523,0.023897,0.30216,0.074797,-0.10048,0.26093,0.012203,0.17756,0.16998,0.065184,-0.29965,0.050853,0.036394,0.31759,-0.015723,0.097408,-0.51133,0.0088967,-0.065624,0.51889,0.040847,0.026521,-0.0071461,-0.052791,0.054889,0,-0.10994,0,-0.068298,-0.17158,-0.031198,0.059248,-0.18086,0.003963,-0.10618,-0.62354,-0.037539,0.061719,-0.62502,-0.025035,-0.062837,-1.0026,0.082704,0.019144,-1.0018,0.085094
0.02609,0.46108,0.063384,0.0008269,0.27849,0.063636,-0.16845,0.15867,0.017926,0.18015,0.16105,0.064982,-0.36116,-0.015277,0.029721,0.31718,-0.01483,0.071999,-0.50368,0.057382,-0.12964,0.50776,0.099948,-0.07483,-0.0036059,-0.059059,0.054479,0,-0.11697,0,-0.075142,-0.19521,-0.02786,0.0722,-0.2013,0.005159,-0.10909,-0.63554,-0.03651,0.062298,-0.63112,-0.028436,-0.062863,-1.0067,0.087358,0.019503,-1.0022,0.082041
0.013081,0.47271,0.076728,0.0009792,0.28823,0.066426,-0.16821,0.17328,0.019117,0.17094,0.18012,0.056127,-0.3428,-0.01391,0.01912,0.2845,-0.004689,0.034977,-0.45824,0.051169,-0.16538,0.46638,0.031699,-0.090277,-0.0028906,-0.057583,0.054657,0,-0.11591,0,-0.07559,-0.19308,-0.028093,0.072873,-0.19795,0.004564,-0.10804,-0.63549,-0.03007,0.061285,-0.63412,-0.022341,-0.060577,-1.0096,0.089257,0.015955,-1.0078,0.096418
0.01561,0.54052,0.093984,0.0018368,0.3634,0.074031,-0.16692,0.24673,0.022017,0.17172,0.24727,0.049191,-0.29885,0.057312,0.007885,0.237,0.019166,-0.001362,-0.41996,0.024879,-0.18184,0.41924,0.030239,-0.13118,-0.0033441,0.005705,0.055422,0,-0.054471,0,-0.076528,-0.12865,-0.03025,0.07586,-0.13228,-0.00131,-0.089167,-0.62337,0.015714,0.065014,-0.61544,0.019662,-0.057214,-1.0095,0.08384,0.021171,-1.0056,0.086565
0.0086757,0.60272,0.090779,-0.0008514,0.42737,0.085671,-0.16598,0.30751,0.017292,0.17153,0.30521,0.053371,-0.27037,0.099281,-0.001009,0.21624,0.093777,0.004785,-0.3896,-0.00097835,-0.16456,0.35482,-0.01115,-0.13756,-0.0050651,0.060148,0.057071,0,-0.00076485,0,-0.075018,-0.075666,-0.029884,0.075317,-0.0761,-0.004652,-0.085784,-0.61393,0.02373,0.062205,-0.61535,0.039964,-0.061006,-1.0027,0.07981,0.017322,-1.0038,0.082193
0.012596,0.63829,0.091208,0.0003877,0.42762,0.084028,-0.15517,0.364,0.015221,0.16215,0.36042,0.04686,-0.22866,0.13117,-0.002161,0.21889,0.10929,0.007853,-0.34974,-0.019387,-0.11328,0.33199,-0.030096,-0.12648,-0.0043681,0.085988,0.055928,0,0.036923,0,-0.070349,-0.024968,-0.027925,0.070175,-0.034318,-0.005017,-0.08053,-0.5639,0.023369,0.058698,-0.57391,0.040175,-0.055191,-0.96882,0.07869,0.010498,-0.99372,0.078659
0.0151,0.69326,0.083676,0.0057667,0.51761,0.077382,-0.14776,0.38576,0.007344,0.16492,0.38192,0.030596,-0.24487,0.12794,-0.00223,0.21983,0.12759,0.012059,-0.3482,-0.058236,-0.055967,0.29593,-0.06449,-0.066516,-0.0025608,0.15207,0.056075,0,0.090492,0,-0.068045,0.02528,-0.01734,0.066199,0.018925,-0.011523,-0.073718,-0.51639,0.008983,0.044752,-0.52106,0.029827,-0.067134,-0.87941,0.093143,0.018507,-0.92636,0.088996
0.01611,0.71429,0.073856,0.0029947,0.54123,0.078985,-0.13463,0.43539,0.000755,0.16531,0.39918,0.035328,-0.2351,0.16067,1.5e-05,0.2184,0.12755,0.018281,-0.32113,-0.03758,0.018802,0.27093,-0.082297,-0.010925,-0.0059639,0.17967,0.056034,0,0.11924,0,-0.066328,0.056042,-0.02726,0.065571,0.049672,-0.002296,-0.085502,-0.48597,-0.007331,0.058592,-0.49273,0.015939,-0.062093,-0.87366,0.097288,0.018607,-0.84852,0.085746
0.014609,0.72058,0.068619,0.0049372,0.54705,0.073094,-0.13546,0.43554,0.000328,0.16624,0.40751,0.032889,-0.23699,0.16208,0.009403,0.22335,0.1244,0.053799,-0.32018,-0.032683,0.044284,0.26641,-0.08647,0.069352,-0.0054762,0.18018,0.05589,0,0.11837,0,-0.067254,0.05436,-0.026855,0.067468,0.047001,-0.000629,-0.089249,-0.46981,-0.013555,0.05849,-0.47569,0.006467,-0.071269,-0.80789,0.10647,0.019363,-0.82814,0.10985
0.020621,0.72411,0.066818,0.0074267,0.54969,0.066751,-0.13808,0.43917,0.00038,0.17134,0.42749,0.053859,-0.24805,0.17194,0.028688,0.21816,0.14029,0.069772,-0.32959,-0.01439,0.093275,0.27147,-0.067647,0.090055,-0.0074437,0.18479,0.054459,0,0.12275,0,-0.068736,0.058885,-0.023662,0.067316,0.049189,-0.001743,-0.09022,-0.46983,-0.015969,0.057655,-0.47377,0.00342,-0.069043,-0.8161,0.10359,0.01823,-0.82544,0.10766
0.018849,0.7237,0.060727,0.0076847,0.55029,0.065297,-0.13742,0.43911,-0.000477,0.17542,0.41668,0.046292,-0.25492,0.18158,0.053121,0.22063,0.13373,0.086141,-0.35653,-0.004343,0.14746,0.31981,-0.044884,0.14698,-0.0065202,0.18625,0.054228,0,0.12417,0,-0.06874,0.059607,-0.023987,0.067389,0.049678,-0.001479,-0.090847,-0.48345,-0.016045,0.054954,-0.49361,0.006079,-0.056519,-0.85801,0.085441,0.018211,-0.83808,0.10535
0.027544,0.71034,0.05718,0.0053449,0.48326,0.034978,-0.13308,0.43877,-0.001722,0.17801,0.41223,0.043988,-0.25101,0.18731,0.068904,0.23286,0.13492,0.09884,-0.37539,0.0045753,0.12106,0.35592,-0.025659,0.1649,-0.0067093,0.16948,0.051613,0,0.11189,0,-0.067737,0.047391,-0.017531,0.065443,0.037099,-0.002658,-0.085314,-0.49564,0.001015,0.049206,-0.50576,0.019453,-0.042893,-0.94101,0.055902,-0.0076716,-0.95012,0.1022
0.033637,0.68138,0.049192,0.020236,0.45333,0.049964,-0.12087,0.4352,-0.006415,0.17847,0.35305,0.040026,-0.26248,0.19634,0.064275,0.25022,0.10827,0.1176,-0.46213,-0.00079726,0.11086,0.41429,-0.021138,0.16374,-0.0051779,0.11074,0.051809,0,0.050925,0,-0.069125,-0.010063,-0.023957,0.061527,-0.022812,0.002059,-0.11471,-0.51319,-0.016083,0.045206,-0.56618,0.018129,-0.059825,-0.92029,0.045539,0.0036787,-0.97817,0.062265
0.01949,0.61613,0.049513,0.040552,0.40594,0.053255,-0.11976,0.42892,-0.002961,0.17414,0.29345,0.032149,-0.26686,0.1885,0.05456,0.27361,0.073967,0.11417,-0.4943,0.01417,0.041773,0.48265,0.015811,0.094802,-0.0045355,0.10677,0.051896,0,0.050073,0,-0.070678,-0.015587,-0.029709,0.057897,-0.028689,0.006828,-0.09216,-0.55885,-0.01122,0.042764,-0.57282,0.010254,-0.074723,-1.0071,0.08772,0.0036297,-1.0089,0.083255
0.036895,0.58042,0.050535,0.03489,0.40447,0.045785,-0.12469,0.42296,-0.007689,0.18084,0.24045,0.051367,-0.27878,0.17928,0.02444,0.28715,0.042763,0.098024,-0.52891,0.033611,-0.016525,0.50275,0.042817,0.058569,-0.0080469,0.10048,0.050275,0,0.044255,0,-0.072547,-0.029123,-0.032594,0.057072,-0.049299,0.011768,-0.096102,-0.57254,-0.016314,0.045991,-0.59386,0.005246,-0.074149,-0.99934,0.077592,0.004569,-1.0032,0.082293
0.030153,0.51113,0.03164,0.020806,0.34066,0.04797,-0.073141,0.34459,-0.010843,0.17755,0.18283,0.037629,-0.27312,0.13239,0.000804,0.32141,0.006452,0.059398,-0.51467,0.065067,-0.087416,0.51629,0.072763,-0.022727,-0.0095351,0.030579,0.050185,0,-0.023362,0,-0.059999,-0.10156,-0.074468,0.049697,-0.12539,0.044397,-0.1083,-0.62421,-0.040769,0.047788,-0.62743,-0.018499,-0.068256,-1.0092,0.067204,0.0060069,-1.0069,0.069833
0.019493,0.47229,0.061965,-0.0004123,0.29571,0.047121,-0.16325,0.18227,-0.002764,0.18308,0.18006,0.046402,-0.34747,0.02606,0.010636,0.31156,-0.047964,0.054804,-0.49044,0.082943,-0.15545,0.47265,0.091202,-0.065489,-0.0066686,-0.05452,0.051442,0,-0.11651,0,-0.077747,-0.19229,-0.028075,0.077903,-0.19606,0.005507,-0.10378,-0.62951,-0.032612,0.058107,-0.63367,-0.010819,-0.06017,-1.0113,0.075516,0.01558,-1.0096,0.079687
0.018252,0.47499,0.063178,-0.0005881,0.29822,0.047136,-0.16545,0.18482,-0.000692,0.18038,0.18784,0.045816,-0.33476,0.023036,-0.017772,0.30097,-0.0079578,-0.012979,-0.46358,0.095952,-0.18943,0.45769,0.10753,-0.12199,-0.0062663,-0.051028,0.051516,0,-0.11275,0,-0.078001,-0.18895,-0.027329,0.078327,-0.19264,0.00458,-0.10707,-0.6306,-0.027125,0.060363,-0.63566,-0.00815,-0.066413,-1.0024,0.075943,0.018331,-1.0056,0.082389
0.014125,0.54031,0.075027,0.0003859,0.36455,0.069133,-0.16555,0.24607,0.011551,0.17007,0.25534,0.046608,-0.29305,0.048635,-0.017388,0.25987,0.058936,-0.000524,-0.40461,0.075577,-0.21443,0.39984,0.062318,-0.1792,-0.0044993,0.0066129,0.054995,0,-0.054165,0,-0.074981,-0.12801,-0.027082,0.074843,-0.13068,-0.002328,-0.10383,-0.6261,-0.005496,0.060995,-0.63047,0.00783,-0.063027,-1.0131,0.082895,0.018288,-1.0095,0.084079
0.020499,0.60838,0.089195,0.0078774,0.43224,0.082006,-0.15783,0.31023,0.010408,0.17786,0.30909,0.051069,-0.26839,0.12357,-0.017808,0.20413,0.094926,0.003148,-0.36658,0.0057554,-0.18407,0.35749,0.028496,-0.148,-0.0042667,0.061983,0.05685,0,-0.00014645,0,-0.075323,-0.073428,-0.027814,0.072601,-0.076286,-0.004939,-0.089693,-0.61495,0.018489,0.061404,-0.61906,0.029247,-0.063997,-1.0007,0.079414,0.015646,-1.0088,0.087235
0.016733,0.64066,0.10785,0.0080904,0.4317,0.079472,-0.14972,0.35924,0.002787,0.1733,0.35174,0.04668,-0.26442,0.12994,-0.017705,0.22238,0.12268,0.008919,-0.35724,-0.010376,-0.16746,0.33579,-5.9925e-05,-0.14221,-0.0049315,0.082257,0.055481,0,0.030329,0,-0.073352,-0.037767,-0.028288,0.069788,-0.042603,-0.003048,-0.07599,-0.57981,0.018339,0.054901,-0.58579,0.029664,-0.050487,-0.99339,0.067287,0.0085393,-1.0103,0.073653
0.018186,0.68498,0.089447,0.0023522,0.45735,0.073001,-0.14189,0.37806,0.00204,0.16913,0.37611,0.043996,-0.26124,0.13065,-0.015194,0.22246,0.12594,0.010712,-0.34383,-0.057065,-0.098808,0.29725,-0.063561,-0.076719,-0.005999,0.12421,0.054914,0,0.065929,0,-0.068325,0.0012661,-0.028611,0.067864,-0.0034276,-0.00073,-0.072281,-0.53966,-0.004192,0.029936,-0.54686,0.01523,-0.037457,-0.92402,0.049398,0.011851,-0.93383,0.053949
0.017674,0.71744,0.080367,0.0075297,0.54162,0.076504,-0.13903,0.40849,0.001263,0.16644,0.39114,0.041435,-0.25581,0.13976,-0.004547,0.21884,0.12519,0.024945,-0.33812,-0.058321,0.015804,0.28281,-0.081803,-0.000878,-0.0051459,0.15329,0.055785,0,0.085892,0,-0.069802,0.02173,-0.029184,0.068038,0.011656,0.000698,-0.087062,-0.50597,-0.022805,0.041335,-0.49977,-0.008804,-0.050557,-0.86228,0.065888,0.023666,-0.8723,0.054089
0.016119,0.71935,0.068177,0.0056966,0.54573,0.074414,-0.13714,0.42381,-0.003497,0.16697,0.414,0.048873,-0.25209,0.15593,0.008024,0.21611,0.12999,0.060801,-0.33838,-0.028782,0.069999,0.27684,-0.075358,0.084054,-0.0071471,0.1775,0.054964,0,0.11731,0,-0.069615,0.048406,-0.035129,0.066887,0.044695,0.007992,-0.10586,-0.47336,-0.042665,0.046463,-0.48151,-0.019616,-0.072472,-0.82919,0.071272,0.018568,-0.84753,0.069198
0.022928,0.72083,0.071911,0.0057861,0.54676,0.07445,-0.13787,0.42507,-0.004118,0.16823,0.41554,0.048844,-0.26526,0.17471,0.057276,0.22515,0.13799,0.090093,-0.34976,-0.010804,0.1196,0.29017,-0.060473,0.13714,-0.0071828,0.17848,0.055083,0,0.11771,0,-0.069967,0.048768,-0.035749,0.067196,0.044658,0.008242,-0.10658,-0.47258,-0.044938,0.048479,-0.48186,-0.022017,-0.072261,-0.83222,0.056699,0.018943,-0.84598,0.068624
0.022686,0.71879,0.072818,0.012812,0.5431,0.070861,-0.1383,0.41747,-0.001362,0.17382,0.41178,0.052909,-0.26648,0.17408,0.07749,0.22796,0.13411,0.10807,-0.37151,-0.0011099,0.139,0.32381,-0.032079,0.19744,-0.0059152,0.17142,0.055202,0,0.10676,0,-0.072936,0.036917,-0.033196,0.067819,0.028616,0.005299,-0.10244,-0.50278,-0.045361,0.052491,-0.51736,-0.017887,-0.060789,-0.8638,0.027301,0.023239,-0.89535,0.046402
0.026056,0.70093,0.075566,0.016497,0.46924,0.054723,-0.14664,0.40105,0.004928,0.18005,0.38892,0.058977,-0.27549,0.16108,0.091023,0.25138,0.12679,0.14679,-0.42522,0.020949,0.15054,0.37501,-0.033486,0.21344,-0.0052893,0.15302,0.05257,0,0.097666,0,-0.073501,0.028736,-0.028069,0.067972,0.015428,-0.002733,-0.09059,-0.51756,-0.035306,0.048394,-0.5308,-0.010957,-0.049769,-0.97122,0.001202,0.0002878,-0.99214,0.022063
0.014306,0.65781,0.070002,0.01738,0.48209,0.069685,-0.15863,0.35217,0.016886,0.17995,0.34743,0.06119,-0.30978,0.12891,0.10974,0.25572,0.11253,0.14895,-0.48554,0.0062126,0.13396,0.42366,-0.01496,0.18961,-0.0033334,0.12394,0.056552,0,0.051207,0,-0.078406,-0.022741,-0.033497,0.071753,-0.028997,0.001868,-0.09828,-0.56917,-0.037603,0.046766,-0.57528,-0.008979,-0.058237,-0.97632,0.007148,0.0010349,-0.99233,0.029185
0.029597,0.60794,0.073445,0.06149,0.43817,0.085384,-0.1175,0.34346,0.000384,0.17845,0.29063,0.070285,-0.29907,0.13691,0.080477,0.27428,0.060761,0.12113,-0.5156,0.012994,0.059884,0.484,0.0026928,0.11196,-0.0012533,0.096378,0.057324,0,0.040829,0,-0.076451,-0.029344,-0.041751,0.062014,-0.042388,0.011382,-0.11215,-0.57519,-0.056571,0.038405,-0.58826,-0.02763,-0.067502,-0.98107,0.009694,-0.0041602,-0.99419,0.017966
-0.0032991,0.53463,0.070074,0.078114,0.38726,0.09548,-0.067209,0.34826,0.008304,0.19649,0.21071,0.091416,-0.25839,0.13576,0.054469,0.29098,0.01957,0.11045,-0.50338,0.016679,0.002733,0.50596,0.013873,0.063545,-0.0045558,0.014823,0.056557,0,-0.050594,0,-0.07685,-0.10144,-0.033245,0.053846,-0.1287,0.00136,-0.10488,-0.59771,-0.070322,0.049586,-0.61049,-0.0378,-0.054911,-0.98607,0.016308,0.010528,-0.9948,0.003569
0.017389,0.49094,0.081644,0.023826,0.31455,0.077917,-0.088834,0.26195,0.006149,0.18439,0.17616,0.074717,-0.29065,0.054042,0.034854,0.30778,-0.013282,0.07508,-0.49244,0.014258,-0.068633,0.49009,0.050696,-0.038291,-0.0099135,-0.045413,0.05474,0,-0.10689,0,-0.069314,-0.16228,-0.031442,0.062006,-0.18076,0.00362,-0.10695,-0.60631,-0.077159,0.051305,-0.61776,-0.04836,-0.061088,-0.9943,0.023734,0.010933,-0.99568,-0.00452
0.020454,0.46995,0.080363,0.010088,0.29093,0.076957,-0.14679,0.17075,0.014189,0.18392,0.16791,0.070074,-0.33148,-0.011006,0.031033,0.29384,-0.020612,0.047214,-0.47293,0.019395,-0.14456,0.45993,0.030834,-0.096736,-0.0053359,-0.057895,0.055924,0,-0.11664,0,-0.074609,-0.18845,-0.029579,0.068002,-0.19557,0.002234,-0.10785,-0.61951,-0.077953,0.058665,-0.62605,-0.053064,-0.059941,-0.99452,0.021223,0.020017,-0.99981,0.033208
0.019932,0.46965,0.089635,0.0097033,0.29147,0.07653,-0.15108,0.17524,0.013517,0.17928,0.17354,0.068505,-0.32025,-0.014002,0.019458,0.28163,-0.018575,0.022235,-0.42575,0.014049,-0.18174,0.39776,0.052494,-0.16049,-0.0054036,-0.057826,0.055808,0,-0.11658,0,-0.075005,-0.18841,-0.030545,0.069472,-0.19517,0.002384,-0.10777,-0.62032,-0.076209,0.061265,-0.62888,-0.052586,-0.059819,-0.99576,0.022001,0.049349,-0.94552,0.018784
0.013804,0.53242,0.096451,0.008912,0.35621,0.093431,-0.15496,0.22834,0.010595,0.16965,0.23256,0.0678,-0.27286,0.030206,-0.007414,0.22705,0.013045,0.005407,-0.39518,-0.0061484,-0.19657,0.33596,0.024236,-0.19554,-0.006166,-0.013469,0.058734,0,-0.076843,0,-0.074339,-0.14706,-0.034384,0.07153,-0.14961,-0.000272,-0.10879,-0.6172,-0.048929,0.065373,-0.62281,-0.033957,-0.066288,-0.99173,0.012426,0.0087278,-0.99681,0.037719
0.011407,0.59142,0.11131,-0.0010454,0.41379,0.097903,-0.15709,0.29051,0.020033,0.16695,0.3003,0.068031,-0.25891,0.078964,-0.019722,0.20204,0.071027,0.005239,-0.36557,-0.036505,-0.18305,0.27907,0.0055296,-0.20029,-0.0065404,0.047499,0.0591,0,-0.011563,0,-0.071637,-0.082642,-0.02942,0.071988,-0.083389,-0.007775,-0.093439,-0.60687,-0.024476,0.061438,-0.61554,-0.008044,-0.06883,-0.99173,0.008556,0.0093186,-0.99832,0.034684
0.011149,0.62557,0.11543,0.0019211,0.41378,0.094955,-0.14846,0.34224,0.013665,0.16679,0.3169,0.050643,-0.24207,0.088866,-0.022084,0.20246,0.086159,-0.011976,-0.35158,-0.056104,-0.15471,0.25944,-0.011046,-0.21097,-0.0054609,0.061553,0.058087,0,0.0089833,0,-0.07171,-0.057589,-0.031348,0.06961,-0.063356,-0.005267,-0.074799,-0.60414,-0.01804,0.059289,-0.61021,-0.002057,-0.064156,-0.98853,0.013284,0.0092596,-0.9993,0.033918
0.019238,0.67622,0.10154,-0.0016667,0.50087,0.097649,-0.14186,0.37998,0.008408,0.15993,0.3661,0.041657,-0.24192,0.10308,-0.023157,0.20481,0.10744,-0.022136,-0.33159,-0.084191,-0.10139,0.24719,-0.070521,-0.15294,-0.0058388,0.12062,0.059323,0,0.057962,0,-0.067986,-0.0060696,-0.033354,0.068469,-0.012964,-0.000385,-0.060955,-0.53324,-0.042213,0.051123,-0.55061,-0.011339,-0.039365,-0.92784,0.042122,0.012469,-0.95177,0.053527
0.0049108,0.6933,0.10132,0.0011191,0.51225,0.095022,-0.14403,0.39215,0.006907,0.15344,0.3812,0.037188,-0.24171,0.11443,-0.017953,0.20293,0.10938,-0.015254,-0.32435,-0.087036,-0.030806,0.24411,-0.093256,-0.096341,-0.0048966,0.13443,0.058951,0,0.072462,0,-0.068796,0.010007,-0.033807,0.068412,0.0017588,0.001047,-0.071431,-0.48275,-0.059798,0.064328,-0.47185,-0.043419,-0.056313,-0.85164,0.063868,0.013404,-0.87336,0.050695
-5.02e-05,0.7062,0.094149,-0.0027913,0.5295,0.089667,-0.14939,0.39887,0.003179,0.15878,0.40115,0.06119,-0.24697,0.12669,-0.007466,0.20195,0.11081,0.009308,-0.32884,-0.063385,0.047745,0.25807,-0.099288,-0.016377,-0.0089957,0.1549,0.057608,0,0.092953,0,-0.071563,0.022422,-0.037236,0.071726,0.020848,0.004504,-0.077782,-0.47895,-0.063812,0.059786,-0.47115,-0.046672,-0.062811,-0.85121,0.058829,0.0020485,-0.84226,0.072848
0.0050749,0.71917,0.090565,-0.0031308,0.54482,0.096333,-0.14331,0.41504,0.003614,0.16038,0.40465,0.05892,-0.26238,0.15421,0.047252,0.20385,0.12373,0.039638,-0.33813,-0.04493,0.080314,0.27443,-0.082141,0.038367,-0.0092694,0.15687,0.058247,0,0.094012,0,-0.072578,0.026205,-0.034587,0.072147,0.02181,0.003484,-0.078308,-0.48235,-0.060137,0.063237,-0.48333,-0.034966,-0.064891,-0.85139,0.05282,0.0044346,-0.84258,0.065757
0.0057009,0.7189,0.090768,-0.002254,0.5436,0.092886,-0.14533,0.41237,0.001292,0.15723,0.40552,0.058745,-0.2745,0.16259,0.065319,0.21021,0.11869,0.054434,-0.35715,-0.028601,0.11697,0.31813,-0.062877,0.095761,-0.0095391,0.15737,0.057708,0,0.094185,0,-0.071653,0.026045,-0.034736,0.071652,0.022908,0.005003,-0.077886,-0.52186,-0.035619,0.054068,-0.52486,-0.013083,-0.089048,-0.86491,0.032896,0.018912,-0.86536,0.050544
0.0071769,0.71249,0.08685,-0.000273,0.53661,0.086866,-0.14101,0.40732,0.001051,0.16105,0.39798,0.059098,-0.27176,0.16258,0.076511,0.2204,0.11777,0.070906,-0.38322,-0.019198,0.1098,0.35501,-0.041363,0.1225,-0.0090357,0.14392,0.056688,0,0.076342,0,-0.069582,0.0090267,-0.031058,0.069782,0.0073212,0.002757,-0.095338,-0.51421,-0.049466,0.075934,-0.5289,-0.00886,-0.11368,-0.85181,0.013748,0.0062689,-0.93784,0.044333
-0.009594,0.68296,0.085299,0.0070527,0.50856,0.089406,-0.17272,0.35379,0.006081,0.15297,0.36495,0.060422,-0.30629,0.11277,0.087004,0.23424,0.093401,0.099051,-0.46823,-0.031054,0.10102,0.41854,-0.0175,0.12317,-0.006185,0.13094,0.057842,0,0.067119,0,-0.07118,-0.015709,-0.045813,0.075085,-0.016717,0.019801,-0.10416,-0.51222,-0.056354,0.051442,-0.56397,-0.018464,-0.083714,-0.92151,0.020551,-0.0021226,-1.0175,0.06008
-0.021455,0.61336,0.07689,0.02292,0.44655,0.090877,-0.14803,0.31013,-0.007188,0.15923,0.29189,0.05494,-0.32279,0.095219,0.070203,0.24381,0.05325,0.09493,-0.5099,-0.017089,0.050862,0.45489,0.0068458,0.051162,-0.0058873,0.084586,0.058324,0,0.028057,0,-0.074296,-0.055592,-0.066814,0.066658,-0.05388,0.028644,-0.10498,-0.59134,-0.060558,0.055662,-0.58394,-0.039219,-0.074545,-0.96283,0.038591,0.0069603,-0.97712,0.051799
-0.022173,0.55087,0.074659,0.001626,0.37851,0.08409,-0.13538,0.28448,-0.002403,0.16453,0.22889,0.053408,-0.31846,0.073966,0.069728,0.26825,0.0093794,0.072008,-0.52752,0.0080189,-0.009746,0.4855,0.031209,0.054577,-0.010001,0.0061117,0.056605,0,-0.056325,0,-0.072325,-0.12427,-0.046101,0.071787,-0.13232,0.014019,-0.094602,-0.60592,-0.05369,0.073793,-0.59212,-0.036059,-0.060908,-0.98879,0.06807,0.019462,-0.97739,0.058412
0.020541,0.51504,0.081774,0.015282,0.33862,0.081019,-0.11842,0.28063,0.006037,0.16668,0.19934,0.064278,-0.31589,0.067176,0.033924,0.28429,0.0058051,0.058129,-0.51502,0.037822,-0.063884,0.486,0.056181,-0.021859,-0.0094396,-0.030346,0.05588,0,-0.093296,0,-0.068935,-0.14882,-0.036185,0.064345,-0.16531,0.005807,-0.10011,-0.62155,-0.052501,0.076577,-0.6276,-0.0325,-0.05923,-0.99827,0.068469,0.020272,-0.99483,0.066677
0.012655,0.48312,0.085492,-0.015853,0.3086,0.082985,-0.16479,0.18704,0.019309,0.16549,0.19009,0.062898,-0.36826,0.012194,0.005963,0.29527,-0.00022014,0.026356,-0.51729,0.088508,-0.14719,0.46231,0.095232,-0.08997,-0.0061493,-0.0423,0.056993,0,-0.10134,0,-0.07123,-0.17659,-0.033881,0.071245,-0.17809,0.006183,-0.10053,-0.62503,-0.053101,0.077388,-0.62813,-0.032113,-0.058573,-0.98062,0.055846,0.020854,-0.98944,0.06521
0.0017121,0.49236,0.091314,-0.0143,0.31414,0.081605,-0.16643,0.20164,0.016723,0.16358,0.19665,0.057667,-0.35693,0.018689,-0.007629,0.30485,0.026641,-0.016896,-0.47025,0.09775,-0.18965,0.4208,0.13227,-0.18176,-0.0064068,-0.039957,0.056746,0,-0.099057,0,-0.071601,-0.17417,-0.034856,0.072625,-0.17554,0.005983,-0.10008,-0.62538,-0.038865,0.0742,-0.62521,-0.021194,-0.058853,-0.97865,0.054785,0.020103,-0.9869,0.06715
-0.0064421,0.55786,0.09441,-0.023266,0.37908,0.078753,-0.17765,0.26102,0.005285,0.15289,0.26708,0.041028,-0.30455,0.069359,-0.02021,0.2413,0.071584,-0.024752,-0.42595,0.055568,-0.21402,0.36593,0.065456,-0.21678,-0.008669,0.020887,0.056578,0,-0.038301,0,-0.070042,-0.11479,-0.031958,0.078308,-0.11011,-0.000585,-0.089786,-0.61998,-0.003077,0.071439,-0.60686,0.006272,-0.058759,-0.98113,0.048369,0.020963,-0.98655,0.058906
-0.011759,0.61994,0.090291,-0.015143,0.4422,0.081923,-0.16797,0.30712,0.010547,0.16394,0.32489,0.05666,-0.26999,0.11585,0.011041,0.20359,0.10421,-0.065912,-0.3877,0.054863,-0.17523,0.34722,0.039869,-0.23003,-0.0083567,0.073445,0.057006,0,0.012093,0,-0.070092,-0.063632,-0.029255,0.075321,-0.060555,-0.003401,-0.079084,-0.61039,0.003057,0.065459,-0.6077,0.023775,-0.056471,-0.98701,0.053126,0.020248,-0.9906,0.055233
-0.0078967,0.65771,0.093297,-0.016649,0.48098,0.089809,-0.14603,0.35836,0.005893,0.15771,0.37174,0.036524,-0.26819,0.14357,-0.003451,0.21614,0.15981,-0.065953,-0.36713,0.0067542,-0.15461,0.29484,0.022487,-0.22908,-0.0069028,0.10873,0.058276,0,0.04768,0,-0.065857,-0.012608,-0.029444,0.070009,-0.017666,-0.002775,-0.061746,-0.56032,-0.005684,0.05651,-0.56518,0.02161,-0.042779,-0.96955,0.063123,0.02946,-0.98507,0.066653
-0.0082883,0.68308,0.092186,0.0057579,0.50528,0.080963,-0.14427,0.37357,-0.002275,0.15939,0.38456,0.032145,-0.264,0.14338,-0.004478,0.22147,0.16194,-0.055762,-0.35859,-0.032401,-0.10555,0.2558,-0.0048343,-0.20512,-0.0048003,0.12591,0.057472,0,0.063295,0,-0.068192,-0.0024346,-0.028668,0.069091,-0.0054679,-0.001797,-0.059626,-0.48483,-0.038463,0.048771,-0.51717,-0.005218,-0.036165,-0.87582,0.076909,0.031752,-0.91453,0.10605
0.0019989,0.70662,0.08549,-0.000182,0.52841,0.07556,-0.13533,0.39834,-0.013941,0.16189,0.39938,0.028214,-0.25304,0.14163,-0.010371,0.21453,0.15255,-0.042038,-0.33518,-0.059199,-0.047005,0.23894,-0.048211,-0.137,-0.006943,0.16786,0.055911,0,0.10694,0,-0.067621,0.042096,-0.033562,0.068609,0.035448,0.005412,-0.084657,-0.43401,-0.072247,0.065665,-0.465,-0.034586,-0.021374,-0.79976,0.10555,0.051888,-0.78993,0.10315
0.0003358,0.71487,0.083045,0.0074715,0.53726,0.076278,-0.13447,0.4079,-0.010372,0.16108,0.39888,0.026477,-0.2489,0.13821,0.001398,0.20835,0.14229,-0.033311,-0.3245,-0.066082,0.003238,0.22797,-0.068026,-0.10135,-0.0059116,0.16695,0.056263,0,0.10391,0,-0.069223,0.039927,-0.03002,0.068467,0.032219,0.002069,-0.092409,-0.40955,-0.090324,0.069808,-0.42427,-0.04977,-0.045162,-0.77149,0.098716,0.031679,-0.78189,0.14816
0.0001221,0.71679,0.075856,0.001551,0.53893,0.068805,-0.15076,0.4015,-0.0071,0.16225,0.39935,0.028122,-0.24482,0.13746,0.01895,0.20324,0.10694,-0.008271,-0.31768,-0.066456,0.034495,0.23267,-0.10731,-0.051584,-0.0052384,0.16755,0.056304,0,0.10379,0,-0.070736,0.037561,-0.028532,0.069962,0.030638,0.001715,-0.095515,-0.40786,-0.091465,0.069006,-0.42996,-0.048514,-0.046496,-0.7695,0.098043,0.030965,-0.78647,0.15154
0.0013482,0.71377,0.073058,0.016107,0.53641,0.065754,-0.14871,0.401,-0.006771,0.16136,0.39598,0.024464,-0.24397,0.13395,0.03392,0.20684,0.10477,0.000652,-0.31266,-0.063215,0.085383,0.26469,-0.10556,-0.000328,-0.0023403,0.16025,0.055586,0,0.092977,0,-0.073126,0.027719,-0.026952,0.067845,0.018256,0.001967,-0.093516,-0.43949,-0.082513,0.072455,-0.47051,-0.039993,-0.044187,-0.82226,0.066843,0.032854,-0.80708,0.14637
0.00145,0.70516,0.06276,0.017392,0.52988,0.065647,-0.14857,0.39876,-0.004969,0.15865,0.3858,0.024388,-0.25877,0.13967,0.060308,0.21018,0.0959,0.026732,-0.34791,-0.08517,0.12728,0.2781,-0.11183,0.018002,-0.0018102,0.14449,0.055255,0,0.07664,0,-0.07278,0.012455,-0.027562,0.066981,0.0031776,0.003176,-0.075667,-0.53683,-0.041766,0.046863,-0.5457,-0.002333,-0.055123,-0.94278,0.052657,0.022531,-0.93116,0.13598
-0.004143,0.64866,0.057523,0.0052655,0.47204,0.056808,-0.14394,0.36909,-0.000384,0.15384,0.35194,0.026669,-0.26005,0.11604,0.074644,0.22105,0.066774,0.043046,-0.3866,-0.093437,0.1357,0.33953,-0.11623,0.047811,-0.0031206,0.12677,0.053922,0,0.065471,0,-0.06939,-0.0022225,-0.031084,0.065891,-0.0063987,0.006137,-0.087685,-0.5514,-0.036297,0.04924,-0.55565,-0.00128,-0.055171,-0.97474,0.055634,0.030535,-0.9353,0.12105
-0.030334,0.59393,0.05831,0.011215,0.42235,0.058849,-0.12915,0.40577,0.004359,0.1727,0.28475,0.027898,-0.25052,0.14782,0.05833,0.23715,0.02705,0.054722,-0.43559,-0.077732,0.09461,0.41596,-0.10563,0.064814,-0.0061661,0.12082,0.053469,0,0.06425,0,-0.06844,-0.0027016,-0.030851,0.061077,-0.013213,0.003742,-0.087885,-0.552,-0.037913,0.050491,-0.56275,-0.003724,-0.068038,-0.99044,0.048933,0.0098403,-0.98175,0.061478
-0.012074,0.56075,0.043592,0.031263,0.39209,0.054055,-0.11272,0.345,-0.003543,0.1714,0.20095,0.019615,-0.25976,0.1014,0.052195,0.27251,-0.02843,0.058467,-0.48059,-0.08753,0.074959,0.47914,-0.090504,0.010067,-0.0016313,0.04892,0.052697,0,-0.01008,0,-0.068577,-0.084816,-0.054976,0.054314,-0.098645,0.027748,-0.095097,-0.61214,-0.043546,0.050013,-0.59014,-0.016181,-0.072307,-0.99425,0.05394,0.0089853,-0.98052,0.058118
0.022538,0.49452,0.058181,0.041276,0.32138,0.068303,-0.11421,0.27353,-0.002958,0.17339,0.17683,0.03238,-0.28841,0.050038,0.056601,0.27959,-0.02913,0.048806,-0.51206,-0.050858,0.008466,0.49429,-0.027578,-0.00524,-0.0015744,-0.026966,0.05483,0,-0.086665,0,-0.074279,-0.14252,-0.016712,0.06065,-0.16553,-0.010086,-0.097179,-0.62051,-0.049014,0.057302,-0.60146,-0.025151,-0.071155,-0.99414,0.054392,0.0099564,-0.98134,0.058679
0.011241,0.45544,0.060258,-0.0026396,0.27791,0.052452,-0.15657,0.16848,-0.00209,0.17561,0.16963,0.033409,-0.35322,-0.026598,0.061253,0.3167,-0.030993,0.01645,-0.53433,-0.0077271,-0.072632,0.5186,0.020047,-0.063011,-0.004851,-0.06706,0.053057,0,-0.12673,0,-0.074626,-0.20461,-0.030189,0.074142,-0.20722,0.006482,-0.10344,-0.63245,-0.055488,0.062897,-0.6209,-0.036956,-0.068255,-0.99373,0.051092,0.012348,-0.98359,0.056059
0.0079703,0.46589,0.062891,-0.0025591,0.28847,0.056484,-0.16789,0.17549,0.013675,0.17583,0.17068,0.033862,-0.32279,0.0051762,0.032766,0.30424,-0.010391,0.001128,-0.48632,0.032975,-0.12244,0.48257,0.057196,-0.12149,-0.0029542,-0.061131,0.053595,0,-0.12124,0,-0.075924,-0.19887,-0.029467,0.075806,-0.19915,0.003501,-0.10329,-0.63277,-0.053559,0.06081,-0.62332,-0.032277,-0.071276,-0.9916,0.052648,0.0093697,-0.9843,0.058721
-0.0035064,0.53851,0.080334,-0.0041028,0.36047,0.072523,-0.17022,0.23568,0.027559,0.17339,0.23578,0.035346,-0.30955,0.051961,0.026254,0.28348,0.048933,-0.016486,-0.45962,0.049007,-0.14539,0.45223,0.046183,-0.16811,-0.0017371,0.0036415,0.056071,0,-0.056252,0,-0.075381,-0.13399,-0.031144,0.076902,-0.13305,-0.000519,-0.09942,-0.62585,-0.024075,0.060014,-0.61007,-0.013673,-0.080097,-0.98747,0.074038,0.0075835,-0.98447,0.059124
-0.0005829,0.59922,0.096877,-0.0052877,0.42009,0.080554,-0.15451,0.29996,0.014002,0.16165,0.30532,0.028849,-0.28243,0.11721,0.029918,0.22901,0.099682,-0.026053,-0.41255,0.038717,-0.13984,0.38975,0.046117,-0.17676,-0.0029508,0.052472,0.057136,0,-0.010683,0,-0.070921,-0.081517,-0.024811,0.072457,-0.075997,-0.006166,-0.077706,-0.62743,0.024973,0.057273,-0.59293,0.029683,-0.07558,-0.9836,0.088061,0.0093081,-0.98457,0.063151
0.0085503,0.65248,0.10084,-0.0035546,0.47361,0.084284,-0.15301,0.35161,0.010933,0.16401,0.36506,0.030056,-0.28415,0.12547,0.025747,0.24934,0.15595,-0.02585,-0.40361,0.0084085,-0.12755,0.35721,0.024856,-0.17609,-0.0029483,0.10234,0.057811,0,0.040595,0,-0.069887,-0.029605,-0.025429,0.071001,-0.033448,-0.006015,-0.064464,-0.57638,0.01867,0.049895,-0.58045,0.031961,-0.069882,-0.96787,0.10279,0.0054926,-0.98233,0.067393
0.0026462,0.68652,0.085536,0.0059749,0.50979,0.084701,-0.14593,0.39299,0.01167,0.16827,0.37982,0.026183,-0.2727,0.13263,0.024293,0.25254,0.16149,-0.023002,-0.38905,-0.029904,-0.076588,0.32611,0.0022373,-0.16598,-0.001688,0.13285,0.057901,0,0.070072,0,-0.072897,0.0072793,-0.024547,0.070057,-0.0020469,-0.006302,-0.063519,-0.52868,-0.00795,0.042005,-0.54549,0.02335,-0.034745,-0.93482,0.086439,0.010224,-0.92955,0.091088
0.0079436,0.71075,0.078273,0.012595,0.53473,0.080822,-0.13205,0.41615,-0.000423,0.1677,0.40425,0.026497,-0.2649,0.1581,0.030177,0.23727,0.15932,-0.017039,-0.37262,-0.029329,-0.014219,0.29213,-0.033947,-0.11572,-0.0025696,0.15546,0.057302,0,0.091257,0,-0.072047,0.029278,-0.025672,0.068487,0.021322,-0.003083,-0.084707,-0.45428,-0.04018,0.061172,-0.47913,-0.008041,-0.057594,-0.83069,0.12005,0.035184,-0.82823,0.16289
0.0016916,0.72102,0.073779,0.0043563,0.54463,0.075128,-0.13454,0.41959,-0.00355,0.16504,0.40623,0.024918,-0.26414,0.16278,0.039476,0.22548,0.14839,-0.004865,-0.35942,-0.031678,0.055925,0.27317,-0.059616,-0.064787,-0.004804,0.18193,0.055854,0,0.12256,0,-0.06972,0.054658,-0.027937,0.069024,0.054057,0.000858,-0.10531,-0.42636,-0.055871,0.058015,-0.45147,-0.029827,-0.059166,-0.79743,0.12008,0.027792,-0.81171,0.1568
-0.0048931,0.72203,0.067587,0.012109,0.54798,0.075567,-0.13641,0.42066,-0.002985,0.16421,0.40797,0.025882,-0.26133,0.16393,0.048889,0.22264,0.13674,0.003357,-0.34849,-0.033177,0.072577,0.24911,-0.080197,-0.00489,-0.0039653,0.17821,0.056293,0,0.11499,0,-0.072905,0.049108,-0.026316,0.070582,0.043428,-0.001376,-0.10833,-0.41488,-0.063755,0.059371,-0.44065,-0.036121,-0.055961,-0.7796,0.12233,0.030332,-0.80358,0.15631
-0.0046276,0.72391,0.066402,0.014409,0.54961,0.072848,-0.14298,0.42086,-0.001167,0.16419,0.40799,0.025957,-0.262,0.16291,0.056132,0.21831,0.13101,0.017727,-0.3374,-0.023728,0.12866,0.25849,-0.083718,0.014563,-0.0032368,0.17761,0.056219,0,0.11356,0,-0.074122,0.047047,-0.025564,0.070921,0.040378,-0.001709,-0.10785,-0.4174,-0.06442,0.055236,-0.45149,-0.036209,-0.044079,-0.78464,0.11433,0.032036,-0.80295,0.15135
0.0069652,0.72094,0.058273,0.016412,0.54744,0.070799,-0.14329,0.42017,-0.000414,0.16919,0.39929,0.021435,-0.25619,0.16907,0.082954,0.21979,0.11374,0.034311,-0.34174,-0.019719,0.14005,0.29467,-0.089723,0.050626,-0.001796,0.17232,0.055869,0,0.10721,0,-0.075802,0.039702,-0.026843,0.071065,0.029729,0.000506,-0.090834,-0.48255,-0.051183,0.057679,-0.49949,-0.023702,-0.031605,-0.87468,0.076445,0.02433,-0.85312,0.13373
0.013621,0.69928,0.05415,0.021064,0.52536,0.065858,-0.14427,0.41381,0.005374,0.1684,0.38446,0.021386,-0.2557,0.16129,0.087287,0.22941,0.09947,0.048368,-0.34851,-0.023747,0.14544,0.33077,-0.093114,0.05862,0.0002348,0.14541,0.055109,0,0.079198,0,-0.076178,0.013916,-0.024228,0.069589,0.004986,-6.9e-05,-0.086691,-0.53654,-0.026703,0.052883,-0.54538,-0.00709,-0.044447,-0.94653,0.052345,0.02177,-0.95364,0.1257
-0.007059,0.63865,0.044553,0.044828,0.47252,0.056584,-0.15065,0.34739,-0.002435,0.16202,0.32401,0.032714,-0.27937,0.1121,0.09806,0.23624,0.062049,0.063249,-0.42798,-0.042253,0.13026,0.4023,-0.079083,0.029223,0.001714,0.085313,0.053655,0,0.015743,0,-0.082692,-0.056607,-0.033068,0.068483,-0.056689,0.011049,-0.10308,-0.60646,-0.019119,0.037031,-0.57916,-0.004821,-0.057525,-0.97917,0.059963,0.015713,-0.95722,0.11851
-0.022226,0.58294,0.055052,0.058098,0.42902,0.068826,-0.14601,0.32496,-0.009689,0.16887,0.28786,0.025814,-0.28582,0.092794,0.085013,0.26795,0.032978,0.051512,-0.48165,-0.043008,0.095864,0.47296,-0.042714,0.023413,0.0022015,0.080833,0.054235,0,0.015267,0,-0.081435,-0.058914,-0.038057,0.066548,-0.060474,0.01573,-0.10331,-0.60864,-0.020365,0.029801,-0.58376,-0.012406,-0.060755,-0.98399,0.059036,0.0052263,-0.98506,0.061685
-0.0058622,0.5443,0.044081,0.039739,0.37569,0.054395,-0.10544,0.27306,-0.012485,0.19007,0.2079,0.036928,-0.2756,0.056359,0.071347,0.31541,-0.0086717,0.050618,-0.49105,-0.028148,0.050903,0.52877,0.011873,-0.007406,-0.0024975,-0.0015601,0.052817,0,-0.069578,0,-0.075839,-0.12823,-0.020735,0.063741,-0.14649,0.000252,-0.09813,-0.62299,-0.02339,0.046189,-0.59056,-0.016877,-0.055321,-0.99031,0.063242,0.020738,-0.98414,0.067466
0.02845,0.48976,0.053023,0.036512,0.31318,0.055147,-0.097653,0.26895,-0.008868,0.18874,0.1801,0.038083,-0.27444,0.051993,0.063128,0.32556,-0.0056304,0.036096,-0.49378,0.0042275,-0.027896,0.53596,0.032366,-0.024224,-0.0035128,-0.040301,0.052813,0,-0.10148,0,-0.07234,-0.15892,-0.023447,0.061004,-0.17362,0.002287,-0.1047,-0.62069,-0.023289,0.05787,-0.60468,-0.027999,-0.058369,-0.98641,0.080643,0.032058,-0.97578,0.06088
0.02716,0.48807,0.052793,0.028388,0.31027,0.050427,-0.1521,0.19028,0.011055,0.18771,0.18013,0.035638,-0.31271,-0.00044962,0.050175,0.32237,-0.018498,0.027924,-0.4747,0.034714,-0.1058,0.48929,0.097102,-0.11036,0.0018399,-0.041802,0.053248,0,-0.10347,0,-0.075616,-0.17356,-0.021333,0.067775,-0.18048,0.001743,-0.11122,-0.62802,-0.014747,0.060268,-0.6129,-0.02542,-0.060312,-0.98684,0.085736,0.032398,-0.97664,0.063524
0.012395,0.53292,0.062611,0.0084727,0.35451,0.05719,-0.15814,0.21833,0.011994,0.17882,0.23506,0.029468,-0.29536,0.038789,0.024047,0.31477,0.012516,-0.007037,-0.44644,0.029089,-0.14703,0.47448,0.099876,-0.14158,0.0004144,-0.016024,0.053777,0,-0.080016,0,-0.077148,-0.15689,-0.022417,0.073335,-0.15475,-0.000916,-0.11041,-0.63055,-0.000255,0.05635,-0.6219,-0.01377,-0.062862,-0.99087,0.083974,0.029384,-0.98503,0.066026
0.017903,0.58263,0.054136,0.011724,0.40595,0.05694,-0.15728,0.28497,0.003674,0.17769,0.28997,0.01698,-0.24433,0.064902,-0.010121,0.27611,0.083474,-0.065399,-0.39508,0.010882,-0.17227,0.46236,0.060872,-0.19108,0.0001997,0.043472,0.053905,0,-0.019822,0,-0.077238,-0.09594,-0.023755,0.073093,-0.094235,-0.000935,-0.098079,-0.62613,0.02323,0.059872,-0.61687,0.001554,-0.06083,-0.99135,0.082599,0.030316,-0.98656,0.065301
0.014492,0.63226,0.058746,0.017006,0.45597,0.063841,-0.15834,0.32055,-0.001232,0.1743,0.33323,0.011467,-0.26825,0.11442,-0.023766,0.26846,0.13724,-0.038424,-0.36734,-0.022232,-0.17592,0.38295,0.018456,-0.19509,0.0012523,0.076974,0.054806,0,0.011053,0,-0.076425,-0.061076,-0.025519,0.071515,-0.065438,-0.000557,-0.095423,-0.60857,0.022711,0.062528,-0.61032,0.009859,-0.060489,-0.99083,0.080461,0.025687,-0.98705,0.065317
0.010367,0.65674,0.065186,0.0087548,0.47967,0.067303,-0.15762,0.37703,-0.006717,0.16856,0.3612,0.016735,-0.26686,0.11706,-0.02362,0.26147,0.1499,-0.031959,-0.36515,-0.042298,-0.14978,0.33547,-0.0025051,-0.18335,-0.002744,0.12377,0.0554,0,0.062569,0,-0.073683,-0.0087521,-0.029696,0.071454,-0.013394,0.001963,-0.077757,-0.55881,-0.003356,0.041859,-0.56372,0.008588,-0.047919,-0.96716,0.087709,0.020954,-0.9803,0.072666
0.0086671,0.67593,0.05817,0.012471,0.49347,0.061359,-0.15559,0.38543,-0.007905,0.16694,0.37791,0.019922,-0.25844,0.1217,-0.02169,0.2497,0.14692,-0.02954,-0.35462,-0.077655,-0.085294,0.29115,-0.041814,-0.14517,-0.0025328,0.13359,0.054769,0,0.07139,0,-0.074249,0.0034292,-0.027764,0.070707,-0.0046392,0.001325,-0.099809,-0.46398,-0.056686,0.03999,-0.49703,-0.019608,-0.041579,-0.85772,0.069382,0.019227,-0.88064,0.092961
0.014007,0.68322,0.052066,0.009833,0.50756,0.059281,-0.1518,0.39534,-0.008731,0.16692,0.37932,0.023241,-0.25323,0.11824,-0.015108,0.22826,0.12574,-0.009322,-0.33519,-0.088742,-0.017275,0.27663,-0.094323,-0.097413,-0.0036037,0.14661,0.054223,0,0.08383,0,-0.075028,0.017117,-0.026971,0.071901,0.0066997,0.001737,-0.1079,-0.44291,-0.069051,0.039041,-0.46798,-0.040467,-0.060029,-0.8241,0.089596,0.028565,-0.82323,0.13399
0.011865,0.68437,0.049085,0.011091,0.50844,0.058554,-0.15053,0.3959,-0.009852,0.16751,0.38116,0.021275,-0.24804,0.12504,-0.000266,0.21621,0.10396,0.000963,-0.33053,-0.070337,0.041234,0.25047,-0.1119,-0.024831,-0.0032483,0.14779,0.05412,0,0.084973,0,-0.075082,0.01826,-0.027433,0.071599,0.0077983,0.002408,-0.10854,-0.44158,-0.071739,0.044926,-0.46848,-0.04478,-0.059617,-0.82664,0.078669,0.028598,-0.82325,0.13368
0.0066595,0.68188,0.040917,0.011955,0.50761,0.055647,-0.14824,0.3922,-0.011371,0.16659,0.37969,0.018508,-0.24887,0.12236,0.03308,0.21874,0.089602,0.023821,-0.35179,-0.089197,0.11045,0.25933,-0.12536,0.021575,-0.0028258,0.14327,0.053814,0,0.078761,0,-0.075106,0.012527,-0.026006,0.071491,0.004022,0.00339,-0.10679,-0.45144,-0.074472,0.048408,-0.48102,-0.043774,-0.062194,-0.84244,0.063821,0.018913,-0.84865,0.065832
0.0075612,0.66954,0.034668,0.016409,0.49486,0.04473,-0.15473,0.37647,-0.016671,0.16289,0.36984,0.012317,-0.26976,0.12756,0.070783,0.22369,0.085531,0.045109,-0.35542,-0.05971,0.13284,0.27438,-0.11823,0.098603,-0.001822,0.12816,0.052274,0,0.061818,0,-0.075778,-0.010033,-0.025064,0.070893,-0.011972,0.005159,-0.10208,-0.53793,-0.067475,0.040138,-0.55388,-0.041654,-0.051459,-0.93547,0.052518,0.013307,-0.92666,0.060269
0.0003689,0.63218,0.02224,0.022564,0.45781,0.029346,-0.15494,0.32556,-0.023086,0.16014,0.32011,-0.003821,-0.28216,0.10565,0.083655,0.23081,0.057346,0.061182,-0.39567,-0.0671,0.14368,0.3229,-0.12585,0.12578,0.0006234,0.10171,0.049636,0,0.035713,0,-0.072372,-0.042434,-0.026278,0.066358,-0.033328,0.009758,-0.095636,-0.59372,-0.051586,0.032222,-0.58343,-0.031925,-0.059285,-0.98742,0.038462,0.012743,-1.005,0.042191
0.015633,0.58694,0.038651,0.017397,0.403,0.033234,-0.14053,0.29885,-0.026262,0.17095,0.27427,0.025032,-0.29323,0.086729,0.088849,0.25283,0.019299,0.09433,-0.45037,-0.049638,0.14526,0.40112,-0.1222,0.15942,-0.0050721,0.04285,0.04908,0,-0.023577,0,-0.07456,-0.095445,-0.030197,0.06866,-0.096357,0.01455,-0.10214,-0.60453,-0.047224,0.030332,-0.61245,-0.03089,-0.082404,-0.98495,0.037308,0.0060143,-0.98972,0.039019
0.015724,0.54899,0.031454,0.011679,0.37117,0.029578,-0.12881,0.26495,-0.035617,0.19495,0.19189,0.044988,-0.3007,0.070075,0.08253,0.29254,-0.018084,0.10807,-0.51487,-0.037742,0.13095,0.49954,-0.084303,0.12518,-0.010005,0.027455,0.04715,0,-0.036798,0,-0.073988,-0.10667,-0.027312,0.067881,-0.12001,0.008391,-0.10427,-0.60877,-0.050939,0.040057,-0.61574,-0.030808,-0.07551,-0.98725,0.048892,0.010938,-0.9887,0.045658
0.014324,0.49123,0.0445,0.018631,0.31432,0.047001,-0.12785,0.20739,-0.024039,0.18585,0.18086,0.05044,-0.3287,0.037695,0.088249,0.31466,-0.026333,0.11127,-0.54144,-0.014345,0.087667,0.53371,-0.024375,0.086815,-0.0080765,-0.044937,0.05021,0,-0.10975,0,-0.076146,-0.17661,-0.029994,0.069916,-0.18469,0.009961,-0.11043,-0.61551,-0.044295,0.04904,-0.62424,-0.030698,-0.073548,-0.98694,0.059755,0.015289,-0.98634,0.054325
0.018645,0.47328,0.050057,0.017523,0.29527,0.047954,-0.14292,0.18481,-0.006504,0.18575,0.16688,0.054849,-0.35757,0.021148,0.091753,0.35656,-0.010188,0.092344,-0.56597,0.037442,0.012109,0.56287,0.055287,0.043367,-0.0058337,-0.050146,0.050713,0,-0.11278,0,-0.077226,-0.1824,-0.030518,0.071233,-0.19158,0.007503,-0.1149,-0.62221,-0.041826,0.049846,-0.62785,-0.030063,-0.068235,-0.99232,0.072807,0.020541,-0.98659,0.056466
0.021927,0.48486,0.062404,0.013469,0.30534,0.050943,-0.15492,0.19655,0.003621,0.18729,0.17669,0.057455,-0.3468,0.037601,0.06583,0.34267,0.023218,0.071155,-0.53751,0.081711,-0.046184,0.52982,0.094656,-0.031232,-0.0052414,-0.042158,0.051641,0,-0.10336,0,-0.078171,-0.17821,-0.029684,0.073484,-0.18451,0.006115,-0.11583,-0.62245,-0.036101,0.053212,-0.63134,-0.026045,-0.068393,-0.99224,0.075183,0.019701,-0.9898,0.067273
0.016564,0.56236,0.091436,0.007122,0.38231,0.07626,-0.16473,0.26581,0.021069,0.1811,0.26771,0.057059,-0.32784,0.090256,0.043547,0.28508,0.043781,0.056777,-0.48755,0.099961,-0.11945,0.47079,0.10295,-0.072179,-0.0035209,0.029129,0.055835,0,-0.029721,0,-0.075999,-0.10509,-0.026383,0.073346,-0.10783,-0.006833,-0.11396,-0.61872,-0.006886,0.053634,-0.62513,-0.010213,-0.072129,-0.99201,0.079944,0.018074,-0.99317,0.07099
0.012556,0.62228,0.095324,0.005919,0.44228,0.081937,-0.16245,0.31984,0.018105,0.17939,0.32462,0.056902,-0.3056,0.12723,0.046125,0.26588,0.10839,0.034406,-0.44503,0.084503,-0.13062,0.43665,0.088967,-0.11476,-0.0039273,0.075705,0.056646,0,0.012728,0,-0.075594,-0.062206,-0.028021,0.073686,-0.062845,-0.005931,-0.10234,-0.61105,0.012398,0.053355,-0.60861,0.012923,-0.070162,-0.98738,0.068523,0.011516,-0.99563,0.072071
0.01154,0.65831,0.1036,0.0069364,0.47718,0.081174,-0.15457,0.36615,0.015247,0.17688,0.35873,0.054265,-0.27265,0.15697,0.052152,0.27497,0.16295,0.040108,-0.39735,0.05204,-0.10745,0.41014,0.070276,-0.11847,-0.0044909,0.10626,0.056803,0,0.04496,0,-0.073458,-0.023342,-0.029348,0.071496,-0.032781,-0.003674,-0.082263,-0.57292,0.012135,0.048588,-0.58345,0.019656,-0.061601,-0.97993,0.068744,0.0057385,-0.99123,0.074394
0.022463,0.70217,0.094773,0.0060811,0.52259,0.080643,-0.14294,0.40059,0.002821,0.17361,0.38945,0.043592,-0.25096,0.19367,0.020753,0.26669,0.17556,0.031785,-0.37253,0.026888,-0.088201,0.36794,0.025415,-0.10465,-0.0052568,0.16145,0.056545,0,0.10086,0,-0.06923,0.036223,-0.023956,0.067282,0.026372,-0.006731,-0.066738,-0.51577,-0.013195,0.032856,-0.52455,0.004019,-0.027139,-0.91805,0.06444,0.011687,-0.92281,0.066408
0.022591,0.71225,0.090747,0.010291,0.53278,0.080036,-0.14187,0.41683,0.001294,0.17355,0.41824,0.055993,-0.25733,0.17593,0.020604,0.26049,0.17544,0.033247,-0.35709,-0.017642,-0.017591,0.33593,-0.0091361,-0.070778,-0.0063606,0.16745,0.056381,0,0.10616,0,-0.071607,0.042086,-0.029722,0.067996,0.030624,-0.003307,-0.07301,-0.47834,-0.033907,0.036687,-0.48503,-0.017266,-0.045205,-0.8595,0.056285,0.011978,-0.86444,0.068723
0.023598,0.72714,0.086998,0.0095045,0.54844,0.080583,-0.14234,0.42607,-0.002632,0.17468,0.4317,0.05808,-0.2567,0.16851,0.026316,0.24442,0.1641,0.035714,-0.33502,-0.03534,0.033273,0.30427,-0.038656,-0.035446,-0.0070484,0.18386,0.056356,0,0.12269,0,-0.071672,0.055579,-0.028374,0.068221,0.047234,-0.003382,-0.08464,-0.46228,-0.04004,0.041058,-0.47252,-0.018904,-0.050786,-0.84209,0.052772,0.012687,-0.84697,0.065137
0.027729,0.73459,0.087494,0.011127,0.55563,0.078757,-0.13558,0.43224,-0.0117,0.16815,0.43273,0.027802,-0.25305,0.16819,0.030382,0.23594,0.15274,0.042055,-0.32318,-0.026099,0.091282,0.29761,-0.054846,-0.005833,-0.0043072,0.1853,0.056644,0,0.12335,0,-0.070411,0.057026,-0.030021,0.067329,0.049258,-0.002283,-0.086312,-0.46349,-0.041204,0.041961,-0.47131,-0.019648,-0.052106,-0.84784,0.026926,0.0096398,-0.84542,0.041107
0.027435,0.73427,0.082923,0.01234,0.55438,0.069331,-0.13301,0.42991,-0.017076,0.1753,0.4266,0.043293,-0.25151,0.16958,0.036998,0.22995,0.14705,0.056016,-0.32197,-0.014631,0.13523,0.29605,-0.059457,0.076739,-0.007157,0.18482,0.055289,0,0.12155,0,-0.069868,0.053538,-0.032815,0.066544,0.048082,0.000999,-0.09054,-0.48223,-0.046565,0.042499,-0.48672,-0.024456,-0.054704,-0.85302,0.024062,0.010261,-0.85177,0.032594
0.012797,0.71741,0.087425,0.0099617,0.53662,0.072183,-0.14031,0.3991,-0.019114,0.16719,0.41696,0.050138,-0.26594,0.15667,0.072272,0.22461,0.13129,0.082116,-0.33611,-0.027216,0.15653,0.30393,-0.068375,0.11418,-0.0082644,0.14986,0.055211,0,0.081562,0,-0.070496,0.011215,-0.031747,0.0668,0.014201,0.006729,-0.083149,-0.54168,-0.031948,0.03372,-0.53783,-0.019723,-0.048303,-0.92607,0.010725,0.0041803,-0.92631,0.020115
0.019104,0.69672,0.078381,0.0042903,0.51697,0.066897,-0.13443,0.38528,-0.022173,0.17172,0.35896,0.046068,-0.26517,0.15199,0.081841,0.22883,0.0974,0.10322,-0.39004,-0.01476,0.1517,0.34227,-0.084615,0.13741,-0.010306,0.11275,0.053796,0,0.040638,0,-0.071797,-0.036382,-0.040657,0.071545,-0.033328,0.016519,-0.077983,-0.58943,-0.032124,0.023455,-0.58436,-0.016562,-0.055912,-1.004,0.023096,0.0041976,-0.98932,0.02077
0.024498,0.63753,0.082813,0.011681,0.45566,0.050438,-0.13789,0.31366,-0.032345,0.17632,0.29829,0.045168,-0.29311,0.11039,0.093703,0.24238,0.05002,0.11501,-0.4512,-0.029919,0.14063,0.41735,-0.077457,0.13952,-0.009962,0.09652,0.051894,0,0.030602,0,-0.072646,-0.048186,-0.044179,0.070985,-0.046687,0.0196,-0.09559,-0.60118,-0.04081,0.028481,-0.59804,-0.02169,-0.070548,-1.0207,0.036162,0.001921,-0.99036,0.011714
0.037105,0.5764,0.081098,0.0054562,0.39719,0.056505,-0.13877,0.29013,-0.022145,0.17794,0.23183,0.035652,-0.30426,0.082974,0.087074,0.2799,0.0046536,0.11917,-0.51528,-0.025565,0.083772,0.49241,-0.050057,0.11859,-0.0091104,0.049774,0.052563,0,-0.0074563,0,-0.071597,-0.091624,-0.056169,0.06833,-0.097933,0.028053,-0.09985,-0.61222,-0.049974,0.040454,-0.62225,-0.030569,-0.073239,-1.017,0.033052,0.0058031,-1.0107,0.041603
0.046143,0.51679,0.094989,0.017254,0.33654,0.056314,-0.13813,0.21293,-0.018824,0.1825,0.18163,0.060414,-0.35009,0.034347,0.063748,0.32225,-0.015411,0.10967,-0.56674,0.0083235,0.023932,0.53444,0.023976,0.054787,-0.0095431,0.019196,0.052164,0,-0.035331,0,-0.074331,-0.12109,-0.067697,0.068901,-0.13228,0.037333,-0.11358,-0.61891,-0.06301,0.04196,-0.61891,-0.041572,-0.080733,-1.0052,0.026945,0.0004673,-0.99419,0.033423
0.032299,0.46885,0.079592,0.0073984,0.29001,0.068446,-0.14113,0.18317,-0.008155,0.18034,0.17783,0.069992,-0.36871,0.021786,0.069801,0.32306,-0.012674,0.11784,-0.56087,0.060797,-0.042675,0.50746,0.066545,0.015022,-0.01002,-0.068436,0.054304,0,-0.12953,0,-0.076496,-0.19837,-0.03175,0.074032,-0.20488,0.003693,-0.11542,-0.62521,-0.0557,0.0501,-0.6276,-0.040027,-0.079054,-1.0148,0.04553,0.0005046,-1.0011,0.046947
0.027801,0.47451,0.081613,0.0088366,0.29433,0.066457,-0.14711,0.18853,0.002401,0.18418,0.17819,0.069298,-0.362,0.026802,0.058913,0.32673,0.015705,0.08417,-0.51973,0.088079,-0.094421,0.49355,0.099153,-0.045185,-0.0080832,-0.05729,0.054208,0,-0.1167,0,-0.076789,-0.18907,-0.029963,0.075183,-0.19611,0.001882,-0.11223,-0.62744,-0.055683,0.053534,-0.62768,-0.041132,-0.076785,-1.0146,0.045938,0.0042944,-1.001,0.048659
