-0.0030469,0.47124,0.018207,0.0047335,0.28614,-0.009379,-0.17137,0.15773,-0.048984,0.17738,0.15334,0.021314,-0.39298,0.031988,0.028795,0.34808,0.023338,0.060299,-0.56525,0.10096,-0.066374,0.51844,0.12785,-0.006404,-0.0044126,-0.045821,0.021644,0,-0.11203,0,-0.082586,-0.19364,-0.020239,0.080668,-0.19169,0.01889,-0.075045,-0.6184,-0.069685,0.064405,-0.612,-0.062422,-0.047913,-1.0094,0.037672,0.058638,-0.93643,-0.006221
0.00024656,0.44441,0.022727,0.01129,0.2717,-0.007133,-0.18049,0.15086,-0.038742,0.18162,0.14561,0.027443,-0.39925,0.022663,-0.004047,0.38107,0.035127,0.018608,-0.53918,0.12895,-0.11851,0.52594,0.14692,-0.082129,-0.0030227,-0.048456,0.019975,0,-0.1134,0,-0.083322,-0.19608,-0.019838,0.080742,-0.19671,0.018802,-0.080928,-0.63324,-0.088117,0.066204,-0.61648,-0.070889,-0.057924,-1.0097,0.033832,0.018214,-0.99732,0.031733
0.0035014,0.44016,0.023509,0.006856,0.2676,0.001067,-0.17757,0.15173,-0.039178,0.1828,0.14444,0.029631,-0.38992,0.038415,-0.035637,0.36266,0.038674,0.008766,-0.51635,0.12912,-0.17879,0.49461,0.142,-0.14933,-0.0033718,-0.054142,0.019969,0,-0.1182,0,-0.082426,-0.1994,-0.021177,0.080339,-0.20106,0.01732,-0.084679,-0.64044,-0.094318,0.069351,-0.62179,-0.077851,-0.057728,-1.0103,0.031069,0.017379,-0.99719,0.029699
0.0025344,0.47582,0.0569,0.0068077,0.30379,0.039533,-0.17744,0.17917,-0.009443,0.18014,0.17818,0.038612,-0.36901,0.068195,-0.053332,0.35376,0.040985,-0.025712,-0.49057,0.11003,-0.2232,0.46758,0.13616,-0.2326,-0.0023297,-0.04432,0.026069,0,-0.10872,0,-0.081966,-0.18948,-0.021279,0.079429,-0.18854,0.009528,-0.087332,-0.63298,-0.088638,0.070818,-0.62261,-0.076141,-0.06122,-1.004,0.023788,0.037674,-0.97337,0.006948
-0.0033241,0.54477,0.080786,0.00028267,0.37235,0.060246,-0.17602,0.24009,0.004688,0.17736,0.2547,0.047284,-0.35017,0.098324,-0.041529,0.31115,0.087615,-0.059261,-0.46987,0.092271,-0.21812,0.43651,0.091244,-0.23164,-0.0030242,0.025725,0.034586,0,-0.037811,0,-0.079283,-0.11722,-0.026743,0.079173,-0.11716,-0.001496,-0.087908,-0.61762,-0.052335,0.071056,-0.61793,-0.044708,-0.060866,-1.0053,0.021666,0.041402,-0.96971,0.010924
0.0026187,0.60861,0.097094,-0.0010041,0.43662,0.0806,-0.16507,0.30932,0.01179,0.17029,0.31875,0.053472,-0.31307,0.14717,-0.01501,0.29323,0.11225,-0.078711,-0.43604,0.08068,-0.17496,0.42341,0.05859,-0.2377,-0.0035662,0.076535,0.039626,0,0.012114,0,-0.074526,-0.062274,-0.02814,0.07488,-0.06282,-0.004683,-0.085654,-0.61469,-0.043753,0.062623,-0.61492,-0.021584,-0.048249,-1.0097,0.0136,0.042629,-0.96702,0.016141
-0.0072884,0.65895,0.11343,-0.0065742,0.48563,0.078645,-0.1558,0.35979,0.01364,0.17032,0.35305,0.06152,-0.30308,0.15776,-0.006308,0.24913,0.16831,0.006907,-0.42271,0.0491,-0.14191,0.33657,0.055003,-0.1498,-0.0055452,0.1107,0.04097,0,0.043686,0,-0.071118,-0.025041,-0.025355,0.072846,-0.029122,-0.005795,-0.066476,-0.58406,-0.028256,0.048219,-0.5877,-0.015105,-0.04153,-1.0069,0.02147,0.041441,-0.96652,0.037339
0.00034802,0.68291,0.11771,0.002446,0.5081,0.087076,-0.15536,0.38491,0.012434,0.16556,0.37521,0.050748,-0.30145,0.15847,-0.002743,0.24985,0.15496,-0.003499,-0.42225,0.013407,-0.090219,0.33312,0.007855,-0.1297,-0.0037736,0.1285,0.043681,0,0.061539,0,-0.071617,-0.0065843,-0.025413,0.07105,-0.010928,-0.006726,-0.058232,-0.56546,-0.024079,0.049949,-0.56973,-0.015861,-0.034347,-0.98284,0.054292,0.037452,-0.95037,0.073604
0.00078982,0.70154,0.11329,0.0096002,0.5288,0.087737,-0.14792,0.40733,-0.000494,0.1671,0.39352,0.054919,-0.29194,0.17482,0.000405,0.23362,0.14421,0.013625,-0.41811,-0.0094038,-0.033373,0.32274,-0.023231,-0.071565,-0.0038806,0.17627,0.045546,0,0.11365,0,-0.070151,0.04829,-0.036733,0.065573,0.036651,0.001718,-0.085081,-0.50068,-0.053074,0.063178,-0.49395,-0.03674,-0.034779,-0.89826,0.042486,0.017362,-0.90001,0.046466
0.015625,0.71282,0.11643,0.0090644,0.53975,0.086565,-0.14481,0.43455,0.001649,0.16508,0.41774,0.068911,-0.2782,0.19937,0.025662,0.22194,0.14921,0.031297,-0.41213,-0.0078196,0.021648,0.3057,-0.033898,-0.007914,-0.0058946,0.18126,0.046085,0,0.11876,0,-0.070429,0.051433,-0.038972,0.066802,0.043085,0.006017,-0.088063,-0.48829,-0.05787,0.064002,-0.48548,-0.040051,-0.050033,-0.86309,0.040483,0.011123,-0.87175,0.039536
0.013434,0.71639,0.11371,0.0095876,0.5434,0.087223,-0.14842,0.43315,-0.002732,0.16391,0.42089,0.070163,-0.28052,0.20068,0.035821,0.22286,0.15533,0.084347,-0.40808,-0.00049336,0.072315,0.30575,-0.030064,0.067322,-0.0066518,0.18402,0.046981,0,0.12182,0,-0.071708,0.052187,-0.041127,0.068163,0.046284,0.007165,-0.089435,-0.48857,-0.060572,0.061797,-0.48703,-0.041988,-0.052715,-0.86339,0.036926,0.010406,-0.8711,0.03618
0.015829,0.71341,0.11296,0.0060992,0.49358,0.07466,-0.14864,0.42561,-0.007113,0.16381,0.41709,0.070795,-0.27666,0.19542,0.046542,0.22306,0.15423,0.10018,-0.41249,0.0081238,0.094988,0.32394,-0.02019,0.11351,-0.0076346,0.1753,0.047241,0,0.11709,0,-0.07105,0.048697,-0.04074,0.067852,0.038974,0.007813,-0.080904,-0.51057,-0.049131,0.05023,-0.51934,-0.034426,-0.043502,-0.92495,0.005805,0.00065747,-0.95449,0.037284
-0.0070645,0.70305,0.10155,0.0049649,0.48474,0.072616,-0.14084,0.415,-0.024058,0.17321,0.37092,0.089561,-0.27486,0.1954,0.047887,0.2273,0.11767,0.11406,-0.44547,0.0053614,0.13696,0.36436,-0.022674,0.15435,-0.012755,0.15611,0.045931,0,0.099773,0,-0.068369,0.028905,-0.044597,0.06627,0.018557,0.012329,-0.08693,-0.53014,-0.047004,0.037639,-0.5393,-0.031435,-0.048537,-1.0032,0.008886,-0.0063714,-1.0122,0.019813
-0.017988,0.6656,0.10589,0.012805,0.48561,0.078485,-0.16032,0.34785,-0.000417,0.16099,0.34251,0.073049,-0.3036,0.1397,0.082991,0.23962,0.094654,0.12152,-0.47749,0.0057207,0.12618,0.40313,-0.020757,0.1441,-0.00502,0.10513,0.049643,0,0.037803,0,-0.077363,-0.038709,-0.054961,0.069409,-0.043794,0.020121,-0.091339,-0.59778,-0.050227,0.038377,-0.60057,-0.038414,-0.051898,-1.0037,0.003468,-0.0092192,-1.0165,0.02289
-0.040339,0.59937,0.10402,0.030742,0.44053,0.093333,-0.15647,0.31598,0.001579,0.15797,0.28442,0.072808,-0.32131,0.11594,0.068453,0.25846,0.06582,0.12239,-0.51254,0.0069349,0.072661,0.45718,0.022747,0.090378,-0.0048398,0.079576,0.05079,0,0.016671,0,-0.075289,-0.047637,-0.050873,0.06449,-0.070582,0.012108,-0.094605,-0.60685,-0.060969,0.046346,-0.5964,-0.049836,-0.059345,-1.0001,-0.011459,-0.0062022,-1.0072,0.028518
-0.048967,0.54026,0.10407,0.046197,0.39682,0.088052,-0.094247,0.33551,0.015051,0.18243,0.20855,0.077386,-0.26639,0.12841,0.046035,0.30844,0.011419,0.10641,-0.51658,0.015856,0.013791,0.50699,0.039632,0.060369,-0.0042927,0.017158,0.05059,0,-0.049362,0,-0.073294,-0.11059,-0.040824,0.058619,-0.12746,0.00914,-0.091541,-0.6215,-0.078125,0.059588,-0.61937,-0.070286,-0.057611,-0.99954,-0.022472,-0.00070413,-1.0136,0.026303
0.040281,0.49731,0.10787,0.021779,0.29201,0.085696,-0.18949,0.18927,0.014917,0.1668,0.17407,0.079393,-0.37506,-0.0069529,0.042107,0.30718,0.0011628,0.073182,-0.5463,0.046109,-0.066489,0.48106,0.063866,-0.024192,-0.0026402,-0.028758,0.054218,0,-0.075299,0,-0.083529,-0.15876,-0.042116,0.078329,-0.16864,0.009606,-0.099362,-0.61886,-0.095872,0.053622,-0.61789,-0.086258,-0.082636,-0.98034,0.002817,0.0088459,-0.98811,0.013681
-0.0026403,0.46607,0.09122,0.007439,0.2942,0.075142,-0.17296,0.17965,0.002602,0.17278,0.17116,0.072413,-0.37157,-0.0086166,0.005367,0.30566,-0.0021351,0.031748,-0.50784,0.070493,-0.13583,0.48514,0.11363,-0.09786,-0.0052412,-0.04404,0.049446,0,-0.10724,0,-0.077301,-0.17912,-0.038825,0.079693,-0.18161,0.002903,-0.094061,-0.62033,-0.10594,0.059969,-0.61826,-0.095523,-0.073597,-0.9916,0.005166,0.01555,-0.98932,0.006762
0.0052181,0.47436,0.10031,0.00094744,0.30113,0.072013,-0.17224,0.18658,0.011687,0.17375,0.17422,0.070944,-0.32301,-0.01701,0.025766,0.30617,-0.0097093,0.013596,-0.44618,0.061028,-0.13445,0.46339,0.13669,-0.17092,-0.0051026,-0.042538,0.049973,0,-0.10476,0,-0.078172,-0.17691,-0.034902,0.080251,-0.1809,0.001802,-0.096829,-0.62789,-0.1013,0.063044,-0.62747,-0.088424,-0.075837,-1.0124,0.014844,0.031969,-0.98462,0.00623
-0.01101,0.54029,0.099896,-8.645e-05,0.36897,0.087717,-0.18087,0.23126,0.016103,0.16194,0.23771,0.060275,-0.28522,0.055202,-0.009481,0.24791,0.035578,-0.023507,-0.43242,0.069333,-0.19034,0.39239,0.10489,-0.16133,-0.0051923,0.0069866,0.053661,0,-0.053532,0,-0.077685,-0.13009,-0.027635,0.077716,-0.12826,-0.008328,-0.098159,-0.63,-0.092729,0.059361,-0.62717,-0.08589,-0.076859,-1.0125,-0.003838,0.034583,-0.97734,-0.004286
-0.0086203,0.59695,0.10539,0.0044574,0.42695,0.10026,-0.16567,0.29898,0.021052,0.16896,0.29777,0.064164,-0.27312,0.10994,-0.017179,0.2284,0.09161,-0.028802,-0.40364,0.048453,-0.1731,0.37764,0.089056,-0.17953,-0.0046752,0.059924,0.055865,0,-0.00030233,0,-0.077208,-0.07374,-0.030347,0.075674,-0.073937,-0.008543,-0.088982,-0.61922,-0.046482,0.059616,-0.61716,-0.037207,-0.069308,-1.0098,-0.01868,0.037786,-0.9722,0.000944
-0.0014014,0.64418,0.10023,0.0009213,0.47445,0.098943,-0.15719,0.34594,0.017144,0.17732,0.33855,0.068132,-0.26969,0.121,-0.026393,0.24794,0.12782,-0.057986,-0.39846,0.034558,-0.17054,0.39583,0.031108,-0.17122,-0.0064698,0.10522,0.055873,0,0.04447,0,-0.073742,-0.026169,-0.029071,0.073559,-0.032047,-0.009172,-0.077565,-0.58578,-0.047433,0.050681,-0.59103,-0.036891,-0.05935,-0.99413,-0.030282,0.036528,-0.96102,0.00559
-0.010268,0.67689,0.10153,-0.0029766,0.50418,0.092384,-0.15082,0.36858,0.006497,0.17361,0.37478,0.059291,-0.27353,0.12896,-0.03564,0.22672,0.17373,-0.007408,-0.39933,-0.011659,-0.12404,0.31523,0.056747,-0.16087,-0.0072989,0.14909,0.054979,0,0.091401,0,-0.066938,0.023525,-0.017665,0.068129,0.020805,-0.017432,-0.06653,-0.53552,-0.057536,0.044829,-0.53815,-0.047464,-0.051916,-0.96817,-0.029685,0.022813,-0.93768,0.024502
-0.0045401,0.69352,0.09675,0.0012609,0.52197,0.085371,-0.14258,0.39265,0.003361,0.17027,0.38735,0.053512,-0.27113,0.14948,-0.020931,0.222,0.17438,0.005491,-0.38869,-0.012596,-0.068886,0.29636,0.024415,-0.12261,-0.0068321,0.16881,0.054261,0,0.11057,0,-0.066372,0.044805,-0.022909,0.065524,0.043507,-0.007179,-0.086942,-0.49876,-0.073215,0.057825,-0.49081,-0.055256,-0.062066,-0.92641,-0.019041,0.00048418,-0.8745,0.016195
-0.00716,0.69952,0.097723,0.012012,0.52782,0.086554,-0.14155,0.3987,0.003766,0.17165,0.39618,0.060612,-0.27535,0.16011,0.007804,0.22011,0.13849,0.029708,-0.38099,-0.016004,-0.010107,0.3017,-0.021396,-0.07851,-0.0070153,0.16673,0.054303,0,0.10632,0,-0.069648,0.038577,-0.027245,0.067636,0.032511,-0.001155,-0.090068,-0.48773,-0.073303,0.058156,-0.48581,-0.053661,-0.064156,-0.86338,0.027408,0.0029288,-0.86952,0.030988
-0.006581,0.70435,0.090478,0.0082189,0.53213,0.083822,-0.13906,0.40502,-0.00173,0.17499,0.40043,0.071236,-0.27574,0.17526,0.038273,0.22048,0.12915,0.051558,-0.39395,-0.017663,0.045675,0.31548,-0.040411,-0.020974,-0.0094167,0.17255,0.053921,0,0.11214,0,-0.071194,0.042216,-0.03577,0.071433,0.036486,0.011794,-0.093205,-0.4869,-0.077801,0.057306,-0.48503,-0.059906,-0.063959,-0.8629,0.02606,0.0069288,-0.87038,0.04207
0.019432,0.70595,0.092633,0.0087792,0.53191,0.081523,-0.13078,0.41561,-0.001752,0.17513,0.40614,0.073025,-0.26739,0.18647,0.040768,0.23136,0.14102,0.095675,-0.40684,-0.0072622,0.10038,0.33364,-0.030977,0.046564,-0.0097247,0.17262,0.053781,0,0.112,0,-0.071438,0.043453,-0.038361,0.069973,0.036031,0.010627,-0.096507,-0.51583,-0.056074,0.059253,-0.50947,-0.043705,-0.046146,-0.92405,0.032874,0.0077708,-0.87533,0.04682
0.00096064,0.69164,0.090242,0.0084036,0.5197,0.07603,-0.13402,0.39998,-0.005441,0.18311,0.38751,0.11813,-0.26985,0.17143,0.040751,0.23933,0.11862,0.11008,-0.42084,-0.0026308,0.094412,0.37044,-0.035615,0.077209,-0.015172,0.1481,0.051466,0,0.082969,0,-0.070999,0.015695,-0.035222,0.068232,0.0037352,0.00532,-0.097636,-0.5435,-0.057776,0.056395,-0.55515,-0.039179,-0.042537,-0.95384,0.052995,0.0034759,-0.94044,0.07037
-0.010273,0.64947,0.093368,0.015693,0.48067,0.087442,-0.1374,0.3379,0.004918,0.15783,0.3463,0.080446,-0.29374,0.12845,0.066302,0.23253,0.090285,0.12365,-0.48116,-0.0020154,0.11317,0.39474,-0.032473,0.11429,-0.0080572,0.087744,0.055481,0,0.020746,0,-0.071136,-0.046368,-0.039107,0.066121,-0.050004,0.008523,-0.099564,-0.56334,-0.057064,0.053242,-0.57565,-0.035292,-0.094362,-0.93559,0.035587,-0.0058672,-0.98478,0.07753
-0.044201,0.60411,0.097335,0.020311,0.44449,0.083018,-0.13434,0.3112,-0.008504,0.19121,0.2611,0.10966,-0.24443,0.09516,0.031143,0.2554,0.028712,0.13463,-0.49999,0.013172,0.079595,0.45082,-0.019873,0.092786,-0.013283,0.073135,0.053327,0,0.0075972,0,-0.074782,-0.059972,-0.04341,0.071172,-0.086675,0.01873,-0.1022,-0.57171,-0.063011,0.050838,-0.57938,-0.042048,-0.096046,-0.93809,0.031086,-0.0069509,-0.98758,0.074141
-0.025496,0.55271,0.095007,0.012214,0.38413,0.076143,-0.08322,0.29674,-0.026729,0.19329,0.20527,0.090567,-0.25726,0.10065,0.032266,0.26965,-0.004419,0.10708,-0.50807,0.025833,0.044166,0.46415,-0.0036153,0.034559,-0.01778,0.017874,0.050708,0,-0.045985,0,-0.067256,-0.10304,-0.04136,0.065879,-0.11617,0.010802,-0.10442,-0.62124,-0.070728,0.056986,-0.59989,-0.053045,-0.069879,-0.98386,0.064452,0.0070154,-0.996,0.096672
0.012874,0.49188,0.071356,0.015882,0.32101,0.065248,-0.14578,0.19209,0.00041,0.17689,0.17258,0.075905,-0.33508,0.00042592,0.032265,0.26258,-0.025315,0.078766,-0.52674,0.053477,-0.023581,0.44597,0.01177,-0.013972,-0.0079501,-0.027417,0.053087,0,-0.085571,0,-0.073555,-0.16011,-0.041957,0.068272,-0.16873,0.015679,-0.10944,-0.62844,-0.08852,0.054537,-0.60094,-0.070543,-0.083795,-0.97991,0.048971,0.0083095,-0.98881,0.07298
0.02113,0.46917,0.072314,0.0054307,0.2988,0.065205,-0.14547,0.19428,-0.005056,0.1768,0.1727,0.069376,-0.31952,-0.0026337,0.015774,0.26862,-0.028176,0.057271,-0.49482,0.055449,-0.082434,0.4242,0.038849,-0.068205,-0.009067,-0.038021,0.05223,0,-0.095679,0,-0.074629,-0.16789,-0.032137,0.070686,-0.17302,0.008507,-0.10466,-0.62577,-0.093165,0.06341,-0.63216,-0.067653,-0.080145,-0.98123,0.04316,0.012177,-0.99321,0.070838
0.020903,0.46872,0.069881,0.0062876,0.29778,0.060116,-0.17262,0.18054,0.027265,0.17554,0.17813,0.063266,-0.30837,-0.0020121,0.006429,0.26547,-0.019977,0.031932,-0.45791,0.048001,-0.13491,0.41891,0.027039,-0.10589,-0.0032826,-0.040434,0.052443,0,-0.098582,0,-0.07989,-0.17425,-0.020068,0.074109,-0.17417,0.002857,-0.098353,-0.63142,-0.094766,0.067063,-0.63226,-0.070228,-0.069442,-0.98588,0.039206,0.016112,-0.99272,0.06522
0.0088233,0.52396,0.077665,0.0089993,0.35255,0.068989,-0.16547,0.22596,0.018046,0.17708,0.23718,0.078747,-0.2788,0.027104,0.006148,0.23791,-0.012987,0.022808,-0.42775,0.025918,-0.14522,0.39839,0.01956,-0.11073,-0.0061404,-0.0041244,0.053738,0,-0.065701,0,-0.078808,-0.13993,-0.023535,0.074958,-0.14586,-0.003955,-0.09558,-0.62055,-0.060917,0.06492,-0.61947,-0.047886,-0.070357,-0.98585,0.031695,0.0094104,-1.0017,0.06057
0.010752,0.58624,0.086376,0.010296,0.41359,0.069211,-0.16452,0.28822,0.026079,0.17277,0.29263,0.062898,-0.25843,0.082957,0.002507,0.20777,0.080954,0.054188,-0.41124,0.0042324,-0.1191,0.339,0.012153,-0.097988,-0.0031124,0.057665,0.054226,0,-0.0029761,0,-0.077455,-0.075945,-0.022981,0.073751,-0.079852,-0.006493,-0.090759,-0.60661,-0.024971,0.058141,-0.60838,-0.007254,-0.068181,-0.98596,0.031914,0.0082793,-1.0029,0.063368
-0.00025818,0.63567,0.067101,0.015364,0.4681,0.073122,-0.15808,0.33176,0.010572,0.1768,0.35506,0.065405,-0.26904,0.094234,-0.001999,0.22594,0.12044,0.049696,-0.40618,-0.043982,-0.073849,0.33037,0.0072282,-0.096004,-0.0041712,0.1074,0.054745,0,0.045161,0,-0.076456,-0.032947,-0.03005,0.070799,-0.029428,-0.000293,-0.08707,-0.59235,-0.019044,0.051559,-0.58907,-0.006851,-0.056551,-0.98621,0.027241,0.0031248,-1.0021,0.062377
0.0031514,0.66782,0.076616,0.014228,0.49729,0.071212,-0.15078,0.37397,-0.00366,0.18022,0.36948,0.064866,-0.26583,0.12583,-0.007631,0.2293,0.12179,0.048434,-0.39007,-0.035174,-0.013126,0.32679,-0.010181,-0.084672,-0.0069751,0.12947,0.054043,0,0.066405,0,-0.074854,-0.0050438,-0.028054,0.069962,-0.010649,-0.000696,-0.076025,-0.5647,-0.019031,0.04546,-0.57019,-0.010816,-0.053908,-0.99096,0.033759,-0.0056127,-0.9977,0.05948
0.0098852,0.69547,0.066279,0.014837,0.52292,0.058493,-0.14703,0.40453,-0.010833,0.18233,0.42281,0.070834,-0.25631,0.15762,-0.012056,0.22574,0.15098,0.052322,-0.38986,-0.029173,0.019052,0.32145,-0.024184,-0.000167,-0.0079453,0.18274,0.051659,0,0.12179,0,-0.07384,0.047561,-0.036075,0.067745,0.042737,0.009986,-0.082273,-0.51222,-0.030871,0.045438,-0.51545,-0.030166,-0.044051,-0.90072,0.049952,0.0019631,-0.89166,0.072184
0.011135,0.70506,0.06327,0.011884,0.53376,0.055823,-0.14537,0.40754,-0.012061,0.18249,0.42119,0.068472,-0.25747,0.16163,0.015885,0.22845,0.15103,0.070812,-0.39214,-0.011708,0.073027,0.32678,-0.023574,0.022358,-0.0079578,0.18277,0.051694,0,0.12079,0,-0.07433,0.047311,-0.034683,0.068396,0.041673,0.009359,-0.088538,-0.49945,-0.036469,0.051335,-0.49904,-0.030076,-0.055721,-0.87242,0.06204,0.0018573,-0.87737,0.078071
0.0094513,0.71235,0.062698,0.013003,0.53924,0.054297,-0.14562,0.40947,-0.013257,0.18146,0.42131,0.067506,-0.26934,0.17615,0.040002,0.23087,0.1544,0.089254,-0.40437,0.0027701,0.089217,0.35146,-0.020593,0.061947,-0.0082297,0.18286,0.051145,0,0.11991,0,-0.074654,0.046878,-0.032591,0.068908,0.041012,0.009193,-0.088907,-0.49759,-0.037567,0.053303,-0.49656,-0.028501,-0.056072,-0.87127,0.059106,0.00539,-0.88203,0.073759
0.016607,0.7128,0.057173,0.01326,0.542,0.052455,-0.13431,0.42302,-0.014358,0.18423,0.41726,0.067707,-0.26506,0.19594,0.045678,0.23693,0.15381,0.10363,-0.41121,0.028714,0.10064,0.35467,-0.011867,0.078733,-0.0090609,0.18223,0.050321,0,0.1178,0,-0.074511,0.046297,-0.029872,0.06904,0.039346,0.008195,-0.086353,-0.51005,-0.031604,0.058356,-0.51066,-0.018783,-0.052937,-0.88979,0.045973,0.014993,-0.9311,0.063166
0.0068858,0.70252,0.049983,0.020831,0.52615,0.044002,-0.14451,0.39772,-0.020214,0.17683,0.40837,0.059822,-0.27501,0.17066,0.040384,0.2321,0.15045,0.1144,-0.44258,0.030201,0.093933,0.37053,0.0016931,0.088168,-0.0072464,0.15479,0.049405,0,0.08596,0,-0.074577,0.014119,-0.030191,0.06613,0.008542,0.011031,-0.0803,-0.5458,-0.022104,0.044423,-0.55137,0.000109,-0.051734,-0.98139,0.028632,0.0037811,-1.0106,0.05854
-0.0092672,0.6661,0.041807,0.019866,0.4977,0.037051,-0.13834,0.38217,-0.028062,0.18662,0.36582,0.068128,-0.27994,0.16461,0.039479,0.25377,0.10196,0.085697,-0.49341,0.044998,0.072369,0.42413,-0.008224,0.055041,-0.010015,0.12926,0.048174,0,0.061199,0,-0.075593,-0.013376,-0.030266,0.068333,-0.01557,0.013294,-0.087358,-0.57346,-0.028416,0.045018,-0.57544,-0.005779,-0.053208,-0.98515,0.026647,0.00077498,-1.0103,0.060276
-0.039932,0.61348,0.0402,0.022643,0.45207,0.034659,-0.14349,0.31731,-0.033304,0.17676,0.27891,0.061567,-0.26669,0.09329,0.02264,0.24559,0.061322,0.073851,-0.49226,0.055947,0.004239,0.43831,0.035003,0.000651,-0.010001,0.10027,0.047847,0,0.034477,0,-0.075524,-0.046274,-0.038118,0.069638,-0.046233,0.021782,-0.10372,-0.60576,-0.034362,0.036879,-0.59562,-0.011125,-0.084003,-0.99105,0.047026,-0.016423,-0.99091,0.063095
0.010123,0.56301,0.049753,0.022645,0.39056,0.03235,-0.12069,0.29055,-0.031659,0.18754,0.23303,0.064507,-0.28821,0.087895,0.025963,0.25973,0.0055607,0.057668,-0.48815,0.065101,-0.018401,0.44623,0.047499,-0.025442,-0.010727,0.02272,0.046997,0,-0.046275,0,-0.075743,-0.11453,-0.021085,0.068441,-0.11889,0.006547,-0.088868,-0.618,-0.036639,0.054964,-0.59438,-0.016664,-0.066242,-0.98437,0.047994,0.010108,-0.98446,0.07022
0.025691,0.52534,0.058632,0.023613,0.35148,0.030198,-0.12906,0.22119,-0.055386,0.18209,0.19619,0.05818,-0.31353,0.034639,0.004115,0.27393,-0.034365,0.013454,-0.48698,0.07456,-0.10774,0.4386,0.061653,-0.071143,-0.012149,0.0013099,0.045855,0,-0.065229,0,-0.075721,-0.13808,-0.026478,0.069268,-0.14155,0.015513,-0.096903,-0.63157,-0.050647,0.057029,-0.59699,-0.033138,-0.069951,-0.98554,0.043606,0.0095216,-0.98526,0.063963
0.021905,0.48396,0.047264,0.012202,0.31009,0.03822,-0.13113,0.22268,-0.048544,0.18347,0.19629,0.052157,-0.317,0.027932,-0.014358,0.27106,-0.036848,0.00548,-0.45896,0.093988,-0.15744,0.3944,0.077778,-0.12196,-0.011845,-0.018046,0.047486,0,-0.078644,0,-0.076222,-0.14707,-0.027185,0.071076,-0.15526,0.011893,-0.096372,-0.62196,-0.057295,0.061632,-0.59724,-0.039941,-0.071656,-0.97725,0.038468,0.013221,-0.98068,0.05812
0.019628,0.48575,0.049797,0.010209,0.3123,0.038357,-0.16853,0.19703,-0.016032,0.17905,0.19921,0.04613,-0.32905,0.0079728,-0.005598,0.25653,-0.034188,0.013342,-0.4196,0.073707,-0.1886,0.35892,0.06963,-0.1438,-0.0058419,-0.019783,0.049125,0,-0.080758,0,-0.077572,-0.15431,-0.024186,0.073864,-0.1591,0.007983,-0.096924,-0.62648,-0.055252,0.065743,-0.60297,-0.03575,-0.072,-0.97571,0.037557,0.012859,-0.9809,0.05872
0.0013117,0.55247,0.063497,0.0024476,0.38071,0.054208,-0.16749,0.24496,0.003106,0.16481,0.27505,0.055136,-0.30703,0.052627,-0.027116,0.2047,0.020624,0.035518,-0.43607,0.072348,-0.19628,0.32482,0.046727,-0.1397,-0.0056759,0.017139,0.051589,0,-0.048291,0,-0.075725,-0.12646,-0.02219,0.074827,-0.11592,-0.001838,-0.098249,-0.62913,-0.043329,0.063222,-0.60355,-0.024631,-0.073887,-0.99599,0.045167,-0.0080445,-1.0028,0.060393
0.0072825,0.60745,0.072315,0.00016796,0.43663,0.067579,-0.16792,0.30713,0.009899,0.1714,0.32384,0.044367,-0.29278,0.12581,0.009168,0.21745,0.12311,0.014688,-0.38075,0.024551,-0.15911,0.32804,0.035611,-0.14508,-0.0041762,0.075833,0.054257,0,0.01407,0,-0.075197,-0.063704,-0.024732,0.075137,-0.059823,-0.004093,-0.090249,-0.62316,-0.007289,0.060224,-0.61301,0.009604,-0.070367,-0.99846,0.048523,-0.0052246,-1.0035,0.058601
-0.0092312,0.65835,0.07522,0.013818,0.48793,0.064935,-0.16234,0.35535,0.009894,0.17505,0.37427,0.052005,-0.2845,0.1468,-0.009378,0.2201,0.13383,0.012133,-0.39239,-0.0019322,-0.11012,0.31914,0.0209,-0.13824,-0.0029583,0.12349,0.053862,0,0.059792,0,-0.076589,-0.015124,-0.025781,0.071984,-0.016758,-0.001999,-0.079418,-0.57466,-0.005196,0.051317,-0.57627,0.012126,-0.059286,-0.99715,0.078254,0.001545,-0.99614,0.059332
-0.016947,0.67733,0.072903,0.01146,0.5074,0.064671,-0.15595,0.38351,-0.006879,0.17222,0.38357,0.045209,-0.28358,0.15005,-0.005667,0.22868,0.13808,0.027415,-0.39697,-0.013988,-0.060172,0.32737,-0.0081651,-0.087218,-0.0050961,0.1263,0.053601,0,0.060922,0,-0.077018,-0.013801,-0.027326,0.072697,-0.01351,-9.7e-05,-0.067132,-0.56639,-0.009513,0.045646,-0.57301,0.009601,-0.048934,-0.98247,0.095065,0.008554,-0.98156,0.074666
-0.005737,0.70221,0.073736,0.010612,0.53186,0.06826,-0.13674,0.39844,-0.01043,0.181,0.41408,0.057925,-0.2713,0.16243,0.011435,0.24122,0.14528,0.044309,-0.39115,-0.0057004,-0.001369,0.34855,-0.018434,-0.024996,-0.0081189,0.17563,0.053835,0,0.1127,0,-0.074478,0.044308,-0.030788,0.072188,0.039159,0.003909,-0.079307,-0.50026,-0.025157,0.064371,-0.48831,-0.012972,-0.044681,-0.89238,0.093715,0.0054813,-0.89482,0.084163
-0.0076917,0.70868,0.073991,0.018717,0.53488,0.066324,-0.13614,0.40247,-0.015251,0.17912,0.41449,0.057388,-0.27188,0.17083,0.022555,0.2432,0.14698,0.051441,-0.40608,-0.0056986,0.056257,0.36426,-0.02239,0.041287,-0.0078962,0.17708,0.053637,0,0.11382,0,-0.075321,0.044413,-0.032706,0.072217,0.040614,0.00689,-0.081604,-0.49915,-0.025694,0.066624,-0.48542,-0.013496,-0.057321,-0.84215,0.081461,0.018273,-0.8777,0.091551
-0.0039478,0.71553,0.073774,0.019475,0.53807,0.067149,-0.13801,0.40339,-0.016723,0.17929,0.41393,0.057302,-0.27505,0.17535,0.030868,0.24831,0.15088,0.078038,-0.41186,0.0011701,0.070525,0.37243,-0.010764,0.068812,-0.0077344,0.17664,0.053706,0,0.11313,0,-0.076712,0.043225,-0.033848,0.07352,0.038668,0.008269,-0.08361,-0.49936,-0.026889,0.065465,-0.48563,-0.01479,-0.05415,-0.86625,0.064423,0.021929,-0.88006,0.084408
-0.0040206,0.71446,0.06885,0.015385,0.53821,0.065244,-0.1451,0.40158,-0.017499,0.17605,0.41367,0.056485,-0.27947,0.17418,0.036952,0.25738,0.16902,0.12948,-0.43322,0.005462,0.085643,0.38843,0.0028984,0.11096,-0.0085839,0.17354,0.053151,0,0.10875,0,-0.074114,0.032964,-0.034218,0.073783,0.032216,0.009349,-0.062284,-0.52675,-0.013822,0.066699,-0.52854,0.001732,-0.069536,-0.89101,0.052152,0.0049141,-0.9451,0.090596
-0.0047244,0.69432,0.066351,0.0069911,0.52389,0.062033,-0.14351,0.40011,-0.026843,0.17031,0.39784,0.056228,-0.28153,0.17779,0.035455,0.24477,0.14793,0.12122,-0.45306,0.0066297,0.075774,0.3892,0.004006,0.10763,-0.011128,0.15867,0.052384,0,0.094548,0,-0.0726,0.022592,-0.037611,0.071788,0.018178,0.013082,-0.078248,-0.53751,-0.021224,0.064587,-0.54267,0.00062,-0.088272,-0.95283,0.040772,-0.0070258,-0.96135,0.075117
0.02474,0.66279,0.07218,0.00046552,0.49106,0.049712,-0.13479,0.36124,-0.045147,0.1838,0.32945,0.06843,-0.28775,0.15439,0.029544,0.25315,0.073648,0.10294,-0.50296,0.0074341,0.054567,0.44396,0.016943,0.045881,-0.016182,0.12539,0.049288,0,0.059492,0,-0.070449,-0.027858,-0.042023,0.071446,-0.013714,0.019009,-0.085398,-0.58803,-0.029621,0.064689,-0.57233,-0.006393,-0.092347,-0.95322,0.03368,-0.011678,-0.98104,0.075859
0.014949,0.60376,0.075253,0.0041696,0.43021,0.046782,-0.14849,0.30371,-0.046011,0.1825,0.26386,0.082932,-0.30563,0.10514,0.038602,0.24361,0.057398,0.079909,-0.50601,0.019974,-0.003577,0.43594,0.033074,0.003848,-0.016825,0.069727,0.048361,0,0.0046678,0,-0.077651,-0.07552,-0.038722,0.076167,-0.071441,0.016672,-0.092412,-0.59206,-0.035722,0.062442,-0.57519,-0.012107,-0.10125,-0.94365,0.002132,-0.0093368,-0.97912,0.072703
-0.0065792,0.54715,0.069231,0.015424,0.37528,0.048956,-0.15936,0.22726,-0.043747,0.1669,0.19893,0.039196,-0.32042,0.023036,0.015332,0.26019,0.0017794,0.047695,-0.52003,0.0296,-0.038723,0.44231,0.051748,-0.042056,-0.0093969,0.010283,0.050584,0,-0.055494,0,-0.076573,-0.13355,-0.037129,0.071054,-0.13156,0.015056,-0.096011,-0.63846,-0.058033,0.067673,-0.59168,-0.030134,-0.07769,-0.97537,0.039058,-0.00089142,-0.97864,0.065832
-0.009087,0.48135,0.063572,0.0057813,0.30833,0.039191,-0.16704,0.17039,-0.036552,0.16835,0.18991,0.043319,-0.3349,-0.012392,-0.010645,0.26538,-0.066459,0.005722,-0.50564,0.031974,-0.12576,0.41823,0.056249,-0.063407,-0.0096564,-0.022517,0.049833,0,-0.080244,0,-0.076378,-0.16277,-0.037849,0.072229,-0.15742,0.017208,-0.091947,-0.63737,-0.060398,0.069906,-0.60269,-0.037856,-0.071013,-0.96144,0.021614,0.0048674,-0.97597,0.061516
0.00047004,0.47574,0.065151,-0.00073472,0.30213,0.04156,-0.16449,0.17028,-0.026916,0.17266,0.1893,0.046259,-0.32661,-0.0044129,-0.039166,0.25049,-0.064745,-8.1e-05,-0.4699,0.073318,-0.18118,0.38097,0.04798,-0.12178,-0.0094066,-0.038675,0.050318,0,-0.10083,0,-0.074357,-0.17751,-0.030059,0.075638,-0.17725,0.008209,-0.085835,-0.63795,-0.058363,0.076756,-0.60621,-0.035356,-0.065246,-0.96266,0.023708,0.012831,-0.97612,0.064268
-0.0060134,0.48814,0.059116,-0.0018092,0.31292,0.04693,-0.17362,0.19754,-0.003279,0.16632,0.19664,0.037651,-0.32291,-0.0021918,-0.036058,0.23829,-0.015017,0.006792,-0.43917,0.045307,-0.20952,0.38159,0.040821,-0.13992,-0.005525,-0.034827,0.051535,0,-0.096388,0,-0.075784,-0.17182,-0.027242,0.076215,-0.17022,0.001861,-0.085559,-0.62741,-0.052299,0.080854,-0.60873,-0.029568,-0.064061,-0.96329,0.030039,0.014431,-0.97685,0.068113
-0.0020218,0.56116,0.079329,-0.0087269,0.38882,0.065751,-0.16733,0.25848,0.004186,0.15943,0.27869,0.040501,-0.2796,0.071427,-0.018965,0.23211,0.073477,0.033729,-0.41965,0.017596,-0.16985,0.35278,0.0065835,-0.12921,-0.006029,0.030484,0.054368,0,-0.030742,0,-0.073089,-0.10463,-0.024111,0.07613,-0.1031,-0.003248,-0.083817,-0.61798,-0.029635,0.084009,-0.5989,-0.005943,-0.0603,-0.96675,0.050029,0.017375,-0.97678,0.080974
-0.003851,0.62499,0.092217,-0.0028757,0.45188,0.073625,-0.16313,0.32091,0.00136,0.16201,0.33305,0.043396,-0.29705,0.11484,-0.008803,0.2318,0.12348,0.039434,-0.41597,-0.021229,-0.11609,0.33701,0.0067722,-0.10332,-0.0060533,0.086157,0.055471,0,0.024153,0,-0.072141,-0.050759,-0.022744,0.073113,-0.04539,-0.006422,-0.081869,-0.61086,-0.006099,0.077934,-0.59399,0.011196,-0.060746,-0.97086,0.067566,0.011854,-0.97824,0.086102
-0.0098123,0.65491,0.074959,0.00072572,0.48389,0.068539,-0.16374,0.35167,-0.004037,0.16767,0.38351,0.048887,-0.2989,0.12117,-0.000405,0.23036,0.12485,0.044613,-0.41398,-0.044118,-0.04539,0.33319,-0.0086858,-0.083009,-0.0063341,0.12208,0.054603,0,0.060386,0,-0.073908,-0.01514,-0.024956,0.073379,-0.015268,-0.003097,-0.066845,-0.5751,-0.003987,0.060347,-0.57238,0.011088,-0.053858,-0.96848,0.084032,0.0033029,-0.97789,0.08918
-0.0068142,0.69693,0.076472,0.0027782,0.52416,0.058825,-0.15519,0.40353,-0.000761,0.16818,0.39134,0.047232,-0.27804,0.15953,0.013596,0.23361,0.12553,0.053026,-0.40253,-0.026181,0.018032,0.34691,-0.037139,-0.00785,-0.0067134,0.15091,0.053382,0,0.085498,0,-0.073151,0.017546,-0.025508,0.072043,0.010872,-0.000924,-0.055236,-0.54247,-0.008363,0.056125,-0.54943,0.011626,-0.048626,-0.9635,0.093817,-0.00085854,-0.96168,0.11775
-0.0090497,0.70647,0.064181,0.0011807,0.53123,0.058441,-0.15809,0.40784,-0.004364,0.17075,0.41781,0.053732,-0.28452,0.17088,0.034355,0.23382,0.15133,0.063483,-0.4053,-0.0033807,0.082951,0.34391,-0.020437,0.048295,-0.0074288,0.19416,0.052519,0,0.13774,0,-0.075451,0.058505,-0.033121,0.074036,0.060545,0.00811,-0.07963,-0.47746,-0.047277,0.073118,-0.48292,-0.021554,-0.047851,-0.88013,0.090578,0.0048021,-0.88429,0.11051
-0.0078188,0.71335,0.061076,0.0063149,0.53984,0.057812,-0.15217,0.4183,-0.017959,0.16714,0.42553,0.046127,-0.27748,0.18792,0.043379,0.23661,0.16242,0.067801,-0.41304,0.0063285,0.11197,0.35788,-0.010125,0.063439,-0.0081535,0.19481,0.052818,0,0.13717,0,-0.075156,0.05959,-0.032981,0.07248,0.060913,0.00711,-0.084957,-0.45541,-0.06287,0.075888,-0.47177,-0.030023,-0.059417,-0.83826,0.083595,0.027686,-0.85574,0.096965
-0.0037534,0.71723,0.062303,0.011954,0.5443,0.051806,-0.15324,0.4193,-0.016709,0.16682,0.427,0.041502,-0.27789,0.19183,0.053044,0.24172,0.17074,0.087038,-0.41755,0.025682,0.11325,0.37081,0.013679,0.092507,-0.0066769,0.19114,0.053229,0,0.12902,0,-0.076139,0.056478,-0.029048,0.072476,0.052962,0.006152,-0.087102,-0.45827,-0.063196,0.074587,-0.47647,-0.027137,-0.054065,-0.84558,0.075228,0.027368,-0.86007,0.093075
-0.0075241,0.71789,0.05647,0.0018732,0.54479,0.03522,-0.14587,0.41922,-0.032253,0.16795,0.42694,0.040587,-0.27277,0.20011,0.053097,0.24265,0.17324,0.095248,-0.42402,0.044145,0.097956,0.3831,0.025564,0.094431,-0.0098013,0.18992,0.050483,0,0.12591,0,-0.074436,0.053761,-0.02796,0.072469,0.051849,0.008844,-0.082581,-0.50686,-0.066565,0.072866,-0.50926,-0.017302,-0.042823,-0.89036,0.025359,0.031525,-0.89164,0.070356
-0.013132,0.70707,0.062849,0.0079565,0.52239,0.048036,-0.1608,0.38468,-0.021641,0.16359,0.41244,0.054224,-0.29065,0.17381,0.075761,0.24202,0.15794,0.10265,-0.45511,0.05002,0.052136,0.41618,0.052498,0.074327,-0.0081273,0.13879,0.050663,0,0.071038,0,-0.076155,-0.0051717,-0.022936,0.07207,-0.00083364,0.003345,-0.083836,-0.55775,-0.044679,0.058045,-0.56196,-0.003289,-0.048192,-0.97314,0.011791,0.014277,-0.96724,0.056528
-0.02394,0.65626,0.048612,-0.0052712,0.48602,0.042681,-0.15246,0.34853,-0.042635,0.16807,0.36185,0.072436,-0.29731,0.13883,0.039032,0.25356,0.10147,0.082502,-0.48898,0.053493,0.018155,0.44551,0.057204,0.015895,-0.01485,0.13104,0.048877,0,0.06494,0,-0.070719,-0.019601,-0.033194,0.072761,-0.006477,0.0083,-0.087298,-0.5607,-0.047985,0.057947,-0.56765,-0.006528,-0.053186,-0.97572,0.012661,0.010287,-0.98386,0.044001
-0.065161,0.60749,0.052883,-0.01874,0.43734,0.040693,-0.15979,0.29973,-0.047976,0.13286,0.33718,0.043018,-0.30872,0.087151,0.021796,0.23877,0.08695,0.068237,-0.50534,0.047108,-0.029072,0.42022,0.071338,-0.036949,-0.016289,0.070038,0.049039,0,0.003895,0,-0.066517,-0.072695,-0.031621,0.072512,-0.05817,0.014528,-0.099741,-0.57935,-0.056281,0.05015,-0.61156,-0.034567,-0.067491,-0.97911,0.011952,0.0018642,-0.98647,0.048846
-0.036322,0.54775,0.065293,-0.0016166,0.37737,0.038575,-0.13948,0.29809,-0.038358,0.17869,0.21311,0.046917,-0.29371,0.081177,0.010958,0.24962,-0.0057742,0.053978,-0.48157,0.055386,-0.077683,0.4566,0.094677,-0.11184,-0.014327,0.027034,0.048408,0,-0.035191,0,-0.073325,-0.10925,-0.027283,0.072626,-0.1112,0.007957,-0.083971,-0.58408,-0.054863,0.070069,-0.61041,-0.030139,-0.054313,-0.98208,0.027192,0.023887,-0.98781,0.058907
-0.029362,0.49669,0.055249,0.0012757,0.32628,0.0371,-0.1526,0.21531,-0.050652,0.17281,0.19759,0.041867,-0.31766,0.0066767,-0.005617,0.27245,-0.032698,-0.008174,-0.48201,0.065569,-0.1244,0.42093,0.080568,-0.10367,-0.013043,-0.0098976,0.048544,0,-0.07115,0,-0.073623,-0.14623,-0.033123,0.073488,-0.15078,0.014461,-0.091076,-0.59592,-0.060916,0.06877,-0.60839,-0.039343,-0.058216,-0.98154,0.02876,0.023662,-0.98806,0.060348
0.0048219,0.49525,0.072847,-0.0034767,0.3213,0.041499,-0.15594,0.20859,-0.027288,0.17099,0.19715,0.03917,-0.31672,-0.0058214,0.008652,0.2735,-0.034113,-0.000976,-0.42121,0.063711,-0.16526,0.39748,0.08154,-0.12766,-0.010373,-0.024443,0.050306,0,-0.087136,0,-0.072725,-0.15764,-0.026648,0.07555,-0.1656,0.006289,-0.095268,-0.61945,-0.052205,0.075911,-0.61238,-0.032736,-0.055391,-0.98134,0.037004,0.027148,-0.9883,0.068423
0.0014445,0.51764,0.077277,-0.0090028,0.34411,0.052021,-0.16297,0.22023,-0.004743,0.16343,0.237,0.048115,-0.28272,0.0092651,-0.013307,0.22816,0.0033506,0.00031,-0.42471,0.057729,-0.16468,0.3681,0.044348,-0.15548,-0.008611,-0.0080891,0.05251,0,-0.069057,0,-0.07266,-0.14421,-0.022204,0.076546,-0.1386,-0.004975,-0.094621,-0.61671,-0.040387,0.076117,-0.61503,-0.019096,-0.055,-0.98214,0.048509,0.024755,-0.99117,0.079154
-0.0034484,0.5809,0.078122,-0.006517,0.40929,0.070793,-0.17013,0.27311,0.014186,0.16568,0.29698,0.052111,-0.22587,0.059382,-0.019725,0.22329,0.07835,0.008221,-0.40321,0.039447,-0.13185,0.35722,0.025712,-0.1495,-0.0056252,0.051602,0.055226,0,-0.0088171,0,-0.073682,-0.084631,-0.023831,0.076015,-0.082652,-0.006069,-0.087893,-0.60224,-0.012266,0.07517,-0.60326,0.002586,-0.053281,-0.98341,0.059061,0.02271,-0.9921,0.092798
-0.004538,0.64028,0.072482,0.0009009,0.46878,0.065514,-0.17065,0.33146,0.019442,0.16216,0.33427,0.038362,-0.28471,0.12544,0.008478,0.21791,0.11002,0.020224,-0.39333,0.0081157,-0.13139,0.33171,0.013082,-0.13172,-0.0024266,0.10154,0.054356,0,0.036079,0,-0.074053,-0.042019,-0.02178,0.073762,-0.033114,-0.005568,-0.07855,-0.58791,-0.008031,0.064812,-0.58957,0.011577,-0.052417,-0.98367,0.067457,0.019886,-0.99085,0.10059
-0.0075771,0.65563,0.06878,0.0061857,0.48534,0.065814,-0.15697,0.36304,-0.006355,0.16663,0.36373,0.037745,-0.27793,0.1338,0.002622,0.22438,0.12057,0.024193,-0.3854,-0.017555,-0.10808,0.3047,-0.022497,-0.11024,-0.0052301,0.11569,0.054357,0,0.052014,0,-0.074539,-0.01949,-0.02462,0.07251,-0.020409,-0.003074,-0.064093,-0.57374,-0.017589,0.061443,-0.58137,0.005714,-0.046983,-0.98542,0.080386,0.013543,-0.99667,0.10807
0.00021348,0.69018,0.069753,0.0041722,0.50548,0.06469,-0.14687,0.38071,-0.012691,0.16402,0.38475,0.038859,-0.27042,0.13627,-0.000557,0.22891,0.12198,0.02722,-0.38143,-0.062784,-0.024139,0.31473,-0.052824,-0.047281,-0.0068399,0.13858,0.053989,0,0.074952,0,-0.073326,0.012094,-0.032027,0.07193,0.00055099,0.004142,-0.080309,-0.4932,-0.054589,0.069315,-0.49048,-0.040096,-0.029167,-0.89599,0.081184,0.018922,-0.88961,0.10479
-0.0013711,0.69376,0.062903,0.012107,0.51593,0.063064,-0.1399,0.39518,-0.013666,0.1679,0.38898,0.043007,-0.26087,0.15015,0.003032,0.23121,0.12043,0.035016,-0.36745,-0.047415,0.038003,0.32444,-0.060822,0.008024,-0.0064113,0.15463,0.053728,0,0.092478,0,-0.074473,0.025623,-0.027426,0.070404,0.020741,0.001418,-0.081628,-0.47848,-0.06176,0.073764,-0.48064,-0.039493,-0.0401,-0.87071,0.073718,0.012724,-0.88163,0.097407
-0.0050495,0.69738,0.051383,0.0078817,0.52271,0.056478,-0.1442,0.39815,-0.01991,0.17084,0.3921,0.049086,-0.26127,0.15488,0.014643,0.23063,0.12545,0.066011,-0.36392,-0.035249,0.080823,0.33214,-0.051481,0.065453,-0.0088548,0.16945,0.052278,0,0.10857,0,-0.075727,0.034431,-0.028485,0.072329,0.033106,0.005527,-0.084737,-0.4791,-0.066187,0.07086,-0.47414,-0.048702,-0.04453,-0.8568,0.060592,0.027895,-0.86579,0.07587
-0.0012314,0.69726,0.040824,0.0054021,0.52414,0.047839,-0.14534,0.39923,-0.026078,0.17153,0.39466,0.048317,-0.25625,0.15619,0.020228,0.23167,0.13029,0.07759,-0.36504,-0.014489,0.11121,0.35397,-0.025768,0.11441,-0.0097371,0.17139,0.05129,0,0.10927,0,-0.075654,0.035747,-0.03026,0.072563,0.033339,0.007216,-0.083398,-0.50094,-0.076138,0.072203,-0.50052,-0.054222,-0.07697,-0.85653,0.010916,0.014363,-0.88557,0.031285
-0.0075375,0.68791,0.051164,-0.0058134,0.51137,0.034353,-0.1359,0.3813,-0.042049,0.1675,0.38156,0.057087,-0.25381,0.15396,0.037233,0.2337,0.12381,0.10726,-0.38543,0.0013023,0.15038,0.37903,-0.0073902,0.15318,-0.015747,0.125,0.046956,0,0.053795,0,-0.0712,-0.017704,-0.025576,0.073356,-0.014392,0.012595,-0.083455,-0.57439,-0.058241,0.061763,-0.57283,-0.0291,-0.071367,-0.94086,0.01125,-0.0010228,-0.98842,0.000309
-0.047562,0.64664,0.036848,0.0029222,0.47619,0.022655,-0.15688,0.33216,-0.048174,0.14548,0.34987,0.020106,-0.28869,0.12879,0.060077,0.24539,0.11306,0.097226,-0.44603,0.00038029,0.14237,0.42531,0.0254,0.12611,-0.010085,0.11885,0.046201,0,0.049273,0,-0.06982,-0.027913,-0.028877,0.071931,-0.016387,0.014507,-0.08162,-0.58924,-0.059922,0.053232,-0.57669,-0.03402,-0.077624,-0.95557,-0.013737,-0.0055127,-0.99502,-0.007335
-0.047095,0.61552,0.037628,0.0088189,0.44227,0.017265,-0.14689,0.30697,-0.06458,0.16375,0.27708,0.038354,-0.29341,0.11872,0.050417,0.25516,0.067935,0.10586,-0.52263,-0.00081327,0.10902,0.45661,0.048362,0.064209,-0.012957,0.094765,0.041788,0,0.029106,0,-0.068899,-0.053374,-0.038856,0.066923,-0.04854,0.022206,-0.090209,-0.60707,-0.061582,0.04694,-0.60788,-0.038902,-0.080101,-0.95536,-0.031438,-0.0063976,-1.0024,0.000672
-0.042574,0.54711,0.046551,0.0012364,0.37412,0.01829,-0.13544,0.25152,-0.06338,0.1762,0.20527,0.047311,-0.31123,0.093152,0.054965,0.29255,0.024458,0.084817,-0.52816,0.011196,0.054735,0.48817,0.063154,0.026821,-0.014573,0.034025,0.040787,0,-0.030333,0,-0.068414,-0.1095,-0.043284,0.067926,-0.11087,0.031028,-0.088935,-0.62237,-0.079771,0.053457,-0.62278,-0.059126,-0.075189,-0.96072,-0.029416,0.0019631,-1.0065,0.010333
-0.050995,0.48728,0.04961,0.012758,0.32206,0.032997,-0.14556,0.20046,-0.062265,0.17579,0.17923,0.047059,-0.33505,0.042278,0.037698,0.30716,0.0047178,0.065335,-0.53806,0.027866,-0.00537,0.47935,0.10474,-0.077154,-0.012007,-0.03374,0.043672,0,-0.10011,0,-0.077609,-0.17273,-0.033924,0.073024,-0.17923,0.017481,-0.093902,-0.62402,-0.077914,0.056324,-0.6245,-0.061386,-0.077364,-0.95317,-0.039406,0.011199,-1.0047,0.014449
-0.013665,0.492,0.055142,0.007044,0.31968,0.034403,-0.157,0.20557,-0.038721,0.17475,0.18404,0.043694,-0.35951,0.03834,0.023384,0.29305,-0.02695,0.020364,-0.53767,0.062044,-0.086961,0.42835,0.087562,-0.09442,-0.0090249,-0.033674,0.045149,0,-0.099173,0,-0.077152,-0.17208,-0.032684,0.072795,-0.17738,0.014499,-0.097006,-0.62403,-0.076561,0.059238,-0.6236,-0.062783,-0.077969,-1.0022,0.011796,0.021069,-0.99681,0.012241
-0.0024423,0.5255,0.068409,-0.0030839,0.34014,0.041642,-0.17796,0.21951,0.008723,0.16346,0.23608,0.037273,-0.34705,0.049862,0.00078,0.27974,0.046215,-0.00831,-0.49574,0.070028,-0.15093,0.4179,0.10085,-0.16161,-0.0036303,-0.0092662,0.047955,0,-0.071587,0,-0.075807,-0.15087,-0.022635,0.077051,-0.14126,-0.002066,-0.093266,-0.6235,-0.068325,0.066871,-0.62193,-0.055748,-0.061003,-0.99668,0.009849,0.02671,-0.99548,0.015456
-0.0074397,0.58381,0.067425,-0.0048668,0.40734,0.063648,-0.17062,0.27543,0.01551,0.17166,0.28461,0.046752,-0.28288,0.094708,0.024181,0.24369,0.059789,-0.013108,-0.43371,0.059386,-0.12208,0.38846,0.095974,-0.16571,-0.0045674,0.050472,0.051507,0,-0.011324,0,-0.075255,-0.088433,-0.021567,0.077026,-0.08661,-0.006243,-0.077059,-0.61555,-0.035085,0.065024,-0.61183,-0.028194,-0.071404,-0.96591,-0.005229,0.019095,-1.0033,0.016127
-0.0060926,0.6191,0.059017,0.0027357,0.45167,0.069318,-0.16448,0.31387,0.01688,0.17235,0.32603,0.044163,-0.27338,0.13159,0.033677,0.22194,0.11166,-0.025949,-0.39525,0.060018,-0.12687,0.37367,0.080448,-0.17221,-0.003067,0.07872,0.052561,0,0.014519,0,-0.075324,-0.05968,-0.019327,0.07461,-0.058241,-0.008699,-0.070193,-0.613,-0.033619,0.06058,-0.60999,-0.020067,-0.069266,-0.9652,-0.006767,0.019939,-1.0027,0.011914
-0.012702,0.65851,0.07121,0.0068298,0.48215,0.062144,-0.15524,0.34987,0.008667,0.18047,0.37568,0.055536,-0.27685,0.14875,0.018953,0.23632,0.16088,-0.027528,-0.39029,0.044847,-0.12854,0.35104,0.030208,-0.14791,-0.0042535,0.12711,0.051442,0,0.064952,0,-0.075459,-0.0078546,-0.019764,0.072932,-0.014064,-0.006483,-0.065731,-0.56695,-0.041611,0.051912,-0.57555,-0.022678,-0.063116,-0.95592,-0.000361,0.018251,-0.9985,0.012193
-0.0059369,0.67753,0.068813,0.0030999,0.49947,0.064721,-0.15099,0.36301,0.003274,0.17849,0.38046,0.046216,-0.26407,0.17092,0.013604,0.23923,0.16266,-0.023758,-0.3814,0.019018,-0.096487,0.33321,0.037182,-0.16781,-0.0042261,0.12843,0.051937,0,0.065381,0,-0.075857,-0.0078311,-0.020277,0.075602,-0.0083781,-0.003773,-0.07411,-0.50769,-0.061632,0.057727,-0.51095,-0.041545,-0.017808,-0.91171,0.010544,0.025322,-0.91512,0.02156
0.00048288,0.68105,0.06412,0.011579,0.50516,0.061281,-0.13134,0.39871,-0.007361,0.18382,0.39036,0.039617,-0.26344,0.15911,0.008697,0.24571,0.16512,-0.009068,-0.38514,-0.0088788,-0.070152,0.3196,-0.00050553,-0.14153,-0.0043575,0.18071,0.052141,0,0.12372,0,-0.070535,0.056476,-0.025862,0.065332,0.051211,-0.001508,-0.073583,-0.48766,-0.073611,0.077439,-0.4854,-0.052607,-0.023609,-0.87046,0.019495,0.046643,-0.86532,0.042616
-0.0038656,0.68383,0.06286,0.012872,0.5119,0.061889,-0.13159,0.39768,-0.009027,0.18332,0.39881,0.048421,-0.26287,0.15869,0.013025,0.24096,0.13167,0.016159,-0.39459,-0.031597,0.001621,0.31666,-0.034396,-0.088903,-0.0057795,0.1811,0.052008,0,0.12381,0,-0.070502,0.056245,-0.028087,0.0678,0.049576,0.004111,-0.079989,-0.47255,-0.081442,0.074795,-0.48013,-0.058685,-0.031238,-0.8622,0.016893,0.043735,-0.86502,0.040845
-0.004911,0.68508,0.060922,0.010658,0.51211,0.062336,-0.1344,0.3977,-0.01211,0.17729,0.39369,0.043622,-0.26376,0.16118,0.025421,0.23356,0.12279,0.024488,-0.39889,-0.026783,0.020664,0.32933,-0.060623,-0.026852,-0.0064122,0.17362,0.052318,0,0.11382,0,-0.070156,0.042208,-0.034144,0.06793,0.039351,0.007705,-0.084662,-0.47176,-0.087822,0.069489,-0.4793,-0.066987,-0.040018,-0.85665,0.009583,0.039703,-0.86382,0.038475
-0.001689,0.67603,0.060626,0.018306,0.49718,0.062599,-0.13527,0.34721,-0.015077,0.16598,0.36442,0.04275,-0.27028,0.12807,0.061706,0.24582,0.1036,0.064771,-0.41557,-0.02759,0.091368,0.35188,-0.066867,0.012666,-0.0047757,0.10942,0.051926,0,0.042703,0,-0.072285,-0.021304,-0.024943,0.066102,-0.028299,0.00286,-0.081515,-0.50334,-0.097201,0.072586,-0.50856,-0.074594,-0.039524,-0.91519,0.017454,0.024597,-0.92352,0.028426
-0.061585,0.61251,0.062046,0.015479,0.457,0.06195,-0.15918,0.32237,-0.017024,0.14484,0.32415,0.041224,-0.29157,0.11006,0.076312,0.23982,0.070971,0.075311,-0.44693,-0.028457,0.11483,0.387,-0.069692,0.042382,-0.0065071,0.078293,0.052402,0,0.0095851,0,-0.071305,-0.069656,-0.031151,0.068234,-0.057014,0.006578,-0.092463,-0.56416,-0.096192,0.06215,-0.50508,-0.073308,-0.040988,-0.97262,0.025046,0.010901,-0.92322,0.017482
-0.010026,0.57875,0.064125,-0.0066232,0.4059,0.049028,-0.14734,0.28977,-0.031147,0.16574,0.27114,0.047353,-0.29846,0.095272,0.070106,0.25322,0.034321,0.083663,-0.50587,-0.045102,0.11326,0.42769,-0.070921,0.052447,-0.011767,0.058747,0.050433,0,-0.0035813,0,-0.070538,-0.076448,-0.032145,0.070393,-0.079241,0.010455,-0.093866,-0.58889,-0.10065,0.064761,-0.50511,-0.072939,-0.054058,-0.99413,0.023485,0.013448,-0.92349,0.017202
-0.036861,0.53117,0.056994,0.013221,0.36736,0.051932,-0.13461,0.24833,-0.034482,0.1876,0.18506,0.058654,-0.29527,0.059377,0.063433,0.27667,-0.02169,0.078574,-0.51706,-0.039506,0.065753,0.47907,-0.031615,0.037515,-0.01141,0.0024346,0.049751,0,-0.06229,0,-0.077906,-0.1327,-0.030279,0.072786,-0.14141,0.007529,-0.087599,-0.58864,-0.097128,0.068425,-0.60161,-0.075351,-0.047754,-0.99161,0.023453,0.01465,-0.99227,0.037511
-0.0099949,0.4745,0.062199,0.00013065,0.30152,0.044323,-0.13576,0.23825,-0.029021,0.17675,0.16977,0.042569,-0.29219,0.033575,0.047283,0.28731,-0.040571,0.067663,-0.50965,-0.029442,0.031519,0.47299,-0.0065363,-0.024021,-0.011044,-0.023264,0.049411,0,-0.080476,0,-0.076333,-0.14983,-0.034485,0.074078,-0.16043,0.012488,-0.087093,-0.59612,-0.09431,0.067634,-0.60787,-0.074968,-0.051496,-0.98747,0.022303,0.018444,-0.99688,0.040915
0.0036586,0.46584,0.063854,0.00075544,0.29256,0.045768,-0.14997,0.19055,-0.000778,0.17206,0.15443,0.042912,-0.30349,-0.029781,0.041436,0.30231,-0.035783,0.03149,-0.5001,-0.0090786,-0.024064,0.47255,0.036731,-0.068616,-0.0067437,-0.048986,0.05063,0,-0.1103,0,-0.073212,-0.17802,-0.025115,0.073403,-0.18644,0.003918,-0.083022,-0.604,-0.092563,0.070748,-0.61445,-0.073357,-0.049578,-0.98702,0.023189,0.022975,-0.99729,0.042328
0.0049956,0.46745,0.073692,-0.00038699,0.29341,0.046415,-0.15719,0.17998,0.004539,0.16761,0.17272,0.036097,-0.30359,-0.028586,0.031833,0.27962,-0.021209,0.014698,-0.4729,0.0078997,-0.095929,0.4338,0.05879,-0.10621,-0.0044812,-0.049128,0.051028,0,-0.11032,0,-0.073172,-0.17891,-0.024791,0.073834,-0.18622,0.002828,-0.087957,-0.61546,-0.091443,0.069879,-0.61691,-0.072453,-0.048902,-0.98802,0.023736,0.023429,-0.99803,0.043
-0.0025362,0.53126,0.096479,0.00030782,0.35737,0.072517,-0.17649,0.22006,0.042611,0.1684,0.23786,0.053076,-0.27287,0.013237,0.025493,0.2463,0.0011355,-0.003536,-0.44337,0.018284,-0.10028,0.4183,0.054863,-0.11323,-0.00084951,0.0020687,0.055111,0,-0.057747,0,-0.0772,-0.13772,-0.021347,0.077758,-0.13424,-0.009629,-0.086277,-0.61451,-0.076809,0.070128,-0.61767,-0.054766,-0.043833,-0.99304,0.050873,0.026639,-0.99803,0.050965
0.00089419,0.59223,0.10446,-0.0036754,0.41964,0.091898,-0.17099,0.28389,0.038075,0.16802,0.29857,0.056295,-0.28304,0.067206,0.034395,0.23604,0.07783,-0.006755,-0.43256,0.013254,-0.10721,0.39595,0.049537,-0.14399,-0.0025433,0.06456,0.057892,0,0.0073231,0,-0.07383,-0.065339,-0.024876,0.075155,-0.06859,-0.012836,-0.084866,-0.59999,-0.037475,0.06802,-0.611,-0.026291,-0.05217,-0.98515,0.034857,0.023905,-0.99702,0.049644
-0.0042563,0.63721,0.11549,-0.001262,0.46416,0.099937,-0.16854,0.31207,0.038687,0.16959,0.32934,0.06086,-0.27961,0.11306,0.029022,0.25017,0.14047,0.029712,-0.41939,0.0039704,-0.085833,0.35198,0.038271,-0.12814,-0.0027794,0.084432,0.058786,0,0.023654,0,-0.074129,-0.051262,-0.024926,0.074552,-0.048564,-0.013562,-0.079493,-0.59753,-0.031899,0.063647,-0.60615,-0.013931,-0.05009,-0.98488,0.035428,0.02408,-0.99836,0.046169
-0.012655,0.66837,0.10198,0.0028752,0.45807,0.093321,-0.16063,0.34263,0.026434,0.16635,0.38488,0.056126,-0.27789,0.1196,0.03213,0.21824,0.15641,0.046447,-0.41053,-0.023705,-0.04173,0.33132,0.032068,-0.082995,-0.0014886,0.10459,0.057667,0,0.054999,0,-0.072888,-0.018596,-0.027723,0.071428,-0.014456,-0.008801,-0.067504,-0.58045,-0.027664,0.031687,-0.57479,-0.003679,-0.037419,-0.98192,0.043595,0.026223,-0.99877,0.056772
-0.0094059,0.70015,0.10429,0.0038966,0.52848,0.09497,-0.14285,0.39703,0.019615,0.17068,0.39027,0.05293,-0.26616,0.15296,0.037778,0.23437,0.15579,0.044537,-0.39773,-0.027073,0.010351,0.32323,-0.00289,-0.062,-0.0043906,0.16613,0.05833,0,0.10745,0,-0.067967,0.04381,-0.01896,0.066723,0.036684,-0.01543,-0.064095,-0.49222,-0.058073,0.057155,-0.52047,-0.030029,-0.0066246,-0.90818,0.038464,0.033908,-0.91158,0.065306
-0.003863,0.7062,0.10166,0.007621,0.53455,0.093376,-0.14312,0.39694,0.01972,0.1647,0.40088,0.053458,-0.26924,0.15763,0.053687,0.23477,0.14841,0.045631,-0.39349,-0.018033,0.078082,0.32151,-0.03208,-0.009282,-0.0038514,0.16572,0.058648,0,0.10527,0,-0.069387,0.037812,-0.020578,0.066891,0.036265,-0.01448,-0.066834,-0.48642,-0.058818,0.063156,-0.50271,-0.031036,-0.052091,-0.84193,0.03307,0.033858,-0.88218,0.066004
-0.0061144,0.71156,0.095795,0.0061025,0.5356,0.090563,-0.14493,0.40716,0.01532,0.16912,0.40749,0.055525,-0.27585,0.18485,0.090893,0.23505,0.14023,0.060619,-0.38568,0.0046343,0.12476,0.3327,-0.045761,0.041593,-0.005247,0.18067,0.057508,0,0.12539,0,-0.068846,0.057636,-0.028157,0.067303,0.050686,-0.008418,-0.073302,-0.48523,-0.064567,0.063891,-0.49991,-0.034663,-0.04982,-0.87001,0.04563,0.028423,-0.8746,0.055726
-0.026592,0.71107,0.094322,0.0047762,0.53702,0.092268,-0.15191,0.40113,0.015249,0.15632,0.40774,0.053863,-0.27945,0.18042,0.098504,0.23692,0.14746,0.078492,-0.39792,0.0053253,0.1358,0.3352,-0.044546,0.063887,-0.0050524,0.16475,0.058369,0,0.097611,0,-0.070923,0.02461,-0.033992,0.067211,0.032517,-0.000458,-0.077329,-0.49418,-0.063444,0.059244,-0.50734,-0.032827,-0.043967,-0.90126,0.018232,0.033673,-0.8682,0.063773
-0.033205,0.70599,0.093715,0.0014603,0.53392,0.088934,-0.15754,0.39377,0.011079,0.15372,0.40725,0.054891,-0.28081,0.17568,0.10429,0.23497,0.14876,0.087515,-0.43127,0.003058,0.13936,0.3434,-0.029325,0.072413,-0.0058052,0.14907,0.057155,0,0.083481,0,-0.070874,0.006191,-0.031862,0.070192,0.017143,0.000309,-0.087075,-0.49114,-0.069639,0.092127,-0.51206,-0.004349,-0.054501,-0.91315,0.01496,0.031239,-0.93379,0.068629
-0.016462,0.68189,0.092827,0.0021957,0.48539,0.073572,-0.13978,0.35506,-0.020659,0.16067,0.37343,0.047426,-0.27788,0.15816,0.091749,0.2469,0.11917,0.090618,-0.47595,-0.0049913,0.13949,0.39379,-0.02422,0.07597,-0.0093725,0.10708,0.054943,0,0.042414,0,-0.069939,-0.023859,-0.028491,0.069459,-0.022362,0.001169,-0.10349,-0.50369,-0.077297,0.064385,-0.50807,-0.039931,-0.065898,-0.92586,0.005003,0.010388,-0.93349,0.020295
-0.015762,0.64015,0.092024,-0.0052529,0.46644,0.068742,-0.15195,0.32527,-0.013289,0.15504,0.3184,0.054093,-0.29106,0.12385,0.091334,0.25325,0.070521,0.085211,-0.49309,0.0042957,0.070934,0.43083,-0.029429,0.052534,-0.010277,0.10329,0.054546,0,0.039798,0,-0.068594,-0.035869,-0.037174,0.071699,-0.035054,0.014227,-0.10089,-0.50402,-0.080099,0.063876,-0.50829,-0.043358,-0.07574,-0.92787,-0.000863,0.0065748,-0.933,0.018154
-0.024293,0.57102,0.094442,0.0012304,0.39878,0.07017,-0.14174,0.27348,-0.030099,0.15599,0.24539,0.047782,-0.28808,0.080668,0.079662,0.27308,-0.0013649,0.069259,-0.48486,0.0069519,0.022891,0.46842,0.009488,-0.004037,-0.012241,0.015023,0.053726,0,-0.051915,0,-0.072997,-0.11959,-0.029767,0.072627,-0.12008,0.004771,-0.10017,-0.60799,-0.077492,0.055289,-0.5333,-0.04782,-0.071404,-0.98948,0.017537,0.0053303,-0.95769,0.019821
-0.042482,0.52629,0.092332,-0.011166,0.35469,0.063479,-0.14785,0.22332,-0.029991,0.16542,0.17962,0.055215,-0.31849,0.03038,0.047104,0.27087,-0.016917,0.056674,-0.50962,0.010928,-0.036643,0.44862,0.032956,-0.044752,-0.014224,0.0084648,0.053294,0,-0.054786,0,-0.071508,-0.12242,-0.027242,0.070539,-0.12733,0.0026,-0.102,-0.61485,-0.077877,0.053373,-0.54022,-0.053006,-0.087785,-1.0021,0.026716,0.0079905,-0.96423,0.018868
0.018364,0.48228,0.079346,-0.0086436,0.31056,0.058706,-0.14368,0.19168,-0.02129,0.16901,0.17703,0.050553,-0.32729,0.0024685,0.03893,0.28151,-0.021361,0.023586,-0.48329,0.036564,-0.10209,0.43314,0.050661,-0.1072,-0.012211,-0.05278,0.05239,0,-0.11554,0,-0.071289,-0.18067,-0.025197,0.074192,-0.19026,0.001537,-0.099172,-0.62243,-0.082894,0.058124,-0.63019,-0.053773,-0.082172,-1.0035,0.020442,0.0076949,-1.0034,0.032219
0.018853,0.4842,0.083083,-0.005119,0.3117,0.058937,-0.16196,0.20871,0.021555,0.17127,0.18525,0.048326,-0.2766,-0.024859,0.035567,0.28139,-0.012914,0.01049,-0.42358,0.025175,-0.11078,0.42474,0.060782,-0.12865,-0.0047914,-0.042614,0.053674,0,-0.10244,0,-0.072214,-0.17231,-0.02654,0.075086,-0.18068,0.000715,-0.097395,-0.62315,-0.077992,0.062125,-0.62742,-0.051226,-0.078833,-1.0032,0.020407,0.011877,-1.0019,0.033745
0.0021463,0.55302,0.093375,0.0027404,0.37396,0.07208,-0.16406,0.24019,0.021349,0.16598,0.25891,0.032377,-0.26362,0.043619,0.031198,0.22132,0.0095218,-0.018339,-0.40274,0.017326,-0.12957,0.39053,0.036208,-0.14338,-0.0005562,0.01543,0.055593,0,-0.045063,0,-0.074629,-0.11855,-0.025149,0.073665,-0.11903,-0.004711,-0.087865,-0.62338,-0.063712,0.060533,-0.6179,-0.043598,-0.071089,-1.0021,0.00977,0.0091113,-1.0029,0.03693
0.0075241,0.61401,0.098397,0.0033711,0.43997,0.075174,-0.1672,0.30826,0.027086,0.17399,0.31371,0.052757,-0.26222,0.093858,0.019864,0.21214,0.095321,0.024154,-0.39248,0.006069,-0.12433,0.35489,0.030732,-0.12052,-0.0027521,0.07539,0.055989,0,0.01385,0,-0.075831,-0.060656,-0.023152,0.074635,-0.062832,-0.008049,-0.083184,-0.61887,-0.043303,0.039221,-0.61312,-0.013085,-0.074592,-1.0011,0.00234,0.001212,-1.0039,0.04224
0.0047278,0.66389,0.088383,0.0070853,0.49206,0.082125,-0.14976,0.35793,0.012246,0.16405,0.3551,0.046755,-0.27501,0.11348,0.013336,0.21984,0.14451,0.029673,-0.39451,-0.01594,-0.10394,0.32029,0.017736,-0.10875,-0.0040017,0.10027,0.05683,0,0.033983,0,-0.071093,-0.030759,-0.024417,0.070831,-0.035793,-0.003912,-0.072657,-0.59292,-0.034702,0.033431,-0.59665,-0.007771,-0.074623,-0.99721,0.000504,-0.0059819,-1.0024,0.033866
0.010669,0.68157,0.081844,0.01044,0.50549,0.071737,-0.13737,0.37687,-0.000772,0.17163,0.37923,0.042366,-0.26729,0.13469,0.009811,0.22492,0.14685,0.02524,-0.39133,-0.026076,-0.029853,0.30275,-0.011116,-0.092148,-0.0044975,0.13655,0.054501,0,0.074427,0,-0.071218,0.0055505,-0.024699,0.068635,0.0046401,-0.001061,-0.066132,-0.54918,-0.0415,0.034787,-0.54303,-0.016006,-0.041626,-0.93489,0.016355,-0.012745,-0.95128,0.039399
0.011963,0.69982,0.075491,0.0029201,0.52624,0.068227,-0.13713,0.3932,-0.006414,0.16947,0.38901,0.041686,-0.27084,0.15492,0.014951,0.22014,0.14373,0.023465,-0.39732,-0.022494,0.020897,0.30495,-0.034015,-0.045655,-0.0069613,0.16694,0.054462,0,0.10526,0,-0.071029,0.036399,-0.034895,0.070559,0.032359,0.008165,-0.084718,-0.49142,-0.062979,0.043862,-0.49211,-0.033197,-0.060212,-0.87188,0.027499,0.001554,-0.87391,0.047799
0.011031,0.7084,0.071562,0.0058988,0.53529,0.071386,-0.14186,0.41103,-0.008165,0.17338,0.41105,0.058843,-0.27038,0.17263,0.025806,0.22559,0.13985,0.050536,-0.39909,-0.0090457,0.06358,0.31674,-0.040507,0.004028,-0.0088209,0.17549,0.054482,0,0.11421,0,-0.072509,0.042674,-0.036838,0.070309,0.038945,0.007855,-0.088425,-0.48878,-0.065983,0.04628,-0.48728,-0.034017,-0.065985,-0.86843,0.026458,-0.0009136,-0.86831,0.044767
0.012051,0.71112,0.068902,0.0053795,0.53652,0.07121,-0.14293,0.41565,-0.009718,0.17196,0.4115,0.057132,-0.27087,0.18523,0.051208,0.22548,0.14141,0.064304,-0.40648,0.0028472,0.081464,0.32752,-0.036043,0.042211,-0.0089609,0.17757,0.0545,0,0.11648,0,-0.072454,0.044629,-0.037741,0.070387,0.041539,0.008647,-0.091461,-0.49127,-0.064655,0.04342,-0.49789,-0.025678,-0.06696,-0.87878,0.018984,-0.0017099,-0.86387,0.040955
0.012357,0.71125,0.06496,0.006508,0.53462,0.071314,-0.14378,0.41591,-0.012536,0.17036,0.41058,0.062739,-0.27967,0.20026,0.071538,0.22521,0.14217,0.077225,-0.42505,0.014801,0.096251,0.34742,-0.022355,0.063805,-0.0099579,0.17671,0.0543,0,0.11574,0,-0.072289,0.043885,-0.03889,0.069912,0.041018,0.010125,-0.088868,-0.51826,-0.055124,0.032369,-0.5198,-0.021709,-0.075268,-0.93178,0.000848,0.005744,-0.86985,0.042462
0.025333,0.69872,0.057983,0.0054136,0.52881,0.067589,-0.12705,0.42133,-0.013586,0.17482,0.39154,0.066054,-0.27175,0.20884,0.065378,0.24081,0.12689,0.0912,-0.46756,0.022198,0.11371,0.37995,-0.023622,0.079816,-0.011839,0.16648,0.053206,0,0.10363,0,-0.069187,0.035977,-0.036732,0.068011,0.031804,0.008968,-0.081054,-0.52636,-0.051619,0.046254,-0.53008,-0.017565,-0.068989,-0.98529,0.017884,0.013298,-0.92285,0.04433
-0.024043,0.65434,0.038597,0.0061477,0.49468,0.065293,-0.1373,0.4257,0.00329,0.18283,0.33601,0.061788,-0.27488,0.20085,0.0645,0.25078,0.10342,0.085868,-0.48,0.029497,0.088667,0.42577,-0.0033273,0.076416,-0.0097863,0.15001,0.053665,0,0.090427,0,-0.072263,0.018334,-0.037524,0.068856,0.0013241,0.013215,-0.079788,-0.54411,-0.05689,0.045991,-0.56021,-0.023999,-0.064439,-0.98861,0.026771,0.019163,-0.93245,0.041575
0.013966,0.59902,0.042716,0.019303,0.43014,0.04993,-0.14855,0.30946,-0.02862,0.17308,0.25916,0.050299,-0.31525,0.12026,0.061884,0.26152,0.051368,0.069448,-0.51043,0.04349,0.010499,0.4608,0.011115,0.030172,-0.008873,0.08322,0.050936,0,0.021475,0,-0.075433,-0.059343,-0.055248,0.067557,-0.064461,0.029664,-0.096693,-0.60516,-0.069635,0.034666,-0.60936,-0.038212,-0.077427,-1.0028,0.03518,0.017485,-0.94306,0.031736
-0.012159,0.53956,0.044738,0.043956,0.35559,0.0532,-0.14338,0.26329,-0.027742,0.17957,0.20271,0.065093,-0.32303,0.074737,0.042751,0.27715,-0.0046467,0.054269,-0.52135,0.064945,-0.039562,0.46611,0.045774,-0.020116,-0.008367,0.056197,0.051595,0,0.0042029,0,-0.076213,-0.073908,-0.050767,0.059897,-0.081537,0.023992,-0.10929,-0.61367,-0.082382,0.043678,-0.5953,-0.048938,-0.084617,-0.98579,0.023253,-0.0024645,-0.97128,0.051687
0.0065952,0.50456,0.064017,0.018318,0.33151,0.048444,-0.1221,0.25023,-0.033604,0.1842,0.17475,0.055489,-0.30172,0.051565,0.013717,0.28769,-0.013593,0.045274,-0.4876,0.069306,-0.083826,0.47241,0.0076727,-0.053971,-0.011887,-0.022311,0.050035,0,-0.085554,0,-0.072148,-0.15222,-0.035277,0.066871,-0.16244,0.014175,-0.10358,-0.62036,-0.084558,0.055033,-0.6283,-0.052525,-0.07597,-1.0035,0.04234,0.005334,-1.0071,0.069048
0.019274,0.46518,0.06114,0.010098,0.29377,0.056601,-0.1308,0.20693,-0.008051,0.18213,0.1746,0.052292,-0.3304,0.019989,0.013698,0.27588,-0.021033,0.033296,-0.48649,0.079757,-0.11789,0.45643,0.01843,-0.068365,-0.0073946,-0.033877,0.051929,0,-0.092167,0,-0.073101,-0.16045,-0.033036,0.069408,-0.16933,0.011316,-0.10467,-0.62101,-0.087444,0.062688,-0.60326,-0.052468,-0.07666,-0.99728,0.039222,0.011154,-0.99332,0.062883
0.018943,0.46615,0.05902,0.0084699,0.2952,0.056313,-0.14829,0.2,-0.001392,0.17697,0.18618,0.051682,-0.33551,0.015175,-0.009608,0.27343,-0.012816,0.020631,-0.44355,0.095892,-0.17687,0.41132,0.056735,-0.12706,-0.0059746,-0.035538,0.052297,0,-0.093922,0,-0.073927,-0.16495,-0.030455,0.070313,-0.17081,0.009588,-0.10436,-0.62559,-0.083948,0.060015,-0.61688,-0.052123,-0.076401,-0.99399,0.037211,0.0085774,-0.99425,0.061848
0.010351,0.52168,0.046882,0.0086632,0.35279,0.062465,-0.16288,0.21856,0.01037,0.17307,0.23834,0.047922,-0.2987,0.05486,0.009527,0.21599,0.0028678,0.024318,-0.41278,0.062572,-0.17347,0.37029,0.040967,-0.11803,-0.0030941,-0.0088148,0.053823,0,-0.070562,0,-0.077082,-0.14633,-0.026564,0.074448,-0.14619,0.000448,-0.097732,-0.62021,-0.061071,0.057816,-0.62585,-0.03573,-0.079347,-0.99337,0.03298,0.0011899,-1.0016,0.059475
